1000 4969
1 133 1
1 223 1
1 341 1
1 526 1
1 552 1
1 639 1
1 670 1
1 676 1
1 691 1
1 872 1
1 876 1
1 958 1
2 197 1
2 202 1
2 214 1
2 223 1
2 418 1
2 613 1
2 685 1
2 692 1
2 726 1
2 911 1
2 944 1
2 970 1
3 127 1
3 148 1
3 149 1
3 198 1
3 450 1
3 461 1
3 638 1
3 682 1
3 683 1
3 708 1
3 766 1
3 944 1
4 30 1
4 52 1
4 76 1
4 498 1
4 755 1
4 929 1
5 13 1
5 86 1
5 91 1
5 213 1
5 219 1
5 272 1
5 593 1
5 844 1
5 922 1
5 952 1
6 35 1
6 202 1
6 299 1
6 423 1
6 611 1
6 985 1
7 36 1
7 250 1
7 292 1
7 398 1
7 459 1
7 672 1
7 693 1
7 724 1
7 755 1
7 789 1
7 900 1
8 179 1
8 255 1
8 299 1
8 327 1
8 700 1
8 736 1
8 835 1
8 934 1
9 12 1
9 165 1
9 249 1
9 398 1
9 476 1
9 512 1
9 610 1
9 617 1
9 673 1
9 708 1
9 864 1
9 953 1
10 34 1
10 131 1
10 215 1
10 351 1
10 384 1
10 505 1
10 537 1
10 624 1
10 635 1
10 907 1
11 78 1
11 199 1
11 315 1
11 351 1
11 444 1
11 467 1
11 596 1
11 614 1
11 618 1
11 760 1
11 803 1
11 942 1
11 990 1
12 71 1
12 213 1
12 323 1
12 410 1
12 485 1
12 488 1
12 494 1
12 536 1
12 589 1
12 700 1
12 916 1
13 93 1
13 290 1
13 300 1
13 449 1
13 522 1
13 575 1
13 878 1
13 987 1
14 209 1
14 376 1
14 496 1
14 527 1
14 611 1
14 641 1
14 768 1
14 842 1
14 918 1
15 40 1
15 196 1
15 403 1
15 465 1
15 611 1
15 625 1
15 845 1
15 886 1
15 949 1
16 58 1
16 87 1
16 399 1
16 410 1
16 461 1
16 477 1
16 520 1
16 716 1
16 780 1
16 838 1
16 983 1
17 81 1
17 121 1
17 281 1
17 337 1
17 366 1
17 494 1
17 687 1
17 804 1
17 905 1
17 910 1
17 932 1
18 23 1
18 26 1
18 100 1
18 120 1
18 143 1
18 294 1
18 329 1
18 339 1
18 359 1
18 479 1
18 552 1
18 557 1
18 652 1
18 688 1
18 729 1
18 772 1
18 839 1
19 26 1
19 374 1
19 416 1
19 577 1
19 738 1
19 921 1
19 938 1
19 980 1
19 984 1
20 44 1
20 302 1
20 379 1
20 400 1
20 410 1
20 462 1
20 639 1
20 726 1
20 760 1
21 60 1
21 78 1
21 104 1
21 208 1
21 215 1
21 224 1
21 426 1
21 728 1
21 884 1
22 150 1
22 333 1
22 362 1
22 365 1
22 454 1
22 541 1
22 730 1
22 884 1
23 35 1
23 182 1
23 285 1
23 599 1
23 605 1
23 627 1
23 727 1
23 747 1
23 813 1
23 843 1
24 128 1
24 357 1
24 464 1
24 691 1
24 977 1
25 47 1
25 134 1
25 151 1
25 383 1
25 512 1
25 575 1
25 577 1
25 816 1
25 935 1
26 66 1
26 163 1
26 272 1
26 277 1
26 321 1
26 497 1
26 554 1
26 592 1
26 698 1
26 800 1
26 910 1
26 924 1
27 67 1
27 175 1
27 222 1
27 262 1
27 278 1
27 303 1
27 311 1
27 448 1
27 466 1
27 482 1
27 492 1
27 578 1
27 740 1
27 841 1
28 46 1
28 69 1
28 129 1
28 190 1
28 275 1
28 405 1
28 474 1
28 524 1
28 600 1
28 608 1
28 661 1
28 671 1
28 673 1
28 861 1
29 51 1
29 81 1
29 126 1
29 564 1
29 584 1
29 621 1
29 731 1
29 974 1
29 985 1
30 119 1
30 195 1
30 196 1
30 212 1
30 314 1
30 359 1
30 363 1
30 385 1
30 405 1
30 680 1
30 690 1
30 732 1
30 806 1
30 824 1
30 827 1
30 870 1
31 44 1
31 82 1
31 338 1
31 397 1
31 406 1
31 433 1
31 449 1
31 527 1
31 574 1
31 771 1
32 172 1
32 349 1
32 442 1
32 548 1
32 607 1
32 618 1
32 640 1
33 575 1
33 632 1
33 634 1
33 724 1
33 837 1
33 954 1
33 964 1
34 128 1
34 179 1
34 253 1
34 544 1
34 592 1
34 743 1
34 746 1
34 754 1
34 791 1
34 906 1
35 178 1
35 313 1
35 359 1
35 472 1
35 524 1
35 561 1
35 700 1
35 718 1
35 897 1
36 65 1
36 412 1
36 577 1
36 644 1
36 688 1
36 792 1
36 822 1
36 833 1
36 836 1
36 925 1
36 967 1
37 181 1
37 362 1
37 389 1
37 445 1
37 726 1
37 983 1
37 986 1
38 75 1
38 132 1
38 259 1
38 283 1
38 287 1
38 292 1
38 340 1
38 668 1
38 684 1
38 718 1
38 789 1
38 874 1
39 102 1
39 107 1
39 112 1
39 335 1
39 472 1
39 834 1
39 845 1
40 124 1
40 138 1
40 156 1
40 160 1
40 169 1
40 241 1
40 651 1
40 685 1
40 755 1
40 811 1
41 137 1
41 240 1
41 324 1
41 426 1
41 572 1
41 585 1
41 600 1
41 915 1
41 941 1
42 57 1
42 79 1
42 194 1
42 430 1
42 926 1
42 996 1
42 1000 1
43 145 1
43 271 1
43 274 1
43 620 1
43 834 1
43 857 1
43 943 1
43 945 1
44 76 1
44 109 1
44 167 1
44 508 1
44 652 1
44 682 1
44 854 1
44 903 1
44 979 1
45 50 1
45 77 1
45 106 1
45 166 1
45 254 1
45 383 1
45 641 1
45 689 1
45 742 1
45 764 1
45 902 1
45 919 1
46 54 1
46 174 1
46 225 1
46 291 1
46 323 1
46 421 1
46 447 1
46 471 1
46 584 1
46 754 1
47 73 1
47 266 1
47 604 1
47 626 1
47 679 1
47 798 1
48 58 1
48 345 1
48 565 1
48 572 1
48 654 1
48 692 1
48 889 1
49 122 1
49 172 1
49 179 1
49 364 1
49 485 1
49 680 1
49 687 1
49 711 1
49 785 1
49 789 1
49 837 1
49 978 1
50 195 1
50 241 1
50 365 1
50 657 1
50 714 1
50 789 1
50 955 1
50 976 1
51 263 1
51 268 1
51 371 1
51 564 1
51 836 1
51 969 1
52 70 1
52 270 1
52 403 1
52 419 1
52 597 1
52 788 1
52 829 1
53 77 1
53 150 1
53 227 1
53 364 1
53 384 1
53 568 1
53 655 1
53 674 1
53 716 1
53 907 1
54 60 1
54 527 1
54 573 1
54 673 1
54 724 1
54 789 1
54 899 1
54 922 1
54 929 1
55 115 1
55 162 1
55 299 1
55 479 1
55 545 1
55 713 1
55 750 1
55 813 1
55 932 1
56 112 1
56 178 1
56 294 1
56 327 1
56 495 1
56 570 1
56 592 1
56 968 1
57 232 1
57 383 1
57 555 1
57 630 1
57 634 1
57 658 1
57 684 1
57 926 1
57 979 1
58 71 1
58 131 1
58 178 1
58 273 1
58 353 1
58 430 1
58 471 1
58 589 1
58 598 1
58 801 1
58 843 1
58 916 1
58 967 1
59 229 1
59 353 1
59 362 1
59 377 1
59 482 1
59 618 1
59 788 1
60 278 1
60 307 1
60 328 1
60 412 1
60 511 1
60 571 1
60 798 1
60 845 1
61 245 1
61 268 1
61 419 1
61 471 1
61 483 1
61 608 1
61 617 1
61 671 1
61 787 1
61 982 1
61 986 1
62 75 1
62 90 1
62 191 1
62 249 1
62 309 1
62 332 1
62 342 1
62 403 1
62 555 1
62 688 1
62 740 1
62 836 1
62 878 1
62 909 1
62 963 1
63 123 1
63 256 1
63 274 1
63 313 1
63 355 1
63 540 1
63 554 1
63 625 1
63 636 1
63 810 1
63 896 1
63 897 1
63 961 1
64 67 1
64 77 1
64 100 1
64 134 1
64 320 1
64 388 1
64 749 1
64 840 1
64 924 1
64 982 1
65 91 1
65 303 1
65 376 1
65 433 1
65 508 1
65 522 1
65 558 1
65 562 1
65 635 1
65 651 1
65 699 1
65 732 1
65 877 1
66 351 1
66 561 1
66 776 1
66 799 1
66 903 1
66 966 1
66 999 1
67 306 1
67 484 1
67 539 1
68 125 1
68 192 1
68 521 1
68 608 1
68 866 1
68 931 1
68 1000 1
69 121 1
69 156 1
69 189 1
69 230 1
69 351 1
69 528 1
69 547 1
69 565 1
69 875 1
70 190 1
70 222 1
70 266 1
70 298 1
70 833 1
71 312 1
71 411 1
71 412 1
71 574 1
71 770 1
71 953 1
72 123 1
72 206 1
72 549 1
72 635 1
72 665 1
72 901 1
73 120 1
73 322 1
73 506 1
73 554 1
73 589 1
73 610 1
73 678 1
73 807 1
73 829 1
74 123 1
74 180 1
74 259 1
74 379 1
74 442 1
74 610 1
74 627 1
74 713 1
74 950 1
75 224 1
75 306 1
75 326 1
75 340 1
75 373 1
75 490 1
75 666 1
75 750 1
75 757 1
75 800 1
75 806 1
75 810 1
75 880 1
76 372 1
76 401 1
76 465 1
76 605 1
76 647 1
76 704 1
76 756 1
76 887 1
77 115 1
77 372 1
77 576 1
77 610 1
77 709 1
77 731 1
77 871 1
77 922 1
77 972 1
78 116 1
78 205 1
78 215 1
78 247 1
78 338 1
78 363 1
78 522 1
78 557 1
78 696 1
78 761 1
78 834 1
78 982 1
79 388 1
79 529 1
79 686 1
79 831 1
79 871 1
79 937 1
80 159 1
80 470 1
80 580 1
80 731 1
80 741 1
80 857 1
80 948 1
81 114 1
81 261 1
81 293 1
81 370 1
81 378 1
81 418 1
81 523 1
81 549 1
81 657 1
81 679 1
81 981 1
82 348 1
82 359 1
82 375 1
82 470 1
82 613 1
82 870 1
82 914 1
83 142 1
83 190 1
83 246 1
83 300 1
83 310 1
83 400 1
83 600 1
83 700 1
83 767 1
84 206 1
84 305 1
84 417 1
84 741 1
84 872 1
84 988 1
85 93 1
85 246 1
85 317 1
85 319 1
85 342 1
85 397 1
85 400 1
85 473 1
85 547 1
85 551 1
85 606 1
85 639 1
85 688 1
85 895 1
86 174 1
86 473 1
86 610 1
86 654 1
86 729 1
86 936 1
87 144 1
87 252 1
87 344 1
87 458 1
87 467 1
87 520 1
87 656 1
87 928 1
88 112 1
88 349 1
88 431 1
88 754 1
88 759 1
88 868 1
88 974 1
89 126 1
89 322 1
89 324 1
89 366 1
89 416 1
89 560 1
89 575 1
89 707 1
89 745 1
89 810 1
89 844 1
90 140 1
90 183 1
90 217 1
90 504 1
90 609 1
90 672 1
90 725 1
90 867 1
90 875 1
91 129 1
91 310 1
91 325 1
91 388 1
91 704 1
91 709 1
91 735 1
91 789 1
91 794 1
91 813 1
91 836 1
91 906 1
91 954 1
92 245 1
92 258 1
92 486 1
92 544 1
92 605 1
92 635 1
92 815 1
92 928 1
93 249 1
93 624 1
93 648 1
93 740 1
93 752 1
93 777 1
93 799 1
93 842 1
93 976 1
93 998 1
94 163 1
94 193 1
94 248 1
94 438 1
94 504 1
94 572 1
94 576 1
94 590 1
94 600 1
94 980 1
95 227 1
95 245 1
95 252 1
95 318 1
95 319 1
95 500 1
95 506 1
95 661 1
95 784 1
95 838 1
96 103 1
96 186 1
96 413 1
96 531 1
96 568 1
96 655 1
96 668 1
96 724 1
96 735 1
96 827 1
97 192 1
97 420 1
97 522 1
97 585 1
97 686 1
97 794 1
98 128 1
98 254 1
98 364 1
98 381 1
98 408 1
98 548 1
98 555 1
98 592 1
98 707 1
98 715 1
98 760 1
98 771 1
98 797 1
98 830 1
98 859 1
98 869 1
98 932 1
98 978 1
98 985 1
99 190 1
99 403 1
99 663 1
99 800 1
99 810 1
99 839 1
99 877 1
100 172 1
100 216 1
100 286 1
100 500 1
100 529 1
100 695 1
100 697 1
100 757 1
100 778 1
100 785 1
100 818 1
100 875 1
100 883 1
100 947 1
101 192 1
101 206 1
101 221 1
101 292 1
101 327 1
101 371 1
101 374 1
101 379 1
101 522 1
101 556 1
101 645 1
101 646 1
101 746 1
102 169 1
102 233 1
102 342 1
102 366 1
102 548 1
102 726 1
102 924 1
102 925 1
103 199 1
103 511 1
103 517 1
103 623 1
103 675 1
103 684 1
103 823 1
104 201 1
104 285 1
104 386 1
104 479 1
104 543 1
104 584 1
104 901 1
104 921 1
105 111 1
105 118 1
105 156 1
105 264 1
105 361 1
105 476 1
105 692 1
105 729 1
105 737 1
105 774 1
105 836 1
106 153 1
106 169 1
106 170 1
106 490 1
106 593 1
106 721 1
106 992 1
107 231 1
107 235 1
107 308 1
107 650 1
107 791 1
107 902 1
108 229 1
108 252 1
108 258 1
108 282 1
108 587 1
108 614 1
108 709 1
108 873 1
108 887 1
109 201 1
109 217 1
109 236 1
109 407 1
109 417 1
109 437 1
109 484 1
109 699 1
109 757 1
109 831 1
109 849 1
109 953 1
110 195 1
110 391 1
110 409 1
110 611 1
110 617 1
110 643 1
110 730 1
110 770 1
111 211 1
111 364 1
111 407 1
111 414 1
111 489 1
111 528 1
111 571 1
111 590 1
111 653 1
111 657 1
111 711 1
111 763 1
111 770 1
111 835 1
111 986 1
111 992 1
112 189 1
112 303 1
112 382 1
112 385 1
112 463 1
112 535 1
112 624 1
112 889 1
112 962 1
112 990 1
113 122 1
113 298 1
113 371 1
113 494 1
113 539 1
113 580 1
113 619 1
113 652 1
113 712 1
113 807 1
113 839 1
113 962 1
113 989 1
114 169 1
114 317 1
114 362 1
114 445 1
114 681 1
114 729 1
114 857 1
114 923 1
114 929 1
114 970 1
115 129 1
115 498 1
115 586 1
115 701 1
115 816 1
115 984 1
116 211 1
116 218 1
116 649 1
116 683 1
116 739 1
116 878 1
117 391 1
117 451 1
117 546 1
117 708 1
117 742 1
117 907 1
117 937 1
118 140 1
118 174 1
118 201 1
118 310 1
118 349 1
118 392 1
118 438 1
118 547 1
118 566 1
118 667 1
119 158 1
119 294 1
119 426 1
119 653 1
119 663 1
119 690 1
119 847 1
119 866 1
119 916 1
119 917 1
119 984 1
120 232 1
120 303 1
120 366 1
120 586 1
120 778 1
120 786 1
120 838 1
120 859 1
120 961 1
121 341 1
121 351 1
121 370 1
121 414 1
121 632 1
121 734 1
122 223 1
122 226 1
122 229 1
122 359 1
122 487 1
122 526 1
122 553 1
122 586 1
122 750 1
122 880 1
123 270 1
123 449 1
123 818 1
123 945 1
123 948 1
124 282 1
124 354 1
124 568 1
124 759 1
124 768 1
124 804 1
124 824 1
124 908 1
124 989 1
125 161 1
125 210 1
125 280 1
125 380 1
125 383 1
125 619 1
125 700 1
125 848 1
125 852 1
125 982 1
126 138 1
126 160 1
126 236 1
126 246 1
126 336 1
126 441 1
127 314 1
127 355 1
127 380 1
127 458 1
127 512 1
127 579 1
127 640 1
127 764 1
127 932 1
127 994 1
128 331 1
128 411 1
128 785 1
128 990 1
129 202 1
129 352 1
129 537 1
129 555 1
129 569 1
129 586 1
129 713 1
129 776 1
129 845 1
129 946 1
130 302 1
130 507 1
130 516 1
130 583 1
130 633 1
130 684 1
131 190 1
131 206 1
131 252 1
131 255 1
131 364 1
131 375 1
131 413 1
131 489 1
131 599 1
131 683 1
131 709 1
131 904 1
131 937 1
132 198 1
132 339 1
132 476 1
132 481 1
132 514 1
132 543 1
132 561 1
132 590 1
132 613 1
132 758 1
132 760 1
132 777 1
132 862 1
132 881 1
132 985 1
133 134 1
133 142 1
133 250 1
133 269 1
133 374 1
133 495 1
133 504 1
133 531 1
133 714 1
133 724 1
133 758 1
133 805 1
133 931 1
133 972 1
134 568 1
134 592 1
134 601 1
134 712 1
134 723 1
134 728 1
134 745 1
134 938 1
135 310 1
135 350 1
135 429 1
135 451 1
135 454 1
135 467 1
135 510 1
135 523 1
135 605 1
136 151 1
136 169 1
136 207 1
136 210 1
136 283 1
136 324 1
136 498 1
136 556 1
136 590 1
136 600 1
136 727 1
136 803 1
136 951 1
136 978 1
137 228 1
137 236 1
137 311 1
137 321 1
137 327 1
137 358 1
137 473 1
137 492 1
137 516 1
137 767 1
137 818 1
137 880 1
138 164 1
138 228 1
138 247 1
138 306 1
138 344 1
138 397 1
138 458 1
138 501 1
138 639 1
138 642 1
138 751 1
138 898 1
138 940 1
138 960 1
139 836 1
139 947 1
139 949 1
140 158 1
140 258 1
140 429 1
140 619 1
140 753 1
140 789 1
140 817 1
141 168 1
141 562 1
141 564 1
141 732 1
141 856 1
141 906 1
141 1000 1
142 268 1
142 286 1
142 499 1
142 514 1
142 890 1
142 909 1
143 254 1
143 524 1
143 567 1
143 609 1
143 805 1
143 960 1
143 986 1
144 384 1
144 418 1
144 457 1
144 483 1
144 696 1
144 780 1
144 791 1
144 854 1
144 886 1
144 962 1
145 253 1
145 429 1
145 504 1
145 539 1
145 555 1
145 565 1
145 620 1
145 622 1
145 774 1
145 843 1
145 926 1
146 210 1
146 211 1
146 225 1
146 247 1
146 250 1
146 291 1
146 598 1
146 613 1
146 627 1
146 637 1
146 655 1
146 660 1
146 785 1
146 963 1
147 300 1
147 414 1
147 556 1
147 613 1
147 721 1
147 777 1
148 183 1
148 212 1
148 512 1
148 631 1
148 794 1
148 836 1
148 837 1
148 885 1
148 910 1
148 962 1
148 985 1
149 223 1
149 422 1
149 426 1
149 643 1
149 660 1
149 683 1
149 819 1
150 275 1
150 364 1
150 390 1
150 406 1
150 419 1
150 520 1
150 540 1
151 307 1
151 354 1
151 359 1
151 508 1
151 749 1
151 827 1
151 832 1
151 986 1
152 190 1
152 275 1
152 407 1
152 487 1
152 541 1
152 637 1
152 769 1
152 814 1
152 973 1
152 983 1
153 300 1
153 393 1
153 444 1
153 562 1
153 791 1
153 922 1
153 959 1
154 176 1
154 233 1
154 246 1
154 379 1
154 502 1
154 516 1
154 601 1
154 915 1
154 935 1
155 240 1
155 289 1
155 323 1
155 401 1
155 424 1
155 443 1
155 463 1
155 558 1
155 589 1
155 689 1
155 877 1
155 917 1
156 158 1
156 179 1
156 236 1
156 319 1
156 384 1
156 406 1
156 459 1
156 528 1
156 701 1
156 752 1
156 782 1
156 807 1
156 963 1
156 981 1
156 982 1
157 198 1
157 209 1
157 299 1
157 464 1
157 645 1
157 737 1
157 827 1
157 864 1
158 180 1
158 231 1
158 579 1
158 605 1
158 736 1
158 761 1
158 952 1
159 330 1
159 378 1
159 647 1
159 749 1
159 854 1
159 978 1
160 198 1
160 350 1
160 365 1
160 419 1
160 634 1
160 673 1
160 737 1
160 767 1
160 998 1
161 202 1
161 225 1
161 310 1
161 727 1
161 839 1
162 176 1
162 326 1
162 376 1
162 663 1
162 671 1
162 712 1
162 961 1
163 225 1
163 226 1
163 408 1
163 435 1
163 530 1
163 652 1
163 751 1
163 754 1
163 882 1
164 197 1
164 269 1
164 270 1
164 335 1
164 760 1
164 985 1
165 257 1
165 421 1
165 504 1
165 853 1
165 943 1
165 955 1
166 581 1
166 742 1
166 746 1
166 800 1
166 839 1
167 215 1
167 348 1
167 362 1
167 460 1
167 570 1
167 755 1
167 885 1
167 979 1
168 172 1
168 184 1
168 196 1
168 266 1
168 360 1
168 423 1
168 469 1
168 642 1
168 741 1
168 881 1
168 938 1
168 952 1
169 371 1
169 375 1
169 427 1
169 437 1
169 505 1
169 777 1
169 793 1
169 860 1
169 886 1
169 898 1
169 910 1
170 202 1
170 249 1
170 281 1
170 392 1
170 399 1
170 556 1
170 586 1
170 708 1
170 902 1
171 238 1
171 259 1
171 318 1
171 365 1
171 390 1
171 654 1
171 799 1
171 994 1
172 215 1
172 272 1
172 274 1
172 350 1
172 426 1
172 479 1
172 527 1
172 963 1
173 276 1
173 304 1
173 376 1
173 449 1
173 530 1
173 545 1
173 617 1
173 853 1
173 982 1
173 990 1
174 449 1
174 507 1
174 535 1
174 618 1
174 684 1
174 690 1
174 732 1
174 793 1
174 800 1
175 212 1
175 609 1
175 688 1
175 737 1
175 793 1
175 986 1
175 999 1
176 285 1
176 594 1
176 685 1
176 810 1
176 903 1
177 230 1
177 350 1
177 384 1
177 487 1
177 541 1
177 569 1
177 969 1
178 270 1
178 703 1
178 760 1
178 822 1
179 324 1
179 434 1
179 664 1
179 801 1
179 826 1
179 895 1
179 954 1
180 246 1
180 353 1
180 397 1
180 464 1
180 471 1
180 480 1
180 513 1
180 602 1
180 624 1
180 749 1
180 903 1
180 983 1
181 219 1
181 245 1
181 354 1
181 408 1
181 506 1
181 682 1
181 807 1
181 811 1
181 826 1
181 847 1
181 926 1
181 984 1
182 393 1
182 490 1
182 515 1
182 671 1
182 676 1
182 686 1
182 688 1
182 768 1
182 961 1
183 273 1
183 429 1
183 512 1
183 660 1
183 818 1
183 848 1
184 289 1
184 360 1
184 432 1
184 521 1
184 695 1
184 772 1
184 784 1
184 916 1
184 946 1
184 971 1
185 199 1
185 208 1
185 221 1
185 482 1
185 548 1
185 558 1
185 613 1
185 686 1
185 972 1
186 292 1
186 358 1
186 410 1
186 445 1
186 486 1
186 511 1
186 537 1
186 668 1
186 818 1
186 830 1
186 860 1
186 862 1
186 920 1
186 932 1
186 997 1
187 214 1
187 466 1
187 534 1
187 702 1
187 823 1
187 916 1
188 248 1
188 330 1
188 347 1
188 497 1
188 581 1
188 592 1
188 740 1
188 855 1
188 983 1
189 206 1
189 326 1
189 480 1
189 558 1
189 654 1
189 802 1
189 861 1
189 963 1
189 981 1
190 276 1
190 543 1
190 626 1
190 646 1
191 365 1
191 516 1
191 528 1
191 669 1
191 685 1
191 946 1
191 994 1
192 195 1
192 304 1
192 396 1
192 581 1
192 859 1
193 245 1
193 446 1
193 612 1
193 705 1
193 764 1
193 939 1
194 262 1
194 306 1
194 333 1
194 381 1
194 748 1
194 852 1
194 866 1
194 946 1
195 206 1
195 231 1
195 357 1
195 365 1
195 559 1
195 642 1
195 674 1
195 815 1
195 861 1
195 917 1
195 922 1
195 962 1
195 974 1
195 991 1
196 402 1
196 458 1
196 639 1
196 826 1
196 855 1
196 870 1
197 333 1
197 340 1
197 372 1
197 578 1
197 641 1
197 716 1
197 744 1
197 787 1
198 300 1
198 344 1
198 452 1
198 503 1
198 616 1
198 643 1
198 703 1
198 987 1
199 280 1
199 320 1
199 425 1
199 735 1
199 753 1
199 886 1
199 919 1
200 429 1
200 448 1
200 577 1
200 660 1
200 679 1
200 805 1
200 815 1
200 819 1
201 250 1
201 283 1
201 300 1
201 394 1
201 398 1
201 758 1
201 941 1
201 972 1
202 339 1
202 498 1
202 694 1
202 823 1
202 825 1
202 918 1
203 246 1
203 295 1
203 349 1
203 440 1
203 446 1
203 472 1
203 746 1
203 834 1
203 937 1
204 506 1
204 509 1
204 651 1
204 696 1
204 776 1
204 848 1
205 525 1
205 552 1
205 609 1
205 680 1
205 700 1
205 709 1
205 774 1
205 788 1
205 861 1
205 901 1
205 911 1
205 949 1
206 207 1
206 269 1
206 338 1
206 353 1
206 535 1
206 593 1
206 688 1
206 710 1
206 715 1
206 996 1
207 224 1
207 246 1
207 367 1
207 475 1
207 581 1
207 626 1
207 654 1
207 722 1
207 783 1
207 887 1
207 953 1
207 955 1
207 963 1
208 370 1
208 600 1
208 700 1
208 738 1
208 797 1
208 854 1
208 899 1
208 970 1
209 628 1
209 742 1
209 814 1
209 904 1
209 915 1
210 235 1
210 278 1
210 403 1
210 417 1
210 433 1
210 568 1
210 657 1
210 681 1
210 716 1
210 949 1
210 958 1
210 969 1
210 996 1
211 218 1
211 243 1
211 386 1
211 581 1
211 605 1
211 685 1
211 698 1
211 723 1
211 870 1
211 879 1
211 958 1
212 294 1
212 407 1
212 599 1
212 683 1
213 335 1
213 338 1
213 533 1
213 540 1
213 547 1
213 587 1
213 622 1
213 837 1
213 981 1
214 263 1
214 526 1
214 587 1
214 656 1
214 781 1
214 986 1
215 237 1
215 331 1
215 431 1
215 435 1
215 800 1
215 801 1
215 865 1
216 256 1
216 299 1
216 375 1
216 426 1
216 577 1
216 642 1
216 748 1
216 890 1
217 257 1
217 407 1
217 411 1
217 436 1
217 609 1
217 638 1
217 749 1
217 760 1
217 853 1
217 881 1
217 904 1
217 959 1
218 221 1
218 255 1
218 564 1
218 803 1
218 957 1
219 489 1
219 493 1
219 514 1
219 730 1
219 889 1
219 903 1
219 957 1
220 279 1
220 336 1
220 536 1
220 601 1
220 669 1
220 882 1
220 886 1
220 909 1
221 256 1
221 452 1
221 489 1
221 551 1
221 583 1
221 623 1
221 678 1
221 712 1
221 738 1
221 825 1
222 473 1
222 493 1
222 504 1
222 594 1
222 704 1
222 788 1
222 868 1
222 872 1
222 982 1
223 492 1
223 540 1
223 651 1
223 704 1
223 850 1
223 918 1
224 421 1
224 491 1
224 541 1
224 611 1
224 736 1
224 803 1
224 836 1
224 856 1
225 253 1
225 376 1
225 451 1
225 603 1
225 753 1
225 968 1
226 285 1
226 288 1
226 408 1
226 421 1
226 486 1
226 665 1
226 861 1
226 954 1
227 681 1
227 727 1
227 743 1
228 419 1
228 429 1
228 470 1
228 487 1
228 516 1
228 700 1
229 242 1
229 400 1
229 500 1
229 594 1
229 915 1
229 916 1
229 979 1
230 480 1
230 508 1
230 537 1
230 539 1
230 541 1
230 836 1
230 944 1
231 235 1
231 247 1
231 340 1
231 372 1
231 553 1
231 579 1
231 625 1
231 669 1
231 680 1
231 808 1
231 822 1
231 855 1
231 930 1
231 937 1
231 956 1
232 255 1
232 381 1
232 426 1
232 487 1
232 506 1
232 655 1
232 703 1
232 757 1
233 258 1
233 546 1
233 638 1
233 648 1
234 395 1
234 454 1
234 469 1
234 540 1
234 555 1
234 761 1
234 791 1
234 895 1
235 655 1
235 675 1
235 881 1
236 252 1
236 444 1
236 480 1
236 511 1
236 611 1
236 750 1
236 911 1
237 360 1
237 483 1
237 668 1
237 893 1
238 267 1
238 291 1
238 304 1
238 376 1
238 695 1
238 924 1
239 250 1
239 520 1
239 524 1
239 704 1
240 474 1
240 623 1
240 771 1
241 282 1
241 303 1
241 382 1
241 408 1
241 411 1
241 448 1
241 523 1
241 553 1
241 971 1
241 979 1
241 997 1
242 255 1
242 575 1
242 617 1
242 688 1
242 766 1
242 881 1
242 931 1
242 952 1
242 980 1
243 363 1
243 459 1
243 577 1
243 635 1
243 656 1
243 689 1
243 788 1
243 847 1
243 980 1
243 996 1
244 363 1
244 735 1
244 899 1
244 920 1
244 969 1
245 322 1
245 444 1
245 495 1
245 596 1
245 747 1
245 939 1
245 941 1
245 962 1
246 261 1
246 275 1
246 301 1
246 408 1
246 587 1
246 620 1
246 849 1
246 909 1
246 918 1
246 934 1
247 259 1
247 347 1
247 429 1
247 580 1
247 844 1
247 979 1
247 987 1
248 274 1
248 333 1
248 539 1
248 592 1
248 748 1
248 870 1
248 913 1
248 940 1
248 984 1
248 989 1
249 259 1
249 286 1
249 361 1
249 549 1
249 860 1
250 407 1
250 575 1
250 599 1
250 676 1
250 683 1
250 796 1
250 806 1
250 967 1
251 308 1
251 346 1
251 377 1
251 397 1
251 428 1
251 568 1
251 632 1
251 675 1
251 847 1
251 951 1
252 513 1
252 518 1
252 631 1
252 928 1
253 485 1
253 501 1
253 646 1
253 722 1
253 843 1
254 336 1
254 385 1
254 466 1
254 669 1
254 733 1
254 972 1
255 309 1
255 429 1
255 891 1
255 923 1
256 366 1
256 451 1
256 479 1
256 516 1
256 748 1
256 767 1
256 823 1
256 873 1
257 380 1
257 385 1
257 466 1
257 483 1
257 542 1
257 602 1
257 708 1
257 800 1
257 820 1
257 958 1
258 264 1
258 383 1
258 386 1
258 421 1
258 503 1
258 563 1
258 746 1
258 891 1
258 903 1
258 925 1
258 935 1
259 316 1
259 463 1
259 534 1
259 891 1
259 1000 1
260 649 1
260 662 1
260 743 1
260 805 1
260 815 1
260 878 1
260 966 1
261 383 1
261 440 1
261 535 1
261 677 1
261 736 1
261 967 1
262 350 1
262 489 1
262 506 1
262 510 1
262 530 1
262 555 1
262 575 1
262 640 1
262 656 1
262 684 1
262 778 1
262 970 1
263 381 1
263 570 1
263 573 1
263 884 1
263 926 1
264 358 1
264 428 1
264 545 1
264 631 1
264 666 1
264 750 1
265 336 1
265 464 1
265 707 1
265 754 1
265 806 1
265 927 1
265 972 1
266 359 1
266 504 1
266 671 1
266 751 1
266 759 1
266 790 1
266 792 1
266 827 1
266 913 1
267 286 1
267 387 1
267 399 1
267 424 1
267 669 1
267 709 1
267 983 1
268 308 1
268 535 1
268 619 1
268 829 1
268 857 1
269 277 1
269 509 1
269 543 1
269 640 1
269 773 1
269 986 1
270 363 1
270 409 1
270 414 1
270 598 1
270 657 1
270 710 1
270 767 1
270 895 1
270 907 1
270 908 1
270 939 1
271 460 1
271 783 1
271 814 1
271 992 1
272 343 1
272 454 1
272 474 1
272 599 1
272 697 1
272 833 1
273 368 1
273 414 1
273 533 1
273 567 1
273 655 1
273 692 1
273 760 1
273 789 1
273 838 1
274 307 1
274 599 1
274 713 1
274 779 1
274 840 1
274 884 1
274 969 1
275 371 1
275 521 1
275 543 1
275 675 1
275 777 1
275 955 1
276 305 1
276 324 1
276 361 1
276 981 1
277 290 1
277 301 1
277 336 1
277 455 1
277 523 1
277 553 1
277 780 1
277 810 1
278 426 1
278 489 1
278 547 1
278 556 1
278 569 1
278 754 1
279 449 1
279 584 1
279 696 1
279 733 1
279 899 1
279 974 1
280 368 1
280 464 1
280 484 1
280 497 1
280 727 1
280 784 1
280 828 1
280 851 1
280 868 1
281 292 1
281 470 1
281 476 1
281 492 1
281 694 1
281 735 1
281 794 1
282 476 1
282 491 1
282 505 1
282 651 1
282 761 1
282 828 1
282 851 1
283 306 1
283 332 1
283 382 1
283 420 1
283 454 1
283 562 1
283 621 1
283 639 1
283 756 1
283 774 1
283 791 1
283 885 1
283 935 1
283 951 1
284 310 1
284 413 1
284 600 1
284 683 1
284 875 1
284 991 1
285 508 1
285 516 1
285 555 1
285 656 1
285 731 1
285 787 1
285 789 1
285 985 1
286 320 1
286 435 1
286 481 1
286 566 1
286 602 1
286 684 1
286 898 1
287 312 1
287 334 1
288 504 1
288 557 1
288 592 1
288 806 1
288 822 1
288 879 1
288 912 1
288 973 1
289 348 1
289 375 1
289 381 1
289 450 1
289 485 1
289 491 1
289 513 1
289 549 1
289 595 1
289 723 1
289 896 1
289 979 1
289 989 1
290 317 1
290 518 1
290 649 1
290 746 1
290 783 1
290 802 1
290 860 1
291 293 1
291 403 1
291 496 1
291 643 1
291 703 1
291 958 1
292 356 1
292 363 1
292 373 1
292 503 1
292 579 1
292 623 1
292 716 1
292 803 1
292 819 1
292 883 1
293 574 1
293 588 1
293 597 1
293 671 1
293 705 1
293 911 1
294 317 1
294 482 1
294 544 1
294 623 1
294 656 1
294 961 1
295 343 1
295 364 1
295 489 1
295 572 1
295 598 1
295 915 1
295 952 1
295 973 1
296 347 1
296 395 1
296 820 1
296 841 1
296 897 1
297 476 1
297 573 1
297 576 1
297 604 1
297 800 1
297 817 1
297 925 1
297 968 1
297 973 1
297 994 1
298 461 1
298 497 1
298 504 1
298 516 1
298 537 1
298 560 1
298 817 1
298 999 1
299 688 1
299 706 1
299 915 1
300 390 1
300 422 1
300 425 1
300 428 1
300 748 1
300 800 1
300 991 1
301 504 1
301 551 1
301 690 1
302 419 1
302 615 1
302 683 1
302 755 1
302 763 1
302 804 1
302 854 1
302 908 1
302 1000 1
303 451 1
303 481 1
303 568 1
303 740 1
304 336 1
304 487 1
304 499 1
304 515 1
304 760 1
305 359 1
305 399 1
305 446 1
305 890 1
305 992 1
306 312 1
306 328 1
306 456 1
306 694 1
306 920 1
307 378 1
307 441 1
307 736 1
307 802 1
307 948 1
308 465 1
308 542 1
308 718 1
308 788 1
308 900 1
308 956 1
308 996 1
309 385 1
309 459 1
309 661 1
309 963 1
310 331 1
310 383 1
310 521 1
310 667 1
310 743 1
310 803 1
310 817 1
310 912 1
311 354 1
311 425 1
311 451 1
311 545 1
311 592 1
311 627 1
311 733 1
311 750 1
311 847 1
311 855 1
311 976 1
311 985 1
312 441 1
312 491 1
312 743 1
313 373 1
313 434 1
313 626 1
313 765 1
313 766 1
313 940 1
314 458 1
314 546 1
314 552 1
314 888 1
315 385 1
315 423 1
315 444 1
315 563 1
315 607 1
316 329 1
316 337 1
316 404 1
316 427 1
316 767 1
316 787 1
316 859 1
316 899 1
316 972 1
317 381 1
317 418 1
317 515 1
317 862 1
317 938 1
318 480 1
318 564 1
318 741 1
318 835 1
318 919 1
318 998 1
319 371 1
319 383 1
319 512 1
319 588 1
319 643 1
319 654 1
319 690 1
319 858 1
319 924 1
320 364 1
320 370 1
320 471 1
320 490 1
320 630 1
320 658 1
320 683 1
320 880 1
321 500 1
321 548 1
321 571 1
321 609 1
321 768 1
321 822 1
321 883 1
322 360 1
322 390 1
322 469 1
322 610 1
322 776 1
322 850 1
322 934 1
322 945 1
322 985 1
323 593 1
323 750 1
324 403 1
324 566 1
324 613 1
324 634 1
324 669 1
324 747 1
324 778 1
324 911 1
324 948 1
325 434 1
325 442 1
325 637 1
325 731 1
325 887 1
325 938 1
326 467 1
326 566 1
326 703 1
326 775 1
326 867 1
326 920 1
326 990 1
327 369 1
327 410 1
327 464 1
327 483 1
327 486 1
327 559 1
327 617 1
327 636 1
327 868 1
327 937 1
328 365 1
328 655 1
328 925 1
328 927 1
329 422 1
329 707 1
329 764 1
329 812 1
329 829 1
329 836 1
330 331 1
330 582 1
330 589 1
330 616 1
330 709 1
330 714 1
330 752 1
330 780 1
330 873 1
330 966 1
330 972 1
331 456 1
331 510 1
331 558 1
331 578 1
331 642 1
331 885 1
331 889 1
332 355 1
332 623 1
332 901 1
333 368 1
333 440 1
333 545 1
333 579 1
333 584 1
333 625 1
333 806 1
333 819 1
333 902 1
333 927 1
334 361 1
334 382 1
334 435 1
334 760 1
335 650 1
335 748 1
335 771 1
336 784 1
336 788 1
336 885 1
336 902 1
336 917 1
336 976 1
336 983 1
337 338 1
337 419 1
337 421 1
337 430 1
337 842 1
337 863 1
337 881 1
337 939 1
337 945 1
338 641 1
338 662 1
338 842 1
338 892 1
338 945 1
339 401 1
339 538 1
339 616 1
339 648 1
339 668 1
339 721 1
339 762 1
339 987 1
340 401 1
340 437 1
340 439 1
340 551 1
340 902 1
340 952 1
340 988 1
341 443 1
341 465 1
341 495 1
341 517 1
341 885 1
341 943 1
342 364 1
342 549 1
342 572 1
342 601 1
342 631 1
342 670 1
342 690 1
342 822 1
342 976 1
343 354 1
343 366 1
343 376 1
343 565 1
343 785 1
343 902 1
343 906 1
344 351 1
344 386 1
344 431 1
344 547 1
344 630 1
344 697 1
344 892 1
345 449 1
345 593 1
345 698 1
346 389 1
346 474 1
346 476 1
346 504 1
346 556 1
346 741 1
346 765 1
346 826 1
346 910 1
346 975 1
347 510 1
347 586 1
347 595 1
347 597 1
347 613 1
347 847 1
348 356 1
348 464 1
348 489 1
348 500 1
348 623 1
348 663 1
348 702 1
348 717 1
348 843 1
349 573 1
349 839 1
349 875 1
349 907 1
350 564 1
350 791 1
350 874 1
350 882 1
351 504 1
351 936 1
352 356 1
352 529 1
352 633 1
352 651 1
352 689 1
352 710 1
352 722 1
352 735 1
352 794 1
352 938 1
353 409 1
353 416 1
353 505 1
353 567 1
353 598 1
353 904 1
353 966 1
354 706 1
354 852 1
355 387 1
355 484 1
355 696 1
355 845 1
356 414 1
356 426 1
356 695 1
356 767 1
356 814 1
356 867 1
356 923 1
356 985 1
357 362 1
357 590 1
357 778 1
357 794 1
357 796 1
357 804 1
357 847 1
358 398 1
358 443 1
358 509 1
358 608 1
358 862 1
358 896 1
359 546 1
359 565 1
359 656 1
359 671 1
359 674 1
359 761 1
359 975 1
360 437 1
360 578 1
360 652 1
360 659 1
360 676 1
360 746 1
360 763 1
360 979 1
360 987 1
361 563 1
361 594 1
361 684 1
361 690 1
361 749 1
361 765 1
361 846 1
361 978 1
362 391 1
362 414 1
362 600 1
362 614 1
362 670 1
362 733 1
362 890 1
362 951 1
363 391 1
363 530 1
363 910 1
364 443 1
364 493 1
364 816 1
364 855 1
365 392 1
365 511 1
365 594 1
365 660 1
365 883 1
365 898 1
365 974 1
366 398 1
366 440 1
366 595 1
366 666 1
366 714 1
366 745 1
366 860 1
367 443 1
367 529 1
367 575 1
367 634 1
367 667 1
367 768 1
367 924 1
368 422 1
368 490 1
368 628 1
368 717 1
368 773 1
368 924 1
369 501 1
369 521 1
369 572 1
369 576 1
369 620 1
369 722 1
369 725 1
369 729 1
369 894 1
370 495 1
370 545 1
370 643 1
370 653 1
370 691 1
370 757 1
370 847 1
370 893 1
370 974 1
371 566 1
371 724 1
371 775 1
371 781 1
371 890 1
372 387 1
372 408 1
372 427 1
372 506 1
372 507 1
372 769 1
372 773 1
372 787 1
372 797 1
372 802 1
372 820 1
372 861 1
372 914 1
373 578 1
373 690 1
373 712 1
373 784 1
373 817 1
374 725 1
374 733 1
374 805 1
374 818 1
374 942 1
374 969 1
375 647 1
375 677 1
375 892 1
376 546 1
376 616 1
376 662 1
376 853 1
376 858 1
376 964 1
376 966 1
377 817 1
378 467 1
378 561 1
378 574 1
378 592 1
378 613 1
378 795 1
378 995 1
379 413 1
379 597 1
379 618 1
379 697 1
379 907 1
379 996 1
380 460 1
380 534 1
380 833 1
380 915 1
380 952 1
381 419 1
381 813 1
381 985 1
382 651 1
382 661 1
382 691 1
382 804 1
382 843 1
383 417 1
383 646 1
383 665 1
383 838 1
383 941 1
383 992 1
384 404 1
384 451 1
384 506 1
384 548 1
384 652 1
384 685 1
384 759 1
384 900 1
385 504 1
385 591 1
385 661 1
385 670 1
385 967 1
386 398 1
386 427 1
386 553 1
386 650 1
386 715 1
386 751 1
386 794 1
386 963 1
387 445 1
387 509 1
387 818 1
387 832 1
388 481 1
388 624 1
388 740 1
388 897 1
388 906 1
389 495 1
389 496 1
389 616 1
389 957 1
390 430 1
390 433 1
390 750 1
391 542 1
391 891 1
392 461 1
392 477 1
392 551 1
392 578 1
392 682 1
393 557 1
393 581 1
393 605 1
393 818 1
393 916 1
393 929 1
393 961 1
394 473 1
394 483 1
394 638 1
394 662 1
394 766 1
394 851 1
395 621 1
395 706 1
395 876 1
395 991 1
395 992 1
396 646 1
396 699 1
396 881 1
396 979 1
397 411 1
397 681 1
397 735 1
398 431 1
398 575 1
398 681 1
398 765 1
398 807 1
398 892 1
398 951 1
399 408 1
399 450 1
399 798 1
399 843 1
399 931 1
400 523 1
400 596 1
400 755 1
400 770 1
400 867 1
400 963 1
401 441 1
401 548 1
401 719 1
401 733 1
401 757 1
402 468 1
402 562 1
402 604 1
402 679 1
402 768 1
402 817 1
402 924 1
403 552 1
403 583 1
403 664 1
403 828 1
404 757 1
404 962 1
404 977 1
405 414 1
405 492 1
405 531 1
405 719 1
405 773 1
405 784 1
405 800 1
405 867 1
405 943 1
406 479 1
406 547 1
406 554 1
406 584 1
406 628 1
406 731 1
406 745 1
406 786 1
406 846 1
406 928 1
406 956 1
406 998 1
407 447 1
407 554 1
407 766 1
407 829 1
407 847 1
408 427 1
408 678 1
408 684 1
408 725 1
408 734 1
408 886 1
408 938 1
409 458 1
409 522 1
409 527 1
409 597 1
409 647 1
409 779 1
409 894 1
409 930 1
409 971 1
410 465 1
410 533 1
410 900 1
410 910 1
411 666 1
412 510 1
412 749 1
412 787 1
412 904 1
413 755 1
413 850 1
413 964 1
414 468 1
414 604 1
414 702 1
414 800 1
414 867 1
414 949 1
415 553 1
415 573 1
415 641 1
415 787 1
415 885 1
415 984 1
416 784 1
416 899 1
416 940 1
417 431 1
417 462 1
417 483 1
417 499 1
417 760 1
417 805 1
417 946 1
418 498 1
418 768 1
418 779 1
418 879 1
419 446 1
419 481 1
419 572 1
419 601 1
419 886 1
419 894 1
419 950 1
420 560 1
420 658 1
420 663 1
420 741 1
420 838 1
420 883 1
420 955 1
420 989 1
421 502 1
421 519 1
421 678 1
421 679 1
421 699 1
421 716 1
421 739 1
421 947 1
422 425 1
422 987 1
423 463 1
424 505 1
424 588 1
424 670 1
424 686 1
424 712 1
424 788 1
424 880 1
425 464 1
425 571 1
425 921 1
425 946 1
426 581 1
426 706 1
426 869 1
426 940 1
426 946 1
427 546 1
427 549 1
427 555 1
427 593 1
427 597 1
427 782 1
427 890 1
428 604 1
428 675 1
428 733 1
428 860 1
429 431 1
429 499 1
429 570 1
429 576 1
429 583 1
429 611 1
429 645 1
429 679 1
429 739 1
429 797 1
429 858 1
429 927 1
429 1000 1
430 444 1
430 486 1
430 680 1
430 757 1
430 769 1
431 606 1
431 607 1
431 626 1
431 649 1
431 665 1
431 693 1
431 723 1
431 964 1
432 506 1
432 529 1
432 562 1
432 767 1
432 792 1
433 435 1
433 448 1
433 628 1
433 653 1
433 684 1
433 851 1
433 999 1
434 472 1
434 474 1
434 479 1
434 542 1
434 696 1
434 933 1
434 938 1
434 995 1
435 544 1
435 653 1
435 683 1
435 836 1
436 528 1
436 907 1
436 965 1
437 557 1
437 682 1
437 791 1
437 958 1
438 448 1
438 459 1
438 508 1
438 764 1
438 855 1
438 971 1
439 510 1
439 621 1
439 658 1
439 762 1
439 853 1
439 945 1
439 966 1
440 518 1
440 526 1
441 482 1
441 598 1
441 789 1
441 890 1
441 921 1
442 504 1
442 506 1
442 681 1
442 821 1
442 833 1
442 927 1
442 944 1
443 466 1
443 488 1
443 542 1
443 723 1
443 831 1
444 457 1
444 507 1
444 669 1
444 707 1
444 733 1
444 782 1
444 856 1
444 932 1
445 655 1
445 692 1
445 997 1
446 659 1
446 720 1
446 748 1
446 796 1
446 917 1
447 488 1
447 571 1
447 578 1
447 693 1
447 712 1
447 734 1
447 787 1
447 790 1
447 847 1
447 864 1
447 867 1
448 533 1
448 721 1
448 761 1
448 785 1
448 882 1
449 509 1
449 692 1
449 858 1
449 882 1
450 496 1
450 690 1
450 713 1
450 728 1
450 813 1
450 814 1
450 822 1
450 909 1
450 947 1
451 453 1
451 509 1
451 510 1
451 575 1
451 583 1
451 597 1
451 645 1
451 802 1
451 813 1
451 944 1
452 527 1
452 728 1
452 741 1
452 849 1
452 958 1
453 454 1
453 629 1
453 783 1
454 461 1
454 661 1
454 727 1
454 909 1
454 917 1
454 948 1
454 978 1
455 499 1
455 622 1
455 778 1
455 786 1
455 970 1
456 561 1
456 616 1
456 647 1
457 537 1
457 543 1
457 752 1
457 894 1
457 897 1
457 941 1
458 561 1
458 573 1
458 737 1
458 770 1
459 499 1
459 784 1
459 853 1
459 980 1
460 561 1
460 613 1
460 786 1
460 954 1
460 956 1
461 606 1
461 656 1
461 680 1
461 716 1
462 550 1
462 597 1
462 723 1
462 919 1
463 674 1
463 689 1
463 725 1
463 993 1
464 504 1
464 578 1
464 697 1
464 771 1
464 819 1
464 888 1
465 548 1
465 572 1
465 620 1
465 698 1
465 754 1
465 915 1
465 928 1
465 964 1
466 528 1
466 663 1
466 697 1
466 712 1
466 738 1
466 787 1
466 868 1
466 954 1
467 484 1
467 521 1
467 674 1
467 951 1
468 503 1
468 514 1
468 599 1
468 620 1
468 707 1
468 818 1
468 935 1
469 602 1
469 634 1
469 673 1
469 848 1
469 858 1
469 956 1
470 511 1
470 520 1
470 716 1
470 729 1
470 732 1
470 741 1
470 806 1
470 822 1
470 962 1
470 991 1
471 579 1
471 725 1
471 777 1
471 886 1
471 980 1
472 700 1
472 882 1
472 891 1
472 923 1
472 972 1
472 975 1
473 523 1
473 602 1
473 644 1
473 717 1
473 721 1
473 768 1
473 792 1
473 930 1
474 575 1
474 634 1
474 802 1
474 813 1
475 602 1
475 604 1
475 681 1
475 713 1
475 879 1
475 943 1
476 637 1
476 677 1
476 709 1
476 728 1
476 929 1
477 523 1
477 530 1
477 590 1
477 609 1
477 820 1
477 895 1
477 946 1
477 972 1
478 850 1
478 907 1
479 538 1
479 580 1
479 762 1
479 814 1
479 953 1
480 558 1
480 824 1
481 633 1
482 539 1
482 546 1
482 628 1
482 925 1
482 959 1
482 962 1
483 548 1
483 593 1
483 656 1
483 725 1
483 797 1
483 834 1
483 944 1
483 971 1
484 517 1
484 674 1
484 824 1
484 953 1
484 996 1
485 495 1
485 586 1
485 590 1
485 631 1
485 644 1
485 666 1
485 697 1
485 699 1
485 863 1
485 996 1
486 581 1
486 688 1
486 756 1
486 879 1
486 887 1
487 497 1
487 572 1
487 576 1
487 642 1
487 871 1
487 918 1
488 510 1
488 574 1
488 587 1
488 821 1
488 884 1
488 904 1
488 937 1
489 632 1
489 1000 1
490 818 1
490 921 1
491 517 1
491 615 1
491 762 1
491 800 1
492 682 1
492 969 1
492 982 1
492 991 1
493 504 1
493 582 1
493 583 1
493 590 1
493 594 1
493 631 1
493 667 1
493 764 1
493 768 1
493 789 1
493 840 1
494 521 1
494 537 1
494 546 1
494 616 1
494 757 1
494 814 1
494 987 1
495 565 1
495 568 1
495 744 1
495 801 1
495 914 1
495 934 1
496 572 1
496 820 1
496 987 1
497 558 1
497 741 1
497 811 1
497 861 1
497 998 1
498 503 1
498 570 1
498 733 1
498 815 1
498 848 1
498 994 1
499 727 1
499 813 1
499 898 1
499 958 1
499 968 1
499 975 1
499 981 1
499 983 1
499 986 1
500 578 1
500 832 1
500 975 1
501 506 1
501 586 1
501 881 1
502 579 1
502 674 1
502 749 1
502 811 1
503 533 1
503 558 1
503 745 1
503 794 1
503 835 1
503 886 1
503 887 1
503 908 1
503 957 1
504 561 1
504 673 1
504 710 1
504 809 1
504 944 1
504 995 1
505 587 1
506 628 1
506 926 1
506 928 1
507 579 1
507 686 1
507 715 1
507 738 1
507 746 1
507 757 1
507 800 1
508 580 1
508 628 1
508 879 1
508 933 1
509 754 1
509 884 1
509 906 1
509 982 1
510 530 1
510 701 1
510 705 1
510 746 1
510 885 1
511 518 1
511 542 1
511 914 1
511 995 1
512 515 1
512 570 1
512 580 1
512 596 1
512 615 1
512 670 1
512 779 1
512 780 1
512 795 1
512 802 1
512 865 1
512 896 1
512 927 1
512 938 1
512 967 1
512 976 1
514 543 1
514 588 1
514 786 1
514 859 1
514 892 1
514 945 1
515 661 1
515 679 1
515 732 1
515 816 1
515 840 1
515 907 1
515 972 1
516 675 1
516 908 1
517 823 1
517 882 1
517 946 1
517 999 1
518 567 1
518 787 1
518 850 1
518 869 1
518 901 1
518 963 1
519 537 1
519 637 1
519 844 1
519 861 1
520 705 1
520 780 1
521 586 1
521 684 1
521 693 1
521 735 1
521 834 1
522 558 1
522 633 1
522 668 1
522 720 1
522 938 1
522 981 1
523 525 1
523 603 1
523 772 1
523 839 1
523 938 1
523 954 1
524 560 1
524 682 1
524 684 1
524 697 1
524 785 1
524 823 1
524 975 1
524 981 1
525 633 1
525 687 1
525 723 1
525 981 1
526 547 1
526 682 1
526 692 1
526 868 1
526 932 1
526 972 1
527 647 1
527 648 1
527 659 1
527 699 1
527 989 1
528 689 1
528 709 1
528 828 1
528 837 1
528 901 1
528 972 1
529 747 1
529 796 1
529 824 1
529 889 1
530 583 1
530 717 1
530 773 1
530 938 1
531 581 1
531 744 1
531 872 1
531 936 1
531 949 1
532 591 1
532 629 1
532 674 1
532 695 1
532 741 1
532 794 1
532 818 1
532 927 1
532 986 1
532 989 1
533 548 1
533 549 1
533 576 1
533 661 1
533 938 1
534 742 1
534 744 1
534 804 1
534 819 1
534 852 1
534 880 1
534 914 1
535 567 1
535 598 1
535 648 1
535 699 1
535 756 1
536 825 1
537 591 1
537 917 1
537 930 1
537 949 1
538 676 1
538 703 1
538 884 1
538 916 1
538 986 1
539 544 1
539 665 1
539 709 1
539 712 1
539 727 1
539 826 1
540 568 1
540 728 1
540 994 1
541 550 1
541 551 1
541 758 1
541 873 1
541 927 1
542 830 1
542 850 1
542 924 1
543 637 1
543 940 1
544 674 1
544 776 1
544 896 1
544 928 1
544 988 1
544 997 1
545 600 1
545 608 1
545 729 1
545 730 1
545 886 1
545 918 1
545 997 1
546 547 1
546 657 1
546 732 1
546 869 1
547 585 1
547 600 1
547 614 1
547 625 1
547 655 1
547 792 1
547 864 1
547 910 1
548 578 1
548 797 1
548 912 1
548 931 1
549 623 1
549 683 1
549 853 1
550 612 1
550 698 1
550 736 1
551 569 1
551 739 1
551 744 1
552 561 1
552 568 1
552 615 1
552 617 1
552 752 1
552 853 1
552 914 1
552 940 1
553 654 1
553 659 1
553 779 1
553 783 1
553 812 1
553 938 1
554 571 1
554 576 1
554 613 1
554 639 1
554 913 1
554 929 1
555 793 1
555 986 1
556 569 1
556 585 1
556 786 1
556 951 1
557 821 1
557 884 1
557 890 1
558 625 1
558 720 1
558 764 1
558 886 1
559 585 1
559 626 1
560 796 1
560 854 1
560 872 1
560 883 1
561 808 1
561 855 1
561 906 1
562 770 1
562 816 1
562 901 1
562 956 1
563 618 1
563 729 1
563 745 1
563 896 1
564 657 1
564 705 1
564 761 1
564 916 1
564 934 1
565 571 1
565 636 1
565 704 1
565 759 1
566 577 1
566 614 1
566 704 1
566 779 1
567 805 1
568 576 1
568 616 1
568 640 1
568 649 1
568 918 1
568 977 1
569 680 1
569 704 1
569 917 1
569 985 1
570 646 1
570 822 1
570 892 1
571 954 1
572 596 1
572 610 1
572 638 1
572 712 1
572 739 1
572 759 1
572 888 1
573 803 1
573 814 1
573 847 1
573 851 1
573 943 1
574 671 1
574 680 1
574 746 1
574 822 1
574 856 1
574 930 1
575 655 1
575 698 1
575 719 1
575 885 1
575 951 1
576 777 1
576 782 1
576 853 1
576 866 1
578 681 1
578 971 1
578 981 1
578 997 1
579 629 1
579 650 1
579 702 1
579 790 1
579 842 1
579 852 1
580 585 1
580 594 1
580 670 1
580 744 1
580 772 1
580 830 1
580 871 1
581 584 1
581 592 1
581 698 1
581 720 1
581 731 1
581 752 1
581 876 1
581 895 1
581 993 1
582 619 1
582 658 1
582 714 1
583 738 1
583 836 1
583 854 1
584 705 1
584 929 1
584 983 1
586 733 1
586 768 1
586 881 1
586 970 1
587 625 1
587 749 1
587 797 1
587 889 1
588 700 1
588 839 1
588 904 1
588 963 1
588 998 1
589 661 1
589 690 1
589 841 1
589 968 1
590 614 1
590 668 1
590 778 1
590 844 1
590 995 1
591 608 1
591 635 1
591 821 1
591 830 1
591 903 1
591 968 1
592 621 1
592 752 1
592 786 1
592 891 1
592 935 1
593 651 1
593 704 1
593 714 1
593 880 1
594 806 1
595 601 1
595 640 1
595 643 1
595 653 1
595 702 1
595 795 1
595 871 1
595 916 1
595 994 1
596 605 1
596 751 1
596 810 1
596 876 1
596 948 1
597 667 1
597 796 1
597 878 1
597 888 1
598 709 1
598 994 1
599 614 1
599 831 1
599 874 1
599 936 1
599 941 1
599 951 1
600 637 1
600 727 1
600 756 1
600 908 1
600 973 1
601 718 1
601 732 1
601 833 1
601 868 1
602 778 1
602 783 1
602 865 1
603 786 1
603 796 1
603 985 1
604 610 1
604 764 1
604 997 1
605 618 1
605 728 1
605 855 1
605 860 1
605 949 1
605 974 1
606 695 1
606 697 1
606 736 1
606 798 1
606 804 1
607 611 1
607 662 1
607 878 1
607 926 1
608 685 1
608 898 1
609 744 1
609 765 1
609 829 1
609 962 1
610 757 1
610 831 1
610 981 1
611 703 1
611 764 1
611 876 1
611 901 1
611 966 1
611 986 1
612 617 1
612 761 1
612 852 1
612 863 1
612 954 1
613 702 1
613 715 1
614 629 1
614 671 1
614 680 1
614 688 1
614 727 1
614 766 1
615 639 1
615 657 1
615 884 1
615 899 1
615 934 1
616 620 1
616 630 1
616 787 1
616 893 1
617 743 1
617 793 1
617 842 1
617 892 1
617 900 1
617 957 1
617 965 1
618 621 1
618 710 1
618 712 1
618 910 1
618 981 1
619 686 1
619 847 1
619 873 1
619 910 1
619 943 1
619 968 1
620 647 1
620 669 1
620 734 1
620 872 1
621 747 1
621 793 1
621 924 1
622 639 1
622 864 1
622 866 1
622 973 1
623 646 1
624 680 1
624 793 1
624 837 1
625 739 1
625 834 1
625 908 1
625 927 1
625 976 1
626 703 1
626 923 1
627 771 1
627 788 1
627 792 1
627 810 1
627 980 1
628 637 1
628 644 1
628 807 1
628 904 1
629 670 1
630 719 1
630 744 1
630 902 1
630 923 1
631 749 1
631 824 1
631 951 1
632 924 1
632 937 1
633 678 1
633 837 1
633 872 1
633 920 1
633 936 1
634 643 1
634 931 1
635 662 1
635 700 1
635 703 1
635 748 1
635 760 1
635 797 1
635 894 1
635 929 1
636 719 1
636 722 1
636 760 1
636 910 1
636 925 1
636 989 1
638 755 1
638 971 1
639 693 1
639 813 1
639 814 1
640 732 1
640 774 1
640 798 1
640 845 1
640 881 1
641 741 1
641 803 1
641 972 1
641 993 1
642 654 1
642 743 1
643 865 1
644 680 1
644 729 1
644 746 1
644 953 1
645 673 1
645 826 1
645 911 1
645 999 1
646 685 1
646 690 1
646 762 1
646 986 1
646 990 1
647 683 1
647 750 1
647 778 1
647 807 1
647 886 1
647 936 1
648 716 1
648 815 1
648 825 1
648 977 1
649 703 1
649 817 1
649 884 1
650 662 1
650 724 1
651 708 1
651 908 1
651 912 1
651 934 1
652 658 1
652 870 1
653 718 1
653 741 1
653 744 1
653 878 1
653 943 1
653 962 1
654 738 1
654 818 1
654 852 1
654 893 1
654 933 1
655 807 1
655 817 1
655 854 1
656 709 1
656 812 1
656 934 1
657 677 1
657 787 1
658 843 1
658 887 1
658 917 1
659 687 1
659 875 1
659 927 1
659 960 1
659 967 1
660 755 1
660 833 1
660 875 1
660 897 1
660 920 1
661 947 1
661 969 1
662 780 1
663 674 1
663 986 1
664 781 1
664 866 1
664 918 1
664 967 1
665 703 1
665 747 1
665 897 1
666 707 1
666 759 1
666 839 1
666 894 1
666 966 1
667 741 1
668 977 1
668 981 1
669 845 1
669 876 1
669 887 1
669 903 1
669 993 1
670 701 1
670 743 1
670 797 1
670 843 1
670 921 1
671 829 1
671 849 1
671 871 1
671 924 1
672 735 1
672 752 1
672 917 1
672 933 1
672 945 1
673 689 1
673 825 1
674 691 1
674 699 1
675 813 1
675 861 1
675 974 1
675 989 1
676 681 1
676 754 1
676 819 1
676 958 1
678 770 1
679 769 1
679 798 1
679 821 1
679 861 1
679 937 1
681 887 1
681 896 1
681 927 1
681 961 1
682 826 1
682 971 1
682 987 1
683 828 1
683 900 1
684 693 1
684 723 1
684 909 1
685 882 1
686 811 1
686 866 1
686 883 1
686 906 1
686 931 1
686 951 1
686 954 1
687 893 1
687 971 1
688 787 1
689 697 1
689 862 1
689 995 1
690 696 1
690 798 1
690 885 1
690 952 1
691 948 1
692 753 1
692 947 1
693 962 1
694 720 1
694 800 1
694 950 1
695 784 1
695 908 1
696 755 1
696 960 1
697 837 1
698 771 1
698 989 1
699 729 1
699 756 1
699 910 1
699 922 1
699 941 1
700 840 1
700 890 1
700 904 1
701 739 1
701 800 1
701 840 1
702 719 1
702 963 1
703 848 1
703 890 1
703 952 1
704 808 1
704 810 1
704 951 1
705 749 1
705 790 1
705 829 1
705 989 1
706 807 1
706 812 1
706 883 1
706 985 1
707 811 1
707 951 1
708 820 1
708 848 1
709 948 1
710 717 1
710 760 1
710 767 1
710 801 1
710 856 1
710 980 1
711 914 1
712 746 1
712 960 1
712 987 1
713 817 1
713 996 1
714 773 1
714 809 1
714 837 1
714 842 1
714 876 1
715 722 1
715 731 1
715 811 1
715 813 1
715 894 1
716 807 1
716 827 1
716 975 1
716 991 1
717 787 1
717 792 1
717 948 1
717 953 1
718 881 1
718 891 1
718 907 1
719 753 1
719 868 1
719 881 1
719 923 1
719 944 1
719 948 1
719 971 1
720 765 1
720 809 1
721 747 1
721 779 1
721 780 1
721 789 1
721 817 1
721 888 1
722 761 1
722 780 1
722 916 1
722 929 1
724 815 1
724 832 1
724 843 1
724 989 1
725 744 1
725 954 1
726 822 1
727 746 1
727 889 1
727 933 1
728 846 1
728 967 1
729 816 1
729 990 1
730 762 1
730 785 1
730 788 1
732 750 1
732 837 1
734 778 1
734 872 1
734 888 1
734 935 1
734 991 1
735 742 1
735 744 1
735 750 1
735 796 1
735 805 1
735 808 1
735 851 1
735 937 1
735 983 1
735 989 1
736 737 1
736 777 1
736 787 1
736 844 1
736 945 1
739 1000 1
740 966 1
740 997 1
741 983 1
742 841 1
742 878 1
742 950 1
743 809 1
743 861 1
744 913 1
744 919 1
744 979 1
745 757 1
745 851 1
745 912 1
746 938 1
746 946 1
746 984 1
747 864 1
748 869 1
748 895 1
748 979 1
748 988 1
749 816 1
749 908 1
749 960 1
750 755 1
751 782 1
751 839 1
751 946 1
751 960 1
752 898 1
752 903 1
752 933 1
755 820 1
755 874 1
756 764 1
756 991 1
756 992 1
757 937 1
757 966 1
758 908 1
758 915 1
759 804 1
759 816 1
760 776 1
760 801 1
760 863 1
760 872 1
760 896 1
761 856 1
761 915 1
762 868 1
762 878 1
762 881 1
763 867 1
763 881 1
764 793 1
764 832 1
764 892 1
764 1000 1
765 836 1
765 915 1
766 791 1
766 871 1
767 884 1
767 935 1
767 979 1
767 986 1
768 909 1
768 917 1
768 997 1
769 773 1
769 879 1
769 998 1
770 808 1
770 834 1
770 926 1
772 776 1
772 854 1
772 951 1
772 966 1
772 993 1
773 977 1
774 953 1
774 961 1
775 941 1
775 963 1
776 785 1
776 835 1
777 841 1
778 779 1
778 939 1
779 885 1
779 942 1
780 853 1
781 849 1
781 970 1
782 878 1
782 983 1
783 847 1
783 949 1
784 832 1
785 821 1
785 826 1
786 858 1
786 888 1
786 946 1
787 880 1
788 803 1
788 829 1
788 892 1
788 982 1
789 935 1
789 943 1
789 971 1
789 988 1
790 847 1
790 930 1
790 949 1
792 979 1
793 989 1
794 910 1
794 954 1
795 881 1
795 936 1
795 957 1
796 817 1
797 882 1
797 892 1
797 989 1
798 802 1
798 904 1
798 906 1
799 807 1
799 950 1
800 903 1
800 924 1
800 949 1
800 974 1
801 854 1
801 958 1
802 896 1
803 936 1
803 945 1
804 823 1
804 875 1
805 821 1
806 861 1
806 909 1
806 951 1
807 824 1
807 848 1
807 878 1
807 941 1
807 985 1
808 894 1
808 954 1
809 839 1
810 990 1
810 994 1
811 922 1
811 929 1
812 996 1
813 835 1
813 848 1
813 912 1
813 952 1
815 816 1
815 846 1
815 921 1
816 968 1
817 885 1
817 967 1
817 995 1
819 927 1
821 846 1
821 870 1
821 940 1
822 828 1
822 829 1
822 835 1
822 859 1
822 865 1
822 898 1
822 959 1
823 827 1
823 891 1
823 972 1
824 951 1
825 972 1
827 857 1
827 903 1
828 877 1
828 901 1
828 948 1
831 951 1
831 991 1
832 848 1
835 959 1
836 866 1
837 879 1
837 883 1
837 939 1
838 858 1
838 897 1
839 886 1
840 926 1
840 947 1
842 928 1
842 1000 1
843 893 1
843 948 1
845 966 1
845 989 1
846 942 1
847 892 1
847 901 1
848 881 1
849 851 1
849 976 1
852 911 1
852 997 1
853 997 1
857 970 1
858 926 1
858 957 1
859 930 1
859 951 1
860 948 1
860 985 1
861 878 1
863 884 1
864 875 1
864 886 1
866 871 1
867 888 1
868 889 1
868 995 1
869 894 1
869 929 1
870 871 1
871 883 1
871 920 1
872 951 1
872 998 1
873 884 1
873 981 1
874 898 1
874 941 1
875 893 1
878 917 1
878 931 1
880 904 1
883 976 1
884 921 1
884 923 1
884 925 1
886 892 1
886 967 1
891 956 1
892 932 1
892 989 1
893 953 1
893 967 1
894 998 1
895 897 1
895 998 1
896 902 1
896 906 1
896 951 1
896 978 1
896 988 1
897 997 1
898 980 1
901 971 1
902 943 1
903 941 1
904 978 1
904 999 1
905 973 1
905 999 1
910 923 1
910 954 1
911 925 1
912 941 1
913 923 1
913 980 1
914 919 1
914 920 1
914 927 1
914 931 1
917 937 1
917 985 1
918 961 1
918 963 1
919 955 1
920 977 1
923 985 1
923 988 1
924 978 1
926 949 1
927 965 1
931 972 1
932 987 1
932 1000 1
934 937 1
937 967 1
939 975 1
939 989 1
940 951 1
942 951 1
942 971 1
943 994 1
944 954 1
946 964 1
952 963 1
952 972 1
953 972 1
955 979 1
958 977 1
963 983 1
964 1000 1
965 998 1
966 973 1
968 990 1
970 974 1
971 985 1
981 994 1
982 993 1
