1000 4948
1 78 1
1 157 1
1 191 1
1 228 1
1 558 1
1 559 1
1 573 1
1 586 1
1 592 1
1 637 1
1 781 1
1 810 1
2 87 1
2 274 1
2 305 1
2 363 1
2 466 1
2 510 1
2 624 1
2 712 1
2 775 1
2 925 1
2 979 1
2 984 1
3 75 1
3 124 1
3 195 1
3 274 1
3 369 1
3 547 1
3 731 1
3 786 1
3 801 1
3 837 1
3 888 1
4 55 1
4 569 1
4 593 1
4 976 1
5 293 1
5 318 1
5 491 1
5 582 1
5 870 1
6 259 1
6 350 1
6 426 1
6 483 1
6 504 1
6 556 1
6 636 1
6 687 1
6 757 1
6 772 1
7 93 1
7 187 1
7 231 1
7 409 1
7 430 1
7 503 1
7 558 1
7 643 1
7 663 1
7 679 1
7 721 1
7 725 1
7 728 1
7 901 1
8 51 1
8 137 1
8 392 1
8 413 1
8 520 1
8 606 1
8 911 1
8 940 1
8 998 1
9 44 1
9 70 1
9 155 1
9 183 1
9 220 1
9 485 1
10 13 1
10 59 1
10 95 1
10 112 1
10 231 1
10 234 1
10 289 1
10 316 1
10 420 1
10 516 1
10 711 1
10 765 1
10 882 1
11 78 1
11 262 1
11 571 1
11 740 1
12 162 1
12 384 1
12 481 1
12 552 1
12 652 1
12 866 1
12 880 1
12 932 1
13 190 1
13 303 1
13 343 1
13 349 1
13 421 1
13 798 1
13 812 1
13 827 1
13 882 1
14 58 1
14 171 1
14 210 1
14 211 1
14 231 1
14 245 1
14 257 1
14 287 1
14 317 1
14 318 1
14 386 1
14 468 1
14 570 1
14 694 1
14 816 1
14 915 1
15 17 1
15 36 1
15 70 1
15 202 1
15 426 1
15 562 1
15 593 1
15 611 1
15 711 1
16 281 1
16 385 1
16 395 1
16 495 1
16 519 1
16 537 1
16 780 1
16 809 1
16 906 1
16 935 1
16 967 1
17 25 1
17 98 1
17 239 1
17 284 1
17 367 1
17 407 1
17 409 1
17 620 1
17 662 1
17 719 1
17 760 1
18 117 1
18 291 1
18 500 1
18 611 1
18 678 1
18 870 1
19 47 1
19 304 1
19 503 1
19 590 1
19 808 1
19 979 1
20 118 1
20 188 1
20 214 1
20 291 1
20 325 1
20 330 1
20 499 1
20 693 1
20 734 1
20 761 1
20 771 1
20 820 1
20 839 1
20 890 1
20 918 1
21 234 1
21 323 1
21 375 1
21 445 1
21 479 1
21 499 1
21 506 1
21 521 1
21 535 1
21 666 1
21 836 1
22 112 1
22 260 1
22 308 1
22 386 1
22 428 1
22 479 1
22 556 1
22 744 1
22 831 1
22 874 1
23 296 1
23 415 1
23 496 1
23 604 1
23 888 1
23 926 1
24 131 1
24 264 1
24 394 1
24 418 1
24 471 1
25 76 1
25 97 1
25 104 1
25 138 1
25 272 1
25 302 1
25 477 1
25 492 1
25 493 1
25 543 1
25 581 1
25 654 1
25 691 1
25 704 1
26 112 1
26 500 1
26 569 1
26 615 1
26 648 1
26 817 1
26 894 1
26 905 1
26 963 1
27 356 1
27 417 1
27 559 1
27 606 1
27 805 1
27 870 1
28 50 1
28 51 1
28 257 1
28 270 1
28 352 1
28 354 1
28 785 1
28 874 1
28 939 1
29 386 1
29 502 1
29 833 1
29 837 1
29 846 1
29 890 1
29 945 1
29 954 1
29 970 1
29 978 1
30 33 1
30 285 1
30 371 1
30 401 1
30 437 1
30 438 1
30 479 1
30 531 1
30 802 1
30 831 1
31 57 1
31 66 1
31 138 1
31 156 1
31 213 1
31 242 1
31 433 1
31 581 1
31 664 1
31 672 1
31 778 1
31 819 1
32 127 1
32 367 1
32 375 1
32 518 1
32 590 1
32 818 1
32 855 1
32 993 1
33 502 1
33 719 1
33 752 1
33 766 1
33 929 1
34 60 1
34 79 1
34 190 1
34 215 1
34 290 1
34 319 1
34 353 1
34 492 1
34 533 1
34 569 1
34 767 1
34 983 1
35 46 1
35 157 1
35 186 1
35 332 1
35 336 1
35 356 1
35 416 1
35 448 1
35 779 1
35 997 1
36 112 1
36 140 1
36 287 1
36 406 1
36 567 1
36 935 1
37 83 1
37 272 1
37 356 1
37 428 1
37 595 1
37 659 1
37 792 1
37 808 1
37 878 1
38 73 1
38 81 1
38 182 1
38 204 1
38 233 1
38 265 1
38 394 1
38 508 1
38 610 1
38 713 1
38 736 1
38 1000 1
39 226 1
39 622 1
39 751 1
39 779 1
40 56 1
40 237 1
40 267 1
40 318 1
40 392 1
40 407 1
40 473 1
40 517 1
40 529 1
40 668 1
40 749 1
40 766 1
40 883 1
40 933 1
41 60 1
41 78 1
41 172 1
41 271 1
41 344 1
41 354 1
41 356 1
41 378 1
41 562 1
41 582 1
41 823 1
42 118 1
42 259 1
42 603 1
42 657 1
42 788 1
43 65 1
43 206 1
43 380 1
43 448 1
43 600 1
43 610 1
43 641 1
43 662 1
43 678 1
43 850 1
43 918 1
43 942 1
43 951 1
44 116 1
44 126 1
44 242 1
44 302 1
44 317 1
44 348 1
44 375 1
44 407 1
44 458 1
44 601 1
44 735 1
44 761 1
44 777 1
44 805 1
44 833 1
44 851 1
45 104 1
45 397 1
45 524 1
45 613 1
45 673 1
45 690 1
45 808 1
46 53 1
46 312 1
46 567 1
46 655 1
46 679 1
46 756 1
46 870 1
47 132 1
47 169 1
47 173 1
47 202 1
47 469 1
47 785 1
47 884 1
47 918 1
47 977 1
48 173 1
48 208 1
48 244 1
48 256 1
48 370 1
48 567 1
48 689 1
48 998 1
49 175 1
49 179 1
49 309 1
49 342 1
49 356 1
49 373 1
49 601 1
49 658 1
49 681 1
49 880 1
49 965 1
49 980 1
50 75 1
50 175 1
50 180 1
50 208 1
50 296 1
50 381 1
50 532 1
50 680 1
50 750 1
50 774 1
51 116 1
51 173 1
51 349 1
51 604 1
51 635 1
51 733 1
51 975 1
52 81 1
52 367 1
52 492 1
52 518 1
52 600 1
52 647 1
52 857 1
52 931 1
53 111 1
53 288 1
53 295 1
53 421 1
53 447 1
53 521 1
53 619 1
53 625 1
53 647 1
53 765 1
53 865 1
53 981 1
54 60 1
54 90 1
54 182 1
54 482 1
54 660 1
54 743 1
55 77 1
55 173 1
55 188 1
55 419 1
55 661 1
55 739 1
55 763 1
55 884 1
55 927 1
56 130 1
56 195 1
56 312 1
56 392 1
56 449 1
56 460 1
56 635 1
56 767 1
56 797 1
56 826 1
57 107 1
57 161 1
57 207 1
57 233 1
57 375 1
57 431 1
57 487 1
57 636 1
57 727 1
57 765 1
57 788 1
57 923 1
58 127 1
58 370 1
58 399 1
58 475 1
58 586 1
58 600 1
58 687 1
58 701 1
58 724 1
58 739 1
58 865 1
59 160 1
59 181 1
59 304 1
59 310 1
59 448 1
59 506 1
59 513 1
59 538 1
59 554 1
59 654 1
59 763 1
59 915 1
60 322 1
60 362 1
60 498 1
60 570 1
60 623 1
60 762 1
60 771 1
60 895 1
60 946 1
60 974 1
60 981 1
61 94 1
61 326 1
61 342 1
61 343 1
61 544 1
61 680 1
61 811 1
61 857 1
61 919 1
61 963 1
61 970 1
62 187 1
62 365 1
62 509 1
62 681 1
62 923 1
63 159 1
63 293 1
63 320 1
63 546 1
63 824 1
63 904 1
64 74 1
64 298 1
64 332 1
64 445 1
64 502 1
64 558 1
64 633 1
64 821 1
64 860 1
64 914 1
64 920 1
64 958 1
64 985 1
65 102 1
65 186 1
65 204 1
65 223 1
65 247 1
65 285 1
65 335 1
65 490 1
65 567 1
65 587 1
65 616 1
65 727 1
65 976 1
66 134 1
66 281 1
66 804 1
66 805 1
66 819 1
66 971 1
67 323 1
67 457 1
67 707 1
67 834 1
67 847 1
67 856 1
68 85 1
68 142 1
68 147 1
68 384 1
68 468 1
68 527 1
68 689 1
68 789 1
68 917 1
68 925 1
68 948 1
68 953 1
69 162 1
69 310 1
69 334 1
69 379 1
69 399 1
69 445 1
69 606 1
69 639 1
69 865 1
70 110 1
70 217 1
70 228 1
70 370 1
70 428 1
70 499 1
70 513 1
70 600 1
70 868 1
71 242 1
71 329 1
71 375 1
71 404 1
71 419 1
71 491 1
71 663 1
71 704 1
71 744 1
71 812 1
71 839 1
71 970 1
72 163 1
72 266 1
72 503 1
72 551 1
72 563 1
72 571 1
72 667 1
72 677 1
72 725 1
72 791 1
72 816 1
72 823 1
73 234 1
73 282 1
73 380 1
73 462 1
73 561 1
73 566 1
73 647 1
73 842 1
73 914 1
73 927 1
73 968 1
74 394 1
74 611 1
74 627 1
74 755 1
74 766 1
74 834 1
74 838 1
74 876 1
75 189 1
75 204 1
75 406 1
75 501 1
75 573 1
75 632 1
75 838 1
75 907 1
75 912 1
76 168 1
76 199 1
76 449 1
76 487 1
76 568 1
76 709 1
76 812 1
77 279 1
77 330 1
77 345 1
77 591 1
77 613 1
77 744 1
77 858 1
77 891 1
77 972 1
78 98 1
78 543 1
78 679 1
78 774 1
78 788 1
79 124 1
79 148 1
79 403 1
79 452 1
79 532 1
79 617 1
80 90 1
80 147 1
80 269 1
80 638 1
80 821 1
80 838 1
80 843 1
81 568 1
81 661 1
81 717 1
81 870 1
81 987 1
82 366 1
82 498 1
82 791 1
82 861 1
82 881 1
83 119 1
83 412 1
83 503 1
83 677 1
83 682 1
83 764 1
83 772 1
83 802 1
83 807 1
83 936 1
84 206 1
84 251 1
84 738 1
84 762 1
84 863 1
84 873 1
84 958 1
85 125 1
85 244 1
85 258 1
85 634 1
85 709 1
85 743 1
85 764 1
85 881 1
85 934 1
86 112 1
86 121 1
86 152 1
86 457 1
86 559 1
86 564 1
86 864 1
86 931 1
86 958 1
86 974 1
86 977 1
87 99 1
87 107 1
87 209 1
87 291 1
87 500 1
87 537 1
87 612 1
87 653 1
87 695 1
87 802 1
87 910 1
87 919 1
88 242 1
88 420 1
88 522 1
88 529 1
88 630 1
88 812 1
88 814 1
88 892 1
88 902 1
88 940 1
89 204 1
89 224 1
89 267 1
89 271 1
89 304 1
89 308 1
89 914 1
90 93 1
90 99 1
90 141 1
90 244 1
90 290 1
90 477 1
90 611 1
90 951 1
90 958 1
91 246 1
91 304 1
91 448 1
91 744 1
91 805 1
91 883 1
92 196 1
92 364 1
92 392 1
92 446 1
92 592 1
92 676 1
92 875 1
92 960 1
93 197 1
93 217 1
93 248 1
93 475 1
93 519 1
93 543 1
93 617 1
93 659 1
93 937 1
94 139 1
94 284 1
94 318 1
94 409 1
94 454 1
94 657 1
94 716 1
94 739 1
94 967 1
95 146 1
95 192 1
95 199 1
95 490 1
95 538 1
95 631 1
95 657 1
95 731 1
96 185 1
96 253 1
96 256 1
96 351 1
96 490 1
96 568 1
96 728 1
96 752 1
96 864 1
96 871 1
96 900 1
97 130 1
97 177 1
97 339 1
97 555 1
97 571 1
97 713 1
97 739 1
98 205 1
98 329 1
98 409 1
98 507 1
98 535 1
98 537 1
98 669 1
98 745 1
98 874 1
98 976 1
99 127 1
99 316 1
99 621 1
99 674 1
99 854 1
99 921 1
99 987 1
100 301 1
100 318 1
100 355 1
100 427 1
100 527 1
100 596 1
100 805 1
100 886 1
100 888 1
100 965 1
101 414 1
101 472 1
101 544 1
101 564 1
101 860 1
101 890 1
102 112 1
102 133 1
102 160 1
102 210 1
102 531 1
102 664 1
102 761 1
102 859 1
103 300 1
103 344 1
103 356 1
103 540 1
103 670 1
103 706 1
103 841 1
104 107 1
104 211 1
104 232 1
104 274 1
104 304 1
104 348 1
104 434 1
104 718 1
104 863 1
105 288 1
105 320 1
105 510 1
105 529 1
105 642 1
105 671 1
105 718 1
105 732 1
105 782 1
105 794 1
105 939 1
105 984 1
106 259 1
106 424 1
106 459 1
106 493 1
106 577 1
106 590 1
106 850 1
106 860 1
106 926 1
107 113 1
107 226 1
107 302 1
107 308 1
107 676 1
107 782 1
107 962 1
108 405 1
108 465 1
108 499 1
109 351 1
109 460 1
109 533 1
109 619 1
109 627 1
109 688 1
109 724 1
109 739 1
109 783 1
110 187 1
110 265 1
110 269 1
110 398 1
110 450 1
110 626 1
110 688 1
110 697 1
110 756 1
110 819 1
110 831 1
110 900 1
110 944 1
111 113 1
111 175 1
111 346 1
111 382 1
111 480 1
111 558 1
111 652 1
111 699 1
111 840 1
111 905 1
111 973 1
112 146 1
112 162 1
112 252 1
112 280 1
112 347 1
112 381 1
112 637 1
113 212 1
113 506 1
113 507 1
113 531 1
113 604 1
113 638 1
113 650 1
113 665 1
113 788 1
113 880 1
113 931 1
113 993 1
114 265 1
114 374 1
114 449 1
114 495 1
114 675 1
114 707 1
114 771 1
114 774 1
114 934 1
114 985 1
115 246 1
115 287 1
115 306 1
115 329 1
115 484 1
115 501 1
115 502 1
115 616 1
115 641 1
115 799 1
115 899 1
115 926 1
115 995 1
116 212 1
116 254 1
116 426 1
116 529 1
116 557 1
116 604 1
116 722 1
117 241 1
117 272 1
117 328 1
117 340 1
117 495 1
117 539 1
117 610 1
117 731 1
117 928 1
117 938 1
118 219 1
118 285 1
118 400 1
118 494 1
118 557 1
118 575 1
118 577 1
118 596 1
118 673 1
118 756 1
118 806 1
118 880 1
118 904 1
118 964 1
119 205 1
119 213 1
119 241 1
119 244 1
119 350 1
119 523 1
119 568 1
119 591 1
119 700 1
119 709 1
119 764 1
119 803 1
119 942 1
119 973 1
120 165 1
120 266 1
120 359 1
120 514 1
120 536 1
120 686 1
120 722 1
120 883 1
120 912 1
121 150 1
121 455 1
121 488 1
121 555 1
121 738 1
121 818 1
121 878 1
121 986 1
121 1000 1
122 205 1
122 341 1
122 540 1
122 678 1
122 781 1
122 909 1
122 951 1
123 230 1
123 534 1
123 543 1
123 633 1
123 651 1
123 746 1
123 768 1
124 223 1
124 334 1
124 430 1
124 469 1
124 481 1
124 558 1
124 671 1
124 740 1
124 930 1
124 977 1
125 164 1
125 303 1
125 417 1
125 473 1
125 491 1
125 517 1
125 694 1
126 149 1
126 155 1
126 210 1
126 225 1
126 247 1
126 437 1
126 806 1
126 876 1
126 920 1
127 138 1
127 200 1
127 489 1
127 541 1
127 635 1
127 636 1
127 953 1
128 133 1
128 139 1
128 194 1
128 326 1
128 513 1
128 529 1
128 746 1
128 777 1
129 144 1
129 233 1
129 407 1
129 417 1
129 555 1
129 560 1
129 584 1
129 593 1
129 640 1
129 653 1
129 920 1
130 158 1
130 473 1
130 474 1
130 545 1
130 614 1
130 724 1
130 791 1
130 906 1
130 998 1
131 268 1
131 311 1
131 319 1
131 412 1
131 485 1
131 514 1
131 530 1
131 548 1
131 717 1
131 912 1
131 930 1
132 135 1
132 251 1
132 304 1
132 305 1
132 308 1
132 573 1
132 622 1
133 311 1
133 478 1
133 515 1
133 562 1
133 761 1
133 900 1
133 972 1
134 246 1
134 361 1
134 386 1
134 393 1
134 739 1
134 743 1
134 847 1
134 943 1
135 159 1
135 196 1
135 489 1
135 603 1
135 951 1
135 969 1
136 280 1
136 449 1
136 542 1
136 724 1
136 733 1
136 747 1
136 886 1
136 889 1
136 959 1
137 146 1
137 261 1
137 481 1
137 726 1
137 894 1
137 897 1
138 417 1
138 449 1
138 473 1
138 568 1
138 666 1
138 897 1
138 990 1
139 418 1
139 442 1
139 613 1
139 641 1
139 925 1
139 1000 1
140 316 1
140 350 1
140 371 1
140 953 1
141 218 1
141 261 1
141 298 1
141 303 1
141 465 1
141 497 1
141 585 1
141 636 1
141 771 1
141 819 1
141 903 1
142 202 1
142 410 1
142 419 1
142 461 1
142 620 1
142 747 1
143 351 1
143 549 1
143 575 1
143 632 1
143 656 1
143 695 1
143 833 1
144 152 1
144 217 1
144 337 1
144 393 1
144 493 1
144 524 1
144 536 1
144 542 1
144 601 1
144 604 1
144 693 1
144 751 1
144 759 1
144 914 1
144 949 1
144 990 1
145 192 1
145 199 1
145 252 1
145 519 1
145 628 1
145 671 1
145 743 1
145 750 1
145 866 1
145 893 1
145 966 1
146 336 1
146 463 1
146 529 1
146 577 1
146 659 1
146 700 1
146 731 1
146 733 1
146 867 1
146 938 1
146 963 1
146 970 1
147 157 1
147 161 1
147 227 1
147 386 1
147 555 1
147 641 1
147 652 1
147 657 1
147 685 1
147 718 1
147 945 1
147 985 1
148 152 1
148 312 1
148 386 1
148 393 1
148 465 1
148 469 1
148 538 1
148 577 1
148 579 1
148 602 1
148 615 1
148 621 1
148 641 1
148 653 1
148 813 1
148 916 1
148 942 1
149 227 1
149 374 1
149 407 1
149 786 1
149 839 1
149 876 1
149 948 1
150 312 1
150 447 1
150 663 1
150 758 1
150 762 1
150 863 1
150 889 1
150 915 1
150 989 1
151 209 1
151 365 1
151 578 1
151 689 1
151 703 1
151 731 1
151 967 1
152 159 1
152 181 1
152 577 1
152 616 1
153 250 1
153 403 1
153 427 1
153 509 1
153 511 1
153 524 1
153 537 1
153 567 1
153 609 1
153 655 1
153 724 1
153 846 1
153 855 1
154 382 1
154 588 1
154 618 1
154 732 1
155 160 1
155 225 1
155 287 1
155 342 1
155 382 1
155 421 1
155 737 1
155 876 1
155 917 1
156 244 1
156 528 1
156 537 1
156 581 1
156 593 1
156 854 1
156 901 1
157 176 1
157 306 1
157 363 1
157 442 1
157 461 1
157 486 1
157 722 1
157 726 1
157 768 1
157 903 1
157 995 1
158 295 1
158 390 1
158 463 1
158 563 1
158 675 1
158 730 1
158 743 1
158 817 1
158 919 1
158 946 1
158 997 1
159 552 1
159 732 1
159 858 1
159 881 1
159 898 1
159 902 1
159 933 1
160 211 1
160 247 1
160 345 1
160 428 1
160 511 1
160 548 1
160 559 1
160 567 1
160 714 1
160 837 1
160 849 1
161 356 1
161 432 1
161 433 1
161 741 1
161 788 1
161 790 1
161 792 1
161 951 1
161 974 1
162 239 1
162 341 1
162 461 1
162 714 1
162 776 1
162 820 1
162 876 1
162 944 1
163 217 1
163 234 1
163 387 1
163 396 1
163 514 1
163 557 1
163 565 1
163 820 1
163 861 1
163 943 1
163 969 1
164 237 1
164 349 1
164 548 1
164 737 1
164 746 1
164 786 1
165 233 1
165 352 1
165 363 1
165 431 1
165 535 1
165 824 1
165 896 1
165 990 1
166 225 1
166 380 1
166 383 1
166 458 1
166 700 1
166 787 1
166 823 1
166 900 1
167 250 1
167 323 1
167 331 1
167 355 1
167 493 1
167 525 1
167 904 1
167 964 1
167 972 1
168 204 1
168 232 1
168 245 1
168 301 1
168 325 1
168 412 1
168 442 1
168 448 1
168 684 1
169 258 1
169 346 1
169 477 1
169 581 1
169 592 1
169 821 1
169 874 1
170 234 1
170 678 1
170 680 1
170 710 1
170 962 1
171 295 1
171 475 1
171 513 1
171 524 1
171 566 1
171 609 1
171 610 1
171 837 1
171 968 1
171 992 1
171 998 1
172 183 1
172 233 1
172 312 1
172 385 1
172 396 1
172 656 1
172 742 1
173 438 1
173 482 1
173 517 1
173 742 1
173 777 1
173 808 1
173 810 1
173 921 1
174 240 1
174 317 1
174 732 1
174 855 1
175 388 1
175 418 1
175 422 1
175 527 1
175 774 1
175 801 1
175 979 1
176 276 1
176 309 1
176 315 1
176 333 1
176 392 1
176 397 1
176 498 1
176 555 1
176 619 1
176 745 1
176 941 1
177 210 1
177 298 1
177 367 1
177 436 1
177 501 1
177 527 1
177 693 1
177 709 1
177 858 1
177 861 1
178 254 1
178 360 1
178 481 1
178 560 1
178 729 1
178 753 1
178 792 1
178 891 1
178 992 1
179 199 1
179 209 1
179 318 1
179 414 1
179 612 1
179 696 1
179 932 1
179 984 1
180 282 1
180 318 1
180 426 1
180 806 1
180 906 1
180 913 1
180 951 1
181 212 1
181 415 1
181 557 1
181 581 1
181 590 1
181 809 1
181 824 1
182 290 1
182 304 1
182 370 1
182 376 1
182 383 1
182 446 1
182 602 1
182 637 1
182 642 1
182 743 1
182 784 1
182 801 1
182 991 1
183 239 1
183 269 1
183 286 1
183 323 1
183 333 1
183 402 1
183 587 1
183 730 1
183 836 1
183 956 1
184 447 1
184 455 1
184 681 1
184 861 1
184 977 1
185 202 1
185 218 1
185 237 1
185 390 1
185 612 1
185 742 1
185 781 1
185 885 1
185 927 1
185 991 1
186 387 1
186 414 1
186 482 1
186 494 1
186 591 1
186 696 1
186 808 1
186 811 1
186 932 1
186 936 1
187 395 1
187 535 1
187 556 1
187 576 1
187 611 1
187 745 1
187 840 1
187 987 1
188 222 1
188 612 1
188 681 1
188 793 1
188 859 1
188 944 1
188 985 1
189 279 1
189 330 1
189 462 1
189 470 1
189 474 1
189 555 1
189 630 1
189 661 1
189 814 1
190 398 1
190 428 1
190 443 1
190 500 1
190 634 1
190 665 1
190 683 1
190 698 1
190 710 1
190 775 1
190 801 1
190 923 1
191 328 1
191 415 1
191 506 1
191 559 1
191 615 1
191 639 1
191 815 1
191 847 1
191 929 1
192 276 1
192 338 1
192 349 1
192 462 1
192 519 1
192 588 1
192 640 1
192 673 1
192 789 1
192 793 1
192 825 1
193 207 1
193 432 1
193 722 1
193 750 1
193 762 1
193 880 1
193 972 1
194 291 1
194 419 1
194 512 1
194 543 1
194 573 1
194 636 1
194 677 1
194 679 1
194 817 1
194 943 1
195 238 1
195 395 1
195 539 1
195 894 1
196 201 1
196 381 1
196 400 1
196 415 1
196 536 1
196 765 1
196 846 1
196 897 1
196 983 1
197 225 1
197 248 1
197 253 1
197 430 1
197 431 1
197 438 1
197 463 1
197 491 1
197 495 1
197 503 1
197 527 1
197 553 1
197 586 1
197 635 1
197 696 1
197 751 1
197 755 1
197 763 1
197 806 1
197 968 1
198 252 1
198 258 1
198 644 1
198 674 1
198 979 1
199 255 1
199 516 1
199 518 1
199 587 1
199 745 1
199 828 1
200 234 1
200 250 1
200 456 1
200 521 1
200 593 1
200 770 1
200 856 1
200 919 1
201 494 1
201 550 1
201 558 1
201 581 1
201 783 1
201 869 1
201 882 1
201 900 1
201 949 1
201 988 1
202 217 1
202 228 1
202 241 1
202 249 1
202 423 1
202 523 1
202 600 1
202 873 1
202 954 1
203 221 1
203 228 1
203 282 1
203 359 1
203 437 1
203 469 1
203 547 1
203 623 1
203 626 1
203 933 1
204 284 1
204 445 1
204 480 1
204 641 1
204 722 1
204 771 1
204 778 1
204 808 1
204 855 1
204 954 1
204 994 1
205 245 1
205 299 1
205 305 1
205 404 1
205 540 1
205 795 1
205 904 1
205 919 1
206 518 1
206 558 1
206 586 1
206 687 1
206 747 1
206 905 1
206 908 1
206 914 1
206 996 1
207 286 1
207 415 1
207 423 1
207 427 1
207 513 1
207 920 1
208 209 1
208 264 1
208 442 1
208 570 1
208 752 1
208 762 1
208 783 1
209 211 1
209 263 1
209 342 1
209 485 1
209 519 1
209 523 1
209 610 1
209 673 1
209 705 1
209 791 1
209 906 1
210 305 1
210 389 1
210 499 1
210 655 1
210 711 1
210 769 1
210 876 1
210 972 1
211 287 1
211 483 1
211 683 1
211 862 1
212 419 1
212 637 1
212 707 1
212 708 1
212 737 1
212 738 1
212 784 1
212 880 1
212 970 1
213 223 1
213 229 1
213 272 1
213 700 1
213 714 1
213 759 1
214 229 1
214 232 1
214 292 1
214 330 1
214 336 1
214 347 1
214 474 1
214 678 1
214 734 1
214 752 1
214 756 1
214 808 1
214 853 1
215 541 1
215 650 1
215 664 1
215 687 1
215 720 1
215 825 1
215 833 1
215 857 1
215 967 1
216 221 1
216 256 1
216 337 1
216 361 1
216 535 1
216 563 1
216 668 1
216 688 1
216 752 1
216 869 1
217 224 1
217 543 1
217 621 1
217 784 1
217 805 1
217 834 1
217 875 1
217 949 1
218 296 1
218 321 1
218 434 1
218 661 1
218 664 1
218 867 1
218 903 1
218 983 1
218 993 1
219 412 1
219 461 1
219 483 1
219 498 1
219 523 1
219 648 1
219 649 1
219 797 1
220 259 1
220 746 1
220 812 1
220 838 1
220 854 1
220 881 1
220 905 1
220 924 1
220 928 1
220 952 1
220 960 1
221 309 1
221 571 1
221 612 1
221 682 1
221 818 1
221 876 1
222 253 1
222 351 1
222 394 1
222 423 1
222 509 1
222 589 1
222 597 1
222 669 1
222 759 1
222 886 1
222 987 1
223 289 1
223 516 1
223 558 1
223 575 1
223 837 1
223 892 1
224 344 1
224 675 1
224 747 1
224 761 1
224 789 1
224 985 1
225 372 1
225 431 1
225 521 1
225 540 1
225 765 1
225 922 1
225 985 1
226 237 1
226 476 1
226 482 1
226 508 1
226 529 1
226 673 1
226 798 1
226 806 1
226 912 1
227 260 1
227 307 1
227 318 1
227 336 1
227 410 1
227 415 1
227 509 1
227 519 1
227 551 1
227 580 1
227 719 1
227 890 1
228 290 1
228 416 1
228 479 1
228 575 1
228 579 1
228 587 1
228 639 1
228 663 1
228 671 1
228 939 1
228 961 1
229 272 1
229 276 1
229 349 1
229 388 1
229 449 1
229 453 1
229 617 1
229 683 1
229 727 1
229 777 1
229 925 1
230 241 1
230 495 1
230 531 1
230 765 1
231 237 1
231 441 1
231 466 1
231 724 1
231 811 1
231 825 1
231 885 1
231 990 1
232 339 1
232 347 1
232 505 1
232 539 1
232 614 1
232 673 1
232 705 1
232 841 1
232 873 1
232 882 1
232 941 1
233 273 1
233 450 1
233 672 1
233 730 1
233 750 1
233 866 1
233 910 1
233 935 1
234 246 1
234 474 1
234 742 1
234 862 1
234 864 1
235 351 1
235 359 1
235 415 1
235 437 1
235 624 1
235 662 1
235 666 1
235 708 1
235 758 1
235 800 1
236 451 1
236 926 1
236 940 1
236 951 1
236 959 1
236 976 1
236 997 1
237 247 1
237 252 1
237 401 1
237 412 1
237 416 1
237 578 1
237 634 1
237 795 1
237 1000 1
238 289 1
238 311 1
238 516 1
238 542 1
238 585 1
238 633 1
238 635 1
238 654 1
238 731 1
238 818 1
238 886 1
238 891 1
238 894 1
238 917 1
238 959 1
239 352 1
239 466 1
239 664 1
239 748 1
239 815 1
240 310 1
240 417 1
240 499 1
240 624 1
240 660 1
240 839 1
241 313 1
241 339 1
241 435 1
241 502 1
241 518 1
241 554 1
241 604 1
241 678 1
241 741 1
242 773 1
242 813 1
243 253 1
243 257 1
243 288 1
243 292 1
243 529 1
243 558 1
243 582 1
243 634 1
243 763 1
243 794 1
243 842 1
243 942 1
243 968 1
244 517 1
244 534 1
244 832 1
244 882 1
244 970 1
245 254 1
245 297 1
245 340 1
245 341 1
245 361 1
245 371 1
245 390 1
245 584 1
245 664 1
245 925 1
246 270 1
246 273 1
246 618 1
246 872 1
246 890 1
247 360 1
247 413 1
247 571 1
247 722 1
247 871 1
247 878 1
247 913 1
247 957 1
247 962 1
248 316 1
248 436 1
248 539 1
248 673 1
248 752 1
248 760 1
248 770 1
248 908 1
248 915 1
249 453 1
249 688 1
249 874 1
249 979 1
250 296 1
250 438 1
250 841 1
251 439 1
251 633 1
251 807 1
251 846 1
252 300 1
252 492 1
252 513 1
252 514 1
252 542 1
252 624 1
252 642 1
252 706 1
252 747 1
253 314 1
253 462 1
253 509 1
253 531 1
253 730 1
253 937 1
253 964 1
254 497 1
254 518 1
254 785 1
255 387 1
255 454 1
255 466 1
255 540 1
255 684 1
255 893 1
256 347 1
256 376 1
256 586 1
256 625 1
256 652 1
256 766 1
256 801 1
256 881 1
256 905 1
257 442 1
257 504 1
257 512 1
257 685 1
257 959 1
258 293 1
258 550 1
258 651 1
258 684 1
258 685 1
258 775 1
258 905 1
258 930 1
258 962 1
259 269 1
259 286 1
259 330 1
259 340 1
259 374 1
259 409 1
259 548 1
259 658 1
259 667 1
259 696 1
259 704 1
259 733 1
260 267 1
260 520 1
260 542 1
260 676 1
260 682 1
260 687 1
260 703 1
260 792 1
260 933 1
261 287 1
261 350 1
261 395 1
261 530 1
261 647 1
261 908 1
262 276 1
262 339 1
262 412 1
262 508 1
262 769 1
262 783 1
262 921 1
262 949 1
262 951 1
263 323 1
263 373 1
263 453 1
263 630 1
263 670 1
263 798 1
263 872 1
263 899 1
263 953 1
263 959 1
264 506 1
264 652 1
264 848 1
265 457 1
265 581 1
265 745 1
265 773 1
265 845 1
265 888 1
265 890 1
265 986 1
266 488 1
266 759 1
266 903 1
266 980 1
266 984 1
267 278 1
267 438 1
267 440 1
267 521 1
267 621 1
267 732 1
267 735 1
267 757 1
267 783 1
267 789 1
267 961 1
268 299 1
268 306 1
268 363 1
268 411 1
268 420 1
268 428 1
268 451 1
268 494 1
269 411 1
269 786 1
269 912 1
269 960 1
270 298 1
270 343 1
270 604 1
271 468 1
271 676 1
271 763 1
271 915 1
271 932 1
272 277 1
272 418 1
272 456 1
272 499 1
272 723 1
272 918 1
272 942 1
273 548 1
273 647 1
273 677 1
273 705 1
273 872 1
274 326 1
274 366 1
274 561 1
274 619 1
274 622 1
274 830 1
274 934 1
274 988 1
275 362 1
275 778 1
275 781 1
275 965 1
275 968 1
275 996 1
276 351 1
276 447 1
276 615 1
276 807 1
276 984 1
276 994 1
277 440 1
277 551 1
277 640 1
277 759 1
277 917 1
278 318 1
278 392 1
278 407 1
278 473 1
278 485 1
278 518 1
278 538 1
278 685 1
278 720 1
278 759 1
278 801 1
278 815 1
278 933 1
279 488 1
279 496 1
279 516 1
279 539 1
279 694 1
279 698 1
279 741 1
279 757 1
279 784 1
279 834 1
279 860 1
279 937 1
280 330 1
280 476 1
280 660 1
280 669 1
280 672 1
280 701 1
280 780 1
280 819 1
280 837 1
280 973 1
281 478 1
281 543 1
281 688 1
281 897 1
281 988 1
282 290 1
282 364 1
282 379 1
282 444 1
282 601 1
282 626 1
282 784 1
282 918 1
283 374 1
283 375 1
283 505 1
283 541 1
283 758 1
283 823 1
283 955 1
284 295 1
284 316 1
284 525 1
284 593 1
284 866 1
285 289 1
285 378 1
285 425 1
285 472 1
285 522 1
285 533 1
285 735 1
285 758 1
286 316 1
286 344 1
286 355 1
286 397 1
286 580 1
286 583 1
286 637 1
286 702 1
286 737 1
286 852 1
286 925 1
286 971 1
287 441 1
287 522 1
287 847 1
287 957 1
287 989 1
288 475 1
288 665 1
288 696 1
288 841 1
289 364 1
289 428 1
289 433 1
289 436 1
289 443 1
289 763 1
289 795 1
289 822 1
290 297 1
290 431 1
290 442 1
290 472 1
290 970 1
291 397 1
291 398 1
291 829 1
291 839 1
292 356 1
292 487 1
292 502 1
292 505 1
292 546 1
292 585 1
292 679 1
292 737 1
292 817 1
292 883 1
292 979 1
293 420 1
293 722 1
293 763 1
293 870 1
293 878 1
293 886 1
293 929 1
293 946 1
294 324 1
294 355 1
294 367 1
294 499 1
294 522 1
294 585 1
294 589 1
294 665 1
294 736 1
294 795 1
295 539 1
295 650 1
295 722 1
295 809 1
295 821 1
295 988 1
296 304 1
296 514 1
296 532 1
296 622 1
296 686 1
296 692 1
296 717 1
296 758 1
297 416 1
297 487 1
297 564 1
297 912 1
297 987 1
298 340 1
298 556 1
298 631 1
298 772 1
298 876 1
299 367 1
299 428 1
299 440 1
299 517 1
299 603 1
299 642 1
299 652 1
299 660 1
299 756 1
299 838 1
299 930 1
300 529 1
300 577 1
300 637 1
300 694 1
300 801 1
300 804 1
300 860 1
300 939 1
301 311 1
301 417 1
301 517 1
301 537 1
301 696 1
301 727 1
301 750 1
301 885 1
301 905 1
301 948 1
302 460 1
302 476 1
302 660 1
302 674 1
302 715 1
302 730 1
302 745 1
302 812 1
302 918 1
303 357 1
303 508 1
303 578 1
303 643 1
303 814 1
303 817 1
303 889 1
303 894 1
303 989 1
304 386 1
304 604 1
304 842 1
304 899 1
305 425 1
305 520 1
305 813 1
305 886 1
306 324 1
306 350 1
306 359 1
306 454 1
306 510 1
306 575 1
306 633 1
306 635 1
306 691 1
306 744 1
306 802 1
306 878 1
307 619 1
307 662 1
307 714 1
307 736 1
307 811 1
307 823 1
307 838 1
307 900 1
307 943 1
308 434 1
308 510 1
308 554 1
308 565 1
308 585 1
308 694 1
308 722 1
308 821 1
309 426 1
309 434 1
309 543 1
309 845 1
310 684 1
310 721 1
310 811 1
310 855 1
310 873 1
311 464 1
311 606 1
311 607 1
311 807 1
311 877 1
311 943 1
312 335 1
312 377 1
312 445 1
312 462 1
312 658 1
312 749 1
312 838 1
312 982 1
313 317 1
313 632 1
313 726 1
314 341 1
314 409 1
314 843 1
314 949 1
314 994 1
315 421 1
315 718 1
315 978 1
316 318 1
316 439 1
316 540 1
316 570 1
316 666 1
316 747 1
316 849 1
316 888 1
317 456 1
317 551 1
317 621 1
317 865 1
317 899 1
318 363 1
318 565 1
318 597 1
318 719 1
318 763 1
318 778 1
318 788 1
318 853 1
318 878 1
319 356 1
319 391 1
319 412 1
319 681 1
319 682 1
319 812 1
319 934 1
319 944 1
320 329 1
320 416 1
320 441 1
320 604 1
320 646 1
320 733 1
320 873 1
320 946 1
320 995 1
321 398 1
321 487 1
321 557 1
321 781 1
321 794 1
321 903 1
321 914 1
322 542 1
322 727 1
322 826 1
323 396 1
323 438 1
323 637 1
323 741 1
323 814 1
323 862 1
324 473 1
324 493 1
324 614 1
324 622 1
324 760 1
324 808 1
324 867 1
325 474 1
325 508 1
325 660 1
325 678 1
325 729 1
325 760 1
325 788 1
325 941 1
326 795 1
327 528 1
327 594 1
327 674 1
327 733 1
327 914 1
327 976 1
328 473 1
328 560 1
328 615 1
328 693 1
328 768 1
328 788 1
328 884 1
328 916 1
328 930 1
328 935 1
328 995 1
329 395 1
329 401 1
329 444 1
329 580 1
329 662 1
329 811 1
329 944 1
330 373 1
330 432 1
330 714 1
330 756 1
330 767 1
330 831 1
330 880 1
330 981 1
331 414 1
331 448 1
331 700 1
331 751 1
332 405 1
332 485 1
332 546 1
332 710 1
332 764 1
332 819 1
333 651 1
333 710 1
333 842 1
333 914 1
334 390 1
334 394 1
334 470 1
334 542 1
334 723 1
334 734 1
334 826 1
334 900 1
335 367 1
335 456 1
335 836 1
335 853 1
335 879 1
336 351 1
336 355 1
336 374 1
336 438 1
336 716 1
336 753 1
336 924 1
337 403 1
337 404 1
337 587 1
337 732 1
337 900 1
338 370 1
338 427 1
338 442 1
338 453 1
338 476 1
338 655 1
338 828 1
339 373 1
339 400 1
339 403 1
339 471 1
339 599 1
339 764 1
339 963 1
339 966 1
339 998 1
340 415 1
340 498 1
340 504 1
340 518 1
340 554 1
340 664 1
340 700 1
341 501 1
341 575 1
341 615 1
342 399 1
342 560 1
342 616 1
342 727 1
342 859 1
343 387 1
343 418 1
343 475 1
343 523 1
343 598 1
343 724 1
343 763 1
343 912 1
343 979 1
344 381 1
344 477 1
344 703 1
344 771 1
344 811 1
344 972 1
344 980 1
344 984 1
345 394 1
345 517 1
345 831 1
346 406 1
346 559 1
346 751 1
346 772 1
346 805 1
346 839 1
346 998 1
347 367 1
347 558 1
347 562 1
347 691 1
347 704 1
347 821 1
347 833 1
347 838 1
347 869 1
347 871 1
347 970 1
348 467 1
348 477 1
348 482 1
348 604 1
348 687 1
348 709 1
348 711 1
348 873 1
348 912 1
349 414 1
349 470 1
349 601 1
349 616 1
349 691 1
349 826 1
349 853 1
349 860 1
349 883 1
350 364 1
350 428 1
350 475 1
350 895 1
350 914 1
350 987 1
351 511 1
351 572 1
352 594 1
353 401 1
353 465 1
353 586 1
353 637 1
353 742 1
353 790 1
353 831 1
353 850 1
353 893 1
353 897 1
353 953 1
354 401 1
354 435 1
354 484 1
354 571 1
354 578 1
354 588 1
354 593 1
354 745 1
354 983 1
355 372 1
355 629 1
355 675 1
355 823 1
355 845 1
356 480 1
356 492 1
356 502 1
356 606 1
356 731 1
356 835 1
356 836 1
356 912 1
356 931 1
356 940 1
356 952 1
356 968 1
357 421 1
357 858 1
358 562 1
358 570 1
358 593 1
358 622 1
358 693 1
358 728 1
358 823 1
359 385 1
359 398 1
359 591 1
359 663 1
359 689 1
359 697 1
359 734 1
360 468 1
360 534 1
360 581 1
360 604 1
360 654 1
360 665 1
360 750 1
360 891 1
360 911 1
360 938 1
360 970 1
361 487 1
361 553 1
361 806 1
362 440 1
362 443 1
362 642 1
362 647 1
362 682 1
362 694 1
363 463 1
363 527 1
363 769 1
363 814 1
363 912 1
364 505 1
364 641 1
364 675 1
364 754 1
365 450 1
365 493 1
365 608 1
365 631 1
365 640 1
365 703 1
365 740 1
366 462 1
366 639 1
366 690 1
366 823 1
367 390 1
367 398 1
367 408 1
367 451 1
367 518 1
367 683 1
367 759 1
367 807 1
367 879 1
368 562 1
368 618 1
368 642 1
368 904 1
368 909 1
369 384 1
369 429 1
369 432 1
369 470 1
369 512 1
369 632 1
369 654 1
369 859 1
369 864 1
369 877 1
369 896 1
369 901 1
369 946 1
369 951 1
369 952 1
369 981 1
370 384 1
370 630 1
370 679 1
370 710 1
370 750 1
370 781 1
370 975 1
371 463 1
371 527 1
371 544 1
371 599 1
371 605 1
371 746 1
371 790 1
371 822 1
371 881 1
371 882 1
371 887 1
371 970 1
372 426 1
372 507 1
372 542 1
372 913 1
373 589 1
373 715 1
373 772 1
374 401 1
374 498 1
374 579 1
374 627 1
374 683 1
374 801 1
375 434 1
375 628 1
375 681 1
375 886 1
375 945 1
376 474 1
376 495 1
376 569 1
376 768 1
376 991 1
377 678 1
377 955 1
378 566 1
378 713 1
378 747 1
378 844 1
379 835 1
379 976 1
379 982 1
379 985 1
380 421 1
380 435 1
380 629 1
380 693 1
380 910 1
380 926 1
381 407 1
381 436 1
381 444 1
381 539 1
381 566 1
381 630 1
381 664 1
381 742 1
381 761 1
381 798 1
381 821 1
381 860 1
382 388 1
382 531 1
382 683 1
382 901 1
382 937 1
382 952 1
383 392 1
383 534 1
383 600 1
383 757 1
383 789 1
383 847 1
383 856 1
383 980 1
384 438 1
384 599 1
384 669 1
384 716 1
384 819 1
384 822 1
384 845 1
384 974 1
384 981 1
385 423 1
385 641 1
385 665 1
385 857 1
385 859 1
385 945 1
386 390 1
386 471 1
386 701 1
386 998 1
387 484 1
387 615 1
387 831 1
387 934 1
387 1000 1
388 544 1
388 994 1
389 532 1
389 652 1
389 656 1
389 677 1
389 872 1
389 904 1
389 965 1
389 981 1
390 405 1
390 585 1
390 599 1
390 706 1
390 740 1
390 940 1
391 613 1
391 649 1
391 720 1
391 749 1
391 763 1
391 856 1
391 961 1
392 417 1
392 436 1
392 475 1
392 514 1
392 778 1
392 784 1
392 821 1
392 890 1
393 448 1
393 458 1
393 602 1
393 699 1
393 824 1
393 891 1
393 908 1
393 943 1
394 614 1
394 867 1
394 922 1
395 538 1
395 594 1
395 719 1
395 744 1
395 781 1
395 799 1
395 879 1
396 489 1
396 735 1
396 910 1
396 932 1
396 991 1
397 459 1
397 546 1
397 601 1
397 666 1
397 712 1
397 820 1
398 502 1
398 579 1
398 731 1
398 805 1
398 828 1
398 834 1
398 843 1
398 904 1
398 953 1
399 479 1
399 633 1
399 935 1
399 984 1
400 634 1
400 747 1
400 970 1
401 483 1
401 524 1
401 804 1
401 814 1
401 857 1
401 938 1
402 554 1
402 879 1
403 547 1
403 578 1
403 753 1
403 755 1
403 780 1
403 922 1
403 962 1
404 419 1
404 586 1
404 640 1
404 672 1
404 890 1
404 922 1
406 424 1
406 645 1
406 650 1
406 691 1
406 934 1
406 938 1
407 465 1
407 497 1
407 791 1
407 807 1
407 918 1
408 594 1
408 626 1
408 896 1
409 672 1
409 709 1
409 779 1
409 979 1
410 468 1
410 518 1
410 814 1
411 572 1
411 652 1
411 706 1
411 763 1
411 764 1
411 860 1
411 936 1
411 965 1
412 501 1
412 591 1
412 814 1
412 826 1
412 920 1
412 970 1
412 990 1
413 419 1
413 471 1
413 710 1
414 449 1
414 489 1
414 560 1
414 565 1
414 598 1
414 669 1
414 796 1
414 821 1
414 831 1
415 568 1
415 579 1
415 607 1
415 658 1
415 705 1
415 921 1
415 924 1
416 429 1
416 768 1
416 865 1
417 439 1
417 532 1
417 802 1
417 943 1
418 485 1
418 541 1
418 554 1
418 642 1
418 643 1
418 800 1
419 523 1
419 775 1
419 848 1
420 515 1
420 516 1
420 737 1
420 745 1
420 785 1
420 833 1
420 970 1
421 535 1
421 565 1
421 919 1
422 456 1
422 579 1
422 640 1
422 733 1
422 778 1
422 785 1
422 809 1
422 912 1
422 966 1
422 978 1
423 574 1
423 672 1
423 689 1
423 846 1
423 971 1
424 448 1
424 551 1
424 810 1
424 889 1
425 465 1
425 495 1
425 550 1
425 603 1
425 604 1
425 693 1
425 748 1
425 757 1
425 823 1
425 833 1
425 921 1
425 980 1
425 1000 1
426 616 1
426 711 1
426 770 1
426 772 1
426 795 1
426 858 1
427 475 1
427 632 1
427 983 1
428 683 1
428 735 1
429 559 1
429 673 1
429 728 1
429 811 1
429 902 1
430 436 1
430 547 1
430 752 1
430 805 1
430 931 1
431 617 1
431 677 1
431 755 1
431 823 1
431 858 1
432 458 1
432 496 1
432 775 1
432 778 1
432 921 1
432 950 1
433 449 1
433 563 1
433 570 1
433 580 1
433 766 1
433 790 1
434 447 1
434 477 1
434 563 1
434 601 1
434 733 1
434 802 1
434 984 1
435 485 1
435 509 1
435 721 1
435 778 1
435 888 1
436 498 1
436 589 1
436 609 1
436 648 1
436 757 1
436 958 1
437 568 1
437 592 1
437 689 1
437 711 1
437 790 1
437 808 1
437 881 1
438 520 1
438 529 1
438 681 1
438 731 1
438 755 1
438 912 1
439 462 1
439 513 1
439 554 1
439 690 1
439 940 1
439 990 1
439 992 1
439 999 1
440 451 1
441 591 1
441 727 1
441 913 1
441 927 1
441 950 1
441 951 1
441 1000 1
442 454 1
442 483 1
442 546 1
442 756 1
442 923 1
443 886 1
444 501 1
444 583 1
444 597 1
444 609 1
444 627 1
444 723 1
444 846 1
444 880 1
444 920 1
445 564 1
445 810 1
445 811 1
445 945 1
446 479 1
446 660 1
446 709 1
446 729 1
446 753 1
446 832 1
446 966 1
447 812 1
447 944 1
448 943 1
448 947 1
449 457 1
449 475 1
449 513 1
449 516 1
449 535 1
449 600 1
449 752 1
449 909 1
449 972 1
449 988 1
449 989 1
450 452 1
450 514 1
450 972 1
451 686 1
451 905 1
451 988 1
452 579 1
452 812 1
452 874 1
453 587 1
453 688 1
453 734 1
454 562 1
454 568 1
454 640 1
454 683 1
454 699 1
454 839 1
454 840 1
455 468 1
455 610 1
455 878 1
455 887 1
455 906 1
456 519 1
456 759 1
457 672 1
457 829 1
457 854 1
458 770 1
458 786 1
458 936 1
459 754 1
459 951 1
460 553 1
460 597 1
461 559 1
461 573 1
461 672 1
461 923 1
462 488 1
462 502 1
463 705 1
464 525 1
464 861 1
464 871 1
465 670 1
465 766 1
465 857 1
465 894 1
465 901 1
466 485 1
466 584 1
466 731 1
466 871 1
467 503 1
467 604 1
467 649 1
467 890 1
467 895 1
468 523 1
468 542 1
468 751 1
468 941 1
468 949 1
468 997 1
469 710 1
469 895 1
470 517 1
470 940 1
471 519 1
471 585 1
471 703 1
471 905 1
471 942 1
471 982 1
472 534 1
472 543 1
472 713 1
472 769 1
472 986 1
473 551 1
474 823 1
474 828 1
474 839 1
475 568 1
475 643 1
475 701 1
475 707 1
475 721 1
475 894 1
475 985 1
476 503 1
476 660 1
476 905 1
477 522 1
477 686 1
477 775 1
477 918 1
477 988 1
478 504 1
478 636 1
478 653 1
478 710 1
478 767 1
478 769 1
478 958 1
478 966 1
478 982 1
478 987 1
479 488 1
479 644 1
479 647 1
479 913 1
480 797 1
480 803 1
480 863 1
481 513 1
481 632 1
481 645 1
481 682 1
481 725 1
481 806 1
481 973 1
482 528 1
482 560 1
482 578 1
482 592 1
482 626 1
482 667 1
482 782 1
482 796 1
482 822 1
482 831 1
482 855 1
482 927 1
483 736 1
483 762 1
483 774 1
483 966 1
484 622 1
484 748 1
485 545 1
485 652 1
485 713 1
485 766 1
485 861 1
485 866 1
486 552 1
486 663 1
486 692 1
486 738 1
486 794 1
486 868 1
486 894 1
487 701 1
487 743 1
487 829 1
487 832 1
487 838 1
487 937 1
487 989 1
488 789 1
488 871 1
489 523 1
489 542 1
489 546 1
489 580 1
489 598 1
489 861 1
489 988 1
490 507 1
490 517 1
490 887 1
490 946 1
491 536 1
491 584 1
491 844 1
491 915 1
491 919 1
491 977 1
492 509 1
492 514 1
492 620 1
492 802 1
492 834 1
492 877 1
493 599 1
493 796 1
493 857 1
493 866 1
494 497 1
494 676 1
494 688 1
494 774 1
494 948 1
495 549 1
495 611 1
495 712 1
495 736 1
495 800 1
495 832 1
495 903 1
495 907 1
496 534 1
496 559 1
496 692 1
496 828 1
496 974 1
497 588 1
497 617 1
497 677 1
497 712 1
497 757 1
497 777 1
497 991 1
498 529 1
498 716 1
498 897 1
498 941 1
499 559 1
499 560 1
499 596 1
499 833 1
499 841 1
499 885 1
499 905 1
500 617 1
500 625 1
500 646 1
500 881 1
500 938 1
500 944 1
501 571 1
501 604 1
501 615 1
501 621 1
501 645 1
501 682 1
501 702 1
501 819 1
501 904 1
501 1000 1
502 565 1
502 576 1
502 655 1
502 686 1
502 717 1
502 922 1
503 667 1
503 967 1
504 700 1
504 717 1
504 756 1
504 944 1
505 520 1
505 530 1
505 551 1
505 569 1
505 667 1
505 764 1
505 914 1
506 636 1
506 691 1
506 718 1
506 741 1
506 751 1
506 807 1
506 823 1
506 828 1
507 581 1
507 848 1
507 931 1
508 520 1
508 623 1
508 650 1
508 912 1
509 600 1
509 723 1
509 743 1
509 840 1
510 569 1
510 585 1
510 604 1
510 704 1
510 878 1
510 889 1
510 968 1
510 989 1
510 992 1
511 609 1
511 744 1
511 975 1
512 548 1
512 584 1
512 650 1
512 715 1
512 816 1
512 868 1
512 883 1
513 666 1
513 910 1
514 525 1
514 549 1
514 623 1
514 632 1
514 764 1
515 561 1
515 603 1
515 683 1
515 888 1
515 940 1
516 522 1
516 668 1
517 669 1
517 721 1
517 745 1
517 784 1
517 839 1
517 855 1
517 880 1
517 884 1
517 929 1
518 519 1
518 543 1
518 557 1
518 567 1
518 581 1
518 637 1
518 757 1
518 1000 1
519 549 1
519 767 1
519 812 1
519 849 1
519 930 1
520 600 1
520 687 1
520 862 1
520 909 1
520 912 1
520 924 1
521 639 1
521 703 1
521 846 1
522 545 1
522 567 1
522 598 1
522 739 1
522 745 1
522 764 1
522 981 1
523 683 1
523 703 1
523 820 1
523 964 1
524 527 1
524 576 1
524 813 1
524 839 1
524 854 1
525 535 1
525 633 1
525 672 1
525 756 1
525 798 1
525 904 1
526 827 1
526 851 1
527 704 1
527 712 1
527 779 1
527 963 1
527 983 1
528 567 1
528 568 1
528 588 1
528 619 1
528 623 1
528 641 1
528 865 1
529 635 1
529 692 1
529 897 1
529 959 1
530 552 1
530 590 1
530 604 1
530 660 1
530 712 1
530 742 1
530 844 1
530 971 1
531 736 1
531 775 1
531 780 1
531 922 1
532 587 1
532 619 1
532 725 1
532 777 1
532 950 1
533 542 1
533 682 1
533 827 1
533 839 1
533 881 1
533 906 1
533 1000 1
535 685 1
535 722 1
535 725 1
535 803 1
535 840 1
536 576 1
536 716 1
537 616 1
537 671 1
537 1000 1
538 553 1
538 685 1
538 789 1
538 835 1
538 992 1
539 585 1
539 645 1
539 735 1
539 744 1
539 772 1
539 777 1
540 841 1
540 859 1
540 959 1
540 998 1
541 749 1
541 903 1
541 1000 1
542 818 1
542 904 1
543 630 1
543 716 1
543 720 1
543 793 1
543 941 1
544 566 1
544 576 1
544 655 1
544 781 1
544 816 1
544 847 1
544 995 1
545 701 1
545 748 1
545 749 1
545 875 1
545 903 1
546 600 1
546 753 1
546 862 1
547 613 1
547 643 1
547 677 1
547 778 1
547 815 1
547 824 1
547 831 1
548 787 1
548 814 1
548 817 1
548 830 1
548 839 1
548 879 1
548 985 1
549 592 1
549 607 1
549 716 1
549 820 1
549 957 1
550 662 1
551 658 1
551 821 1
551 844 1
551 869 1
551 931 1
551 969 1
552 606 1
552 624 1
552 647 1
552 834 1
552 952 1
553 556 1
553 667 1
554 636 1
554 679 1
554 683 1
554 798 1
554 898 1
555 873 1
555 933 1
556 666 1
556 708 1
556 875 1
556 890 1
557 666 1
557 706 1
557 735 1
557 801 1
557 891 1
557 915 1
557 948 1
558 609 1
558 676 1
558 714 1
558 918 1
558 949 1
559 560 1
559 565 1
559 687 1
559 698 1
559 716 1
559 729 1
559 765 1
559 775 1
559 857 1
559 870 1
559 963 1
560 576 1
560 688 1
560 808 1
560 989 1
561 779 1
561 811 1
561 999 1
562 824 1
562 878 1
562 883 1
562 919 1
562 946 1
562 984 1
563 617 1
563 721 1
563 852 1
563 928 1
564 612 1
564 721 1
564 762 1
564 846 1
564 869 1
564 928 1
564 958 1
565 833 1
566 593 1
566 614 1
566 634 1
566 684 1
566 720 1
566 849 1
568 663 1
568 801 1
568 803 1
568 851 1
568 946 1
568 990 1
569 669 1
569 716 1
569 737 1
569 793 1
569 833 1
570 702 1
570 703 1
570 728 1
570 767 1
570 984 1
571 865 1
571 888 1
571 897 1
572 858 1
572 912 1
572 965 1
573 586 1
573 704 1
573 709 1
573 729 1
574 576 1
574 585 1
574 671 1
574 791 1
574 916 1
574 957 1
574 1000 1
575 636 1
575 644 1
575 683 1
575 962 1
576 729 1
576 746 1
576 1000 1
577 808 1
577 941 1
578 612 1
578 700 1
578 866 1
578 934 1
578 942 1
578 943 1
579 690 1
579 725 1
580 711 1
580 900 1
580 984 1
581 648 1
581 665 1
581 939 1
581 972 1
581 1000 1
582 836 1
582 844 1
582 922 1
583 590 1
583 667 1
583 734 1
583 816 1
583 838 1
583 965 1
583 990 1
584 642 1
584 751 1
584 769 1
584 821 1
584 917 1
584 993 1
585 722 1
585 938 1
585 949 1
586 652 1
586 667 1
586 674 1
586 781 1
586 890 1
586 937 1
586 967 1
587 614 1
587 731 1
587 828 1
587 849 1
587 853 1
588 605 1
588 698 1
588 865 1
588 866 1
589 802 1
589 854 1
590 620 1
590 914 1
590 979 1
591 602 1
591 673 1
591 683 1
591 705 1
591 782 1
591 846 1
591 847 1
591 857 1
591 946 1
592 742 1
592 747 1
592 754 1
592 838 1
592 851 1
593 620 1
593 633 1
593 787 1
593 867 1
593 914 1
593 979 1
593 991 1
593 994 1
594 813 1
594 844 1
594 851 1
594 920 1
595 803 1
595 811 1
595 851 1
595 857 1
595 932 1
596 637 1
596 674 1
596 719 1
596 769 1
596 788 1
596 960 1
597 886 1
597 930 1
598 631 1
598 681 1
598 801 1
598 839 1
598 844 1
598 961 1
599 775 1
599 778 1
599 915 1
600 641 1
600 683 1
600 752 1
600 869 1
600 880 1
601 716 1
601 928 1
601 937 1
602 742 1
602 890 1
603 631 1
603 700 1
603 746 1
603 747 1
604 688 1
604 728 1
605 633 1
605 731 1
605 760 1
606 937 1
607 845 1
608 780 1
608 805 1
608 823 1
608 824 1
608 825 1
608 832 1
608 954 1
609 802 1
609 952 1
609 970 1
610 783 1
610 878 1
610 918 1
610 919 1
611 715 1
611 812 1
611 813 1
611 933 1
612 624 1
612 669 1
612 743 1
612 823 1
612 828 1
612 967 1
613 725 1
613 816 1
614 798 1
614 831 1
614 883 1
615 874 1
615 911 1
616 739 1
616 845 1
616 916 1
616 995 1
617 945 1
618 638 1
618 944 1
619 627 1
619 652 1
619 743 1
619 840 1
619 864 1
619 980 1
620 711 1
620 976 1
621 696 1
621 803 1
622 695 1
622 753 1
622 970 1
623 686 1
623 813 1
623 866 1
624 850 1
624 868 1
625 710 1
625 760 1
626 717 1
626 898 1
626 978 1
627 687 1
627 835 1
628 682 1
628 702 1
628 785 1
628 810 1
628 815 1
628 833 1
628 932 1
629 672 1
629 811 1
629 942 1
630 742 1
630 779 1
630 803 1
630 907 1
630 915 1
630 976 1
632 863 1
632 865 1
632 957 1
633 795 1
633 998 1
634 686 1
634 810 1
634 848 1
634 852 1
634 883 1
634 999 1
635 647 1
635 685 1
635 731 1
635 780 1
635 799 1
635 885 1
636 646 1
636 676 1
636 678 1
636 809 1
636 933 1
636 946 1
636 997 1
637 750 1
637 770 1
637 801 1
637 890 1
638 716 1
638 730 1
638 793 1
638 818 1
639 692 1
639 879 1
640 747 1
640 782 1
640 807 1
640 843 1
640 944 1
641 706 1
641 821 1
641 919 1
641 930 1
641 943 1
641 956 1
642 680 1
642 712 1
642 717 1
642 783 1
642 843 1
642 970 1
643 759 1
643 835 1
643 861 1
643 952 1
644 681 1
644 724 1
644 892 1
644 989 1
645 821 1
645 907 1
646 735 1
646 791 1
646 848 1
646 977 1
647 725 1
648 954 1
648 962 1
648 980 1
649 662 1
649 785 1
649 925 1
650 678 1
651 701 1
651 744 1
651 814 1
651 859 1
652 877 1
652 884 1
652 935 1
653 664 1
653 892 1
654 676 1
654 727 1
654 765 1
654 782 1
654 880 1
655 770 1
655 891 1
655 978 1
656 775 1
656 848 1
657 729 1
657 904 1
657 914 1
657 968 1
657 972 1
657 994 1
657 1000 1
659 796 1
659 823 1
659 849 1
659 870 1
659 872 1
660 793 1
661 845 1
661 926 1
661 931 1
662 855 1
662 887 1
662 932 1
663 684 1
663 733 1
663 762 1
663 839 1
664 722 1
664 724 1
664 785 1
664 806 1
664 838 1
664 892 1
664 893 1
664 895 1
664 930 1
665 697 1
665 846 1
666 772 1
666 815 1
666 929 1
666 947 1
666 982 1
667 712 1
668 721 1
668 851 1
668 907 1
668 976 1
669 678 1
669 752 1
669 804 1
669 904 1
670 688 1
670 716 1
670 777 1
670 897 1
670 904 1
670 966 1
671 946 1
672 752 1
672 847 1
672 854 1
672 863 1
672 939 1
672 972 1
672 983 1
673 738 1
673 935 1
673 942 1
673 959 1
674 829 1
674 895 1
674 927 1
675 693 1
675 755 1
675 851 1
675 874 1
675 953 1
676 699 1
676 912 1
677 727 1
677 760 1
677 797 1
677 836 1
677 959 1
678 893 1
679 820 1
679 878 1
679 968 1
680 755 1
680 798 1
680 982 1
681 701 1
681 889 1
681 989 1
682 702 1
682 762 1
682 812 1
682 921 1
683 689 1
683 692 1
683 727 1
683 804 1
683 867 1
683 892 1
684 734 1
684 778 1
684 1000 1
685 996 1
686 843 1
686 962 1
687 818 1
687 888 1
687 970 1
687 975 1
687 995 1
688 883 1
689 736 1
689 747 1
689 760 1
689 773 1
689 983 1
690 981 1
691 741 1
691 787 1
691 797 1
691 900 1
691 969 1
692 807 1
692 866 1
692 936 1
692 959 1
692 990 1
693 835 1
693 860 1
694 703 1
694 787 1
694 876 1
695 704 1
695 779 1
695 898 1
696 752 1
696 762 1
696 811 1
696 871 1
696 884 1
697 944 1
698 795 1
698 926 1
698 991 1
699 766 1
699 804 1
699 832 1
699 923 1
700 708 1
700 715 1
700 856 1
700 863 1
700 901 1
700 933 1
701 732 1
701 963 1
701 988 1
701 992 1
702 837 1
702 898 1
702 918 1
703 766 1
703 777 1
704 712 1
704 916 1
705 724 1
705 753 1
707 724 1
707 788 1
707 853 1
708 822 1
708 981 1
709 716 1
709 780 1
709 840 1
709 909 1
709 943 1
710 721 1
710 748 1
710 952 1
711 716 1
711 754 1
711 780 1
711 808 1
711 907 1
711 999 1
712 726 1
712 727 1
712 784 1
712 855 1
712 895 1
712 909 1
713 892 1
713 963 1
714 911 1
714 921 1
714 930 1
715 998 1
716 910 1
717 736 1
717 812 1
717 836 1
717 923 1
718 906 1
718 966 1
718 974 1
719 832 1
719 947 1
719 997 1
720 792 1
720 818 1
720 886 1
720 944 1
721 848 1
721 896 1
722 793 1
722 884 1
722 901 1
722 965 1
722 989 1
723 831 1
723 909 1
723 976 1
725 780 1
725 823 1
725 856 1
725 860 1
725 933 1
727 730 1
727 887 1
728 835 1
728 900 1
728 1000 1
729 814 1
730 761 1
730 774 1
730 914 1
731 750 1
731 896 1
731 978 1
732 774 1
732 806 1
733 818 1
733 967 1
733 993 1
734 841 1
735 844 1
735 861 1
735 926 1
735 950 1
736 917 1
736 918 1
736 962 1
737 756 1
737 774 1
737 783 1
738 840 1
738 898 1
739 744 1
740 835 1
740 876 1
740 920 1
741 752 1
741 866 1
741 895 1
742 795 1
742 798 1
742 808 1
743 793 1
743 831 1
744 812 1
744 851 1
745 895 1
747 760 1
747 796 1
747 843 1
747 922 1
747 1000 1
749 838 1
750 827 1
750 947 1
751 753 1
752 826 1
752 838 1
753 803 1
753 892 1
753 980 1
753 990 1
754 885 1
755 767 1
755 792 1
755 936 1
756 895 1
756 915 1
757 789 1
757 793 1
757 929 1
757 985 1
757 992 1
757 998 1
758 807 1
758 932 1
759 848 1
759 862 1
759 863 1
760 768 1
760 875 1
760 957 1
761 826 1
761 828 1
761 907 1
761 989 1
762 795 1
762 923 1
763 855 1
763 974 1
764 880 1
765 766 1
765 846 1
765 883 1
767 829 1
767 838 1
767 860 1
767 887 1
768 848 1
768 961 1
768 970 1
768 1000 1
769 782 1
769 804 1
769 834 1
769 880 1
769 902 1
769 935 1
769 952 1
771 829 1
771 843 1
771 906 1
772 880 1
772 895 1
772 940 1
773 867 1
774 842 1
774 918 1
774 950 1
775 785 1
775 990 1
776 834 1
776 937 1
776 948 1
777 782 1
777 808 1
777 831 1
777 903 1
777 944 1
777 949 1
778 790 1
778 883 1
778 915 1
778 916 1
778 973 1
779 819 1
779 846 1
779 868 1
779 909 1
781 799 1
781 821 1
781 862 1
781 967 1
783 824 1
783 889 1
784 785 1
784 868 1
784 886 1
784 986 1
785 926 1
785 961 1
785 991 1
786 855 1
786 956 1
788 978 1
789 854 1
790 813 1
790 832 1
790 854 1
791 803 1
791 852 1
791 931 1
791 972 1
792 861 1
792 917 1
793 841 1
793 921 1
793 926 1
793 993 1
796 956 1
797 941 1
797 1000 1
798 864 1
798 926 1
800 890 1
800 912 1
800 924 1
802 858 1
802 898 1
803 856 1
804 926 1
804 951 1
805 991 1
806 940 1
808 826 1
808 850 1
809 907 1
810 855 1
810 958 1
810 979 1
811 893 1
811 933 1
812 873 1
812 901 1
812 1000 1
813 834 1
813 837 1
814 843 1
814 995 1
815 885 1
816 837 1
816 867 1
816 968 1
817 995 1
818 822 1
818 947 1
819 875 1
819 927 1
820 961 1
822 855 1
822 865 1
824 854 1
825 873 1
825 886 1
825 993 1
826 866 1
827 914 1
828 840 1
829 865 1
830 847 1
831 974 1
831 988 1
832 884 1
833 894 1
833 908 1
833 947 1
834 923 1
835 863 1
835 980 1
837 917 1
837 920 1
837 932 1
837 941 1
838 938 1
839 901 1
840 902 1
843 906 1
844 971 1
845 924 1
845 943 1
846 856 1
846 882 1
846 906 1
846 926 1
846 928 1
846 950 1
848 852 1
849 887 1
849 950 1
849 993 1
850 871 1
850 922 1
850 940 1
851 945 1
852 858 1
852 875 1
852 897 1
852 915 1
853 875 1
853 965 1
854 875 1
854 963 1
858 952 1
861 892 1
861 910 1
861 999 1
863 894 1
863 930 1
864 922 1
864 981 1
864 988 1
865 978 1
866 935 1
866 955 1
867 956 1
868 896 1
869 972 1
870 928 1
870 943 1
872 958 1
873 924 1
874 932 1
876 980 1
877 890 1
879 969 1
879 986 1
880 963 1
883 916 1
883 940 1
884 907 1
884 931 1
884 932 1
884 978 1
885 899 1
886 934 1
886 993 1
886 996 1
887 898 1
887 928 1
887 979 1
889 939 1
890 930 1
890 970 1
892 968 1
893 919 1
893 984 1
894 944 1
895 936 1
896 907 1
896 911 1
897 945 1
899 903 1
900 926 1
900 952 1
903 912 1
903 970 1
905 958 1
909 994 1
912 945 1
916 918 1
916 948 1
917 923 1
917 944 1
918 950 1
918 959 1
918 975 1
921 976 1
922 944 1
923 936 1
926 981 1
929 956 1
931 980 1
934 951 1
935 948 1
935 964 1
937 953 1
939 945 1
943 971 1
946 962 1
952 989 1
953 973 1
953 979 1
954 982 1
954 986 1
956 1000 1
957 996 1
959 982 1
962 992 1
969 976 1
969 997 1
971 986 1
971 1000 1
980 989 1
981 992 1
989 996 1
