1000 4851
1 156 1
1 174 1
1 335 1
1 546 1
1 557 1
1 615 1
1 656 1
1 832 1
1 968 1
2 32 1
2 90 1
2 177 1
2 231 1
2 311 1
2 367 1
2 479 1
2 618 1
2 635 1
2 663 1
2 721 1
2 849 1
2 918 1
3 98 1
3 118 1
3 268 1
3 456 1
3 506 1
3 548 1
3 742 1
3 838 1
4 398 1
4 440 1
4 505 1
4 672 1
4 825 1
4 867 1
5 49 1
5 276 1
5 278 1
5 722 1
6 311 1
6 328 1
6 403 1
6 531 1
6 595 1
6 814 1
6 959 1
7 351 1
7 385 1
7 393 1
7 686 1
7 729 1
7 817 1
8 265 1
8 397 1
8 483 1
8 628 1
8 733 1
8 799 1
9 100 1
9 164 1
9 322 1
9 394 1
9 458 1
9 473 1
9 719 1
9 792 1
9 835 1
10 12 1
10 91 1
10 155 1
10 313 1
10 346 1
10 496 1
10 575 1
10 581 1
10 791 1
11 144 1
11 159 1
11 338 1
11 489 1
11 492 1
11 550 1
11 552 1
11 610 1
11 624 1
11 754 1
11 839 1
11 853 1
11 867 1
11 903 1
11 938 1
12 39 1
12 333 1
12 340 1
12 522 1
12 611 1
12 890 1
12 915 1
12 984 1
13 104 1
13 248 1
13 286 1
13 295 1
13 616 1
13 828 1
13 910 1
14 25 1
14 86 1
14 107 1
14 186 1
14 351 1
14 360 1
14 389 1
14 420 1
14 683 1
14 790 1
14 958 1
14 1000 1
15 115 1
15 258 1
15 465 1
15 474 1
15 537 1
15 556 1
15 718 1
15 777 1
15 855 1
16 422 1
16 489 1
16 637 1
16 714 1
16 743 1
16 770 1
16 788 1
17 57 1
17 59 1
17 154 1
17 316 1
17 612 1
17 628 1
17 710 1
17 867 1
18 300 1
18 368 1
18 476 1
18 573 1
18 587 1
18 688 1
18 886 1
19 88 1
19 114 1
19 324 1
19 625 1
19 749 1
19 968 1
20 259 1
20 537 1
20 569 1
20 582 1
20 670 1
20 840 1
20 846 1
21 87 1
21 145 1
21 237 1
21 434 1
21 456 1
21 480 1
21 486 1
21 487 1
21 500 1
21 570 1
21 624 1
21 684 1
21 991 1
22 268 1
22 358 1
22 411 1
22 458 1
22 520 1
22 525 1
22 600 1
22 615 1
22 640 1
22 945 1
23 400 1
23 422 1
23 428 1
23 478 1
23 554 1
23 589 1
23 758 1
23 840 1
23 862 1
23 941 1
23 992 1
24 322 1
24 346 1
24 486 1
24 534 1
24 545 1
24 805 1
24 848 1
24 964 1
24 974 1
25 152 1
25 273 1
25 339 1
25 436 1
25 564 1
25 648 1
25 737 1
25 845 1
25 865 1
25 917 1
26 355 1
26 584 1
27 102 1
27 184 1
27 310 1
27 348 1
27 415 1
27 438 1
27 616 1
27 621 1
27 688 1
27 768 1
27 778 1
27 935 1
27 982 1
28 107 1
28 161 1
28 438 1
28 626 1
28 737 1
28 776 1
28 790 1
28 966 1
29 153 1
29 257 1
29 394 1
29 455 1
29 477 1
29 572 1
29 598 1
29 638 1
29 693 1
29 722 1
29 731 1
29 739 1
29 829 1
29 880 1
30 181 1
30 297 1
30 389 1
30 458 1
30 556 1
30 591 1
30 597 1
30 724 1
30 807 1
30 868 1
30 908 1
31 54 1
31 101 1
31 137 1
31 163 1
31 293 1
31 300 1
31 424 1
31 485 1
31 607 1
31 988 1
32 122 1
32 209 1
32 332 1
32 336 1
32 578 1
32 583 1
32 689 1
32 703 1
32 856 1
32 905 1
33 115 1
33 175 1
33 261 1
33 263 1
33 274 1
33 420 1
33 495 1
33 511 1
33 517 1
33 606 1
33 837 1
34 113 1
34 170 1
34 180 1
34 531 1
34 616 1
34 724 1
34 891 1
34 933 1
35 97 1
35 120 1
35 163 1
35 172 1
35 405 1
35 729 1
36 182 1
36 276 1
36 626 1
36 853 1
36 855 1
36 901 1
37 58 1
37 75 1
37 116 1
37 216 1
37 218 1
37 301 1
37 329 1
37 389 1
37 406 1
37 452 1
37 926 1
38 68 1
38 77 1
38 198 1
38 216 1
38 305 1
38 313 1
38 352 1
39 95 1
39 231 1
39 375 1
39 577 1
39 671 1
39 729 1
39 742 1
39 893 1
40 280 1
40 399 1
40 558 1
40 870 1
40 891 1
41 63 1
41 145 1
41 165 1
41 218 1
41 251 1
41 411 1
41 472 1
41 549 1
41 684 1
41 803 1
41 932 1
41 946 1
42 112 1
42 215 1
42 257 1
42 319 1
42 378 1
42 685 1
42 754 1
43 106 1
43 421 1
43 821 1
43 910 1
43 993 1
44 151 1
44 200 1
44 268 1
44 797 1
44 839 1
44 843 1
44 933 1
44 983 1
45 48 1
45 59 1
45 214 1
45 247 1
45 297 1
45 411 1
45 769 1
45 790 1
45 806 1
45 938 1
46 63 1
46 264 1
46 441 1
46 464 1
46 619 1
46 889 1
46 928 1
47 401 1
47 408 1
47 423 1
47 501 1
47 743 1
48 143 1
48 148 1
48 188 1
48 297 1
48 356 1
48 396 1
48 478 1
48 895 1
48 925 1
49 180 1
49 307 1
49 410 1
49 482 1
49 492 1
49 555 1
49 751 1
50 71 1
50 526 1
50 588 1
50 593 1
50 623 1
50 657 1
50 812 1
50 884 1
50 891 1
50 977 1
51 85 1
51 166 1
51 186 1
51 230 1
51 414 1
51 643 1
51 783 1
51 793 1
52 282 1
52 305 1
52 325 1
52 455 1
52 602 1
52 663 1
52 670 1
52 675 1
52 794 1
52 836 1
52 917 1
52 930 1
52 998 1
53 74 1
53 184 1
53 204 1
53 261 1
53 303 1
53 318 1
53 420 1
53 430 1
53 599 1
53 775 1
53 786 1
53 820 1
54 143 1
54 169 1
54 179 1
54 392 1
54 533 1
54 696 1
54 728 1
54 827 1
54 866 1
55 101 1
55 244 1
55 341 1
55 457 1
55 554 1
55 601 1
56 219 1
56 275 1
56 471 1
56 732 1
56 877 1
57 130 1
57 151 1
57 302 1
57 520 1
57 527 1
57 722 1
57 738 1
57 787 1
57 821 1
57 831 1
57 927 1
57 972 1
58 249 1
58 888 1
59 308 1
59 371 1
59 387 1
59 429 1
59 433 1
59 486 1
59 735 1
59 852 1
59 917 1
59 983 1
60 115 1
60 184 1
60 304 1
60 349 1
60 621 1
60 810 1
60 847 1
61 69 1
61 281 1
61 293 1
61 339 1
61 529 1
61 596 1
61 933 1
61 952 1
62 111 1
62 184 1
62 226 1
62 289 1
62 538 1
62 587 1
62 605 1
62 671 1
62 696 1
62 774 1
62 850 1
63 303 1
63 349 1
63 575 1
63 681 1
64 177 1
64 201 1
64 216 1
64 257 1
64 266 1
64 492 1
64 530 1
64 593 1
64 753 1
64 839 1
64 853 1
64 892 1
64 915 1
65 98 1
65 177 1
65 234 1
65 303 1
65 333 1
65 353 1
65 366 1
65 396 1
65 700 1
65 812 1
65 836 1
65 970 1
65 978 1
66 103 1
66 135 1
66 250 1
66 375 1
66 480 1
66 521 1
66 624 1
66 744 1
67 171 1
67 281 1
67 490 1
67 547 1
67 557 1
67 612 1
67 818 1
67 992 1
68 123 1
68 361 1
68 609 1
68 652 1
68 878 1
68 899 1
68 947 1
69 83 1
69 296 1
69 375 1
69 390 1
69 493 1
69 502 1
69 536 1
69 729 1
69 743 1
69 806 1
69 899 1
69 931 1
70 326 1
70 373 1
70 686 1
70 721 1
70 751 1
70 999 1
71 176 1
71 221 1
71 362 1
71 432 1
71 433 1
71 450 1
71 657 1
71 774 1
71 783 1
71 792 1
71 804 1
71 838 1
71 862 1
71 884 1
71 951 1
72 115 1
72 226 1
72 386 1
72 478 1
72 494 1
72 601 1
72 744 1
72 749 1
73 158 1
73 194 1
73 220 1
73 248 1
73 286 1
73 308 1
73 358 1
73 394 1
73 516 1
73 520 1
73 587 1
73 686 1
73 714 1
73 738 1
73 751 1
73 818 1
74 115 1
74 881 1
74 890 1
74 941 1
74 975 1
74 983 1
75 124 1
75 181 1
75 213 1
75 300 1
75 356 1
75 432 1
75 475 1
75 476 1
75 515 1
75 534 1
75 673 1
75 831 1
75 832 1
75 845 1
76 232 1
76 308 1
76 368 1
76 379 1
76 563 1
76 720 1
76 775 1
76 838 1
76 868 1
77 136 1
77 227 1
77 279 1
77 376 1
77 457 1
77 687 1
77 700 1
77 824 1
77 847 1
78 116 1
78 179 1
78 212 1
78 344 1
78 358 1
78 404 1
78 411 1
78 462 1
78 532 1
78 633 1
78 660 1
78 898 1
78 929 1
78 948 1
79 99 1
79 193 1
79 289 1
79 513 1
79 517 1
79 559 1
79 705 1
80 122 1
80 171 1
80 176 1
80 392 1
80 579 1
80 614 1
80 676 1
80 727 1
80 728 1
80 1000 1
81 140 1
81 195 1
81 232 1
81 272 1
81 295 1
81 408 1
81 657 1
81 673 1
81 682 1
81 866 1
81 938 1
81 964 1
82 192 1
82 321 1
82 386 1
82 495 1
82 517 1
82 611 1
82 664 1
82 805 1
82 1000 1
83 357 1
83 414 1
83 447 1
83 576 1
83 651 1
83 690 1
83 799 1
84 92 1
84 134 1
84 146 1
84 203 1
84 586 1
84 797 1
84 860 1
84 891 1
85 141 1
85 210 1
85 519 1
85 635 1
85 673 1
85 723 1
85 842 1
86 96 1
86 188 1
86 274 1
86 277 1
86 686 1
86 696 1
86 828 1
86 863 1
86 884 1
86 912 1
86 940 1
86 982 1
87 106 1
87 193 1
87 496 1
87 523 1
87 681 1
87 836 1
87 865 1
88 95 1
88 330 1
88 389 1
88 592 1
88 621 1
88 649 1
88 667 1
88 827 1
88 830 1
88 917 1
89 189 1
89 322 1
89 660 1
89 669 1
89 717 1
89 806 1
90 152 1
90 155 1
90 170 1
90 379 1
90 436 1
90 497 1
90 610 1
90 626 1
90 973 1
91 126 1
91 258 1
91 276 1
91 597 1
91 713 1
91 949 1
92 147 1
92 205 1
92 208 1
92 569 1
92 620 1
92 681 1
92 682 1
92 722 1
92 765 1
92 840 1
92 955 1
92 963 1
92 977 1
93 114 1
93 215 1
93 331 1
93 679 1
93 815 1
93 824 1
93 884 1
93 922 1
94 143 1
94 289 1
94 331 1
94 374 1
94 419 1
94 485 1
94 635 1
94 955 1
95 182 1
95 244 1
95 309 1
95 348 1
95 447 1
95 523 1
95 585 1
95 648 1
95 684 1
95 747 1
95 795 1
96 254 1
96 339 1
96 404 1
96 472 1
96 573 1
96 648 1
96 650 1
96 671 1
96 830 1
96 946 1
97 189 1
97 417 1
97 444 1
97 807 1
97 845 1
97 974 1
98 157 1
98 655 1
98 720 1
98 723 1
98 958 1
99 161 1
99 397 1
99 514 1
99 716 1
99 834 1
99 975 1
100 594 1
100 601 1
100 693 1
100 808 1
100 864 1
100 896 1
101 185 1
101 289 1
101 321 1
101 324 1
101 390 1
101 536 1
101 544 1
101 879 1
101 976 1
102 145 1
102 237 1
102 365 1
102 523 1
102 582 1
102 590 1
102 840 1
102 866 1
102 894 1
102 897 1
102 938 1
102 943 1
103 198 1
103 208 1
103 358 1
103 399 1
103 465 1
103 572 1
103 638 1
103 786 1
103 832 1
104 120 1
104 191 1
104 465 1
104 478 1
104 722 1
104 744 1
104 795 1
104 802 1
104 894 1
105 112 1
105 197 1
105 285 1
105 372 1
105 599 1
105 632 1
105 672 1
105 701 1
105 709 1
105 733 1
105 754 1
105 876 1
105 900 1
106 715 1
106 767 1
106 801 1
106 876 1
106 922 1
106 940 1
106 947 1
107 381 1
107 399 1
107 767 1
107 848 1
107 966 1
108 306 1
108 316 1
108 777 1
108 887 1
108 901 1
109 277 1
109 333 1
109 418 1
109 515 1
109 689 1
109 820 1
109 842 1
110 256 1
110 327 1
110 337 1
110 462 1
110 620 1
110 761 1
110 940 1
111 214 1
111 302 1
111 314 1
111 328 1
111 351 1
111 459 1
111 651 1
111 718 1
111 908 1
112 179 1
112 699 1
112 842 1
112 864 1
113 216 1
113 390 1
113 391 1
113 463 1
113 730 1
113 889 1
113 901 1
113 989 1
114 239 1
114 443 1
114 445 1
114 856 1
114 889 1
114 899 1
114 950 1
114 964 1
115 140 1
116 137 1
116 175 1
116 201 1
116 219 1
116 294 1
116 308 1
116 480 1
116 585 1
116 627 1
116 750 1
116 856 1
116 902 1
117 207 1
117 302 1
117 368 1
117 509 1
117 556 1
117 730 1
117 755 1
117 895 1
117 923 1
118 268 1
118 305 1
118 467 1
118 713 1
118 717 1
118 832 1
118 949 1
118 956 1
119 191 1
119 259 1
119 261 1
119 389 1
119 653 1
119 659 1
119 870 1
120 166 1
120 179 1
120 286 1
120 314 1
120 593 1
120 608 1
120 763 1
120 770 1
120 980 1
121 193 1
121 319 1
121 656 1
121 685 1
121 713 1
121 720 1
121 827 1
121 882 1
121 903 1
121 973 1
121 1000 1
122 155 1
122 208 1
122 222 1
122 571 1
122 639 1
122 769 1
123 141 1
123 182 1
123 437 1
123 584 1
123 605 1
123 637 1
123 667 1
123 732 1
123 733 1
123 780 1
124 289 1
124 394 1
124 458 1
124 518 1
124 559 1
124 578 1
124 728 1
124 737 1
124 768 1
124 875 1
124 939 1
124 990 1
124 992 1
125 127 1
125 129 1
125 183 1
125 184 1
125 265 1
125 276 1
125 342 1
125 413 1
125 514 1
125 529 1
125 534 1
125 575 1
125 603 1
125 611 1
125 645 1
125 666 1
125 689 1
126 158 1
126 198 1
126 217 1
126 369 1
126 378 1
126 503 1
126 548 1
126 623 1
126 710 1
126 761 1
126 783 1
126 972 1
127 374 1
127 583 1
127 695 1
127 743 1
127 811 1
127 920 1
127 986 1
128 203 1
128 276 1
128 307 1
128 335 1
128 472 1
128 523 1
128 577 1
128 648 1
128 689 1
128 735 1
128 814 1
128 964 1
129 210 1
129 452 1
129 581 1
129 787 1
129 923 1
130 168 1
130 200 1
130 314 1
130 316 1
130 382 1
130 452 1
130 491 1
130 507 1
130 559 1
130 600 1
130 718 1
130 733 1
131 271 1
131 459 1
131 462 1
131 514 1
131 637 1
131 684 1
131 701 1
132 305 1
132 380 1
132 424 1
132 734 1
132 738 1
132 874 1
132 880 1
133 205 1
133 324 1
133 606 1
133 618 1
133 715 1
133 782 1
133 801 1
134 148 1
134 263 1
134 324 1
134 407 1
134 417 1
134 432 1
134 460 1
134 493 1
134 596 1
134 597 1
135 162 1
135 240 1
135 339 1
135 386 1
135 718 1
135 951 1
135 973 1
136 169 1
136 245 1
136 293 1
136 646 1
136 757 1
136 781 1
136 839 1
136 862 1
137 257 1
137 413 1
137 626 1
137 650 1
137 772 1
137 971 1
138 182 1
138 224 1
138 236 1
138 369 1
138 590 1
138 728 1
138 948 1
138 990 1
139 217 1
139 332 1
139 345 1
139 355 1
139 533 1
139 650 1
139 716 1
139 734 1
139 792 1
140 290 1
140 313 1
140 434 1
140 448 1
140 450 1
140 678 1
140 808 1
140 859 1
140 873 1
140 990 1
141 142 1
141 251 1
141 266 1
141 383 1
141 510 1
141 684 1
141 707 1
141 802 1
142 220 1
142 230 1
142 233 1
142 325 1
142 515 1
142 530 1
142 534 1
142 751 1
143 162 1
143 402 1
143 448 1
143 557 1
143 730 1
143 836 1
143 846 1
143 901 1
143 912 1
143 943 1
144 183 1
144 189 1
144 192 1
144 257 1
144 320 1
144 607 1
144 647 1
144 669 1
144 893 1
144 901 1
144 994 1
145 206 1
145 288 1
145 464 1
145 640 1
145 643 1
145 665 1
145 740 1
145 784 1
145 812 1
145 850 1
145 864 1
145 964 1
146 156 1
146 318 1
146 457 1
146 525 1
146 650 1
146 679 1
146 737 1
146 768 1
146 806 1
146 924 1
146 975 1
146 992 1
147 277 1
147 426 1
147 640 1
147 656 1
147 746 1
147 864 1
148 153 1
148 163 1
148 288 1
148 294 1
148 407 1
148 475 1
148 560 1
148 587 1
148 590 1
148 643 1
148 672 1
148 946 1
148 972 1
149 227 1
149 243 1
149 285 1
149 323 1
149 424 1
149 427 1
149 510 1
149 750 1
149 779 1
149 925 1
149 990 1
150 158 1
150 170 1
150 230 1
150 231 1
150 388 1
150 492 1
151 240 1
151 302 1
151 354 1
151 467 1
151 535 1
151 744 1
152 169 1
152 233 1
152 327 1
152 378 1
152 379 1
152 596 1
152 741 1
152 808 1
152 904 1
152 943 1
152 980 1
153 242 1
153 338 1
153 432 1
153 541 1
153 579 1
153 670 1
153 714 1
153 750 1
153 842 1
153 973 1
154 172 1
154 215 1
154 296 1
154 428 1
154 537 1
154 810 1
154 865 1
154 873 1
154 953 1
155 219 1
155 390 1
155 461 1
155 554 1
155 719 1
155 756 1
155 857 1
155 974 1
156 165 1
156 189 1
156 366 1
156 398 1
156 437 1
156 463 1
156 480 1
156 545 1
156 777 1
156 851 1
156 963 1
157 223 1
157 310 1
157 484 1
157 495 1
157 573 1
157 620 1
157 669 1
157 675 1
157 946 1
158 232 1
158 269 1
158 421 1
158 588 1
158 637 1
158 665 1
158 737 1
158 880 1
159 231 1
159 411 1
159 491 1
159 593 1
159 634 1
159 730 1
159 851 1
159 852 1
159 924 1
159 956 1
159 979 1
160 169 1
160 183 1
160 196 1
160 229 1
160 250 1
160 307 1
160 365 1
160 508 1
160 547 1
160 657 1
160 687 1
160 789 1
160 898 1
160 899 1
161 200 1
161 270 1
161 281 1
161 293 1
161 301 1
161 356 1
161 417 1
161 475 1
161 521 1
161 524 1
161 700 1
161 849 1
162 209 1
162 248 1
162 401 1
162 454 1
162 546 1
162 589 1
162 714 1
162 969 1
163 328 1
163 385 1
163 400 1
163 473 1
163 625 1
163 668 1
163 711 1
163 774 1
163 878 1
163 888 1
163 945 1
164 252 1
164 404 1
164 405 1
164 449 1
164 554 1
164 569 1
164 698 1
164 809 1
164 852 1
164 854 1
164 889 1
165 218 1
165 351 1
165 603 1
165 694 1
165 700 1
165 733 1
165 805 1
165 982 1
166 245 1
166 725 1
166 758 1
166 874 1
166 896 1
167 211 1
167 336 1
167 475 1
167 999 1
168 192 1
168 230 1
168 311 1
168 322 1
168 431 1
168 454 1
168 584 1
168 651 1
168 778 1
168 845 1
168 931 1
169 241 1
169 266 1
169 288 1
169 350 1
169 385 1
169 520 1
169 572 1
169 603 1
169 706 1
169 778 1
170 184 1
170 357 1
170 389 1
170 719 1
170 752 1
170 774 1
171 403 1
171 480 1
171 698 1
171 839 1
171 860 1
172 385 1
172 387 1
172 473 1
172 870 1
173 327 1
173 363 1
173 508 1
173 615 1
173 619 1
173 957 1
174 259 1
174 410 1
174 459 1
174 536 1
174 557 1
174 606 1
174 896 1
174 916 1
175 193 1
175 231 1
175 240 1
175 269 1
175 270 1
175 291 1
175 591 1
175 663 1
175 665 1
175 709 1
175 877 1
175 890 1
176 204 1
176 348 1
176 415 1
176 462 1
176 485 1
176 522 1
176 645 1
176 651 1
176 898 1
177 194 1
177 298 1
177 395 1
177 476 1
177 487 1
177 551 1
177 646 1
177 665 1
177 685 1
177 702 1
177 703 1
177 787 1
177 899 1
177 961 1
177 965 1
178 203 1
178 257 1
178 342 1
178 414 1
178 505 1
178 526 1
178 536 1
178 539 1
178 590 1
178 816 1
179 293 1
179 306 1
179 393 1
179 407 1
179 463 1
179 525 1
179 668 1
179 772 1
179 892 1
179 895 1
179 928 1
180 190 1
180 257 1
180 452 1
180 773 1
180 858 1
180 954 1
181 182 1
181 192 1
181 297 1
181 505 1
181 597 1
181 649 1
181 707 1
181 710 1
182 266 1
182 296 1
182 308 1
182 393 1
182 403 1
182 605 1
182 687 1
182 911 1
182 951 1
183 204 1
183 492 1
183 541 1
183 563 1
183 973 1
183 976 1
184 281 1
184 510 1
184 658 1
184 710 1
184 780 1
184 885 1
185 308 1
185 706 1
185 843 1
185 855 1
186 413 1
186 469 1
186 639 1
186 677 1
186 728 1
186 836 1
187 199 1
187 207 1
187 514 1
187 548 1
187 654 1
187 663 1
187 664 1
187 683 1
187 718 1
187 721 1
187 834 1
187 993 1
188 289 1
188 335 1
188 413 1
188 431 1
188 459 1
188 596 1
188 609 1
188 778 1
188 849 1
188 896 1
188 930 1
188 961 1
188 966 1
189 227 1
189 363 1
189 414 1
189 519 1
189 734 1
189 927 1
190 198 1
190 456 1
190 484 1
190 536 1
190 588 1
190 673 1
190 734 1
190 783 1
190 832 1
190 846 1
190 916 1
191 303 1
191 329 1
191 388 1
192 274 1
192 337 1
192 343 1
192 372 1
192 416 1
192 643 1
192 670 1
192 939 1
193 208 1
193 355 1
193 831 1
193 849 1
193 877 1
193 900 1
193 926 1
194 224 1
194 274 1
194 367 1
194 554 1
194 681 1
194 698 1
194 849 1
194 872 1
195 224 1
195 401 1
195 535 1
195 572 1
195 636 1
195 706 1
195 832 1
195 913 1
196 230 1
196 272 1
196 521 1
196 525 1
196 544 1
196 564 1
196 583 1
196 596 1
196 931 1
197 203 1
197 212 1
197 418 1
197 764 1
197 771 1
197 814 1
197 836 1
197 841 1
198 229 1
198 527 1
198 553 1
198 848 1
198 969 1
199 275 1
199 395 1
199 622 1
199 640 1
199 855 1
199 995 1
200 236 1
200 485 1
200 556 1
200 575 1
200 666 1
200 670 1
200 786 1
200 794 1
200 861 1
201 409 1
201 556 1
201 670 1
201 680 1
201 796 1
201 931 1
201 946 1
202 241 1
202 269 1
202 273 1
202 468 1
202 554 1
202 561 1
202 576 1
202 611 1
202 759 1
202 818 1
202 841 1
202 859 1
202 873 1
202 904 1
202 921 1
203 361 1
203 374 1
203 653 1
203 731 1
203 930 1
203 937 1
204 238 1
204 262 1
204 323 1
204 516 1
204 559 1
204 620 1
204 639 1
205 291 1
205 406 1
205 430 1
205 529 1
205 569 1
205 761 1
205 911 1
206 213 1
206 495 1
206 619 1
206 665 1
206 743 1
206 817 1
206 861 1
206 928 1
206 984 1
207 276 1
207 421 1
207 498 1
207 530 1
207 696 1
207 777 1
207 809 1
207 932 1
207 935 1
207 985 1
208 451 1
208 572 1
208 637 1
208 683 1
208 757 1
208 758 1
208 759 1
208 789 1
208 870 1
208 886 1
208 931 1
208 953 1
209 339 1
209 385 1
209 415 1
209 496 1
209 687 1
209 785 1
209 974 1
210 683 1
210 686 1
210 736 1
210 751 1
210 808 1
210 963 1
211 274 1
211 464 1
211 468 1
211 682 1
211 830 1
211 1000 1
212 339 1
212 411 1
212 465 1
212 496 1
212 513 1
213 364 1
213 370 1
213 509 1
213 679 1
213 755 1
213 987 1
214 329 1
214 668 1
214 727 1
214 745 1
215 308 1
215 349 1
215 571 1
215 953 1
215 972 1
216 284 1
216 331 1
216 341 1
216 412 1
216 423 1
216 482 1
216 586 1
216 702 1
216 805 1
216 875 1
216 929 1
217 455 1
217 667 1
217 725 1
217 938 1
217 976 1
218 540 1
218 627 1
218 754 1
218 812 1
218 813 1
219 280 1
219 383 1
219 457 1
219 498 1
219 643 1
219 772 1
219 873 1
219 925 1
219 972 1
220 331 1
220 382 1
220 418 1
220 440 1
220 442 1
220 584 1
220 635 1
220 837 1
220 980 1
221 229 1
221 304 1
221 498 1
221 563 1
221 611 1
221 642 1
221 740 1
221 808 1
221 943 1
222 234 1
222 247 1
222 279 1
222 300 1
222 385 1
222 572 1
222 686 1
222 703 1
223 255 1
223 473 1
223 706 1
223 799 1
223 975 1
224 249 1
224 426 1
224 684 1
224 852 1
225 365 1
225 369 1
225 458 1
225 512 1
225 805 1
225 815 1
225 878 1
225 957 1
225 988 1
226 263 1
226 596 1
226 607 1
226 629 1
226 941 1
227 329 1
227 334 1
227 381 1
227 388 1
227 425 1
227 434 1
227 465 1
227 466 1
227 742 1
227 810 1
227 849 1
227 876 1
227 920 1
227 943 1
228 263 1
228 308 1
228 337 1
228 370 1
228 503 1
228 589 1
228 598 1
228 627 1
228 645 1
228 672 1
228 844 1
228 983 1
229 311 1
229 626 1
229 691 1
229 806 1
229 896 1
230 487 1
230 706 1
230 794 1
230 795 1
230 855 1
230 882 1
230 989 1
231 306 1
231 361 1
231 465 1
231 474 1
231 600 1
231 630 1
231 681 1
231 882 1
232 665 1
232 741 1
232 995 1
233 378 1
233 381 1
233 439 1
233 443 1
233 514 1
233 718 1
233 763 1
233 864 1
234 306 1
234 329 1
234 518 1
234 709 1
234 860 1
234 900 1
235 301 1
235 308 1
235 410 1
235 485 1
235 541 1
235 574 1
235 808 1
235 837 1
235 838 1
235 970 1
236 298 1
236 385 1
236 487 1
236 614 1
236 727 1
236 756 1
236 880 1
236 909 1
237 337 1
237 384 1
237 406 1
237 467 1
237 492 1
237 504 1
237 523 1
237 547 1
237 610 1
237 756 1
237 907 1
237 934 1
238 278 1
238 327 1
238 405 1
238 455 1
238 469 1
238 476 1
238 650 1
238 867 1
238 878 1
239 294 1
239 298 1
239 469 1
239 561 1
239 600 1
239 635 1
239 699 1
239 701 1
239 720 1
239 837 1
239 965 1
239 974 1
240 284 1
240 298 1
240 424 1
240 541 1
240 677 1
240 841 1
241 244 1
241 505 1
241 783 1
241 785 1
241 789 1
241 792 1
242 335 1
242 348 1
242 402 1
242 685 1
242 709 1
242 813 1
242 824 1
242 825 1
242 908 1
242 952 1
243 305 1
243 374 1
243 433 1
243 891 1
243 990 1
244 286 1
244 291 1
244 344 1
244 451 1
244 528 1
244 585 1
244 811 1
245 254 1
245 386 1
245 464 1
245 494 1
245 560 1
245 728 1
245 798 1
245 868 1
246 281 1
246 378 1
246 662 1
246 704 1
246 728 1
246 749 1
246 836 1
246 847 1
246 902 1
247 353 1
247 360 1
247 448 1
247 450 1
247 497 1
247 543 1
247 612 1
247 655 1
247 701 1
247 776 1
247 898 1
247 983 1
248 635 1
248 786 1
248 844 1
248 999 1
249 368 1
249 513 1
249 545 1
249 553 1
249 555 1
249 614 1
249 697 1
249 999 1
250 360 1
250 427 1
250 739 1
250 832 1
250 840 1
250 851 1
250 881 1
250 890 1
251 459 1
251 567 1
251 888 1
252 287 1
252 413 1
252 551 1
252 604 1
252 726 1
252 747 1
252 872 1
252 906 1
253 396 1
253 512 1
253 632 1
253 675 1
253 924 1
254 364 1
254 385 1
254 458 1
254 540 1
254 565 1
254 617 1
254 680 1
254 718 1
254 804 1
254 960 1
255 573 1
255 578 1
255 791 1
255 818 1
255 827 1
255 866 1
255 947 1
255 972 1
256 307 1
256 765 1
256 816 1
257 264 1
257 269 1
257 412 1
257 558 1
257 672 1
257 818 1
257 826 1
257 942 1
258 538 1
258 563 1
258 621 1
258 726 1
258 785 1
258 828 1
258 954 1
259 268 1
259 336 1
259 348 1
259 380 1
259 581 1
259 635 1
259 722 1
259 758 1
259 875 1
260 461 1
260 482 1
260 681 1
260 754 1
260 785 1
260 944 1
261 294 1
261 329 1
261 480 1
261 598 1
261 616 1
261 628 1
261 642 1
261 711 1
261 771 1
261 874 1
261 882 1
262 520 1
262 661 1
262 875 1
262 879 1
262 933 1
263 270 1
263 742 1
263 837 1
263 993 1
264 529 1
264 618 1
264 726 1
264 966 1
265 302 1
265 378 1
265 422 1
265 560 1
265 564 1
265 600 1
265 650 1
265 685 1
265 714 1
265 843 1
265 857 1
265 904 1
265 925 1
265 998 1
266 497 1
266 594 1
266 598 1
266 721 1
266 735 1
266 849 1
266 953 1
267 358 1
267 438 1
267 464 1
267 598 1
267 689 1
267 767 1
267 821 1
268 309 1
268 386 1
268 402 1
268 768 1
268 935 1
269 635 1
269 885 1
269 919 1
269 976 1
270 286 1
270 298 1
270 340 1
270 502 1
270 509 1
270 715 1
270 773 1
270 782 1
270 917 1
271 314 1
271 432 1
271 465 1
271 467 1
271 582 1
271 684 1
271 987 1
272 419 1
272 475 1
272 963 1
273 404 1
273 552 1
273 587 1
273 671 1
273 692 1
273 722 1
273 813 1
273 944 1
274 495 1
274 730 1
274 842 1
274 916 1
274 968 1
275 565 1
275 787 1
276 667 1
276 785 1
276 920 1
277 350 1
277 376 1
277 549 1
277 779 1
277 781 1
277 814 1
277 817 1
277 872 1
277 978 1
278 362 1
278 429 1
278 464 1
278 483 1
278 513 1
278 592 1
278 780 1
278 784 1
278 824 1
278 890 1
278 900 1
278 914 1
278 967 1
279 397 1
279 506 1
279 536 1
279 586 1
279 588 1
279 662 1
279 734 1
279 876 1
280 425 1
280 729 1
280 750 1
280 785 1
280 854 1
281 371 1
281 394 1
281 424 1
281 484 1
281 598 1
281 891 1
281 899 1
282 415 1
282 433 1
282 435 1
282 454 1
282 473 1
282 512 1
282 530 1
282 790 1
282 996 1
283 408 1
283 413 1
283 500 1
283 622 1
283 872 1
284 319 1
284 604 1
284 657 1
284 995 1
285 332 1
285 599 1
285 640 1
285 646 1
285 814 1
286 369 1
286 377 1
286 585 1
286 621 1
286 685 1
286 884 1
286 885 1
287 420 1
287 707 1
287 779 1
287 864 1
287 999 1
288 533 1
288 706 1
288 792 1
288 870 1
289 321 1
289 446 1
289 466 1
289 624 1
289 658 1
289 715 1
289 731 1
289 829 1
290 441 1
290 471 1
290 531 1
290 561 1
290 776 1
290 784 1
291 335 1
291 364 1
291 500 1
291 503 1
291 612 1
291 689 1
292 387 1
292 567 1
292 616 1
292 618 1
292 663 1
292 668 1
292 793 1
292 894 1
292 965 1
292 981 1
293 318 1
293 387 1
293 521 1
293 604 1
293 762 1
293 812 1
293 865 1
293 987 1
294 328 1
294 337 1
294 390 1
294 667 1
294 670 1
294 683 1
294 714 1
295 331 1
295 365 1
295 493 1
295 513 1
295 626 1
295 703 1
295 748 1
295 809 1
296 335 1
296 456 1
296 480 1
296 708 1
296 984 1
296 1000 1
297 388 1
297 453 1
297 582 1
297 591 1
297 622 1
297 631 1
297 712 1
297 910 1
298 306 1
298 315 1
298 323 1
298 469 1
298 671 1
298 946 1
298 982 1
298 988 1
299 300 1
299 513 1
299 651 1
299 805 1
299 976 1
299 990 1
300 313 1
300 363 1
300 383 1
300 541 1
300 616 1
300 679 1
300 701 1
300 808 1
300 954 1
301 315 1
301 369 1
301 424 1
301 489 1
301 645 1
301 822 1
301 869 1
302 315 1
302 386 1
302 395 1
302 482 1
302 712 1
302 729 1
302 751 1
302 759 1
302 780 1
302 825 1
302 829 1
302 926 1
303 336 1
303 463 1
303 474 1
303 504 1
303 678 1
303 930 1
303 973 1
304 340 1
304 520 1
304 539 1
304 578 1
304 750 1
304 945 1
305 485 1
305 600 1
305 677 1
305 908 1
305 943 1
305 967 1
306 392 1
306 406 1
306 431 1
306 528 1
306 786 1
306 819 1
306 911 1
306 972 1
306 997 1
307 344 1
307 369 1
307 410 1
307 506 1
307 577 1
307 589 1
307 662 1
307 750 1
307 797 1
308 388 1
308 618 1
308 806 1
308 830 1
308 911 1
309 394 1
309 445 1
309 470 1
309 517 1
309 834 1
309 838 1
309 846 1
309 929 1
310 373 1
310 385 1
310 430 1
310 458 1
310 525 1
310 590 1
310 702 1
310 802 1
310 999 1
311 499 1
311 614 1
311 639 1
311 658 1
311 805 1
311 960 1
312 508 1
312 567 1
312 595 1
312 648 1
312 650 1
312 826 1
312 888 1
313 382 1
313 396 1
313 444 1
313 462 1
313 600 1
313 720 1
313 846 1
313 931 1
314 342 1
314 627 1
314 728 1
315 424 1
315 706 1
315 779 1
315 820 1
315 825 1
315 879 1
316 317 1
316 380 1
316 453 1
316 567 1
316 593 1
316 604 1
316 631 1
316 661 1
316 811 1
316 834 1
316 857 1
316 946 1
316 983 1
317 434 1
317 479 1
317 496 1
317 522 1
317 786 1
317 864 1
319 411 1
319 463 1
319 540 1
319 734 1
319 869 1
319 998 1
320 496 1
320 768 1
320 781 1
320 857 1
320 894 1
320 944 1
321 345 1
321 442 1
321 498 1
321 557 1
321 608 1
321 733 1
321 753 1
321 839 1
321 998 1
322 333 1
322 386 1
322 446 1
322 498 1
322 562 1
322 731 1
322 784 1
322 821 1
323 344 1
323 506 1
323 722 1
323 809 1
323 984 1
324 370 1
324 398 1
324 488 1
324 683 1
324 800 1
325 413 1
325 622 1
325 745 1
325 807 1
325 936 1
325 940 1
326 410 1
326 591 1
326 619 1
326 783 1
326 791 1
326 949 1
326 962 1
327 516 1
327 640 1
327 745 1
327 752 1
328 369 1
328 590 1
328 780 1
328 807 1
328 942 1
328 944 1
328 957 1
329 406 1
329 594 1
329 717 1
329 892 1
329 917 1
330 534 1
330 545 1
330 603 1
330 618 1
330 691 1
330 771 1
330 858 1
331 370 1
331 371 1
331 406 1
331 584 1
331 777 1
331 838 1
331 910 1
331 944 1
332 334 1
332 431 1
332 674 1
332 704 1
332 773 1
333 344 1
333 357 1
333 388 1
333 475 1
333 540 1
333 585 1
333 653 1
333 698 1
333 743 1
333 958 1
333 960 1
334 347 1
334 358 1
334 405 1
334 600 1
334 643 1
334 741 1
334 853 1
334 928 1
335 408 1
335 482 1
335 508 1
335 658 1
335 694 1
335 714 1
335 720 1
335 738 1
336 338 1
336 456 1
336 537 1
336 721 1
336 733 1
336 885 1
337 410 1
337 418 1
337 856 1
337 916 1
337 970 1
338 347 1
338 505 1
338 706 1
338 754 1
338 756 1
338 935 1
338 970 1
339 586 1
339 670 1
339 697 1
339 954 1
340 347 1
340 382 1
340 413 1
340 421 1
340 536 1
340 680 1
340 957 1
341 443 1
341 476 1
341 484 1
341 602 1
341 636 1
341 685 1
341 689 1
341 784 1
341 801 1
341 823 1
341 888 1
341 916 1
342 408 1
342 435 1
342 472 1
342 493 1
342 555 1
343 431 1
343 642 1
343 848 1
344 460 1
344 699 1
344 737 1
345 435 1
345 697 1
345 811 1
345 852 1
345 882 1
345 901 1
345 926 1
345 951 1
346 516 1
346 710 1
346 755 1
346 934 1
346 960 1
346 962 1
347 456 1
347 553 1
347 596 1
347 605 1
347 803 1
348 392 1
348 705 1
348 727 1
348 830 1
348 972 1
349 537 1
349 543 1
349 548 1
349 610 1
349 733 1
349 766 1
349 813 1
350 435 1
350 501 1
350 640 1
350 738 1
350 795 1
351 370 1
351 469 1
351 494 1
351 518 1
351 642 1
351 704 1
351 740 1
351 773 1
352 369 1
352 458 1
352 572 1
352 641 1
352 692 1
352 887 1
352 903 1
352 935 1
352 974 1
353 397 1
353 436 1
353 568 1
353 987 1
354 528 1
354 540 1
354 552 1
354 601 1
354 868 1
354 887 1
355 587 1
355 597 1
355 709 1
355 714 1
355 915 1
355 916 1
355 923 1
355 957 1
356 430 1
356 463 1
356 748 1
356 803 1
356 816 1
357 416 1
357 478 1
357 492 1
357 569 1
357 729 1
357 740 1
357 982 1
358 400 1
358 416 1
358 560 1
358 570 1
358 596 1
358 818 1
358 890 1
359 395 1
359 552 1
359 824 1
359 856 1
360 619 1
360 647 1
360 650 1
360 900 1
360 916 1
361 476 1
361 648 1
361 671 1
361 755 1
361 908 1
361 914 1
362 712 1
362 824 1
363 542 1
363 550 1
363 572 1
363 673 1
363 679 1
363 735 1
363 853 1
364 372 1
364 417 1
364 427 1
364 580 1
364 743 1
364 974 1
365 517 1
365 604 1
365 651 1
365 785 1
365 912 1
365 937 1
366 556 1
366 625 1
366 650 1
366 671 1
366 714 1
366 897 1
367 425 1
367 452 1
367 464 1
367 504 1
367 763 1
368 508 1
368 543 1
368 599 1
368 691 1
368 900 1
369 392 1
369 523 1
369 608 1
369 691 1
369 734 1
369 830 1
369 875 1
370 441 1
370 622 1
370 837 1
370 884 1
370 980 1
371 444 1
371 508 1
371 542 1
371 658 1
371 664 1
371 846 1
372 417 1
372 694 1
372 785 1
372 958 1
372 985 1
373 382 1
373 498 1
373 607 1
374 712 1
374 726 1
374 890 1
374 911 1
375 526 1
375 650 1
375 690 1
375 902 1
375 912 1
375 918 1
376 589 1
376 774 1
376 805 1
377 379 1
377 381 1
377 413 1
377 436 1
377 451 1
377 474 1
377 672 1
377 835 1
377 852 1
377 896 1
378 387 1
378 402 1
378 448 1
378 593 1
378 660 1
378 927 1
379 442 1
379 478 1
379 534 1
379 581 1
379 724 1
379 793 1
379 868 1
379 902 1
380 406 1
380 551 1
380 570 1
380 684 1
380 842 1
380 851 1
380 898 1
380 960 1
381 418 1
381 461 1
381 630 1
381 704 1
381 923 1
382 486 1
382 568 1
382 593 1
382 622 1
382 657 1
382 910 1
383 391 1
383 410 1
383 544 1
383 620 1
383 691 1
383 914 1
383 926 1
383 980 1
384 436 1
384 464 1
384 583 1
384 684 1
384 812 1
384 827 1
385 408 1
385 437 1
385 478 1
385 802 1
385 818 1
385 881 1
385 906 1
386 474 1
386 507 1
386 701 1
386 774 1
386 858 1
387 416 1
387 430 1
387 612 1
387 715 1
387 814 1
387 827 1
387 861 1
388 399 1
388 459 1
388 497 1
388 629 1
388 785 1
388 796 1
388 807 1
388 826 1
388 906 1
388 911 1
389 464 1
389 637 1
389 708 1
389 734 1
389 888 1
389 899 1
390 869 1
390 953 1
390 997 1
391 441 1
391 624 1
391 763 1
391 803 1
391 863 1
391 913 1
392 427 1
392 687 1
392 716 1
392 747 1
392 763 1
392 882 1
392 913 1
393 820 1
393 914 1
393 919 1
394 457 1
394 633 1
394 657 1
394 832 1
394 890 1
395 453 1
395 481 1
395 532 1
395 987 1
396 537 1
396 590 1
396 933 1
397 479 1
397 496 1
397 559 1
397 694 1
397 718 1
397 808 1
397 946 1
398 458 1
398 485 1
398 696 1
398 952 1
398 993 1
399 406 1
399 409 1
399 438 1
399 450 1
399 550 1
399 577 1
399 629 1
399 656 1
399 661 1
399 694 1
399 702 1
399 712 1
399 773 1
399 805 1
399 981 1
400 421 1
400 572 1
400 621 1
400 646 1
400 702 1
400 743 1
400 745 1
400 809 1
400 837 1
401 516 1
401 746 1
401 852 1
401 944 1
402 549 1
402 596 1
402 609 1
402 846 1
402 923 1
403 464 1
403 629 1
403 693 1
403 747 1
403 930 1
403 947 1
403 991 1
404 434 1
404 585 1
404 656 1
404 919 1
405 495 1
405 514 1
405 885 1
405 903 1
405 915 1
405 941 1
405 998 1
406 537 1
406 589 1
406 700 1
406 757 1
406 768 1
406 792 1
406 807 1
406 866 1
406 920 1
406 969 1
407 573 1
407 607 1
407 616 1
407 626 1
408 438 1
408 551 1
408 668 1
408 715 1
408 760 1
409 450 1
409 542 1
409 638 1
409 641 1
409 672 1
409 807 1
409 824 1
410 469 1
410 681 1
410 693 1
411 489 1
411 676 1
411 693 1
411 703 1
411 789 1
411 795 1
411 839 1
411 901 1
412 468 1
412 472 1
412 541 1
412 787 1
412 798 1
413 488 1
413 576 1
413 681 1
413 840 1
413 926 1
413 954 1
414 566 1
414 683 1
415 420 1
415 719 1
415 852 1
416 466 1
416 571 1
416 666 1
416 694 1
416 755 1
416 758 1
416 793 1
416 862 1
417 421 1
417 435 1
417 652 1
417 676 1
417 677 1
417 691 1
417 695 1
417 729 1
417 767 1
417 997 1
418 855 1
418 867 1
419 602 1
419 750 1
419 910 1
419 928 1
419 995 1
420 568 1
420 668 1
420 813 1
421 521 1
421 684 1
421 811 1
421 875 1
421 877 1
421 908 1
421 948 1
422 469 1
422 477 1
422 549 1
422 849 1
422 917 1
422 932 1
422 944 1
423 457 1
423 468 1
423 488 1
423 698 1
423 768 1
423 771 1
423 976 1
424 433 1
424 446 1
424 452 1
424 529 1
424 661 1
424 687 1
424 717 1
424 758 1
424 775 1
424 867 1
424 894 1
425 444 1
425 482 1
425 711 1
425 776 1
425 897 1
426 448 1
426 484 1
426 618 1
426 682 1
426 715 1
426 801 1
427 564 1
427 590 1
427 599 1
427 692 1
427 773 1
427 938 1
428 445 1
428 477 1
428 688 1
428 737 1
428 745 1
428 771 1
428 782 1
428 819 1
428 853 1
428 900 1
428 902 1
429 462 1
429 687 1
429 817 1
430 473 1
430 551 1
430 554 1
430 608 1
430 932 1
430 948 1
430 979 1
431 533 1
431 546 1
431 579 1
431 598 1
431 717 1
431 725 1
431 735 1
432 434 1
432 551 1
432 556 1
432 579 1
432 586 1
432 668 1
433 593 1
433 663 1
433 686 1
433 753 1
433 788 1
434 599 1
434 739 1
434 810 1
434 831 1
434 833 1
434 839 1
434 846 1
434 975 1
435 488 1
435 535 1
435 546 1
435 606 1
435 667 1
435 715 1
435 756 1
435 809 1
435 895 1
436 554 1
436 596 1
436 631 1
436 757 1
437 449 1
437 474 1
437 651 1
437 702 1
437 724 1
437 799 1
437 827 1
437 869 1
437 922 1
437 927 1
438 448 1
438 543 1
438 575 1
438 584 1
438 751 1
438 874 1
439 724 1
439 773 1
439 793 1
439 805 1
440 458 1
440 480 1
440 678 1
440 704 1
440 710 1
440 908 1
440 941 1
441 482 1
441 560 1
441 568 1
441 947 1
442 568 1
442 681 1
442 994 1
443 453 1
443 510 1
443 562 1
443 802 1
443 920 1
443 963 1
444 532 1
444 558 1
444 898 1
444 959 1
445 773 1
445 787 1
445 818 1
445 842 1
445 851 1
446 588 1
446 591 1
446 595 1
446 702 1
446 811 1
446 849 1
446 863 1
446 976 1
447 480 1
447 484 1
447 499 1
447 543 1
447 704 1
447 707 1
447 791 1
447 901 1
448 744 1
448 815 1
448 819 1
448 940 1
448 958 1
449 523 1
449 558 1
449 666 1
449 710 1
449 900 1
449 952 1
449 954 1
450 528 1
450 800 1
450 883 1
450 908 1
450 979 1
451 467 1
451 659 1
451 685 1
451 749 1
451 797 1
451 922 1
451 960 1
452 622 1
452 639 1
452 697 1
452 726 1
452 963 1
452 997 1
453 471 1
453 547 1
453 578 1
453 648 1
453 720 1
453 846 1
454 627 1
454 664 1
454 712 1
454 855 1
454 937 1
455 479 1
455 488 1
455 617 1
455 778 1
455 932 1
455 943 1
455 948 1
455 970 1
456 516 1
456 943 1
457 755 1
457 893 1
458 473 1
458 713 1
458 827 1
458 848 1
458 898 1
459 569 1
459 641 1
459 936 1
459 963 1
460 635 1
460 754 1
460 897 1
461 524 1
461 654 1
461 658 1
461 735 1
461 993 1
461 998 1
462 466 1
462 654 1
462 660 1
462 878 1
462 897 1
462 948 1
463 561 1
463 624 1
463 638 1
463 832 1
463 835 1
463 940 1
463 954 1
464 553 1
464 646 1
464 750 1
464 861 1
464 904 1
464 965 1
465 576 1
465 607 1
465 673 1
465 701 1
465 986 1
466 557 1
466 679 1
466 747 1
466 819 1
466 869 1
466 945 1
467 652 1
467 743 1
467 919 1
467 986 1
468 587 1
468 695 1
468 818 1
468 888 1
469 484 1
469 773 1
469 775 1
469 851 1
470 645 1
470 853 1
470 912 1
470 957 1
471 573 1
471 759 1
471 760 1
471 768 1
472 495 1
472 518 1
472 559 1
472 618 1
472 620 1
472 655 1
472 844 1
472 845 1
472 855 1
473 478 1
473 606 1
473 693 1
473 862 1
473 958 1
473 992 1
474 541 1
474 566 1
474 799 1
474 809 1
475 508 1
475 565 1
475 644 1
475 675 1
475 742 1
475 760 1
475 978 1
475 983 1
476 695 1
476 751 1
476 808 1
477 535 1
477 787 1
477 916 1
478 608 1
478 726 1
478 732 1
478 790 1
478 900 1
478 908 1
478 958 1
479 739 1
479 744 1
479 768 1
479 845 1
479 886 1
479 926 1
480 514 1
480 634 1
480 680 1
480 738 1
481 691 1
481 747 1
481 775 1
481 937 1
481 963 1
481 970 1
482 567 1
482 859 1
482 861 1
482 888 1
482 930 1
483 610 1
483 653 1
483 904 1
483 973 1
484 598 1
484 839 1
484 870 1
484 906 1
484 968 1
485 866 1
485 909 1
486 542 1
486 545 1
486 733 1
486 747 1
486 757 1
486 938 1
487 551 1
487 622 1
487 636 1
487 639 1
487 665 1
487 709 1
488 543 1
488 673 1
488 703 1
488 704 1
488 862 1
488 929 1
488 962 1
489 553 1
489 644 1
489 690 1
489 787 1
490 501 1
490 561 1
490 803 1
490 847 1
490 991 1
491 601 1
491 788 1
491 890 1
492 499 1
492 533 1
492 811 1
492 919 1
493 646 1
493 650 1
493 757 1
493 819 1
493 887 1
493 936 1
493 996 1
494 567 1
494 796 1
494 924 1
494 992 1
495 631 1
495 733 1
495 843 1
495 868 1
496 746 1
496 888 1
496 944 1
496 988 1
497 666 1
497 945 1
497 996 1
498 605 1
498 607 1
498 723 1
498 773 1
498 792 1
498 904 1
498 974 1
499 504 1
500 617 1
500 625 1
500 655 1
500 884 1
501 596 1
501 636 1
501 641 1
501 667 1
501 690 1
501 731 1
501 733 1
501 786 1
501 813 1
501 814 1
502 687 1
502 789 1
502 816 1
502 893 1
502 995 1
503 638 1
503 676 1
503 741 1
503 758 1
504 579 1
504 603 1
504 631 1
505 737 1
505 771 1
506 518 1
506 526 1
506 639 1
507 574 1
507 576 1
507 599 1
507 695 1
507 707 1
507 738 1
507 927 1
507 969 1
508 915 1
509 650 1
509 773 1
509 831 1
509 837 1
509 840 1
509 950 1
510 539 1
510 588 1
510 594 1
510 686 1
510 756 1
510 882 1
510 931 1
510 951 1
511 797 1
511 817 1
511 977 1
512 531 1
512 644 1
513 620 1
513 632 1
513 637 1
513 672 1
513 719 1
513 852 1
513 884 1
514 527 1
514 654 1
514 702 1
514 824 1
514 843 1
514 903 1
515 678 1
515 755 1
515 833 1
515 852 1
516 562 1
516 658 1
516 810 1
516 838 1
517 672 1
517 739 1
518 568 1
518 597 1
518 605 1
518 699 1
518 799 1
518 809 1
518 847 1
518 991 1
519 572 1
519 846 1
519 893 1
520 539 1
520 644 1
520 664 1
520 691 1
521 542 1
521 546 1
521 611 1
521 732 1
521 790 1
522 548 1
523 545 1
523 552 1
523 715 1
523 792 1
523 873 1
523 924 1
524 689 1
524 743 1
524 827 1
524 828 1
525 604 1
525 766 1
525 901 1
525 913 1
526 594 1
526 605 1
526 643 1
526 787 1
526 856 1
527 761 1
527 775 1
527 847 1
527 852 1
527 869 1
528 548 1
528 581 1
528 799 1
528 815 1
528 816 1
528 824 1
528 932 1
528 950 1
529 565 1
529 635 1
529 965 1
530 538 1
530 541 1
530 564 1
530 688 1
530 766 1
530 821 1
531 611 1
531 668 1
531 802 1
532 602 1
532 662 1
532 758 1
532 784 1
532 804 1
532 868 1
532 955 1
533 570 1
533 613 1
533 729 1
533 799 1
533 812 1
533 819 1
533 999 1
534 683 1
534 796 1
534 865 1
534 974 1
535 544 1
535 655 1
535 828 1
535 923 1
535 985 1
536 696 1
536 982 1
537 669 1
537 697 1
538 587 1
538 641 1
538 731 1
538 743 1
538 768 1
538 831 1
538 897 1
538 943 1
539 567 1
539 621 1
539 678 1
539 748 1
539 789 1
539 855 1
539 890 1
539 919 1
539 922 1
539 976 1
539 978 1
539 984 1
540 578 1
540 926 1
540 940 1
541 803 1
541 814 1
541 946 1
542 562 1
542 763 1
542 860 1
542 903 1
542 984 1
543 607 1
543 693 1
543 915 1
543 959 1
544 556 1
544 728 1
544 832 1
544 1000 1
545 550 1
545 1000 1
546 643 1
546 765 1
546 873 1
547 565 1
547 654 1
547 827 1
547 884 1
547 914 1
548 578 1
548 676 1
548 798 1
548 830 1
548 971 1
549 572 1
549 610 1
549 649 1
549 723 1
549 742 1
549 833 1
550 746 1
550 907 1
551 619 1
551 626 1
551 781 1
551 876 1
551 887 1
551 983 1
551 985 1
552 572 1
552 632 1
552 827 1
552 978 1
552 984 1
553 653 1
553 761 1
554 612 1
554 623 1
554 653 1
554 673 1
554 683 1
555 709 1
555 786 1
555 808 1
555 945 1
556 788 1
557 836 1
558 567 1
558 590 1
558 682 1
558 732 1
558 737 1
558 881 1
558 919 1
559 590 1
559 602 1
559 806 1
559 817 1
559 1000 1
560 583 1
560 629 1
560 658 1
560 691 1
560 702 1
560 876 1
561 591 1
561 686 1
561 859 1
562 573 1
562 767 1
562 831 1
563 701 1
563 752 1
563 753 1
563 760 1
563 853 1
564 734 1
564 870 1
565 779 1
565 780 1
565 828 1
566 575 1
566 750 1
566 902 1
566 963 1
566 969 1
567 603 1
567 645 1
567 715 1
567 823 1
567 879 1
567 993 1
568 671 1
568 740 1
568 813 1
568 847 1
568 890 1
569 621 1
569 860 1
569 945 1
570 810 1
571 604 1
571 625 1
571 672 1
571 708 1
571 796 1
571 807 1
571 820 1
571 882 1
572 693 1
572 747 1
572 934 1
573 583 1
573 638 1
573 762 1
573 909 1
573 910 1
573 913 1
573 933 1
573 955 1
574 765 1
574 869 1
574 969 1
575 576 1
575 616 1
575 790 1
576 611 1
576 660 1
576 715 1
576 947 1
577 753 1
577 778 1
577 797 1
577 982 1
578 672 1
578 695 1
578 698 1
578 768 1
578 805 1
578 954 1
579 597 1
580 598 1
580 611 1
580 625 1
580 909 1
580 912 1
581 640 1
581 666 1
581 764 1
581 996 1
582 755 1
582 857 1
582 900 1
582 922 1
582 972 1
583 616 1
583 735 1
583 748 1
583 755 1
583 985 1
583 997 1
584 604 1
584 667 1
584 871 1
584 914 1
585 615 1
585 620 1
585 750 1
585 762 1
585 835 1
586 672 1
586 947 1
587 593 1
587 597 1
587 658 1
587 684 1
587 741 1
587 765 1
587 991 1
588 705 1
589 676 1
589 688 1
589 775 1
589 857 1
589 945 1
590 816 1
590 940 1
591 694 1
591 724 1
591 725 1
591 932 1
591 952 1
592 611 1
592 738 1
592 761 1
592 766 1
592 891 1
592 892 1
592 980 1
593 637 1
593 657 1
593 760 1
593 842 1
594 641 1
594 870 1
595 615 1
595 624 1
595 723 1
595 754 1
596 610 1
596 653 1
596 671 1
596 910 1
597 707 1
597 733 1
597 939 1
598 765 1
598 797 1
598 891 1
598 900 1
598 931 1
599 615 1
599 794 1
599 987 1
600 632 1
600 703 1
600 705 1
600 939 1
601 631 1
601 820 1
601 868 1
602 630 1
602 772 1
602 907 1
603 711 1
603 874 1
603 944 1
604 689 1
604 712 1
604 787 1
604 860 1
604 882 1
604 895 1
604 905 1
604 923 1
604 941 1
605 635 1
605 723 1
605 770 1
605 773 1
605 813 1
605 993 1
606 998 1
607 613 1
607 642 1
607 781 1
607 875 1
607 923 1
607 979 1
608 684 1
608 878 1
608 924 1
609 624 1
609 657 1
609 666 1
609 808 1
610 671 1
610 814 1
610 974 1
611 712 1
611 769 1
611 915 1
611 951 1
612 740 1
612 853 1
613 858 1
614 642 1
614 903 1
614 909 1
614 915 1
614 921 1
614 960 1
615 624 1
615 711 1
615 787 1
615 798 1
615 996 1
615 998 1
616 860 1
617 771 1
618 707 1
619 625 1
619 654 1
619 798 1
619 814 1
619 922 1
619 925 1
620 658 1
621 749 1
621 773 1
621 837 1
621 847 1
621 882 1
622 712 1
622 863 1
623 806 1
623 828 1
623 918 1
624 810 1
624 861 1
624 964 1
624 965 1
625 744 1
625 931 1
626 734 1
626 831 1
626 902 1
627 658 1
627 781 1
627 814 1
628 646 1
628 699 1
628 708 1
628 711 1
628 876 1
629 638 1
629 706 1
630 646 1
630 728 1
630 862 1
630 885 1
630 987 1
631 724 1
631 854 1
632 673 1
632 678 1
632 745 1
632 767 1
632 833 1
632 909 1
632 963 1
633 884 1
633 900 1
633 948 1
634 791 1
635 648 1
635 694 1
636 705 1
636 935 1
636 1000 1
637 789 1
637 790 1
637 839 1
638 895 1
638 942 1
639 653 1
639 694 1
639 743 1
639 845 1
639 856 1
639 924 1
639 926 1
639 974 1
640 679 1
640 720 1
640 862 1
641 690 1
641 889 1
642 885 1
643 667 1
643 686 1
643 766 1
643 822 1
644 719 1
644 852 1
644 941 1
644 982 1
645 652 1
645 799 1
645 843 1
645 859 1
645 943 1
646 845 1
646 958 1
647 693 1
647 710 1
647 765 1
647 797 1
647 844 1
648 797 1
648 812 1
648 902 1
648 903 1
649 844 1
649 945 1
649 957 1
649 964 1
649 979 1
650 910 1
651 672 1
651 720 1
651 825 1
651 958 1
651 974 1
652 805 1
652 868 1
653 690 1
654 657 1
654 668 1
654 675 1
654 685 1
655 902 1
657 678 1
657 703 1
657 740 1
657 790 1
657 939 1
658 687 1
658 724 1
658 826 1
658 956 1
659 682 1
659 688 1
659 721 1
659 755 1
659 762 1
659 796 1
659 835 1
659 862 1
659 915 1
659 955 1
660 666 1
660 730 1
660 757 1
660 800 1
660 813 1
660 862 1
661 691 1
661 712 1
661 747 1
661 838 1
661 941 1
662 708 1
662 737 1
662 942 1
662 972 1
663 710 1
663 796 1
663 930 1
664 690 1
664 713 1
664 802 1
664 908 1
665 710 1
665 757 1
665 758 1
665 789 1
665 860 1
665 869 1
665 907 1
665 933 1
666 839 1
666 888 1
666 906 1
667 689 1
667 799 1
667 911 1
667 953 1
667 964 1
668 735 1
668 745 1
669 677 1
669 773 1
669 802 1
669 808 1
669 829 1
669 866 1
669 938 1
670 986 1
671 752 1
671 758 1
671 875 1
671 895 1
671 906 1
672 780 1
672 836 1
673 949 1
674 685 1
674 734 1
674 891 1
675 684 1
675 787 1
675 826 1
676 858 1
676 999 1
677 712 1
677 759 1
677 794 1
678 744 1
678 871 1
678 916 1
678 917 1
678 987 1
679 792 1
680 938 1
680 976 1
681 933 1
681 956 1
682 799 1
683 699 1
683 712 1
683 831 1
683 907 1
683 918 1
683 948 1
684 731 1
684 864 1
684 878 1
685 692 1
685 763 1
685 835 1
685 874 1
686 902 1
686 958 1
686 994 1
687 828 1
688 816 1
688 960 1
689 868 1
690 723 1
690 809 1
690 851 1
691 731 1
691 972 1
692 742 1
692 793 1
692 891 1
692 914 1
692 925 1
692 975 1
692 983 1
693 773 1
693 867 1
694 729 1
694 775 1
694 820 1
694 833 1
695 773 1
695 805 1
695 945 1
696 717 1
696 945 1
697 846 1
698 870 1
698 972 1
699 903 1
700 868 1
700 921 1
701 773 1
701 803 1
701 811 1
701 977 1
702 807 1
702 889 1
702 920 1
702 962 1
703 707 1
703 709 1
703 718 1
705 898 1
705 922 1
705 924 1
706 774 1
706 949 1
706 960 1
707 859 1
707 942 1
708 787 1
708 834 1
708 906 1
708 958 1
708 983 1
709 749 1
709 790 1
709 856 1
709 956 1
710 733 1
710 739 1
710 885 1
710 1000 1
712 728 1
712 821 1
712 830 1
712 848 1
713 795 1
713 813 1
713 840 1
713 900 1
714 719 1
714 934 1
714 968 1
715 731 1
715 776 1
715 818 1
715 938 1
715 945 1
715 971 1
716 772 1
716 962 1
718 726 1
718 738 1
718 969 1
718 995 1
719 867 1
719 887 1
721 833 1
721 839 1
721 906 1
722 771 1
722 810 1
722 815 1
723 752 1
723 802 1
724 790 1
725 976 1
726 816 1
726 828 1
726 858 1
726 962 1
726 985 1
727 898 1
727 985 1
727 987 1
728 986 1
729 803 1
729 987 1
730 815 1
730 947 1
730 970 1
730 998 1
731 774 1
731 923 1
731 925 1
732 841 1
732 890 1
732 963 1
733 851 1
734 735 1
734 736 1
734 761 1
734 870 1
734 891 1
735 786 1
735 898 1
736 829 1
736 907 1
736 937 1
736 979 1
737 759 1
737 953 1
738 970 1
738 993 1
740 747 1
740 830 1
740 935 1
742 891 1
742 945 1
743 793 1
743 809 1
743 985 1
744 773 1
744 796 1
744 937 1
745 766 1
745 928 1
745 944 1
745 946 1
746 837 1
748 865 1
748 946 1
749 768 1
750 776 1
750 795 1
750 928 1
750 949 1
751 873 1
751 935 1
751 936 1
751 978 1
752 995 1
753 803 1
753 920 1
754 794 1
754 834 1
754 899 1
754 918 1
754 927 1
755 768 1
755 912 1
755 942 1
755 954 1
756 764 1
756 834 1
757 799 1
757 815 1
757 974 1
757 992 1
758 760 1
758 873 1
758 973 1
759 827 1
759 920 1
759 987 1
759 989 1
760 769 1
760 788 1
760 807 1
760 810 1
760 846 1
760 921 1
761 924 1
762 776 1
762 911 1
763 772 1
763 880 1
763 888 1
763 946 1
764 932 1
765 918 1
765 979 1
766 909 1
766 974 1
767 790 1
767 823 1
769 801 1
769 962 1
770 784 1
770 916 1
770 921 1
770 957 1
771 829 1
771 903 1
772 952 1
773 832 1
773 884 1
773 967 1
774 814 1
774 875 1
774 917 1
774 987 1
775 779 1
775 786 1
775 928 1
775 993 1
776 920 1
777 885 1
777 927 1
778 795 1
778 932 1
778 949 1
778 1000 1
779 827 1
779 841 1
779 978 1
780 916 1
781 832 1
781 947 1
782 860 1
783 818 1
783 861 1
783 917 1
784 830 1
785 837 1
785 881 1
785 971 1
786 812 1
786 856 1
787 793 1
787 816 1
787 832 1
788 793 1
788 795 1
788 958 1
788 988 1
789 791 1
790 969 1
790 979 1
791 799 1
791 889 1
791 932 1
792 793 1
793 818 1
793 827 1
793 831 1
793 854 1
793 907 1
794 813 1
794 852 1
794 941 1
794 953 1
794 991 1
795 930 1
797 865 1
797 954 1
797 968 1
797 991 1
798 869 1
798 955 1
798 961 1
799 809 1
799 917 1
799 944 1
800 948 1
800 997 1
800 1000 1
801 838 1
801 960 1
802 876 1
802 878 1
802 903 1
802 927 1
802 942 1
802 981 1
803 836 1
804 923 1
804 932 1
804 958 1
804 984 1
805 911 1
806 832 1
806 963 1
807 870 1
807 908 1
807 977 1
809 819 1
809 897 1
809 994 1
810 919 1
810 944 1
812 817 1
812 928 1
812 976 1
813 833 1
814 841 1
814 893 1
814 937 1
815 820 1
816 858 1
817 990 1
818 846 1
818 892 1
819 821 1
819 826 1
819 847 1
819 871 1
819 956 1
820 988 1
821 838 1
821 973 1
821 977 1
821 989 1
822 848 1
822 884 1
822 954 1
823 960 1
825 826 1
825 964 1
825 974 1
826 880 1
826 888 1
826 968 1
827 828 1
827 904 1
827 992 1
828 913 1
829 922 1
830 848 1
830 857 1
830 867 1
832 895 1
832 938 1
833 834 1
833 923 1
835 839 1
837 905 1
837 934 1
838 966 1
838 969 1
839 872 1
839 890 1
840 861 1
840 964 1
841 900 1
841 928 1
843 916 1
844 959 1
844 964 1
845 898 1
846 934 1
846 979 1
847 855 1
847 914 1
847 927 1
847 958 1
848 910 1
848 966 1
850 884 1
850 929 1
851 920 1
851 934 1
853 936 1
855 876 1
855 922 1
856 883 1
856 959 1
856 983 1
860 902 1
860 927 1
860 928 1
860 973 1
860 974 1
861 905 1
863 895 1
863 938 1
864 953 1
864 983 1
865 876 1
866 879 1
867 903 1
868 892 1
869 893 1
870 905 1
870 944 1
870 977 1
872 946 1
873 992 1
875 923 1
877 905 1
878 960 1
879 926 1
881 977 1
883 896 1
884 895 1
884 926 1
884 983 1
886 991 1
887 921 1
887 987 1
889 973 1
890 905 1
892 999 1
893 941 1
894 915 1
895 908 1
897 980 1
899 908 1
900 923 1
900 954 1
900 979 1
901 946 1
901 959 1
902 948 1
903 927 1
911 951 1
913 927 1
913 933 1
914 941 1
914 978 1
915 947 1
915 993 1
916 990 1
919 981 1
920 956 1
922 925 1
925 967 1
926 984 1
927 973 1
933 960 1
933 970 1
934 951 1
935 939 1
935 950 1
936 992 1
937 960 1
938 941 1
938 965 1
938 966 1
939 952 1
939 956 1
941 957 1
942 980 1
946 959 1
947 989 1
948 989 1
950 953 1
951 978 1
953 992 1
957 1000 1
959 992 1
969 982 1
969 985 1
969 999 1
970 990 1
982 1000 1
988 990 1
