1000 5067
1 7 1
1 211 1
1 222 1
1 561 1
1 648 1
1 664 1
1 750 1
1 870 1
1 923 1
2 113 1
2 124 1
2 575 1
2 811 1
2 867 1
2 976 1
3 14 1
3 30 1
3 179 1
3 225 1
3 245 1
3 357 1
3 382 1
3 387 1
3 427 1
3 448 1
3 760 1
3 919 1
4 281 1
4 329 1
4 416 1
4 425 1
4 466 1
4 480 1
4 519 1
4 689 1
4 720 1
4 873 1
4 945 1
4 962 1
4 987 1
5 244 1
5 300 1
5 370 1
5 380 1
5 503 1
5 508 1
5 509 1
5 539 1
5 652 1
5 692 1
5 877 1
5 891 1
6 25 1
6 53 1
6 92 1
6 145 1
6 230 1
6 356 1
6 434 1
6 508 1
6 624 1
6 644 1
6 666 1
6 935 1
7 10 1
7 170 1
7 321 1
7 338 1
7 486 1
7 536 1
7 627 1
7 638 1
7 815 1
7 937 1
7 990 1
8 9 1
8 76 1
8 101 1
8 127 1
8 231 1
8 314 1
8 396 1
8 480 1
8 538 1
8 807 1
8 843 1
8 911 1
8 926 1
8 996 1
9 26 1
9 76 1
9 136 1
9 155 1
9 266 1
9 284 1
9 326 1
9 388 1
9 490 1
9 574 1
9 812 1
9 953 1
10 128 1
10 387 1
10 517 1
10 582 1
10 608 1
10 693 1
10 919 1
10 934 1
10 948 1
10 975 1
10 998 1
11 262 1
11 498 1
11 554 1
11 670 1
11 714 1
11 856 1
11 945 1
11 995 1
12 113 1
12 390 1
12 425 1
12 492 1
12 627 1
12 651 1
12 664 1
12 724 1
12 751 1
12 782 1
13 52 1
13 180 1
13 202 1
13 298 1
13 328 1
13 638 1
13 650 1
13 708 1
13 982 1
14 19 1
14 28 1
14 211 1
14 468 1
14 532 1
14 617 1
14 708 1
14 859 1
14 979 1
15 24 1
15 82 1
15 141 1
15 525 1
15 559 1
15 640 1
15 711 1
15 714 1
15 726 1
15 919 1
15 961 1
15 974 1
15 1000 1
16 94 1
16 117 1
16 225 1
16 260 1
16 297 1
16 301 1
16 309 1
16 353 1
16 460 1
16 621 1
16 953 1
17 116 1
17 222 1
17 292 1
17 308 1
17 332 1
17 457 1
17 812 1
17 868 1
17 921 1
18 152 1
18 206 1
18 532 1
18 646 1
18 652 1
18 666 1
18 792 1
18 830 1
18 866 1
19 77 1
19 151 1
19 243 1
19 262 1
19 310 1
20 77 1
20 244 1
20 358 1
20 441 1
20 536 1
20 586 1
20 617 1
20 688 1
21 75 1
21 335 1
21 496 1
21 628 1
21 776 1
21 793 1
21 913 1
21 932 1
21 951 1
22 141 1
22 248 1
22 569 1
22 610 1
22 653 1
22 767 1
22 782 1
22 864 1
22 919 1
22 924 1
23 216 1
23 300 1
23 306 1
23 338 1
23 538 1
23 652 1
23 666 1
23 694 1
23 722 1
23 909 1
23 972 1
24 137 1
24 179 1
24 230 1
24 338 1
24 401 1
24 529 1
24 706 1
24 782 1
24 843 1
25 56 1
25 80 1
25 289 1
25 576 1
25 695 1
25 843 1
25 860 1
25 967 1
26 32 1
26 105 1
26 160 1
26 321 1
26 511 1
26 541 1
26 568 1
26 612 1
26 615 1
26 905 1
26 949 1
26 997 1
27 39 1
27 66 1
27 114 1
27 240 1
27 283 1
27 490 1
27 549 1
27 727 1
27 729 1
27 732 1
27 765 1
27 881 1
27 905 1
28 118 1
28 171 1
28 181 1
28 182 1
28 552 1
28 647 1
28 699 1
28 717 1
28 918 1
28 922 1
28 925 1
29 292 1
29 322 1
29 385 1
29 492 1
29 575 1
29 581 1
29 585 1
29 774 1
29 786 1
30 159 1
30 236 1
30 253 1
30 255 1
30 285 1
30 311 1
30 367 1
30 400 1
30 420 1
31 46 1
31 197 1
31 324 1
31 405 1
31 730 1
31 926 1
32 55 1
32 207 1
32 321 1
32 419 1
32 483 1
32 571 1
32 577 1
32 609 1
32 675 1
32 903 1
33 126 1
33 161 1
33 310 1
33 353 1
33 513 1
34 259 1
34 318 1
34 360 1
34 408 1
34 490 1
34 523 1
34 537 1
34 603 1
34 679 1
34 716 1
34 754 1
34 806 1
35 69 1
35 258 1
35 381 1
35 493 1
35 506 1
35 549 1
35 749 1
35 924 1
35 963 1
36 98 1
36 205 1
36 254 1
36 325 1
36 534 1
36 786 1
36 828 1
36 952 1
36 993 1
37 81 1
37 168 1
37 171 1
37 182 1
37 195 1
37 270 1
37 503 1
37 556 1
37 617 1
37 664 1
37 719 1
37 797 1
37 845 1
38 51 1
38 70 1
38 177 1
38 351 1
38 373 1
38 886 1
38 987 1
38 996 1
39 52 1
39 116 1
39 141 1
39 208 1
39 339 1
39 429 1
39 512 1
39 535 1
39 630 1
40 63 1
40 194 1
40 219 1
40 253 1
40 260 1
40 392 1
40 693 1
40 731 1
40 754 1
40 794 1
41 390 1
41 646 1
41 671 1
41 688 1
41 858 1
41 874 1
41 925 1
42 120 1
42 200 1
42 326 1
42 328 1
42 563 1
42 878 1
42 945 1
42 988 1
43 211 1
43 260 1
43 311 1
43 363 1
43 375 1
43 485 1
43 488 1
43 537 1
43 609 1
43 645 1
43 729 1
43 817 1
43 878 1
43 887 1
43 898 1
44 324 1
44 812 1
44 864 1
44 916 1
45 77 1
45 142 1
45 172 1
45 200 1
45 353 1
45 428 1
45 680 1
45 785 1
45 807 1
46 120 1
46 142 1
46 167 1
46 379 1
46 434 1
46 482 1
46 584 1
46 750 1
46 761 1
46 807 1
46 819 1
46 830 1
46 856 1
46 863 1
46 906 1
46 922 1
47 102 1
47 331 1
47 428 1
47 608 1
47 639 1
47 733 1
47 744 1
47 799 1
47 955 1
48 129 1
48 327 1
48 473 1
48 650 1
48 652 1
48 656 1
48 776 1
48 921 1
49 100 1
49 176 1
49 207 1
49 228 1
49 282 1
49 551 1
49 728 1
49 734 1
49 906 1
49 925 1
49 953 1
50 250 1
50 503 1
50 538 1
50 563 1
50 619 1
50 657 1
50 668 1
50 769 1
51 81 1
51 128 1
51 350 1
51 410 1
51 481 1
51 537 1
51 811 1
51 997 1
52 146 1
52 390 1
52 503 1
52 591 1
52 617 1
52 636 1
52 649 1
52 659 1
52 721 1
53 106 1
53 253 1
53 282 1
53 439 1
53 441 1
53 587 1
53 625 1
53 705 1
53 712 1
53 720 1
53 860 1
53 913 1
54 68 1
54 203 1
54 243 1
54 301 1
54 385 1
54 585 1
54 744 1
54 751 1
54 798 1
54 919 1
54 934 1
55 58 1
55 72 1
55 104 1
55 126 1
55 251 1
55 308 1
55 333 1
55 452 1
55 579 1
55 815 1
55 834 1
55 900 1
56 261 1
56 355 1
56 417 1
56 600 1
56 677 1
56 842 1
57 143 1
57 242 1
57 305 1
57 450 1
57 535 1
57 652 1
57 768 1
57 791 1
57 818 1
58 192 1
58 212 1
58 304 1
58 326 1
58 364 1
58 506 1
58 646 1
59 184 1
59 303 1
59 318 1
59 394 1
59 500 1
59 504 1
59 650 1
59 728 1
59 858 1
60 91 1
60 215 1
60 457 1
60 530 1
60 675 1
60 717 1
60 819 1
61 103 1
61 413 1
61 491 1
61 512 1
61 567 1
61 578 1
61 853 1
62 163 1
62 329 1
62 393 1
62 791 1
62 874 1
63 94 1
63 121 1
63 437 1
63 499 1
63 729 1
63 789 1
63 861 1
64 150 1
64 302 1
64 461 1
64 462 1
64 685 1
64 774 1
64 811 1
64 835 1
64 920 1
64 938 1
64 988 1
64 991 1
65 182 1
65 200 1
65 256 1
65 350 1
65 777 1
65 784 1
65 907 1
65 921 1
65 980 1
66 201 1
66 272 1
66 350 1
66 414 1
66 496 1
66 608 1
66 616 1
66 746 1
67 131 1
67 208 1
67 287 1
67 291 1
67 520 1
67 521 1
67 534 1
67 557 1
67 850 1
68 135 1
68 173 1
68 321 1
68 349 1
68 426 1
68 526 1
68 583 1
68 752 1
68 882 1
68 897 1
69 75 1
69 247 1
69 308 1
69 412 1
69 480 1
69 483 1
69 542 1
69 603 1
69 609 1
69 831 1
69 846 1
69 906 1
69 915 1
69 965 1
70 95 1
70 350 1
70 486 1
70 670 1
70 786 1
70 828 1
70 920 1
71 109 1
71 120 1
71 261 1
71 288 1
71 360 1
71 402 1
71 488 1
71 537 1
71 591 1
71 715 1
71 782 1
71 793 1
71 886 1
71 898 1
71 965 1
72 130 1
72 256 1
72 289 1
72 421 1
72 479 1
72 647 1
72 683 1
72 718 1
73 79 1
73 121 1
73 207 1
73 303 1
73 412 1
73 562 1
73 632 1
73 805 1
73 821 1
73 882 1
73 908 1
73 967 1
74 119 1
74 237 1
74 238 1
74 358 1
74 410 1
74 759 1
74 947 1
75 135 1
75 328 1
75 410 1
75 453 1
75 688 1
75 874 1
75 949 1
75 990 1
76 111 1
76 232 1
76 566 1
76 640 1
76 643 1
76 653 1
76 720 1
76 759 1
76 899 1
76 904 1
77 246 1
77 307 1
77 436 1
77 502 1
77 677 1
77 701 1
77 785 1
78 222 1
78 453 1
78 627 1
78 678 1
78 685 1
78 749 1
78 953 1
79 196 1
79 250 1
79 374 1
79 517 1
79 554 1
79 570 1
79 597 1
79 709 1
79 733 1
79 783 1
79 821 1
79 864 1
79 935 1
80 166 1
80 670 1
80 729 1
80 757 1
80 766 1
80 772 1
80 797 1
80 811 1
80 832 1
80 848 1
80 858 1
80 961 1
81 172 1
81 182 1
81 633 1
81 745 1
81 990 1
82 256 1
82 265 1
82 313 1
82 422 1
82 671 1
82 777 1
82 779 1
82 917 1
82 926 1
82 952 1
83 132 1
83 177 1
83 183 1
83 188 1
83 357 1
83 362 1
83 482 1
83 495 1
83 542 1
83 652 1
83 915 1
83 954 1
83 995 1
84 241 1
84 305 1
84 332 1
84 364 1
84 480 1
84 491 1
84 796 1
84 858 1
84 920 1
84 996 1
85 92 1
85 163 1
85 191 1
85 299 1
85 372 1
85 427 1
85 450 1
85 526 1
85 588 1
85 612 1
85 745 1
85 768 1
86 105 1
86 335 1
86 402 1
86 415 1
86 476 1
86 561 1
86 567 1
86 767 1
86 866 1
87 139 1
87 199 1
87 378 1
87 487 1
87 652 1
87 753 1
87 921 1
87 935 1
87 971 1
88 135 1
88 142 1
88 147 1
88 255 1
88 336 1
88 416 1
88 484 1
88 497 1
88 512 1
88 701 1
88 718 1
88 740 1
88 784 1
88 805 1
88 928 1
89 361 1
89 371 1
89 392 1
89 469 1
89 519 1
89 618 1
89 637 1
89 739 1
89 743 1
89 750 1
89 775 1
89 822 1
89 934 1
90 102 1
90 105 1
90 175 1
90 451 1
90 586 1
90 620 1
90 637 1
90 668 1
90 672 1
90 707 1
90 826 1
90 996 1
91 242 1
91 261 1
91 326 1
91 328 1
91 616 1
91 630 1
91 649 1
91 769 1
92 217 1
92 287 1
92 483 1
92 566 1
92 719 1
92 742 1
92 824 1
92 949 1
92 991 1
93 198 1
93 231 1
93 370 1
93 420 1
93 474 1
93 478 1
93 731 1
93 749 1
93 756 1
93 930 1
93 964 1
93 976 1
94 292 1
94 311 1
94 361 1
94 378 1
94 388 1
94 422 1
94 662 1
94 753 1
94 800 1
94 807 1
94 825 1
95 140 1
95 188 1
95 306 1
95 330 1
95 380 1
95 430 1
95 486 1
95 539 1
95 814 1
95 850 1
95 946 1
95 951 1
96 234 1
96 313 1
96 340 1
96 373 1
96 375 1
96 439 1
97 234 1
97 281 1
97 458 1
97 631 1
97 671 1
97 694 1
97 964 1
97 972 1
98 115 1
98 120 1
98 136 1
98 333 1
98 335 1
98 396 1
98 502 1
98 558 1
98 617 1
98 729 1
98 814 1
98 821 1
98 858 1
98 904 1
98 915 1
98 969 1
99 176 1
99 469 1
99 537 1
99 777 1
99 820 1
99 915 1
99 980 1
100 139 1
100 237 1
100 639 1
100 950 1
100 968 1
100 984 1
101 148 1
101 195 1
101 200 1
101 317 1
101 477 1
101 644 1
101 818 1
101 841 1
101 885 1
101 929 1
101 974 1
102 205 1
102 379 1
102 535 1
102 537 1
102 585 1
102 777 1
102 843 1
102 866 1
102 951 1
102 961 1
103 188 1
103 231 1
103 274 1
103 286 1
103 342 1
103 565 1
103 739 1
103 752 1
103 808 1
103 860 1
104 131 1
104 156 1
104 168 1
104 279 1
104 326 1
104 354 1
104 487 1
104 682 1
104 909 1
104 978 1
105 294 1
105 417 1
105 568 1
105 650 1
106 176 1
106 226 1
106 228 1
106 278 1
106 323 1
106 391 1
106 457 1
106 494 1
106 541 1
106 869 1
106 874 1
106 931 1
107 142 1
107 149 1
107 203 1
107 248 1
107 444 1
107 476 1
107 498 1
107 730 1
107 755 1
108 283 1
108 564 1
108 591 1
108 631 1
108 775 1
108 817 1
108 908 1
109 170 1
109 289 1
109 314 1
109 352 1
109 524 1
109 649 1
109 764 1
109 801 1
109 953 1
109 989 1
110 202 1
110 347 1
110 835 1
110 874 1
110 911 1
110 920 1
110 980 1
111 259 1
111 270 1
111 286 1
111 452 1
111 517 1
111 690 1
111 785 1
112 187 1
112 302 1
112 404 1
112 442 1
112 476 1
112 570 1
113 167 1
113 210 1
113 291 1
113 297 1
113 438 1
113 523 1
113 558 1
114 122 1
114 423 1
114 644 1
114 890 1
114 946 1
114 965 1
115 120 1
115 134 1
115 203 1
115 411 1
115 495 1
115 507 1
115 612 1
115 761 1
115 843 1
115 981 1
116 171 1
116 242 1
116 306 1
116 411 1
116 538 1
116 672 1
116 844 1
116 917 1
117 326 1
117 338 1
117 351 1
117 373 1
117 383 1
117 385 1
117 543 1
118 219 1
118 239 1
118 247 1
118 287 1
118 329 1
118 469 1
118 551 1
118 728 1
118 737 1
118 756 1
118 814 1
118 834 1
118 925 1
118 961 1
119 185 1
119 350 1
119 439 1
119 624 1
119 695 1
119 805 1
119 911 1
120 168 1
120 272 1
120 306 1
120 407 1
120 616 1
120 727 1
120 808 1
121 265 1
121 286 1
121 386 1
121 448 1
121 524 1
121 575 1
121 602 1
121 684 1
121 763 1
121 904 1
122 154 1
122 172 1
122 246 1
122 264 1
122 422 1
122 573 1
123 174 1
123 309 1
123 457 1
123 488 1
123 610 1
123 678 1
123 703 1
123 805 1
123 824 1
123 844 1
123 938 1
124 142 1
124 345 1
124 352 1
124 542 1
124 656 1
124 731 1
124 791 1
124 943 1
125 167 1
125 372 1
125 471 1
125 553 1
125 643 1
125 802 1
126 237 1
126 273 1
126 356 1
126 438 1
126 480 1
126 763 1
126 974 1
127 285 1
127 334 1
127 497 1
127 648 1
127 707 1
128 159 1
128 164 1
128 204 1
128 211 1
128 256 1
128 569 1
128 600 1
128 615 1
128 629 1
128 658 1
128 694 1
128 793 1
129 193 1
129 248 1
129 277 1
129 283 1
129 297 1
129 377 1
129 574 1
129 613 1
129 694 1
130 150 1
130 152 1
130 224 1
130 386 1
130 446 1
130 454 1
130 570 1
130 719 1
130 768 1
130 871 1
130 903 1
131 380 1
131 386 1
131 554 1
131 598 1
131 787 1
132 158 1
132 204 1
132 392 1
132 457 1
132 638 1
132 749 1
132 755 1
132 824 1
132 836 1
132 941 1
132 948 1
132 995 1
133 181 1
133 332 1
133 484 1
133 522 1
133 584 1
133 621 1
133 745 1
133 987 1
134 297 1
134 489 1
134 656 1
134 677 1
134 745 1
134 992 1
135 161 1
135 169 1
135 314 1
135 463 1
135 668 1
135 691 1
136 154 1
136 281 1
136 284 1
136 321 1
136 375 1
136 433 1
136 455 1
136 486 1
136 518 1
136 538 1
137 142 1
137 230 1
137 231 1
137 266 1
137 282 1
137 334 1
137 549 1
137 753 1
137 772 1
137 968 1
138 175 1
138 185 1
138 225 1
138 360 1
138 437 1
138 521 1
138 725 1
138 799 1
138 828 1
138 832 1
138 840 1
138 845 1
138 988 1
139 268 1
139 274 1
139 357 1
139 449 1
139 517 1
139 628 1
139 713 1
139 733 1
139 754 1
139 756 1
139 783 1
140 143 1
140 313 1
140 638 1
140 709 1
140 730 1
140 899 1
141 247 1
141 302 1
141 574 1
141 695 1
141 705 1
141 721 1
141 821 1
141 944 1
141 995 1
142 194 1
142 239 1
142 389 1
142 429 1
142 520 1
142 611 1
142 789 1
142 808 1
142 822 1
142 835 1
143 240 1
143 302 1
143 482 1
143 516 1
143 519 1
143 718 1
143 770 1
143 853 1
143 929 1
143 966 1
144 324 1
144 451 1
144 536 1
144 570 1
144 707 1
144 936 1
145 280 1
145 335 1
145 393 1
145 430 1
145 509 1
145 586 1
145 631 1
145 739 1
145 765 1
145 812 1
145 994 1
146 159 1
146 182 1
146 183 1
146 274 1
146 287 1
146 302 1
146 493 1
146 495 1
146 632 1
146 720 1
146 724 1
146 824 1
146 929 1
146 931 1
147 197 1
147 459 1
147 509 1
147 552 1
147 604 1
147 738 1
147 883 1
147 970 1
148 359 1
148 391 1
148 397 1
148 532 1
148 533 1
148 775 1
148 864 1
148 903 1
148 959 1
149 179 1
149 341 1
149 417 1
149 443 1
149 530 1
149 582 1
149 750 1
149 883 1
150 151 1
150 224 1
150 313 1
150 315 1
150 332 1
150 496 1
151 484 1
151 485 1
151 604 1
151 956 1
152 242 1
152 270 1
152 359 1
152 360 1
152 451 1
152 521 1
152 531 1
152 697 1
152 903 1
152 930 1
153 168 1
153 205 1
153 333 1
153 353 1
153 438 1
153 716 1
153 739 1
153 865 1
154 158 1
154 212 1
154 325 1
154 489 1
154 494 1
154 526 1
154 649 1
154 756 1
154 918 1
155 193 1
155 234 1
155 369 1
155 599 1
155 696 1
155 722 1
155 741 1
155 778 1
155 925 1
156 271 1
156 420 1
156 706 1
156 882 1
156 961 1
157 182 1
157 215 1
157 325 1
157 450 1
157 807 1
157 891 1
158 196 1
158 366 1
158 573 1
158 677 1
158 678 1
158 690 1
158 791 1
158 995 1
159 320 1
159 376 1
159 433 1
159 484 1
159 546 1
159 578 1
159 581 1
159 638 1
159 816 1
159 985 1
160 200 1
160 213 1
160 282 1
160 416 1
160 627 1
160 736 1
160 739 1
160 741 1
160 806 1
160 834 1
161 193 1
161 210 1
161 409 1
161 569 1
161 699 1
161 761 1
161 892 1
161 996 1
162 185 1
162 268 1
162 330 1
162 335 1
162 590 1
162 639 1
162 643 1
162 647 1
162 702 1
163 357 1
163 667 1
163 725 1
163 879 1
163 996 1
164 418 1
164 573 1
164 609 1
164 776 1
164 787 1
164 921 1
164 946 1
165 207 1
165 355 1
165 431 1
165 512 1
165 535 1
165 538 1
165 612 1
165 637 1
165 696 1
166 325 1
166 342 1
166 412 1
166 545 1
166 601 1
166 644 1
166 658 1
166 707 1
166 738 1
166 899 1
167 320 1
167 322 1
167 420 1
167 499 1
167 848 1
167 871 1
167 899 1
167 991 1
168 193 1
168 206 1
168 208 1
168 226 1
168 336 1
168 591 1
168 664 1
168 669 1
168 841 1
169 202 1
169 251 1
169 358 1
169 477 1
169 532 1
169 533 1
169 596 1
169 653 1
169 667 1
169 774 1
169 800 1
169 807 1
169 842 1
170 188 1
170 281 1
170 309 1
170 317 1
170 341 1
170 415 1
170 465 1
170 511 1
170 549 1
170 605 1
170 721 1
170 794 1
170 965 1
170 987 1
171 373 1
171 532 1
171 649 1
171 682 1
171 873 1
172 253 1
172 290 1
172 377 1
172 391 1
172 411 1
172 729 1
172 852 1
172 903 1
172 935 1
172 950 1
172 988 1
173 282 1
173 293 1
173 471 1
173 539 1
173 611 1
173 655 1
173 666 1
173 769 1
173 779 1
173 790 1
173 804 1
173 849 1
174 203 1
174 261 1
174 293 1
174 318 1
174 403 1
174 478 1
174 509 1
174 601 1
174 629 1
174 686 1
174 880 1
174 909 1
175 446 1
175 500 1
175 594 1
175 624 1
175 657 1
175 705 1
175 771 1
175 798 1
175 812 1
175 876 1
175 967 1
176 434 1
176 687 1
176 875 1
177 181 1
177 314 1
177 379 1
177 423 1
177 659 1
177 741 1
177 793 1
177 808 1
177 854 1
178 358 1
178 672 1
178 752 1
179 274 1
179 622 1
179 704 1
179 823 1
180 582 1
180 743 1
180 847 1
180 915 1
180 970 1
181 199 1
181 248 1
181 310 1
181 552 1
181 640 1
181 834 1
181 888 1
181 946 1
182 601 1
182 665 1
182 753 1
182 759 1
182 799 1
182 816 1
183 242 1
183 309 1
183 424 1
183 475 1
183 848 1
184 208 1
184 332 1
184 364 1
184 394 1
184 469 1
184 522 1
184 597 1
184 746 1
185 287 1
185 296 1
185 301 1
185 733 1
185 737 1
185 814 1
185 834 1
186 225 1
186 521 1
186 579 1
186 592 1
186 599 1
186 888 1
186 909 1
187 280 1
187 511 1
187 549 1
187 603 1
187 629 1
187 777 1
187 801 1
187 874 1
187 948 1
188 205 1
188 279 1
188 364 1
188 428 1
188 521 1
188 963 1
189 307 1
189 376 1
189 400 1
189 518 1
189 588 1
189 807 1
189 819 1
189 883 1
189 988 1
190 197 1
190 234 1
190 900 1
191 228 1
191 264 1
191 304 1
191 338 1
191 348 1
191 403 1
191 479 1
191 588 1
191 640 1
191 782 1
191 871 1
191 956 1
192 224 1
192 232 1
192 349 1
192 398 1
192 404 1
192 444 1
192 635 1
192 814 1
192 826 1
192 919 1
193 231 1
193 257 1
193 372 1
193 395 1
193 406 1
193 441 1
193 448 1
193 454 1
193 526 1
193 542 1
193 671 1
193 797 1
193 912 1
193 989 1
194 216 1
194 220 1
194 239 1
194 459 1
194 461 1
194 563 1
194 596 1
194 815 1
194 837 1
194 854 1
195 258 1
195 275 1
195 285 1
195 297 1
195 361 1
195 678 1
195 693 1
195 750 1
195 883 1
196 669 1
196 701 1
196 789 1
196 876 1
196 888 1
197 409 1
197 443 1
197 598 1
197 645 1
197 689 1
197 808 1
197 835 1
197 845 1
198 275 1
198 354 1
198 408 1
198 415 1
198 466 1
198 521 1
199 240 1
199 567 1
199 644 1
199 708 1
199 749 1
199 865 1
199 909 1
199 934 1
200 303 1
200 310 1
200 319 1
200 334 1
200 388 1
200 448 1
200 575 1
200 667 1
200 769 1
200 807 1
200 886 1
200 908 1
200 929 1
200 984 1
201 257 1
201 325 1
201 359 1
201 408 1
201 525 1
201 559 1
201 776 1
201 789 1
201 860 1
201 909 1
201 984 1
202 447 1
202 596 1
202 852 1
202 874 1
203 538 1
203 676 1
203 798 1
203 854 1
203 874 1
203 955 1
203 988 1
204 389 1
204 507 1
204 538 1
204 581 1
204 956 1
204 963 1
205 216 1
205 222 1
205 271 1
205 281 1
205 345 1
205 398 1
205 422 1
205 804 1
205 814 1
205 852 1
206 235 1
206 255 1
206 256 1
206 274 1
206 408 1
206 508 1
206 521 1
206 577 1
206 595 1
206 613 1
206 631 1
206 888 1
207 254 1
207 366 1
207 456 1
207 505 1
207 672 1
207 790 1
207 905 1
207 961 1
207 999 1
208 234 1
208 277 1
208 405 1
208 881 1
209 235 1
209 247 1
209 285 1
209 407 1
209 662 1
209 686 1
210 295 1
210 491 1
210 501 1
210 551 1
210 646 1
210 783 1
210 784 1
210 810 1
210 847 1
210 862 1
211 387 1
211 439 1
211 442 1
211 549 1
211 697 1
211 905 1
212 238 1
212 422 1
212 583 1
212 584 1
212 621 1
212 782 1
212 904 1
213 303 1
213 351 1
213 362 1
213 463 1
213 682 1
213 775 1
213 814 1
213 912 1
213 945 1
213 1000 1
214 223 1
214 259 1
214 296 1
214 356 1
214 856 1
214 871 1
214 964 1
214 994 1
215 241 1
215 280 1
215 468 1
215 488 1
215 667 1
215 803 1
215 897 1
215 999 1
216 260 1
216 345 1
216 450 1
216 477 1
216 611 1
216 622 1
216 642 1
216 869 1
216 948 1
216 973 1
217 283 1
217 297 1
217 351 1
217 357 1
217 413 1
217 459 1
217 511 1
217 573 1
217 638 1
217 691 1
218 331 1
218 387 1
218 403 1
218 416 1
218 436 1
218 660 1
218 732 1
218 758 1
218 786 1
218 881 1
218 926 1
218 938 1
218 990 1
219 283 1
219 379 1
219 402 1
219 410 1
219 468 1
219 565 1
219 788 1
219 825 1
219 882 1
220 234 1
220 409 1
220 638 1
220 743 1
220 817 1
220 908 1
221 360 1
221 586 1
221 623 1
221 712 1
221 788 1
221 821 1
221 940 1
222 357 1
222 592 1
222 615 1
223 290 1
223 345 1
223 382 1
223 496 1
223 504 1
223 605 1
223 680 1
224 310 1
224 452 1
224 586 1
224 634 1
224 643 1
224 652 1
224 783 1
224 907 1
224 983 1
225 236 1
225 240 1
225 246 1
225 258 1
225 273 1
225 422 1
225 432 1
225 555 1
225 709 1
225 892 1
226 234 1
226 240 1
226 360 1
226 409 1
226 437 1
226 635 1
226 896 1
226 932 1
227 370 1
227 428 1
227 447 1
227 497 1
227 565 1
227 696 1
227 715 1
228 505 1
228 552 1
228 579 1
228 869 1
228 910 1
228 928 1
229 313 1
229 600 1
229 614 1
229 764 1
229 983 1
230 375 1
230 512 1
230 568 1
230 879 1
230 924 1
230 938 1
230 945 1
230 981 1
231 273 1
231 357 1
231 444 1
231 459 1
231 723 1
231 747 1
231 850 1
231 872 1
231 972 1
232 393 1
232 399 1
232 409 1
232 571 1
232 652 1
232 745 1
232 822 1
233 305 1
233 316 1
233 332 1
233 564 1
233 566 1
233 574 1
233 590 1
233 708 1
233 756 1
233 803 1
233 820 1
233 837 1
233 841 1
234 289 1
234 294 1
234 476 1
234 508 1
234 512 1
234 521 1
234 561 1
234 646 1
234 762 1
234 879 1
234 992 1
235 243 1
235 665 1
235 696 1
235 698 1
235 726 1
235 926 1
236 241 1
236 268 1
236 331 1
236 497 1
236 606 1
236 657 1
236 787 1
237 561 1
237 565 1
237 742 1
237 806 1
237 866 1
237 949 1
238 265 1
238 408 1
238 419 1
238 492 1
238 518 1
238 623 1
238 728 1
238 747 1
238 847 1
239 305 1
239 369 1
239 385 1
239 488 1
239 660 1
239 734 1
239 741 1
239 793 1
239 835 1
239 888 1
239 897 1
239 924 1
240 354 1
240 486 1
240 535 1
240 558 1
240 681 1
240 902 1
240 999 1
241 427 1
241 605 1
241 696 1
241 731 1
241 781 1
241 799 1
241 828 1
241 949 1
242 351 1
242 612 1
242 734 1
242 962 1
242 983 1
243 276 1
243 528 1
243 746 1
243 810 1
244 261 1
244 287 1
244 455 1
244 471 1
244 484 1
244 510 1
244 568 1
244 672 1
244 693 1
244 912 1
245 281 1
245 385 1
245 428 1
245 449 1
245 504 1
245 538 1
245 551 1
245 636 1
245 676 1
245 700 1
245 788 1
245 965 1
245 997 1
246 382 1
246 406 1
246 425 1
246 434 1
246 525 1
246 849 1
246 948 1
247 329 1
247 387 1
247 479 1
247 713 1
247 862 1
247 916 1
248 365 1
248 439 1
248 482 1
248 669 1
248 869 1
249 301 1
249 329 1
249 350 1
249 404 1
249 432 1
249 453 1
249 480 1
249 617 1
249 751 1
249 768 1
250 263 1
250 295 1
250 388 1
250 448 1
250 529 1
250 663 1
250 737 1
250 741 1
250 784 1
250 932 1
251 505 1
251 628 1
251 709 1
251 724 1
251 782 1
251 839 1
251 849 1
252 557 1
252 614 1
252 724 1
252 767 1
252 862 1
253 454 1
253 581 1
253 667 1
253 690 1
253 790 1
253 902 1
253 943 1
254 576 1
254 654 1
254 691 1
254 710 1
254 715 1
254 727 1
255 409 1
255 412 1
255 505 1
255 612 1
255 641 1
255 688 1
255 919 1
255 930 1
256 319 1
256 344 1
256 369 1
256 638 1
256 666 1
256 745 1
256 753 1
256 803 1
256 817 1
256 838 1
257 296 1
257 327 1
257 347 1
257 384 1
257 532 1
257 697 1
257 739 1
257 744 1
257 763 1
257 767 1
257 867 1
258 540 1
258 631 1
258 633 1
258 666 1
258 718 1
258 845 1
258 868 1
258 922 1
259 303 1
259 330 1
259 495 1
259 518 1
259 550 1
259 838 1
259 886 1
260 321 1
260 345 1
260 411 1
260 456 1
260 555 1
260 864 1
260 972 1
261 461 1
261 494 1
261 609 1
261 897 1
261 949 1
262 307 1
262 346 1
262 353 1
262 650 1
262 757 1
262 780 1
262 898 1
263 368 1
263 459 1
263 622 1
263 834 1
263 908 1
263 968 1
264 332 1
264 468 1
264 544 1
264 645 1
264 762 1
265 428 1
265 575 1
265 750 1
265 800 1
265 823 1
265 991 1
266 291 1
266 322 1
266 340 1
266 430 1
266 493 1
266 578 1
266 657 1
266 788 1
266 839 1
267 305 1
267 316 1
267 366 1
267 411 1
267 549 1
267 794 1
267 810 1
267 841 1
267 852 1
268 335 1
268 343 1
268 438 1
268 633 1
268 826 1
268 971 1
268 980 1
269 279 1
269 369 1
269 555 1
269 675 1
269 735 1
269 865 1
269 969 1
269 998 1
270 363 1
270 365 1
270 434 1
270 505 1
270 614 1
270 631 1
270 699 1
270 786 1
271 273 1
271 342 1
271 388 1
271 409 1
271 511 1
271 547 1
271 578 1
271 599 1
271 616 1
271 688 1
271 856 1
271 983 1
271 986 1
272 448 1
272 511 1
272 548 1
272 589 1
272 640 1
272 818 1
272 999 1
273 393 1
273 482 1
273 516 1
273 665 1
273 751 1
273 887 1
274 582 1
274 620 1
274 809 1
274 883 1
274 915 1
275 311 1
275 439 1
275 639 1
275 659 1
275 868 1
275 929 1
276 280 1
276 458 1
276 610 1
276 685 1
276 712 1
276 808 1
276 994 1
277 364 1
277 441 1
277 469 1
277 489 1
277 531 1
277 598 1
277 771 1
277 900 1
278 318 1
278 332 1
278 597 1
278 697 1
278 809 1
279 338 1
279 388 1
279 513 1
279 547 1
279 708 1
279 894 1
279 905 1
279 908 1
280 302 1
280 305 1
280 550 1
280 587 1
280 639 1
280 889 1
280 982 1
280 993 1
281 411 1
281 430 1
281 489 1
281 598 1
281 646 1
281 690 1
281 727 1
281 861 1
282 473 1
282 913 1
282 918 1
283 321 1
283 520 1
283 546 1
283 548 1
283 849 1
283 900 1
283 905 1
283 921 1
283 952 1
283 960 1
284 446 1
284 632 1
284 657 1
284 729 1
284 786 1
285 290 1
285 429 1
285 446 1
285 678 1
285 814 1
285 818 1
285 823 1
285 906 1
285 909 1
285 929 1
285 941 1
285 976 1
286 321 1
286 323 1
286 840 1
286 942 1
286 948 1
287 462 1
287 798 1
287 817 1
288 348 1
288 372 1
288 723 1
288 823 1
288 914 1
288 917 1
288 949 1
288 954 1
289 327 1
289 347 1
289 458 1
289 539 1
289 658 1
289 859 1
289 908 1
290 407 1
290 533 1
290 682 1
290 740 1
290 844 1
290 950 1
290 956 1
291 356 1
291 398 1
291 500 1
291 572 1
291 683 1
291 710 1
291 857 1
292 304 1
292 450 1
292 508 1
292 723 1
293 369 1
293 473 1
293 664 1
293 848 1
293 854 1
293 935 1
293 991 1
294 338 1
294 391 1
294 423 1
294 470 1
294 740 1
295 551 1
295 582 1
295 626 1
295 718 1
295 879 1
295 887 1
295 897 1
295 923 1
296 363 1
296 372 1
296 530 1
296 805 1
296 900 1
296 932 1
296 992 1
297 305 1
297 377 1
297 430 1
297 446 1
297 686 1
297 709 1
297 801 1
297 820 1
297 978 1
298 328 1
298 404 1
298 436 1
298 721 1
298 730 1
298 904 1
299 318 1
299 357 1
299 449 1
299 674 1
299 913 1
300 505 1
300 651 1
300 902 1
301 395 1
301 467 1
302 329 1
302 620 1
302 837 1
302 882 1
303 375 1
303 440 1
303 529 1
303 605 1
303 667 1
303 705 1
303 735 1
303 921 1
303 952 1
304 401 1
304 755 1
304 761 1
304 774 1
304 809 1
304 903 1
304 947 1
305 397 1
305 525 1
305 653 1
305 811 1
306 445 1
306 766 1
306 903 1
307 332 1
307 380 1
307 391 1
307 402 1
307 611 1
307 631 1
307 831 1
307 866 1
308 364 1
308 374 1
308 470 1
308 537 1
308 579 1
308 669 1
309 360 1
309 384 1
309 475 1
309 730 1
309 848 1
309 903 1
310 611 1
310 650 1
310 732 1
310 811 1
310 812 1
310 840 1
311 476 1
311 556 1
311 610 1
311 658 1
311 703 1
311 716 1
311 741 1
311 815 1
311 845 1
312 380 1
312 461 1
312 480 1
312 533 1
312 592 1
312 791 1
312 849 1
313 337 1
313 421 1
313 444 1
313 584 1
313 651 1
313 757 1
314 341 1
314 342 1
314 511 1
314 670 1
314 778 1
314 801 1
314 887 1
315 332 1
315 409 1
315 491 1
315 502 1
315 603 1
315 625 1
315 629 1
315 944 1
315 964 1
316 334 1
316 503 1
316 513 1
316 743 1
316 744 1
316 753 1
316 816 1
316 876 1
316 928 1
316 941 1
317 351 1
317 500 1
317 665 1
317 717 1
317 784 1
317 810 1
317 906 1
318 347 1
318 385 1
318 588 1
318 667 1
318 730 1
318 812 1
318 944 1
319 655 1
319 735 1
319 759 1
319 782 1
319 871 1
319 885 1
320 361 1
320 412 1
320 565 1
320 620 1
320 623 1
320 715 1
320 806 1
320 880 1
320 891 1
321 350 1
321 405 1
321 409 1
321 424 1
321 427 1
321 457 1
321 481 1
321 485 1
321 519 1
321 729 1
321 740 1
321 807 1
321 920 1
322 334 1
322 416 1
322 428 1
322 602 1
322 646 1
322 660 1
322 903 1
323 439 1
323 632 1
323 697 1
323 939 1
324 499 1
324 543 1
324 892 1
324 921 1
324 970 1
325 394 1
325 497 1
325 551 1
325 675 1
325 874 1
326 336 1
326 455 1
326 502 1
326 655 1
326 667 1
326 722 1
327 614 1
327 617 1
327 709 1
327 877 1
328 336 1
328 341 1
328 342 1
328 397 1
328 466 1
328 519 1
328 534 1
328 549 1
328 558 1
328 835 1
328 881 1
328 890 1
328 950 1
329 432 1
329 569 1
329 765 1
329 890 1
330 527 1
330 656 1
330 672 1
331 339 1
331 341 1
331 510 1
331 547 1
331 582 1
331 591 1
331 625 1
332 378 1
332 464 1
332 488 1
332 526 1
332 534 1
332 541 1
332 545 1
332 726 1
332 811 1
333 451 1
333 545 1
333 559 1
333 612 1
333 616 1
333 628 1
333 902 1
333 959 1
334 423 1
334 503 1
334 683 1
334 795 1
334 843 1
335 358 1
335 378 1
335 387 1
335 729 1
335 828 1
335 869 1
335 882 1
335 938 1
335 942 1
335 972 1
336 423 1
336 434 1
336 579 1
336 646 1
336 706 1
336 716 1
336 768 1
336 770 1
336 895 1
336 982 1
336 999 1
337 342 1
337 414 1
337 521 1
337 627 1
337 775 1
337 805 1
338 577 1
338 594 1
338 707 1
338 711 1
338 723 1
338 853 1
338 888 1
338 896 1
338 939 1
339 399 1
339 501 1
339 610 1
339 618 1
339 662 1
339 715 1
339 771 1
339 796 1
340 401 1
340 529 1
340 843 1
340 995 1
341 407 1
341 453 1
341 586 1
341 619 1
341 674 1
341 746 1
341 754 1
341 859 1
341 924 1
342 465 1
342 507 1
342 677 1
342 707 1
342 764 1
342 857 1
342 864 1
342 875 1
342 884 1
342 905 1
343 346 1
343 391 1
343 398 1
343 476 1
343 501 1
343 544 1
343 546 1
343 567 1
343 571 1
343 758 1
343 814 1
343 947 1
343 971 1
344 467 1
344 602 1
344 744 1
344 893 1
345 458 1
345 727 1
345 749 1
345 806 1
345 963 1
346 655 1
346 736 1
346 778 1
346 791 1
346 891 1
347 574 1
347 584 1
347 585 1
347 664 1
347 751 1
347 979 1
348 394 1
348 489 1
348 571 1
348 584 1
348 622 1
348 741 1
348 803 1
348 946 1
348 977 1
349 392 1
349 398 1
349 412 1
349 633 1
349 655 1
349 677 1
349 798 1
349 838 1
350 366 1
350 411 1
350 625 1
350 662 1
350 677 1
350 705 1
350 739 1
350 789 1
350 819 1
351 365 1
351 394 1
351 426 1
351 446 1
351 481 1
351 598 1
351 720 1
351 807 1
351 839 1
351 869 1
352 407 1
352 430 1
352 663 1
352 829 1
352 839 1
353 686 1
353 691 1
353 724 1
353 747 1
353 837 1
353 882 1
353 990 1
354 461 1
354 484 1
354 501 1
354 551 1
354 724 1
354 752 1
354 919 1
354 962 1
354 990 1
355 379 1
355 465 1
355 525 1
355 786 1
355 852 1
355 875 1
355 896 1
355 915 1
355 998 1
355 1000 1
356 367 1
356 505 1
356 522 1
356 976 1
357 498 1
357 556 1
357 570 1
357 862 1
357 906 1
357 909 1
357 923 1
357 940 1
357 970 1
358 380 1
358 461 1
358 484 1
358 590 1
358 596 1
358 650 1
358 774 1
358 848 1
358 864 1
358 901 1
358 913 1
358 974 1
359 453 1
359 709 1
359 762 1
359 854 1
359 857 1
360 362 1
360 494 1
360 811 1
360 951 1
361 436 1
361 547 1
361 610 1
361 691 1
361 847 1
361 889 1
362 388 1
362 587 1
362 639 1
362 715 1
362 737 1
362 976 1
363 430 1
363 473 1
363 492 1
363 550 1
363 626 1
363 726 1
363 831 1
363 890 1
364 488 1
364 741 1
364 920 1
364 951 1
365 718 1
365 736 1
365 750 1
365 776 1
365 799 1
365 862 1
366 412 1
366 440 1
366 476 1
366 487 1
366 873 1
366 931 1
366 977 1
367 503 1
367 869 1
367 921 1
367 949 1
368 479 1
368 609 1
368 749 1
369 420 1
369 440 1
369 586 1
369 732 1
369 769 1
369 780 1
369 852 1
369 988 1
370 409 1
370 579 1
370 702 1
370 831 1
370 862 1
370 951 1
370 977 1
371 378 1
371 439 1
371 537 1
371 604 1
371 636 1
371 685 1
371 722 1
372 656 1
372 706 1
372 856 1
372 874 1
372 897 1
372 926 1
372 950 1
372 977 1
373 482 1
373 634 1
373 650 1
373 661 1
373 727 1
373 747 1
373 861 1
373 874 1
373 889 1
374 459 1
374 887 1
375 411 1
375 452 1
375 509 1
375 538 1
375 581 1
375 656 1
375 671 1
375 837 1
375 925 1
376 392 1
376 497 1
376 637 1
376 654 1
376 705 1
376 733 1
376 812 1
376 832 1
377 389 1
377 518 1
377 641 1
377 721 1
377 759 1
377 829 1
378 448 1
378 555 1
378 618 1
378 653 1
378 792 1
379 403 1
379 417 1
379 439 1
379 600 1
379 678 1
379 693 1
379 712 1
379 748 1
379 896 1
379 919 1
380 392 1
380 563 1
380 784 1
380 933 1
381 450 1
381 451 1
381 501 1
381 581 1
381 864 1
382 458 1
382 471 1
382 538 1
382 644 1
382 682 1
382 827 1
382 918 1
383 516 1
383 639 1
383 834 1
383 869 1
384 618 1
384 619 1
384 934 1
385 431 1
385 929 1
386 742 1
386 763 1
386 824 1
386 918 1
387 502 1
387 571 1
387 615 1
387 649 1
387 812 1
387 895 1
388 398 1
388 457 1
388 502 1
388 629 1
388 630 1
388 633 1
388 714 1
389 938 1
390 457 1
390 536 1
390 592 1
390 613 1
390 631 1
390 823 1
390 868 1
390 885 1
390 947 1
391 395 1
391 454 1
391 731 1
391 801 1
391 890 1
392 532 1
392 752 1
392 757 1
392 792 1
393 531 1
393 564 1
393 769 1
393 810 1
393 850 1
393 892 1
393 978 1
394 407 1
394 413 1
394 458 1
394 468 1
394 680 1
394 694 1
394 813 1
394 840 1
394 873 1
394 927 1
395 622 1
395 644 1
395 753 1
396 444 1
396 564 1
396 597 1
396 703 1
396 765 1
396 948 1
396 973 1
397 414 1
397 554 1
397 634 1
397 642 1
397 773 1
397 882 1
398 501 1
398 656 1
398 668 1
398 681 1
398 794 1
398 800 1
398 878 1
398 891 1
398 904 1
399 448 1
399 507 1
399 589 1
399 666 1
399 762 1
400 681 1
400 729 1
400 813 1
400 933 1
401 624 1
401 728 1
401 744 1
401 764 1
401 770 1
401 975 1
402 453 1
402 801 1
403 409 1
403 611 1
403 618 1
403 668 1
403 673 1
403 730 1
403 779 1
403 826 1
403 828 1
403 993 1
404 528 1
404 553 1
404 718 1
404 794 1
404 807 1
404 829 1
404 988 1
405 491 1
405 694 1
405 743 1
406 669 1
406 728 1
406 785 1
406 828 1
406 894 1
407 495 1
407 502 1
407 924 1
408 976 1
408 979 1
409 797 1
409 799 1
409 864 1
409 893 1
410 412 1
410 922 1
410 978 1
411 430 1
411 519 1
411 729 1
411 843 1
412 430 1
412 678 1
412 901 1
412 921 1
413 423 1
413 564 1
413 592 1
413 612 1
413 666 1
413 700 1
413 706 1
413 722 1
413 762 1
413 810 1
414 469 1
414 762 1
414 939 1
415 638 1
415 804 1
415 826 1
415 907 1
416 686 1
416 757 1
416 956 1
416 966 1
416 970 1
417 455 1
417 476 1
417 600 1
417 810 1
418 627 1
418 668 1
418 736 1
418 981 1
419 437 1
419 637 1
419 644 1
419 645 1
419 650 1
419 719 1
420 436 1
420 613 1
420 712 1
421 490 1
421 537 1
421 568 1
421 620 1
421 644 1
421 666 1
421 881 1
421 903 1
422 460 1
422 519 1
422 826 1
422 856 1
422 891 1
422 979 1
423 502 1
423 510 1
423 539 1
423 568 1
423 623 1
423 730 1
424 506 1
424 569 1
424 737 1
425 427 1
425 458 1
425 518 1
425 653 1
425 699 1
425 805 1
425 943 1
425 965 1
426 518 1
426 642 1
426 657 1
426 794 1
426 837 1
426 844 1
426 880 1
426 916 1
426 924 1
426 984 1
427 463 1
427 543 1
427 922 1
428 473 1
428 628 1
428 632 1
428 909 1
428 930 1
428 984 1
429 629 1
429 715 1
429 737 1
429 770 1
429 776 1
429 941 1
430 442 1
430 446 1
430 493 1
430 506 1
430 585 1
430 677 1
430 718 1
430 919 1
430 981 1
431 475 1
431 566 1
431 985 1
431 992 1
432 438 1
432 490 1
432 685 1
432 964 1
433 438 1
433 517 1
433 617 1
433 710 1
433 852 1
433 1000 1
434 449 1
434 500 1
434 543 1
434 669 1
434 686 1
434 694 1
434 706 1
434 747 1
434 788 1
435 644 1
435 789 1
436 550 1
436 564 1
436 573 1
436 636 1
436 672 1
436 687 1
436 702 1
436 895 1
436 966 1
437 489 1
437 539 1
437 617 1
437 694 1
437 793 1
438 503 1
438 617 1
438 801 1
438 810 1
438 812 1
439 548 1
439 590 1
439 680 1
439 697 1
439 782 1
439 809 1
439 907 1
439 933 1
439 948 1
440 464 1
440 511 1
440 567 1
440 675 1
440 734 1
440 757 1
440 808 1
440 828 1
440 843 1
440 920 1
440 924 1
440 983 1
441 475 1
441 523 1
441 528 1
441 594 1
441 695 1
441 834 1
441 874 1
441 883 1
441 981 1
442 530 1
442 691 1
442 704 1
442 735 1
442 751 1
442 847 1
442 903 1
442 962 1
442 973 1
443 483 1
443 694 1
443 739 1
443 751 1
443 789 1
443 845 1
443 898 1
443 954 1
444 499 1
444 552 1
444 610 1
444 707 1
444 735 1
444 869 1
444 1000 1
445 547 1
445 691 1
445 724 1
445 853 1
445 971 1
446 887 1
446 903 1
447 492 1
447 567 1
447 654 1
447 688 1
447 880 1
447 911 1
447 965 1
448 714 1
448 790 1
448 867 1
448 980 1
448 982 1
449 592 1
449 661 1
449 792 1
449 897 1
449 902 1
449 919 1
450 624 1
450 725 1
450 865 1
450 988 1
451 636 1
451 712 1
452 488 1
452 505 1
452 529 1
452 564 1
452 593 1
452 603 1
452 625 1
452 632 1
452 664 1
452 718 1
452 738 1
452 864 1
453 590 1
453 755 1
453 955 1
453 960 1
454 467 1
454 650 1
454 737 1
454 854 1
454 961 1
455 653 1
455 668 1
455 685 1
455 803 1
456 565 1
456 699 1
456 702 1
456 849 1
456 985 1
456 998 1
456 999 1
457 510 1
457 518 1
457 567 1
457 701 1
457 789 1
457 916 1
457 939 1
457 991 1
458 580 1
458 714 1
458 870 1
458 967 1
459 472 1
459 539 1
459 633 1
459 671 1
459 998 1
460 469 1
460 592 1
460 702 1
460 795 1
460 837 1
460 852 1
460 1000 1
461 521 1
461 605 1
461 609 1
461 642 1
461 701 1
461 904 1
462 510 1
462 638 1
462 950 1
462 954 1
463 501 1
463 515 1
463 694 1
463 731 1
463 843 1
464 564 1
464 683 1
464 741 1
464 827 1
464 835 1
464 939 1
464 975 1
464 993 1
465 500 1
465 548 1
465 734 1
465 801 1
465 865 1
465 868 1
465 912 1
466 490 1
466 643 1
466 678 1
466 888 1
467 504 1
467 576 1
467 624 1
467 692 1
467 894 1
468 486 1
468 509 1
468 524 1
468 639 1
470 589 1
470 805 1
470 870 1
470 962 1
471 511 1
471 534 1
471 547 1
471 576 1
471 721 1
471 777 1
471 842 1
471 919 1
471 996 1
472 528 1
472 702 1
472 860 1
472 914 1
472 932 1
472 960 1
472 984 1
473 762 1
473 945 1
473 971 1
473 980 1
473 986 1
474 491 1
474 560 1
474 613 1
474 687 1
474 757 1
474 891 1
474 893 1
474 895 1
474 900 1
474 911 1
474 934 1
475 628 1
475 661 1
475 704 1
475 814 1
475 904 1
475 932 1
475 983 1
476 552 1
476 630 1
476 650 1
476 748 1
476 830 1
476 941 1
477 483 1
477 549 1
477 651 1
477 720 1
477 841 1
477 884 1
478 522 1
478 591 1
478 633 1
478 700 1
478 713 1
478 840 1
478 860 1
478 933 1
478 962 1
479 508 1
479 766 1
479 854 1
479 874 1
479 950 1
479 973 1
480 580 1
480 635 1
480 662 1
480 679 1
480 793 1
480 795 1
480 972 1
481 555 1
481 583 1
481 671 1
481 904 1
481 935 1
482 484 1
482 517 1
482 536 1
482 591 1
482 623 1
482 706 1
482 740 1
482 768 1
482 851 1
482 919 1
482 988 1
483 532 1
483 621 1
483 887 1
484 628 1
484 924 1
484 982 1
484 985 1
485 557 1
485 751 1
485 837 1
485 884 1
486 606 1
486 692 1
486 781 1
486 785 1
486 895 1
486 953 1
487 551 1
487 576 1
487 778 1
487 963 1
488 521 1
488 699 1
488 801 1
488 818 1
488 880 1
489 495 1
489 539 1
489 547 1
489 570 1
489 633 1
489 656 1
489 713 1
489 714 1
489 732 1
489 788 1
489 809 1
489 833 1
489 955 1
490 493 1
490 599 1
490 694 1
490 726 1
491 538 1
491 552 1
491 931 1
491 963 1
491 979 1
492 652 1
492 665 1
492 947 1
493 656 1
493 876 1
493 904 1
493 960 1
493 993 1
494 558 1
494 732 1
494 917 1
495 612 1
495 641 1
495 956 1
495 991 1
496 589 1
496 666 1
496 746 1
496 764 1
496 858 1
496 894 1
496 922 1
497 515 1
497 629 1
497 650 1
497 796 1
497 815 1
497 966 1
498 626 1
498 690 1
498 848 1
498 945 1
498 1000 1
499 782 1
499 811 1
499 863 1
499 986 1
499 991 1
500 522 1
500 824 1
500 827 1
500 888 1
501 547 1
501 557 1
501 611 1
501 704 1
501 710 1
501 737 1
501 764 1
501 830 1
502 646 1
502 708 1
502 920 1
502 950 1
503 579 1
503 623 1
503 668 1
503 716 1
503 788 1
504 518 1
504 650 1
504 651 1
504 726 1
504 896 1
504 932 1
505 620 1
505 768 1
505 813 1
505 963 1
506 525 1
506 591 1
506 795 1
507 689 1
507 728 1
507 854 1
508 627 1
508 703 1
508 777 1
508 784 1
508 812 1
508 830 1
508 852 1
509 514 1
509 658 1
509 677 1
509 858 1
509 871 1
509 998 1
511 577 1
511 617 1
511 750 1
511 764 1
511 819 1
512 528 1
512 674 1
512 882 1
512 974 1
513 842 1
513 919 1
514 568 1
514 713 1
514 802 1
514 804 1
514 823 1
514 880 1
514 937 1
515 539 1
515 650 1
515 735 1
515 912 1
515 919 1
515 965 1
516 567 1
516 603 1
516 605 1
516 679 1
516 898 1
517 668 1
517 758 1
517 821 1
517 868 1
517 950 1
517 974 1
518 629 1
518 882 1
519 611 1
519 675 1
519 727 1
519 729 1
519 737 1
519 852 1
520 653 1
520 865 1
521 584 1
521 612 1
521 653 1
521 763 1
521 777 1
521 780 1
521 795 1
521 846 1
522 858 1
523 536 1
523 675 1
523 703 1
523 782 1
523 879 1
523 994 1
524 561 1
524 602 1
525 790 1
525 801 1
525 860 1
525 929 1
526 546 1
526 649 1
526 660 1
526 772 1
526 919 1
526 984 1
527 743 1
527 780 1
527 922 1
527 938 1
527 943 1
528 577 1
528 583 1
528 677 1
529 587 1
529 705 1
529 706 1
529 858 1
530 545 1
530 623 1
530 667 1
530 701 1
530 711 1
530 755 1
530 757 1
530 893 1
530 936 1
531 594 1
531 607 1
531 634 1
531 739 1
531 743 1
531 840 1
531 851 1
531 965 1
532 595 1
532 615 1
532 622 1
532 637 1
532 730 1
532 793 1
532 866 1
533 639 1
533 658 1
533 705 1
533 803 1
533 933 1
534 628 1
535 587 1
535 630 1
535 647 1
535 697 1
535 791 1
535 812 1
536 596 1
536 617 1
536 847 1
536 965 1
536 987 1
537 600 1
537 664 1
537 836 1
537 888 1
537 932 1
538 555 1
538 571 1
538 720 1
538 778 1
538 850 1
538 860 1
539 577 1
539 711 1
539 787 1
539 801 1
539 902 1
539 962 1
540 589 1
540 592 1
540 615 1
540 667 1
540 727 1
540 957 1
541 567 1
541 584 1
541 758 1
541 875 1
541 939 1
541 948 1
542 627 1
542 648 1
543 550 1
543 559 1
543 646 1
543 831 1
543 971 1
544 654 1
544 686 1
544 751 1
545 607 1
545 708 1
545 765 1
546 581 1
546 805 1
547 854 1
548 637 1
548 715 1
548 738 1
548 830 1
548 841 1
548 843 1
548 881 1
548 912 1
549 569 1
549 597 1
549 610 1
549 765 1
549 814 1
549 852 1
549 948 1
550 648 1
550 661 1
550 772 1
550 828 1
550 839 1
551 610 1
551 613 1
551 740 1
551 757 1
551 782 1
551 826 1
551 846 1
551 908 1
551 910 1
551 921 1
552 606 1
552 677 1
552 717 1
552 719 1
552 756 1
552 764 1
553 600 1
553 605 1
553 650 1
553 784 1
553 786 1
553 792 1
553 832 1
553 884 1
554 589 1
554 655 1
554 771 1
554 932 1
554 955 1
555 597 1
555 630 1
555 636 1
555 690 1
555 893 1
556 620 1
556 693 1
556 742 1
557 576 1
557 598 1
557 737 1
557 748 1
557 880 1
557 908 1
558 562 1
558 633 1
558 639 1
558 771 1
558 820 1
558 953 1
559 604 1
559 606 1
559 740 1
559 927 1
560 572 1
560 731 1
560 744 1
560 918 1
560 998 1
561 637 1
561 732 1
561 817 1
561 829 1
561 840 1
562 770 1
563 625 1
563 637 1
563 800 1
563 886 1
563 990 1
564 641 1
564 656 1
564 666 1
564 700 1
564 881 1
564 888 1
564 926 1
564 959 1
565 718 1
565 803 1
565 923 1
566 612 1
566 626 1
566 660 1
566 953 1
567 625 1
567 824 1
567 898 1
567 933 1
568 601 1
568 705 1
568 716 1
569 663 1
569 670 1
569 715 1
569 738 1
569 825 1
569 852 1
569 892 1
570 842 1
570 845 1
570 880 1
570 945 1
571 587 1
571 596 1
571 656 1
571 735 1
571 743 1
571 770 1
571 806 1
571 861 1
572 626 1
572 750 1
572 754 1
572 755 1
572 810 1
572 870 1
572 871 1
572 957 1
573 793 1
573 956 1
573 979 1
573 988 1
574 756 1
574 790 1
574 797 1
574 835 1
574 851 1
574 917 1
574 977 1
574 989 1
575 700 1
575 953 1
576 683 1
576 697 1
576 743 1
576 745 1
576 891 1
576 980 1
576 983 1
577 640 1
577 893 1
578 722 1
578 792 1
578 811 1
578 916 1
578 926 1
579 653 1
579 776 1
580 610 1
580 715 1
580 793 1
580 887 1
580 898 1
580 908 1
580 928 1
581 735 1
581 737 1
581 873 1
582 646 1
582 696 1
582 718 1
582 808 1
582 856 1
583 653 1
583 676 1
583 785 1
583 847 1
583 917 1
584 677 1
584 716 1
584 735 1
584 753 1
585 607 1
585 661 1
585 817 1
586 622 1
586 660 1
586 714 1
586 884 1
586 948 1
586 955 1
587 702 1
587 862 1
587 938 1
588 677 1
588 684 1
588 697 1
588 712 1
588 751 1
588 794 1
588 795 1
588 798 1
588 826 1
588 856 1
588 882 1
589 592 1
589 617 1
589 634 1
589 690 1
589 728 1
589 733 1
589 743 1
589 885 1
589 946 1
590 650 1
590 667 1
590 713 1
590 802 1
590 803 1
590 814 1
591 624 1
591 770 1
591 861 1
591 993 1
592 595 1
592 610 1
592 696 1
592 759 1
592 869 1
593 665 1
593 771 1
593 787 1
593 864 1
593 876 1
593 891 1
593 952 1
593 969 1
594 947 1
594 956 1
595 617 1
595 727 1
596 700 1
596 750 1
596 784 1
596 921 1
596 947 1
597 660 1
597 796 1
597 826 1
597 881 1
597 893 1
597 936 1
597 953 1
598 716 1
598 758 1
598 807 1
598 818 1
598 845 1
599 663 1
599 774 1
599 830 1
599 835 1
599 850 1
600 814 1
600 834 1
601 710 1
601 719 1
602 637 1
602 817 1
603 739 1
603 787 1
603 905 1
603 908 1
603 915 1
603 916 1
603 977 1
604 623 1
604 659 1
604 690 1
604 724 1
605 607 1
605 719 1
605 926 1
605 991 1
606 615 1
606 749 1
606 993 1
607 657 1
607 772 1
607 787 1
607 801 1
607 844 1
607 914 1
607 939 1
607 953 1
608 728 1
608 1000 1
609 687 1
609 690 1
609 696 1
609 806 1
609 859 1
609 876 1
609 896 1
610 799 1
610 830 1
610 909 1
610 926 1
610 963 1
611 820 1
611 908 1
611 950 1
612 913 1
612 919 1
613 787 1
614 615 1
614 937 1
615 669 1
615 803 1
615 828 1
615 927 1
615 941 1
616 621 1
616 803 1
616 823 1
616 852 1
616 969 1
617 734 1
617 777 1
617 890 1
618 790 1
618 868 1
619 648 1
619 761 1
619 770 1
619 827 1
619 918 1
619 964 1
620 935 1
621 872 1
621 910 1
621 960 1
621 982 1
622 790 1
622 840 1
622 955 1
622 988 1
623 672 1
623 890 1
623 950 1
624 813 1
624 907 1
625 661 1
625 902 1
626 809 1
626 849 1
626 938 1
627 674 1
627 846 1
627 923 1
627 940 1
628 720 1
628 816 1
628 822 1
628 888 1
628 894 1
629 665 1
629 711 1
629 786 1
629 893 1
629 953 1
629 955 1
629 982 1
629 988 1
630 711 1
630 714 1
630 741 1
630 764 1
631 655 1
631 838 1
632 641 1
632 766 1
632 800 1
632 803 1
633 679 1
633 920 1
633 989 1
634 647 1
634 745 1
634 773 1
634 904 1
635 651 1
635 729 1
635 796 1
635 866 1
635 882 1
635 934 1
636 944 1
636 967 1
637 957 1
637 988 1
638 650 1
638 663 1
638 892 1
638 903 1
638 921 1
639 690 1
639 711 1
639 747 1
639 781 1
639 816 1
639 989 1
639 999 1
640 643 1
640 797 1
640 822 1
640 882 1
640 889 1
641 935 1
641 956 1
641 961 1
642 729 1
642 749 1
642 781 1
642 848 1
642 937 1
642 965 1
642 968 1
642 982 1
642 985 1
643 966 1
644 725 1
644 870 1
645 708 1
645 789 1
645 839 1
645 851 1
645 852 1
646 669 1
646 701 1
646 715 1
646 753 1
646 933 1
646 990 1
647 767 1
647 772 1
647 783 1
648 907 1
649 681 1
650 682 1
650 720 1
650 816 1
650 825 1
651 719 1
651 735 1
651 736 1
651 784 1
651 816 1
651 858 1
652 716 1
652 753 1
652 781 1
653 736 1
653 762 1
653 840 1
653 913 1
653 940 1
654 697 1
654 702 1
654 714 1
654 787 1
654 849 1
656 723 1
656 791 1
656 993 1
656 995 1
657 717 1
657 796 1
657 832 1
657 970 1
657 974 1
657 990 1
658 728 1
658 732 1
658 788 1
658 874 1
659 757 1
661 701 1
661 817 1
661 955 1
662 713 1
662 767 1
662 823 1
662 856 1
662 862 1
662 929 1
662 936 1
663 676 1
663 732 1
663 892 1
663 972 1
665 718 1
665 719 1
665 742 1
665 887 1
665 923 1
666 705 1
666 747 1
666 904 1
667 756 1
667 859 1
667 864 1
667 902 1
667 922 1
667 954 1
668 842 1
668 888 1
668 944 1
669 709 1
669 711 1
669 882 1
669 909 1
669 912 1
669 929 1
669 966 1
670 760 1
670 917 1
670 934 1
671 673 1
671 693 1
671 718 1
671 746 1
671 849 1
671 883 1
671 918 1
672 677 1
672 762 1
672 768 1
672 811 1
672 875 1
672 937 1
673 789 1
673 865 1
673 895 1
674 784 1
674 858 1
674 861 1
674 889 1
675 769 1
675 935 1
676 696 1
676 880 1
676 946 1
676 951 1
677 717 1
677 725 1
677 840 1
678 706 1
678 714 1
678 717 1
678 779 1
678 812 1
678 964 1
679 731 1
679 735 1
679 870 1
679 892 1
680 810 1
680 893 1
680 984 1
681 683 1
681 803 1
681 842 1
681 897 1
681 995 1
682 686 1
682 697 1
682 701 1
682 722 1
682 740 1
683 724 1
683 784 1
683 785 1
683 807 1
683 884 1
684 872 1
684 896 1
685 705 1
685 716 1
685 723 1
685 782 1
685 833 1
685 851 1
685 910 1
686 748 1
686 792 1
686 893 1
686 911 1
686 923 1
686 972 1
687 719 1
687 836 1
687 904 1
687 975 1
687 1000 1
688 736 1
688 805 1
688 865 1
688 899 1
688 918 1
688 947 1
689 910 1
689 930 1
690 771 1
691 941 1
692 739 1
692 759 1
692 777 1
692 844 1
693 752 1
693 755 1
693 811 1
693 979 1
694 797 1
694 902 1
694 951 1
695 700 1
696 855 1
696 875 1
696 927 1
696 985 1
696 997 1
697 929 1
698 715 1
698 731 1
698 811 1
699 804 1
701 800 1
701 886 1
701 917 1
702 709 1
702 726 1
702 799 1
702 987 1
703 734 1
704 744 1
704 850 1
704 934 1
705 706 1
705 793 1
705 962 1
705 980 1
706 760 1
707 811 1
707 825 1
707 911 1
707 952 1
708 747 1
708 788 1
708 843 1
708 877 1
708 880 1
708 947 1
708 954 1
709 731 1
709 779 1
709 843 1
709 917 1
709 924 1
710 919 1
710 993 1
711 754 1
711 793 1
711 834 1
711 872 1
711 874 1
711 926 1
711 934 1
711 944 1
712 980 1
713 864 1
713 927 1
714 777 1
714 948 1
714 970 1
714 979 1
716 823 1
717 887 1
717 903 1
717 997 1
718 977 1
719 749 1
719 865 1
720 775 1
720 897 1
721 795 1
722 830 1
722 903 1
723 774 1
723 989 1
723 996 1
724 850 1
725 777 1
725 817 1
725 872 1
725 928 1
725 959 1
726 853 1
727 824 1
728 913 1
728 965 1
728 969 1
729 827 1
729 976 1
729 997 1
730 868 1
730 959 1
731 743 1
731 957 1
732 762 1
732 795 1
733 735 1
733 816 1
733 961 1
734 918 1
735 872 1
735 939 1
735 955 1
735 990 1
735 991 1
736 786 1
736 843 1
737 798 1
737 931 1
737 952 1
738 785 1
738 984 1
738 986 1
739 824 1
741 852 1
741 953 1
742 908 1
743 841 1
743 921 1
744 874 1
744 983 1
745 786 1
746 907 1
746 971 1
746 1000 1
747 878 1
747 925 1
747 978 1
748 796 1
748 897 1
748 911 1
748 945 1
748 996 1
749 859 1
750 774 1
750 951 1
751 862 1
751 888 1
752 882 1
752 971 1
753 802 1
753 838 1
753 909 1
753 914 1
753 969 1
754 990 1
754 992 1
755 763 1
755 781 1
756 759 1
756 831 1
756 923 1
757 778 1
757 811 1
757 831 1
757 851 1
757 975 1
758 786 1
758 962 1
758 971 1
759 879 1
759 921 1
759 970 1
760 783 1
760 797 1
760 853 1
760 907 1
760 961 1
761 765 1
761 839 1
761 907 1
761 975 1
763 944 1
764 871 1
765 870 1
765 929 1
767 866 1
767 943 1
768 787 1
769 780 1
769 946 1
770 819 1
770 862 1
770 871 1
771 938 1
771 970 1
772 841 1
773 778 1
773 950 1
773 1000 1
774 851 1
774 908 1
775 821 1
775 829 1
775 938 1
776 784 1
776 841 1
776 853 1
776 886 1
776 960 1
777 783 1
777 830 1
777 841 1
777 951 1
778 848 1
779 942 1
780 872 1
780 981 1
781 874 1
781 947 1
781 980 1
782 788 1
782 917 1
783 900 1
784 949 1
785 867 1
785 935 1
786 797 1
786 937 1
787 884 1
787 919 1
788 858 1
789 926 1
790 875 1
791 893 1
791 961 1
792 833 1
792 842 1
792 850 1
792 903 1
793 870 1
793 886 1
794 910 1
794 959 1
796 821 1
796 931 1
796 939 1
796 950 1
797 898 1
797 982 1
798 865 1
798 912 1
801 859 1
801 941 1
801 957 1
801 958 1
801 976 1
801 1000 1
802 828 1
802 916 1
804 967 1
805 806 1
805 920 1
806 821 1
807 982 1
808 889 1
808 992 1
810 908 1
810 963 1
812 878 1
812 917 1
812 923 1
813 888 1
814 943 1
815 857 1
815 866 1
815 894 1
815 926 1
815 961 1
817 948 1
817 976 1
818 823 1
818 899 1
819 843 1
820 870 1
820 999 1
821 899 1
821 902 1
821 937 1
823 830 1
823 865 1
828 842 1
828 884 1
828 930 1
828 962 1
829 849 1
829 877 1
829 958 1
830 905 1
831 912 1
831 932 1
832 905 1
833 895 1
835 868 1
837 861 1
837 868 1
838 902 1
838 908 1
839 970 1
840 873 1
840 950 1
840 982 1
841 862 1
841 864 1
841 930 1
841 950 1
841 975 1
842 859 1
842 947 1
842 963 1
843 938 1
843 956 1
844 939 1
845 857 1
845 959 1
846 955 1
848 911 1
848 950 1
850 910 1
850 995 1
851 904 1
851 931 1
851 959 1
851 964 1
851 995 1
853 970 1
859 920 1
859 989 1
861 874 1
862 872 1
862 877 1
862 967 1
863 877 1
863 914 1
863 949 1
864 885 1
864 917 1
864 932 1
865 919 1
865 997 1
866 891 1
867 874 1
867 966 1
868 869 1
870 958 1
871 985 1
872 900 1
872 918 1
872 967 1
873 944 1
874 890 1
874 996 1
876 934 1
878 910 1
878 974 1
878 996 1
879 976 1
879 992 1
882 887 1
884 933 1
884 972 1
884 999 1
885 911 1
885 959 1
885 975 1
886 901 1
886 909 1
886 919 1
888 998 1
889 935 1
890 939 1
891 938 1
891 944 1
891 968 1
892 926 1
894 895 1
894 952 1
895 913 1
895 951 1
895 958 1
896 963 1
896 964 1
896 981 1
897 906 1
898 944 1
900 946 1
900 993 1
901 971 1
904 970 1
908 960 1
908 975 1
908 993 1
909 940 1
912 983 1
914 987 1
916 979 1
917 939 1
917 972 1
921 926 1
922 963 1
923 983 1
924 962 1
924 987 1
925 926 1
925 941 1
929 976 1
935 999 1
937 952 1
941 969 1
941 994 1
946 959 1
947 971 1
947 978 1
949 956 1
950 976 1
950 980 1
952 979 1
954 996 1
955 997 1
957 983 1
959 999 1
963 966 1
964 995 1
966 976 1
972 989 1
984 995 1
