1000 4995
1 138 1
1 171 1
1 182 1
1 293 1
1 303 1
1 337 1
1 460 1
1 605 1
1 748 1
1 960 1
2 16 1
2 236 1
2 413 1
2 624 1
2 855 1
2 881 1
2 958 1
3 44 1
3 137 1
3 268 1
3 356 1
3 457 1
3 574 1
3 578 1
3 801 1
3 893 1
3 990 1
4 122 1
4 313 1
4 330 1
4 531 1
4 570 1
5 81 1
5 144 1
5 334 1
5 348 1
5 360 1
5 453 1
5 502 1
5 526 1
5 572 1
5 575 1
5 593 1
5 945 1
5 986 1
6 27 1
6 102 1
6 146 1
6 211 1
6 250 1
6 292 1
6 307 1
6 322 1
6 800 1
6 986 1
7 24 1
7 31 1
7 219 1
7 225 1
7 234 1
7 346 1
7 354 1
7 401 1
7 428 1
7 630 1
7 664 1
7 693 1
7 703 1
7 819 1
7 935 1
8 92 1
8 119 1
8 309 1
8 389 1
8 450 1
8 452 1
8 631 1
8 808 1
8 949 1
9 84 1
9 203 1
9 339 1
9 397 1
9 398 1
9 781 1
9 898 1
9 918 1
9 920 1
10 582 1
10 774 1
10 797 1
10 909 1
11 429 1
11 430 1
11 487 1
11 585 1
11 947 1
12 218 1
12 326 1
12 366 1
12 370 1
12 411 1
12 420 1
12 526 1
12 736 1
12 738 1
12 871 1
12 915 1
13 277 1
13 405 1
13 485 1
13 620 1
14 44 1
14 165 1
14 244 1
14 320 1
14 615 1
14 689 1
14 692 1
14 698 1
14 705 1
14 779 1
14 790 1
15 55 1
15 99 1
15 251 1
15 290 1
15 438 1
15 452 1
15 762 1
15 781 1
15 949 1
15 965 1
16 120 1
16 199 1
16 348 1
16 475 1
16 556 1
16 624 1
16 683 1
16 833 1
16 858 1
16 898 1
17 24 1
17 119 1
17 186 1
17 203 1
17 376 1
17 384 1
17 428 1
17 430 1
17 435 1
17 542 1
17 555 1
17 655 1
17 657 1
17 747 1
18 330 1
18 355 1
18 356 1
18 417 1
18 487 1
18 495 1
18 519 1
18 565 1
18 613 1
18 627 1
18 830 1
18 851 1
18 947 1
18 951 1
19 20 1
19 89 1
19 365 1
19 418 1
19 453 1
19 900 1
19 925 1
20 249 1
20 252 1
20 264 1
20 301 1
20 364 1
20 474 1
20 506 1
20 563 1
20 579 1
20 598 1
20 665 1
20 696 1
20 760 1
20 770 1
21 146 1
21 348 1
21 356 1
21 404 1
21 433 1
21 434 1
21 458 1
21 477 1
21 642 1
21 648 1
21 650 1
21 702 1
21 941 1
22 262 1
22 391 1
22 451 1
22 576 1
22 603 1
22 694 1
22 711 1
22 762 1
22 839 1
22 878 1
23 120 1
23 480 1
23 552 1
23 666 1
23 687 1
23 773 1
23 774 1
23 848 1
24 392 1
24 453 1
24 507 1
24 575 1
24 663 1
24 806 1
25 171 1
25 237 1
25 387 1
25 522 1
25 549 1
25 594 1
25 775 1
25 925 1
26 135 1
26 147 1
26 162 1
26 230 1
26 250 1
26 363 1
26 376 1
26 394 1
26 536 1
26 634 1
26 639 1
26 737 1
26 764 1
26 778 1
26 909 1
26 963 1
27 32 1
27 168 1
27 420 1
27 479 1
27 488 1
27 630 1
27 942 1
27 977 1
28 104 1
28 142 1
28 224 1
28 327 1
28 501 1
28 553 1
28 583 1
28 604 1
28 670 1
28 712 1
28 757 1
28 765 1
28 790 1
28 954 1
28 979 1
29 105 1
29 291 1
29 321 1
29 422 1
29 667 1
29 726 1
29 797 1
29 851 1
29 979 1
30 77 1
30 85 1
30 389 1
30 569 1
30 669 1
30 779 1
30 905 1
31 37 1
31 109 1
31 133 1
31 175 1
31 261 1
31 274 1
31 356 1
31 386 1
31 411 1
31 497 1
31 507 1
31 722 1
31 902 1
31 904 1
32 114 1
32 207 1
32 362 1
32 429 1
32 487 1
32 507 1
32 724 1
32 738 1
32 753 1
32 796 1
32 825 1
32 941 1
33 74 1
33 143 1
33 229 1
33 374 1
33 396 1
33 412 1
33 521 1
33 682 1
33 687 1
33 720 1
33 853 1
33 995 1
34 189 1
34 503 1
34 628 1
34 713 1
34 746 1
34 927 1
35 82 1
35 109 1
35 118 1
35 136 1
35 158 1
35 625 1
35 868 1
35 956 1
35 958 1
35 993 1
36 141 1
36 198 1
36 209 1
36 218 1
36 279 1
36 292 1
36 337 1
36 409 1
36 586 1
36 774 1
36 785 1
36 850 1
36 912 1
37 40 1
37 52 1
37 279 1
37 300 1
37 956 1
38 167 1
38 268 1
38 449 1
38 725 1
38 750 1
38 874 1
39 71 1
39 91 1
39 99 1
39 119 1
39 131 1
39 336 1
39 351 1
39 446 1
39 488 1
39 510 1
39 660 1
39 917 1
39 962 1
40 364 1
40 459 1
40 515 1
40 531 1
40 633 1
40 646 1
40 724 1
41 75 1
41 131 1
41 134 1
41 147 1
41 170 1
41 178 1
41 246 1
41 506 1
41 986 1
42 52 1
42 127 1
42 132 1
42 155 1
42 202 1
42 225 1
42 273 1
42 360 1
42 404 1
42 462 1
42 470 1
42 555 1
42 579 1
42 635 1
42 862 1
42 941 1
42 961 1
42 994 1
43 45 1
43 59 1
43 149 1
43 162 1
43 274 1
43 571 1
43 596 1
43 644 1
43 720 1
43 757 1
43 911 1
43 988 1
44 58 1
44 212 1
44 275 1
44 412 1
44 450 1
44 556 1
44 618 1
44 982 1
44 1000 1
45 87 1
45 90 1
45 133 1
45 345 1
45 390 1
45 408 1
45 481 1
45 501 1
45 536 1
45 580 1
45 721 1
45 747 1
45 987 1
46 200 1
46 207 1
46 378 1
46 382 1
46 479 1
46 512 1
46 589 1
46 731 1
46 772 1
46 792 1
46 867 1
46 971 1
47 93 1
47 463 1
47 976 1
48 60 1
48 154 1
48 206 1
48 224 1
48 582 1
48 686 1
48 921 1
48 929 1
48 972 1
49 67 1
49 125 1
49 128 1
49 282 1
49 330 1
49 378 1
49 393 1
49 868 1
49 990 1
50 95 1
50 102 1
50 156 1
50 195 1
50 252 1
50 323 1
50 702 1
50 802 1
50 948 1
51 224 1
51 349 1
51 382 1
51 394 1
51 461 1
51 548 1
51 624 1
51 725 1
51 903 1
51 933 1
51 935 1
51 969 1
51 986 1
52 267 1
52 482 1
52 528 1
52 871 1
53 72 1
53 90 1
53 102 1
53 151 1
53 634 1
53 736 1
53 784 1
53 865 1
53 897 1
53 922 1
53 987 1
54 87 1
54 251 1
54 277 1
54 299 1
54 366 1
54 456 1
54 522 1
54 570 1
54 572 1
54 649 1
54 688 1
54 729 1
54 784 1
54 914 1
54 993 1
55 214 1
55 230 1
55 284 1
55 506 1
55 556 1
55 648 1
55 877 1
56 243 1
56 257 1
56 400 1
56 531 1
56 550 1
56 583 1
56 666 1
56 855 1
56 944 1
56 956 1
56 986 1
57 101 1
57 139 1
57 221 1
57 243 1
57 363 1
57 490 1
57 495 1
57 543 1
57 580 1
57 660 1
57 675 1
57 714 1
57 758 1
57 943 1
57 957 1
57 993 1
58 63 1
58 214 1
58 319 1
58 647 1
58 723 1
58 839 1
59 114 1
59 148 1
59 150 1
59 160 1
59 175 1
59 335 1
59 356 1
59 431 1
59 514 1
59 526 1
59 559 1
59 673 1
59 865 1
59 909 1
59 925 1
60 101 1
60 139 1
60 223 1
60 324 1
60 475 1
60 656 1
60 726 1
60 899 1
60 909 1
60 963 1
60 981 1
61 109 1
61 113 1
61 134 1
61 421 1
61 502 1
61 596 1
61 601 1
61 745 1
61 762 1
61 854 1
62 68 1
62 246 1
62 284 1
62 304 1
62 405 1
62 459 1
62 544 1
62 645 1
62 676 1
62 860 1
62 991 1
63 100 1
63 142 1
63 255 1
63 520 1
63 762 1
63 830 1
63 857 1
64 83 1
64 116 1
64 126 1
64 186 1
64 242 1
64 265 1
64 450 1
64 509 1
64 519 1
64 534 1
64 552 1
64 600 1
64 614 1
64 686 1
64 805 1
64 975 1
65 138 1
65 222 1
65 316 1
65 476 1
65 615 1
65 643 1
65 781 1
65 996 1
66 70 1
66 130 1
66 166 1
66 300 1
66 566 1
66 804 1
66 824 1
66 993 1
67 80 1
67 87 1
67 340 1
67 513 1
67 678 1
67 700 1
67 890 1
67 992 1
68 91 1
68 224 1
68 258 1
68 266 1
68 293 1
68 438 1
68 713 1
68 800 1
68 982 1
69 288 1
69 289 1
69 305 1
69 343 1
69 372 1
69 402 1
69 403 1
69 647 1
70 89 1
70 175 1
70 266 1
70 347 1
70 348 1
70 364 1
70 540 1
70 601 1
70 607 1
70 646 1
70 711 1
70 810 1
71 79 1
71 216 1
71 313 1
71 318 1
71 624 1
71 628 1
71 655 1
71 710 1
71 725 1
71 743 1
71 791 1
71 965 1
71 994 1
72 193 1
72 361 1
72 362 1
72 454 1
72 502 1
72 561 1
72 630 1
72 664 1
72 754 1
72 870 1
72 905 1
72 957 1
72 962 1
72 985 1
72 991 1
73 250 1
73 358 1
73 420 1
73 492 1
73 540 1
73 637 1
73 692 1
73 741 1
73 905 1
74 188 1
74 247 1
74 280 1
74 297 1
74 373 1
74 388 1
74 573 1
74 616 1
74 660 1
74 671 1
74 690 1
74 719 1
74 737 1
75 113 1
75 142 1
75 159 1
75 342 1
75 356 1
75 359 1
75 620 1
75 729 1
75 850 1
75 924 1
75 972 1
75 987 1
76 571 1
76 575 1
76 648 1
76 864 1
77 529 1
77 552 1
77 566 1
77 737 1
77 928 1
77 935 1
78 92 1
78 101 1
78 287 1
78 329 1
78 350 1
78 431 1
78 524 1
78 573 1
78 584 1
78 638 1
79 106 1
79 239 1
79 609 1
79 648 1
79 654 1
79 823 1
79 832 1
80 185 1
80 259 1
80 794 1
81 251 1
81 427 1
81 663 1
81 677 1
81 824 1
81 912 1
81 981 1
82 286 1
82 365 1
82 743 1
82 805 1
83 124 1
83 490 1
83 528 1
83 581 1
83 596 1
83 670 1
83 697 1
83 741 1
84 125 1
84 200 1
84 209 1
84 266 1
84 414 1
84 630 1
84 707 1
84 708 1
84 756 1
84 768 1
84 791 1
84 819 1
85 105 1
85 106 1
85 170 1
85 200 1
85 234 1
85 278 1
85 283 1
85 288 1
85 427 1
85 558 1
85 619 1
85 664 1
85 818 1
85 884 1
85 894 1
86 115 1
86 415 1
86 455 1
86 500 1
87 161 1
87 253 1
87 285 1
87 312 1
87 315 1
87 504 1
87 513 1
87 550 1
87 637 1
87 703 1
87 754 1
87 816 1
87 819 1
88 95 1
88 283 1
88 288 1
88 302 1
88 444 1
88 613 1
88 691 1
88 705 1
88 862 1
89 110 1
89 238 1
89 351 1
89 371 1
89 460 1
89 632 1
89 648 1
89 689 1
89 690 1
89 691 1
89 922 1
90 202 1
90 231 1
90 270 1
90 376 1
90 467 1
90 746 1
90 818 1
90 946 1
91 97 1
91 218 1
91 349 1
91 495 1
91 557 1
91 737 1
91 860 1
92 210 1
92 217 1
92 483 1
92 522 1
92 676 1
93 102 1
93 294 1
93 497 1
93 500 1
93 646 1
93 655 1
93 670 1
93 671 1
93 727 1
93 748 1
93 828 1
93 997 1
94 459 1
94 575 1
94 638 1
94 643 1
94 668 1
94 720 1
94 740 1
95 226 1
95 391 1
95 554 1
95 642 1
95 855 1
95 960 1
96 130 1
96 221 1
96 350 1
96 356 1
96 474 1
96 489 1
96 516 1
96 987 1
97 143 1
97 209 1
97 267 1
97 391 1
97 780 1
98 177 1
98 183 1
98 290 1
98 848 1
98 850 1
98 911 1
98 995 1
99 230 1
99 235 1
99 705 1
99 776 1
99 871 1
99 922 1
99 991 1
100 358 1
100 466 1
100 606 1
100 866 1
100 986 1
101 105 1
101 131 1
101 185 1
101 262 1
101 293 1
101 376 1
101 582 1
101 626 1
101 766 1
101 806 1
101 946 1
102 120 1
102 131 1
102 496 1
102 555 1
102 593 1
102 808 1
102 829 1
102 940 1
103 252 1
103 413 1
103 559 1
103 605 1
103 907 1
104 242 1
104 260 1
104 374 1
104 605 1
104 703 1
104 760 1
104 807 1
105 134 1
105 197 1
105 332 1
105 403 1
105 484 1
105 614 1
105 824 1
106 223 1
106 342 1
106 722 1
106 828 1
106 863 1
106 987 1
107 108 1
107 362 1
107 480 1
107 574 1
107 618 1
107 755 1
107 865 1
107 906 1
108 200 1
108 612 1
108 621 1
108 667 1
108 676 1
108 732 1
108 741 1
108 903 1
108 912 1
109 276 1
109 444 1
109 869 1
109 912 1
109 957 1
110 127 1
110 333 1
110 549 1
110 616 1
110 635 1
110 770 1
110 778 1
110 815 1
110 908 1
111 219 1
111 238 1
111 345 1
111 608 1
111 672 1
111 719 1
111 770 1
111 852 1
111 886 1
112 221 1
112 563 1
112 574 1
112 759 1
112 887 1
113 186 1
113 383 1
113 415 1
113 468 1
113 701 1
113 725 1
113 782 1
113 976 1
114 116 1
114 201 1
114 383 1
114 468 1
114 545 1
114 680 1
114 858 1
115 133 1
115 565 1
115 591 1
115 652 1
115 695 1
115 874 1
115 903 1
116 156 1
116 350 1
116 358 1
116 506 1
116 513 1
117 198 1
117 226 1
117 228 1
117 342 1
117 362 1
117 412 1
117 414 1
117 454 1
117 519 1
117 742 1
117 819 1
117 900 1
117 967 1
118 204 1
118 256 1
118 347 1
118 489 1
118 640 1
118 709 1
118 824 1
118 929 1
119 135 1
119 163 1
119 281 1
119 305 1
119 331 1
119 423 1
119 425 1
119 776 1
119 810 1
119 872 1
119 947 1
120 124 1
120 126 1
120 142 1
120 150 1
120 246 1
120 306 1
120 650 1
120 713 1
121 162 1
121 199 1
121 208 1
121 218 1
121 263 1
121 303 1
121 309 1
121 633 1
121 718 1
121 753 1
121 758 1
121 768 1
121 769 1
121 788 1
121 840 1
121 876 1
122 206 1
122 212 1
122 220 1
122 548 1
122 748 1
123 209 1
123 256 1
123 289 1
123 316 1
123 555 1
123 589 1
123 614 1
123 620 1
123 768 1
123 770 1
123 835 1
123 870 1
123 908 1
124 179 1
124 255 1
124 447 1
124 587 1
124 728 1
124 773 1
124 804 1
124 927 1
125 321 1
125 593 1
125 613 1
125 696 1
125 703 1
125 824 1
125 857 1
125 1000 1
126 205 1
126 232 1
126 258 1
126 320 1
126 543 1
126 616 1
126 791 1
126 793 1
126 865 1
126 926 1
127 246 1
127 265 1
127 329 1
127 374 1
127 818 1
128 143 1
128 145 1
128 189 1
128 262 1
128 278 1
128 408 1
128 851 1
128 915 1
129 207 1
129 230 1
129 357 1
129 370 1
129 425 1
129 600 1
129 623 1
129 828 1
129 837 1
129 933 1
129 967 1
130 865 1
130 886 1
131 235 1
131 445 1
131 497 1
131 617 1
131 653 1
131 801 1
131 807 1
132 461 1
132 678 1
132 742 1
132 809 1
133 135 1
133 184 1
133 285 1
133 427 1
133 433 1
133 445 1
133 450 1
133 547 1
133 722 1
133 787 1
133 857 1
133 866 1
133 888 1
134 293 1
134 420 1
134 497 1
134 569 1
134 669 1
134 694 1
134 719 1
134 817 1
134 870 1
135 146 1
135 264 1
135 335 1
135 366 1
135 376 1
135 473 1
135 475 1
135 485 1
135 490 1
135 520 1
135 674 1
135 711 1
135 741 1
136 322 1
136 370 1
136 558 1
136 580 1
136 614 1
136 738 1
136 787 1
136 939 1
137 151 1
137 262 1
137 347 1
137 391 1
137 393 1
137 507 1
137 605 1
137 860 1
137 939 1
137 984 1
138 179 1
138 226 1
138 646 1
138 678 1
138 748 1
138 797 1
138 803 1
138 885 1
138 923 1
139 384 1
139 465 1
139 491 1
139 619 1
139 968 1
140 573 1
140 695 1
140 751 1
140 774 1
141 299 1
141 363 1
141 431 1
141 677 1
141 679 1
141 741 1
141 782 1
142 178 1
142 480 1
142 482 1
142 573 1
142 617 1
142 624 1
142 625 1
142 740 1
143 157 1
143 530 1
143 575 1
143 761 1
143 767 1
143 844 1
143 875 1
143 908 1
143 929 1
144 219 1
144 277 1
144 282 1
144 299 1
144 308 1
144 322 1
144 367 1
144 393 1
144 398 1
144 422 1
144 462 1
144 575 1
144 582 1
144 679 1
144 775 1
144 841 1
144 993 1
145 271 1
145 373 1
145 452 1
145 473 1
145 664 1
145 761 1
145 764 1
145 891 1
145 917 1
145 937 1
146 180 1
146 249 1
146 388 1
146 442 1
146 546 1
146 849 1
147 204 1
147 486 1
147 548 1
147 568 1
147 744 1
147 811 1
147 832 1
148 298 1
148 303 1
148 460 1
148 522 1
148 531 1
148 595 1
148 657 1
148 693 1
148 752 1
148 838 1
148 991 1
149 179 1
149 229 1
149 660 1
149 667 1
149 812 1
149 862 1
149 981 1
150 194 1
150 205 1
150 209 1
150 238 1
150 605 1
150 735 1
150 777 1
150 866 1
150 873 1
150 943 1
150 1000 1
151 206 1
151 361 1
151 362 1
151 375 1
151 476 1
151 608 1
151 708 1
151 748 1
151 797 1
151 832 1
151 843 1
151 896 1
152 190 1
152 290 1
152 410 1
152 628 1
152 630 1
152 677 1
152 687 1
152 790 1
152 798 1
152 818 1
152 831 1
152 999 1
153 234 1
153 956 1
154 196 1
154 673 1
154 713 1
154 716 1
155 200 1
155 334 1
155 550 1
155 876 1
156 196 1
156 201 1
156 438 1
156 620 1
156 648 1
156 737 1
156 750 1
156 786 1
156 798 1
156 965 1
156 973 1
157 282 1
157 355 1
157 542 1
157 619 1
157 675 1
157 787 1
157 884 1
157 968 1
158 165 1
158 320 1
158 345 1
158 402 1
158 696 1
158 838 1
158 890 1
159 215 1
159 356 1
159 414 1
159 581 1
159 870 1
160 299 1
160 326 1
160 621 1
160 704 1
160 816 1
161 225 1
161 236 1
161 249 1
161 272 1
161 440 1
161 484 1
161 546 1
161 773 1
161 889 1
161 956 1
161 961 1
161 987 1
161 998 1
162 247 1
162 292 1
162 372 1
162 534 1
162 713 1
162 797 1
162 861 1
162 866 1
162 946 1
163 213 1
163 216 1
163 475 1
163 536 1
163 548 1
163 796 1
163 816 1
163 887 1
163 950 1
163 985 1
164 238 1
164 283 1
164 371 1
164 373 1
164 742 1
164 811 1
164 820 1
164 852 1
164 898 1
165 189 1
165 295 1
165 400 1
165 438 1
165 629 1
165 700 1
165 962 1
165 980 1
166 221 1
166 282 1
166 442 1
166 463 1
166 554 1
166 629 1
166 674 1
166 797 1
166 816 1
166 858 1
166 915 1
167 241 1
167 325 1
167 413 1
167 429 1
167 463 1
167 749 1
167 882 1
168 449 1
168 676 1
168 776 1
168 825 1
168 911 1
168 956 1
168 974 1
168 983 1
168 986 1
169 186 1
169 313 1
169 762 1
169 820 1
169 908 1
169 924 1
170 264 1
170 266 1
170 364 1
170 411 1
170 433 1
170 435 1
170 517 1
170 832 1
170 890 1
170 921 1
170 954 1
171 317 1
171 469 1
171 624 1
171 634 1
171 665 1
171 845 1
171 888 1
172 176 1
172 216 1
172 288 1
172 303 1
172 431 1
172 526 1
172 725 1
172 821 1
172 850 1
172 940 1
173 174 1
173 231 1
173 318 1
173 475 1
173 652 1
173 931 1
173 977 1
174 179 1
174 274 1
174 414 1
174 599 1
174 681 1
174 769 1
175 366 1
175 482 1
175 529 1
175 616 1
175 804 1
175 855 1
175 857 1
175 874 1
176 202 1
176 462 1
176 529 1
176 613 1
176 619 1
176 706 1
176 800 1
176 828 1
176 839 1
176 934 1
177 218 1
177 321 1
177 331 1
177 362 1
177 814 1
177 865 1
178 250 1
178 628 1
178 651 1
178 699 1
178 732 1
178 735 1
178 752 1
178 803 1
178 895 1
179 185 1
179 197 1
179 229 1
179 463 1
179 469 1
179 692 1
179 803 1
179 981 1
180 548 1
180 578 1
180 675 1
180 676 1
180 746 1
180 991 1
181 186 1
181 371 1
181 484 1
181 501 1
181 735 1
181 756 1
181 901 1
182 243 1
182 291 1
182 422 1
182 433 1
182 505 1
182 646 1
182 728 1
182 760 1
182 765 1
182 851 1
182 915 1
182 998 1
183 225 1
183 379 1
183 509 1
183 513 1
183 733 1
183 832 1
183 974 1
183 982 1
184 291 1
184 346 1
184 361 1
184 502 1
184 833 1
184 858 1
184 895 1
184 993 1
185 297 1
185 322 1
185 457 1
185 560 1
185 566 1
185 633 1
185 654 1
185 933 1
186 338 1
186 432 1
186 492 1
186 495 1
186 886 1
186 983 1
187 193 1
187 234 1
187 248 1
187 361 1
187 369 1
187 554 1
187 571 1
187 679 1
187 899 1
188 242 1
188 285 1
188 321 1
188 472 1
188 526 1
188 536 1
188 708 1
188 776 1
188 783 1
188 881 1
188 897 1
189 255 1
189 288 1
189 298 1
189 408 1
189 417 1
189 442 1
189 514 1
189 542 1
189 621 1
189 669 1
189 742 1
189 848 1
189 906 1
189 915 1
190 220 1
190 259 1
190 272 1
190 419 1
190 771 1
190 788 1
190 921 1
191 253 1
191 337 1
191 509 1
191 514 1
191 533 1
191 538 1
191 605 1
191 607 1
191 712 1
191 728 1
191 849 1
192 305 1
192 390 1
192 479 1
192 588 1
192 696 1
192 874 1
192 933 1
192 963 1
193 406 1
193 483 1
193 653 1
193 657 1
193 709 1
194 207 1
194 232 1
194 502 1
194 734 1
194 756 1
195 221 1
195 253 1
195 353 1
195 489 1
195 504 1
195 813 1
195 895 1
195 900 1
196 231 1
196 620 1
196 705 1
196 782 1
197 265 1
197 270 1
197 285 1
197 431 1
197 461 1
197 482 1
197 605 1
197 680 1
197 763 1
197 793 1
197 866 1
197 894 1
198 206 1
198 234 1
198 324 1
198 480 1
198 536 1
198 773 1
198 862 1
198 907 1
198 909 1
199 204 1
199 245 1
199 291 1
199 362 1
199 476 1
199 612 1
199 614 1
199 861 1
200 205 1
200 335 1
200 346 1
200 452 1
200 486 1
200 487 1
200 531 1
200 690 1
200 727 1
201 433 1
201 468 1
201 470 1
201 607 1
201 669 1
201 721 1
201 947 1
201 960 1
202 261 1
202 439 1
202 599 1
202 635 1
202 644 1
202 811 1
202 848 1
202 868 1
202 951 1
203 204 1
203 304 1
203 523 1
203 546 1
203 690 1
203 706 1
203 974 1
204 395 1
204 450 1
204 614 1
204 729 1
204 965 1
205 269 1
205 282 1
205 292 1
205 341 1
205 483 1
205 609 1
205 648 1
205 664 1
205 752 1
205 753 1
205 950 1
206 269 1
206 442 1
206 858 1
206 864 1
206 962 1
206 976 1
207 229 1
207 290 1
207 318 1
207 460 1
207 651 1
207 803 1
207 808 1
207 949 1
208 226 1
208 241 1
208 284 1
208 413 1
208 459 1
208 590 1
208 646 1
208 694 1
208 764 1
208 951 1
208 991 1
209 251 1
209 305 1
209 341 1
209 343 1
209 345 1
209 685 1
209 702 1
209 861 1
209 900 1
209 947 1
209 971 1
210 260 1
210 404 1
210 427 1
210 487 1
210 523 1
210 763 1
210 917 1
211 297 1
211 386 1
211 390 1
211 425 1
211 625 1
211 753 1
211 775 1
211 969 1
212 375 1
212 416 1
212 429 1
212 437 1
212 440 1
212 516 1
212 523 1
212 685 1
212 762 1
213 291 1
213 297 1
213 579 1
213 587 1
213 590 1
213 682 1
213 753 1
213 869 1
213 912 1
214 276 1
214 325 1
214 465 1
214 678 1
214 688 1
214 776 1
214 838 1
214 906 1
214 951 1
214 987 1
215 239 1
215 382 1
215 403 1
215 469 1
215 544 1
215 568 1
215 659 1
215 777 1
215 791 1
215 948 1
216 353 1
216 417 1
216 483 1
216 500 1
216 671 1
216 771 1
216 805 1
216 864 1
216 871 1
217 527 1
217 657 1
217 914 1
217 943 1
217 978 1
218 454 1
218 605 1
218 626 1
218 783 1
218 948 1
219 267 1
219 361 1
219 416 1
219 420 1
219 441 1
219 771 1
219 784 1
219 800 1
219 852 1
220 270 1
220 281 1
220 484 1
220 599 1
220 923 1
220 991 1
221 433 1
221 535 1
221 723 1
221 897 1
221 998 1
222 332 1
222 334 1
222 462 1
222 539 1
222 694 1
222 738 1
222 757 1
222 797 1
222 807 1
222 885 1
222 912 1
222 934 1
223 367 1
223 516 1
223 651 1
223 898 1
223 909 1
223 956 1
223 992 1
224 454 1
224 460 1
224 576 1
224 641 1
224 657 1
224 770 1
224 817 1
225 288 1
225 451 1
225 469 1
225 573 1
225 682 1
225 914 1
226 313 1
226 477 1
226 478 1
226 539 1
226 557 1
226 626 1
226 667 1
226 695 1
226 762 1
226 769 1
226 901 1
226 980 1
226 993 1
227 420 1
227 604 1
227 780 1
227 861 1
228 239 1
228 257 1
228 258 1
228 289 1
228 296 1
228 435 1
228 773 1
228 914 1
228 941 1
228 956 1
228 997 1
229 269 1
229 276 1
229 307 1
229 461 1
229 514 1
229 699 1
229 767 1
229 955 1
230 372 1
230 388 1
230 701 1
230 720 1
231 317 1
231 330 1
231 519 1
231 842 1
232 360 1
232 423 1
232 496 1
232 552 1
232 702 1
232 706 1
232 711 1
232 734 1
232 741 1
233 286 1
233 368 1
233 621 1
233 753 1
233 799 1
234 260 1
234 283 1
234 346 1
234 594 1
234 742 1
234 791 1
234 829 1
234 903 1
234 918 1
234 940 1
234 942 1
234 995 1
235 288 1
235 610 1
235 671 1
235 690 1
235 771 1
235 882 1
235 964 1
236 251 1
236 285 1
236 435 1
236 661 1
236 675 1
236 849 1
236 851 1
236 967 1
237 297 1
237 359 1
237 370 1
237 382 1
237 398 1
237 546 1
237 800 1
237 894 1
237 918 1
238 251 1
238 270 1
238 344 1
238 461 1
238 547 1
238 585 1
238 611 1
238 729 1
238 906 1
239 382 1
239 613 1
239 727 1
239 819 1
239 863 1
239 876 1
239 890 1
239 914 1
240 270 1
240 281 1
240 293 1
240 345 1
240 361 1
240 568 1
240 581 1
240 589 1
240 657 1
240 787 1
240 852 1
240 953 1
241 274 1
241 275 1
241 288 1
241 453 1
241 462 1
241 495 1
241 536 1
241 596 1
241 810 1
241 900 1
241 902 1
242 346 1
242 472 1
242 537 1
242 571 1
242 685 1
243 416 1
243 435 1
243 449 1
243 509 1
243 656 1
243 733 1
243 795 1
243 877 1
243 917 1
244 252 1
244 501 1
244 502 1
244 504 1
244 585 1
244 705 1
244 894 1
244 920 1
245 336 1
245 348 1
245 449 1
245 577 1
245 652 1
245 766 1
245 836 1
245 845 1
246 258 1
246 289 1
246 424 1
246 774 1
247 407 1
247 420 1
247 482 1
247 537 1
247 559 1
247 579 1
247 617 1
247 674 1
247 810 1
247 880 1
247 920 1
248 263 1
248 347 1
248 411 1
248 598 1
248 619 1
248 674 1
248 772 1
249 279 1
249 337 1
249 505 1
249 563 1
249 873 1
249 884 1
249 938 1
249 953 1
249 970 1
249 974 1
249 977 1
250 270 1
250 356 1
250 508 1
250 568 1
250 580 1
250 604 1
250 652 1
250 697 1
250 768 1
251 272 1
251 307 1
251 444 1
251 574 1
251 753 1
251 773 1
251 824 1
251 909 1
252 305 1
252 446 1
252 477 1
252 603 1
252 743 1
253 306 1
253 316 1
253 557 1
253 651 1
253 824 1
253 992 1
254 256 1
254 276 1
254 364 1
254 402 1
254 422 1
254 542 1
254 632 1
254 776 1
254 825 1
255 261 1
255 342 1
255 362 1
255 429 1
255 502 1
255 521 1
255 536 1
255 549 1
255 578 1
255 582 1
255 839 1
255 942 1
255 959 1
256 408 1
256 568 1
256 760 1
256 800 1
256 835 1
256 891 1
257 411 1
257 608 1
257 655 1
257 661 1
257 790 1
257 874 1
257 970 1
258 341 1
258 419 1
258 470 1
259 302 1
259 360 1
259 457 1
259 503 1
259 595 1
259 820 1
259 833 1
259 922 1
260 301 1
260 330 1
260 759 1
261 428 1
261 454 1
261 681 1
261 697 1
261 742 1
261 767 1
261 813 1
262 342 1
262 359 1
262 415 1
262 439 1
262 601 1
262 604 1
263 281 1
263 328 1
263 446 1
263 568 1
263 741 1
263 774 1
263 789 1
263 908 1
263 909 1
263 979 1
264 476 1
264 483 1
264 527 1
264 591 1
264 625 1
264 668 1
264 746 1
264 776 1
264 950 1
265 287 1
265 288 1
265 294 1
265 469 1
265 538 1
265 653 1
265 662 1
266 341 1
266 375 1
266 427 1
266 428 1
266 530 1
266 604 1
266 669 1
266 774 1
266 902 1
266 927 1
266 951 1
267 370 1
267 443 1
267 619 1
267 773 1
267 941 1
267 954 1
268 300 1
268 418 1
268 473 1
268 544 1
268 621 1
268 634 1
268 643 1
268 719 1
268 720 1
269 490 1
269 504 1
269 680 1
269 870 1
270 527 1
270 551 1
270 800 1
271 274 1
271 298 1
271 432 1
271 493 1
271 913 1
272 285 1
272 310 1
272 318 1
272 531 1
272 595 1
272 807 1
273 306 1
273 459 1
273 645 1
273 797 1
274 281 1
274 315 1
274 663 1
274 700 1
274 709 1
274 832 1
274 988 1
274 1000 1
275 307 1
275 315 1
275 337 1
275 341 1
275 400 1
275 422 1
275 581 1
275 685 1
275 696 1
275 726 1
275 804 1
275 869 1
275 885 1
276 313 1
276 356 1
276 367 1
276 380 1
276 626 1
276 794 1
277 298 1
277 446 1
277 533 1
277 535 1
277 597 1
277 655 1
277 752 1
278 425 1
278 442 1
278 497 1
278 586 1
278 734 1
278 909 1
278 927 1
279 472 1
279 486 1
279 495 1
279 501 1
279 650 1
279 752 1
279 763 1
279 780 1
279 795 1
279 813 1
279 989 1
280 313 1
280 346 1
280 433 1
280 453 1
280 461 1
280 566 1
280 684 1
280 792 1
280 834 1
280 871 1
281 288 1
281 665 1
281 836 1
281 860 1
281 895 1
281 921 1
282 346 1
282 397 1
282 402 1
282 515 1
282 543 1
282 608 1
282 790 1
282 874 1
282 901 1
282 941 1
282 997 1
283 290 1
283 312 1
283 512 1
283 542 1
283 559 1
283 760 1
283 868 1
284 288 1
284 345 1
284 776 1
284 803 1
284 855 1
285 443 1
285 539 1
285 751 1
285 851 1
285 872 1
286 462 1
286 520 1
286 670 1
286 741 1
286 867 1
286 973 1
287 434 1
287 444 1
287 494 1
287 511 1
287 693 1
287 917 1
287 946 1
288 330 1
288 449 1
288 495 1
288 530 1
288 641 1
288 692 1
288 840 1
289 303 1
289 314 1
289 437 1
289 593 1
289 673 1
289 722 1
289 730 1
289 812 1
289 906 1
290 293 1
290 381 1
290 493 1
290 564 1
290 602 1
290 722 1
290 744 1
290 921 1
290 930 1
291 381 1
291 523 1
291 579 1
291 634 1
291 641 1
291 644 1
291 726 1
291 784 1
291 826 1
291 937 1
291 976 1
291 989 1
292 436 1
292 457 1
292 762 1
293 306 1
293 371 1
293 523 1
293 585 1
293 669 1
293 740 1
293 744 1
293 843 1
293 966 1
294 335 1
294 717 1
294 736 1
294 830 1
294 843 1
294 859 1
294 878 1
294 961 1
295 522 1
295 568 1
295 708 1
295 726 1
295 860 1
295 969 1
296 302 1
296 449 1
296 771 1
296 772 1
296 792 1
297 334 1
297 535 1
297 780 1
297 885 1
297 953 1
297 998 1
298 307 1
298 331 1
298 398 1
298 519 1
298 556 1
298 813 1
298 935 1
299 323 1
299 353 1
299 432 1
299 580 1
299 673 1
299 748 1
299 786 1
300 404 1
300 520 1
300 561 1
300 676 1
300 685 1
300 725 1
300 766 1
300 852 1
301 362 1
301 487 1
301 585 1
301 620 1
301 625 1
301 634 1
301 654 1
301 742 1
301 748 1
301 858 1
301 960 1
302 405 1
302 449 1
302 487 1
302 510 1
302 631 1
302 805 1
302 956 1
303 329 1
303 534 1
303 613 1
303 744 1
303 844 1
303 918 1
304 330 1
304 446 1
304 670 1
304 687 1
304 716 1
304 734 1
304 786 1
304 835 1
304 974 1
305 435 1
305 467 1
305 481 1
305 603 1
305 684 1
305 762 1
305 849 1
306 440 1
306 454 1
306 459 1
306 480 1
306 497 1
306 509 1
306 676 1
306 995 1
307 370 1
307 473 1
307 579 1
307 650 1
307 769 1
307 921 1
307 948 1
308 350 1
308 464 1
308 865 1
308 874 1
309 327 1
309 476 1
309 504 1
309 535 1
309 608 1
309 887 1
310 378 1
310 670 1
310 863 1
311 461 1
311 762 1
312 599 1
312 792 1
312 830 1
313 459 1
313 586 1
313 602 1
313 675 1
313 719 1
313 979 1
314 422 1
314 435 1
314 507 1
314 589 1
314 726 1
314 933 1
315 321 1
315 365 1
315 549 1
315 560 1
315 616 1
315 783 1
316 711 1
316 756 1
317 333 1
317 399 1
317 696 1
317 807 1
317 844 1
318 394 1
318 468 1
318 481 1
318 742 1
318 807 1
318 809 1
319 430 1
319 557 1
319 561 1
319 579 1
319 651 1
319 831 1
319 954 1
320 416 1
320 506 1
320 536 1
320 681 1
320 725 1
320 904 1
321 475 1
321 503 1
321 531 1
321 533 1
321 653 1
321 663 1
321 956 1
322 540 1
322 843 1
323 338 1
323 353 1
323 458 1
323 496 1
323 499 1
323 643 1
323 718 1
323 730 1
323 740 1
323 805 1
323 809 1
323 918 1
324 404 1
324 457 1
324 659 1
324 676 1
324 871 1
324 922 1
324 964 1
324 995 1
325 371 1
325 482 1
325 594 1
325 681 1
325 705 1
325 811 1
325 838 1
325 972 1
326 556 1
326 878 1
326 972 1
327 341 1
327 363 1
327 469 1
327 650 1
327 675 1
327 719 1
327 817 1
327 821 1
327 830 1
327 845 1
327 865 1
327 893 1
328 335 1
328 538 1
328 688 1
328 787 1
328 892 1
329 403 1
329 494 1
329 515 1
329 644 1
329 770 1
329 782 1
329 812 1
329 937 1
329 996 1
330 397 1
330 418 1
330 552 1
330 643 1
330 666 1
330 706 1
330 771 1
330 831 1
330 832 1
330 900 1
330 979 1
331 463 1
331 517 1
331 802 1
331 913 1
331 950 1
331 955 1
332 384 1
332 446 1
332 603 1
332 637 1
332 829 1
332 896 1
332 928 1
332 957 1
333 421 1
333 554 1
333 751 1
333 824 1
333 827 1
333 848 1
333 948 1
334 401 1
334 462 1
334 516 1
334 726 1
334 855 1
334 941 1
334 952 1
335 349 1
335 628 1
335 697 1
335 774 1
335 941 1
336 449 1
336 473 1
336 582 1
336 607 1
336 615 1
336 633 1
336 650 1
336 833 1
337 465 1
337 466 1
337 543 1
337 559 1
337 573 1
337 592 1
337 754 1
337 890 1
338 387 1
338 479 1
338 514 1
338 539 1
339 360 1
339 466 1
339 854 1
340 344 1
340 389 1
340 428 1
340 515 1
340 566 1
340 591 1
340 593 1
340 711 1
341 617 1
341 880 1
341 923 1
341 933 1
342 458 1
342 481 1
342 606 1
342 737 1
342 862 1
342 944 1
342 997 1
343 436 1
343 712 1
343 743 1
343 784 1
343 794 1
343 942 1
344 397 1
344 660 1
344 697 1
344 808 1
344 850 1
344 916 1
344 979 1
345 454 1
345 504 1
345 540 1
345 566 1
345 976 1
346 457 1
346 466 1
346 502 1
346 616 1
346 662 1
346 726 1
346 750 1
346 884 1
346 933 1
346 978 1
347 425 1
347 472 1
347 591 1
347 682 1
347 779 1
347 795 1
347 833 1
347 867 1
347 971 1
348 438 1
348 481 1
348 782 1
348 823 1
349 377 1
349 519 1
349 543 1
349 602 1
349 709 1
349 985 1
350 374 1
350 380 1
350 410 1
350 418 1
350 527 1
351 579 1
351 822 1
351 838 1
351 870 1
351 993 1
352 440 1
352 459 1
352 510 1
352 639 1
352 658 1
352 775 1
352 965 1
352 998 1
353 358 1
353 389 1
353 508 1
353 628 1
353 743 1
353 782 1
354 403 1
354 430 1
354 523 1
354 690 1
354 744 1
355 469 1
355 600 1
355 676 1
355 722 1
355 743 1
355 849 1
355 964 1
356 359 1
356 497 1
356 500 1
356 638 1
356 773 1
356 915 1
357 411 1
357 471 1
357 478 1
357 496 1
357 543 1
357 595 1
357 829 1
357 843 1
357 855 1
357 904 1
357 954 1
358 394 1
358 741 1
358 884 1
359 461 1
359 517 1
359 569 1
359 642 1
359 683 1
359 826 1
359 845 1
359 867 1
359 916 1
359 963 1
360 636 1
360 649 1
360 692 1
360 696 1
360 736 1
360 803 1
360 828 1
360 873 1
360 891 1
360 979 1
361 387 1
361 675 1
361 733 1
362 665 1
362 686 1
362 716 1
362 806 1
363 372 1
363 570 1
363 673 1
363 686 1
363 713 1
363 789 1
363 859 1
363 877 1
363 884 1
363 895 1
364 391 1
364 578 1
364 616 1
364 784 1
364 804 1
364 823 1
364 950 1
365 392 1
365 476 1
365 701 1
365 805 1
365 870 1
366 494 1
366 749 1
366 796 1
366 863 1
366 901 1
366 965 1
367 508 1
367 565 1
367 740 1
367 785 1
368 516 1
368 529 1
368 594 1
368 608 1
368 671 1
368 847 1
369 579 1
369 627 1
369 648 1
369 694 1
369 718 1
369 737 1
369 895 1
370 515 1
370 739 1
370 745 1
370 746 1
370 774 1
370 793 1
370 873 1
370 936 1
370 958 1
370 999 1
371 398 1
371 625 1
371 656 1
371 687 1
371 716 1
371 751 1
371 832 1
371 892 1
372 385 1
372 389 1
372 702 1
372 741 1
372 875 1
373 430 1
373 570 1
373 636 1
373 705 1
373 713 1
373 729 1
373 786 1
373 947 1
374 627 1
374 714 1
374 765 1
374 859 1
375 465 1
375 475 1
375 545 1
375 733 1
375 872 1
376 690 1
376 750 1
376 779 1
376 813 1
376 834 1
376 913 1
376 945 1
377 435 1
377 546 1
377 598 1
377 635 1
377 834 1
377 885 1
377 892 1
377 951 1
378 411 1
378 495 1
378 546 1
378 570 1
378 594 1
378 650 1
378 755 1
378 876 1
379 388 1
380 642 1
380 711 1
380 778 1
380 786 1
380 888 1
380 922 1
380 938 1
381 399 1
381 551 1
381 697 1
381 792 1
381 903 1
381 906 1
382 543 1
382 717 1
382 780 1
382 866 1
382 928 1
383 472 1
383 670 1
383 675 1
383 751 1
383 770 1
383 808 1
383 866 1
383 873 1
384 429 1
384 466 1
384 604 1
384 776 1
384 814 1
384 931 1
384 951 1
385 468 1
385 527 1
385 667 1
385 687 1
385 847 1
385 954 1
386 392 1
386 398 1
386 418 1
386 430 1
386 491 1
386 500 1
386 524 1
386 560 1
386 765 1
386 917 1
387 598 1
387 644 1
387 694 1
387 779 1
388 784 1
389 426 1
389 440 1
389 572 1
389 593 1
389 789 1
389 873 1
389 953 1
390 453 1
390 482 1
390 521 1
390 578 1
390 768 1
390 863 1
390 920 1
390 989 1
391 442 1
391 558 1
391 732 1
391 875 1
391 944 1
392 476 1
392 499 1
392 532 1
392 595 1
392 712 1
392 840 1
392 859 1
392 880 1
392 882 1
393 500 1
393 541 1
393 555 1
393 767 1
393 957 1
394 543 1
394 572 1
394 573 1
394 734 1
394 828 1
395 474 1
395 676 1
395 726 1
395 788 1
395 850 1
395 979 1
396 445 1
396 522 1
396 531 1
396 554 1
396 654 1
396 734 1
396 798 1
396 875 1
396 884 1
396 943 1
397 574 1
397 805 1
397 892 1
397 899 1
398 450 1
398 475 1
398 617 1
398 751 1
398 774 1
398 905 1
398 938 1
398 965 1
399 412 1
399 466 1
399 539 1
399 742 1
399 784 1
399 857 1
399 874 1
399 999 1
400 437 1
400 650 1
400 728 1
400 828 1
400 896 1
400 946 1
400 952 1
400 960 1
401 499 1
401 800 1
401 818 1
401 985 1
401 999 1
402 458 1
402 540 1
402 572 1
402 628 1
402 746 1
402 871 1
402 927 1
403 502 1
403 542 1
403 561 1
403 573 1
403 666 1
403 714 1
403 747 1
403 753 1
403 830 1
404 449 1
404 506 1
404 584 1
404 601 1
404 626 1
404 677 1
404 712 1
404 838 1
405 406 1
405 459 1
405 528 1
405 635 1
405 768 1
405 819 1
405 855 1
405 880 1
405 940 1
405 967 1
405 987 1
406 575 1
406 585 1
406 624 1
406 695 1
406 855 1
407 420 1
407 960 1
408 433 1
408 454 1
408 485 1
408 489 1
408 612 1
408 705 1
408 739 1
408 781 1
408 934 1
409 618 1
409 797 1
409 819 1
409 939 1
410 423 1
410 649 1
410 898 1
411 516 1
411 657 1
411 678 1
411 784 1
411 800 1
412 586 1
412 677 1
412 709 1
412 737 1
413 601 1
413 706 1
413 792 1
413 898 1
413 906 1
414 496 1
414 525 1
414 632 1
414 856 1
414 942 1
415 796 1
415 886 1
416 693 1
417 475 1
417 501 1
417 616 1
417 716 1
417 753 1
417 972 1
418 534 1
418 602 1
418 621 1
418 711 1
419 514 1
419 539 1
419 658 1
419 661 1
419 685 1
419 769 1
419 971 1
420 430 1
420 470 1
420 504 1
420 756 1
420 836 1
420 876 1
421 508 1
421 614 1
421 680 1
421 788 1
421 815 1
421 912 1
422 578 1
422 618 1
422 654 1
422 765 1
422 785 1
422 805 1
422 931 1
423 428 1
423 447 1
423 507 1
423 512 1
423 811 1
424 471 1
424 487 1
424 512 1
424 528 1
424 573 1
424 811 1
425 757 1
425 852 1
425 992 1
426 778 1
426 847 1
426 873 1
426 925 1
426 949 1
426 950 1
426 988 1
427 466 1
427 528 1
427 598 1
427 650 1
427 679 1
427 744 1
427 934 1
428 454 1
428 514 1
428 597 1
428 602 1
428 915 1
429 433 1
429 508 1
429 544 1
429 609 1
429 712 1
429 789 1
429 891 1
429 969 1
430 433 1
430 748 1
430 772 1
430 928 1
431 558 1
431 631 1
431 659 1
431 726 1
431 755 1
431 781 1
431 961 1
432 444 1
432 563 1
432 605 1
432 627 1
432 753 1
432 797 1
432 880 1
433 461 1
433 543 1
433 589 1
433 604 1
433 613 1
433 619 1
433 900 1
434 586 1
434 607 1
434 815 1
434 822 1
434 830 1
434 944 1
435 437 1
435 609 1
435 618 1
435 624 1
435 761 1
435 921 1
436 442 1
436 655 1
436 671 1
436 732 1
436 764 1
436 836 1
436 878 1
437 579 1
437 584 1
437 587 1
437 728 1
437 749 1
437 796 1
437 909 1
437 957 1
438 461 1
438 536 1
438 592 1
438 639 1
438 645 1
438 738 1
438 784 1
438 855 1
439 474 1
439 546 1
439 559 1
439 582 1
439 620 1
439 683 1
439 719 1
439 726 1
439 805 1
439 882 1
440 453 1
440 493 1
440 495 1
440 591 1
440 642 1
440 777 1
440 829 1
440 912 1
440 963 1
441 518 1
441 637 1
441 667 1
441 742 1
441 866 1
441 994 1
442 545 1
442 572 1
442 674 1
442 782 1
442 887 1
442 913 1
443 513 1
443 547 1
443 683 1
443 874 1
443 884 1
444 478 1
444 760 1
444 919 1
444 923 1
444 951 1
444 972 1
445 479 1
445 487 1
445 798 1
445 799 1
445 907 1
446 484 1
446 492 1
446 556 1
446 563 1
447 507 1
447 687 1
447 748 1
447 829 1
447 907 1
447 935 1
447 964 1
448 527 1
448 606 1
448 609 1
448 755 1
448 892 1
448 965 1
448 979 1
449 475 1
449 491 1
449 638 1
449 641 1
449 732 1
449 958 1
449 990 1
450 673 1
450 717 1
450 725 1
451 452 1
451 509 1
451 522 1
451 531 1
451 666 1
451 724 1
451 979 1
451 990 1
452 491 1
452 530 1
452 594 1
452 924 1
452 925 1
452 930 1
453 796 1
453 942 1
454 627 1
454 782 1
454 799 1
454 806 1
454 808 1
455 501 1
455 684 1
455 730 1
455 779 1
455 838 1
455 969 1
456 474 1
456 517 1
456 529 1
456 567 1
456 610 1
456 719 1
456 802 1
456 846 1
456 857 1
457 503 1
457 867 1
458 581 1
458 612 1
458 732 1
458 876 1
459 511 1
459 870 1
459 886 1
459 898 1
459 918 1
459 997 1
460 569 1
460 578 1
460 602 1
460 646 1
460 786 1
460 832 1
461 603 1
461 710 1
461 721 1
461 755 1
461 850 1
462 499 1
462 546 1
462 563 1
462 564 1
462 740 1
462 810 1
463 541 1
463 676 1
463 684 1
463 747 1
463 882 1
463 914 1
463 943 1
464 561 1
464 602 1
464 671 1
464 736 1
464 890 1
464 972 1
465 649 1
465 672 1
465 715 1
465 772 1
465 861 1
465 937 1
465 938 1
466 611 1
466 742 1
466 903 1
466 914 1
467 628 1
467 678 1
467 941 1
468 480 1
468 602 1
468 771 1
468 909 1
469 504 1
469 510 1
469 697 1
469 747 1
469 771 1
469 987 1
470 613 1
470 664 1
470 893 1
470 895 1
471 583 1
471 769 1
471 886 1
471 929 1
472 518 1
472 554 1
472 629 1
472 837 1
473 476 1
473 512 1
473 657 1
473 811 1
473 824 1
473 976 1
474 485 1
474 520 1
474 573 1
474 640 1
474 645 1
474 670 1
474 828 1
474 978 1
475 478 1
475 591 1
475 658 1
475 689 1
475 783 1
475 796 1
475 848 1
475 873 1
475 893 1
475 993 1
476 482 1
476 594 1
476 857 1
476 963 1
476 994 1
477 687 1
477 861 1
477 936 1
478 556 1
478 577 1
478 770 1
478 771 1
478 800 1
478 807 1
478 845 1
478 873 1
478 986 1
479 547 1
479 554 1
479 842 1
479 901 1
480 538 1
480 698 1
480 857 1
480 858 1
480 956 1
480 997 1
481 523 1
481 590 1
481 594 1
481 596 1
481 716 1
481 750 1
482 682 1
482 709 1
482 742 1
482 808 1
482 838 1
482 950 1
483 677 1
483 701 1
483 748 1
483 849 1
483 883 1
483 907 1
483 988 1
484 514 1
484 521 1
484 563 1
484 780 1
484 829 1
484 830 1
484 924 1
484 967 1
485 862 1
485 883 1
485 888 1
485 961 1
486 539 1
486 610 1
486 612 1
486 711 1
486 759 1
486 821 1
486 826 1
486 845 1
486 853 1
486 857 1
486 932 1
486 940 1
487 500 1
487 758 1
487 830 1
488 820 1
488 849 1
488 921 1
489 538 1
489 716 1
489 809 1
489 867 1
490 849 1
490 888 1
490 992 1
491 579 1
491 619 1
491 697 1
491 755 1
491 924 1
491 970 1
492 639 1
492 708 1
492 828 1
492 908 1
492 926 1
493 714 1
493 722 1
493 978 1
494 550 1
494 765 1
494 832 1
494 944 1
495 669 1
496 712 1
496 827 1
496 910 1
496 915 1
496 960 1
497 518 1
497 627 1
497 784 1
497 858 1
497 929 1
497 971 1
498 533 1
498 611 1
498 778 1
499 519 1
499 855 1
499 873 1
499 890 1
499 947 1
500 824 1
500 934 1
500 951 1
501 681 1
501 738 1
501 788 1
501 924 1
501 951 1
501 992 1
502 552 1
502 560 1
502 620 1
502 634 1
502 697 1
502 794 1
502 845 1
502 877 1
502 890 1
502 932 1
503 824 1
503 909 1
504 543 1
504 614 1
504 774 1
504 938 1
505 521 1
505 651 1
505 703 1
505 790 1
505 837 1
505 926 1
505 937 1
506 524 1
506 585 1
506 731 1
506 954 1
507 566 1
507 804 1
507 824 1
507 869 1
507 995 1
508 865 1
509 812 1
509 818 1
509 915 1
510 693 1
510 715 1
510 728 1
510 794 1
510 870 1
510 882 1
510 961 1
511 569 1
512 555 1
512 989 1
513 547 1
513 725 1
513 907 1
514 530 1
514 793 1
515 901 1
516 536 1
516 860 1
517 550 1
517 620 1
517 661 1
517 764 1
517 781 1
517 795 1
517 818 1
517 875 1
517 906 1
518 524 1
518 631 1
518 670 1
518 680 1
518 726 1
518 742 1
518 782 1
518 838 1
519 595 1
519 804 1
519 967 1
519 977 1
520 567 1
520 621 1
520 687 1
520 724 1
520 803 1
520 838 1
520 861 1
520 919 1
520 978 1
521 613 1
521 615 1
521 695 1
521 813 1
521 832 1
521 833 1
521 844 1
522 657 1
522 658 1
522 855 1
522 983 1
522 988 1
523 541 1
523 909 1
523 916 1
524 610 1
524 683 1
524 797 1
525 574 1
525 622 1
525 630 1
525 669 1
525 719 1
525 796 1
525 979 1
526 612 1
526 756 1
526 764 1
526 873 1
526 917 1
527 606 1
527 672 1
527 865 1
528 590 1
528 719 1
528 965 1
529 766 1
529 811 1
529 876 1
530 563 1
530 639 1
530 804 1
530 858 1
530 968 1
531 639 1
531 776 1
531 811 1
531 960 1
532 720 1
532 725 1
533 699 1
533 737 1
534 659 1
534 674 1
534 833 1
535 538 1
535 776 1
535 833 1
535 839 1
535 866 1
535 867 1
535 983 1
536 702 1
537 672 1
537 797 1
537 948 1
538 666 1
538 725 1
538 755 1
538 899 1
539 548 1
539 602 1
539 690 1
539 813 1
540 580 1
540 734 1
540 950 1
541 658 1
541 811 1
541 850 1
541 914 1
541 998 1
542 552 1
542 587 1
542 799 1
542 807 1
542 908 1
542 976 1
543 544 1
543 558 1
543 704 1
543 738 1
543 740 1
543 805 1
543 807 1
543 870 1
543 989 1
544 729 1
544 829 1
544 937 1
544 969 1
544 989 1
545 577 1
545 703 1
545 926 1
545 940 1
545 968 1
545 971 1
546 599 1
546 603 1
546 615 1
546 673 1
546 704 1
546 792 1
546 980 1
547 574 1
547 603 1
547 842 1
547 959 1
547 995 1
548 617 1
548 669 1
548 995 1
549 701 1
549 796 1
550 570 1
550 824 1
550 936 1
551 626 1
551 748 1
551 763 1
551 797 1
551 885 1
552 596 1
552 646 1
552 743 1
552 750 1
552 838 1
552 883 1
552 998 1
553 655 1
553 672 1
553 734 1
553 847 1
553 886 1
553 907 1
553 976 1
553 983 1
554 776 1
554 807 1
554 891 1
554 925 1
555 679 1
555 730 1
555 897 1
555 987 1
556 665 1
556 850 1
556 951 1
557 657 1
558 569 1
558 781 1
558 825 1
558 900 1
558 948 1
558 972 1
560 712 1
560 802 1
560 835 1
560 869 1
561 598 1
561 681 1
562 720 1
562 826 1
562 873 1
563 570 1
563 619 1
563 789 1
563 828 1
563 942 1
564 638 1
564 758 1
564 772 1
564 971 1
564 990 1
565 606 1
565 876 1
565 898 1
565 945 1
565 950 1
566 624 1
566 702 1
566 790 1
566 819 1
566 910 1
567 671 1
567 774 1
567 956 1
568 599 1
568 737 1
568 828 1
568 868 1
568 883 1
568 907 1
568 986 1
569 577 1
569 741 1
569 860 1
569 974 1
570 644 1
570 647 1
570 654 1
570 692 1
570 759 1
570 864 1
570 874 1
571 598 1
571 624 1
571 649 1
571 686 1
571 696 1
571 819 1
572 624 1
572 646 1
572 655 1
572 697 1
572 870 1
573 614 1
573 890 1
573 988 1
574 585 1
574 687 1
574 896 1
575 671 1
575 914 1
576 696 1
576 800 1
576 982 1
577 665 1
577 769 1
577 778 1
577 786 1
577 828 1
577 929 1
578 670 1
578 856 1
578 871 1
578 928 1
579 667 1
579 677 1
579 692 1
579 709 1
580 609 1
580 663 1
580 917 1
580 961 1
580 1000 1
581 603 1
581 606 1
581 698 1
581 721 1
582 741 1
582 782 1
582 956 1
583 883 1
583 902 1
584 665 1
584 757 1
584 812 1
584 906 1
584 934 1
584 976 1
585 625 1
585 704 1
585 760 1
585 766 1
586 592 1
586 823 1
587 598 1
587 810 1
588 709 1
588 813 1
588 851 1
588 943 1
589 591 1
589 870 1
589 885 1
589 941 1
589 945 1
590 683 1
590 860 1
590 901 1
590 910 1
590 914 1
591 644 1
591 753 1
591 768 1
591 786 1
591 838 1
592 705 1
592 733 1
592 751 1
592 799 1
592 944 1
592 968 1
593 657 1
593 703 1
593 726 1
593 736 1
593 848 1
594 732 1
594 736 1
594 807 1
594 971 1
595 624 1
595 718 1
595 812 1
595 931 1
595 969 1
596 657 1
596 859 1
596 961 1
596 994 1
597 691 1
597 708 1
597 769 1
597 804 1
597 866 1
598 952 1
599 607 1
599 812 1
599 943 1
600 625 1
600 665 1
600 892 1
600 904 1
600 967 1
601 650 1
601 661 1
601 805 1
602 806 1
602 830 1
602 870 1
602 890 1
603 658 1
603 750 1
603 816 1
603 950 1
603 968 1
604 665 1
604 764 1
604 877 1
604 917 1
605 636 1
605 961 1
605 964 1
606 845 1
606 888 1
607 627 1
607 689 1
607 759 1
607 779 1
608 613 1
608 915 1
609 728 1
609 881 1
609 915 1
610 836 1
610 958 1
611 848 1
612 845 1
613 695 1
613 776 1
613 911 1
613 958 1
614 631 1
614 720 1
614 734 1
614 806 1
615 623 1
615 686 1
615 697 1
615 730 1
615 908 1
615 978 1
615 989 1
616 640 1
616 932 1
616 972 1
617 666 1
617 696 1
617 854 1
617 922 1
617 992 1
618 638 1
618 651 1
619 665 1
619 730 1
619 900 1
620 729 1
620 802 1
620 817 1
620 819 1
620 889 1
620 928 1
621 765 1
621 827 1
621 964 1
621 969 1
621 983 1
622 658 1
622 834 1
622 835 1
623 739 1
623 771 1
623 776 1
623 814 1
624 873 1
624 949 1
624 951 1
624 971 1
625 700 1
625 724 1
625 805 1
625 929 1
626 841 1
626 883 1
626 932 1
626 952 1
627 630 1
627 653 1
627 689 1
627 962 1
628 916 1
628 917 1
628 942 1
628 962 1
628 994 1
629 722 1
629 874 1
629 938 1
629 948 1
630 647 1
630 694 1
630 859 1
630 997 1
631 675 1
631 749 1
631 764 1
631 794 1
632 648 1
632 768 1
632 969 1
632 991 1
633 708 1
633 741 1
634 737 1
634 864 1
635 831 1
635 927 1
635 946 1
635 950 1
635 998 1
636 704 1
636 867 1
637 643 1
637 668 1
637 725 1
637 734 1
637 927 1
638 648 1
638 773 1
638 931 1
638 991 1
639 655 1
639 678 1
639 722 1
639 776 1
639 801 1
639 932 1
640 695 1
640 751 1
640 771 1
640 778 1
640 857 1
640 899 1
640 927 1
640 950 1
641 753 1
641 765 1
641 774 1
641 986 1
642 718 1
642 757 1
642 981 1
643 722 1
643 856 1
644 730 1
644 877 1
644 923 1
644 985 1
645 693 1
645 718 1
645 765 1
645 973 1
646 892 1
646 994 1
646 1000 1
647 703 1
647 786 1
647 813 1
647 818 1
647 939 1
647 979 1
648 663 1
648 750 1
648 847 1
648 968 1
649 686 1
649 951 1
649 987 1
650 657 1
650 834 1
651 871 1
652 915 1
652 917 1
653 678 1
653 684 1
653 947 1
654 675 1
654 676 1
654 746 1
654 805 1
654 893 1
655 663 1
655 665 1
655 866 1
656 722 1
656 829 1
656 925 1
656 945 1
656 978 1
657 845 1
657 891 1
657 932 1
657 990 1
658 845 1
659 800 1
659 836 1
659 858 1
659 946 1
659 949 1
659 972 1
660 676 1
660 725 1
660 803 1
660 821 1
661 668 1
661 683 1
661 691 1
661 903 1
661 958 1
662 715 1
662 771 1
662 779 1
662 833 1
662 972 1
662 976 1
663 681 1
663 755 1
663 763 1
663 804 1
664 684 1
664 687 1
664 769 1
664 982 1
665 927 1
665 958 1
665 988 1
666 672 1
666 766 1
666 799 1
666 817 1
666 824 1
666 836 1
666 861 1
666 880 1
666 986 1
667 771 1
668 681 1
668 748 1
668 819 1
668 826 1
669 675 1
669 785 1
669 922 1
669 932 1
669 981 1
670 759 1
670 801 1
670 831 1
671 724 1
672 788 1
672 803 1
672 873 1
672 940 1
672 998 1
673 730 1
673 795 1
674 817 1
674 903 1
675 734 1
675 805 1
675 870 1
675 873 1
675 990 1
676 683 1
676 791 1
677 679 1
677 957 1
678 757 1
678 770 1
678 795 1
678 797 1
678 836 1
678 908 1
679 718 1
679 888 1
680 763 1
680 811 1
680 961 1
681 697 1
681 746 1
681 784 1
681 993 1
682 752 1
682 803 1
682 910 1
682 912 1
683 688 1
683 866 1
683 885 1
683 906 1
683 932 1
683 947 1
683 997 1
684 715 1
684 828 1
684 948 1
685 861 1
685 868 1
685 942 1
686 705 1
686 795 1
686 823 1
686 905 1
686 927 1
687 959 1
688 801 1
689 728 1
689 738 1
689 789 1
689 853 1
689 876 1
689 952 1
689 960 1
689 968 1
690 796 1
690 896 1
690 931 1
690 933 1
691 770 1
691 797 1
691 945 1
691 957 1
691 976 1
692 747 1
692 861 1
692 962 1
693 804 1
694 780 1
694 803 1
694 913 1
694 994 1
695 863 1
695 865 1
696 778 1
696 781 1
696 920 1
696 955 1
696 958 1
696 978 1
697 716 1
697 942 1
698 711 1
698 715 1
698 877 1
698 893 1
699 812 1
699 827 1
699 901 1
699 966 1
700 758 1
700 771 1
701 889 1
702 731 1
702 755 1
702 820 1
703 735 1
703 856 1
704 841 1
704 897 1
705 734 1
705 833 1
705 953 1
706 732 1
706 798 1
706 843 1
706 911 1
706 915 1
706 964 1
706 982 1
707 732 1
707 768 1
707 813 1
709 793 1
709 799 1
710 749 1
710 826 1
711 741 1
711 921 1
711 990 1
712 729 1
712 882 1
712 894 1
713 737 1
713 785 1
713 805 1
713 813 1
713 859 1
713 882 1
714 736 1
714 826 1
716 804 1
716 950 1
716 984 1
716 987 1
716 994 1
717 945 1
718 758 1
718 771 1
718 811 1
718 839 1
718 890 1
718 904 1
718 938 1
719 768 1
720 778 1
720 972 1
721 751 1
722 774 1
722 832 1
723 954 1
724 933 1
725 753 1
725 813 1
726 743 1
726 817 1
726 895 1
726 962 1
727 757 1
727 769 1
728 760 1
728 901 1
728 938 1
729 762 1
729 819 1
729 854 1
729 873 1
729 929 1
729 961 1
730 747 1
730 762 1
730 935 1
730 936 1
731 754 1
731 804 1
731 856 1
731 867 1
731 994 1
732 909 1
733 798 1
733 837 1
734 756 1
734 923 1
735 840 1
735 842 1
735 889 1
735 920 1
735 925 1
735 943 1
735 984 1
735 991 1
735 994 1
736 944 1
736 956 1
737 768 1
737 999 1
738 752 1
739 748 1
739 971 1
740 797 1
740 808 1
740 977 1
740 993 1
741 920 1
742 758 1
742 823 1
742 895 1
743 754 1
743 891 1
743 956 1
743 993 1
743 999 1
744 772 1
744 783 1
744 914 1
744 920 1
744 922 1
745 854 1
745 991 1
746 919 1
747 753 1
747 830 1
747 892 1
748 784 1
748 817 1
749 933 1
750 766 1
750 853 1
750 887 1
750 902 1
750 934 1
750 982 1
751 773 1
751 792 1
751 910 1
751 957 1
752 906 1
752 915 1
752 939 1
752 942 1
753 947 1
753 998 1
754 872 1
754 947 1
755 767 1
755 917 1
755 978 1
756 763 1
757 904 1
758 759 1
758 782 1
758 917 1
758 959 1
761 799 1
761 831 1
762 836 1
762 867 1
762 933 1
763 813 1
763 834 1
763 926 1
764 767 1
764 782 1
764 819 1
764 884 1
764 983 1
765 790 1
765 829 1
765 841 1
765 868 1
765 895 1
765 915 1
766 828 1
766 871 1
766 948 1
768 938 1
769 927 1
769 937 1
771 789 1
771 946 1
771 974 1
773 781 1
773 814 1
773 869 1
773 961 1
773 978 1
773 982 1
773 989 1
773 995 1
773 998 1
774 907 1
775 786 1
775 862 1
775 934 1
776 857 1
776 960 1
777 895 1
777 989 1
778 993 1
780 926 1
780 934 1
781 854 1
782 811 1
782 858 1
782 953 1
782 976 1
783 915 1
783 918 1
783 948 1
783 968 1
784 794 1
784 806 1
784 950 1
785 838 1
787 794 1
788 849 1
788 872 1
788 876 1
789 851 1
790 880 1
790 899 1
790 953 1
790 970 1
791 828 1
791 842 1
792 826 1
792 997 1
793 899 1
793 911 1
793 962 1
793 963 1
794 847 1
795 864 1
795 874 1
795 990 1
796 863 1
796 872 1
796 939 1
797 940 1
797 960 1
797 986 1
799 881 1
799 976 1
800 851 1
800 855 1
800 912 1
800 946 1
800 973 1
801 974 1
802 830 1
802 857 1
802 942 1
802 959 1
803 937 1
805 866 1
805 948 1
806 884 1
806 966 1
806 994 1
807 869 1
807 943 1
809 828 1
809 891 1
809 976 1
810 839 1
810 997 1
811 879 1
811 912 1
811 919 1
812 960 1
812 971 1
812 987 1
813 903 1
813 990 1
814 875 1
814 950 1
814 959 1
815 885 1
815 955 1
815 996 1
815 997 1
816 876 1
817 927 1
818 832 1
818 836 1
818 987 1
819 834 1
819 871 1
819 922 1
820 938 1
821 929 1
821 949 1
822 852 1
823 897 1
824 984 1
825 920 1
826 938 1
826 963 1
827 865 1
828 901 1
828 917 1
829 857 1
829 890 1
829 933 1
829 977 1
830 922 1
830 990 1
831 835 1
832 973 1
834 913 1
836 858 1
837 983 1
838 863 1
838 926 1
838 987 1
839 879 1
839 915 1
840 853 1
840 885 1
840 896 1
841 851 1
841 893 1
842 890 1
842 952 1
842 975 1
842 985 1
843 853 1
843 855 1
844 931 1
844 979 1
845 962 1
845 984 1
847 857 1
848 957 1
848 978 1
849 928 1
849 991 1
850 909 1
850 959 1
850 984 1
852 915 1
853 861 1
853 944 1
856 913 1
857 863 1
857 955 1
858 888 1
861 914 1
862 929 1
862 991 1
863 903 1
864 889 1
864 917 1
865 875 1
865 963 1
865 991 1
868 923 1
868 958 1
868 980 1
868 991 1
869 901 1
870 968 1
871 985 1
872 880 1
873 893 1
873 908 1
873 979 1
873 996 1
874 885 1
875 906 1
875 910 1
876 879 1
877 955 1
878 881 1
878 909 1
880 930 1
880 981 1
882 911 1
882 952 1
882 992 1
883 886 1
883 987 1
883 990 1
885 938 1
885 940 1
887 890 1
887 897 1
887 916 1
889 925 1
892 904 1
894 953 1
896 897 1
896 907 1
896 924 1
897 946 1
901 979 1
903 914 1
903 965 1
903 977 1
905 957 1
907 965 1
909 920 1
910 944 1
912 965 1
913 929 1
913 989 1
914 964 1
914 975 1
915 971 1
915 979 1
918 938 1
918 983 1
919 929 1
920 1000 1
922 982 1
923 980 1
924 939 1
924 948 1
927 966 1
928 966 1
928 972 1
929 974 1
929 986 1
929 999 1
930 991 1
933 991 1
936 978 1
940 952 1
941 955 1
942 970 1
947 961 1
948 989 1
948 992 1
951 995 1
958 992 1
960 964 1
960 990 1
961 965 1
961 969 1
964 981 1
964 986 1
967 994 1
968 1000 1
971 973 1
971 994 1
977 987 1
