1000 4974
1 85 1
1 88 1
1 201 1
1 238 1
1 372 1
1 433 1
1 873 1
1 917 1
1 970 1
2 66 1
2 73 1
2 101 1
2 235 1
2 319 1
2 414 1
2 622 1
2 687 1
2 836 1
3 103 1
3 123 1
3 137 1
3 170 1
3 229 1
3 445 1
3 467 1
3 539 1
3 737 1
3 790 1
3 969 1
3 987 1
4 24 1
4 100 1
4 319 1
4 358 1
4 594 1
4 741 1
4 757 1
4 856 1
4 915 1
4 959 1
5 143 1
5 255 1
5 463 1
5 631 1
5 756 1
6 124 1
6 248 1
6 409 1
6 533 1
6 572 1
6 591 1
6 600 1
6 646 1
6 686 1
6 753 1
6 787 1
7 115 1
7 160 1
7 186 1
7 360 1
7 366 1
7 510 1
7 535 1
7 572 1
7 646 1
7 659 1
7 702 1
7 793 1
8 116 1
8 149 1
8 420 1
8 437 1
8 545 1
8 795 1
8 806 1
9 226 1
9 236 1
9 530 1
9 614 1
9 620 1
9 630 1
9 633 1
9 801 1
9 825 1
10 26 1
10 215 1
10 504 1
10 556 1
10 592 1
10 713 1
10 719 1
10 724 1
10 927 1
11 31 1
11 46 1
11 208 1
11 352 1
11 390 1
11 527 1
11 614 1
11 616 1
11 725 1
11 947 1
12 186 1
12 439 1
12 523 1
12 755 1
12 964 1
13 31 1
13 337 1
13 388 1
13 447 1
13 573 1
13 716 1
13 745 1
13 782 1
14 31 1
14 203 1
14 207 1
14 271 1
14 638 1
15 207 1
15 402 1
15 442 1
15 510 1
15 544 1
15 573 1
15 678 1
15 720 1
15 816 1
15 866 1
15 953 1
16 45 1
16 63 1
16 164 1
16 349 1
16 397 1
16 525 1
16 533 1
16 690 1
16 693 1
16 701 1
16 812 1
16 897 1
16 987 1
17 125 1
17 143 1
17 164 1
17 219 1
17 597 1
17 622 1
17 761 1
17 798 1
17 799 1
17 976 1
17 997 1
18 132 1
18 673 1
18 838 1
19 85 1
19 152 1
19 293 1
19 538 1
19 668 1
19 782 1
19 828 1
19 839 1
19 864 1
19 867 1
19 892 1
19 942 1
20 27 1
20 95 1
20 238 1
20 643 1
20 707 1
20 934 1
21 97 1
21 161 1
21 173 1
21 343 1
21 375 1
21 426 1
21 440 1
21 450 1
21 654 1
21 665 1
21 725 1
21 735 1
21 857 1
21 891 1
21 963 1
22 98 1
22 143 1
22 157 1
22 189 1
22 224 1
22 264 1
22 422 1
22 426 1
22 801 1
22 889 1
22 974 1
22 984 1
23 51 1
23 110 1
23 341 1
23 621 1
23 671 1
23 819 1
23 845 1
23 884 1
23 914 1
24 61 1
24 141 1
24 182 1
24 201 1
24 203 1
24 253 1
24 289 1
24 376 1
24 593 1
24 722 1
24 778 1
24 802 1
24 890 1
24 892 1
24 903 1
25 108 1
25 159 1
25 168 1
25 302 1
25 354 1
25 359 1
25 544 1
25 597 1
25 635 1
25 642 1
25 657 1
25 862 1
25 876 1
25 914 1
25 975 1
26 175 1
26 246 1
26 333 1
26 356 1
26 458 1
26 563 1
26 631 1
26 721 1
26 789 1
26 890 1
27 231 1
27 250 1
27 260 1
27 466 1
27 580 1
27 825 1
27 834 1
27 964 1
27 987 1
28 134 1
28 225 1
28 238 1
28 291 1
28 547 1
28 650 1
29 83 1
29 137 1
29 144 1
29 203 1
29 247 1
29 812 1
29 918 1
30 53 1
30 61 1
30 248 1
30 256 1
30 322 1
30 487 1
30 674 1
30 693 1
30 730 1
30 769 1
30 933 1
31 125 1
31 184 1
31 305 1
31 395 1
31 537 1
31 587 1
31 775 1
31 856 1
31 892 1
31 896 1
31 945 1
31 982 1
32 36 1
32 66 1
32 109 1
32 138 1
32 161 1
32 176 1
32 268 1
32 348 1
32 422 1
32 614 1
32 724 1
32 798 1
32 842 1
32 852 1
32 951 1
33 161 1
33 247 1
33 360 1
33 432 1
33 542 1
33 746 1
33 752 1
33 805 1
34 72 1
34 226 1
34 514 1
34 527 1
34 749 1
34 832 1
34 841 1
34 996 1
35 145 1
35 413 1
35 426 1
35 461 1
35 840 1
35 956 1
35 961 1
36 71 1
36 118 1
36 367 1
36 419 1
36 447 1
36 495 1
36 538 1
36 668 1
36 702 1
36 923 1
37 122 1
37 160 1
37 495 1
37 551 1
37 635 1
37 686 1
37 787 1
37 914 1
38 378 1
38 454 1
38 456 1
38 551 1
38 635 1
38 662 1
38 670 1
38 755 1
38 818 1
39 159 1
39 223 1
39 282 1
39 315 1
39 452 1
39 453 1
39 636 1
39 646 1
39 752 1
39 777 1
39 827 1
39 948 1
40 267 1
40 479 1
40 533 1
40 649 1
40 661 1
40 713 1
40 730 1
40 857 1
40 941 1
40 961 1
40 996 1
41 119 1
41 120 1
41 190 1
41 315 1
41 438 1
41 528 1
41 539 1
41 583 1
41 631 1
41 819 1
41 821 1
41 939 1
42 77 1
42 257 1
42 434 1
42 454 1
42 580 1
42 652 1
42 751 1
42 840 1
42 887 1
42 918 1
43 183 1
43 303 1
43 553 1
43 567 1
43 804 1
43 834 1
43 908 1
44 54 1
44 84 1
44 296 1
44 442 1
44 568 1
44 650 1
44 706 1
44 770 1
44 783 1
44 843 1
44 898 1
44 964 1
45 163 1
45 379 1
45 408 1
45 488 1
45 703 1
45 755 1
45 873 1
45 882 1
46 127 1
46 210 1
46 229 1
46 430 1
46 585 1
46 587 1
46 866 1
46 950 1
47 118 1
47 158 1
47 235 1
47 242 1
47 257 1
47 317 1
47 461 1
47 563 1
47 639 1
47 642 1
47 701 1
47 725 1
47 746 1
47 821 1
47 916 1
48 440 1
48 593 1
48 735 1
48 743 1
48 932 1
49 259 1
49 477 1
49 533 1
49 538 1
49 632 1
49 753 1
49 758 1
49 777 1
49 870 1
49 892 1
49 982 1
50 135 1
50 245 1
50 328 1
50 422 1
50 553 1
50 840 1
50 865 1
50 953 1
51 400 1
51 486 1
51 491 1
51 575 1
51 618 1
51 729 1
51 763 1
51 908 1
51 994 1
52 102 1
52 286 1
52 536 1
52 587 1
52 683 1
52 790 1
52 860 1
52 917 1
52 921 1
52 995 1
53 135 1
53 214 1
53 327 1
53 331 1
53 425 1
53 427 1
53 726 1
53 962 1
54 126 1
54 131 1
54 263 1
54 363 1
54 392 1
54 608 1
54 613 1
54 660 1
54 696 1
54 889 1
54 961 1
55 536 1
55 547 1
55 761 1
55 782 1
56 116 1
56 163 1
56 432 1
56 503 1
56 780 1
56 898 1
56 949 1
57 359 1
57 411 1
57 556 1
57 622 1
57 775 1
57 882 1
58 304 1
58 321 1
58 366 1
58 411 1
58 496 1
58 510 1
58 584 1
58 586 1
58 893 1
58 935 1
58 942 1
58 977 1
59 72 1
59 110 1
59 165 1
59 171 1
59 294 1
59 348 1
59 360 1
59 587 1
59 624 1
59 688 1
59 774 1
60 411 1
60 464 1
60 465 1
60 499 1
60 721 1
60 730 1
61 154 1
61 221 1
61 567 1
61 742 1
61 983 1
62 135 1
62 183 1
62 363 1
62 401 1
62 405 1
62 452 1
62 595 1
62 785 1
62 872 1
63 74 1
63 158 1
63 288 1
63 314 1
63 352 1
63 456 1
63 534 1
63 635 1
63 700 1
63 840 1
63 923 1
63 989 1
64 78 1
64 82 1
64 578 1
64 817 1
64 831 1
65 108 1
65 172 1
65 238 1
65 244 1
65 371 1
65 418 1
65 478 1
65 615 1
65 693 1
65 697 1
65 768 1
65 875 1
66 104 1
66 171 1
66 183 1
66 233 1
66 474 1
66 535 1
66 632 1
66 668 1
66 780 1
66 832 1
66 841 1
67 76 1
67 138 1
67 446 1
67 468 1
67 478 1
67 581 1
67 601 1
67 806 1
67 962 1
67 987 1
68 228 1
68 379 1
68 935 1
69 99 1
69 242 1
69 410 1
69 527 1
69 610 1
69 647 1
70 147 1
70 176 1
70 250 1
70 525 1
70 581 1
70 702 1
70 741 1
70 808 1
70 814 1
70 831 1
71 293 1
71 311 1
71 337 1
71 443 1
71 459 1
71 753 1
71 798 1
71 955 1
72 177 1
72 204 1
72 226 1
72 319 1
72 359 1
72 425 1
72 470 1
72 646 1
72 657 1
72 660 1
72 771 1
72 828 1
72 865 1
72 873 1
73 225 1
73 408 1
73 472 1
73 528 1
73 583 1
73 639 1
73 648 1
73 699 1
73 746 1
73 786 1
73 966 1
73 978 1
74 127 1
74 133 1
74 279 1
74 376 1
74 403 1
74 453 1
74 469 1
74 504 1
74 769 1
74 855 1
74 918 1
75 110 1
75 201 1
75 204 1
75 381 1
75 444 1
75 930 1
76 158 1
76 159 1
76 253 1
76 395 1
76 406 1
76 509 1
76 545 1
76 679 1
76 763 1
76 800 1
76 822 1
76 870 1
76 916 1
77 357 1
77 521 1
77 551 1
77 826 1
77 965 1
78 118 1
78 283 1
78 303 1
78 343 1
78 351 1
78 363 1
78 403 1
78 428 1
78 438 1
78 481 1
78 740 1
79 120 1
79 152 1
79 464 1
79 503 1
79 520 1
79 563 1
79 579 1
79 714 1
79 735 1
79 851 1
79 992 1
80 98 1
80 121 1
80 128 1
80 137 1
80 188 1
80 344 1
80 368 1
80 389 1
80 411 1
80 694 1
80 979 1
81 173 1
81 201 1
81 223 1
81 339 1
81 369 1
81 536 1
81 746 1
81 808 1
81 880 1
82 150 1
82 182 1
82 308 1
82 548 1
82 581 1
82 621 1
82 623 1
82 653 1
82 727 1
82 729 1
82 735 1
82 741 1
82 758 1
82 797 1
82 897 1
83 148 1
83 318 1
83 755 1
83 918 1
83 930 1
84 98 1
84 353 1
84 363 1
84 381 1
84 515 1
84 548 1
84 623 1
84 669 1
84 698 1
84 933 1
85 103 1
85 445 1
85 474 1
85 477 1
85 917 1
85 970 1
86 242 1
86 340 1
86 536 1
86 755 1
86 772 1
86 983 1
87 158 1
87 238 1
87 368 1
87 573 1
87 692 1
87 793 1
87 913 1
87 948 1
88 108 1
88 115 1
88 129 1
88 266 1
88 277 1
88 307 1
88 393 1
88 494 1
88 603 1
88 727 1
88 774 1
88 780 1
88 788 1
88 807 1
89 105 1
89 282 1
89 328 1
89 464 1
89 641 1
89 706 1
89 783 1
89 834 1
89 904 1
89 905 1
89 955 1
90 152 1
90 444 1
90 461 1
90 656 1
90 849 1
90 906 1
91 207 1
91 258 1
91 356 1
91 584 1
91 614 1
91 627 1
91 730 1
91 762 1
91 851 1
91 889 1
91 932 1
92 437 1
92 590 1
92 604 1
92 656 1
93 121 1
93 231 1
93 252 1
93 320 1
93 331 1
93 378 1
93 405 1
93 518 1
93 653 1
93 762 1
94 181 1
94 186 1
94 226 1
94 280 1
94 392 1
94 399 1
94 453 1
94 689 1
94 727 1
94 855 1
94 890 1
94 891 1
94 892 1
94 917 1
94 942 1
94 987 1
95 330 1
95 393 1
95 403 1
95 467 1
95 563 1
95 616 1
95 655 1
95 845 1
96 215 1
96 272 1
96 323 1
96 448 1
96 455 1
96 694 1
96 716 1
96 821 1
96 848 1
96 988 1
97 240 1
97 278 1
97 384 1
97 581 1
97 595 1
97 836 1
97 839 1
97 972 1
97 981 1
98 283 1
98 375 1
98 497 1
98 556 1
98 632 1
98 681 1
98 740 1
98 796 1
98 812 1
98 840 1
99 148 1
99 307 1
99 357 1
99 414 1
99 638 1
99 640 1
99 717 1
99 734 1
99 770 1
99 878 1
99 951 1
100 545 1
100 566 1
100 712 1
100 746 1
100 811 1
100 878 1
100 888 1
101 174 1
101 307 1
101 468 1
101 496 1
101 618 1
101 867 1
101 927 1
102 257 1
102 289 1
102 469 1
102 817 1
102 843 1
102 858 1
102 869 1
102 920 1
102 925 1
103 153 1
103 207 1
103 222 1
103 226 1
103 235 1
103 741 1
103 776 1
103 785 1
103 794 1
103 886 1
103 907 1
104 107 1
104 196 1
104 222 1
104 515 1
104 720 1
104 860 1
104 990 1
105 203 1
105 213 1
105 300 1
105 480 1
105 666 1
105 814 1
105 867 1
105 973 1
105 997 1
106 191 1
106 238 1
106 272 1
106 424 1
106 438 1
106 491 1
106 761 1
106 805 1
106 809 1
106 837 1
106 857 1
106 928 1
106 995 1
107 110 1
107 270 1
107 291 1
107 317 1
107 365 1
107 521 1
107 593 1
107 646 1
107 659 1
107 765 1
107 782 1
107 796 1
108 127 1
108 130 1
108 152 1
108 160 1
108 183 1
108 189 1
108 280 1
108 386 1
108 425 1
108 434 1
108 463 1
108 563 1
108 571 1
108 842 1
108 847 1
108 868 1
108 885 1
108 962 1
109 145 1
109 324 1
109 482 1
109 578 1
109 803 1
109 830 1
109 935 1
110 123 1
110 173 1
110 189 1
110 212 1
110 241 1
110 272 1
110 316 1
110 335 1
110 407 1
110 410 1
110 424 1
110 433 1
110 792 1
110 799 1
110 803 1
110 873 1
110 907 1
111 235 1
111 709 1
112 191 1
112 438 1
112 503 1
112 626 1
112 651 1
112 792 1
112 831 1
112 916 1
112 967 1
112 979 1
113 144 1
113 214 1
113 261 1
113 275 1
113 378 1
113 425 1
113 431 1
113 524 1
113 745 1
113 793 1
113 830 1
113 842 1
113 936 1
113 940 1
113 989 1
114 182 1
114 257 1
114 289 1
114 408 1
114 577 1
114 673 1
114 716 1
114 816 1
114 974 1
115 185 1
115 335 1
115 577 1
115 579 1
115 672 1
115 674 1
115 747 1
115 812 1
115 891 1
115 925 1
116 151 1
116 154 1
116 156 1
116 198 1
116 218 1
116 380 1
116 539 1
116 679 1
116 682 1
116 814 1
116 844 1
117 463 1
117 483 1
117 775 1
117 817 1
118 122 1
118 178 1
118 276 1
118 387 1
118 451 1
118 538 1
118 553 1
118 717 1
118 751 1
118 912 1
118 983 1
118 996 1
119 297 1
119 556 1
119 869 1
119 903 1
119 998 1
120 143 1
120 157 1
120 191 1
120 251 1
120 538 1
120 615 1
120 666 1
121 250 1
121 348 1
121 422 1
121 450 1
121 517 1
121 521 1
121 826 1
121 972 1
122 181 1
122 199 1
122 216 1
122 272 1
122 378 1
122 396 1
122 462 1
122 540 1
122 567 1
122 610 1
122 715 1
122 812 1
123 199 1
123 367 1
123 403 1
123 444 1
123 479 1
123 644 1
123 773 1
123 786 1
123 961 1
123 991 1
124 250 1
124 287 1
124 470 1
124 597 1
124 633 1
125 153 1
125 284 1
125 302 1
125 343 1
125 411 1
125 423 1
125 542 1
125 652 1
126 208 1
126 336 1
126 422 1
126 541 1
126 552 1
126 606 1
126 920 1
127 170 1
127 182 1
127 184 1
127 193 1
127 278 1
127 424 1
127 543 1
127 598 1
127 675 1
127 807 1
127 872 1
127 935 1
128 132 1
128 404 1
128 433 1
128 495 1
128 513 1
128 751 1
128 899 1
128 977 1
129 161 1
129 465 1
129 780 1
129 931 1
130 159 1
130 196 1
130 206 1
130 309 1
130 350 1
130 523 1
130 602 1
130 613 1
130 805 1
131 260 1
131 350 1
131 587 1
131 612 1
131 815 1
131 866 1
131 929 1
131 961 1
132 172 1
132 262 1
132 266 1
132 299 1
132 343 1
132 391 1
132 479 1
132 499 1
132 652 1
132 682 1
132 795 1
132 882 1
132 883 1
132 910 1
133 191 1
133 271 1
133 360 1
133 514 1
133 587 1
133 682 1
133 739 1
133 748 1
134 148 1
134 295 1
134 500 1
134 506 1
134 720 1
134 751 1
134 839 1
135 367 1
135 375 1
135 423 1
135 917 1
135 965 1
136 218 1
136 250 1
136 257 1
136 289 1
136 474 1
136 548 1
136 664 1
136 782 1
136 861 1
137 168 1
137 171 1
137 234 1
137 552 1
137 629 1
137 800 1
137 983 1
138 292 1
138 435 1
138 520 1
138 640 1
138 665 1
138 831 1
138 875 1
138 894 1
139 166 1
139 167 1
139 202 1
139 227 1
139 242 1
139 321 1
139 403 1
139 721 1
139 834 1
139 877 1
139 898 1
139 963 1
139 966 1
140 233 1
140 319 1
140 344 1
140 458 1
140 567 1
140 614 1
140 639 1
140 648 1
140 745 1
140 778 1
140 827 1
140 868 1
141 156 1
141 175 1
141 248 1
141 267 1
141 304 1
141 358 1
141 946 1
142 291 1
142 396 1
142 401 1
142 522 1
142 584 1
142 617 1
142 738 1
142 803 1
143 234 1
143 497 1
143 666 1
143 732 1
143 875 1
143 895 1
144 167 1
144 272 1
144 423 1
144 487 1
144 503 1
144 594 1
144 710 1
144 824 1
144 930 1
145 173 1
145 314 1
145 378 1
145 424 1
145 426 1
145 523 1
145 615 1
145 871 1
145 903 1
146 158 1
146 315 1
146 334 1
146 418 1
146 551 1
146 553 1
146 686 1
146 805 1
146 807 1
146 827 1
146 853 1
147 250 1
147 347 1
147 353 1
147 363 1
147 626 1
147 637 1
147 899 1
148 163 1
148 268 1
148 281 1
148 290 1
148 325 1
148 347 1
148 368 1
148 484 1
148 580 1
148 595 1
148 741 1
148 838 1
148 989 1
149 253 1
149 276 1
149 307 1
149 670 1
149 727 1
149 733 1
149 740 1
150 309 1
150 316 1
150 370 1
150 454 1
150 568 1
150 574 1
150 624 1
150 635 1
150 760 1
150 789 1
151 254 1
151 333 1
151 469 1
151 612 1
151 689 1
151 710 1
151 761 1
151 784 1
151 965 1
151 997 1
152 159 1
152 214 1
152 439 1
152 565 1
152 729 1
152 964 1
153 539 1
153 738 1
153 742 1
153 891 1
153 967 1
154 255 1
154 261 1
154 324 1
154 384 1
154 474 1
154 482 1
154 518 1
154 531 1
154 581 1
154 636 1
154 639 1
154 715 1
154 716 1
154 825 1
154 990 1
155 226 1
155 234 1
155 292 1
155 321 1
155 350 1
155 659 1
155 893 1
155 894 1
155 923 1
155 969 1
156 187 1
156 236 1
156 250 1
156 284 1
156 365 1
156 454 1
156 508 1
156 777 1
156 817 1
156 818 1
156 978 1
156 989 1
157 253 1
157 266 1
157 461 1
157 570 1
157 611 1
157 693 1
157 695 1
157 757 1
158 181 1
158 192 1
158 475 1
158 512 1
158 529 1
158 530 1
158 622 1
158 888 1
159 220 1
159 287 1
159 320 1
159 460 1
159 498 1
159 625 1
159 643 1
159 830 1
160 208 1
160 266 1
160 419 1
160 524 1
160 657 1
160 682 1
160 692 1
160 716 1
160 831 1
160 877 1
160 916 1
160 926 1
161 342 1
161 402 1
161 556 1
161 668 1
161 711 1
161 764 1
161 813 1
161 867 1
161 982 1
162 375 1
162 495 1
162 673 1
162 847 1
162 849 1
163 218 1
163 260 1
163 265 1
163 271 1
163 355 1
163 414 1
163 448 1
163 580 1
163 642 1
163 751 1
163 775 1
163 875 1
163 961 1
164 190 1
164 228 1
164 235 1
164 417 1
164 419 1
164 465 1
164 478 1
164 537 1
164 603 1
164 655 1
164 873 1
164 883 1
165 272 1
165 277 1
165 368 1
165 538 1
165 576 1
165 617 1
165 768 1
165 826 1
165 877 1
165 915 1
166 497 1
166 522 1
166 556 1
166 893 1
166 975 1
167 443 1
167 473 1
167 544 1
167 667 1
167 668 1
167 762 1
167 896 1
168 173 1
168 260 1
168 479 1
168 519 1
168 568 1
168 572 1
168 794 1
168 936 1
168 941 1
169 562 1
169 669 1
169 848 1
169 860 1
169 931 1
170 360 1
170 419 1
170 888 1
170 950 1
171 248 1
171 254 1
171 307 1
171 363 1
171 606 1
171 624 1
171 636 1
171 660 1
171 700 1
171 845 1
171 874 1
172 246 1
172 595 1
172 617 1
172 755 1
172 810 1
173 195 1
173 239 1
173 243 1
173 303 1
173 304 1
173 321 1
173 351 1
173 419 1
173 459 1
173 510 1
173 553 1
173 744 1
173 882 1
173 887 1
174 183 1
174 297 1
174 371 1
174 424 1
174 462 1
174 466 1
174 616 1
174 630 1
174 650 1
174 756 1
174 870 1
174 894 1
174 904 1
175 442 1
175 505 1
175 589 1
175 623 1
175 714 1
175 920 1
175 923 1
175 972 1
175 978 1
176 192 1
176 211 1
176 319 1
176 446 1
176 453 1
176 523 1
176 644 1
176 708 1
176 949 1
177 183 1
177 206 1
177 254 1
177 315 1
177 371 1
177 425 1
177 477 1
177 814 1
177 867 1
177 899 1
177 943 1
178 356 1
178 358 1
178 368 1
178 370 1
178 385 1
178 562 1
178 602 1
178 638 1
178 793 1
178 807 1
178 847 1
178 921 1
178 974 1
179 563 1
179 624 1
179 636 1
179 749 1
180 250 1
180 335 1
180 394 1
180 457 1
180 534 1
180 578 1
180 680 1
180 741 1
180 972 1
181 346 1
181 504 1
181 582 1
181 619 1
181 772 1
181 856 1
182 226 1
182 450 1
182 562 1
182 565 1
182 576 1
182 673 1
182 701 1
182 818 1
182 844 1
182 856 1
182 871 1
183 417 1
183 622 1
183 719 1
183 749 1
183 913 1
184 199 1
184 382 1
184 700 1
184 793 1
184 865 1
185 219 1
185 304 1
185 452 1
185 652 1
185 888 1
185 900 1
186 378 1
186 393 1
186 503 1
186 527 1
186 565 1
186 637 1
186 640 1
186 668 1
186 806 1
186 890 1
186 902 1
187 360 1
187 381 1
187 390 1
187 465 1
187 514 1
187 798 1
187 918 1
188 208 1
188 227 1
188 251 1
188 266 1
188 317 1
188 347 1
188 477 1
188 500 1
188 511 1
188 670 1
188 675 1
188 782 1
189 211 1
189 242 1
189 363 1
189 525 1
189 777 1
189 884 1
189 985 1
190 199 1
190 217 1
190 361 1
190 387 1
190 418 1
190 427 1
190 431 1
190 475 1
190 531 1
190 658 1
190 736 1
190 760 1
190 929 1
190 984 1
191 233 1
191 267 1
191 285 1
191 289 1
191 315 1
191 334 1
191 369 1
191 408 1
191 414 1
191 494 1
191 777 1
191 779 1
191 787 1
191 808 1
191 862 1
191 913 1
191 927 1
192 230 1
192 316 1
192 465 1
192 479 1
192 564 1
192 743 1
192 804 1
193 376 1
194 403 1
194 437 1
194 493 1
194 503 1
194 533 1
194 856 1
194 861 1
194 929 1
194 936 1
195 440 1
195 458 1
195 477 1
195 498 1
195 530 1
195 640 1
195 703 1
195 780 1
195 781 1
195 798 1
195 968 1
196 283 1
196 456 1
196 532 1
196 784 1
196 919 1
196 945 1
197 263 1
197 305 1
197 573 1
197 844 1
197 908 1
197 928 1
198 232 1
198 419 1
198 502 1
198 577 1
198 664 1
199 535 1
199 759 1
199 813 1
200 208 1
200 363 1
200 374 1
200 530 1
200 589 1
200 662 1
200 748 1
201 220 1
201 291 1
201 383 1
201 419 1
201 446 1
201 570 1
201 605 1
201 651 1
201 733 1
201 754 1
201 777 1
201 793 1
201 836 1
201 917 1
202 240 1
202 383 1
202 469 1
202 483 1
202 695 1
202 753 1
202 868 1
202 979 1
202 997 1
203 430 1
203 491 1
203 504 1
203 640 1
203 673 1
203 758 1
203 872 1
203 903 1
204 260 1
204 589 1
204 667 1
204 683 1
204 727 1
204 770 1
204 825 1
204 839 1
204 874 1
205 279 1
205 324 1
205 451 1
205 454 1
205 755 1
205 926 1
205 991 1
206 344 1
206 422 1
206 433 1
206 448 1
206 476 1
206 511 1
206 535 1
206 591 1
206 606 1
206 633 1
206 704 1
206 715 1
206 792 1
206 800 1
206 884 1
207 400 1
207 432 1
207 449 1
207 459 1
207 554 1
207 579 1
207 758 1
207 834 1
207 886 1
207 956 1
208 276 1
208 322 1
208 460 1
208 602 1
208 630 1
208 680 1
208 689 1
208 847 1
208 933 1
209 224 1
209 285 1
209 535 1
209 753 1
209 826 1
210 264 1
210 319 1
210 363 1
210 368 1
210 520 1
210 830 1
210 971 1
211 229 1
211 261 1
211 302 1
211 553 1
211 573 1
211 675 1
211 758 1
211 777 1
211 845 1
211 941 1
212 247 1
212 252 1
212 289 1
212 351 1
212 355 1
212 478 1
212 479 1
212 496 1
212 614 1
212 688 1
212 709 1
212 734 1
213 225 1
213 275 1
213 471 1
213 652 1
213 918 1
213 961 1
214 238 1
214 262 1
214 263 1
214 297 1
214 624 1
214 707 1
214 761 1
214 828 1
214 940 1
215 398 1
215 444 1
215 566 1
215 704 1
215 717 1
215 767 1
216 232 1
216 290 1
216 327 1
216 456 1
216 631 1
216 735 1
216 765 1
216 924 1
216 961 1
217 235 1
217 271 1
217 291 1
217 314 1
217 318 1
217 334 1
217 366 1
217 394 1
217 520 1
217 633 1
217 639 1
217 761 1
218 437 1
218 454 1
218 803 1
218 832 1
218 924 1
218 956 1
218 982 1
219 266 1
219 625 1
219 711 1
219 933 1
220 550 1
220 664 1
220 730 1
220 767 1
220 780 1
220 821 1
221 310 1
221 365 1
221 566 1
221 721 1
221 843 1
221 897 1
222 261 1
222 407 1
222 427 1
222 438 1
222 515 1
222 540 1
222 697 1
222 762 1
222 910 1
223 255 1
223 283 1
223 436 1
223 473 1
223 580 1
223 737 1
223 944 1
223 966 1
223 995 1
224 270 1
224 647 1
224 760 1
224 803 1
225 282 1
225 365 1
225 438 1
225 662 1
225 809 1
225 907 1
225 997 1
226 471 1
226 521 1
226 595 1
226 669 1
226 746 1
226 780 1
226 781 1
226 794 1
226 860 1
226 895 1
226 993 1
227 401 1
227 405 1
227 495 1
227 560 1
227 670 1
227 766 1
227 944 1
228 311 1
228 508 1
228 561 1
228 567 1
228 688 1
228 773 1
228 777 1
228 935 1
229 284 1
229 313 1
229 650 1
229 688 1
229 696 1
229 745 1
229 803 1
229 927 1
229 967 1
230 330 1
230 359 1
230 565 1
230 591 1
230 596 1
230 839 1
230 898 1
231 294 1
231 554 1
231 643 1
231 765 1
231 943 1
232 246 1
232 308 1
232 399 1
232 432 1
232 476 1
232 580 1
232 589 1
232 821 1
232 902 1
233 238 1
233 393 1
233 556 1
233 642 1
233 748 1
233 953 1
234 274 1
234 282 1
234 347 1
234 393 1
234 522 1
234 608 1
234 661 1
234 738 1
234 861 1
235 267 1
235 307 1
235 399 1
235 519 1
235 703 1
235 722 1
235 724 1
235 781 1
235 873 1
235 904 1
235 906 1
236 383 1
236 470 1
236 477 1
236 531 1
236 541 1
236 553 1
236 801 1
237 554 1
237 587 1
237 611 1
237 727 1
238 420 1
238 677 1
238 706 1
238 880 1
239 285 1
239 383 1
239 447 1
239 463 1
239 505 1
239 713 1
239 979 1
240 375 1
240 441 1
240 451 1
240 459 1
240 477 1
240 505 1
240 540 1
240 543 1
240 625 1
240 630 1
240 659 1
240 798 1
240 859 1
240 909 1
241 348 1
241 477 1
241 680 1
241 753 1
241 791 1
242 287 1
242 622 1
242 707 1
242 978 1
243 345 1
243 349 1
243 497 1
243 646 1
243 649 1
243 707 1
243 894 1
243 897 1
243 912 1
244 405 1
244 483 1
244 521 1
244 776 1
244 816 1
244 917 1
244 918 1
244 919 1
244 948 1
244 992 1
245 282 1
245 298 1
245 330 1
245 396 1
245 524 1
245 541 1
245 555 1
245 569 1
245 581 1
245 738 1
245 895 1
246 273 1
246 299 1
246 362 1
246 473 1
246 540 1
246 561 1
246 711 1
246 773 1
246 820 1
246 846 1
247 280 1
247 281 1
247 295 1
247 479 1
247 653 1
247 694 1
247 703 1
247 733 1
247 799 1
247 956 1
248 453 1
248 639 1
248 745 1
248 771 1
248 776 1
248 888 1
248 896 1
248 899 1
248 901 1
248 911 1
248 914 1
249 313 1
249 444 1
249 495 1
249 646 1
249 743 1
249 790 1
249 912 1
249 933 1
250 270 1
250 359 1
250 367 1
250 403 1
250 465 1
250 509 1
250 610 1
250 631 1
250 741 1
250 899 1
250 906 1
250 992 1
251 273 1
251 369 1
251 374 1
251 408 1
251 438 1
251 487 1
251 576 1
251 577 1
251 648 1
251 670 1
251 768 1
251 776 1
251 885 1
252 353 1
252 507 1
252 514 1
252 635 1
252 682 1
252 695 1
252 727 1
252 736 1
252 749 1
252 881 1
253 257 1
253 441 1
253 648 1
253 705 1
253 708 1
253 722 1
253 804 1
253 903 1
253 910 1
253 972 1
254 279 1
254 432 1
254 448 1
254 508 1
254 579 1
254 634 1
254 688 1
254 696 1
254 766 1
254 779 1
255 370 1
255 408 1
255 551 1
256 320 1
256 435 1
256 628 1
256 775 1
256 781 1
256 785 1
256 876 1
256 953 1
257 314 1
257 476 1
257 593 1
257 614 1
257 632 1
257 673 1
257 682 1
257 769 1
257 863 1
257 898 1
258 482 1
258 694 1
258 721 1
258 764 1
258 845 1
258 901 1
259 291 1
259 321 1
259 532 1
259 615 1
259 668 1
259 823 1
259 947 1
259 981 1
259 993 1
260 294 1
260 435 1
260 477 1
260 525 1
260 723 1
261 310 1
261 392 1
261 422 1
261 654 1
261 666 1
261 777 1
262 336 1
262 345 1
262 427 1
262 461 1
262 626 1
262 640 1
262 819 1
262 963 1
263 299 1
263 403 1
263 476 1
263 483 1
263 562 1
263 660 1
263 793 1
263 958 1
264 314 1
264 342 1
264 345 1
264 410 1
264 443 1
264 502 1
264 512 1
264 588 1
264 673 1
264 920 1
265 447 1
265 480 1
265 601 1
265 765 1
265 810 1
265 834 1
265 844 1
265 981 1
266 406 1
266 428 1
266 446 1
266 518 1
266 550 1
266 579 1
266 741 1
266 760 1
266 928 1
267 446 1
267 483 1
267 527 1
267 827 1
267 841 1
267 987 1
268 277 1
268 455 1
268 657 1
268 669 1
268 758 1
268 900 1
268 916 1
268 935 1
268 939 1
269 378 1
269 864 1
270 280 1
270 412 1
270 432 1
270 494 1
271 329 1
271 393 1
271 451 1
271 550 1
271 679 1
271 691 1
271 857 1
271 871 1
271 901 1
271 924 1
271 984 1
272 297 1
272 327 1
272 383 1
272 395 1
272 411 1
272 426 1
272 536 1
272 683 1
272 700 1
272 721 1
272 974 1
273 385 1
273 399 1
273 565 1
273 645 1
273 647 1
273 671 1
273 787 1
273 806 1
274 282 1
274 304 1
274 757 1
274 760 1
274 782 1
274 953 1
275 303 1
275 526 1
275 644 1
275 739 1
275 780 1
275 989 1
275 990 1
276 308 1
276 508 1
276 639 1
276 778 1
276 963 1
277 719 1
277 732 1
277 931 1
277 969 1
278 292 1
278 415 1
278 445 1
278 521 1
278 671 1
278 858 1
278 901 1
279 303 1
279 316 1
279 499 1
279 681 1
279 782 1
280 522 1
280 531 1
280 752 1
280 771 1
280 785 1
280 906 1
280 913 1
281 295 1
281 417 1
281 446 1
281 451 1
281 460 1
281 467 1
281 495 1
281 660 1
281 823 1
282 326 1
282 476 1
282 925 1
283 287 1
283 308 1
283 461 1
283 627 1
283 694 1
283 715 1
283 730 1
283 774 1
283 903 1
284 399 1
284 404 1
284 473 1
284 537 1
284 558 1
284 593 1
284 717 1
284 881 1
284 959 1
285 322 1
285 463 1
285 565 1
285 582 1
285 597 1
285 766 1
285 828 1
285 855 1
285 881 1
285 919 1
285 976 1
286 732 1
286 840 1
286 849 1
286 971 1
287 474 1
287 576 1
287 660 1
287 779 1
287 880 1
287 952 1
288 308 1
288 320 1
289 336 1
289 343 1
289 366 1
289 689 1
289 844 1
290 379 1
290 472 1
290 521 1
290 608 1
290 770 1
290 908 1
291 316 1
291 327 1
291 391 1
291 727 1
291 995 1
292 313 1
292 485 1
292 647 1
292 663 1
292 727 1
292 840 1
292 843 1
292 862 1
292 890 1
293 475 1
293 665 1
293 828 1
294 306 1
294 311 1
294 412 1
294 508 1
294 515 1
294 560 1
294 683 1
294 743 1
294 778 1
294 789 1
294 817 1
294 849 1
294 871 1
294 897 1
294 985 1
295 364 1
295 413 1
295 437 1
295 650 1
295 683 1
295 688 1
295 769 1
295 931 1
295 950 1
296 305 1
296 328 1
296 357 1
296 437 1
296 608 1
296 852 1
297 355 1
297 382 1
297 424 1
297 508 1
297 511 1
297 862 1
297 896 1
297 985 1
298 544 1
298 654 1
298 803 1
298 935 1
298 993 1
299 382 1
299 577 1
299 658 1
299 687 1
299 752 1
299 758 1
299 777 1
299 793 1
299 977 1
300 341 1
300 470 1
300 535 1
300 592 1
300 962 1
301 338 1
301 378 1
301 724 1
301 747 1
301 917 1
301 974 1
302 425 1
302 445 1
302 546 1
302 707 1
302 744 1
302 864 1
303 332 1
303 355 1
303 642 1
303 862 1
303 940 1
303 958 1
303 979 1
304 443 1
304 568 1
304 752 1
304 773 1
304 869 1
304 871 1
304 987 1
305 628 1
305 702 1
305 721 1
305 827 1
305 868 1
306 313 1
306 474 1
306 584 1
306 591 1
306 602 1
306 693 1
306 710 1
306 755 1
306 822 1
306 825 1
306 904 1
306 964 1
306 966 1
307 484 1
307 818 1
307 837 1
307 880 1
307 905 1
307 928 1
308 620 1
308 907 1
309 353 1
309 360 1
309 408 1
309 502 1
309 551 1
309 731 1
309 771 1
309 820 1
309 865 1
310 430 1
310 449 1
310 680 1
310 791 1
310 894 1
310 963 1
311 317 1
311 445 1
311 538 1
311 715 1
311 796 1
312 373 1
312 385 1
312 446 1
312 689 1
312 695 1
312 730 1
312 782 1
312 808 1
313 399 1
313 502 1
313 504 1
313 523 1
313 684 1
313 839 1
313 855 1
313 939 1
314 359 1
314 436 1
314 482 1
314 555 1
314 785 1
314 921 1
315 323 1
315 663 1
315 925 1
315 958 1
315 970 1
316 487 1
316 539 1
316 561 1
316 658 1
316 697 1
316 883 1
316 907 1
317 776 1
318 807 1
318 849 1
318 911 1
319 322 1
319 532 1
319 571 1
319 588 1
319 693 1
319 734 1
319 851 1
319 916 1
320 326 1
320 490 1
320 515 1
320 601 1
320 617 1
320 847 1
321 350 1
321 358 1
321 422 1
321 428 1
321 459 1
321 501 1
321 530 1
321 634 1
321 646 1
321 801 1
321 850 1
321 920 1
321 936 1
322 456 1
322 796 1
322 851 1
322 942 1
323 384 1
323 437 1
323 514 1
323 676 1
323 799 1
324 356 1
324 430 1
324 474 1
324 510 1
324 672 1
324 695 1
324 784 1
324 790 1
324 945 1
324 961 1
325 398 1
325 424 1
325 802 1
326 592 1
326 619 1
326 697 1
326 705 1
326 841 1
327 527 1
327 677 1
327 915 1
328 670 1
328 727 1
328 904 1
328 933 1
329 360 1
329 438 1
329 457 1
329 488 1
329 518 1
330 363 1
330 408 1
330 416 1
330 449 1
330 655 1
330 793 1
330 972 1
331 533 1
331 790 1
331 997 1
332 349 1
332 384 1
332 554 1
332 612 1
332 649 1
332 764 1
332 788 1
332 984 1
332 998 1
333 349 1
333 370 1
333 378 1
333 588 1
333 600 1
333 895 1
333 902 1
334 449 1
334 575 1
334 616 1
334 660 1
334 856 1
334 909 1
335 340 1
335 626 1
335 712 1
336 761 1
336 785 1
336 834 1
336 863 1
337 339 1
337 377 1
337 653 1
337 675 1
337 681 1
337 733 1
337 992 1
338 355 1
338 457 1
338 607 1
338 639 1
338 801 1
338 808 1
338 845 1
338 857 1
339 547 1
339 842 1
339 903 1
339 933 1
340 521 1
340 536 1
340 661 1
340 827 1
340 970 1
341 517 1
341 578 1
341 727 1
341 900 1
341 996 1
342 545 1
342 560 1
342 636 1
342 695 1
342 782 1
342 861 1
342 926 1
342 938 1
343 385 1
343 414 1
343 688 1
343 994 1
344 345 1
344 470 1
344 517 1
344 628 1
344 644 1
344 835 1
345 408 1
345 630 1
345 649 1
345 653 1
345 672 1
345 682 1
345 756 1
345 775 1
345 841 1
345 859 1
345 889 1
345 948 1
345 959 1
345 982 1
346 377 1
346 404 1
346 426 1
346 442 1
346 547 1
346 645 1
346 708 1
347 411 1
347 553 1
347 629 1
347 641 1
347 704 1
348 392 1
348 411 1
348 505 1
348 565 1
348 625 1
348 632 1
348 653 1
348 733 1
348 871 1
348 964 1
349 490 1
349 564 1
349 575 1
349 622 1
349 714 1
349 791 1
349 883 1
350 482 1
350 502 1
350 510 1
350 530 1
350 728 1
350 754 1
350 982 1
351 388 1
351 684 1
351 997 1
352 431 1
352 449 1
352 558 1
352 694 1
352 862 1
352 889 1
353 357 1
353 539 1
353 588 1
353 687 1
353 754 1
353 896 1
354 538 1
354 576 1
354 631 1
354 826 1
354 877 1
355 411 1
355 413 1
355 468 1
355 508 1
355 642 1
355 644 1
355 699 1
355 796 1
355 852 1
355 898 1
355 985 1
356 455 1
356 538 1
356 709 1
356 931 1
356 943 1
356 963 1
357 642 1
357 666 1
357 694 1
357 696 1
357 763 1
358 796 1
358 859 1
358 968 1
359 365 1
359 530 1
359 539 1
359 573 1
359 636 1
359 675 1
359 701 1
359 732 1
359 815 1
359 883 1
360 382 1
360 401 1
360 514 1
360 660 1
360 758 1
361 408 1
361 639 1
361 904 1
362 398 1
362 428 1
362 439 1
362 457 1
362 488 1
362 555 1
362 636 1
362 657 1
362 823 1
362 855 1
363 366 1
363 526 1
363 671 1
363 813 1
364 463 1
364 557 1
364 559 1
364 669 1
364 679 1
364 820 1
364 869 1
365 453 1
365 640 1
365 934 1
366 367 1
366 385 1
366 527 1
366 567 1
366 743 1
367 370 1
367 395 1
367 513 1
367 525 1
367 765 1
367 879 1
367 950 1
368 410 1
368 484 1
368 523 1
368 543 1
368 619 1
368 790 1
368 878 1
368 986 1
369 406 1
369 412 1
369 463 1
369 522 1
369 587 1
369 894 1
369 907 1
369 958 1
369 997 1
370 424 1
370 436 1
370 626 1
370 661 1
370 662 1
370 681 1
370 859 1
370 875 1
371 393 1
371 622 1
371 678 1
372 444 1
372 502 1
372 510 1
372 906 1
373 580 1
373 684 1
373 698 1
374 478 1
374 522 1
374 969 1
375 679 1
375 724 1
375 933 1
375 938 1
375 970 1
376 409 1
376 433 1
376 496 1
376 538 1
376 558 1
376 858 1
376 886 1
376 966 1
377 388 1
377 670 1
377 727 1
377 758 1
377 765 1
377 804 1
377 877 1
377 928 1
377 939 1
378 549 1
378 605 1
378 875 1
378 910 1
378 932 1
379 393 1
379 415 1
379 435 1
379 503 1
379 509 1
379 521 1
379 555 1
379 762 1
380 440 1
380 512 1
380 629 1
380 757 1
380 760 1
380 896 1
380 962 1
381 389 1
381 404 1
381 525 1
381 883 1
382 407 1
382 526 1
382 559 1
382 704 1
382 773 1
383 535 1
383 710 1
383 840 1
384 560 1
384 648 1
384 736 1
384 825 1
384 890 1
384 948 1
385 452 1
385 553 1
385 685 1
385 756 1
385 835 1
385 874 1
385 916 1
385 941 1
386 487 1
386 524 1
386 621 1
386 713 1
386 781 1
386 929 1
387 407 1
387 594 1
387 710 1
387 801 1
387 926 1
388 558 1
388 1000 1
389 449 1
389 547 1
389 627 1
389 841 1
389 853 1
389 888 1
390 432 1
390 479 1
390 507 1
390 660 1
390 691 1
390 694 1
390 723 1
390 759 1
390 793 1
390 868 1
390 883 1
390 974 1
390 982 1
391 503 1
391 556 1
391 570 1
391 612 1
391 704 1
392 406 1
392 444 1
392 477 1
392 516 1
392 847 1
392 949 1
392 971 1
393 471 1
393 649 1
393 744 1
393 939 1
393 940 1
394 416 1
394 495 1
394 512 1
395 405 1
395 593 1
395 824 1
395 838 1
395 843 1
396 555 1
396 662 1
396 665 1
396 696 1
396 738 1
396 979 1
397 504 1
397 573 1
397 616 1
397 619 1
397 636 1
397 659 1
397 962 1
398 560 1
398 589 1
398 797 1
398 889 1
398 960 1
399 506 1
399 716 1
399 893 1
400 500 1
400 523 1
400 609 1
400 677 1
400 957 1
400 975 1
401 665 1
401 837 1
402 634 1
402 709 1
402 942 1
402 943 1
403 448 1
403 539 1
403 737 1
403 847 1
403 1000 1
404 463 1
404 554 1
404 649 1
404 784 1
404 900 1
404 936 1
405 424 1
405 680 1
405 681 1
405 718 1
405 785 1
405 805 1
406 412 1
406 555 1
406 691 1
406 871 1
406 941 1
407 507 1
407 647 1
407 890 1
407 921 1
408 601 1
408 716 1
408 765 1
408 956 1
409 410 1
409 427 1
409 644 1
409 717 1
409 838 1
409 856 1
409 923 1
409 927 1
410 473 1
410 479 1
410 484 1
410 490 1
410 634 1
410 651 1
410 715 1
410 773 1
410 905 1
411 437 1
411 527 1
411 557 1
411 617 1
411 838 1
411 918 1
412 739 1
412 766 1
412 829 1
412 904 1
412 946 1
413 623 1
413 641 1
413 799 1
413 837 1
413 876 1
414 581 1
414 722 1
414 760 1
414 855 1
414 876 1
415 475 1
415 496 1
415 553 1
415 888 1
415 922 1
415 994 1
416 420 1
416 440 1
416 717 1
416 844 1
416 890 1
416 950 1
417 598 1
417 712 1
417 725 1
417 783 1
417 900 1
418 500 1
418 778 1
418 840 1
418 862 1
418 998 1
419 716 1
419 789 1
419 949 1
419 981 1
420 595 1
420 702 1
420 748 1
420 789 1
420 855 1
420 858 1
420 895 1
420 981 1
421 457 1
421 531 1
421 719 1
421 753 1
421 761 1
421 991 1
422 491 1
422 521 1
422 529 1
422 555 1
422 732 1
422 734 1
422 787 1
422 850 1
422 895 1
422 952 1
423 652 1
423 759 1
423 778 1
423 803 1
423 820 1
424 468 1
424 494 1
424 596 1
424 627 1
424 654 1
424 658 1
424 700 1
424 713 1
424 984 1
425 463 1
425 482 1
425 518 1
425 551 1
425 613 1
425 750 1
425 890 1
425 908 1
425 973 1
425 974 1
426 501 1
426 536 1
426 562 1
426 713 1
426 764 1
426 916 1
426 932 1
427 462 1
427 510 1
427 520 1
427 663 1
427 820 1
427 837 1
428 452 1
428 478 1
428 586 1
428 651 1
428 743 1
428 883 1
429 657 1
429 681 1
429 774 1
429 857 1
429 947 1
430 509 1
430 539 1
430 577 1
430 761 1
430 786 1
430 911 1
430 962 1
430 964 1
431 437 1
431 439 1
431 485 1
431 499 1
431 537 1
431 656 1
431 669 1
431 707 1
431 728 1
431 746 1
431 829 1
431 971 1
432 493 1
432 525 1
432 535 1
432 538 1
432 593 1
432 642 1
432 927 1
433 500 1
433 718 1
433 757 1
433 900 1
434 675 1
434 682 1
434 935 1
434 951 1
434 968 1
435 507 1
435 511 1
435 542 1
435 633 1
435 694 1
435 711 1
435 848 1
435 945 1
435 988 1
436 465 1
436 477 1
436 539 1
436 597 1
436 828 1
436 849 1
437 567 1
437 935 1
437 940 1
437 948 1
438 732 1
438 820 1
438 859 1
438 921 1
438 967 1
439 611 1
439 616 1
439 741 1
439 763 1
439 878 1
439 880 1
439 885 1
439 960 1
439 961 1
440 491 1
440 896 1
441 807 1
441 871 1
442 534 1
442 694 1
442 723 1
442 743 1
442 779 1
443 749 1
444 453 1
444 513 1
444 594 1
444 645 1
444 809 1
445 447 1
445 527 1
445 528 1
445 546 1
445 554 1
445 712 1
445 779 1
445 883 1
445 909 1
446 484 1
446 654 1
447 451 1
447 509 1
447 727 1
447 777 1
447 802 1
447 989 1
448 818 1
448 833 1
448 893 1
448 895 1
448 913 1
448 957 1
448 987 1
449 465 1
449 485 1
449 745 1
449 867 1
449 869 1
449 920 1
449 995 1
450 568 1
450 720 1
450 786 1
451 534 1
451 632 1
451 923 1
451 948 1
452 531 1
452 534 1
452 610 1
452 648 1
452 736 1
452 753 1
452 757 1
452 804 1
452 834 1
452 845 1
452 884 1
452 986 1
453 503 1
453 756 1
453 901 1
453 924 1
454 516 1
454 524 1
454 563 1
454 592 1
454 659 1
454 938 1
455 641 1
455 842 1
455 938 1
455 960 1
456 461 1
456 557 1
456 710 1
456 712 1
456 782 1
456 786 1
456 825 1
456 905 1
456 964 1
457 475 1
457 558 1
457 572 1
457 603 1
457 613 1
457 710 1
457 977 1
458 577 1
458 691 1
458 707 1
458 757 1
458 772 1
459 544 1
459 573 1
459 607 1
459 652 1
459 656 1
459 707 1
459 896 1
460 531 1
460 545 1
460 630 1
460 819 1
460 996 1
461 648 1
461 663 1
461 788 1
461 843 1
461 926 1
461 985 1
461 991 1
462 619 1
462 730 1
462 847 1
463 471 1
463 590 1
463 648 1
464 685 1
464 858 1
464 870 1
464 892 1
464 926 1
464 941 1
465 491 1
465 726 1
465 757 1
465 855 1
465 931 1
466 677 1
466 782 1
466 874 1
466 894 1
466 915 1
466 940 1
466 999 1
467 602 1
467 775 1
467 882 1
467 921 1
468 720 1
468 812 1
468 868 1
469 582 1
469 660 1
469 742 1
469 856 1
470 488 1
470 733 1
471 505 1
471 546 1
471 561 1
471 584 1
471 598 1
471 731 1
471 778 1
471 952 1
472 527 1
472 593 1
472 687 1
472 711 1
472 746 1
472 777 1
472 795 1
472 996 1
473 576 1
473 601 1
473 642 1
473 792 1
473 870 1
473 896 1
474 614 1
474 750 1
474 807 1
474 877 1
474 994 1
475 567 1
475 705 1
475 734 1
475 945 1
476 561 1
476 603 1
476 653 1
476 965 1
477 563 1
477 634 1
477 669 1
477 723 1
477 724 1
477 776 1
477 822 1
477 864 1
477 934 1
477 959 1
478 544 1
478 769 1
479 500 1
479 640 1
479 653 1
479 687 1
479 799 1
479 831 1
480 558 1
480 631 1
480 996 1
481 507 1
481 543 1
481 669 1
481 746 1
481 751 1
481 925 1
482 497 1
482 521 1
482 540 1
482 633 1
482 719 1
482 758 1
482 940 1
482 997 1
483 537 1
483 587 1
483 588 1
483 846 1
483 850 1
483 876 1
484 531 1
484 556 1
484 723 1
484 876 1
484 911 1
484 952 1
485 573 1
485 585 1
485 593 1
485 741 1
485 754 1
485 991 1
486 515 1
486 763 1
486 776 1
487 507 1
487 643 1
487 667 1
487 714 1
487 732 1
487 800 1
488 494 1
488 680 1
488 758 1
488 856 1
488 993 1
489 717 1
489 823 1
489 847 1
490 555 1
490 648 1
490 688 1
490 699 1
490 987 1
490 997 1
491 527 1
491 529 1
491 564 1
491 975 1
492 559 1
492 624 1
492 663 1
492 921 1
493 735 1
493 850 1
493 873 1
493 960 1
494 617 1
494 928 1
494 929 1
494 930 1
494 987 1
495 529 1
495 573 1
495 708 1
495 863 1
495 873 1
495 910 1
495 998 1
496 558 1
496 634 1
496 713 1
496 829 1
496 949 1
496 962 1
496 976 1
497 528 1
497 574 1
497 601 1
497 605 1
497 635 1
497 712 1
497 734 1
497 875 1
498 506 1
498 748 1
498 937 1
498 951 1
499 600 1
499 664 1
499 735 1
499 769 1
500 767 1
500 855 1
500 901 1
500 971 1
501 624 1
501 902 1
501 924 1
502 541 1
502 644 1
502 729 1
502 733 1
502 804 1
502 972 1
503 555 1
503 559 1
503 627 1
503 647 1
503 671 1
503 897 1
503 943 1
504 570 1
504 613 1
504 617 1
504 785 1
504 843 1
504 930 1
505 606 1
505 613 1
505 657 1
505 785 1
505 824 1
505 896 1
505 943 1
506 650 1
506 651 1
506 726 1
506 766 1
506 815 1
507 564 1
507 775 1
507 815 1
507 985 1
508 631 1
508 640 1
508 651 1
508 761 1
508 817 1
508 829 1
508 927 1
509 661 1
509 686 1
509 766 1
509 969 1
510 529 1
510 544 1
510 564 1
510 582 1
510 648 1
510 657 1
510 659 1
510 708 1
510 724 1
510 817 1
510 823 1
510 849 1
510 892 1
510 914 1
510 998 1
511 541 1
511 605 1
511 699 1
511 739 1
511 742 1
511 798 1
511 847 1
511 902 1
512 642 1
512 656 1
512 749 1
512 845 1
512 901 1
512 918 1
513 628 1
513 636 1
513 671 1
513 711 1
513 856 1
514 584 1
514 607 1
514 760 1
514 947 1
515 615 1
515 786 1
515 884 1
516 619 1
516 643 1
516 647 1
516 788 1
516 972 1
516 999 1
517 691 1
517 950 1
518 531 1
518 766 1
518 823 1
519 761 1
520 581 1
520 598 1
520 715 1
520 973 1
521 529 1
521 630 1
521 648 1
521 732 1
521 839 1
521 859 1
521 885 1
522 533 1
522 631 1
522 964 1
522 999 1
523 614 1
523 733 1
523 763 1
523 983 1
524 533 1
524 754 1
524 899 1
524 908 1
524 914 1
524 951 1
524 971 1
525 693 1
525 804 1
525 903 1
526 735 1
526 760 1
526 815 1
526 927 1
526 963 1
527 642 1
527 737 1
527 773 1
527 905 1
527 943 1
527 961 1
528 531 1
528 573 1
528 634 1
528 653 1
528 764 1
528 917 1
528 945 1
529 606 1
529 621 1
529 776 1
530 544 1
530 612 1
530 670 1
530 707 1
530 724 1
530 801 1
530 991 1
531 629 1
531 747 1
531 884 1
531 903 1
532 549 1
532 794 1
532 966 1
532 986 1
533 836 1
533 878 1
533 976 1
534 568 1
534 650 1
534 704 1
534 712 1
534 933 1
535 552 1
535 576 1
535 780 1
535 880 1
536 550 1
536 620 1
536 805 1
536 810 1
537 609 1
537 618 1
537 623 1
537 644 1
537 706 1
537 840 1
537 909 1
538 569 1
539 609 1
539 622 1
539 806 1
539 826 1
539 901 1
539 952 1
540 645 1
540 749 1
540 881 1
540 955 1
541 801 1
541 857 1
541 985 1
542 675 1
542 730 1
542 779 1
542 821 1
542 858 1
542 949 1
543 546 1
543 547 1
543 697 1
543 861 1
543 950 1
544 561 1
544 584 1
544 595 1
544 731 1
544 748 1
545 649 1
545 693 1
545 732 1
545 766 1
545 816 1
545 837 1
545 917 1
546 551 1
546 589 1
546 650 1
546 747 1
546 752 1
546 816 1
546 847 1
546 914 1
546 977 1
547 572 1
547 688 1
547 702 1
547 761 1
548 570 1
548 571 1
548 630 1
548 906 1
549 579 1
549 797 1
549 825 1
549 869 1
549 899 1
550 600 1
550 783 1
550 802 1
550 810 1
550 842 1
550 865 1
550 887 1
550 982 1
551 557 1
551 673 1
551 991 1
551 993 1
552 570 1
552 698 1
552 922 1
552 935 1
553 609 1
553 674 1
553 853 1
553 874 1
553 893 1
553 921 1
553 950 1
554 575 1
554 719 1
554 838 1
555 696 1
555 765 1
555 856 1
555 895 1
555 961 1
555 1000 1
556 582 1
556 764 1
556 867 1
557 631 1
557 709 1
557 882 1
558 646 1
558 709 1
559 607 1
559 829 1
559 922 1
559 969 1
560 635 1
560 733 1
560 827 1
560 897 1
560 915 1
560 935 1
560 947 1
560 980 1
561 716 1
561 737 1
561 745 1
561 947 1
562 660 1
562 669 1
562 797 1
562 868 1
562 915 1
562 987 1
563 772 1
563 914 1
563 940 1
563 973 1
563 984 1
564 763 1
565 676 1
565 690 1
565 906 1
566 625 1
566 628 1
566 663 1
566 709 1
566 717 1
566 805 1
566 821 1
566 829 1
566 919 1
567 693 1
567 715 1
567 943 1
569 594 1
569 672 1
569 925 1
569 943 1
570 610 1
570 740 1
570 768 1
570 816 1
570 927 1
571 611 1
571 655 1
571 739 1
571 785 1
571 855 1
571 882 1
571 917 1
571 974 1
572 592 1
572 594 1
572 746 1
572 772 1
572 864 1
572 916 1
572 938 1
572 969 1
573 574 1
573 755 1
573 891 1
574 677 1
574 706 1
574 833 1
574 929 1
575 665 1
575 844 1
575 944 1
575 951 1
575 985 1
576 630 1
576 867 1
576 987 1
577 586 1
577 915 1
577 997 1
578 620 1
578 787 1
578 848 1
578 874 1
579 638 1
579 688 1
579 963 1
580 700 1
580 798 1
580 820 1
580 873 1
580 913 1
581 657 1
581 701 1
581 860 1
581 950 1
582 598 1
582 636 1
582 666 1
583 865 1
584 884 1
586 608 1
586 645 1
586 887 1
587 595 1
587 744 1
587 761 1
587 821 1
588 706 1
588 837 1
588 846 1
589 623 1
589 632 1
589 669 1
589 769 1
590 705 1
590 781 1
590 787 1
590 862 1
590 932 1
591 869 1
591 955 1
591 974 1
592 637 1
592 749 1
592 825 1
592 848 1
593 757 1
593 789 1
593 898 1
593 985 1
594 636 1
594 729 1
594 764 1
594 803 1
594 935 1
595 598 1
595 791 1
595 815 1
595 846 1
596 765 1
596 881 1
596 948 1
597 668 1
597 700 1
597 713 1
597 731 1
597 868 1
597 904 1
597 957 1
598 841 1
598 991 1
599 611 1
599 674 1
599 953 1
600 957 1
601 715 1
602 641 1
602 663 1
602 689 1
602 908 1
602 912 1
602 929 1
603 737 1
603 789 1
603 903 1
603 954 1
604 613 1
604 667 1
604 754 1
605 631 1
605 675 1
605 747 1
605 773 1
605 818 1
606 620 1
606 670 1
606 801 1
606 950 1
607 716 1
607 734 1
607 753 1
607 820 1
607 880 1
607 896 1
608 632 1
608 956 1
608 978 1
608 997 1
609 847 1
609 910 1
609 978 1
610 729 1
610 789 1
610 991 1
611 728 1
611 906 1
612 668 1
612 735 1
612 1000 1
613 657 1
613 884 1
613 886 1
613 945 1
614 626 1
614 770 1
615 823 1
615 851 1
615 871 1
615 895 1
615 910 1
616 655 1
616 734 1
616 749 1
616 842 1
616 891 1
616 908 1
616 953 1
617 638 1
617 704 1
617 715 1
617 761 1
617 912 1
618 732 1
618 740 1
618 809 1
618 921 1
619 660 1
619 736 1
619 930 1
620 627 1
620 798 1
620 831 1
620 835 1
620 881 1
620 1000 1
621 673 1
621 737 1
621 748 1
621 883 1
621 886 1
622 694 1
622 792 1
622 851 1
622 982 1
623 707 1
624 633 1
624 670 1
624 862 1
624 884 1
624 909 1
624 976 1
625 684 1
625 865 1
626 740 1
626 817 1
626 940 1
627 777 1
627 780 1
627 805 1
627 881 1
627 951 1
627 954 1
627 966 1
627 981 1
628 651 1
628 767 1
628 809 1
629 649 1
629 667 1
630 786 1
630 964 1
630 987 1
630 1000 1
631 661 1
631 679 1
631 687 1
631 749 1
631 764 1
631 833 1
631 874 1
631 879 1
631 919 1
631 991 1
631 997 1
632 721 1
632 949 1
633 636 1
633 666 1
633 720 1
633 737 1
633 841 1
633 880 1
633 890 1
634 871 1
635 726 1
635 849 1
635 914 1
635 922 1
636 683 1
636 750 1
636 994 1
637 828 1
637 868 1
637 890 1
638 657 1
638 820 1
640 662 1
640 817 1
640 885 1
641 646 1
641 677 1
641 682 1
641 879 1
642 750 1
642 811 1
642 855 1
642 873 1
643 673 1
643 815 1
643 920 1
643 944 1
644 878 1
644 956 1
644 957 1
645 713 1
645 821 1
645 868 1
645 883 1
645 890 1
646 774 1
646 787 1
647 708 1
647 716 1
647 847 1
647 964 1
648 668 1
648 858 1
648 877 1
648 945 1
649 671 1
649 883 1
650 654 1
650 810 1
650 913 1
651 700 1
651 740 1
651 815 1
651 906 1
651 942 1
652 877 1
652 960 1
653 862 1
653 963 1
654 876 1
654 910 1
655 679 1
656 687 1
656 940 1
657 686 1
657 786 1
657 803 1
657 990 1
658 889 1
659 699 1
659 865 1
659 954 1
660 789 1
660 832 1
660 993 1
661 679 1
661 947 1
662 784 1
662 804 1
662 833 1
662 864 1
663 745 1
663 931 1
664 725 1
664 934 1
665 753 1
665 762 1
665 935 1
666 684 1
666 828 1
666 971 1
667 955 1
668 688 1
668 770 1
668 856 1
668 892 1
669 815 1
669 962 1
670 781 1
670 879 1
670 959 1
671 688 1
672 787 1
672 798 1
672 862 1
672 963 1
673 705 1
673 769 1
673 842 1
674 697 1
674 768 1
674 801 1
675 792 1
675 889 1
675 939 1
676 892 1
676 920 1
677 861 1
677 879 1
677 959 1
678 685 1
678 853 1
678 857 1
678 870 1
678 982 1
679 683 1
680 711 1
680 735 1
680 740 1
680 875 1
680 887 1
681 735 1
681 801 1
681 825 1
681 883 1
682 738 1
683 919 1
683 957 1
683 962 1
683 978 1
683 988 1
684 782 1
684 792 1
684 807 1
684 990 1
685 800 1
685 904 1
686 701 1
686 899 1
686 916 1
686 934 1
686 956 1
686 981 1
688 849 1
688 968 1
688 996 1
689 893 1
690 805 1
690 846 1
690 939 1
691 872 1
691 920 1
691 956 1
692 762 1
692 802 1
692 843 1
692 951 1
694 787 1
694 925 1
694 962 1
695 722 1
695 803 1
695 926 1
695 933 1
696 713 1
696 739 1
696 815 1
696 917 1
697 770 1
697 881 1
697 988 1
699 750 1
699 927 1
699 948 1
699 957 1
700 759 1
700 834 1
701 739 1
701 740 1
701 877 1
702 717 1
702 823 1
702 878 1
702 934 1
703 866 1
703 899 1
704 867 1
704 985 1
705 786 1
705 877 1
706 963 1
707 826 1
707 833 1
707 915 1
707 936 1
708 781 1
708 931 1
709 806 1
709 855 1
709 952 1
710 717 1
710 741 1
710 958 1
711 909 1
712 745 1
712 772 1
712 779 1
712 827 1
712 902 1
712 946 1
713 733 1
713 780 1
713 900 1
713 911 1
714 961 1
714 984 1
714 991 1
715 806 1
715 847 1
715 879 1
715 927 1
715 954 1
716 718 1
716 849 1
716 892 1
717 860 1
717 887 1
718 845 1
718 875 1
718 885 1
718 930 1
718 936 1
719 796 1
719 800 1
719 806 1
719 843 1
720 789 1
720 844 1
720 945 1
720 984 1
722 724 1
722 916 1
722 935 1
722 989 1
723 757 1
723 799 1
723 815 1
723 876 1
725 770 1
725 782 1
725 789 1
725 800 1
725 885 1
725 978 1
726 941 1
727 852 1
727 874 1
728 732 1
728 742 1
728 804 1
728 815 1
728 913 1
728 977 1
729 780 1
729 792 1
729 808 1
729 851 1
729 934 1
729 977 1
730 827 1
730 843 1
730 922 1
731 761 1
731 811 1
731 977 1
732 828 1
732 962 1
734 876 1
735 816 1
735 823 1
735 898 1
735 904 1
736 739 1
736 784 1
736 979 1
736 985 1
737 787 1
737 863 1
738 761 1
739 878 1
739 917 1
740 786 1
740 905 1
741 768 1
742 895 1
743 896 1
743 972 1
743 981 1
744 790 1
744 993 1
745 794 1
745 803 1
745 850 1
745 874 1
746 800 1
746 999 1
747 948 1
747 977 1
747 996 1
748 763 1
748 774 1
748 833 1
748 987 1
749 971 1
750 773 1
750 937 1
750 991 1
751 877 1
751 976 1
752 792 1
752 804 1
752 905 1
752 921 1
752 929 1
754 792 1
754 831 1
754 858 1
755 795 1
755 817 1
756 883 1
756 923 1
756 1000 1
757 920 1
758 779 1
758 797 1
759 855 1
759 952 1
759 953 1
760 920 1
760 930 1
760 969 1
761 792 1
762 880 1
763 828 1
763 894 1
763 909 1
763 990 1
764 769 1
764 849 1
765 773 1
766 780 1
766 867 1
768 783 1
768 804 1
768 835 1
768 966 1
769 787 1
769 846 1
769 997 1
770 887 1
770 894 1
771 959 1
772 785 1
772 930 1
773 837 1
773 914 1
773 920 1
774 798 1
774 959 1
774 974 1
774 992 1
775 908 1
775 960 1
775 963 1
775 1000 1
776 872 1
776 944 1
777 916 1
777 932 1
777 975 1
779 794 1
779 929 1
779 945 1
780 844 1
780 892 1
781 789 1
782 834 1
782 861 1
783 786 1
784 823 1
784 849 1
784 876 1
784 896 1
784 932 1
785 824 1
785 833 1
786 791 1
786 810 1
786 817 1
786 862 1
786 977 1
786 999 1
787 886 1
787 921 1
789 861 1
789 939 1
790 792 1
790 804 1
790 809 1
791 792 1
791 940 1
792 857 1
792 918 1
793 898 1
793 924 1
794 996 1
795 837 1
795 839 1
795 923 1
796 868 1
796 925 1
796 998 1
797 982 1
798 890 1
798 913 1
799 921 1
800 868 1
800 939 1
800 945 1
800 988 1
801 941 1
801 967 1
801 976 1
801 987 1
802 842 1
803 953 1
804 865 1
804 913 1
804 953 1
806 808 1
806 894 1
807 821 1
807 946 1
807 995 1
808 840 1
809 860 1
809 886 1
809 890 1
809 980 1
811 817 1
811 827 1
811 856 1
812 931 1
813 854 1
813 1000 1
815 831 1
815 902 1
815 953 1
816 856 1
817 823 1
818 882 1
819 840 1
819 861 1
819 906 1
819 975 1
820 840 1
820 968 1
821 931 1
821 999 1
822 948 1
823 863 1
823 933 1
824 856 1
824 871 1
825 855 1
825 928 1
826 889 1
827 866 1
827 873 1
827 993 1
828 890 1
828 954 1
830 891 1
830 900 1
831 866 1
831 901 1
831 930 1
831 997 1
832 840 1
833 933 1
834 884 1
834 951 1
836 880 1
838 859 1
838 918 1
838 976 1
840 869 1
840 991 1
841 883 1
842 938 1
842 984 1
843 919 1
844 941 1
845 972 1
846 872 1
846 884 1
846 930 1
847 919 1
847 930 1
847 942 1
847 989 1
848 851 1
849 951 1
849 969 1
849 975 1
849 976 1
850 917 1
852 893 1
853 954 1
855 901 1
855 917 1
856 942 1
856 947 1
858 935 1
858 938 1
858 977 1
859 894 1
861 960 1
863 930 1
864 971 1
865 875 1
865 905 1
866 988 1
868 971 1
869 905 1
869 982 1
869 1000 1
870 881 1
870 970 1
870 988 1
871 878 1
871 971 1
873 888 1
873 952 1
873 967 1
874 924 1
874 984 1
875 989 1
875 990 1
878 902 1
879 883 1
882 998 1
883 917 1
884 983 1
884 994 1
885 926 1
885 953 1
887 958 1
888 909 1
890 894 1
890 914 1
890 936 1
891 947 1
891 948 1
894 899 1
894 982 1
895 901 1
896 1000 1
898 900 1
899 979 1
902 916 1
907 962 1
907 985 1
908 950 1
912 989 1
913 928 1
913 981 1
914 994 1
915 934 1
917 939 1
922 932 1
924 946 1
924 969 1
925 989 1
926 952 1
927 939 1
927 962 1
927 993 1
931 997 1
934 960 1
934 988 1
935 941 1
935 970 1
935 998 1
939 979 1
940 968 1
940 985 1
944 959 1
945 947 1
949 1000 1
950 976 1
953 993 1
957 994 1
959 973 1
959 981 1
964 994 1
966 968 1
967 973 1
971 998 1
974 997 1
985 991 1
985 998 1
991 996 1
994 996 1
