1000 4895
1 114 1
1 185 1
1 193 1
1 215 1
1 288 1
1 387 1
1 388 1
1 480 1
1 617 1
1 707 1
1 719 1
1 856 1
1 866 1
1 877 1
2 235 1
2 499 1
2 586 1
3 74 1
3 101 1
3 188 1
3 323 1
3 331 1
3 415 1
3 519 1
3 537 1
3 626 1
3 635 1
3 656 1
3 842 1
4 50 1
4 252 1
4 270 1
4 722 1
4 781 1
4 807 1
4 929 1
4 990 1
5 67 1
5 256 1
5 376 1
5 485 1
5 536 1
5 543 1
5 556 1
5 645 1
5 798 1
5 925 1
6 71 1
6 92 1
6 229 1
6 247 1
6 281 1
6 409 1
6 473 1
6 510 1
6 553 1
6 815 1
6 953 1
7 14 1
7 15 1
7 185 1
7 239 1
7 334 1
7 457 1
7 488 1
7 837 1
7 843 1
7 929 1
7 963 1
7 976 1
8 40 1
8 100 1
8 587 1
8 596 1
8 731 1
8 796 1
8 963 1
9 63 1
9 77 1
9 81 1
9 125 1
9 487 1
9 509 1
9 527 1
9 566 1
9 766 1
9 932 1
9 946 1
10 33 1
10 223 1
10 395 1
10 538 1
10 604 1
10 608 1
10 619 1
10 637 1
10 644 1
10 793 1
11 20 1
11 29 1
11 119 1
11 156 1
11 159 1
11 163 1
11 241 1
11 307 1
11 354 1
11 471 1
11 583 1
11 589 1
11 623 1
11 783 1
11 813 1
11 851 1
12 164 1
12 203 1
12 338 1
12 594 1
12 877 1
12 900 1
13 133 1
13 184 1
13 487 1
13 514 1
13 644 1
13 887 1
13 919 1
14 76 1
14 141 1
14 174 1
14 209 1
14 575 1
14 741 1
14 772 1
14 808 1
15 55 1
15 60 1
15 132 1
15 140 1
15 319 1
15 373 1
15 591 1
15 599 1
15 710 1
15 943 1
15 986 1
16 18 1
16 382 1
16 537 1
16 553 1
16 607 1
16 734 1
16 820 1
17 138 1
17 373 1
17 695 1
17 755 1
17 846 1
17 895 1
17 919 1
17 941 1
17 977 1
18 82 1
18 223 1
18 301 1
18 398 1
18 478 1
18 584 1
18 724 1
18 744 1
18 828 1
18 864 1
18 941 1
18 965 1
18 976 1
19 213 1
19 267 1
19 376 1
19 453 1
19 607 1
19 681 1
19 839 1
19 958 1
20 81 1
20 121 1
20 289 1
20 301 1
20 316 1
20 611 1
20 727 1
20 812 1
20 818 1
20 852 1
21 227 1
21 254 1
21 352 1
21 418 1
21 500 1
21 698 1
21 741 1
21 781 1
21 804 1
22 31 1
22 154 1
22 165 1
22 449 1
22 551 1
22 707 1
22 713 1
22 754 1
22 756 1
22 870 1
22 913 1
23 46 1
23 51 1
23 74 1
23 283 1
23 293 1
23 393 1
23 453 1
23 521 1
23 832 1
23 862 1
23 941 1
23 946 1
24 31 1
24 136 1
24 208 1
24 268 1
24 426 1
24 535 1
24 544 1
24 690 1
24 969 1
25 80 1
25 157 1
25 211 1
25 317 1
25 425 1
25 559 1
25 603 1
25 974 1
26 249 1
26 399 1
26 456 1
26 500 1
26 524 1
26 702 1
26 757 1
26 926 1
26 928 1
27 55 1
27 151 1
27 349 1
27 604 1
27 613 1
27 645 1
27 803 1
28 45 1
28 161 1
28 190 1
28 205 1
28 316 1
28 517 1
28 724 1
28 844 1
29 141 1
29 260 1
29 491 1
29 643 1
29 739 1
29 768 1
29 785 1
29 809 1
29 817 1
29 927 1
29 962 1
30 144 1
30 360 1
30 648 1
30 725 1
30 851 1
30 873 1
30 884 1
30 927 1
31 82 1
31 97 1
31 126 1
31 207 1
31 354 1
31 600 1
31 615 1
31 782 1
31 796 1
31 853 1
32 54 1
32 156 1
32 191 1
32 212 1
32 214 1
32 339 1
32 360 1
32 512 1
32 555 1
32 580 1
32 652 1
32 810 1
33 101 1
33 136 1
33 264 1
33 292 1
33 328 1
33 341 1
33 377 1
33 499 1
33 522 1
33 551 1
33 561 1
33 614 1
33 628 1
33 683 1
33 857 1
34 132 1
34 300 1
34 386 1
34 575 1
34 595 1
34 605 1
34 653 1
34 669 1
34 831 1
34 899 1
34 978 1
34 999 1
35 109 1
35 241 1
35 296 1
35 324 1
35 341 1
35 400 1
35 462 1
35 476 1
35 504 1
35 522 1
35 596 1
35 783 1
35 920 1
35 946 1
36 67 1
36 171 1
36 197 1
36 338 1
36 343 1
36 394 1
36 511 1
36 582 1
36 773 1
36 844 1
36 909 1
37 430 1
37 472 1
37 507 1
37 531 1
37 612 1
37 640 1
37 676 1
37 822 1
37 843 1
38 48 1
38 92 1
38 109 1
38 120 1
38 188 1
38 282 1
38 313 1
38 360 1
38 443 1
38 448 1
38 468 1
39 262 1
39 366 1
39 674 1
39 755 1
39 766 1
39 856 1
39 961 1
40 100 1
40 141 1
40 262 1
40 272 1
40 298 1
40 336 1
40 379 1
40 407 1
40 603 1
40 774 1
40 844 1
40 999 1
41 58 1
41 604 1
41 707 1
41 916 1
41 957 1
42 216 1
42 246 1
42 255 1
42 264 1
42 273 1
42 284 1
42 459 1
42 661 1
42 805 1
42 916 1
42 953 1
43 416 1
43 650 1
43 705 1
43 815 1
43 826 1
43 890 1
43 1000 1
44 194 1
44 430 1
44 441 1
44 533 1
44 640 1
44 808 1
44 950 1
45 93 1
45 131 1
45 371 1
45 510 1
45 555 1
45 556 1
45 559 1
45 600 1
45 666 1
45 674 1
46 83 1
46 105 1
46 179 1
46 251 1
47 116 1
47 152 1
47 244 1
47 361 1
47 464 1
47 531 1
47 543 1
47 618 1
47 725 1
47 730 1
47 740 1
47 759 1
47 832 1
47 840 1
47 911 1
47 915 1
48 138 1
48 152 1
48 189 1
48 284 1
48 353 1
48 363 1
48 591 1
48 616 1
48 755 1
49 193 1
49 262 1
49 350 1
49 476 1
49 651 1
49 691 1
49 728 1
49 823 1
49 826 1
49 892 1
50 103 1
50 168 1
50 224 1
50 360 1
50 370 1
50 556 1
50 557 1
50 590 1
50 731 1
50 812 1
50 860 1
50 988 1
51 82 1
51 83 1
51 121 1
51 277 1
51 494 1
51 629 1
51 766 1
51 815 1
52 59 1
52 101 1
52 244 1
52 486 1
52 806 1
52 983 1
53 89 1
53 194 1
53 238 1
53 392 1
53 433 1
53 490 1
53 572 1
53 842 1
54 68 1
54 85 1
54 146 1
54 160 1
54 641 1
54 684 1
54 694 1
54 842 1
54 924 1
55 72 1
55 117 1
55 220 1
55 636 1
56 143 1
56 154 1
56 264 1
56 432 1
56 438 1
56 444 1
56 445 1
56 494 1
56 620 1
56 729 1
56 743 1
56 752 1
56 906 1
57 75 1
57 89 1
57 272 1
57 665 1
57 814 1
57 985 1
57 996 1
58 133 1
58 174 1
58 200 1
58 531 1
58 649 1
58 686 1
58 695 1
58 712 1
58 759 1
58 765 1
58 767 1
58 850 1
59 126 1
59 153 1
59 207 1
59 221 1
59 274 1
59 416 1
59 417 1
59 452 1
59 527 1
59 552 1
59 567 1
59 658 1
59 665 1
59 762 1
59 776 1
59 904 1
60 206 1
60 316 1
60 421 1
60 490 1
60 553 1
60 625 1
60 729 1
60 739 1
61 144 1
61 146 1
61 162 1
61 274 1
61 360 1
61 377 1
61 381 1
61 511 1
61 741 1
61 838 1
62 217 1
62 237 1
62 299 1
62 308 1
62 350 1
62 397 1
62 548 1
63 407 1
63 414 1
63 422 1
63 440 1
63 687 1
63 866 1
63 944 1
64 409 1
64 468 1
64 481 1
64 512 1
64 663 1
64 665 1
64 907 1
64 950 1
65 166 1
65 319 1
65 474 1
65 479 1
65 527 1
65 546 1
65 557 1
65 615 1
65 694 1
65 835 1
65 919 1
65 992 1
66 156 1
66 191 1
66 273 1
66 293 1
66 358 1
66 401 1
66 470 1
66 508 1
66 527 1
66 653 1
66 684 1
66 804 1
66 831 1
66 873 1
67 159 1
67 221 1
67 663 1
67 779 1
67 937 1
67 975 1
68 227 1
68 339 1
68 419 1
68 434 1
68 702 1
68 987 1
69 125 1
69 142 1
69 151 1
69 156 1
69 385 1
69 499 1
69 519 1
69 812 1
69 856 1
69 915 1
70 187 1
70 286 1
70 294 1
70 356 1
70 432 1
70 566 1
70 612 1
70 652 1
70 674 1
70 802 1
70 860 1
70 914 1
70 960 1
70 973 1
71 76 1
71 169 1
71 222 1
71 518 1
71 741 1
71 814 1
71 866 1
71 870 1
71 943 1
71 985 1
72 77 1
72 231 1
72 290 1
72 357 1
72 459 1
72 552 1
72 565 1
72 703 1
72 841 1
73 122 1
73 172 1
73 354 1
73 375 1
73 616 1
74 299 1
74 347 1
74 371 1
74 428 1
74 549 1
74 617 1
74 666 1
74 769 1
74 788 1
75 194 1
75 222 1
75 550 1
76 499 1
76 597 1
76 605 1
76 693 1
76 960 1
76 978 1
77 511 1
77 567 1
77 584 1
77 656 1
77 758 1
77 783 1
77 853 1
78 79 1
78 84 1
78 115 1
78 132 1
78 160 1
78 172 1
78 268 1
78 309 1
78 318 1
78 401 1
78 582 1
78 601 1
78 692 1
78 842 1
78 855 1
78 907 1
79 129 1
79 228 1
79 256 1
79 284 1
79 376 1
79 440 1
79 458 1
79 529 1
79 539 1
79 684 1
79 863 1
80 102 1
80 150 1
80 341 1
80 350 1
80 363 1
80 481 1
80 688 1
80 690 1
80 832 1
80 876 1
80 942 1
81 281 1
81 397 1
81 472 1
81 566 1
81 573 1
81 616 1
81 717 1
81 771 1
81 928 1
81 962 1
81 966 1
81 990 1
82 183 1
82 200 1
82 352 1
82 446 1
82 685 1
82 721 1
82 766 1
82 896 1
82 942 1
83 183 1
83 268 1
83 333 1
83 334 1
83 382 1
83 480 1
83 570 1
83 665 1
84 454 1
84 575 1
84 635 1
84 743 1
84 948 1
85 129 1
85 149 1
85 322 1
85 366 1
85 580 1
85 683 1
85 684 1
85 832 1
85 955 1
86 197 1
86 434 1
86 472 1
86 553 1
87 144 1
87 168 1
87 179 1
87 234 1
87 258 1
87 282 1
87 302 1
87 334 1
87 695 1
87 766 1
87 778 1
87 958 1
88 110 1
88 227 1
88 323 1
88 386 1
88 454 1
88 482 1
88 516 1
88 525 1
88 547 1
88 566 1
88 679 1
88 794 1
88 907 1
88 920 1
89 97 1
89 241 1
89 486 1
89 556 1
89 692 1
89 996 1
90 217 1
90 257 1
90 627 1
90 669 1
90 688 1
90 703 1
90 745 1
90 870 1
91 92 1
91 155 1
91 189 1
91 261 1
91 276 1
91 477 1
91 518 1
91 732 1
91 743 1
91 935 1
92 148 1
92 251 1
92 356 1
92 593 1
92 820 1
92 967 1
93 149 1
93 185 1
93 302 1
93 369 1
93 396 1
93 617 1
93 621 1
93 687 1
93 814 1
93 930 1
93 946 1
93 958 1
94 147 1
94 150 1
94 211 1
94 390 1
94 417 1
94 682 1
94 847 1
94 900 1
94 943 1
94 988 1
95 102 1
95 176 1
95 181 1
95 292 1
95 299 1
95 328 1
95 350 1
95 503 1
95 813 1
95 856 1
96 253 1
96 403 1
96 463 1
96 531 1
96 549 1
96 638 1
96 722 1
96 795 1
96 978 1
97 435 1
97 458 1
97 496 1
97 532 1
97 570 1
97 581 1
97 697 1
97 712 1
97 943 1
98 125 1
98 230 1
98 262 1
98 296 1
98 431 1
98 499 1
98 521 1
98 584 1
98 605 1
98 637 1
98 709 1
99 239 1
99 413 1
99 646 1
99 700 1
99 810 1
99 863 1
100 162 1
100 164 1
100 224 1
100 251 1
100 434 1
100 730 1
100 820 1
100 883 1
100 958 1
100 978 1
101 117 1
101 132 1
101 218 1
101 387 1
101 393 1
101 597 1
101 669 1
101 677 1
101 900 1
102 205 1
102 246 1
102 290 1
102 396 1
102 666 1
102 883 1
102 918 1
102 962 1
103 228 1
103 325 1
103 356 1
103 358 1
103 368 1
103 544 1
103 783 1
103 994 1
104 136 1
104 189 1
104 310 1
104 448 1
104 504 1
104 655 1
104 834 1
104 926 1
104 948 1
104 949 1
105 141 1
105 178 1
105 277 1
105 282 1
105 288 1
105 394 1
105 426 1
105 576 1
105 594 1
105 652 1
105 807 1
105 896 1
106 226 1
106 256 1
106 404 1
106 506 1
106 586 1
106 588 1
106 626 1
106 938 1
106 968 1
107 558 1
107 638 1
107 727 1
107 771 1
107 837 1
107 897 1
107 954 1
108 109 1
108 191 1
108 317 1
108 351 1
108 444 1
108 499 1
108 549 1
108 581 1
108 603 1
108 633 1
108 803 1
108 951 1
108 964 1
109 240 1
109 244 1
109 417 1
109 654 1
109 664 1
109 695 1
109 877 1
110 205 1
110 227 1
110 502 1
110 515 1
110 671 1
110 838 1
110 881 1
110 977 1
111 202 1
111 228 1
111 250 1
111 327 1
111 560 1
111 628 1
111 747 1
111 782 1
111 956 1
112 179 1
112 434 1
112 506 1
112 568 1
112 577 1
112 633 1
112 687 1
112 762 1
112 985 1
113 294 1
113 361 1
113 703 1
113 708 1
113 731 1
113 754 1
113 795 1
113 968 1
114 363 1
114 400 1
114 485 1
114 494 1
114 586 1
114 606 1
114 617 1
114 624 1
114 642 1
114 724 1
114 725 1
114 911 1
114 991 1
115 208 1
115 223 1
115 272 1
115 336 1
115 344 1
115 534 1
115 608 1
115 663 1
115 907 1
116 150 1
116 213 1
116 421 1
116 559 1
116 639 1
116 780 1
116 857 1
116 886 1
116 984 1
117 151 1
117 187 1
117 193 1
117 326 1
117 336 1
117 429 1
117 493 1
117 595 1
117 603 1
117 637 1
117 850 1
118 125 1
118 199 1
118 411 1
118 431 1
118 472 1
118 605 1
118 762 1
118 806 1
119 198 1
119 289 1
119 372 1
119 376 1
119 380 1
119 526 1
119 567 1
119 615 1
119 638 1
119 652 1
119 701 1
119 732 1
119 814 1
119 905 1
119 939 1
119 952 1
119 961 1
120 151 1
120 227 1
120 404 1
120 485 1
120 525 1
120 629 1
121 152 1
121 199 1
121 220 1
121 291 1
121 447 1
121 639 1
121 740 1
121 868 1
121 915 1
122 177 1
122 208 1
122 232 1
122 313 1
122 337 1
122 546 1
123 128 1
123 748 1
123 861 1
123 880 1
123 1000 1
124 166 1
124 198 1
124 252 1
124 383 1
124 535 1
124 552 1
124 562 1
124 563 1
124 636 1
124 778 1
124 822 1
124 917 1
124 963 1
125 523 1
125 566 1
125 750 1
126 184 1
126 244 1
126 268 1
126 293 1
126 324 1
126 326 1
126 415 1
126 443 1
126 502 1
126 529 1
126 642 1
126 727 1
126 808 1
126 846 1
126 907 1
127 238 1
127 494 1
127 550 1
127 634 1
127 675 1
127 707 1
127 771 1
127 907 1
127 943 1
128 174 1
128 180 1
128 269 1
128 479 1
128 510 1
128 550 1
128 650 1
128 673 1
128 679 1
128 686 1
128 747 1
128 844 1
128 870 1
128 990 1
129 223 1
129 275 1
129 362 1
129 588 1
129 627 1
129 640 1
129 889 1
129 946 1
130 233 1
130 395 1
130 418 1
130 721 1
130 811 1
130 856 1
130 955 1
131 293 1
131 359 1
131 433 1
131 440 1
131 479 1
131 802 1
131 914 1
131 918 1
131 997 1
132 225 1
132 349 1
132 382 1
132 554 1
132 730 1
132 785 1
132 868 1
132 931 1
132 1000 1
133 176 1
133 234 1
133 291 1
133 337 1
134 464 1
134 488 1
134 495 1
134 643 1
134 649 1
134 931 1
135 146 1
135 259 1
135 264 1
135 357 1
135 473 1
135 504 1
135 523 1
135 754 1
135 792 1
135 936 1
135 947 1
135 954 1
135 957 1
135 972 1
136 207 1
136 440 1
136 493 1
136 494 1
136 543 1
136 898 1
136 960 1
136 1000 1
137 141 1
137 151 1
137 170 1
137 235 1
137 349 1
137 368 1
137 433 1
137 634 1
137 751 1
137 755 1
137 908 1
137 930 1
138 160 1
138 165 1
138 174 1
138 237 1
138 238 1
138 271 1
138 370 1
138 418 1
138 432 1
138 538 1
138 544 1
138 547 1
138 684 1
138 809 1
138 902 1
138 928 1
139 143 1
139 227 1
139 239 1
139 249 1
139 290 1
139 390 1
139 431 1
139 501 1
139 511 1
139 620 1
139 631 1
139 661 1
139 844 1
140 156 1
140 218 1
140 272 1
140 324 1
140 412 1
140 507 1
140 555 1
140 593 1
140 616 1
140 631 1
140 633 1
140 826 1
141 158 1
141 475 1
141 548 1
141 623 1
141 671 1
141 696 1
141 748 1
141 837 1
141 938 1
141 983 1
142 143 1
142 196 1
142 278 1
142 291 1
142 310 1
142 405 1
142 528 1
142 633 1
142 668 1
142 931 1
142 988 1
143 194 1
143 212 1
143 614 1
143 811 1
143 911 1
144 347 1
144 391 1
144 442 1
144 524 1
144 577 1
144 624 1
144 662 1
144 663 1
144 664 1
145 197 1
145 220 1
145 254 1
145 315 1
145 356 1
145 367 1
145 419 1
145 478 1
145 538 1
145 645 1
145 853 1
145 879 1
145 908 1
145 952 1
145 971 1
146 295 1
146 326 1
146 337 1
146 445 1
146 473 1
146 608 1
146 811 1
146 818 1
146 930 1
146 949 1
146 981 1
147 179 1
147 212 1
147 334 1
147 448 1
147 591 1
147 723 1
147 729 1
147 738 1
147 818 1
147 826 1
147 906 1
148 191 1
148 326 1
148 406 1
148 460 1
148 544 1
148 787 1
148 838 1
148 962 1
149 208 1
149 331 1
149 387 1
149 535 1
149 588 1
149 831 1
150 254 1
150 297 1
150 346 1
150 422 1
150 450 1
150 464 1
150 522 1
150 752 1
150 820 1
150 832 1
151 234 1
151 276 1
151 314 1
151 315 1
151 393 1
151 601 1
151 960 1
151 984 1
152 315 1
152 382 1
152 425 1
152 641 1
152 663 1
152 994 1
153 319 1
153 326 1
153 363 1
153 562 1
153 607 1
153 621 1
153 777 1
153 847 1
153 850 1
154 413 1
154 446 1
154 454 1
154 465 1
154 750 1
154 756 1
154 769 1
154 919 1
154 941 1
155 377 1
155 448 1
155 810 1
155 888 1
155 946 1
156 589 1
156 624 1
156 646 1
156 953 1
157 166 1
157 180 1
157 343 1
157 384 1
157 444 1
157 703 1
157 790 1
157 807 1
157 954 1
157 963 1
158 169 1
158 331 1
158 515 1
158 548 1
158 671 1
158 705 1
158 816 1
159 263 1
159 371 1
159 419 1
159 556 1
159 608 1
159 682 1
159 756 1
159 869 1
160 223 1
160 301 1
160 344 1
160 365 1
160 367 1
160 409 1
160 514 1
160 600 1
160 669 1
160 701 1
160 760 1
160 902 1
160 944 1
161 322 1
161 534 1
161 750 1
161 762 1
161 793 1
161 867 1
161 887 1
161 971 1
162 168 1
162 210 1
162 289 1
162 407 1
162 615 1
162 853 1
162 890 1
162 901 1
162 979 1
162 986 1
163 218 1
163 384 1
163 449 1
163 725 1
163 747 1
163 752 1
163 755 1
163 982 1
164 268 1
164 276 1
164 351 1
164 482 1
164 744 1
164 753 1
164 936 1
165 220 1
165 369 1
165 510 1
165 536 1
165 607 1
165 696 1
165 727 1
165 781 1
165 957 1
165 990 1
166 223 1
166 239 1
166 421 1
166 498 1
166 586 1
166 596 1
166 633 1
166 786 1
166 822 1
167 408 1
167 467 1
167 481 1
167 531 1
167 532 1
167 851 1
167 877 1
168 265 1
168 295 1
168 392 1
168 437 1
168 768 1
169 180 1
169 387 1
169 389 1
169 407 1
169 625 1
169 797 1
169 932 1
170 182 1
170 227 1
170 470 1
170 562 1
170 567 1
170 585 1
170 592 1
170 777 1
170 800 1
170 945 1
170 946 1
171 242 1
171 274 1
171 291 1
171 517 1
171 651 1
171 728 1
171 756 1
171 773 1
171 797 1
171 914 1
171 928 1
171 971 1
171 975 1
172 210 1
172 434 1
172 482 1
172 713 1
172 725 1
172 825 1
172 878 1
172 937 1
173 254 1
173 327 1
173 336 1
173 707 1
173 787 1
173 896 1
174 189 1
174 217 1
174 256 1
174 290 1
174 338 1
174 416 1
174 504 1
174 549 1
174 617 1
174 676 1
174 755 1
174 951 1
175 212 1
175 272 1
175 367 1
175 476 1
175 606 1
175 807 1
175 839 1
176 214 1
176 276 1
176 368 1
176 646 1
176 993 1
176 999 1
177 268 1
177 307 1
177 365 1
177 366 1
177 383 1
177 655 1
177 855 1
177 869 1
177 976 1
178 421 1
178 430 1
178 545 1
178 751 1
178 817 1
178 902 1
178 923 1
179 219 1
179 708 1
179 944 1
179 998 1
180 307 1
180 309 1
180 321 1
180 326 1
180 731 1
180 860 1
180 953 1
181 325 1
181 661 1
181 664 1
181 756 1
181 881 1
182 318 1
182 393 1
182 425 1
182 640 1
182 674 1
182 903 1
182 915 1
182 951 1
183 256 1
183 422 1
183 439 1
183 675 1
183 801 1
183 905 1
183 954 1
184 475 1
184 641 1
184 688 1
184 690 1
184 943 1
184 968 1
184 974 1
185 458 1
185 494 1
185 519 1
185 646 1
185 658 1
185 773 1
185 863 1
186 257 1
186 436 1
186 589 1
186 590 1
186 630 1
186 636 1
186 670 1
186 809 1
186 876 1
187 203 1
187 214 1
187 247 1
187 371 1
187 470 1
187 622 1
187 749 1
187 789 1
188 298 1
188 303 1
188 586 1
188 702 1
188 918 1
189 249 1
189 445 1
189 598 1
189 705 1
189 828 1
189 922 1
190 251 1
190 353 1
190 431 1
190 446 1
190 520 1
190 709 1
190 711 1
190 807 1
190 823 1
190 824 1
190 827 1
190 994 1
191 460 1
191 473 1
191 521 1
191 908 1
192 222 1
192 417 1
192 609 1
192 612 1
192 690 1
192 832 1
192 915 1
192 949 1
192 960 1
193 212 1
193 450 1
193 597 1
193 638 1
193 672 1
193 703 1
194 252 1
194 349 1
194 351 1
194 398 1
194 542 1
194 594 1
194 649 1
194 770 1
194 881 1
195 221 1
195 230 1
195 345 1
195 396 1
195 442 1
195 688 1
195 735 1
195 978 1
196 396 1
196 544 1
196 554 1
196 600 1
196 706 1
196 847 1
197 341 1
197 518 1
197 727 1
197 737 1
197 828 1
197 858 1
197 958 1
198 331 1
198 344 1
198 493 1
198 966 1
199 320 1
199 322 1
199 347 1
199 351 1
199 453 1
199 522 1
199 616 1
199 624 1
199 907 1
199 989 1
200 306 1
200 313 1
200 320 1
200 392 1
200 394 1
200 467 1
200 650 1
200 734 1
201 213 1
201 234 1
201 279 1
201 747 1
201 798 1
201 846 1
201 864 1
201 879 1
202 323 1
202 330 1
202 461 1
202 505 1
202 562 1
202 570 1
202 708 1
203 350 1
203 999 1
204 301 1
204 425 1
204 480 1
204 568 1
204 760 1
204 862 1
204 939 1
204 991 1
205 212 1
205 416 1
205 573 1
205 615 1
205 792 1
205 809 1
205 937 1
206 360 1
206 551 1
206 635 1
206 640 1
206 712 1
206 721 1
206 725 1
206 788 1
206 976 1
207 285 1
207 427 1
207 483 1
207 629 1
207 730 1
207 830 1
208 302 1
208 515 1
208 521 1
208 609 1
208 649 1
208 752 1
208 799 1
208 900 1
209 279 1
210 280 1
210 607 1
210 635 1
210 819 1
211 249 1
211 389 1
211 446 1
211 502 1
211 539 1
211 612 1
211 664 1
211 672 1
211 678 1
211 679 1
211 693 1
211 716 1
211 724 1
211 781 1
211 784 1
211 855 1
211 863 1
211 937 1
212 518 1
212 612 1
212 618 1
212 671 1
212 746 1
212 917 1
212 926 1
212 986 1
213 373 1
213 485 1
213 567 1
213 924 1
214 297 1
214 358 1
214 384 1
214 729 1
214 732 1
214 757 1
214 816 1
214 913 1
215 356 1
215 605 1
215 776 1
215 825 1
216 411 1
216 569 1
216 585 1
216 706 1
216 711 1
216 760 1
216 834 1
216 901 1
216 924 1
217 361 1
217 399 1
217 450 1
217 536 1
217 561 1
217 798 1
217 847 1
217 868 1
218 319 1
218 490 1
218 678 1
218 694 1
218 908 1
219 298 1
219 334 1
219 415 1
219 428 1
219 524 1
219 676 1
219 906 1
220 271 1
220 348 1
220 819 1
220 822 1
220 901 1
221 272 1
221 299 1
221 345 1
221 354 1
221 578 1
221 780 1
221 868 1
221 914 1
222 274 1
222 417 1
222 520 1
222 560 1
222 672 1
222 770 1
222 812 1
222 851 1
223 240 1
223 269 1
223 597 1
223 674 1
223 746 1
223 830 1
223 889 1
224 289 1
224 292 1
224 304 1
224 560 1
224 724 1
224 861 1
225 308 1
225 337 1
225 596 1
225 658 1
225 742 1
225 802 1
225 804 1
225 870 1
226 278 1
226 308 1
226 386 1
226 452 1
226 685 1
226 716 1
226 846 1
226 922 1
226 978 1
227 359 1
227 538 1
227 688 1
227 806 1
227 822 1
227 872 1
228 437 1
228 484 1
228 508 1
228 600 1
228 739 1
228 747 1
228 890 1
228 977 1
228 981 1
229 364 1
229 425 1
229 427 1
229 541 1
229 705 1
229 779 1
230 273 1
230 441 1
230 489 1
230 597 1
230 602 1
230 846 1
230 909 1
230 929 1
231 544 1
231 565 1
231 571 1
231 593 1
231 757 1
231 843 1
231 881 1
231 893 1
231 983 1
231 988 1
231 1000 1
232 294 1
232 313 1
232 408 1
232 534 1
232 548 1
232 589 1
232 644 1
232 909 1
232 942 1
233 371 1
233 475 1
233 550 1
233 575 1
233 608 1
233 670 1
233 823 1
233 928 1
234 393 1
234 396 1
234 447 1
234 466 1
234 468 1
234 487 1
234 669 1
234 792 1
234 804 1
234 869 1
234 875 1
235 389 1
235 494 1
235 562 1
235 771 1
235 920 1
235 991 1
236 489 1
236 525 1
236 730 1
236 744 1
236 871 1
236 943 1
236 991 1
237 314 1
237 343 1
237 394 1
237 402 1
237 453 1
237 519 1
237 566 1
237 591 1
237 650 1
237 894 1
237 944 1
237 991 1
238 510 1
238 615 1
238 732 1
238 771 1
238 818 1
238 825 1
238 883 1
238 958 1
239 369 1
239 501 1
239 560 1
239 765 1
239 819 1
239 947 1
239 973 1
240 424 1
240 450 1
240 607 1
240 612 1
240 821 1
241 484 1
241 626 1
241 828 1
241 846 1
241 875 1
241 935 1
241 952 1
242 367 1
242 389 1
242 661 1
242 749 1
242 865 1
242 882 1
243 581 1
243 618 1
243 774 1
243 831 1
243 837 1
243 843 1
244 454 1
244 646 1
244 809 1
244 994 1
245 255 1
245 427 1
245 665 1
245 686 1
245 729 1
245 802 1
246 268 1
246 309 1
246 496 1
246 515 1
246 661 1
246 738 1
246 743 1
246 757 1
246 929 1
247 276 1
247 338 1
247 364 1
247 437 1
247 461 1
247 486 1
247 538 1
247 675 1
247 771 1
247 833 1
247 987 1
248 364 1
248 402 1
248 729 1
249 451 1
249 592 1
249 719 1
249 727 1
249 798 1
249 872 1
249 904 1
250 329 1
250 584 1
250 658 1
250 840 1
250 869 1
250 909 1
250 934 1
251 301 1
251 343 1
251 470 1
251 650 1
251 686 1
251 768 1
251 959 1
252 397 1
252 428 1
252 652 1
252 769 1
252 894 1
253 571 1
253 657 1
253 789 1
253 839 1
253 841 1
253 944 1
254 270 1
254 526 1
254 561 1
254 632 1
254 662 1
254 949 1
254 996 1
255 294 1
255 303 1
255 316 1
255 392 1
255 517 1
255 806 1
255 848 1
255 881 1
256 342 1
256 528 1
256 569 1
256 591 1
256 699 1
256 716 1
256 734 1
256 871 1
257 410 1
257 452 1
257 584 1
257 755 1
258 374 1
258 551 1
258 717 1
258 732 1
258 808 1
258 920 1
258 930 1
258 954 1
259 351 1
259 367 1
259 516 1
259 782 1
259 809 1
259 831 1
260 287 1
260 296 1
260 569 1
260 781 1
260 789 1
260 934 1
260 997 1
261 267 1
261 718 1
261 838 1
261 841 1
261 850 1
261 959 1
262 275 1
262 358 1
262 453 1
262 465 1
262 485 1
262 642 1
262 895 1
263 352 1
263 374 1
263 469 1
263 600 1
263 601 1
263 624 1
263 650 1
263 724 1
263 839 1
263 974 1
263 976 1
264 356 1
264 721 1
264 804 1
264 836 1
264 917 1
265 311 1
265 430 1
265 514 1
265 533 1
265 536 1
265 613 1
265 653 1
265 849 1
265 915 1
266 315 1
266 424 1
266 436 1
266 448 1
266 717 1
266 723 1
267 573 1
267 631 1
267 667 1
267 872 1
267 987 1
268 390 1
268 471 1
268 555 1
268 873 1
269 299 1
269 426 1
269 585 1
269 635 1
269 894 1
270 288 1
270 307 1
270 335 1
270 428 1
270 457 1
270 458 1
270 739 1
270 836 1
270 856 1
270 926 1
271 334 1
271 365 1
271 367 1
271 444 1
271 460 1
271 549 1
271 565 1
271 572 1
271 693 1
271 854 1
271 890 1
271 908 1
271 943 1
272 397 1
272 567 1
272 633 1
272 699 1
272 767 1
272 781 1
272 877 1
272 935 1
273 380 1
273 504 1
273 682 1
273 832 1
273 869 1
273 957 1
274 360 1
274 445 1
274 453 1
274 466 1
274 551 1
274 603 1
274 681 1
274 913 1
274 953 1
275 323 1
275 524 1
275 577 1
275 838 1
275 868 1
275 995 1
276 502 1
276 602 1
276 871 1
276 913 1
277 422 1
277 531 1
277 562 1
277 754 1
277 807 1
278 437 1
278 571 1
278 911 1
278 982 1
278 990 1
279 306 1
279 482 1
279 574 1
279 622 1
279 751 1
279 790 1
279 825 1
279 828 1
279 858 1
280 421 1
280 561 1
280 663 1
280 878 1
281 316 1
281 391 1
281 427 1
281 458 1
281 476 1
281 484 1
281 634 1
281 690 1
281 923 1
282 552 1
282 556 1
282 585 1
282 682 1
282 766 1
282 780 1
282 800 1
282 892 1
282 900 1
283 358 1
283 659 1
283 685 1
284 461 1
284 549 1
284 603 1
284 656 1
284 867 1
284 908 1
285 363 1
285 558 1
285 583 1
285 629 1
285 770 1
285 809 1
286 305 1
286 462 1
286 604 1
286 685 1
286 689 1
286 693 1
286 706 1
286 713 1
286 756 1
287 321 1
287 361 1
287 423 1
287 534 1
287 571 1
287 575 1
287 613 1
287 662 1
287 721 1
287 797 1
287 999 1
288 390 1
288 522 1
288 584 1
288 671 1
288 780 1
288 787 1
288 917 1
289 575 1
289 619 1
289 791 1
290 400 1
290 409 1
290 441 1
290 445 1
290 454 1
290 599 1
290 658 1
290 740 1
290 745 1
290 823 1
290 976 1
290 978 1
291 337 1
291 342 1
291 403 1
291 456 1
291 538 1
291 569 1
291 784 1
292 618 1
292 773 1
292 833 1
293 505 1
293 561 1
293 660 1
293 790 1
293 797 1
293 906 1
294 314 1
294 394 1
294 423 1
294 429 1
294 533 1
294 661 1
294 665 1
294 694 1
294 891 1
295 352 1
295 913 1
295 964 1
296 308 1
296 447 1
296 501 1
296 647 1
296 807 1
296 849 1
296 910 1
297 366 1
297 414 1
297 435 1
297 677 1
297 832 1
297 847 1
298 301 1
298 366 1
298 371 1
298 419 1
298 473 1
298 593 1
298 659 1
298 823 1
298 827 1
298 866 1
298 885 1
299 336 1
299 466 1
299 479 1
299 505 1
299 626 1
299 685 1
299 877 1
299 937 1
299 994 1
300 338 1
300 428 1
300 646 1
300 776 1
300 793 1
300 834 1
300 893 1
300 928 1
301 342 1
301 414 1
301 434 1
301 445 1
301 707 1
301 755 1
301 810 1
301 821 1
302 323 1
302 393 1
302 444 1
302 542 1
302 546 1
302 592 1
302 617 1
302 923 1
303 416 1
303 453 1
303 645 1
303 704 1
303 910 1
304 469 1
304 834 1
304 836 1
304 888 1
304 986 1
305 334 1
305 341 1
305 351 1
305 391 1
305 461 1
305 763 1
305 824 1
305 924 1
305 996 1
306 328 1
306 452 1
306 779 1
306 914 1
307 331 1
307 336 1
307 562 1
307 605 1
307 809 1
307 868 1
307 901 1
307 907 1
308 578 1
308 704 1
308 707 1
308 888 1
308 962 1
309 318 1
309 380 1
309 455 1
309 696 1
309 748 1
310 602 1
310 805 1
311 370 1
311 372 1
311 396 1
311 410 1
311 484 1
311 607 1
311 636 1
311 659 1
311 672 1
311 766 1
311 981 1
312 427 1
312 547 1
312 632 1
312 751 1
312 880 1
313 411 1
313 476 1
313 496 1
313 721 1
313 822 1
313 856 1
313 871 1
314 337 1
314 339 1
314 661 1
314 958 1
315 378 1
315 407 1
315 476 1
315 613 1
315 665 1
315 717 1
315 824 1
315 975 1
316 332 1
316 387 1
316 487 1
316 505 1
316 560 1
316 598 1
316 665 1
316 737 1
316 838 1
316 926 1
317 337 1
317 641 1
317 830 1
317 834 1
318 335 1
318 416 1
318 444 1
318 942 1
319 323 1
319 456 1
319 808 1
319 856 1
320 331 1
320 442 1
320 510 1
320 586 1
321 355 1
321 364 1
321 438 1
321 455 1
321 559 1
321 581 1
321 629 1
321 766 1
321 773 1
321 944 1
321 975 1
321 984 1
322 323 1
322 360 1
322 368 1
322 391 1
322 495 1
322 507 1
322 512 1
322 546 1
322 558 1
322 590 1
322 696 1
322 735 1
322 740 1
323 373 1
323 478 1
323 487 1
323 642 1
323 650 1
323 731 1
323 736 1
323 790 1
323 793 1
323 899 1
323 945 1
324 412 1
324 413 1
324 542 1
324 656 1
324 781 1
324 898 1
324 981 1
324 997 1
325 337 1
325 473 1
325 620 1
325 712 1
325 728 1
325 784 1
325 847 1
325 911 1
326 612 1
326 749 1
326 891 1
326 908 1
326 938 1
326 980 1
327 342 1
327 420 1
327 430 1
327 475 1
327 588 1
327 925 1
328 989 1
328 991 1
329 541 1
329 685 1
329 932 1
330 351 1
330 357 1
330 384 1
330 433 1
330 442 1
330 527 1
330 882 1
330 989 1
330 994 1
331 376 1
331 390 1
331 401 1
331 421 1
331 501 1
331 541 1
331 647 1
331 832 1
331 999 1
332 355 1
332 367 1
332 515 1
332 583 1
332 609 1
332 932 1
332 962 1
333 361 1
333 482 1
333 656 1
333 698 1
333 731 1
333 941 1
333 972 1
334 633 1
334 689 1
334 788 1
334 815 1
334 895 1
335 362 1
335 455 1
335 465 1
335 478 1
335 616 1
335 658 1
335 690 1
335 700 1
335 818 1
335 828 1
336 372 1
336 416 1
336 488 1
336 592 1
336 794 1
336 849 1
336 855 1
336 868 1
336 875 1
336 960 1
337 357 1
337 605 1
337 607 1
337 673 1
337 969 1
338 346 1
338 410 1
338 571 1
338 762 1
338 827 1
339 430 1
339 444 1
339 621 1
339 662 1
339 764 1
340 411 1
341 393 1
341 533 1
341 579 1
341 636 1
341 731 1
341 766 1
341 928 1
342 449 1
342 573 1
342 756 1
342 838 1
343 653 1
343 687 1
343 755 1
343 962 1
344 388 1
344 466 1
344 596 1
344 627 1
345 374 1
345 463 1
345 540 1
345 565 1
345 678 1
345 827 1
345 839 1
345 984 1
346 423 1
346 557 1
346 618 1
346 704 1
346 938 1
346 965 1
347 417 1
347 515 1
347 553 1
347 597 1
347 678 1
347 811 1
347 844 1
347 988 1
348 355 1
348 358 1
348 588 1
348 592 1
348 615 1
348 722 1
349 367 1
349 392 1
349 466 1
349 489 1
349 601 1
349 825 1
349 864 1
349 923 1
350 431 1
350 540 1
350 675 1
350 821 1
350 850 1
350 870 1
350 890 1
350 944 1
350 987 1
351 403 1
351 495 1
351 531 1
351 565 1
351 600 1
351 721 1
351 875 1
352 481 1
352 671 1
352 729 1
352 807 1
352 822 1
352 998 1
353 798 1
353 799 1
353 812 1
353 955 1
354 382 1
354 464 1
354 563 1
354 836 1
354 989 1
355 424 1
355 451 1
355 453 1
355 460 1
355 538 1
355 554 1
355 712 1
355 849 1
355 909 1
356 391 1
356 406 1
356 504 1
356 674 1
356 683 1
356 749 1
356 790 1
356 794 1
356 814 1
356 923 1
357 404 1
357 663 1
357 743 1
357 808 1
357 825 1
357 835 1
357 931 1
357 954 1
358 765 1
358 830 1
358 838 1
358 895 1
359 389 1
359 724 1
359 761 1
359 797 1
360 456 1
360 477 1
360 540 1
360 610 1
360 621 1
360 758 1
360 994 1
361 369 1
361 426 1
361 469 1
361 490 1
361 507 1
361 568 1
361 623 1
361 734 1
361 781 1
361 789 1
362 641 1
362 872 1
362 966 1
362 988 1
363 516 1
363 526 1
363 576 1
363 878 1
364 471 1
364 497 1
364 501 1
364 615 1
364 876 1
364 989 1
365 371 1
365 591 1
365 660 1
365 695 1
365 752 1
365 757 1
365 852 1
365 959 1
366 715 1
366 794 1
366 823 1
366 975 1
367 375 1
367 431 1
367 440 1
367 451 1
367 458 1
367 476 1
367 681 1
367 828 1
368 448 1
368 513 1
368 598 1
368 709 1
368 745 1
368 746 1
368 831 1
368 848 1
368 850 1
368 871 1
368 917 1
370 403 1
370 429 1
370 502 1
370 677 1
370 688 1
370 778 1
371 482 1
371 560 1
371 573 1
371 777 1
371 816 1
371 823 1
372 524 1
372 546 1
372 553 1
372 661 1
372 804 1
372 839 1
372 881 1
372 948 1
373 401 1
373 426 1
373 591 1
373 607 1
373 639 1
373 803 1
373 860 1
373 929 1
373 955 1
374 427 1
374 495 1
374 529 1
374 546 1
374 709 1
374 746 1
374 927 1
374 970 1
375 544 1
375 704 1
375 737 1
375 863 1
375 920 1
376 405 1
376 431 1
376 606 1
376 708 1
376 759 1
376 829 1
376 877 1
376 946 1
376 993 1
377 428 1
377 513 1
377 669 1
377 741 1
378 571 1
378 642 1
378 685 1
378 823 1
378 956 1
379 519 1
379 559 1
379 635 1
379 814 1
379 824 1
379 988 1
380 399 1
380 503 1
380 663 1
380 690 1
380 711 1
380 813 1
380 875 1
380 908 1
381 416 1
381 783 1
381 825 1
381 834 1
381 929 1
381 939 1
381 946 1
382 398 1
382 532 1
382 837 1
383 402 1
383 525 1
383 565 1
383 568 1
383 700 1
383 829 1
383 970 1
384 439 1
384 539 1
384 675 1
384 740 1
384 761 1
384 866 1
384 953 1
385 402 1
385 404 1
385 574 1
385 837 1
385 842 1
386 632 1
386 768 1
386 904 1
386 941 1
387 398 1
387 432 1
387 521 1
387 585 1
387 613 1
387 745 1
387 894 1
387 988 1
388 419 1
388 565 1
388 660 1
388 956 1
389 407 1
389 493 1
389 599 1
389 639 1
389 809 1
389 824 1
389 830 1
389 947 1
389 967 1
390 392 1
390 403 1
390 562 1
390 584 1
390 626 1
390 683 1
390 764 1
390 777 1
390 888 1
390 930 1
391 508 1
391 748 1
391 843 1
391 997 1
391 1000 1
392 405 1
392 433 1
392 462 1
392 551 1
392 696 1
392 699 1
393 715 1
393 724 1
393 820 1
393 869 1
394 429 1
394 545 1
394 659 1
394 789 1
394 803 1
394 993 1
395 465 1
395 484 1
395 654 1
395 726 1
395 770 1
395 798 1
395 815 1
395 832 1
395 903 1
395 918 1
395 931 1
395 964 1
396 461 1
396 523 1
396 541 1
396 554 1
396 720 1
396 744 1
396 816 1
396 848 1
397 457 1
397 579 1
397 607 1
397 650 1
397 673 1
397 746 1
397 749 1
397 834 1
398 401 1
398 535 1
398 915 1
398 933 1
399 422 1
399 437 1
399 527 1
399 583 1
399 702 1
399 744 1
399 865 1
399 897 1
399 969 1
399 993 1
400 424 1
400 519 1
400 677 1
400 679 1
400 756 1
400 982 1
401 493 1
401 549 1
401 629 1
401 635 1
401 823 1
401 826 1
401 827 1
402 543 1
402 667 1
402 785 1
402 939 1
403 502 1
403 577 1
403 622 1
403 855 1
404 576 1
404 761 1
404 859 1
404 874 1
404 895 1
404 954 1
405 513 1
405 522 1
405 526 1
405 668 1
405 762 1
405 839 1
406 444 1
406 884 1
406 902 1
407 704 1
407 828 1
407 912 1
408 521 1
408 690 1
408 777 1
408 822 1
408 940 1
409 496 1
409 619 1
409 727 1
409 763 1
409 854 1
409 866 1
409 898 1
410 561 1
410 661 1
410 696 1
410 710 1
410 943 1
410 957 1
411 480 1
411 639 1
411 668 1
411 845 1
411 974 1
412 443 1
412 449 1
412 483 1
412 490 1
412 539 1
412 593 1
412 599 1
412 818 1
412 894 1
412 991 1
413 447 1
413 468 1
413 490 1
413 498 1
413 582 1
413 706 1
414 464 1
414 470 1
414 761 1
414 825 1
414 858 1
414 936 1
415 421 1
415 606 1
415 684 1
415 769 1
415 793 1
415 881 1
415 993 1
416 471 1
416 507 1
416 519 1
416 623 1
416 803 1
416 810 1
416 885 1
416 886 1
416 924 1
416 944 1
416 971 1
416 982 1
417 456 1
417 512 1
417 655 1
417 718 1
417 731 1
417 749 1
417 766 1
417 824 1
417 892 1
418 419 1
418 506 1
418 637 1
418 909 1
419 424 1
419 486 1
419 494 1
419 688 1
419 917 1
420 508 1
420 609 1
420 648 1
420 814 1
420 836 1
420 921 1
421 531 1
421 540 1
421 676 1
421 753 1
421 762 1
421 819 1
421 824 1
422 434 1
422 584 1
422 615 1
422 733 1
422 978 1
422 1000 1
423 432 1
423 539 1
423 656 1
423 754 1
423 864 1
423 878 1
424 433 1
424 568 1
424 855 1
425 541 1
425 627 1
425 901 1
425 926 1
426 560 1
426 584 1
426 635 1
426 740 1
426 783 1
426 803 1
427 550 1
427 896 1
428 485 1
428 662 1
428 762 1
428 918 1
428 955 1
429 481 1
429 793 1
430 491 1
430 575 1
430 616 1
430 661 1
430 666 1
430 681 1
430 786 1
431 446 1
431 467 1
431 476 1
431 515 1
431 648 1
431 924 1
431 989 1
432 748 1
432 834 1
432 961 1
433 438 1
433 627 1
433 676 1
433 971 1
434 586 1
434 633 1
434 693 1
434 830 1
434 873 1
434 893 1
434 899 1
435 504 1
435 520 1
435 522 1
435 529 1
435 606 1
435 625 1
435 663 1
435 668 1
435 729 1
435 768 1
435 780 1
435 864 1
435 872 1
435 955 1
435 1000 1
436 507 1
436 543 1
437 627 1
437 659 1
437 727 1
437 877 1
437 881 1
437 899 1
437 922 1
438 481 1
438 511 1
438 536 1
438 591 1
438 634 1
438 890 1
439 586 1
439 666 1
439 750 1
440 634 1
440 709 1
440 886 1
440 937 1
441 781 1
442 489 1
442 530 1
442 855 1
442 969 1
442 997 1
443 710 1
443 780 1
443 861 1
443 884 1
443 947 1
443 959 1
443 990 1
444 612 1
444 949 1
444 988 1
445 493 1
445 645 1
445 684 1
445 855 1
445 890 1
446 732 1
446 842 1
446 927 1
447 528 1
447 623 1
447 668 1
447 795 1
447 940 1
447 963 1
448 468 1
448 548 1
448 562 1
448 979 1
449 472 1
449 524 1
449 540 1
449 556 1
449 585 1
449 648 1
449 951 1
450 533 1
450 561 1
450 696 1
450 701 1
450 996 1
451 471 1
451 569 1
451 593 1
451 681 1
451 734 1
451 768 1
451 937 1
452 540 1
452 864 1
452 904 1
452 909 1
452 929 1
452 942 1
453 648 1
453 708 1
453 749 1
453 990 1
454 475 1
454 771 1
454 824 1
454 882 1
454 889 1
455 478 1
455 735 1
455 812 1
456 818 1
456 875 1
456 882 1
456 899 1
457 712 1
457 736 1
457 818 1
457 846 1
457 853 1
457 894 1
457 904 1
458 476 1
458 480 1
458 482 1
458 550 1
458 567 1
458 701 1
458 911 1
458 993 1
459 499 1
460 475 1
460 492 1
460 651 1
460 902 1
461 721 1
461 849 1
461 874 1
462 571 1
462 609 1
462 627 1
462 769 1
462 791 1
462 818 1
463 608 1
463 671 1
463 691 1
463 771 1
463 922 1
463 967 1
463 995 1
464 535 1
464 634 1
464 674 1
464 787 1
464 974 1
465 484 1
465 540 1
465 568 1
465 781 1
465 941 1
466 611 1
466 814 1
466 944 1
466 995 1
467 526 1
467 572 1
467 617 1
467 681 1
467 800 1
467 848 1
467 992 1
468 567 1
468 663 1
468 672 1
468 742 1
469 570 1
469 575 1
469 710 1
469 740 1
469 742 1
469 792 1
469 837 1
469 921 1
469 995 1
470 484 1
470 515 1
470 521 1
470 540 1
470 566 1
470 652 1
470 725 1
470 731 1
470 899 1
470 926 1
471 581 1
471 724 1
471 877 1
471 909 1
471 993 1
472 576 1
472 796 1
472 803 1
472 834 1
473 544 1
473 545 1
473 877 1
473 1000 1
474 571 1
474 607 1
474 681 1
474 823 1
474 970 1
474 982 1
475 516 1
475 616 1
475 680 1
475 705 1
475 777 1
475 805 1
475 850 1
475 914 1
476 512 1
476 702 1
476 727 1
476 912 1
476 960 1
477 541 1
477 701 1
477 846 1
477 903 1
477 914 1
478 828 1
478 898 1
479 614 1
479 627 1
479 637 1
479 977 1
480 492 1
480 645 1
480 696 1
480 862 1
480 985 1
481 569 1
481 627 1
481 724 1
481 890 1
481 950 1
482 889 1
482 921 1
482 991 1
482 996 1
483 495 1
483 520 1
483 558 1
483 832 1
483 883 1
484 489 1
484 633 1
484 649 1
484 801 1
484 842 1
484 873 1
484 900 1
485 513 1
485 683 1
485 728 1
485 737 1
485 796 1
485 806 1
485 826 1
485 835 1
485 865 1
485 891 1
485 938 1
485 943 1
485 953 1
486 692 1
486 717 1
486 811 1
487 505 1
487 526 1
487 542 1
487 748 1
487 767 1
487 845 1
487 918 1
487 923 1
487 924 1
487 948 1
488 651 1
488 677 1
488 684 1
488 879 1
488 898 1
488 923 1
489 514 1
489 582 1
489 693 1
490 544 1
490 552 1
490 589 1
490 600 1
490 684 1
491 721 1
491 734 1
491 739 1
491 860 1
491 862 1
491 979 1
492 732 1
492 751 1
492 796 1
492 874 1
493 596 1
493 723 1
493 847 1
494 561 1
494 588 1
494 699 1
494 728 1
495 500 1
495 525 1
495 562 1
495 743 1
495 816 1
496 531 1
496 608 1
496 963 1
497 561 1
497 563 1
497 653 1
497 656 1
497 988 1
498 559 1
498 772 1
498 854 1
498 878 1
498 886 1
498 890 1
499 509 1
499 530 1
499 603 1
500 792 1
500 817 1
500 912 1
501 521 1
501 587 1
501 596 1
501 657 1
501 787 1
501 822 1
501 886 1
501 914 1
502 565 1
502 576 1
503 693 1
503 753 1
503 768 1
503 947 1
504 691 1
504 700 1
504 729 1
504 872 1
504 908 1
505 524 1
505 570 1
505 681 1
505 782 1
505 964 1
506 952 1
507 532 1
507 626 1
507 667 1
507 703 1
507 762 1
507 787 1
507 882 1
507 921 1
508 685 1
508 901 1
509 896 1
509 937 1
509 946 1
510 798 1
511 684 1
511 902 1
512 532 1
512 679 1
512 821 1
512 836 1
513 561 1
513 612 1
513 613 1
513 736 1
513 761 1
513 766 1
513 914 1
513 995 1
513 999 1
514 566 1
514 614 1
514 639 1
514 679 1
514 823 1
514 842 1
514 892 1
515 538 1
515 612 1
515 662 1
515 675 1
515 740 1
515 941 1
516 595 1
516 693 1
516 799 1
516 868 1
516 950 1
516 957 1
517 644 1
517 669 1
517 810 1
517 964 1
518 720 1
518 797 1
519 547 1
519 562 1
519 620 1
519 629 1
519 630 1
519 769 1
519 800 1
519 808 1
519 945 1
520 542 1
520 635 1
520 641 1
520 664 1
520 756 1
520 758 1
520 982 1
521 678 1
521 831 1
521 935 1
521 989 1
522 595 1
522 633 1
522 716 1
522 777 1
523 524 1
523 566 1
523 695 1
523 709 1
523 896 1
523 932 1
523 986 1
524 530 1
524 593 1
524 617 1
524 782 1
524 851 1
524 891 1
525 574 1
525 585 1
525 745 1
525 813 1
525 923 1
525 982 1
526 614 1
526 715 1
526 741 1
526 802 1
526 855 1
526 975 1
527 652 1
527 865 1
527 913 1
527 920 1
527 951 1
528 546 1
528 597 1
528 636 1
528 937 1
529 535 1
529 783 1
530 560 1
530 618 1
530 668 1
530 751 1
530 792 1
530 860 1
530 922 1
531 643 1
531 660 1
531 662 1
531 865 1
531 870 1
531 951 1
532 677 1
533 688 1
533 837 1
533 844 1
533 865 1
533 942 1
534 887 1
534 1000 1
535 688 1
535 757 1
535 765 1
535 802 1
535 816 1
535 820 1
536 646 1
537 555 1
537 731 1
537 738 1
537 875 1
537 956 1
537 964 1
537 978 1
538 611 1
538 663 1
538 689 1
539 634 1
539 787 1
539 878 1
540 566 1
540 623 1
540 787 1
541 560 1
541 613 1
541 638 1
541 679 1
541 729 1
541 818 1
542 710 1
542 741 1
542 992 1
543 623 1
543 664 1
543 731 1
544 603 1
544 756 1
544 916 1
544 952 1
545 613 1
545 685 1
545 752 1
546 654 1
546 715 1
546 741 1
546 742 1
547 605 1
547 616 1
547 715 1
547 807 1
547 931 1
547 964 1
548 578 1
548 581 1
548 923 1
549 864 1
549 936 1
549 978 1
550 795 1
550 801 1
550 829 1
551 794 1
551 962 1
551 968 1
552 572 1
552 578 1
552 588 1
552 628 1
552 673 1
552 766 1
552 837 1
552 866 1
552 884 1
552 917 1
553 713 1
553 733 1
553 787 1
553 934 1
553 966 1
554 866 1
555 718 1
555 747 1
555 890 1
555 914 1
555 934 1
556 661 1
556 679 1
556 685 1
556 751 1
556 769 1
556 921 1
556 924 1
556 956 1
558 638 1
558 695 1
558 732 1
558 821 1
558 871 1
558 888 1
558 981 1
559 750 1
559 788 1
559 798 1
559 877 1
560 801 1
560 810 1
560 850 1
560 905 1
561 562 1
561 636 1
561 691 1
561 885 1
561 904 1
562 688 1
562 827 1
562 939 1
563 610 1
563 726 1
563 788 1
563 890 1
564 615 1
564 802 1
564 804 1
564 988 1
565 628 1
565 672 1
565 694 1
565 779 1
565 833 1
565 835 1
565 886 1
566 678 1
566 755 1
566 849 1
566 861 1
566 905 1
566 969 1
566 974 1
567 585 1
567 623 1
567 645 1
567 661 1
567 678 1
567 726 1
567 760 1
567 787 1
567 813 1
567 864 1
567 872 1
568 684 1
568 837 1
568 857 1
568 877 1
569 623 1
569 758 1
569 818 1
570 701 1
570 806 1
571 693 1
571 720 1
571 971 1
572 912 1
573 832 1
573 859 1
573 895 1
574 690 1
574 691 1
574 848 1
575 633 1
575 847 1
575 957 1
576 663 1
576 667 1
576 731 1
576 744 1
576 754 1
576 795 1
576 869 1
576 879 1
576 918 1
577 578 1
577 887 1
578 668 1
578 736 1
578 887 1
578 903 1
579 651 1
579 804 1
580 813 1
580 911 1
580 916 1
580 973 1
581 676 1
581 815 1
581 874 1
581 899 1
582 592 1
582 792 1
582 815 1
583 587 1
583 637 1
583 650 1
583 791 1
583 861 1
584 607 1
584 614 1
584 626 1
584 631 1
584 897 1
585 698 1
585 703 1
585 951 1
585 991 1
586 746 1
586 812 1
586 861 1
586 923 1
587 719 1
587 774 1
587 788 1
587 801 1
587 809 1
587 864 1
588 617 1
588 689 1
588 708 1
588 876 1
588 931 1
589 639 1
589 957 1
590 787 1
590 816 1
590 947 1
590 994 1
591 974 1
591 983 1
592 655 1
592 705 1
592 938 1
593 664 1
593 789 1
594 733 1
594 949 1
594 966 1
594 969 1
594 987 1
595 687 1
595 804 1
595 814 1
595 926 1
596 683 1
596 852 1
596 894 1
596 925 1
597 607 1
597 648 1
597 701 1
597 731 1
597 741 1
597 844 1
597 879 1
597 904 1
597 906 1
598 620 1
598 700 1
598 734 1
598 735 1
598 738 1
598 804 1
598 947 1
598 998 1
599 651 1
599 821 1
600 787 1
600 801 1
601 644 1
601 663 1
601 714 1
601 913 1
601 970 1
602 723 1
602 825 1
602 933 1
602 964 1
602 981 1
602 997 1
603 617 1
603 913 1
603 983 1
604 708 1
604 753 1
604 770 1
604 847 1
605 667 1
605 720 1
605 874 1
606 702 1
606 769 1
607 693 1
607 767 1
607 848 1
608 820 1
608 840 1
608 932 1
609 638 1
609 698 1
609 879 1
609 902 1
609 939 1
610 814 1
610 815 1
610 873 1
610 990 1
611 614 1
611 717 1
611 752 1
611 869 1
611 995 1
612 729 1
612 982 1
613 792 1
613 914 1
614 788 1
614 791 1
614 863 1
614 896 1
614 959 1
614 974 1
614 995 1
615 628 1
615 705 1
615 723 1
615 950 1
615 972 1
616 652 1
616 691 1
616 696 1
616 787 1
616 913 1
616 981 1
617 766 1
617 778 1
617 802 1
618 634 1
618 701 1
618 918 1
618 983 1
619 626 1
619 630 1
619 769 1
619 951 1
620 648 1
620 723 1
620 780 1
620 851 1
620 864 1
620 866 1
620 889 1
621 965 1
622 692 1
622 708 1
622 778 1
622 830 1
622 847 1
623 687 1
623 771 1
623 849 1
623 897 1
623 987 1
624 695 1
624 814 1
624 825 1
625 763 1
625 770 1
625 786 1
625 934 1
625 939 1
625 941 1
626 789 1
627 797 1
627 951 1
627 997 1
628 655 1
628 703 1
628 731 1
628 765 1
628 777 1
629 636 1
630 631 1
630 674 1
630 759 1
630 823 1
630 949 1
631 651 1
631 887 1
631 936 1
632 809 1
633 675 1
633 760 1
634 754 1
634 802 1
634 814 1
634 887 1
634 946 1
635 743 1
635 758 1
635 761 1
635 802 1
635 897 1
636 866 1
637 775 1
637 788 1
637 820 1
637 880 1
637 925 1
637 963 1
638 741 1
638 800 1
638 818 1
638 981 1
639 701 1
639 846 1
640 670 1
640 680 1
640 814 1
641 886 1
644 655 1
644 717 1
644 828 1
644 985 1
645 687 1
645 698 1
645 777 1
645 812 1
645 875 1
646 693 1
646 880 1
646 931 1
647 651 1
647 727 1
648 824 1
648 871 1
649 896 1
649 917 1
650 765 1
650 892 1
651 701 1
651 988 1
651 989 1
652 742 1
652 766 1
652 784 1
652 805 1
652 1000 1
653 795 1
653 835 1
653 867 1
653 886 1
654 678 1
654 714 1
654 889 1
655 727 1
655 898 1
655 941 1
655 943 1
655 958 1
656 712 1
656 767 1
656 771 1
656 856 1
656 899 1
657 726 1
658 846 1
658 862 1
660 729 1
660 872 1
660 905 1
660 984 1
660 996 1
661 791 1
662 833 1
662 835 1
662 895 1
662 904 1
663 796 1
663 826 1
663 874 1
664 776 1
664 958 1
664 992 1
664 999 1
665 719 1
665 753 1
665 788 1
665 873 1
666 672 1
666 732 1
666 882 1
666 915 1
667 668 1
667 686 1
667 882 1
668 807 1
668 838 1
668 852 1
668 894 1
669 679 1
669 714 1
669 722 1
669 746 1
669 903 1
670 739 1
670 938 1
670 975 1
671 689 1
671 716 1
671 743 1
671 837 1
671 856 1
671 896 1
671 997 1
672 805 1
673 707 1
673 758 1
673 890 1
673 927 1
673 954 1
674 758 1
674 822 1
674 967 1
675 924 1
675 949 1
676 779 1
676 881 1
676 920 1
677 729 1
677 932 1
677 965 1
678 754 1
678 812 1
679 947 1
679 993 1
680 835 1
680 841 1
681 693 1
681 846 1
681 877 1
682 777 1
682 970 1
683 864 1
684 766 1
684 844 1
684 911 1
685 858 1
685 888 1
685 923 1
685 948 1
686 740 1
686 774 1
687 798 1
687 809 1
687 822 1
687 956 1
688 796 1
688 870 1
688 904 1
688 980 1
689 721 1
689 846 1
690 861 1
690 961 1
691 710 1
691 824 1
691 829 1
691 941 1
692 720 1
692 746 1
692 830 1
693 834 1
694 768 1
694 828 1
694 910 1
695 806 1
695 872 1
695 904 1
696 768 1
696 794 1
697 845 1
697 955 1
697 970 1
697 976 1
698 758 1
699 771 1
699 818 1
699 930 1
699 993 1
700 827 1
701 888 1
703 725 1
703 903 1
703 913 1
704 728 1
704 790 1
704 992 1
705 899 1
706 735 1
706 755 1
706 879 1
707 718 1
707 804 1
708 776 1
708 910 1
709 845 1
710 751 1
710 789 1
711 842 1
711 853 1
711 889 1
711 899 1
712 747 1
712 791 1
712 825 1
713 908 1
714 831 1
714 842 1
714 910 1
715 758 1
715 855 1
715 919 1
715 926 1
716 809 1
717 851 1
717 977 1
718 769 1
718 833 1
718 845 1
718 869 1
718 915 1
719 816 1
719 872 1
719 901 1
719 948 1
720 762 1
720 813 1
720 972 1
721 941 1
722 730 1
722 833 1
722 843 1
723 868 1
723 876 1
723 891 1
723 928 1
724 796 1
724 820 1
724 846 1
725 772 1
725 777 1
726 814 1
726 946 1
727 794 1
727 796 1
727 884 1
727 891 1
727 926 1
727 951 1
728 755 1
728 759 1
728 782 1
728 847 1
728 972 1
728 974 1
729 845 1
729 901 1
729 932 1
730 847 1
730 885 1
731 757 1
731 778 1
731 858 1
731 915 1
731 964 1
732 856 1
733 840 1
733 848 1
733 939 1
734 759 1
734 795 1
735 884 1
735 956 1
735 967 1
737 802 1
737 986 1
738 910 1
739 778 1
739 804 1
739 814 1
739 824 1
739 904 1
739 978 1
739 980 1
740 853 1
740 860 1
740 876 1
740 878 1
741 769 1
741 786 1
741 807 1
741 912 1
741 993 1
742 832 1
742 857 1
743 815 1
743 841 1
743 953 1
744 763 1
744 770 1
744 843 1
744 922 1
744 940 1
744 989 1
745 838 1
745 877 1
745 923 1
745 980 1
746 753 1
746 777 1
746 823 1
746 839 1
747 837 1
747 854 1
748 861 1
749 801 1
749 897 1
750 853 1
750 887 1
751 768 1
751 826 1
751 833 1
751 851 1
751 998 1
751 1000 1
752 803 1
752 820 1
753 779 1
754 864 1
754 945 1
754 993 1
755 937 1
755 968 1
756 828 1
756 956 1
756 960 1
757 976 1
757 992 1
758 840 1
758 968 1
759 885 1
760 809 1
760 916 1
761 994 1
762 912 1
763 768 1
763 854 1
763 893 1
763 981 1
764 798 1
764 923 1
765 806 1
765 887 1
765 958 1
766 809 1
766 934 1
766 968 1
767 856 1
767 878 1
768 810 1
768 851 1
768 902 1
768 956 1
769 817 1
769 991 1
770 966 1
771 802 1
771 941 1
772 805 1
772 890 1
772 897 1
772 923 1
772 942 1
774 832 1
775 906 1
776 849 1
776 926 1
777 800 1
777 964 1
778 999 1
780 961 1
781 809 1
781 814 1
782 883 1
782 888 1
782 952 1
782 978 1
783 861 1
783 893 1
784 838 1
784 864 1
784 906 1
785 800 1
785 1000 1
786 804 1
786 883 1
787 862 1
788 997 1
789 867 1
791 963 1
792 866 1
794 835 1
794 892 1
794 920 1
795 861 1
795 906 1
795 934 1
796 934 1
797 827 1
797 912 1
798 878 1
799 848 1
800 852 1
800 877 1
800 928 1
801 908 1
801 915 1
801 957 1
801 965 1
801 976 1
801 990 1
802 839 1
802 909 1
803 873 1
803 888 1
804 945 1
805 889 1
807 877 1
807 905 1
807 911 1
808 931 1
808 964 1
809 860 1
809 965 1
811 829 1
811 923 1
811 942 1
812 929 1
812 982 1
813 834 1
813 962 1
813 993 1
814 997 1
815 882 1
816 869 1
816 985 1
817 830 1
817 838 1
817 963 1
818 823 1
818 877 1
818 994 1
819 907 1
819 928 1
820 854 1
820 958 1
821 961 1
822 846 1
822 900 1
822 904 1
822 921 1
823 844 1
823 870 1
823 881 1
823 915 1
824 923 1
824 949 1
825 870 1
825 873 1
826 887 1
826 930 1
826 944 1
828 851 1
828 895 1
828 911 1
829 948 1
830 833 1
830 854 1
830 971 1
832 950 1
832 994 1
835 935 1
836 852 1
836 882 1
837 901 1
837 977 1
837 990 1
839 842 1
839 858 1
840 950 1
840 997 1
841 845 1
841 879 1
841 947 1
842 956 1
844 982 1
845 846 1
847 989 1
848 853 1
849 868 1
850 860 1
850 929 1
851 967 1
851 981 1
852 887 1
853 973 1
853 982 1
854 906 1
855 935 1
855 941 1
856 994 1
857 936 1
857 977 1
859 953 1
860 992 1
861 939 1
862 955 1
864 924 1
865 880 1
865 911 1
865 930 1
865 959 1
867 886 1
867 927 1
867 957 1
868 912 1
869 900 1
869 996 1
870 910 1
870 977 1
871 934 1
872 941 1
872 954 1
872 992 1
872 997 1
873 975 1
874 877 1
874 939 1
875 955 1
876 933 1
876 938 1
877 921 1
878 897 1
878 915 1
879 924 1
879 964 1
880 925 1
880 948 1
883 901 1
883 944 1
884 914 1
884 951 1
885 902 1
885 905 1
885 969 1
886 965 1
886 998 1
887 931 1
887 945 1
888 901 1
889 956 1
890 897 1
892 948 1
893 914 1
894 935 1
895 981 1
896 975 1
896 996 1
897 951 1
897 954 1
897 980 1
898 946 1
899 956 1
900 934 1
901 965 1
902 910 1
903 941 1
903 961 1
904 907 1
904 966 1
906 987 1
911 996 1
919 936 1
919 945 1
919 965 1
920 943 1
920 972 1
921 976 1
922 986 1
923 990 1
926 951 1
926 989 1
927 977 1
928 944 1
930 955 1
931 961 1
932 937 1
932 944 1
932 995 1
935 998 1
936 955 1
937 954 1
939 966 1
939 968 1
942 944 1
943 952 1
945 956 1
946 977 1
948 951 1
948 979 1
950 952 1
952 974 1
955 968 1
960 966 1
973 994 1
974 983 1
974 996 1
978 979 1
979 993 1
980 999 1
992 999 1
