1000 5011
1 50 1
1 136 1
1 210 1
1 226 1
1 228 1
1 260 1
1 272 1
1 355 1
1 542 1
1 562 1
1 581 1
1 657 1
1 742 1
1 831 1
1 883 1
2 225 1
2 253 1
2 300 1
2 371 1
2 431 1
2 492 1
2 510 1
3 353 1
3 630 1
3 644 1
3 646 1
3 701 1
3 766 1
3 789 1
3 816 1
3 938 1
4 222 1
4 603 1
4 670 1
4 897 1
5 33 1
5 104 1
5 218 1
5 323 1
5 344 1
5 421 1
5 451 1
5 603 1
5 627 1
5 650 1
5 708 1
6 78 1
6 159 1
6 233 1
6 258 1
6 328 1
6 348 1
6 373 1
6 549 1
6 718 1
6 839 1
7 37 1
7 103 1
7 109 1
7 209 1
7 462 1
7 511 1
7 529 1
7 704 1
8 218 1
8 221 1
8 307 1
8 371 1
8 564 1
8 653 1
8 664 1
8 823 1
8 903 1
8 935 1
8 937 1
8 952 1
9 80 1
9 90 1
9 128 1
9 129 1
9 132 1
9 135 1
9 207 1
9 390 1
9 435 1
9 441 1
9 493 1
9 551 1
9 558 1
9 630 1
9 697 1
10 39 1
10 44 1
10 198 1
10 208 1
10 522 1
10 579 1
10 593 1
10 706 1
10 771 1
10 847 1
11 46 1
11 58 1
11 112 1
11 138 1
11 234 1
11 420 1
11 608 1
11 708 1
11 784 1
11 814 1
11 898 1
11 988 1
12 53 1
12 87 1
12 88 1
12 93 1
12 969 1
13 49 1
13 68 1
13 313 1
13 386 1
13 515 1
13 602 1
13 886 1
13 903 1
14 47 1
14 479 1
14 514 1
14 662 1
14 734 1
14 779 1
15 42 1
15 77 1
15 93 1
15 146 1
15 314 1
15 327 1
15 435 1
15 748 1
15 841 1
16 63 1
16 329 1
16 348 1
16 403 1
16 454 1
16 647 1
16 896 1
17 127 1
17 169 1
17 237 1
17 245 1
17 279 1
17 345 1
17 608 1
17 635 1
17 712 1
17 779 1
17 837 1
17 975 1
18 66 1
18 262 1
18 337 1
18 416 1
18 597 1
18 638 1
18 640 1
18 687 1
18 736 1
18 794 1
19 55 1
19 145 1
19 181 1
19 328 1
19 371 1
19 377 1
19 483 1
19 864 1
19 912 1
19 969 1
20 207 1
20 219 1
20 366 1
20 411 1
20 425 1
20 452 1
20 533 1
20 613 1
20 726 1
20 932 1
20 985 1
21 58 1
21 341 1
21 411 1
21 452 1
21 471 1
21 499 1
21 671 1
21 814 1
21 856 1
21 867 1
21 980 1
22 45 1
22 116 1
22 266 1
22 283 1
22 373 1
22 450 1
22 456 1
22 494 1
22 522 1
22 724 1
22 903 1
22 933 1
22 993 1
23 46 1
23 110 1
23 134 1
23 416 1
23 767 1
23 807 1
23 907 1
23 983 1
24 121 1
24 394 1
24 402 1
24 447 1
24 484 1
24 538 1
24 662 1
24 674 1
24 799 1
24 813 1
24 850 1
24 886 1
25 193 1
25 230 1
25 644 1
25 684 1
26 185 1
26 282 1
26 574 1
26 604 1
26 612 1
26 863 1
26 996 1
26 999 1
27 180 1
27 456 1
27 475 1
27 668 1
27 808 1
27 949 1
28 290 1
28 344 1
28 493 1
28 511 1
28 539 1
28 642 1
29 72 1
29 85 1
29 310 1
29 318 1
29 498 1
29 607 1
29 793 1
30 50 1
30 83 1
30 169 1
30 189 1
30 205 1
30 331 1
30 561 1
30 594 1
30 610 1
30 850 1
30 880 1
30 882 1
30 931 1
30 938 1
30 960 1
30 995 1
31 67 1
31 192 1
31 210 1
31 799 1
31 958 1
32 50 1
32 198 1
32 230 1
32 411 1
32 541 1
32 580 1
32 620 1
32 794 1
32 801 1
33 43 1
33 129 1
33 432 1
33 460 1
33 465 1
33 487 1
33 663 1
34 132 1
34 134 1
34 163 1
34 200 1
34 210 1
34 256 1
34 285 1
34 414 1
34 481 1
34 551 1
34 640 1
34 710 1
34 901 1
34 968 1
35 213 1
35 216 1
35 244 1
35 671 1
35 746 1
35 779 1
35 805 1
36 75 1
36 264 1
36 285 1
36 318 1
36 589 1
36 633 1
36 690 1
36 821 1
36 891 1
36 937 1
36 947 1
36 991 1
37 198 1
37 284 1
37 492 1
37 691 1
37 762 1
37 812 1
37 967 1
38 175 1
38 185 1
38 233 1
38 271 1
38 523 1
38 575 1
38 619 1
38 860 1
38 947 1
38 966 1
38 993 1
39 115 1
39 606 1
39 680 1
39 724 1
40 216 1
40 348 1
40 591 1
40 615 1
40 656 1
40 683 1
40 711 1
40 984 1
41 102 1
41 123 1
41 421 1
41 438 1
41 499 1
41 516 1
41 553 1
41 779 1
41 813 1
41 920 1
41 932 1
42 146 1
42 295 1
42 541 1
42 711 1
42 789 1
42 827 1
42 895 1
42 988 1
43 51 1
43 73 1
43 175 1
43 271 1
43 395 1
43 412 1
43 434 1
43 531 1
43 737 1
43 751 1
43 770 1
43 777 1
44 144 1
44 195 1
44 370 1
44 555 1
45 75 1
45 85 1
45 184 1
45 461 1
45 477 1
45 837 1
46 185 1
46 302 1
46 437 1
46 448 1
46 639 1
46 708 1
46 712 1
46 739 1
46 766 1
46 922 1
46 929 1
46 961 1
47 283 1
47 333 1
47 381 1
47 467 1
47 511 1
47 516 1
47 580 1
47 664 1
47 739 1
47 995 1
48 176 1
48 290 1
48 332 1
48 505 1
48 516 1
48 596 1
48 675 1
48 827 1
48 884 1
49 66 1
49 232 1
49 592 1
49 603 1
49 678 1
50 206 1
50 310 1
50 472 1
50 479 1
50 513 1
50 555 1
50 648 1
50 936 1
51 304 1
51 431 1
51 437 1
51 468 1
51 732 1
51 849 1
52 76 1
52 94 1
52 96 1
52 317 1
52 328 1
52 338 1
52 374 1
52 404 1
52 436 1
52 456 1
52 627 1
52 652 1
52 715 1
52 771 1
52 886 1
52 907 1
53 124 1
53 132 1
53 166 1
53 260 1
53 307 1
53 317 1
53 521 1
53 537 1
53 853 1
53 927 1
54 55 1
54 92 1
54 157 1
54 173 1
54 222 1
54 270 1
54 276 1
54 305 1
54 340 1
54 352 1
54 549 1
54 555 1
54 611 1
54 664 1
54 731 1
54 765 1
54 795 1
54 976 1
55 72 1
55 178 1
55 210 1
55 459 1
55 746 1
55 789 1
55 804 1
55 947 1
56 335 1
56 340 1
56 481 1
56 656 1
56 698 1
56 862 1
56 918 1
57 112 1
57 267 1
57 531 1
57 654 1
57 920 1
58 113 1
58 188 1
58 189 1
58 351 1
58 368 1
58 480 1
58 532 1
58 695 1
58 720 1
58 870 1
58 909 1
58 916 1
58 992 1
59 295 1
59 311 1
59 464 1
59 472 1
59 761 1
59 908 1
60 189 1
60 332 1
60 431 1
60 463 1
60 833 1
60 994 1
61 336 1
61 448 1
61 520 1
61 897 1
62 91 1
62 131 1
62 171 1
62 172 1
62 248 1
62 338 1
62 349 1
62 360 1
62 656 1
62 805 1
62 931 1
62 994 1
63 85 1
63 146 1
63 164 1
63 184 1
63 208 1
63 267 1
63 570 1
63 738 1
63 769 1
63 891 1
63 986 1
64 110 1
64 128 1
64 132 1
64 183 1
64 353 1
64 402 1
64 469 1
64 482 1
64 546 1
64 760 1
64 889 1
64 978 1
65 112 1
65 163 1
65 509 1
65 620 1
65 802 1
65 983 1
66 240 1
66 284 1
66 291 1
66 390 1
66 537 1
66 583 1
66 588 1
66 738 1
66 749 1
66 767 1
66 971 1
67 118 1
67 121 1
67 258 1
67 311 1
67 382 1
67 642 1
67 667 1
67 804 1
67 812 1
67 842 1
68 169 1
68 200 1
68 206 1
68 239 1
68 258 1
68 269 1
68 400 1
68 503 1
68 581 1
68 830 1
68 961 1
69 70 1
69 151 1
69 182 1
69 305 1
69 329 1
69 348 1
69 353 1
69 463 1
69 495 1
69 574 1
70 137 1
70 155 1
70 159 1
70 273 1
70 382 1
70 652 1
70 786 1
71 243 1
71 269 1
71 273 1
71 890 1
72 163 1
72 218 1
72 251 1
72 366 1
72 412 1
72 523 1
72 525 1
72 526 1
72 565 1
72 598 1
73 83 1
73 112 1
73 141 1
73 286 1
73 545 1
73 559 1
73 695 1
74 281 1
74 350 1
74 360 1
74 394 1
74 412 1
74 468 1
74 818 1
74 842 1
74 849 1
74 862 1
74 897 1
74 945 1
75 126 1
75 154 1
75 221 1
75 257 1
75 265 1
75 286 1
75 725 1
75 743 1
75 905 1
75 966 1
75 983 1
75 987 1
76 182 1
76 499 1
76 789 1
76 864 1
77 112 1
77 231 1
77 326 1
77 387 1
77 468 1
77 542 1
77 574 1
77 622 1
77 694 1
77 726 1
77 733 1
77 773 1
77 882 1
78 91 1
78 341 1
78 525 1
78 941 1
79 125 1
79 140 1
79 172 1
79 326 1
79 332 1
79 469 1
79 628 1
79 732 1
79 751 1
79 964 1
80 131 1
80 216 1
80 273 1
80 468 1
80 565 1
80 583 1
80 603 1
80 701 1
80 708 1
80 738 1
80 861 1
80 868 1
80 885 1
80 966 1
81 349 1
81 396 1
81 645 1
81 820 1
81 858 1
81 900 1
81 953 1
82 223 1
82 287 1
82 332 1
82 373 1
82 474 1
82 476 1
82 517 1
82 622 1
82 671 1
82 801 1
82 838 1
82 939 1
82 967 1
83 100 1
83 210 1
83 262 1
83 317 1
83 402 1
83 477 1
83 693 1
83 714 1
83 719 1
83 762 1
83 987 1
84 405 1
84 420 1
84 504 1
84 732 1
84 776 1
84 815 1
85 352 1
85 453 1
85 568 1
85 737 1
85 763 1
85 842 1
85 971 1
86 118 1
86 202 1
86 340 1
86 468 1
86 521 1
86 544 1
86 576 1
86 615 1
86 634 1
86 710 1
86 840 1
86 924 1
87 173 1
87 355 1
87 435 1
87 621 1
87 632 1
87 640 1
87 650 1
87 657 1
87 693 1
87 786 1
87 852 1
88 294 1
88 358 1
88 391 1
88 511 1
88 520 1
88 532 1
88 691 1
88 798 1
88 823 1
88 897 1
88 951 1
89 113 1
89 137 1
89 158 1
89 159 1
89 258 1
89 267 1
89 337 1
89 382 1
89 595 1
89 683 1
89 872 1
89 938 1
89 974 1
90 120 1
90 146 1
90 193 1
90 225 1
90 354 1
90 422 1
90 537 1
90 544 1
90 937 1
90 988 1
91 196 1
91 250 1
91 336 1
91 487 1
91 678 1
91 682 1
91 749 1
91 766 1
91 776 1
91 785 1
91 881 1
92 251 1
92 484 1
92 496 1
92 751 1
93 97 1
93 224 1
93 226 1
93 344 1
93 412 1
93 520 1
93 526 1
93 777 1
93 800 1
93 801 1
93 835 1
93 919 1
93 940 1
93 979 1
94 142 1
94 154 1
94 190 1
94 240 1
94 316 1
94 358 1
94 412 1
94 501 1
94 623 1
94 645 1
94 732 1
94 998 1
95 139 1
95 196 1
95 290 1
95 300 1
95 421 1
95 621 1
95 660 1
95 752 1
96 172 1
96 178 1
96 444 1
96 483 1
96 607 1
96 833 1
96 854 1
96 867 1
97 242 1
97 554 1
97 681 1
97 824 1
97 942 1
98 159 1
98 262 1
98 404 1
98 453 1
98 540 1
98 564 1
98 607 1
98 676 1
98 820 1
99 194 1
99 211 1
99 213 1
99 215 1
99 363 1
99 366 1
99 416 1
99 472 1
99 511 1
99 519 1
99 768 1
99 783 1
99 941 1
99 967 1
100 154 1
100 320 1
100 332 1
100 470 1
100 480 1
100 690 1
100 742 1
100 944 1
101 293 1
101 315 1
101 435 1
101 641 1
101 686 1
101 804 1
101 847 1
101 889 1
101 957 1
102 105 1
102 145 1
102 251 1
102 554 1
102 597 1
102 751 1
102 844 1
102 916 1
103 208 1
103 400 1
103 541 1
103 564 1
103 582 1
103 827 1
104 222 1
104 252 1
104 362 1
104 390 1
104 538 1
104 630 1
104 855 1
105 290 1
105 291 1
105 369 1
105 456 1
105 541 1
105 574 1
105 576 1
105 676 1
105 699 1
106 433 1
106 568 1
106 666 1
106 683 1
106 805 1
106 806 1
106 873 1
106 903 1
106 997 1
107 356 1
107 376 1
107 423 1
107 559 1
107 590 1
107 627 1
107 651 1
107 799 1
107 974 1
107 975 1
107 982 1
108 262 1
108 339 1
108 786 1
109 191 1
109 253 1
109 309 1
109 392 1
109 859 1
110 226 1
110 359 1
110 371 1
110 481 1
110 619 1
110 687 1
110 752 1
110 792 1
110 811 1
110 922 1
110 933 1
110 958 1
111 311 1
111 317 1
111 460 1
111 798 1
111 873 1
111 907 1
112 186 1
112 432 1
112 510 1
112 555 1
112 617 1
112 740 1
112 759 1
112 807 1
112 957 1
112 984 1
113 131 1
113 224 1
113 238 1
113 249 1
113 291 1
113 314 1
113 352 1
113 486 1
113 546 1
113 687 1
113 845 1
113 847 1
113 954 1
114 286 1
114 361 1
114 492 1
114 498 1
114 619 1
114 719 1
114 740 1
114 878 1
114 931 1
114 933 1
115 182 1
115 268 1
115 269 1
115 440 1
115 462 1
115 465 1
115 716 1
115 821 1
115 887 1
115 975 1
116 136 1
116 183 1
116 200 1
116 266 1
116 281 1
116 290 1
116 323 1
116 360 1
116 396 1
116 790 1
116 859 1
117 144 1
117 227 1
117 319 1
117 395 1
117 546 1
117 626 1
117 738 1
117 768 1
117 864 1
117 906 1
117 925 1
117 973 1
118 159 1
118 300 1
118 635 1
118 709 1
118 728 1
118 782 1
118 849 1
119 243 1
119 295 1
119 407 1
119 524 1
119 582 1
119 651 1
119 861 1
119 892 1
119 896 1
119 960 1
120 239 1
120 242 1
120 327 1
120 408 1
120 571 1
120 582 1
120 700 1
120 717 1
120 834 1
120 865 1
120 895 1
121 401 1
121 447 1
121 546 1
121 548 1
121 554 1
121 676 1
121 818 1
121 856 1
121 858 1
121 912 1
121 973 1
122 349 1
122 416 1
122 482 1
122 508 1
122 534 1
122 563 1
122 568 1
122 599 1
122 618 1
122 750 1
122 838 1
122 955 1
122 965 1
123 338 1
123 364 1
123 408 1
123 423 1
123 459 1
123 461 1
123 564 1
123 673 1
123 915 1
123 996 1
124 166 1
124 199 1
124 320 1
124 700 1
124 747 1
124 776 1
125 304 1
125 319 1
125 335 1
125 340 1
125 361 1
125 425 1
125 651 1
125 993 1
126 210 1
126 240 1
126 724 1
126 974 1
127 502 1
127 540 1
127 564 1
127 599 1
127 604 1
127 618 1
127 795 1
127 807 1
128 231 1
128 303 1
128 380 1
128 420 1
128 421 1
128 485 1
128 494 1
128 539 1
128 553 1
128 653 1
128 694 1
128 799 1
128 869 1
128 890 1
128 918 1
128 929 1
128 960 1
129 172 1
129 205 1
129 296 1
129 306 1
129 428 1
129 494 1
129 500 1
129 841 1
129 938 1
129 994 1
130 312 1
130 440 1
130 461 1
130 563 1
130 622 1
130 901 1
131 136 1
131 201 1
131 641 1
131 710 1
131 873 1
131 896 1
131 937 1
132 245 1
132 352 1
132 689 1
132 807 1
132 867 1
133 195 1
133 324 1
133 390 1
133 453 1
133 487 1
133 514 1
133 524 1
133 735 1
133 918 1
133 954 1
134 191 1
134 383 1
134 405 1
134 499 1
134 820 1
134 889 1
134 911 1
135 326 1
135 402 1
135 564 1
135 566 1
135 583 1
135 810 1
135 908 1
135 962 1
136 140 1
136 188 1
136 206 1
136 274 1
136 422 1
136 500 1
136 646 1
136 717 1
136 966 1
137 292 1
137 293 1
137 340 1
137 424 1
137 464 1
137 545 1
137 546 1
137 740 1
137 975 1
138 413 1
138 462 1
138 567 1
138 615 1
138 622 1
138 668 1
139 198 1
139 218 1
139 506 1
139 508 1
139 654 1
139 708 1
139 939 1
139 958 1
140 142 1
140 255 1
140 328 1
140 343 1
140 446 1
140 674 1
140 679 1
140 759 1
140 816 1
140 838 1
140 904 1
140 987 1
141 150 1
141 162 1
141 209 1
141 364 1
141 400 1
141 448 1
141 549 1
141 562 1
141 692 1
141 706 1
141 891 1
141 942 1
141 955 1
142 203 1
142 258 1
142 325 1
142 524 1
142 839 1
142 879 1
142 885 1
142 910 1
142 951 1
143 229 1
143 378 1
143 923 1
143 987 1
144 398 1
144 432 1
144 465 1
144 575 1
144 681 1
144 828 1
144 915 1
144 990 1
145 389 1
145 745 1
145 749 1
145 868 1
145 922 1
146 275 1
146 373 1
146 380 1
146 559 1
146 582 1
146 603 1
146 617 1
146 707 1
146 921 1
147 214 1
147 237 1
147 472 1
147 493 1
147 498 1
147 505 1
147 719 1
147 814 1
147 885 1
148 419 1
148 453 1
148 515 1
148 585 1
148 613 1
148 619 1
149 369 1
149 382 1
149 415 1
149 493 1
149 552 1
149 610 1
149 671 1
149 771 1
149 804 1
149 936 1
149 946 1
149 953 1
150 174 1
150 377 1
150 388 1
150 706 1
150 795 1
150 882 1
150 901 1
150 932 1
151 196 1
151 206 1
151 414 1
151 511 1
151 627 1
151 663 1
151 707 1
151 797 1
151 948 1
151 964 1
151 984 1
151 987 1
152 154 1
152 247 1
152 479 1
152 565 1
152 626 1
152 680 1
152 708 1
152 842 1
152 894 1
153 230 1
153 310 1
153 423 1
153 436 1
153 444 1
153 661 1
153 757 1
153 759 1
153 826 1
154 178 1
154 206 1
154 227 1
154 478 1
154 553 1
154 583 1
154 677 1
154 741 1
154 841 1
154 900 1
155 292 1
155 431 1
155 499 1
155 683 1
155 727 1
155 811 1
155 892 1
155 951 1
156 173 1
156 332 1
156 463 1
156 489 1
156 509 1
156 543 1
156 793 1
156 879 1
157 235 1
157 357 1
157 374 1
157 401 1
157 532 1
157 763 1
158 317 1
158 351 1
158 416 1
158 587 1
158 910 1
158 976 1
158 991 1
158 999 1
159 226 1
159 286 1
159 353 1
159 382 1
159 452 1
159 582 1
159 993 1
160 164 1
160 332 1
160 443 1
160 592 1
160 854 1
160 972 1
161 173 1
161 443 1
161 498 1
161 590 1
161 608 1
161 678 1
161 729 1
161 839 1
161 867 1
162 389 1
162 463 1
162 467 1
162 519 1
162 667 1
162 856 1
162 906 1
162 949 1
163 199 1
163 210 1
163 405 1
163 431 1
163 458 1
163 522 1
163 795 1
163 896 1
163 939 1
163 978 1
164 221 1
164 666 1
164 723 1
164 762 1
164 882 1
165 277 1
165 443 1
165 448 1
165 893 1
166 333 1
166 378 1
166 391 1
166 448 1
166 494 1
166 528 1
166 645 1
166 687 1
166 874 1
166 921 1
166 975 1
167 343 1
167 371 1
167 420 1
167 445 1
167 455 1
167 529 1
167 573 1
167 926 1
167 931 1
168 190 1
168 570 1
168 708 1
168 885 1
168 889 1
168 914 1
168 923 1
168 938 1
168 985 1
169 188 1
169 191 1
169 316 1
169 510 1
169 573 1
169 586 1
169 732 1
170 246 1
170 424 1
170 595 1
170 596 1
170 663 1
170 668 1
170 690 1
170 746 1
170 832 1
170 850 1
170 901 1
171 300 1
171 345 1
171 360 1
171 422 1
171 442 1
171 482 1
171 685 1
171 851 1
171 867 1
171 964 1
172 185 1
172 186 1
172 227 1
172 230 1
172 255 1
172 317 1
172 387 1
172 521 1
172 733 1
172 777 1
172 795 1
172 807 1
172 826 1
172 839 1
172 877 1
172 992 1
172 994 1
173 224 1
173 240 1
173 275 1
173 348 1
173 400 1
173 589 1
173 817 1
173 1000 1
174 338 1
174 480 1
174 481 1
174 549 1
174 778 1
174 787 1
174 879 1
174 904 1
174 940 1
175 451 1
175 466 1
175 528 1
175 612 1
175 642 1
175 846 1
176 213 1
176 282 1
176 317 1
176 400 1
176 491 1
176 569 1
176 829 1
176 988 1
177 406 1
177 408 1
177 451 1
177 513 1
177 699 1
177 800 1
177 801 1
177 841 1
177 897 1
177 918 1
178 311 1
178 461 1
178 527 1
178 674 1
178 684 1
178 768 1
179 460 1
179 496 1
179 527 1
179 536 1
179 571 1
179 676 1
179 734 1
179 970 1
180 269 1
180 455 1
180 480 1
180 610 1
180 680 1
180 764 1
180 811 1
180 929 1
180 990 1
181 348 1
181 422 1
181 427 1
181 625 1
181 644 1
181 777 1
181 866 1
181 962 1
182 274 1
182 336 1
182 466 1
182 494 1
182 576 1
182 579 1
182 627 1
182 779 1
182 922 1
182 978 1
183 214 1
183 225 1
183 232 1
183 779 1
183 818 1
183 826 1
183 936 1
183 967 1
184 346 1
184 395 1
184 459 1
184 558 1
184 684 1
184 696 1
184 733 1
184 923 1
185 286 1
185 377 1
185 736 1
186 320 1
186 375 1
186 408 1
186 481 1
186 680 1
186 713 1
187 294 1
187 574 1
187 603 1
187 634 1
187 642 1
187 718 1
187 788 1
187 800 1
187 835 1
187 867 1
188 246 1
188 291 1
188 394 1
188 404 1
188 526 1
188 554 1
188 613 1
188 651 1
188 864 1
188 871 1
188 979 1
189 236 1
189 254 1
189 312 1
189 417 1
189 466 1
190 196 1
190 244 1
190 299 1
190 402 1
190 471 1
190 472 1
190 798 1
190 803 1
190 826 1
190 872 1
190 974 1
191 258 1
191 316 1
191 370 1
191 466 1
191 603 1
191 685 1
191 756 1
191 897 1
191 919 1
192 236 1
192 338 1
192 628 1
192 646 1
192 670 1
192 738 1
192 766 1
192 824 1
192 861 1
192 874 1
192 906 1
192 939 1
192 959 1
192 997 1
192 999 1
193 360 1
193 505 1
193 552 1
193 842 1
193 860 1
193 979 1
194 222 1
194 431 1
194 444 1
194 446 1
194 499 1
194 532 1
194 854 1
195 223 1
195 272 1
195 368 1
195 464 1
195 681 1
195 854 1
196 441 1
196 479 1
196 498 1
196 594 1
196 947 1
196 989 1
197 285 1
197 304 1
197 340 1
197 546 1
197 621 1
197 678 1
197 731 1
197 819 1
197 955 1
198 227 1
198 246 1
198 329 1
198 383 1
198 535 1
198 584 1
198 586 1
198 639 1
198 789 1
198 898 1
198 974 1
198 979 1
199 484 1
199 511 1
199 520 1
199 645 1
199 756 1
199 824 1
199 926 1
200 344 1
200 405 1
200 518 1
200 640 1
200 731 1
200 844 1
200 920 1
200 945 1
201 225 1
201 242 1
201 433 1
201 443 1
201 517 1
201 573 1
201 699 1
202 205 1
202 308 1
202 338 1
202 546 1
202 705 1
203 254 1
203 410 1
203 462 1
203 532 1
203 608 1
204 293 1
204 360 1
204 449 1
204 783 1
204 878 1
204 882 1
205 253 1
205 302 1
205 451 1
205 500 1
205 749 1
205 791 1
205 800 1
206 240 1
206 269 1
206 332 1
206 436 1
206 475 1
206 486 1
206 592 1
206 612 1
206 736 1
206 888 1
206 955 1
207 229 1
207 280 1
207 295 1
207 308 1
207 315 1
207 321 1
207 718 1
207 860 1
208 255 1
208 366 1
208 472 1
208 577 1
208 584 1
208 848 1
209 325 1
209 462 1
209 589 1
209 635 1
209 721 1
210 346 1
210 438 1
210 468 1
210 623 1
211 292 1
211 356 1
211 373 1
211 566 1
211 643 1
211 869 1
211 931 1
212 244 1
212 309 1
212 369 1
212 583 1
212 697 1
213 216 1
213 321 1
213 393 1
213 442 1
213 450 1
213 530 1
213 652 1
213 727 1
213 787 1
214 284 1
214 312 1
214 534 1
214 625 1
214 650 1
214 671 1
214 715 1
214 762 1
214 993 1
215 223 1
215 256 1
215 284 1
215 299 1
215 306 1
215 441 1
215 536 1
215 544 1
215 593 1
215 708 1
215 717 1
215 747 1
215 892 1
215 953 1
215 990 1
216 387 1
216 429 1
216 515 1
216 553 1
216 598 1
216 967 1
217 367 1
217 389 1
217 439 1
217 572 1
217 670 1
217 762 1
217 849 1
217 852 1
217 953 1
217 976 1
217 981 1
217 982 1
218 220 1
218 327 1
218 388 1
218 399 1
218 588 1
218 712 1
218 923 1
218 970 1
219 350 1
219 429 1
219 489 1
219 538 1
219 586 1
219 732 1
219 791 1
219 888 1
219 898 1
220 249 1
220 345 1
220 366 1
220 392 1
220 455 1
220 630 1
220 787 1
220 797 1
221 284 1
221 321 1
221 481 1
221 632 1
221 695 1
221 786 1
221 862 1
221 937 1
221 948 1
222 287 1
222 375 1
222 536 1
222 596 1
222 756 1
222 937 1
222 964 1
223 225 1
223 567 1
223 671 1
223 689 1
223 869 1
223 933 1
223 957 1
224 280 1
224 369 1
224 385 1
224 387 1
224 507 1
224 529 1
224 531 1
224 598 1
224 651 1
224 691 1
224 787 1
225 272 1
225 411 1
225 474 1
225 493 1
225 529 1
225 640 1
225 658 1
225 825 1
225 934 1
225 989 1
225 997 1
226 309 1
226 313 1
226 435 1
226 686 1
227 240 1
227 373 1
227 564 1
227 574 1
227 719 1
227 740 1
227 832 1
227 928 1
227 994 1
228 511 1
228 527 1
228 555 1
228 606 1
228 660 1
229 354 1
229 372 1
229 441 1
229 618 1
229 671 1
229 673 1
229 779 1
229 786 1
229 991 1
230 322 1
230 543 1
230 562 1
230 662 1
230 672 1
230 673 1
230 761 1
230 786 1
230 809 1
230 844 1
230 872 1
230 898 1
231 350 1
231 380 1
231 500 1
231 503 1
231 670 1
231 708 1
231 746 1
231 947 1
232 343 1
232 370 1
232 490 1
232 630 1
232 748 1
232 873 1
232 990 1
233 393 1
233 636 1
233 731 1
233 751 1
233 765 1
233 781 1
233 793 1
233 818 1
233 907 1
234 270 1
234 319 1
234 370 1
234 656 1
235 573 1
235 575 1
235 661 1
236 264 1
236 531 1
236 535 1
236 700 1
237 715 1
237 782 1
237 826 1
237 832 1
237 851 1
237 855 1
237 948 1
238 459 1
238 505 1
238 553 1
238 604 1
238 643 1
238 745 1
238 776 1
238 887 1
239 308 1
239 317 1
239 342 1
239 440 1
239 527 1
239 586 1
239 618 1
239 672 1
239 839 1
239 921 1
240 434 1
240 464 1
240 609 1
240 767 1
240 810 1
240 813 1
241 306 1
241 334 1
241 343 1
241 371 1
241 525 1
241 569 1
241 630 1
241 696 1
242 371 1
242 411 1
242 414 1
242 641 1
242 652 1
242 653 1
242 974 1
243 259 1
243 475 1
243 596 1
243 631 1
243 682 1
243 696 1
243 857 1
244 367 1
244 405 1
244 504 1
244 510 1
244 524 1
244 634 1
244 684 1
244 766 1
244 852 1
244 857 1
245 369 1
245 413 1
246 388 1
246 482 1
246 629 1
246 723 1
246 763 1
246 771 1
246 939 1
247 257 1
247 296 1
247 326 1
247 444 1
247 449 1
247 682 1
247 684 1
247 802 1
248 264 1
248 391 1
248 447 1
248 474 1
248 647 1
248 752 1
249 290 1
249 472 1
249 491 1
249 494 1
249 510 1
249 616 1
249 635 1
249 725 1
249 923 1
249 997 1
250 411 1
250 793 1
250 843 1
251 312 1
251 555 1
251 840 1
251 926 1
251 928 1
251 943 1
251 949 1
251 958 1
252 314 1
252 867 1
252 898 1
252 950 1
253 276 1
253 372 1
253 670 1
253 775 1
253 816 1
254 257 1
254 419 1
254 432 1
254 615 1
254 619 1
254 745 1
254 852 1
254 873 1
254 949 1
255 287 1
255 383 1
255 462 1
255 527 1
255 559 1
255 627 1
255 673 1
255 773 1
255 788 1
256 333 1
256 568 1
256 598 1
256 616 1
256 647 1
256 692 1
256 737 1
256 745 1
256 772 1
256 782 1
257 284 1
257 286 1
257 374 1
257 403 1
257 427 1
257 708 1
257 838 1
257 841 1
257 865 1
257 942 1
258 318 1
258 334 1
258 372 1
258 415 1
258 502 1
258 510 1
258 565 1
258 632 1
258 789 1
258 858 1
258 940 1
258 958 1
259 589 1
259 592 1
259 620 1
259 629 1
259 651 1
259 677 1
259 739 1
259 748 1
259 921 1
259 925 1
259 997 1
260 262 1
260 271 1
260 296 1
260 501 1
260 554 1
260 581 1
260 651 1
260 752 1
260 948 1
260 984 1
261 292 1
261 520 1
261 646 1
261 755 1
262 335 1
262 373 1
262 406 1
262 451 1
262 517 1
262 560 1
262 574 1
262 581 1
262 582 1
262 627 1
262 683 1
263 338 1
263 367 1
263 380 1
263 392 1
263 397 1
263 459 1
263 495 1
263 538 1
263 557 1
263 740 1
263 761 1
263 818 1
263 826 1
264 300 1
264 323 1
264 333 1
264 479 1
264 511 1
264 728 1
264 745 1
264 978 1
264 994 1
265 272 1
265 585 1
265 599 1
265 634 1
265 666 1
265 780 1
265 793 1
265 842 1
265 932 1
265 938 1
266 273 1
266 475 1
266 670 1
266 674 1
266 700 1
266 706 1
266 949 1
266 951 1
266 959 1
267 307 1
267 352 1
267 474 1
267 495 1
267 553 1
267 556 1
267 774 1
267 790 1
267 981 1
267 997 1
268 274 1
268 323 1
268 424 1
268 463 1
268 604 1
268 616 1
268 621 1
268 758 1
268 794 1
269 287 1
269 502 1
269 561 1
269 570 1
269 593 1
269 645 1
269 770 1
269 823 1
269 879 1
270 328 1
270 340 1
270 582 1
270 658 1
270 716 1
270 811 1
271 355 1
271 550 1
271 578 1
271 760 1
271 890 1
271 918 1
272 307 1
272 393 1
272 448 1
272 537 1
272 544 1
272 545 1
272 631 1
272 668 1
272 825 1
272 867 1
272 980 1
273 335 1
273 503 1
273 744 1
274 316 1
274 340 1
274 466 1
274 625 1
274 641 1
274 741 1
274 764 1
274 861 1
274 892 1
275 285 1
275 320 1
275 325 1
275 447 1
275 513 1
275 553 1
275 793 1
275 804 1
275 916 1
275 934 1
275 980 1
276 443 1
276 505 1
276 564 1
276 629 1
276 688 1
276 775 1
276 926 1
276 996 1
277 379 1
277 503 1
277 594 1
277 624 1
277 701 1
277 780 1
277 808 1
277 857 1
277 905 1
277 969 1
277 970 1
278 377 1
278 457 1
278 552 1
278 561 1
278 594 1
278 737 1
278 838 1
278 850 1
278 877 1
278 976 1
279 425 1
279 483 1
279 557 1
279 888 1
280 723 1
280 802 1
280 919 1
281 377 1
281 416 1
281 459 1
281 778 1
281 813 1
281 836 1
281 878 1
281 967 1
282 473 1
282 494 1
282 588 1
282 782 1
282 839 1
282 982 1
283 292 1
283 336 1
283 343 1
283 412 1
283 643 1
283 759 1
283 766 1
283 833 1
283 888 1
283 964 1
283 972 1
284 343 1
284 515 1
284 713 1
284 771 1
284 880 1
285 450 1
285 571 1
285 633 1
285 724 1
285 739 1
285 860 1
285 875 1
285 883 1
285 887 1
286 345 1
286 377 1
286 388 1
286 440 1
286 456 1
286 463 1
286 609 1
286 693 1
286 802 1
286 830 1
286 851 1
286 876 1
287 421 1
287 424 1
287 444 1
287 458 1
287 488 1
287 709 1
287 789 1
287 877 1
287 936 1
288 357 1
288 428 1
288 441 1
288 606 1
288 661 1
288 862 1
288 887 1
288 888 1
288 911 1
289 322 1
289 333 1
289 389 1
289 558 1
289 603 1
289 703 1
289 715 1
289 804 1
289 887 1
289 896 1
289 999 1
290 328 1
290 332 1
290 409 1
290 570 1
290 699 1
290 811 1
290 895 1
290 937 1
291 356 1
291 449 1
291 504 1
291 530 1
291 798 1
291 1000 1
292 338 1
292 365 1
292 433 1
292 504 1
292 677 1
292 711 1
292 820 1
292 839 1
292 853 1
292 911 1
293 299 1
293 345 1
293 539 1
293 683 1
293 753 1
293 770 1
293 951 1
294 717 1
294 795 1
294 999 1
295 662 1
295 766 1
295 850 1
295 866 1
296 562 1
296 876 1
297 486 1
297 507 1
297 616 1
297 905 1
298 347 1
298 367 1
298 546 1
298 564 1
298 623 1
298 738 1
298 792 1
298 924 1
299 358 1
299 371 1
299 775 1
299 798 1
299 884 1
299 947 1
299 967 1
300 381 1
300 476 1
300 499 1
300 688 1
300 848 1
300 915 1
300 927 1
300 958 1
301 558 1
301 672 1
301 775 1
301 861 1
301 954 1
301 967 1
302 784 1
302 820 1
302 824 1
302 877 1
302 889 1
302 942 1
302 954 1
303 360 1
303 368 1
303 608 1
303 809 1
303 911 1
304 383 1
304 649 1
304 710 1
304 829 1
304 842 1
304 889 1
304 979 1
305 386 1
305 397 1
305 476 1
305 730 1
305 753 1
305 972 1
306 328 1
306 337 1
306 400 1
306 414 1
306 468 1
306 749 1
306 774 1
306 831 1
306 862 1
307 370 1
307 514 1
307 585 1
307 640 1
307 698 1
307 711 1
307 828 1
307 837 1
307 987 1
308 652 1
308 661 1
309 549 1
309 639 1
309 642 1
309 767 1
309 897 1
309 991 1
310 322 1
310 383 1
310 386 1
310 537 1
311 317 1
311 391 1
311 485 1
311 639 1
311 649 1
311 676 1
311 749 1
311 822 1
312 363 1
312 393 1
312 520 1
312 523 1
312 646 1
312 676 1
312 852 1
312 965 1
313 387 1
313 428 1
313 443 1
313 679 1
313 701 1
313 870 1
313 872 1
314 460 1
314 574 1
314 667 1
314 668 1
314 723 1
314 745 1
314 809 1
314 826 1
314 900 1
315 339 1
315 362 1
315 576 1
315 616 1
315 623 1
315 798 1
315 822 1
316 350 1
316 417 1
316 642 1
316 667 1
316 708 1
316 713 1
316 782 1
316 842 1
316 881 1
317 352 1
317 417 1
317 474 1
317 564 1
317 574 1
317 632 1
317 666 1
317 878 1
317 888 1
317 989 1
318 394 1
318 422 1
318 447 1
318 466 1
318 586 1
318 794 1
318 815 1
318 944 1
318 964 1
319 322 1
319 489 1
319 642 1
319 818 1
320 588 1
320 625 1
320 688 1
320 735 1
320 816 1
320 892 1
321 360 1
321 794 1
321 875 1
322 384 1
322 402 1
322 522 1
322 714 1
322 929 1
323 457 1
323 459 1
323 521 1
323 528 1
323 690 1
323 747 1
323 780 1
323 895 1
324 457 1
324 842 1
324 911 1
325 341 1
325 344 1
325 409 1
325 549 1
325 749 1
325 823 1
325 937 1
326 476 1
326 710 1
326 763 1
326 769 1
326 885 1
327 390 1
327 451 1
327 529 1
327 570 1
327 669 1
328 349 1
328 480 1
328 544 1
328 560 1
328 639 1
328 752 1
329 332 1
329 396 1
329 434 1
329 471 1
329 491 1
329 665 1
329 748 1
330 602 1
330 690 1
330 694 1
331 341 1
331 465 1
331 492 1
331 641 1
331 738 1
331 799 1
331 811 1
331 864 1
331 884 1
332 497 1
332 516 1
332 696 1
332 854 1
332 858 1
332 885 1
332 939 1
332 996 1
333 457 1
333 507 1
333 529 1
333 964 1
334 602 1
334 615 1
334 695 1
334 718 1
334 875 1
335 368 1
335 382 1
335 676 1
335 765 1
335 860 1
336 726 1
336 762 1
336 968 1
337 388 1
337 412 1
337 503 1
337 541 1
337 572 1
337 981 1
337 982 1
338 394 1
338 433 1
338 501 1
338 541 1
338 643 1
338 698 1
338 970 1
339 422 1
339 460 1
339 560 1
339 626 1
339 749 1
339 761 1
339 855 1
339 900 1
339 955 1
339 956 1
340 353 1
340 379 1
340 497 1
340 558 1
340 619 1
340 927 1
341 560 1
341 699 1
342 430 1
342 462 1
342 490 1
342 531 1
342 571 1
342 638 1
342 662 1
342 714 1
342 725 1
342 769 1
342 799 1
342 918 1
343 477 1
343 692 1
343 882 1
343 927 1
343 963 1
344 775 1
344 805 1
344 967 1
345 435 1
345 461 1
345 619 1
345 667 1
345 740 1
345 912 1
346 356 1
346 594 1
346 621 1
346 653 1
346 795 1
346 916 1
347 442 1
347 445 1
347 919 1
347 943 1
347 998 1
348 530 1
348 576 1
348 622 1
348 727 1
348 869 1
348 929 1
349 467 1
349 544 1
349 719 1
349 994 1
350 355 1
350 557 1
350 620 1
350 663 1
350 746 1
350 795 1
350 894 1
350 964 1
351 441 1
351 530 1
351 742 1
351 836 1
351 853 1
351 992 1
352 463 1
352 469 1
352 634 1
352 660 1
352 671 1
352 983 1
353 593 1
353 800 1
353 894 1
353 897 1
353 921 1
353 974 1
354 433 1
354 477 1
354 488 1
354 727 1
354 822 1
354 900 1
355 542 1
355 612 1
355 655 1
355 675 1
355 685 1
355 691 1
355 731 1
355 737 1
355 833 1
355 926 1
356 637 1
356 779 1
356 796 1
356 897 1
356 908 1
356 939 1
356 950 1
357 372 1
357 396 1
357 416 1
357 531 1
357 692 1
357 794 1
357 795 1
357 885 1
357 961 1
357 971 1
358 430 1
358 470 1
358 565 1
358 644 1
358 755 1
358 827 1
358 878 1
358 916 1
358 991 1
359 448 1
359 465 1
359 471 1
359 764 1
359 770 1
360 474 1
360 545 1
360 599 1
360 709 1
360 745 1
361 428 1
361 502 1
361 634 1
361 645 1
361 700 1
361 714 1
361 727 1
362 399 1
362 452 1
362 504 1
362 633 1
362 862 1
362 893 1
362 970 1
363 388 1
363 410 1
363 429 1
363 441 1
363 506 1
363 546 1
363 645 1
363 707 1
363 866 1
363 928 1
363 972 1
364 463 1
364 508 1
364 565 1
364 691 1
364 709 1
364 803 1
364 936 1
364 945 1
365 376 1
365 516 1
365 523 1
365 665 1
365 778 1
365 820 1
365 897 1
365 911 1
365 946 1
365 975 1
366 377 1
366 439 1
366 470 1
366 534 1
366 642 1
366 680 1
367 385 1
367 495 1
367 644 1
367 740 1
368 500 1
368 581 1
368 909 1
368 971 1
369 398 1
369 407 1
369 504 1
369 575 1
369 689 1
369 831 1
369 917 1
370 456 1
370 525 1
370 609 1
370 771 1
370 782 1
370 953 1
371 689 1
371 844 1
372 473 1
372 730 1
372 812 1
372 856 1
372 865 1
372 999 1
373 432 1
373 470 1
373 879 1
373 980 1
374 424 1
374 582 1
374 726 1
374 749 1
374 808 1
374 915 1
375 449 1
375 700 1
375 890 1
375 927 1
375 930 1
376 499 1
376 536 1
376 573 1
376 718 1
376 814 1
376 905 1
376 988 1
377 422 1
377 592 1
377 616 1
377 887 1
378 460 1
378 562 1
378 694 1
378 963 1
379 461 1
379 479 1
379 606 1
379 830 1
379 850 1
379 969 1
380 385 1
380 699 1
380 854 1
381 396 1
381 507 1
381 524 1
381 616 1
382 425 1
382 439 1
382 583 1
382 707 1
382 825 1
382 840 1
382 893 1
383 439 1
383 635 1
383 668 1
383 847 1
383 891 1
384 386 1
384 404 1
384 509 1
384 516 1
384 589 1
384 603 1
384 693 1
384 735 1
384 766 1
384 780 1
385 459 1
385 763 1
385 800 1
385 816 1
385 842 1
385 880 1
385 892 1
385 900 1
385 955 1
386 457 1
386 535 1
386 662 1
386 810 1
386 834 1
386 836 1
386 839 1
386 864 1
386 908 1
387 769 1
387 820 1
387 908 1
388 476 1
388 538 1
388 595 1
388 663 1
388 930 1
388 961 1
389 446 1
389 461 1
389 529 1
389 554 1
389 569 1
389 634 1
389 737 1
389 804 1
389 928 1
390 423 1
390 550 1
390 575 1
390 643 1
390 745 1
390 841 1
390 893 1
390 917 1
391 413 1
391 496 1
391 544 1
391 659 1
391 916 1
391 964 1
391 991 1
392 466 1
392 525 1
392 732 1
392 769 1
393 399 1
393 492 1
393 588 1
393 609 1
393 677 1
393 738 1
393 754 1
393 853 1
393 870 1
394 486 1
394 600 1
394 784 1
394 887 1
394 970 1
395 563 1
395 796 1
395 853 1
395 872 1
395 876 1
395 898 1
396 460 1
396 479 1
396 608 1
396 670 1
396 703 1
396 733 1
396 829 1
396 834 1
396 848 1
396 891 1
396 900 1
396 936 1
397 434 1
397 990 1
398 451 1
398 517 1
398 523 1
398 807 1
398 820 1
399 436 1
399 464 1
399 504 1
399 525 1
399 635 1
399 652 1
399 843 1
399 899 1
399 937 1
399 949 1
400 727 1
400 800 1
400 831 1
401 485 1
401 517 1
401 591 1
401 876 1
401 939 1
401 976 1
402 442 1
402 545 1
402 658 1
402 733 1
402 858 1
402 904 1
402 923 1
403 442 1
403 495 1
403 502 1
403 647 1
403 649 1
403 703 1
403 915 1
404 425 1
404 428 1
404 498 1
404 844 1
404 921 1
404 949 1
404 956 1
404 962 1
405 441 1
405 476 1
405 477 1
405 506 1
405 697 1
405 875 1
405 937 1
405 962 1
406 513 1
406 636 1
406 661 1
406 672 1
406 854 1
406 942 1
406 963 1
407 419 1
407 532 1
407 560 1
407 670 1
407 717 1
407 866 1
407 966 1
407 1000 1
408 410 1
408 558 1
408 621 1
408 631 1
408 764 1
408 787 1
408 806 1
408 872 1
408 979 1
409 516 1
409 536 1
409 927 1
410 425 1
410 497 1
410 499 1
410 507 1
410 522 1
410 524 1
410 597 1
410 833 1
410 899 1
410 920 1
410 980 1
410 984 1
411 493 1
411 728 1
412 459 1
412 499 1
412 618 1
412 668 1
412 856 1
412 867 1
412 887 1
412 933 1
412 979 1
413 437 1
413 636 1
413 659 1
413 711 1
413 727 1
413 738 1
413 873 1
413 933 1
414 684 1
414 764 1
414 803 1
415 447 1
415 589 1
415 672 1
415 875 1
416 439 1
416 442 1
416 509 1
416 570 1
416 598 1
416 634 1
416 975 1
417 633 1
417 895 1
417 917 1
417 922 1
417 981 1
418 444 1
418 528 1
418 536 1
418 863 1
418 992 1
419 452 1
419 509 1
419 515 1
419 876 1
419 966 1
420 455 1
420 473 1
420 537 1
420 834 1
420 851 1
420 931 1
420 940 1
421 467 1
421 540 1
421 587 1
421 609 1
421 665 1
421 708 1
421 774 1
421 853 1
422 560 1
422 571 1
422 582 1
422 630 1
422 642 1
422 643 1
422 655 1
422 794 1
422 981 1
423 454 1
423 478 1
423 521 1
423 631 1
423 689 1
423 744 1
423 847 1
423 853 1
423 982 1
423 983 1
423 1000 1
424 555 1
424 725 1
424 727 1
424 891 1
424 986 1
425 588 1
425 640 1
425 743 1
425 795 1
425 871 1
425 891 1
426 630 1
426 638 1
426 694 1
426 713 1
426 735 1
426 858 1
426 885 1
427 530 1
427 674 1
427 735 1
427 770 1
427 822 1
428 468 1
428 556 1
428 933 1
429 523 1
429 707 1
430 443 1
430 679 1
430 896 1
431 574 1
432 449 1
432 515 1
432 906 1
433 496 1
433 551 1
433 617 1
433 692 1
433 927 1
433 929 1
433 939 1
434 452 1
434 480 1
434 523 1
434 811 1
434 858 1
434 894 1
434 905 1
434 992 1
435 498 1
435 499 1
435 541 1
435 688 1
435 711 1
435 786 1
435 931 1
436 499 1
436 608 1
436 669 1
436 713 1
436 735 1
436 871 1
436 991 1
437 494 1
437 496 1
437 497 1
437 545 1
437 773 1
437 894 1
437 983 1
438 451 1
438 538 1
438 684 1
438 708 1
440 450 1
440 482 1
440 798 1
441 574 1
441 702 1
442 475 1
442 483 1
442 570 1
442 637 1
442 682 1
442 748 1
442 772 1
442 800 1
442 809 1
442 924 1
443 447 1
443 530 1
443 582 1
443 686 1
443 712 1
443 726 1
443 813 1
444 599 1
444 775 1
444 872 1
445 564 1
445 652 1
445 862 1
446 501 1
446 861 1
446 874 1
446 878 1
446 900 1
447 561 1
447 608 1
447 683 1
447 687 1
447 771 1
447 796 1
447 828 1
447 839 1
448 718 1
448 750 1
448 794 1
448 860 1
448 866 1
448 895 1
449 773 1
449 775 1
449 787 1
450 612 1
450 756 1
450 766 1
451 628 1
451 674 1
451 715 1
451 749 1
451 826 1
451 871 1
451 943 1
452 928 1
452 963 1
453 499 1
453 875 1
454 568 1
454 858 1
454 993 1
455 549 1
455 629 1
455 695 1
455 852 1
455 874 1
455 899 1
456 543 1
456 604 1
456 620 1
456 684 1
456 785 1
456 908 1
456 969 1
457 643 1
457 664 1
457 726 1
458 465 1
458 594 1
458 634 1
459 684 1
459 714 1
459 832 1
459 923 1
459 998 1
460 546 1
460 634 1
460 863 1
460 887 1
460 931 1
460 959 1
460 971 1
461 551 1
461 665 1
461 690 1
461 706 1
461 792 1
461 795 1
461 905 1
462 693 1
462 951 1
463 619 1
463 621 1
463 788 1
463 835 1
463 919 1
464 536 1
464 612 1
464 785 1
464 906 1
464 967 1
465 478 1
465 490 1
465 555 1
465 582 1
465 591 1
465 754 1
465 826 1
466 600 1
466 738 1
466 739 1
466 747 1
466 766 1
466 888 1
466 915 1
467 507 1
467 552 1
467 659 1
467 705 1
467 752 1
467 972 1
468 485 1
468 670 1
468 680 1
468 688 1
468 983 1
469 540 1
469 632 1
469 753 1
469 796 1
469 917 1
470 544 1
470 590 1
470 645 1
470 783 1
470 966 1
471 632 1
471 640 1
471 740 1
471 762 1
471 846 1
471 964 1
472 481 1
472 567 1
472 719 1
472 743 1
472 764 1
472 907 1
473 614 1
473 840 1
473 873 1
474 488 1
474 515 1
474 546 1
474 832 1
474 881 1
475 481 1
475 612 1
475 639 1
475 682 1
475 689 1
475 709 1
475 864 1
475 943 1
476 481 1
476 547 1
476 851 1
476 861 1
476 923 1
476 955 1
477 659 1
477 678 1
477 736 1
477 760 1
477 793 1
477 796 1
477 862 1
478 669 1
478 910 1
479 672 1
479 714 1
479 836 1
480 509 1
480 515 1
480 571 1
480 850 1
480 986 1
480 999 1
481 488 1
481 554 1
481 686 1
481 792 1
482 673 1
482 741 1
483 851 1
483 854 1
483 862 1
484 549 1
484 570 1
484 755 1
484 795 1
484 965 1
485 541 1
485 619 1
485 664 1
485 681 1
485 845 1
485 857 1
485 863 1
486 575 1
486 614 1
486 648 1
486 740 1
486 757 1
486 869 1
486 912 1
486 927 1
487 639 1
487 802 1
487 845 1
488 554 1
488 557 1
488 817 1
488 950 1
489 617 1
489 692 1
489 754 1
489 950 1
490 507 1
490 526 1
490 539 1
490 725 1
490 784 1
490 794 1
490 822 1
490 882 1
490 953 1
491 583 1
491 759 1
491 794 1
491 842 1
491 866 1
491 931 1
492 587 1
492 721 1
492 726 1
492 879 1
493 513 1
493 581 1
493 609 1
493 647 1
493 826 1
493 886 1
493 936 1
494 587 1
494 629 1
494 637 1
494 733 1
494 779 1
495 635 1
495 866 1
495 870 1
495 910 1
495 913 1
496 514 1
496 584 1
496 628 1
496 718 1
496 794 1
496 910 1
497 659 1
497 737 1
497 771 1
497 803 1
497 895 1
498 502 1
498 740 1
498 889 1
498 893 1
499 574 1
499 643 1
499 854 1
499 932 1
500 588 1
500 676 1
500 855 1
500 916 1
500 926 1
500 999 1
501 512 1
501 749 1
501 761 1
501 762 1
502 771 1
502 976 1
502 997 1
503 808 1
503 813 1
503 831 1
503 893 1
503 895 1
503 996 1
504 633 1
504 771 1
504 773 1
504 777 1
505 566 1
505 640 1
505 691 1
505 957 1
505 992 1
506 698 1
506 928 1
506 947 1
507 525 1
507 529 1
507 579 1
507 620 1
507 636 1
507 843 1
507 949 1
508 535 1
508 645 1
508 661 1
508 768 1
508 964 1
509 563 1
509 654 1
509 702 1
509 756 1
509 758 1
509 799 1
509 907 1
510 691 1
510 732 1
510 905 1
510 907 1
511 548 1
511 694 1
511 729 1
511 776 1
511 860 1
511 988 1
511 993 1
512 544 1
512 646 1
512 737 1
513 604 1
513 818 1
513 823 1
513 912 1
513 981 1
514 564 1
514 624 1
514 650 1
514 805 1
514 833 1
515 517 1
515 522 1
515 571 1
515 647 1
515 750 1
515 755 1
515 767 1
516 589 1
516 599 1
516 653 1
516 710 1
516 770 1
516 810 1
517 580 1
517 668 1
517 672 1
517 849 1
517 999 1
518 658 1
518 673 1
518 731 1
518 777 1
518 870 1
518 996 1
519 907 1
519 946 1
520 537 1
520 720 1
520 864 1
521 656 1
521 698 1
521 704 1
521 729 1
521 759 1
521 777 1
521 787 1
521 898 1
521 988 1
522 736 1
522 903 1
523 756 1
523 870 1
523 922 1
523 953 1
523 988 1
524 576 1
524 819 1
524 846 1
524 881 1
524 959 1
524 983 1
525 528 1
526 764 1
526 947 1
527 701 1
527 907 1
527 973 1
528 568 1
528 650 1
528 651 1
528 711 1
528 836 1
528 848 1
528 950 1
528 977 1
529 592 1
529 700 1
529 723 1
529 815 1
529 873 1
529 899 1
529 930 1
530 559 1
530 650 1
530 856 1
530 966 1
531 588 1
531 602 1
531 658 1
531 703 1
531 711 1
531 799 1
531 826 1
531 892 1
531 981 1
532 664 1
532 735 1
532 781 1
532 803 1
532 947 1
533 560 1
533 948 1
534 735 1
534 836 1
534 973 1
535 713 1
535 787 1
535 830 1
535 890 1
535 951 1
535 978 1
536 724 1
536 729 1
536 730 1
536 768 1
536 783 1
537 562 1
537 633 1
537 745 1
537 817 1
538 675 1
539 550 1
539 594 1
539 623 1
539 719 1
540 561 1
540 581 1
540 594 1
540 704 1
540 744 1
540 763 1
540 852 1
541 571 1
541 610 1
541 670 1
541 705 1
541 823 1
541 941 1
541 997 1
542 584 1
542 790 1
542 829 1
542 944 1
543 632 1
543 653 1
543 729 1
543 931 1
544 578 1
544 719 1
544 729 1
544 758 1
544 776 1
544 889 1
544 967 1
545 615 1
545 649 1
545 709 1
545 801 1
545 832 1
546 570 1
546 588 1
546 696 1
546 715 1
546 770 1
546 873 1
546 949 1
546 978 1
547 582 1
547 601 1
547 637 1
547 974 1
548 562 1
548 779 1
548 971 1
549 609 1
549 633 1
549 773 1
549 801 1
549 897 1
549 959 1
550 764 1
550 806 1
550 855 1
550 999 1
551 773 1
551 852 1
551 854 1
552 553 1
552 610 1
552 717 1
552 764 1
552 765 1
553 623 1
553 656 1
553 666 1
553 744 1
553 965 1
554 563 1
554 568 1
554 750 1
554 827 1
554 837 1
554 958 1
555 616 1
555 648 1
555 679 1
555 840 1
556 573 1
556 607 1
556 659 1
556 738 1
556 804 1
556 887 1
556 976 1
557 561 1
557 576 1
557 632 1
557 692 1
557 707 1
557 734 1
557 743 1
557 926 1
558 632 1
558 746 1
559 572 1
559 596 1
559 676 1
559 805 1
559 847 1
559 955 1
560 881 1
560 991 1
561 772 1
561 789 1
561 894 1
561 962 1
562 572 1
562 577 1
562 690 1
563 570 1
563 586 1
563 620 1
563 824 1
564 737 1
564 761 1
564 809 1
564 961 1
565 574 1
565 650 1
565 710 1
565 798 1
565 929 1
565 965 1
565 969 1
565 984 1
566 666 1
566 861 1
566 929 1
566 976 1
566 978 1
567 575 1
567 712 1
567 938 1
569 689 1
569 715 1
569 805 1
569 821 1
569 847 1
569 903 1
570 579 1
570 668 1
570 814 1
570 853 1
570 860 1
570 958 1
570 965 1
570 998 1
571 618 1
571 652 1
571 677 1
571 727 1
571 915 1
571 959 1
572 621 1
572 624 1
572 839 1
573 621 1
573 760 1
573 775 1
573 820 1
573 903 1
573 909 1
574 708 1
574 764 1
574 818 1
574 840 1
574 863 1
574 923 1
574 946 1
574 955 1
574 977 1
575 610 1
575 677 1
575 697 1
575 713 1
575 728 1
576 635 1
576 735 1
576 761 1
576 917 1
576 918 1
577 711 1
577 890 1
577 938 1
577 975 1
578 686 1
578 703 1
578 900 1
578 943 1
578 948 1
579 673 1
579 828 1
579 846 1
579 896 1
579 980 1
580 862 1
580 952 1
580 957 1
581 737 1
581 751 1
581 778 1
581 861 1
581 967 1
581 988 1
582 599 1
582 683 1
582 795 1
582 837 1
583 584 1
583 625 1
583 685 1
583 729 1
583 763 1
583 823 1
583 825 1
583 981 1
584 597 1
584 723 1
584 905 1
584 962 1
584 963 1
585 689 1
585 758 1
585 927 1
586 769 1
586 836 1
586 871 1
586 879 1
586 968 1
587 728 1
587 812 1
587 836 1
587 846 1
587 932 1
588 598 1
588 862 1
588 934 1
589 732 1
589 955 1
590 878 1
591 635 1
591 761 1
591 782 1
592 599 1
592 694 1
592 698 1
592 822 1
592 932 1
592 965 1
593 778 1
593 979 1
593 981 1
594 818 1
594 902 1
595 609 1
595 625 1
595 648 1
595 763 1
595 803 1
595 843 1
596 600 1
596 613 1
596 727 1
596 783 1
596 850 1
596 909 1
597 679 1
598 599 1
598 826 1
598 842 1
599 684 1
599 720 1
599 940 1
599 990 1
600 634 1
600 825 1
601 761 1
601 832 1
602 606 1
602 804 1
602 988 1
603 645 1
603 857 1
604 666 1
604 840 1
605 720 1
605 779 1
606 651 1
606 707 1
606 732 1
606 815 1
606 941 1
606 944 1
607 611 1
607 767 1
608 685 1
608 800 1
608 880 1
608 963 1
609 623 1
609 648 1
609 667 1
609 739 1
609 786 1
609 824 1
609 851 1
609 885 1
610 687 1
610 729 1
610 736 1
610 762 1
610 955 1
611 935 1
612 660 1
612 828 1
613 699 1
613 790 1
613 800 1
613 951 1
613 991 1
614 620 1
614 666 1
614 681 1
614 709 1
614 747 1
614 961 1
614 991 1
615 709 1
615 755 1
615 816 1
615 924 1
615 930 1
616 743 1
617 621 1
617 777 1
617 792 1
618 728 1
618 778 1
618 920 1
619 641 1
619 829 1
620 670 1
620 702 1
620 806 1
620 820 1
620 968 1
622 756 1
622 768 1
622 854 1
622 897 1
622 980 1
623 770 1
624 688 1
624 709 1
624 717 1
624 740 1
624 884 1
624 904 1
625 758 1
625 797 1
625 897 1
625 954 1
625 961 1
626 675 1
627 765 1
627 884 1
627 898 1
628 646 1
628 686 1
628 829 1
628 889 1
628 977 1
628 1000 1
629 686 1
629 697 1
629 820 1
629 882 1
629 896 1
629 907 1
629 922 1
630 671 1
630 679 1
630 916 1
631 646 1
631 672 1
631 777 1
631 857 1
631 948 1
632 946 1
632 956 1
633 672 1
633 745 1
634 656 1
634 709 1
634 928 1
634 992 1
635 685 1
635 801 1
635 903 1
635 930 1
635 988 1
636 692 1
636 710 1
636 727 1
637 768 1
637 885 1
637 910 1
637 936 1
637 965 1
637 971 1
637 977 1
638 645 1
638 848 1
638 905 1
639 660 1
639 699 1
639 734 1
639 747 1
639 863 1
639 950 1
640 650 1
640 672 1
640 923 1
640 947 1
641 706 1
641 866 1
641 952 1
641 989 1
642 880 1
643 722 1
644 809 1
644 962 1
645 767 1
645 812 1
645 869 1
645 981 1
645 984 1
646 659 1
646 752 1
646 809 1
646 979 1
647 684 1
647 726 1
647 824 1
647 988 1
648 850 1
649 780 1
649 831 1
649 866 1
650 663 1
650 721 1
650 727 1
650 770 1
650 831 1
650 862 1
651 652 1
651 659 1
651 839 1
651 874 1
652 773 1
652 774 1
652 802 1
652 902 1
653 667 1
653 760 1
653 781 1
653 843 1
653 948 1
654 715 1
654 720 1
654 747 1
654 833 1
656 838 1
657 664 1
657 673 1
657 711 1
657 734 1
657 837 1
657 845 1
657 881 1
658 691 1
658 865 1
658 937 1
658 966 1
659 694 1
659 720 1
659 753 1
659 859 1
659 865 1
659 885 1
660 677 1
660 782 1
660 787 1
660 794 1
660 829 1
660 931 1
660 991 1
661 798 1
661 813 1
661 954 1
662 890 1
662 932 1
662 955 1
662 982 1
663 673 1
663 706 1
663 751 1
664 718 1
664 965 1
665 928 1
666 771 1
666 862 1
666 863 1
666 889 1
666 914 1
667 738 1
667 843 1
667 881 1
667 989 1
668 795 1
669 780 1
669 795 1
669 951 1
669 981 1
670 674 1
670 761 1
670 798 1
670 872 1
670 940 1
671 727 1
672 697 1
672 736 1
672 751 1
672 814 1
673 769 1
674 803 1
674 826 1
674 910 1
675 730 1
676 803 1
676 991 1
677 709 1
677 783 1
677 869 1
677 900 1
677 909 1
678 795 1
678 881 1
678 962 1
678 990 1
679 737 1
679 890 1
679 940 1
680 756 1
680 845 1
680 886 1
680 908 1
680 916 1
680 943 1
680 951 1
681 713 1
681 731 1
681 758 1
681 944 1
681 964 1
681 978 1
682 696 1
682 702 1
682 835 1
682 926 1
682 988 1
682 990 1
683 834 1
683 851 1
684 685 1
684 711 1
684 743 1
685 693 1
685 796 1
685 923 1
685 928 1
685 953 1
686 687 1
686 702 1
686 727 1
686 746 1
686 884 1
686 885 1
687 710 1
687 969 1
689 736 1
689 802 1
689 807 1
689 909 1
689 979 1
689 988 1
689 991 1
690 811 1
690 827 1
691 739 1
691 740 1
691 849 1
692 715 1
692 733 1
692 770 1
692 858 1
692 889 1
692 901 1
692 914 1
693 715 1
693 835 1
693 852 1
693 983 1
694 795 1
694 858 1
694 946 1
694 949 1
695 796 1
695 881 1
695 907 1
695 960 1
696 782 1
697 805 1
697 824 1
697 881 1
698 833 1
698 834 1
698 969 1
699 722 1
699 747 1
699 867 1
699 876 1
699 983 1
700 726 1
700 813 1
700 831 1
700 887 1
701 765 1
701 888 1
702 787 1
702 808 1
702 890 1
703 763 1
703 774 1
703 932 1
704 744 1
704 794 1
705 924 1
706 853 1
708 733 1
708 875 1
708 932 1
708 955 1
709 851 1
709 864 1
709 930 1
709 984 1
710 775 1
711 850 1
711 894 1
711 935 1
711 978 1
711 985 1
711 987 1
712 915 1
713 765 1
713 775 1
713 781 1
713 808 1
713 863 1
713 937 1
713 974 1
714 801 1
714 956 1
715 716 1
715 932 1
716 772 1
716 877 1
716 915 1
717 840 1
717 926 1
717 935 1
718 852 1
718 879 1
718 957 1
719 720 1
719 764 1
719 850 1
719 863 1
720 775 1
720 853 1
720 867 1
720 868 1
720 998 1
721 754 1
721 895 1
721 962 1
722 938 1
723 949 1
724 774 1
724 910 1
724 965 1
725 774 1
725 924 1
725 931 1
725 946 1
725 982 1
725 992 1
726 749 1
726 793 1
726 833 1
726 874 1
726 906 1
726 923 1
727 738 1
727 804 1
727 823 1
727 834 1
727 897 1
727 992 1
727 999 1
728 773 1
728 832 1
728 848 1
728 871 1
728 874 1
728 927 1
728 972 1
728 991 1
729 843 1
729 940 1
729 995 1
730 884 1
730 993 1
731 847 1
731 861 1
731 978 1
731 986 1
731 994 1
732 757 1
732 857 1
733 756 1
733 763 1
733 816 1
733 986 1
734 934 1
734 990 1
735 795 1
735 849 1
736 827 1
736 896 1
736 976 1
737 775 1
737 841 1
737 867 1
737 885 1
738 874 1
738 904 1
738 924 1
738 997 1
739 752 1
739 753 1
739 785 1
739 899 1
739 958 1
739 977 1
740 886 1
741 887 1
741 894 1
741 912 1
741 946 1
741 951 1
742 806 1
742 844 1
743 868 1
743 921 1
744 867 1
745 992 1
746 857 1
747 786 1
747 794 1
747 870 1
747 920 1
748 766 1
748 846 1
748 963 1
749 855 1
749 923 1
750 806 1
750 824 1
750 912 1
750 966 1
750 992 1
751 838 1
752 763 1
752 857 1
754 829 1
754 914 1
754 937 1
755 828 1
755 911 1
756 865 1
756 881 1
757 795 1
757 895 1
757 910 1
757 980 1
758 764 1
758 778 1
758 866 1
759 793 1
759 871 1
759 925 1
759 950 1
759 959 1
760 815 1
761 817 1
761 902 1
761 937 1
762 847 1
763 847 1
764 782 1
764 810 1
764 824 1
764 941 1
765 814 1
765 967 1
765 990 1
766 836 1
767 794 1
767 968 1
768 858 1
768 908 1
769 867 1
769 964 1
770 796 1
770 859 1
771 842 1
771 915 1
771 955 1
772 808 1
772 814 1
773 861 1
773 975 1
774 835 1
774 881 1
774 997 1
775 779 1
776 813 1
776 1000 1
777 854 1
777 948 1
777 951 1
780 849 1
780 864 1
781 913 1
782 805 1
782 904 1
782 921 1
782 945 1
782 998 1
784 845 1
784 867 1
784 955 1
785 877 1
785 931 1
785 939 1
786 817 1
786 903 1
786 968 1
786 972 1
786 980 1
787 989 1
788 842 1
788 845 1
788 846 1
788 882 1
788 949 1
789 855 1
789 898 1
789 966 1
790 920 1
792 838 1
792 942 1
793 870 1
793 875 1
793 932 1
794 851 1
794 921 1
794 939 1
795 833 1
795 887 1
795 904 1
796 990 1
797 846 1
797 852 1
798 822 1
798 884 1
798 894 1
799 828 1
800 826 1
801 842 1
801 907 1
801 989 1
803 814 1
803 834 1
803 883 1
803 895 1
804 903 1
804 936 1
804 965 1
805 836 1
805 974 1
805 992 1
805 997 1
806 835 1
806 895 1
808 889 1
808 935 1
808 939 1
808 984 1
809 924 1
810 815 1
811 839 1
811 893 1
811 916 1
812 830 1
812 881 1
813 967 1
815 915 1
815 991 1
820 970 1
821 826 1
821 853 1
821 957 1
821 1000 1
822 901 1
823 857 1
824 958 1
825 826 1
825 854 1
825 891 1
828 982 1
828 988 1
829 875 1
829 930 1
830 864 1
830 963 1
831 907 1
831 935 1
832 849 1
832 997 1
833 881 1
833 963 1
833 984 1
834 927 1
834 978 1
835 859 1
835 977 1
837 958 1
837 997 1
838 881 1
838 982 1
840 877 1
841 850 1
841 869 1
841 924 1
842 996 1
843 921 1
844 960 1
845 877 1
845 879 1
845 953 1
845 961 1
846 907 1
846 994 1
847 907 1
847 978 1
847 995 1
848 876 1
849 986 1
850 856 1
850 871 1
850 882 1
850 887 1
850 902 1
851 960 1
851 988 1
852 960 1
853 965 1
853 985 1
853 988 1
855 920 1
855 961 1
856 885 1
856 906 1
856 926 1
857 882 1
857 929 1
858 932 1
858 938 1
858 944 1
858 1000 1
859 891 1
859 896 1
859 948 1
859 951 1
859 995 1
860 926 1
861 884 1
862 958 1
863 899 1
863 938 1
864 914 1
865 960 1
867 927 1
868 888 1
870 964 1
870 987 1
872 892 1
873 892 1
878 886 1
878 923 1
879 963 1
880 887 1
880 950 1
881 945 1
881 973 1
883 943 1
883 970 1
884 940 1
887 933 1
887 992 1
888 900 1
888 914 1
888 957 1
889 991 1
890 945 1
890 978 1
891 910 1
891 911 1
891 914 1
891 916 1
892 944 1
892 960 1
893 914 1
895 990 1
897 980 1
898 1000 1
899 987 1
900 964 1
901 923 1
901 927 1
901 963 1
901 964 1
903 916 1
903 936 1
906 916 1
906 935 1
906 960 1
906 980 1
907 909 1
907 916 1
907 944 1
907 993 1
908 997 1
908 1000 1
910 978 1
910 986 1
911 920 1
911 948 1
912 958 1
912 969 1
916 964 1
917 991 1
918 953 1
918 984 1
920 996 1
921 982 1
922 926 1
923 953 1
929 963 1
929 965 1
930 950 1
931 948 1
931 964 1
933 996 1
934 956 1
934 986 1
935 992 1
937 971 1
939 997 1
941 963 1
947 956 1
948 983 1
953 963 1
961 980 1
972 975 1
979 998 1
988 998 1
988 1000 1
