1000 5108
1 104 1
1 125 1
1 210 1
1 349 1
1 386 1
1 389 1
1 638 1
1 686 1
1 764 1
1 988 1
2 111 1
2 121 1
2 278 1
2 405 1
2 497 1
2 581 1
2 849 1
2 938 1
3 107 1
3 131 1
3 309 1
3 395 1
3 511 1
3 685 1
3 689 1
3 885 1
3 943 1
3 966 1
4 36 1
4 354 1
4 365 1
4 513 1
4 554 1
4 677 1
4 917 1
5 168 1
5 220 1
5 263 1
5 350 1
5 418 1
5 487 1
5 543 1
5 584 1
5 694 1
5 960 1
5 967 1
6 28 1
6 191 1
6 200 1
6 422 1
6 610 1
6 715 1
6 718 1
6 814 1
6 878 1
6 972 1
6 995 1
7 224 1
7 226 1
7 294 1
7 301 1
7 409 1
7 458 1
7 568 1
7 600 1
7 606 1
7 677 1
7 949 1
7 993 1
8 45 1
8 131 1
8 324 1
8 390 1
8 523 1
8 752 1
9 51 1
9 65 1
9 66 1
9 90 1
9 463 1
9 526 1
9 609 1
9 638 1
9 705 1
9 911 1
9 992 1
10 67 1
10 137 1
10 201 1
10 228 1
10 411 1
10 739 1
10 902 1
10 969 1
11 115 1
11 178 1
11 282 1
11 348 1
11 480 1
11 536 1
11 657 1
11 723 1
11 829 1
11 860 1
11 880 1
11 898 1
11 968 1
11 970 1
12 122 1
12 131 1
12 245 1
12 272 1
12 328 1
12 391 1
12 412 1
12 431 1
12 663 1
12 714 1
12 836 1
13 41 1
13 76 1
13 110 1
13 112 1
13 123 1
13 173 1
13 220 1
13 261 1
13 414 1
13 584 1
13 604 1
13 617 1
13 741 1
13 769 1
13 825 1
13 906 1
13 942 1
14 25 1
14 134 1
14 297 1
14 557 1
14 653 1
14 942 1
15 192 1
15 206 1
15 293 1
15 516 1
15 567 1
15 595 1
15 794 1
15 806 1
15 824 1
15 871 1
15 919 1
16 88 1
16 250 1
16 289 1
16 293 1
16 411 1
16 530 1
16 553 1
16 613 1
16 692 1
16 976 1
17 406 1
17 569 1
17 613 1
17 683 1
17 787 1
17 870 1
17 995 1
18 153 1
18 601 1
18 632 1
18 715 1
18 790 1
18 824 1
19 67 1
19 289 1
19 467 1
19 472 1
19 563 1
19 576 1
19 630 1
19 670 1
19 818 1
19 939 1
20 77 1
20 107 1
20 110 1
20 179 1
20 293 1
20 418 1
20 510 1
20 915 1
20 961 1
21 32 1
21 165 1
21 200 1
21 460 1
21 497 1
21 505 1
21 535 1
22 59 1
22 148 1
22 355 1
22 536 1
22 672 1
22 756 1
22 773 1
23 203 1
23 238 1
23 250 1
23 425 1
23 430 1
23 564 1
23 589 1
23 615 1
23 671 1
23 694 1
23 716 1
23 820 1
23 847 1
23 951 1
24 81 1
24 96 1
24 113 1
24 142 1
24 420 1
24 478 1
24 500 1
24 508 1
24 579 1
24 725 1
24 769 1
24 878 1
24 966 1
25 124 1
25 330 1
25 586 1
25 627 1
25 646 1
25 653 1
25 691 1
25 718 1
25 875 1
25 950 1
25 989 1
26 119 1
26 136 1
26 237 1
26 412 1
26 506 1
26 514 1
26 543 1
26 574 1
26 781 1
26 821 1
27 64 1
27 150 1
27 193 1
27 246 1
27 303 1
27 446 1
27 487 1
27 550 1
27 603 1
27 613 1
27 676 1
27 869 1
27 887 1
27 910 1
28 79 1
28 95 1
28 224 1
28 427 1
28 564 1
28 632 1
28 717 1
28 759 1
28 837 1
29 221 1
29 255 1
29 452 1
29 521 1
29 525 1
29 585 1
29 638 1
29 725 1
29 833 1
29 907 1
29 964 1
30 129 1
30 140 1
30 141 1
30 237 1
30 315 1
30 499 1
30 789 1
30 853 1
31 68 1
31 283 1
31 408 1
31 426 1
31 526 1
31 529 1
31 548 1
31 602 1
31 637 1
31 742 1
32 277 1
32 314 1
32 387 1
32 464 1
32 508 1
32 777 1
32 829 1
33 162 1
33 380 1
33 624 1
33 834 1
33 894 1
34 365 1
34 448 1
34 452 1
34 685 1
34 790 1
34 912 1
35 106 1
35 123 1
35 141 1
35 198 1
35 226 1
35 232 1
35 267 1
35 408 1
35 442 1
35 554 1
35 560 1
35 613 1
35 702 1
35 742 1
35 755 1
36 55 1
36 113 1
36 136 1
36 353 1
36 430 1
36 449 1
36 509 1
36 549 1
36 563 1
36 564 1
36 589 1
36 694 1
36 740 1
36 943 1
37 60 1
37 149 1
37 154 1
37 292 1
37 327 1
37 351 1
37 473 1
37 513 1
37 613 1
37 683 1
37 718 1
37 725 1
37 733 1
37 908 1
38 159 1
38 392 1
38 421 1
38 641 1
39 330 1
39 346 1
39 354 1
39 419 1
39 674 1
39 789 1
39 836 1
39 840 1
40 74 1
40 86 1
40 249 1
40 314 1
40 368 1
40 387 1
40 452 1
40 511 1
40 688 1
40 702 1
41 97 1
41 125 1
41 219 1
41 222 1
41 340 1
41 515 1
41 641 1
41 684 1
41 879 1
41 901 1
41 931 1
42 162 1
42 233 1
42 380 1
42 388 1
42 397 1
42 573 1
42 586 1
42 654 1
42 784 1
42 900 1
42 941 1
42 982 1
43 45 1
43 90 1
43 160 1
43 196 1
43 225 1
43 316 1
43 522 1
43 567 1
43 773 1
43 920 1
43 925 1
43 962 1
43 993 1
44 154 1
44 164 1
44 333 1
44 342 1
44 451 1
44 466 1
44 517 1
44 519 1
44 629 1
45 96 1
45 333 1
45 373 1
45 501 1
45 900 1
46 122 1
46 355 1
46 364 1
46 379 1
46 490 1
46 644 1
46 710 1
46 795 1
46 944 1
47 136 1
47 221 1
47 255 1
47 641 1
47 662 1
47 766 1
47 770 1
47 794 1
47 939 1
48 179 1
48 273 1
48 282 1
48 372 1
48 417 1
48 418 1
48 432 1
48 456 1
48 660 1
48 663 1
48 881 1
49 167 1
49 192 1
49 369 1
49 394 1
49 532 1
49 613 1
49 646 1
49 842 1
50 161 1
50 215 1
50 234 1
50 502 1
50 533 1
50 600 1
50 682 1
50 710 1
50 862 1
51 75 1
51 262 1
51 274 1
51 322 1
51 388 1
51 408 1
51 789 1
51 825 1
52 242 1
52 410 1
52 447 1
52 563 1
52 782 1
52 890 1
53 59 1
53 157 1
53 274 1
53 397 1
53 612 1
53 740 1
53 807 1
53 887 1
53 924 1
53 992 1
54 97 1
54 122 1
54 241 1
54 290 1
54 347 1
54 363 1
54 446 1
54 553 1
54 619 1
54 620 1
54 658 1
54 696 1
54 739 1
54 795 1
54 927 1
54 951 1
55 92 1
55 149 1
55 196 1
55 355 1
55 459 1
55 509 1
55 581 1
55 619 1
55 745 1
55 781 1
55 786 1
55 844 1
55 950 1
56 84 1
56 219 1
56 311 1
56 372 1
56 399 1
56 416 1
56 576 1
56 645 1
56 678 1
56 777 1
56 869 1
56 964 1
57 386 1
57 420 1
57 527 1
57 706 1
57 747 1
57 929 1
58 176 1
58 204 1
58 382 1
58 504 1
58 529 1
58 546 1
58 831 1
59 67 1
59 204 1
59 218 1
59 238 1
59 263 1
59 611 1
59 690 1
59 818 1
59 996 1
60 230 1
60 254 1
60 297 1
60 356 1
60 368 1
60 375 1
60 406 1
60 492 1
60 728 1
60 977 1
61 158 1
61 218 1
61 276 1
61 362 1
61 463 1
61 627 1
61 657 1
61 664 1
61 728 1
61 775 1
61 903 1
61 926 1
61 993 1
62 235 1
62 276 1
62 630 1
62 751 1
62 857 1
62 924 1
62 956 1
62 988 1
63 107 1
63 147 1
63 468 1
63 515 1
63 526 1
63 615 1
63 663 1
63 724 1
63 759 1
63 992 1
64 236 1
64 301 1
64 407 1
64 474 1
64 484 1
64 650 1
64 769 1
64 838 1
64 870 1
64 904 1
65 186 1
65 193 1
65 421 1
65 524 1
65 541 1
65 635 1
65 671 1
65 689 1
65 739 1
65 799 1
66 285 1
66 300 1
66 321 1
66 331 1
67 197 1
67 229 1
67 276 1
67 291 1
67 326 1
67 486 1
67 615 1
67 625 1
67 702 1
67 841 1
67 861 1
68 174 1
68 278 1
68 349 1
68 413 1
68 430 1
68 511 1
68 630 1
68 721 1
68 765 1
68 821 1
68 836 1
68 932 1
69 75 1
69 154 1
69 428 1
69 639 1
69 719 1
69 749 1
70 135 1
70 175 1
70 180 1
70 393 1
70 468 1
70 574 1
70 642 1
70 790 1
70 830 1
70 941 1
71 198 1
71 234 1
71 268 1
71 372 1
71 448 1
71 526 1
71 553 1
71 717 1
71 724 1
71 796 1
71 990 1
72 156 1
72 183 1
72 251 1
72 261 1
72 262 1
72 272 1
72 276 1
72 379 1
72 578 1
72 620 1
72 777 1
72 946 1
73 329 1
73 836 1
73 913 1
73 964 1
74 132 1
74 212 1
74 306 1
74 314 1
74 358 1
74 517 1
74 549 1
74 565 1
74 647 1
74 877 1
74 990 1
75 128 1
75 276 1
75 305 1
75 348 1
75 362 1
75 396 1
75 412 1
75 476 1
75 548 1
75 573 1
75 601 1
75 637 1
75 646 1
75 652 1
75 841 1
75 867 1
75 968 1
75 977 1
76 110 1
76 163 1
76 180 1
76 523 1
76 529 1
76 607 1
76 636 1
76 780 1
76 782 1
76 797 1
76 853 1
76 912 1
76 950 1
77 106 1
77 442 1
77 498 1
77 511 1
77 534 1
77 599 1
77 728 1
77 735 1
77 740 1
77 783 1
77 896 1
77 999 1
78 331 1
78 471 1
78 624 1
78 678 1
78 929 1
78 1000 1
79 102 1
79 129 1
79 258 1
80 100 1
80 130 1
80 329 1
80 397 1
80 437 1
80 493 1
80 548 1
80 629 1
80 640 1
80 716 1
80 719 1
80 735 1
80 763 1
80 895 1
80 963 1
80 964 1
80 971 1
81 159 1
81 313 1
81 531 1
81 595 1
81 781 1
81 782 1
81 804 1
81 834 1
81 885 1
81 945 1
82 158 1
82 201 1
82 343 1
82 353 1
82 358 1
82 629 1
82 777 1
82 830 1
82 847 1
82 864 1
83 177 1
83 200 1
83 259 1
83 397 1
83 621 1
83 634 1
83 638 1
83 916 1
83 922 1
84 101 1
84 195 1
84 252 1
84 265 1
84 356 1
84 421 1
84 518 1
84 526 1
84 555 1
84 565 1
84 749 1
84 883 1
84 911 1
85 159 1
85 402 1
85 588 1
85 619 1
85 722 1
86 135 1
86 241 1
86 290 1
86 336 1
86 366 1
86 376 1
86 451 1
86 483 1
86 528 1
86 820 1
86 978 1
86 991 1
87 137 1
87 230 1
87 243 1
87 313 1
87 373 1
87 388 1
87 403 1
87 494 1
87 513 1
87 562 1
87 818 1
87 885 1
87 950 1
88 251 1
88 384 1
88 413 1
88 509 1
88 671 1
88 700 1
88 878 1
88 997 1
89 164 1
89 390 1
89 391 1
89 394 1
89 571 1
89 781 1
89 891 1
89 913 1
90 110 1
90 202 1
90 209 1
90 364 1
90 512 1
90 621 1
90 704 1
90 738 1
90 903 1
90 919 1
90 953 1
90 955 1
90 960 1
91 130 1
91 286 1
91 316 1
91 555 1
91 573 1
91 681 1
91 946 1
91 965 1
92 156 1
92 183 1
92 343 1
92 364 1
92 585 1
92 660 1
92 767 1
92 811 1
93 181 1
93 197 1
93 322 1
93 331 1
93 346 1
93 369 1
93 447 1
93 665 1
93 771 1
93 913 1
93 983 1
94 103 1
94 482 1
94 499 1
94 538 1
94 711 1
95 437 1
95 496 1
95 529 1
95 627 1
95 752 1
95 761 1
95 823 1
95 850 1
95 875 1
95 896 1
95 909 1
96 290 1
96 455 1
96 503 1
96 515 1
96 573 1
96 679 1
96 712 1
96 717 1
96 874 1
96 877 1
97 135 1
97 277 1
97 307 1
97 508 1
97 516 1
97 525 1
97 743 1
97 855 1
97 947 1
97 978 1
98 202 1
98 245 1
98 262 1
98 369 1
98 443 1
98 460 1
98 488 1
98 738 1
99 164 1
99 231 1
99 242 1
99 252 1
99 256 1
99 428 1
99 466 1
99 530 1
99 668 1
99 756 1
99 985 1
100 257 1
100 265 1
100 334 1
100 377 1
100 668 1
100 704 1
100 743 1
100 844 1
100 915 1
100 992 1
101 146 1
101 147 1
101 179 1
101 227 1
101 265 1
101 275 1
101 342 1
101 392 1
101 431 1
101 621 1
101 674 1
101 687 1
101 830 1
101 954 1
102 139 1
102 169 1
102 239 1
102 429 1
102 467 1
102 607 1
102 663 1
102 679 1
102 695 1
102 772 1
102 829 1
102 972 1
103 253 1
103 295 1
103 556 1
103 663 1
103 881 1
103 882 1
104 178 1
104 336 1
104 363 1
104 400 1
104 459 1
104 725 1
105 524 1
105 580 1
105 732 1
105 745 1
105 955 1
106 167 1
106 257 1
106 326 1
106 345 1
106 350 1
106 413 1
106 427 1
106 452 1
106 812 1
106 867 1
107 121 1
107 128 1
107 151 1
107 181 1
107 199 1
107 206 1
107 211 1
107 226 1
107 333 1
107 433 1
107 482 1
107 511 1
107 532 1
107 566 1
107 620 1
107 814 1
108 177 1
108 394 1
108 419 1
108 429 1
108 474 1
108 540 1
108 572 1
108 929 1
109 534 1
109 614 1
110 423 1
110 513 1
110 605 1
110 732 1
110 774 1
110 786 1
110 991 1
111 112 1
111 169 1
111 211 1
111 315 1
111 636 1
111 658 1
111 720 1
111 789 1
111 971 1
112 128 1
112 202 1
112 207 1
112 454 1
112 516 1
112 529 1
112 534 1
112 557 1
112 561 1
112 565 1
112 611 1
112 700 1
112 715 1
112 740 1
112 764 1
112 870 1
112 880 1
112 938 1
113 158 1
113 169 1
113 326 1
113 440 1
113 465 1
113 552 1
113 579 1
113 721 1
113 840 1
113 865 1
113 870 1
113 916 1
114 146 1
114 310 1
114 313 1
114 387 1
114 502 1
114 518 1
114 726 1
114 829 1
114 887 1
114 975 1
115 170 1
115 341 1
115 554 1
115 579 1
115 638 1
115 650 1
115 954 1
115 999 1
116 122 1
116 374 1
116 391 1
116 615 1
116 789 1
116 957 1
117 337 1
117 348 1
117 390 1
117 517 1
117 558 1
117 652 1
117 934 1
118 183 1
118 220 1
118 280 1
118 395 1
118 447 1
118 485 1
118 567 1
118 626 1
118 825 1
118 915 1
118 932 1
119 339 1
119 511 1
119 887 1
120 186 1
120 361 1
120 395 1
120 401 1
120 450 1
120 508 1
120 558 1
120 597 1
120 707 1
120 824 1
120 843 1
120 855 1
121 254 1
121 392 1
121 464 1
121 478 1
121 745 1
121 763 1
121 814 1
122 267 1
122 366 1
122 538 1
122 541 1
122 564 1
122 776 1
122 788 1
122 840 1
122 870 1
122 911 1
122 942 1
123 238 1
123 512 1
123 625 1
123 952 1
123 957 1
123 986 1
124 132 1
124 177 1
124 204 1
124 210 1
124 220 1
124 505 1
124 563 1
124 577 1
124 586 1
124 686 1
124 695 1
124 738 1
124 782 1
124 793 1
125 146 1
125 316 1
125 366 1
125 420 1
125 488 1
125 505 1
125 725 1
125 875 1
125 904 1
125 938 1
125 954 1
126 170 1
126 253 1
126 261 1
126 296 1
126 518 1
126 827 1
126 898 1
126 925 1
126 933 1
126 986 1
127 154 1
127 308 1
127 326 1
127 596 1
127 661 1
127 751 1
127 837 1
128 228 1
128 371 1
128 386 1
128 390 1
128 509 1
128 632 1
128 677 1
128 719 1
128 726 1
128 777 1
128 807 1
128 816 1
128 957 1
128 962 1
128 984 1
129 374 1
129 582 1
129 643 1
129 773 1
130 644 1
130 836 1
130 890 1
131 295 1
131 600 1
131 610 1
131 819 1
131 870 1
131 875 1
131 887 1
131 927 1
132 199 1
132 303 1
132 452 1
132 609 1
132 660 1
132 669 1
132 713 1
132 763 1
132 833 1
133 302 1
133 400 1
133 458 1
133 505 1
133 627 1
133 638 1
133 685 1
133 758 1
133 771 1
133 786 1
133 839 1
133 880 1
133 942 1
134 480 1
134 544 1
134 607 1
134 621 1
134 694 1
134 811 1
134 959 1
135 199 1
135 221 1
135 224 1
135 383 1
135 402 1
135 623 1
135 650 1
135 663 1
135 686 1
135 743 1
135 789 1
135 793 1
135 812 1
135 823 1
135 852 1
135 881 1
135 917 1
136 466 1
136 472 1
136 560 1
136 568 1
136 591 1
136 971 1
137 376 1
137 570 1
137 621 1
137 698 1
137 712 1
137 916 1
137 972 1
137 975 1
138 249 1
138 374 1
138 652 1
138 770 1
138 831 1
139 167 1
139 169 1
139 179 1
139 244 1
139 253 1
139 273 1
139 551 1
139 592 1
139 727 1
139 793 1
139 844 1
139 872 1
140 259 1
140 272 1
140 302 1
140 324 1
140 440 1
140 521 1
140 656 1
140 670 1
140 768 1
140 841 1
141 270 1
141 438 1
141 592 1
142 390 1
142 460 1
142 461 1
142 653 1
142 678 1
142 692 1
142 752 1
142 951 1
142 978 1
143 158 1
143 341 1
143 444 1
143 459 1
143 531 1
143 729 1
143 757 1
143 818 1
143 826 1
143 891 1
144 182 1
144 601 1
144 911 1
144 978 1
145 208 1
145 220 1
145 255 1
145 265 1
145 431 1
145 435 1
145 510 1
145 683 1
145 786 1
145 875 1
145 921 1
145 948 1
146 352 1
146 456 1
146 712 1
146 855 1
146 996 1
147 302 1
147 587 1
147 596 1
147 625 1
147 672 1
147 678 1
147 715 1
147 777 1
147 951 1
147 974 1
148 273 1
148 402 1
148 431 1
148 520 1
148 541 1
148 921 1
148 951 1
148 984 1
149 174 1
149 238 1
149 289 1
149 524 1
149 627 1
149 641 1
149 820 1
149 898 1
149 927 1
150 201 1
150 337 1
150 558 1
150 616 1
150 703 1
150 777 1
150 815 1
150 825 1
150 969 1
151 213 1
151 254 1
151 333 1
151 361 1
151 370 1
151 441 1
151 448 1
151 851 1
151 976 1
152 163 1
152 326 1
152 362 1
152 385 1
152 387 1
152 413 1
152 629 1
152 715 1
152 751 1
152 810 1
152 835 1
152 881 1
152 1000 1
153 154 1
153 162 1
153 296 1
153 397 1
153 482 1
153 711 1
153 781 1
153 819 1
153 838 1
153 896 1
154 231 1
154 312 1
154 342 1
154 410 1
154 431 1
154 509 1
154 521 1
154 666 1
154 731 1
154 755 1
154 943 1
155 235 1
155 252 1
155 526 1
155 836 1
155 919 1
155 946 1
156 168 1
156 193 1
156 403 1
156 612 1
156 804 1
156 969 1
157 160 1
157 209 1
157 395 1
157 645 1
157 785 1
158 270 1
158 445 1
158 490 1
158 512 1
158 563 1
158 646 1
158 823 1
158 922 1
159 268 1
159 305 1
159 507 1
159 584 1
159 671 1
159 839 1
159 861 1
159 944 1
160 197 1
160 340 1
160 365 1
160 464 1
160 471 1
160 492 1
160 610 1
160 905 1
161 257 1
161 692 1
161 911 1
162 170 1
162 232 1
162 344 1
162 399 1
162 431 1
162 527 1
162 568 1
162 665 1
162 682 1
162 688 1
162 779 1
162 920 1
162 971 1
163 293 1
163 326 1
163 673 1
163 684 1
163 817 1
163 912 1
164 317 1
164 334 1
164 461 1
164 707 1
164 721 1
164 734 1
164 818 1
164 971 1
165 551 1
165 619 1
165 807 1
165 859 1
165 863 1
166 232 1
166 338 1
166 411 1
166 523 1
166 544 1
166 557 1
166 601 1
166 654 1
166 738 1
166 882 1
167 182 1
167 199 1
167 272 1
167 277 1
167 403 1
167 468 1
167 476 1
167 622 1
167 673 1
167 689 1
167 730 1
167 887 1
168 414 1
168 479 1
168 523 1
168 574 1
168 641 1
168 652 1
168 716 1
168 734 1
168 775 1
168 988 1
169 230 1
169 242 1
169 348 1
169 364 1
169 428 1
169 556 1
169 647 1
169 738 1
170 203 1
170 289 1
170 322 1
170 371 1
170 407 1
170 520 1
170 545 1
170 840 1
170 898 1
170 997 1
171 459 1
171 554 1
171 587 1
171 724 1
171 764 1
171 777 1
171 794 1
171 864 1
171 998 1
172 229 1
172 395 1
172 602 1
172 693 1
172 968 1
173 188 1
173 604 1
173 619 1
173 839 1
173 938 1
174 213 1
174 406 1
174 545 1
174 625 1
174 665 1
174 884 1
175 302 1
175 537 1
175 543 1
175 651 1
175 737 1
175 761 1
175 784 1
175 798 1
175 886 1
175 918 1
176 186 1
176 192 1
176 337 1
176 372 1
176 452 1
176 540 1
176 574 1
176 584 1
176 607 1
176 655 1
176 690 1
176 815 1
176 882 1
176 941 1
177 284 1
177 329 1
177 441 1
177 447 1
177 467 1
177 507 1
177 535 1
177 829 1
177 859 1
177 882 1
177 896 1
178 203 1
178 234 1
178 333 1
178 387 1
178 464 1
178 520 1
178 605 1
178 873 1
178 891 1
179 230 1
179 251 1
179 449 1
179 484 1
180 207 1
180 234 1
180 261 1
180 344 1
180 601 1
180 613 1
180 659 1
180 687 1
180 725 1
180 813 1
180 897 1
180 918 1
180 920 1
181 376 1
181 445 1
181 449 1
181 827 1
181 933 1
181 968 1
182 319 1
182 334 1
182 476 1
182 708 1
182 740 1
182 757 1
182 817 1
182 839 1
182 1000 1
183 215 1
183 277 1
183 421 1
183 529 1
183 599 1
183 675 1
183 895 1
183 900 1
183 951 1
184 205 1
184 316 1
184 379 1
184 412 1
184 569 1
184 582 1
184 593 1
184 825 1
184 862 1
184 871 1
184 879 1
184 977 1
185 290 1
185 298 1
185 378 1
185 506 1
185 528 1
186 436 1
186 770 1
186 847 1
186 867 1
186 871 1
186 959 1
187 214 1
187 344 1
187 481 1
187 763 1
188 254 1
188 320 1
188 483 1
188 504 1
188 572 1
188 629 1
188 638 1
188 671 1
188 952 1
188 965 1
189 197 1
189 212 1
189 352 1
189 492 1
189 529 1
189 551 1
189 594 1
189 654 1
189 662 1
189 664 1
189 893 1
189 913 1
190 253 1
190 269 1
190 480 1
190 551 1
190 609 1
190 850 1
190 873 1
190 988 1
191 360 1
191 435 1
191 617 1
191 805 1
191 880 1
192 296 1
192 637 1
192 664 1
192 666 1
192 667 1
192 713 1
192 735 1
192 914 1
192 943 1
192 984 1
193 351 1
193 405 1
193 525 1
193 713 1
193 747 1
193 826 1
193 922 1
193 971 1
193 984 1
194 461 1
194 486 1
194 640 1
194 650 1
195 325 1
195 331 1
195 337 1
195 339 1
195 367 1
195 425 1
195 439 1
195 694 1
195 751 1
195 794 1
196 230 1
196 237 1
196 249 1
196 405 1
196 471 1
196 473 1
196 562 1
196 672 1
196 698 1
196 820 1
196 909 1
196 988 1
197 211 1
197 377 1
197 465 1
197 572 1
197 610 1
197 652 1
197 710 1
197 783 1
197 821 1
198 380 1
198 460 1
198 463 1
198 618 1
198 647 1
198 664 1
198 724 1
198 729 1
198 893 1
198 924 1
198 948 1
198 962 1
198 977 1
199 228 1
199 382 1
199 514 1
199 577 1
199 656 1
199 707 1
199 803 1
199 825 1
200 409 1
200 712 1
200 732 1
200 968 1
201 204 1
201 298 1
201 352 1
201 377 1
201 538 1
201 621 1
201 636 1
201 666 1
201 876 1
201 914 1
201 923 1
202 320 1
202 416 1
202 738 1
202 942 1
203 209 1
203 242 1
203 274 1
203 291 1
203 409 1
203 435 1
203 437 1
203 530 1
203 559 1
203 620 1
203 637 1
203 668 1
203 732 1
203 750 1
203 974 1
204 208 1
204 220 1
204 284 1
204 370 1
204 410 1
204 558 1
204 691 1
204 724 1
204 964 1
205 323 1
205 844 1
205 859 1
205 987 1
206 278 1
206 348 1
206 510 1
206 579 1
206 813 1
206 928 1
206 949 1
206 960 1
207 211 1
207 248 1
207 463 1
207 483 1
207 588 1
207 695 1
207 915 1
208 461 1
208 509 1
208 617 1
208 737 1
208 758 1
208 785 1
208 926 1
208 949 1
209 286 1
209 322 1
209 410 1
209 431 1
209 457 1
209 544 1
209 571 1
209 574 1
209 576 1
209 723 1
209 726 1
209 751 1
209 777 1
209 843 1
209 930 1
209 973 1
210 264 1
210 330 1
210 529 1
210 678 1
210 725 1
210 742 1
210 787 1
210 825 1
211 500 1
211 683 1
211 693 1
211 754 1
212 357 1
212 437 1
212 657 1
212 679 1
212 749 1
212 983 1
213 235 1
213 310 1
213 338 1
213 418 1
213 601 1
213 639 1
213 652 1
213 757 1
213 780 1
213 873 1
214 248 1
214 401 1
214 473 1
214 611 1
214 647 1
214 736 1
214 946 1
215 279 1
215 339 1
215 527 1
215 529 1
215 642 1
215 763 1
216 443 1
216 489 1
216 515 1
216 774 1
217 358 1
217 483 1
217 497 1
217 524 1
217 564 1
217 720 1
217 784 1
217 946 1
217 970 1
218 238 1
218 250 1
218 302 1
218 353 1
218 362 1
218 371 1
218 581 1
218 585 1
218 708 1
218 743 1
218 805 1
218 849 1
218 880 1
218 883 1
218 902 1
218 997 1
219 247 1
219 251 1
219 294 1
219 372 1
219 397 1
219 469 1
219 493 1
219 521 1
219 663 1
219 905 1
220 383 1
220 444 1
220 461 1
220 744 1
220 803 1
220 925 1
220 929 1
220 931 1
221 327 1
221 356 1
221 378 1
221 463 1
221 595 1
221 683 1
221 825 1
221 971 1
221 994 1
222 309 1
222 396 1
222 451 1
222 462 1
222 575 1
222 598 1
222 615 1
222 845 1
222 881 1
223 245 1
223 367 1
223 400 1
223 437 1
223 561 1
223 656 1
223 713 1
223 722 1
223 741 1
223 745 1
223 851 1
223 873 1
223 882 1
223 910 1
223 943 1
223 972 1
224 242 1
224 447 1
224 567 1
224 903 1
224 945 1
224 968 1
225 304 1
225 443 1
225 533 1
225 575 1
225 709 1
225 875 1
225 977 1
226 546 1
226 830 1
226 926 1
226 964 1
227 264 1
227 293 1
227 315 1
227 357 1
227 360 1
227 591 1
227 851 1
227 947 1
228 293 1
228 396 1
228 498 1
228 499 1
228 509 1
228 617 1
228 897 1
228 998 1
229 315 1
229 351 1
229 448 1
229 495 1
229 551 1
229 654 1
229 689 1
229 798 1
229 817 1
230 361 1
230 432 1
230 542 1
230 609 1
230 624 1
230 938 1
231 543 1
231 590 1
231 658 1
231 942 1
232 253 1
232 297 1
232 330 1
232 442 1
232 499 1
232 502 1
232 783 1
232 819 1
232 835 1
232 949 1
232 974 1
233 697 1
233 744 1
233 808 1
233 837 1
233 877 1
233 949 1
234 609 1
234 686 1
235 240 1
235 435 1
235 571 1
235 635 1
235 669 1
235 695 1
235 709 1
235 739 1
235 850 1
236 292 1
236 482 1
236 581 1
236 660 1
236 666 1
236 683 1
236 711 1
236 728 1
236 746 1
236 787 1
236 813 1
236 860 1
236 882 1
236 999 1
237 292 1
237 561 1
237 581 1
237 595 1
237 633 1
237 747 1
237 771 1
237 777 1
237 782 1
237 825 1
237 830 1
237 965 1
238 415 1
238 432 1
238 484 1
238 765 1
238 793 1
238 854 1
238 983 1
239 318 1
239 403 1
239 415 1
239 452 1
239 515 1
239 530 1
239 550 1
239 717 1
239 724 1
240 264 1
240 303 1
240 373 1
240 406 1
240 527 1
240 588 1
240 602 1
240 627 1
240 688 1
240 728 1
240 765 1
240 783 1
240 873 1
240 950 1
240 960 1
240 996 1
241 287 1
241 403 1
241 459 1
241 595 1
241 640 1
241 727 1
241 832 1
242 416 1
242 423 1
242 549 1
242 782 1
242 817 1
242 895 1
242 976 1
243 327 1
243 332 1
243 341 1
243 354 1
243 822 1
243 895 1
243 934 1
244 409 1
244 670 1
244 675 1
244 824 1
244 956 1
245 299 1
245 340 1
245 386 1
245 401 1
245 463 1
245 510 1
245 541 1
245 590 1
245 623 1
245 636 1
245 773 1
246 250 1
246 268 1
246 323 1
246 342 1
246 537 1
246 652 1
246 686 1
246 812 1
246 898 1
246 950 1
246 978 1
246 980 1
247 286 1
247 362 1
247 452 1
247 517 1
247 620 1
247 645 1
247 650 1
247 675 1
248 323 1
248 334 1
248 433 1
248 439 1
248 450 1
248 580 1
248 627 1
248 637 1
248 641 1
249 258 1
249 586 1
249 634 1
249 845 1
249 884 1
250 375 1
250 479 1
250 520 1
250 581 1
250 880 1
250 889 1
250 941 1
251 285 1
251 337 1
251 412 1
251 416 1
251 491 1
251 519 1
251 531 1
251 935 1
251 940 1
251 988 1
252 405 1
252 451 1
252 549 1
252 620 1
252 698 1
252 766 1
252 780 1
252 800 1
252 868 1
252 924 1
253 400 1
253 471 1
253 510 1
253 562 1
253 599 1
253 661 1
253 754 1
253 794 1
253 801 1
253 875 1
253 880 1
253 936 1
254 451 1
254 492 1
254 511 1
254 545 1
254 663 1
254 868 1
254 949 1
255 277 1
255 398 1
255 700 1
255 743 1
256 284 1
256 297 1
256 336 1
256 647 1
256 677 1
256 697 1
256 699 1
256 934 1
257 314 1
257 339 1
257 379 1
257 434 1
257 441 1
257 576 1
257 786 1
258 368 1
258 389 1
258 475 1
258 559 1
258 616 1
258 705 1
258 715 1
258 857 1
259 362 1
259 395 1
259 478 1
259 834 1
260 281 1
260 352 1
260 398 1
260 432 1
260 493 1
260 503 1
260 626 1
260 685 1
260 699 1
260 737 1
260 747 1
260 760 1
260 768 1
261 297 1
261 311 1
261 345 1
261 383 1
261 395 1
261 417 1
261 514 1
261 561 1
261 604 1
261 613 1
261 650 1
261 938 1
262 294 1
262 319 1
262 476 1
262 562 1
262 590 1
262 619 1
262 790 1
262 943 1
263 576 1
263 732 1
263 737 1
263 920 1
264 577 1
264 685 1
264 859 1
265 281 1
265 601 1
265 646 1
265 724 1
265 886 1
265 986 1
266 522 1
266 524 1
266 525 1
266 584 1
266 686 1
266 805 1
266 959 1
267 325 1
267 370 1
267 389 1
267 587 1
267 604 1
267 644 1
267 647 1
267 688 1
267 708 1
267 796 1
267 798 1
267 799 1
268 737 1
268 809 1
268 963 1
268 985 1
269 323 1
269 367 1
269 445 1
269 638 1
269 701 1
269 948 1
269 966 1
270 316 1
270 322 1
270 497 1
270 500 1
270 502 1
270 902 1
270 944 1
271 335 1
271 353 1
271 457 1
271 626 1
271 654 1
271 745 1
271 747 1
271 758 1
271 836 1
271 866 1
271 990 1
272 332 1
272 398 1
272 436 1
272 581 1
272 649 1
272 728 1
272 808 1
272 865 1
272 906 1
273 319 1
273 338 1
273 346 1
273 377 1
273 548 1
273 568 1
273 707 1
273 757 1
273 822 1
273 837 1
274 409 1
274 452 1
274 505 1
274 758 1
274 770 1
274 840 1
274 918 1
274 959 1
275 314 1
275 384 1
275 398 1
275 565 1
275 632 1
275 633 1
275 846 1
275 874 1
275 943 1
276 337 1
276 456 1
276 616 1
276 621 1
276 658 1
276 702 1
276 905 1
276 947 1
276 952 1
276 970 1
277 571 1
277 620 1
277 683 1
277 704 1
277 718 1
277 800 1
277 803 1
277 884 1
278 293 1
278 356 1
278 367 1
278 653 1
278 689 1
278 885 1
278 905 1
278 919 1
278 974 1
278 1000 1
279 292 1
279 299 1
279 326 1
279 450 1
279 504 1
279 563 1
279 710 1
279 875 1
279 948 1
280 415 1
280 501 1
280 509 1
280 622 1
281 378 1
281 478 1
281 576 1
282 406 1
282 612 1
282 642 1
282 928 1
283 499 1
283 538 1
283 617 1
283 620 1
283 685 1
283 734 1
283 864 1
283 986 1
284 521 1
284 545 1
284 551 1
284 652 1
284 696 1
284 733 1
284 761 1
284 794 1
284 949 1
284 974 1
285 486 1
285 630 1
285 672 1
285 681 1
285 709 1
286 325 1
286 326 1
286 521 1
286 569 1
286 585 1
286 673 1
286 680 1
286 710 1
286 730 1
286 989 1
286 994 1
287 306 1
287 314 1
287 440 1
287 495 1
287 719 1
287 889 1
287 980 1
288 313 1
288 366 1
288 439 1
288 590 1
288 707 1
288 729 1
288 756 1
288 796 1
288 829 1
288 891 1
289 365 1
289 406 1
289 613 1
289 679 1
289 803 1
289 943 1
289 976 1
289 990 1
290 332 1
290 458 1
290 507 1
290 520 1
290 596 1
290 684 1
290 688 1
290 768 1
290 843 1
290 949 1
291 446 1
291 621 1
291 803 1
291 812 1
291 853 1
291 936 1
292 316 1
292 320 1
292 332 1
292 336 1
292 411 1
292 439 1
292 522 1
292 560 1
292 566 1
292 631 1
292 718 1
292 782 1
292 882 1
292 966 1
293 373 1
293 394 1
293 436 1
293 464 1
293 507 1
293 666 1
293 705 1
293 750 1
293 979 1
294 389 1
294 495 1
294 654 1
294 779 1
294 998 1
295 327 1
295 350 1
295 482 1
295 751 1
295 780 1
295 877 1
295 891 1
296 304 1
296 330 1
296 378 1
296 387 1
296 512 1
296 615 1
297 524 1
297 722 1
297 895 1
298 322 1
298 413 1
298 414 1
298 557 1
298 578 1
298 608 1
298 633 1
298 653 1
298 823 1
298 925 1
299 383 1
299 427 1
299 742 1
299 748 1
299 797 1
299 822 1
299 890 1
299 968 1
299 985 1
299 991 1
300 448 1
300 449 1
300 808 1
300 916 1
301 462 1
301 552 1
301 692 1
301 844 1
301 857 1
301 865 1
301 910 1
301 924 1
301 960 1
301 1000 1
302 567 1
302 778 1
302 793 1
303 652 1
303 745 1
304 319 1
304 338 1
304 963 1
305 324 1
305 363 1
305 584 1
305 642 1
305 907 1
305 910 1
306 332 1
306 370 1
306 410 1
306 704 1
306 890 1
306 929 1
307 644 1
307 696 1
307 780 1
307 789 1
307 818 1
307 820 1
308 335 1
308 562 1
308 583 1
308 662 1
308 678 1
308 860 1
308 885 1
309 359 1
309 433 1
309 586 1
309 673 1
309 725 1
309 740 1
309 881 1
309 897 1
309 955 1
310 316 1
310 360 1
310 406 1
310 408 1
310 432 1
310 702 1
310 729 1
310 866 1
310 876 1
311 482 1
311 584 1
311 611 1
311 624 1
311 633 1
311 794 1
311 802 1
311 838 1
311 936 1
311 939 1
312 444 1
312 761 1
312 876 1
313 365 1
313 495 1
313 693 1
313 775 1
313 781 1
313 946 1
314 381 1
314 637 1
314 703 1
314 722 1
314 815 1
314 886 1
314 962 1
315 448 1
315 505 1
315 732 1
315 737 1
315 802 1
315 973 1
315 976 1
315 981 1
316 478 1
316 510 1
316 644 1
316 647 1
316 727 1
316 838 1
316 853 1
316 866 1
316 905 1
317 457 1
317 587 1
317 701 1
317 709 1
317 765 1
317 960 1
318 383 1
318 388 1
318 483 1
318 617 1
318 844 1
318 870 1
318 970 1
319 487 1
319 601 1
319 749 1
319 954 1
319 977 1
320 329 1
320 370 1
320 373 1
320 474 1
320 548 1
320 603 1
320 644 1
320 858 1
320 897 1
320 953 1
321 578 1
321 702 1
321 761 1
321 856 1
321 929 1
321 939 1
321 987 1
322 572 1
322 669 1
322 712 1
322 767 1
322 775 1
322 856 1
323 338 1
323 380 1
323 399 1
323 498 1
323 530 1
323 540 1
323 620 1
323 651 1
323 730 1
323 757 1
324 398 1
324 436 1
324 578 1
324 641 1
324 790 1
324 843 1
324 847 1
324 962 1
325 403 1
325 405 1
325 645 1
325 702 1
325 767 1
325 824 1
325 828 1
326 453 1
326 505 1
326 555 1
326 669 1
326 831 1
326 949 1
327 568 1
327 779 1
327 919 1
328 387 1
328 429 1
328 528 1
328 529 1
328 599 1
328 680 1
328 685 1
328 746 1
328 825 1
328 922 1
328 937 1
329 437 1
329 547 1
329 565 1
329 588 1
329 641 1
329 868 1
329 975 1
330 344 1
330 487 1
330 547 1
330 616 1
330 905 1
330 1000 1
331 382 1
331 662 1
331 704 1
331 758 1
331 762 1
331 980 1
332 353 1
332 626 1
332 770 1
332 797 1
333 393 1
333 544 1
333 589 1
333 627 1
333 659 1
333 747 1
333 758 1
333 981 1
333 989 1
334 518 1
334 639 1
334 693 1
335 410 1
335 428 1
335 636 1
335 649 1
335 708 1
335 761 1
335 773 1
335 948 1
335 998 1
336 400 1
336 516 1
336 712 1
336 747 1
336 750 1
336 802 1
337 341 1
337 397 1
337 516 1
337 563 1
337 827 1
337 943 1
337 989 1
338 527 1
338 544 1
338 669 1
338 711 1
338 862 1
339 471 1
339 505 1
339 582 1
339 628 1
339 631 1
339 865 1
339 910 1
339 952 1
339 996 1
340 368 1
340 425 1
340 471 1
340 500 1
340 889 1
341 538 1
341 768 1
341 886 1
341 895 1
341 948 1
342 370 1
342 389 1
342 635 1
342 850 1
342 888 1
342 929 1
343 382 1
343 452 1
343 602 1
343 824 1
343 957 1
344 890 1
344 919 1
344 950 1
344 959 1
345 582 1
345 702 1
345 798 1
345 801 1
345 821 1
345 882 1
345 919 1
346 356 1
346 359 1
346 441 1
346 446 1
346 452 1
346 580 1
346 796 1
347 353 1
347 496 1
347 678 1
347 683 1
347 684 1
347 860 1
347 941 1
347 967 1
347 984 1
347 996 1
348 355 1
348 361 1
348 418 1
348 533 1
348 590 1
348 659 1
348 691 1
349 382 1
349 395 1
349 529 1
349 554 1
349 612 1
349 657 1
349 662 1
349 716 1
349 746 1
349 763 1
349 791 1
349 884 1
349 959 1
349 966 1
350 358 1
350 640 1
350 782 1
350 853 1
351 614 1
351 921 1
352 495 1
352 586 1
352 610 1
352 764 1
352 825 1
352 994 1
353 726 1
353 779 1
353 797 1
353 846 1
353 930 1
354 440 1
354 572 1
354 726 1
354 811 1
354 982 1
355 393 1
355 407 1
355 428 1
355 455 1
355 462 1
355 478 1
355 614 1
355 651 1
355 658 1
355 674 1
355 760 1
355 918 1
356 503 1
356 598 1
356 629 1
356 774 1
356 849 1
356 904 1
357 372 1
357 604 1
357 641 1
357 660 1
357 666 1
357 868 1
357 935 1
357 947 1
357 986 1
358 427 1
358 502 1
358 637 1
358 767 1
358 866 1
358 896 1
358 901 1
358 928 1
358 989 1
359 688 1
359 887 1
359 961 1
360 403 1
360 730 1
360 865 1
360 935 1
361 661 1
361 688 1
361 916 1
361 941 1
361 965 1
362 451 1
362 466 1
362 481 1
362 611 1
362 716 1
362 921 1
362 963 1
363 454 1
363 503 1
363 516 1
363 540 1
363 574 1
363 896 1
363 959 1
364 563 1
364 617 1
364 746 1
364 956 1
365 442 1
365 449 1
365 607 1
365 736 1
365 745 1
366 625 1
366 678 1
366 933 1
367 390 1
367 420 1
367 508 1
367 622 1
367 637 1
367 726 1
367 989 1
368 458 1
368 465 1
368 468 1
368 472 1
368 564 1
368 583 1
368 676 1
368 715 1
368 728 1
368 791 1
368 892 1
368 953 1
368 958 1
369 383 1
369 582 1
369 609 1
369 673 1
369 867 1
370 766 1
370 808 1
370 813 1
370 879 1
371 426 1
371 560 1
371 656 1
371 913 1
371 946 1
371 960 1
372 389 1
372 748 1
373 460 1
373 494 1
373 608 1
373 624 1
373 696 1
373 828 1
373 856 1
373 972 1
374 404 1
374 836 1
374 879 1
374 943 1
375 401 1
375 476 1
375 545 1
375 692 1
375 704 1
375 716 1
375 727 1
375 734 1
375 760 1
375 786 1
375 847 1
375 857 1
375 954 1
375 974 1
375 975 1
376 385 1
376 468 1
376 520 1
376 638 1
376 680 1
377 768 1
378 424 1
378 510 1
378 573 1
378 644 1
378 767 1
378 785 1
378 851 1
378 910 1
378 917 1
378 927 1
379 509 1
379 763 1
379 783 1
379 820 1
379 966 1
380 758 1
380 771 1
380 777 1
380 911 1
381 394 1
381 500 1
381 583 1
381 711 1
381 773 1
381 864 1
381 869 1
381 924 1
382 466 1
382 598 1
382 700 1
382 708 1
382 723 1
382 736 1
382 968 1
383 393 1
383 483 1
383 492 1
383 504 1
383 506 1
383 518 1
383 576 1
383 626 1
383 869 1
383 945 1
383 984 1
384 457 1
384 478 1
384 722 1
384 792 1
384 853 1
385 490 1
385 550 1
385 669 1
385 685 1
385 708 1
385 711 1
385 726 1
385 825 1
385 892 1
386 420 1
386 537 1
386 564 1
386 568 1
386 573 1
386 621 1
386 666 1
386 668 1
386 713 1
386 812 1
386 886 1
386 904 1
386 980 1
387 428 1
387 429 1
387 597 1
387 653 1
387 754 1
388 549 1
388 564 1
388 767 1
388 841 1
388 890 1
388 960 1
388 965 1
389 487 1
389 640 1
389 647 1
389 763 1
390 554 1
390 687 1
390 813 1
390 852 1
390 955 1
391 414 1
391 438 1
391 526 1
391 765 1
391 856 1
391 998 1
392 527 1
392 561 1
392 633 1
392 902 1
392 981 1
393 421 1
393 516 1
393 517 1
393 567 1
393 654 1
393 912 1
394 486 1
394 524 1
394 607 1
394 714 1
394 742 1
394 747 1
394 749 1
394 788 1
394 835 1
394 869 1
394 952 1
394 1000 1
395 562 1
395 655 1
395 701 1
395 728 1
395 870 1
395 939 1
395 958 1
395 964 1
396 424 1
396 454 1
396 523 1
396 578 1
396 768 1
396 810 1
396 830 1
396 839 1
396 900 1
396 982 1
397 466 1
397 595 1
397 872 1
398 399 1
398 486 1
398 562 1
398 621 1
398 697 1
398 765 1
398 925 1
398 932 1
399 506 1
399 566 1
399 679 1
399 777 1
399 832 1
399 891 1
399 901 1
399 958 1
399 980 1
400 415 1
400 563 1
400 714 1
400 731 1
400 787 1
400 889 1
400 907 1
401 514 1
401 816 1
401 981 1
402 414 1
402 437 1
402 441 1
402 471 1
402 638 1
402 725 1
402 733 1
402 791 1
402 831 1
402 836 1
403 408 1
403 434 1
403 482 1
403 591 1
403 596 1
403 624 1
403 626 1
403 811 1
404 486 1
404 531 1
404 564 1
404 796 1
405 488 1
405 516 1
405 573 1
405 577 1
405 609 1
405 837 1
406 442 1
406 505 1
406 533 1
406 723 1
406 765 1
406 847 1
406 920 1
407 625 1
407 702 1
407 766 1
407 992 1
408 632 1
408 640 1
408 730 1
408 822 1
408 826 1
408 854 1
408 939 1
408 940 1
409 444 1
409 560 1
409 814 1
410 599 1
410 778 1
410 790 1
410 802 1
410 846 1
411 482 1
411 652 1
412 416 1
412 459 1
412 505 1
412 514 1
412 764 1
413 501 1
413 505 1
413 582 1
413 602 1
413 688 1
413 725 1
413 791 1
414 457 1
414 506 1
414 614 1
414 849 1
415 637 1
415 845 1
415 975 1
416 423 1
416 605 1
416 629 1
416 667 1
416 708 1
417 418 1
417 433 1
417 467 1
417 694 1
417 735 1
417 759 1
417 902 1
417 944 1
418 604 1
418 631 1
418 752 1
418 765 1
418 790 1
418 931 1
419 543 1
419 716 1
419 763 1
419 858 1
420 577 1
420 701 1
420 726 1
420 843 1
421 497 1
421 645 1
421 847 1
421 867 1
421 890 1
421 989 1
422 428 1
422 500 1
422 738 1
422 887 1
422 928 1
423 484 1
423 599 1
423 645 1
423 653 1
423 701 1
423 823 1
424 505 1
424 571 1
424 625 1
424 731 1
424 759 1
424 793 1
424 810 1
424 949 1
425 488 1
425 538 1
425 729 1
425 764 1
425 828 1
425 872 1
425 888 1
426 477 1
426 478 1
426 707 1
426 727 1
426 775 1
426 927 1
426 941 1
427 468 1
427 526 1
427 668 1
427 765 1
428 448 1
428 492 1
428 518 1
428 539 1
428 556 1
428 595 1
428 687 1
428 811 1
428 815 1
428 866 1
429 504 1
429 630 1
429 715 1
429 794 1
429 833 1
429 850 1
429 916 1
430 525 1
430 539 1
430 604 1
430 756 1
431 434 1
431 450 1
431 592 1
431 672 1
431 715 1
431 952 1
431 963 1
432 440 1
432 452 1
432 632 1
432 930 1
432 946 1
433 471 1
433 555 1
433 586 1
433 814 1
433 955 1
434 524 1
434 596 1
434 619 1
434 789 1
434 972 1
435 815 1
435 841 1
436 502 1
436 567 1
436 596 1
436 626 1
436 913 1
436 919 1
437 492 1
437 550 1
437 581 1
437 632 1
437 740 1
437 790 1
437 901 1
437 911 1
438 511 1
438 665 1
438 690 1
438 749 1
438 767 1
438 850 1
439 615 1
439 630 1
439 640 1
439 661 1
439 742 1
440 447 1
440 515 1
440 643 1
440 779 1
440 882 1
441 563 1
441 694 1
441 811 1
441 975 1
442 529 1
442 587 1
442 667 1
442 695 1
442 745 1
442 839 1
442 901 1
442 908 1
442 988 1
443 557 1
443 574 1
443 597 1
443 663 1
443 836 1
443 846 1
443 867 1
443 908 1
443 971 1
444 557 1
444 765 1
444 808 1
444 820 1
444 847 1
445 493 1
445 502 1
445 550 1
445 719 1
445 789 1
445 895 1
445 896 1
445 973 1
446 492 1
446 984 1
446 989 1
446 992 1
447 699 1
447 714 1
447 719 1
447 782 1
447 855 1
447 857 1
447 921 1
448 462 1
448 699 1
448 851 1
448 853 1
448 870 1
449 458 1
449 529 1
449 712 1
449 796 1
449 879 1
450 509 1
450 666 1
450 736 1
450 753 1
450 864 1
450 908 1
451 462 1
451 630 1
451 724 1
451 944 1
451 952 1
452 483 1
452 491 1
452 554 1
452 601 1
452 625 1
452 626 1
452 656 1
452 669 1
452 673 1
452 833 1
452 853 1
453 566 1
453 571 1
453 622 1
453 657 1
453 711 1
453 989 1
454 809 1
454 818 1
454 851 1
454 913 1
454 958 1
455 559 1
455 579 1
455 654 1
455 737 1
455 753 1
455 994 1
456 493 1
456 497 1
456 528 1
456 573 1
456 612 1
456 632 1
456 671 1
456 787 1
456 811 1
456 901 1
456 972 1
457 476 1
457 683 1
457 833 1
457 896 1
458 496 1
458 619 1
458 679 1
458 894 1
459 566 1
459 604 1
459 640 1
459 689 1
459 766 1
459 806 1
460 506 1
460 544 1
460 718 1
460 770 1
460 839 1
460 893 1
460 904 1
460 964 1
461 502 1
461 535 1
461 550 1
461 754 1
461 831 1
462 600 1
462 749 1
462 872 1
462 912 1
462 936 1
463 504 1
463 554 1
463 574 1
463 583 1
463 872 1
463 905 1
463 956 1
464 562 1
464 713 1
464 724 1
464 798 1
464 867 1
465 469 1
465 726 1
465 819 1
465 823 1
465 845 1
466 468 1
466 498 1
466 530 1
466 579 1
466 712 1
466 853 1
466 882 1
466 913 1
467 520 1
467 573 1
467 705 1
467 785 1
467 856 1
467 894 1
467 920 1
468 515 1
468 559 1
468 773 1
468 807 1
468 984 1
469 502 1
469 519 1
469 575 1
469 650 1
469 682 1
469 711 1
469 921 1
470 655 1
470 738 1
470 873 1
471 495 1
471 596 1
471 878 1
471 953 1
471 972 1
471 978 1
472 522 1
472 524 1
472 573 1
472 732 1
472 769 1
473 551 1
473 559 1
473 636 1
473 934 1
473 956 1
474 493 1
474 582 1
474 867 1
475 581 1
475 585 1
475 660 1
475 674 1
475 848 1
475 859 1
476 573 1
476 611 1
476 674 1
476 772 1
476 788 1
476 820 1
476 975 1
477 515 1
477 577 1
477 879 1
477 939 1
477 950 1
478 641 1
478 752 1
478 901 1
479 637 1
480 526 1
480 627 1
480 685 1
480 781 1
480 782 1
480 908 1
481 488 1
481 496 1
481 545 1
481 663 1
481 731 1
481 791 1
481 876 1
481 983 1
482 557 1
482 600 1
482 734 1
483 521 1
483 523 1
483 540 1
483 600 1
483 631 1
483 633 1
484 677 1
484 694 1
484 938 1
485 964 1
486 596 1
486 601 1
486 713 1
486 714 1
486 875 1
486 963 1
486 973 1
486 974 1
486 998 1
487 649 1
487 705 1
487 848 1
487 859 1
487 959 1
488 535 1
488 927 1
488 941 1
489 509 1
489 585 1
489 657 1
489 753 1
489 788 1
489 800 1
490 509 1
490 709 1
490 739 1
490 844 1
490 886 1
490 950 1
491 770 1
492 863 1
492 878 1
493 697 1
493 720 1
493 739 1
493 740 1
493 778 1
493 855 1
493 929 1
494 539 1
494 614 1
494 626 1
494 682 1
495 712 1
495 714 1
495 717 1
495 742 1
495 835 1
495 851 1
495 935 1
495 970 1
496 633 1
497 523 1
497 605 1
497 637 1
497 683 1
497 783 1
497 849 1
497 920 1
497 929 1
497 933 1
498 537 1
498 577 1
498 716 1
498 747 1
498 801 1
498 913 1
499 766 1
499 818 1
499 833 1
499 989 1
500 537 1
500 563 1
500 622 1
500 882 1
500 896 1
500 923 1
500 979 1
501 714 1
501 803 1
502 537 1
502 541 1
502 551 1
502 616 1
502 848 1
502 998 1
503 623 1
503 795 1
503 870 1
503 899 1
504 618 1
504 728 1
504 747 1
504 797 1
504 979 1
505 521 1
505 626 1
505 700 1
505 709 1
505 906 1
505 933 1
506 641 1
506 696 1
506 814 1
506 884 1
507 534 1
507 539 1
507 595 1
507 786 1
507 915 1
508 718 1
508 727 1
508 766 1
508 874 1
509 613 1
509 652 1
509 769 1
509 907 1
510 675 1
510 795 1
510 876 1
510 915 1
510 961 1
510 978 1
511 647 1
511 657 1
511 670 1
511 672 1
511 757 1
511 792 1
511 875 1
511 897 1
512 582 1
512 834 1
512 927 1
512 996 1
513 568 1
513 696 1
513 893 1
514 531 1
514 666 1
514 931 1
514 982 1
515 880 1
516 572 1
516 663 1
516 725 1
516 816 1
517 525 1
517 686 1
517 784 1
517 890 1
517 906 1
518 664 1
518 698 1
518 717 1
518 799 1
518 808 1
519 864 1
519 997 1
520 553 1
520 556 1
520 677 1
520 709 1
520 935 1
521 541 1
521 553 1
521 679 1
521 700 1
521 811 1
521 906 1
522 748 1
522 788 1
522 837 1
522 849 1
522 895 1
522 908 1
522 928 1
523 571 1
523 841 1
523 958 1
524 705 1
524 832 1
524 944 1
525 637 1
525 641 1
525 722 1
525 792 1
526 535 1
526 792 1
526 872 1
526 915 1
526 995 1
527 562 1
527 688 1
527 771 1
528 689 1
528 854 1
528 904 1
528 951 1
529 612 1
529 726 1
529 734 1
529 826 1
529 849 1
530 664 1
530 787 1
530 865 1
531 796 1
531 844 1
531 866 1
531 920 1
532 576 1
532 633 1
532 703 1
532 720 1
532 818 1
533 569 1
533 655 1
533 812 1
533 884 1
533 982 1
534 728 1
534 833 1
534 871 1
534 908 1
534 998 1
535 550 1
535 570 1
535 588 1
535 597 1
535 625 1
535 794 1
535 813 1
535 857 1
535 895 1
536 830 1
536 974 1
537 726 1
537 742 1
538 563 1
538 598 1
538 600 1
538 795 1
538 919 1
538 948 1
539 550 1
539 837 1
539 902 1
540 825 1
540 978 1
541 692 1
542 564 1
542 570 1
542 572 1
542 609 1
542 626 1
542 628 1
542 633 1
542 815 1
542 819 1
542 867 1
542 905 1
542 944 1
543 675 1
543 861 1
544 564 1
544 569 1
544 658 1
544 907 1
545 606 1
545 616 1
545 877 1
545 933 1
546 614 1
546 682 1
546 707 1
547 821 1
547 896 1
547 943 1
548 616 1
548 717 1
548 927 1
548 985 1
548 986 1
549 669 1
549 782 1
549 788 1
549 843 1
549 884 1
549 908 1
550 580 1
551 552 1
551 613 1
551 826 1
551 831 1
551 834 1
551 841 1
551 856 1
551 858 1
552 685 1
552 917 1
552 953 1
553 899 1
553 916 1
553 972 1
554 698 1
554 823 1
554 927 1
554 931 1
555 556 1
555 888 1
555 970 1
555 987 1
556 572 1
556 607 1
556 647 1
556 776 1
556 814 1
556 827 1
557 623 1
557 769 1
557 887 1
558 578 1
558 806 1
558 852 1
558 938 1
558 954 1
559 624 1
559 671 1
559 719 1
559 758 1
559 869 1
559 925 1
560 618 1
560 691 1
560 705 1
560 822 1
561 650 1
561 728 1
561 746 1
561 788 1
562 622 1
562 936 1
562 953 1
563 567 1
563 665 1
563 824 1
563 826 1
563 929 1
563 985 1
564 634 1
564 759 1
564 815 1
564 828 1
564 910 1
564 981 1
565 615 1
565 724 1
565 819 1
565 841 1
566 673 1
566 726 1
566 753 1
566 888 1
566 960 1
567 695 1
567 982 1
568 583 1
568 594 1
568 834 1
568 911 1
568 912 1
569 604 1
569 665 1
569 773 1
569 891 1
570 696 1
570 754 1
570 779 1
570 850 1
570 886 1
570 921 1
570 950 1
571 643 1
571 652 1
571 666 1
571 678 1
571 712 1
571 748 1
571 749 1
572 678 1
572 837 1
572 895 1
573 698 1
573 816 1
574 608 1
574 692 1
574 890 1
575 600 1
575 654 1
575 655 1
575 663 1
575 787 1
575 886 1
576 721 1
576 726 1
576 750 1
576 782 1
576 836 1
576 861 1
577 687 1
577 874 1
578 612 1
578 630 1
578 730 1
578 741 1
578 865 1
578 891 1
578 933 1
579 659 1
579 989 1
580 703 1
580 793 1
581 704 1
581 718 1
581 787 1
582 587 1
582 876 1
582 925 1
583 766 1
584 631 1
584 639 1
584 678 1
584 882 1
585 649 1
585 650 1
585 677 1
585 695 1
585 826 1
585 951 1
586 608 1
586 706 1
586 834 1
586 900 1
586 909 1
586 955 1
586 974 1
586 983 1
587 638 1
587 664 1
587 714 1
587 725 1
587 756 1
587 795 1
587 958 1
587 963 1
587 991 1
588 836 1
588 883 1
588 900 1
588 917 1
589 699 1
589 709 1
590 609 1
590 755 1
590 757 1
591 607 1
591 615 1
591 878 1
591 937 1
592 601 1
592 652 1
592 855 1
592 879 1
592 936 1
593 716 1
593 823 1
593 860 1
593 906 1
594 613 1
594 634 1
594 747 1
594 795 1
594 917 1
594 936 1
594 939 1
594 944 1
595 628 1
595 663 1
595 757 1
596 610 1
596 634 1
596 733 1
597 603 1
597 635 1
597 666 1
597 681 1
597 824 1
597 957 1
598 621 1
598 637 1
599 601 1
599 737 1
599 831 1
599 862 1
599 878 1
599 884 1
599 902 1
599 918 1
599 938 1
600 643 1
600 843 1
600 853 1
601 627 1
601 658 1
601 777 1
601 907 1
603 750 1
603 981 1
604 754 1
604 805 1
605 649 1
605 669 1
605 831 1
605 841 1
605 935 1
606 655 1
606 794 1
606 801 1
606 889 1
606 963 1
607 701 1
607 741 1
607 857 1
607 907 1
608 716 1
608 823 1
609 745 1
610 711 1
610 944 1
611 634 1
611 729 1
611 769 1
611 791 1
612 670 1
612 738 1
612 744 1
612 747 1
612 809 1
612 966 1
612 967 1
613 633 1
613 726 1
613 844 1
613 896 1
614 647 1
614 668 1
614 729 1
614 814 1
614 915 1
614 963 1
614 965 1
615 847 1
615 916 1
615 966 1
615 973 1
616 841 1
616 936 1
616 958 1
616 970 1
618 649 1
618 715 1
618 754 1
618 834 1
618 859 1
618 950 1
619 715 1
619 738 1
619 896 1
619 983 1
620 882 1
621 786 1
621 793 1
621 864 1
621 867 1
621 878 1
621 990 1
621 994 1
622 792 1
622 842 1
622 900 1
622 983 1
623 629 1
623 655 1
623 700 1
623 715 1
624 724 1
624 812 1
624 840 1
624 961 1
625 639 1
625 850 1
625 939 1
626 706 1
626 752 1
626 788 1
626 789 1
626 919 1
627 669 1
627 784 1
627 894 1
627 983 1
628 741 1
628 780 1
628 814 1
628 841 1
629 703 1
629 805 1
629 889 1
630 708 1
630 776 1
632 667 1
632 922 1
632 942 1
633 779 1
633 957 1
633 993 1
634 752 1
634 816 1
634 856 1
635 697 1
635 764 1
635 871 1
635 939 1
636 685 1
636 920 1
637 958 1
637 974 1
638 656 1
638 695 1
638 832 1
638 867 1
638 899 1
638 926 1
638 968 1
639 889 1
639 913 1
639 943 1
640 743 1
640 798 1
640 829 1
640 979 1
641 733 1
641 781 1
641 826 1
641 852 1
641 942 1
642 676 1
642 854 1
642 902 1
643 657 1
643 775 1
643 827 1
643 848 1
643 876 1
644 822 1
644 875 1
644 974 1
644 981 1
645 770 1
645 882 1
645 900 1
645 943 1
646 713 1
646 783 1
646 828 1
647 784 1
647 891 1
647 944 1
647 970 1
648 662 1
648 823 1
648 835 1
648 873 1
648 934 1
648 983 1
649 824 1
649 898 1
649 917 1
650 675 1
650 721 1
651 656 1
651 786 1
651 930 1
651 986 1
651 999 1
652 867 1
653 678 1
653 719 1
653 771 1
653 987 1
654 849 1
654 923 1
655 971 1
656 716 1
656 793 1
656 980 1
657 888 1
657 992 1
658 856 1
658 914 1
658 920 1
658 971 1
659 692 1
659 974 1
660 692 1
660 722 1
660 868 1
660 881 1
660 919 1
660 968 1
660 974 1
661 740 1
661 943 1
662 669 1
662 775 1
662 851 1
662 855 1
662 869 1
662 899 1
663 745 1
663 764 1
663 985 1
664 793 1
665 707 1
665 869 1
665 895 1
665 908 1
666 825 1
666 941 1
666 988 1
667 741 1
667 863 1
668 824 1
668 873 1
669 756 1
669 849 1
669 864 1
670 738 1
671 734 1
671 797 1
671 802 1
672 730 1
672 761 1
672 824 1
672 989 1
673 804 1
673 823 1
673 838 1
673 866 1
673 869 1
673 966 1
674 705 1
674 709 1
674 807 1
674 813 1
674 955 1
675 740 1
675 787 1
675 836 1
676 677 1
676 719 1
676 747 1
676 810 1
676 926 1
676 992 1
677 686 1
677 715 1
677 829 1
677 866 1
678 734 1
678 739 1
678 860 1
678 867 1
678 935 1
679 713 1
679 918 1
679 957 1
680 783 1
680 902 1
680 941 1
680 977 1
681 770 1
681 953 1
682 696 1
682 793 1
682 944 1
682 961 1
683 709 1
683 971 1
684 826 1
684 876 1
684 972 1
685 700 1
685 719 1
685 759 1
686 723 1
686 748 1
686 763 1
686 873 1
686 931 1
686 961 1
687 829 1
689 698 1
689 712 1
689 813 1
689 997 1
690 887 1
690 904 1
691 923 1
691 967 1
692 716 1
692 724 1
692 742 1
692 784 1
693 736 1
693 777 1
693 834 1
693 862 1
694 954 1
695 838 1
695 924 1
696 707 1
696 826 1
696 827 1
696 981 1
698 704 1
698 772 1
698 788 1
698 840 1
698 850 1
698 947 1
699 898 1
699 938 1
699 978 1
700 719 1
700 765 1
701 712 1
701 743 1
701 848 1
701 859 1
701 898 1
701 907 1
702 746 1
703 751 1
703 819 1
703 946 1
703 955 1
704 770 1
704 858 1
705 863 1
705 895 1
705 995 1
706 733 1
706 739 1
706 793 1
706 959 1
706 978 1
707 711 1
707 861 1
707 886 1
708 767 1
709 728 1
709 755 1
709 775 1
709 934 1
710 781 1
710 826 1
710 842 1
710 906 1
710 910 1
710 914 1
710 927 1
710 938 1
711 724 1
711 771 1
711 791 1
711 883 1
711 896 1
712 771 1
713 944 1
713 974 1
713 988 1
714 897 1
715 770 1
715 795 1
715 900 1
715 928 1
716 775 1
716 792 1
716 833 1
716 884 1
718 749 1
718 793 1
718 803 1
718 831 1
718 913 1
718 992 1
719 846 1
719 865 1
719 921 1
719 926 1
720 794 1
720 892 1
721 743 1
721 748 1
721 776 1
721 795 1
721 806 1
722 742 1
722 767 1
722 805 1
722 905 1
722 909 1
722 953 1
723 798 1
723 803 1
723 806 1
723 891 1
723 971 1
724 752 1
724 845 1
724 848 1
724 920 1
724 938 1
724 939 1
724 966 1
725 736 1
725 753 1
725 776 1
725 926 1
726 760 1
727 890 1
728 762 1
728 980 1
730 789 1
730 825 1
730 878 1
730 990 1
731 754 1
731 798 1
731 961 1
731 964 1
732 733 1
732 788 1
732 933 1
733 914 1
734 741 1
734 791 1
734 895 1
735 869 1
735 922 1
735 963 1
736 890 1
736 936 1
736 986 1
737 890 1
737 916 1
737 938 1
738 792 1
738 947 1
738 988 1
739 880 1
740 787 1
740 838 1
740 894 1
741 799 1
742 775 1
742 785 1
742 953 1
742 969 1
742 980 1
743 861 1
743 875 1
743 933 1
743 936 1
743 942 1
743 999 1
744 826 1
744 851 1
744 915 1
744 991 1
745 759 1
745 765 1
745 804 1
745 920 1
745 964 1
748 766 1
748 840 1
748 849 1
748 980 1
749 808 1
749 836 1
749 951 1
752 756 1
753 952 1
753 991 1
754 792 1
754 814 1
754 836 1
754 968 1
755 929 1
756 914 1
757 904 1
758 803 1
758 932 1
758 941 1
759 789 1
759 823 1
759 943 1
759 975 1
759 993 1
760 808 1
760 863 1
760 892 1
760 960 1
761 785 1
761 925 1
761 999 1
763 930 1
764 895 1
764 905 1
765 785 1
765 818 1
765 899 1
765 916 1
767 869 1
767 870 1
768 784 1
768 837 1
768 931 1
769 858 1
769 947 1
770 777 1
771 917 1
771 935 1
772 993 1
773 951 1
774 905 1
774 978 1
775 869 1
775 941 1
775 968 1
776 823 1
776 875 1
776 939 1
778 798 1
778 818 1
780 972 1
781 828 1
781 916 1
782 810 1
783 851 1
784 991 1
785 821 1
785 863 1
785 921 1
786 834 1
786 899 1
786 943 1
788 978 1
790 819 1
790 827 1
790 854 1
790 862 1
790 957 1
791 818 1
791 827 1
791 843 1
792 801 1
792 856 1
792 871 1
792 989 1
793 895 1
794 865 1
794 935 1
794 961 1
794 985 1
795 800 1
795 845 1
796 847 1
796 924 1
796 958 1
797 880 1
798 824 1
798 895 1
798 926 1
799 818 1
799 840 1
799 921 1
799 967 1
800 823 1
800 939 1
800 966 1
801 829 1
802 876 1
802 959 1
803 808 1
803 912 1
803 956 1
806 814 1
806 968 1
807 814 1
807 833 1
807 845 1
807 860 1
807 1000 1
808 842 1
808 980 1
809 828 1
809 844 1
809 973 1
810 875 1
810 976 1
813 893 1
813 905 1
814 980 1
815 836 1
815 854 1
816 916 1
816 966 1
817 913 1
819 853 1
819 989 1
820 908 1
820 938 1
821 887 1
821 982 1
822 834 1
822 978 1
823 866 1
823 875 1
824 834 1
824 859 1
824 862 1
824 893 1
824 952 1
824 986 1
825 829 1
825 912 1
825 945 1
826 940 1
828 932 1
828 984 1
829 959 1
830 906 1
831 940 1
831 962 1
831 991 1
832 882 1
832 937 1
832 993 1
833 870 1
833 980 1
834 836 1
834 951 1
835 918 1
835 922 1
835 968 1
835 995 1
836 975 1
837 904 1
837 910 1
837 915 1
839 969 1
840 903 1
840 962 1
841 952 1
841 999 1
842 862 1
842 922 1
842 942 1
842 987 1
843 867 1
844 970 1
845 982 1
846 969 1
846 987 1
846 995 1
847 862 1
847 891 1
847 913 1
847 988 1
848 903 1
850 872 1
850 926 1
850 971 1
850 999 1
853 877 1
853 955 1
854 969 1
855 856 1
855 895 1
855 921 1
856 886 1
856 947 1
856 973 1
857 891 1
857 927 1
857 954 1
858 885 1
859 878 1
859 913 1
860 882 1
860 996 1
861 956 1
861 959 1
862 865 1
862 905 1
862 943 1
863 896 1
863 946 1
865 892 1
865 934 1
868 998 1
869 946 1
870 890 1
870 992 1
871 925 1
871 950 1
871 986 1
873 999 1
874 884 1
874 950 1
874 951 1
875 887 1
875 996 1
876 881 1
878 903 1
878 904 1
878 969 1
881 915 1
881 993 1
882 910 1
883 975 1
885 892 1
885 895 1
886 967 1
889 934 1
891 936 1
892 998 1
893 912 1
893 958 1
893 972 1
893 974 1
894 955 1
895 991 1
896 902 1
898 935 1
898 972 1
900 914 1
902 953 1
903 928 1
905 924 1
906 927 1
906 957 1
907 994 1
909 941 1
910 917 1
910 984 1
912 929 1
912 968 1
912 985 1
912 988 1
913 914 1
914 944 1
915 995 1
916 931 1
916 962 1
916 992 1
917 961 1
919 930 1
920 967 1
922 992 1
924 949 1
925 930 1
925 950 1
925 954 1
928 977 1
933 935 1
935 938 1
940 988 1
940 989 1
941 961 1
941 993 1
947 978 1
949 955 1
949 981 1
952 974 1
952 986 1
954 992 1
955 989 1
956 957 1
956 958 1
967 993 1
968 991 1
970 972 1
971 974 1
973 986 1
978 998 1
981 1000 1
985 996 1
