1000 4888
1 189 1
1 365 1
1 371 1
1 392 1
1 474 1
1 475 1
1 634 1
1 976 1
2 30 1
2 203 1
2 231 1
2 320 1
2 331 1
2 661 1
2 715 1
2 822 1
3 181 1
3 505 1
3 639 1
3 706 1
3 882 1
3 907 1
3 941 1
4 110 1
4 205 1
4 232 1
4 286 1
4 300 1
4 305 1
4 326 1
4 333 1
4 578 1
5 424 1
5 517 1
5 578 1
5 583 1
5 665 1
5 695 1
5 743 1
5 979 1
6 31 1
6 65 1
6 242 1
6 268 1
6 374 1
6 484 1
6 523 1
6 524 1
6 528 1
6 552 1
6 732 1
6 872 1
6 901 1
6 981 1
7 25 1
7 43 1
7 114 1
7 262 1
7 386 1
7 415 1
7 463 1
7 531 1
7 597 1
7 675 1
7 901 1
8 36 1
8 75 1
8 201 1
8 237 1
8 496 1
8 594 1
8 607 1
8 644 1
8 682 1
8 775 1
8 907 1
8 976 1
9 219 1
9 307 1
9 310 1
9 560 1
9 564 1
9 676 1
9 680 1
9 733 1
9 749 1
9 762 1
9 808 1
10 16 1
10 17 1
10 136 1
10 153 1
10 253 1
10 259 1
10 410 1
10 437 1
10 466 1
10 574 1
10 634 1
10 771 1
10 876 1
11 49 1
11 108 1
11 208 1
11 215 1
11 233 1
11 247 1
11 316 1
11 320 1
11 328 1
11 400 1
11 539 1
11 674 1
11 756 1
11 911 1
11 956 1
12 14 1
12 47 1
12 98 1
12 136 1
12 213 1
12 247 1
12 509 1
12 789 1
12 922 1
12 933 1
13 80 1
13 110 1
13 488 1
13 564 1
13 635 1
13 702 1
13 754 1
13 971 1
13 977 1
13 993 1
14 29 1
14 185 1
14 391 1
14 433 1
14 451 1
14 492 1
14 681 1
14 701 1
14 757 1
14 865 1
14 947 1
15 85 1
15 94 1
15 245 1
15 272 1
15 393 1
15 427 1
15 549 1
15 633 1
15 642 1
15 726 1
15 757 1
15 921 1
15 950 1
16 133 1
16 255 1
16 319 1
16 372 1
16 498 1
16 515 1
16 546 1
17 382 1
17 552 1
17 557 1
17 728 1
17 744 1
17 900 1
17 960 1
17 976 1
18 67 1
18 81 1
18 86 1
18 115 1
18 428 1
18 861 1
18 910 1
18 933 1
19 62 1
19 250 1
19 281 1
19 350 1
19 698 1
19 723 1
19 864 1
19 968 1
20 96 1
20 109 1
20 110 1
20 260 1
20 276 1
20 302 1
20 316 1
20 321 1
20 340 1
20 384 1
20 741 1
20 840 1
21 113 1
21 209 1
21 257 1
21 316 1
21 503 1
21 575 1
21 915 1
22 30 1
22 99 1
22 176 1
22 399 1
22 416 1
22 706 1
22 765 1
22 838 1
22 904 1
23 127 1
23 223 1
23 299 1
23 600 1
23 640 1
23 736 1
23 745 1
23 917 1
24 155 1
24 282 1
24 327 1
24 428 1
24 503 1
24 624 1
24 649 1
24 710 1
24 795 1
24 881 1
24 974 1
24 992 1
25 227 1
25 302 1
25 401 1
25 491 1
25 747 1
25 770 1
25 804 1
25 905 1
26 100 1
26 117 1
26 143 1
26 151 1
26 237 1
26 274 1
26 421 1
26 428 1
26 627 1
26 667 1
26 856 1
26 915 1
26 931 1
26 989 1
27 37 1
27 49 1
27 227 1
27 249 1
27 394 1
27 447 1
27 604 1
27 690 1
27 826 1
27 868 1
27 966 1
28 46 1
28 169 1
28 350 1
28 450 1
28 569 1
28 600 1
28 742 1
28 766 1
28 883 1
29 192 1
29 381 1
29 422 1
29 658 1
29 876 1
29 932 1
30 194 1
30 404 1
30 426 1
30 475 1
30 622 1
30 873 1
30 889 1
30 983 1
31 53 1
31 77 1
31 360 1
31 434 1
31 448 1
31 484 1
31 583 1
31 713 1
31 910 1
32 44 1
32 248 1
32 492 1
32 594 1
32 623 1
32 765 1
32 780 1
32 848 1
32 929 1
32 935 1
32 957 1
32 968 1
33 258 1
33 424 1
33 485 1
33 622 1
33 717 1
33 770 1
33 823 1
33 832 1
33 938 1
33 978 1
33 984 1
34 47 1
34 190 1
34 218 1
34 333 1
34 411 1
34 486 1
34 532 1
34 607 1
34 723 1
34 820 1
35 53 1
35 242 1
35 401 1
35 414 1
35 607 1
35 701 1
35 731 1
35 935 1
35 963 1
36 140 1
36 296 1
36 528 1
36 533 1
36 591 1
36 859 1
36 888 1
36 911 1
36 979 1
37 57 1
37 219 1
37 368 1
37 645 1
37 699 1
37 790 1
37 882 1
37 891 1
37 984 1
38 95 1
38 110 1
38 143 1
38 219 1
38 255 1
38 289 1
38 299 1
38 507 1
38 576 1
38 725 1
38 845 1
39 56 1
39 64 1
39 164 1
39 399 1
39 426 1
39 432 1
39 578 1
39 853 1
39 887 1
39 914 1
39 990 1
40 118 1
40 122 1
40 125 1
40 505 1
40 513 1
40 609 1
40 626 1
40 670 1
40 681 1
40 784 1
40 907 1
41 67 1
41 177 1
41 377 1
41 403 1
41 419 1
41 483 1
41 546 1
41 599 1
41 675 1
41 826 1
41 896 1
41 931 1
41 933 1
41 981 1
42 69 1
42 201 1
42 218 1
42 595 1
42 802 1
42 959 1
42 969 1
43 810 1
43 861 1
43 978 1
44 174 1
44 404 1
44 563 1
44 861 1
45 133 1
45 204 1
45 305 1
45 532 1
45 617 1
45 625 1
45 745 1
45 767 1
45 901 1
46 265 1
46 320 1
46 493 1
46 746 1
46 796 1
46 967 1
47 84 1
47 176 1
47 437 1
47 478 1
47 540 1
47 575 1
47 612 1
47 872 1
47 940 1
48 106 1
48 288 1
48 357 1
48 390 1
48 447 1
48 485 1
48 570 1
48 677 1
48 774 1
49 383 1
49 427 1
49 719 1
49 810 1
50 82 1
50 158 1
50 267 1
50 437 1
50 663 1
50 698 1
50 721 1
50 736 1
50 909 1
50 963 1
51 60 1
51 69 1
51 226 1
51 278 1
51 303 1
51 325 1
51 335 1
51 341 1
51 488 1
51 523 1
51 543 1
51 653 1
51 656 1
51 666 1
51 740 1
52 147 1
52 209 1
52 261 1
52 284 1
52 549 1
52 574 1
52 591 1
52 619 1
52 866 1
53 65 1
53 245 1
53 272 1
53 622 1
53 660 1
53 678 1
54 178 1
54 248 1
54 484 1
54 581 1
54 753 1
54 898 1
55 64 1
55 83 1
55 127 1
55 245 1
55 398 1
55 421 1
55 537 1
55 600 1
55 734 1
55 983 1
56 248 1
56 342 1
56 473 1
56 596 1
56 667 1
56 875 1
57 217 1
57 442 1
57 491 1
57 570 1
57 630 1
57 700 1
57 887 1
57 897 1
58 196 1
58 441 1
58 444 1
58 525 1
58 541 1
58 620 1
58 761 1
59 199 1
59 222 1
59 338 1
59 526 1
59 548 1
59 581 1
59 640 1
59 651 1
59 840 1
60 67 1
60 121 1
60 178 1
60 353 1
60 401 1
60 908 1
60 960 1
60 999 1
61 356 1
61 396 1
61 566 1
61 799 1
61 925 1
62 353 1
62 355 1
62 583 1
62 625 1
62 796 1
62 861 1
62 928 1
63 168 1
63 186 1
63 226 1
63 372 1
63 415 1
63 432 1
63 737 1
64 112 1
64 212 1
64 254 1
64 554 1
64 699 1
64 712 1
64 743 1
64 787 1
65 238 1
65 347 1
65 350 1
65 500 1
65 801 1
66 170 1
66 323 1
66 376 1
66 484 1
66 531 1
66 745 1
66 826 1
66 859 1
67 109 1
67 135 1
67 198 1
67 295 1
67 449 1
67 489 1
67 531 1
67 556 1
67 602 1
67 645 1
67 771 1
67 877 1
67 938 1
68 109 1
68 407 1
68 463 1
68 470 1
68 480 1
68 501 1
68 662 1
68 994 1
68 997 1
69 77 1
69 112 1
69 188 1
69 298 1
69 338 1
69 389 1
69 467 1
69 689 1
69 699 1
69 732 1
69 757 1
69 825 1
69 835 1
69 842 1
69 941 1
70 154 1
70 179 1
70 186 1
70 305 1
70 340 1
70 436 1
70 445 1
70 497 1
70 508 1
70 565 1
70 615 1
70 712 1
70 750 1
70 913 1
71 119 1
71 181 1
71 220 1
71 254 1
71 293 1
71 443 1
71 493 1
71 545 1
71 594 1
71 635 1
71 639 1
71 835 1
72 73 1
72 209 1
72 263 1
72 289 1
72 409 1
72 552 1
72 567 1
72 897 1
72 962 1
73 114 1
73 236 1
73 240 1
73 392 1
73 407 1
73 501 1
73 977 1
74 122 1
74 207 1
74 629 1
74 782 1
74 967 1
75 140 1
75 285 1
75 290 1
75 421 1
75 540 1
75 579 1
75 677 1
75 779 1
75 788 1
75 789 1
75 808 1
75 845 1
76 274 1
76 586 1
76 613 1
76 616 1
76 921 1
77 83 1
77 307 1
77 411 1
77 466 1
77 644 1
77 700 1
77 898 1
77 998 1
78 571 1
78 626 1
78 665 1
78 712 1
78 799 1
78 805 1
78 830 1
78 889 1
79 87 1
79 302 1
79 387 1
79 533 1
79 623 1
79 629 1
79 656 1
79 871 1
80 81 1
80 110 1
80 685 1
80 720 1
80 745 1
80 772 1
80 818 1
80 858 1
80 876 1
80 882 1
81 151 1
81 160 1
81 400 1
81 438 1
81 494 1
81 505 1
81 595 1
81 616 1
81 858 1
81 919 1
81 981 1
81 991 1
82 141 1
82 277 1
82 284 1
82 307 1
82 349 1
83 105 1
83 152 1
83 346 1
83 386 1
83 393 1
83 449 1
83 572 1
83 618 1
83 867 1
83 935 1
83 978 1
83 989 1
84 98 1
84 220 1
84 259 1
84 327 1
84 448 1
84 461 1
84 467 1
84 654 1
84 854 1
84 887 1
84 927 1
84 957 1
84 1000 1
85 361 1
85 456 1
85 506 1
85 635 1
85 848 1
85 856 1
86 192 1
86 201 1
86 338 1
86 348 1
86 399 1
86 426 1
86 573 1
86 716 1
86 814 1
86 946 1
87 231 1
87 405 1
87 501 1
87 535 1
87 581 1
87 680 1
87 887 1
88 110 1
88 181 1
88 250 1
88 365 1
88 523 1
88 545 1
88 606 1
88 708 1
88 752 1
88 867 1
88 930 1
89 238 1
89 276 1
89 350 1
89 456 1
89 470 1
89 686 1
89 803 1
89 871 1
89 889 1
89 921 1
89 999 1
90 138 1
90 199 1
90 266 1
90 362 1
90 384 1
90 385 1
90 481 1
90 498 1
90 520 1
90 590 1
90 809 1
90 897 1
91 95 1
91 140 1
91 164 1
91 228 1
91 255 1
91 893 1
91 1000 1
92 232 1
92 238 1
92 273 1
92 311 1
92 426 1
92 430 1
92 433 1
92 462 1
92 530 1
92 566 1
92 571 1
92 608 1
92 797 1
92 864 1
92 904 1
92 908 1
92 944 1
92 979 1
93 269 1
93 283 1
93 397 1
93 519 1
93 623 1
93 780 1
94 263 1
94 309 1
94 380 1
94 483 1
94 555 1
94 579 1
94 662 1
94 667 1
94 873 1
94 893 1
94 908 1
95 136 1
95 316 1
95 372 1
95 393 1
95 489 1
95 561 1
95 573 1
95 748 1
95 927 1
96 100 1
96 126 1
96 128 1
96 463 1
96 515 1
96 600 1
96 643 1
96 848 1
97 295 1
98 365 1
98 477 1
98 620 1
98 628 1
98 654 1
98 670 1
98 814 1
98 969 1
99 115 1
99 415 1
99 488 1
99 499 1
99 569 1
99 580 1
99 650 1
99 657 1
99 665 1
99 996 1
100 128 1
100 279 1
100 376 1
100 410 1
100 516 1
100 665 1
100 722 1
100 779 1
100 995 1
101 308 1
101 460 1
101 471 1
101 474 1
101 609 1
101 612 1
101 976 1
101 995 1
102 238 1
102 277 1
102 358 1
102 369 1
102 509 1
102 797 1
102 803 1
102 942 1
102 983 1
103 124 1
103 127 1
103 187 1
103 354 1
103 366 1
103 517 1
103 557 1
103 685 1
103 992 1
103 1000 1
104 205 1
104 282 1
104 526 1
104 630 1
104 667 1
104 675 1
104 777 1
104 962 1
105 220 1
105 396 1
105 558 1
105 586 1
105 757 1
105 795 1
105 865 1
105 900 1
106 164 1
106 180 1
106 538 1
106 566 1
106 600 1
106 723 1
106 936 1
107 515 1
107 584 1
108 171 1
108 746 1
109 183 1
109 222 1
109 502 1
109 775 1
109 777 1
109 811 1
110 299 1
110 402 1
110 457 1
110 468 1
110 518 1
110 535 1
110 591 1
110 833 1
110 840 1
110 887 1
110 906 1
110 911 1
110 915 1
110 925 1
111 284 1
111 335 1
111 407 1
111 470 1
111 488 1
111 492 1
111 505 1
111 566 1
111 640 1
111 783 1
111 837 1
111 839 1
111 849 1
111 945 1
111 983 1
112 185 1
112 242 1
112 321 1
112 386 1
112 504 1
112 523 1
112 600 1
112 808 1
112 822 1
112 865 1
112 998 1
113 142 1
113 486 1
113 487 1
113 495 1
113 514 1
113 634 1
113 767 1
113 907 1
113 918 1
113 960 1
113 977 1
114 124 1
114 172 1
114 186 1
114 471 1
114 473 1
114 489 1
114 535 1
114 611 1
114 813 1
114 927 1
114 957 1
114 982 1
115 121 1
115 206 1
115 221 1
115 223 1
115 320 1
115 394 1
115 437 1
115 558 1
115 649 1
115 650 1
115 762 1
115 821 1
116 144 1
116 184 1
116 535 1
116 614 1
116 737 1
116 743 1
116 862 1
116 940 1
116 941 1
116 966 1
117 525 1
117 759 1
117 888 1
118 137 1
118 170 1
118 188 1
118 195 1
118 208 1
118 331 1
118 526 1
118 635 1
118 762 1
118 817 1
118 938 1
118 940 1
119 198 1
119 404 1
119 549 1
119 763 1
119 781 1
119 943 1
120 144 1
120 145 1
120 189 1
120 369 1
120 438 1
120 492 1
120 684 1
120 724 1
120 730 1
120 767 1
120 946 1
121 225 1
121 274 1
121 279 1
121 582 1
121 583 1
121 600 1
121 675 1
121 753 1
121 769 1
121 884 1
121 956 1
122 181 1
122 378 1
122 484 1
122 585 1
122 593 1
122 596 1
122 892 1
123 185 1
123 230 1
123 236 1
123 263 1
123 277 1
123 298 1
123 438 1
123 451 1
123 584 1
123 589 1
123 669 1
123 673 1
123 790 1
123 814 1
123 849 1
124 244 1
124 449 1
124 545 1
124 816 1
124 1000 1
125 288 1
125 478 1
125 548 1
125 597 1
125 667 1
125 745 1
125 748 1
126 128 1
126 163 1
126 407 1
126 447 1
126 581 1
126 593 1
126 596 1
126 652 1
126 786 1
126 989 1
127 147 1
127 156 1
127 213 1
127 226 1
127 574 1
127 746 1
127 771 1
127 876 1
128 498 1
128 552 1
128 577 1
128 598 1
128 714 1
128 727 1
128 792 1
128 960 1
129 290 1
129 310 1
129 428 1
129 542 1
129 952 1
130 134 1
130 337 1
130 659 1
130 684 1
130 736 1
130 910 1
131 179 1
131 211 1
131 225 1
131 261 1
131 601 1
131 740 1
131 873 1
131 904 1
132 247 1
132 295 1
132 314 1
132 455 1
132 501 1
132 502 1
132 616 1
132 669 1
132 725 1
132 739 1
132 837 1
133 215 1
133 234 1
133 301 1
133 347 1
133 348 1
133 368 1
133 465 1
133 498 1
133 755 1
133 768 1
133 791 1
133 935 1
134 254 1
134 359 1
134 842 1
134 968 1
135 146 1
135 236 1
135 249 1
135 405 1
135 437 1
135 602 1
135 832 1
136 304 1
136 535 1
136 565 1
136 639 1
136 783 1
136 805 1
136 843 1
136 901 1
136 996 1
137 239 1
137 384 1
137 487 1
137 646 1
137 656 1
137 821 1
137 974 1
137 975 1
138 198 1
138 213 1
138 395 1
138 437 1
138 602 1
138 718 1
138 820 1
138 857 1
138 960 1
139 523 1
139 578 1
139 612 1
139 719 1
140 209 1
140 270 1
140 439 1
140 746 1
140 784 1
140 824 1
140 862 1
140 973 1
140 990 1
141 229 1
141 249 1
141 290 1
141 328 1
141 456 1
141 543 1
141 860 1
142 192 1
142 260 1
142 273 1
142 278 1
142 316 1
142 581 1
142 595 1
142 600 1
142 642 1
142 850 1
142 853 1
142 964 1
142 979 1
142 991 1
143 212 1
143 451 1
143 490 1
143 520 1
143 578 1
143 898 1
143 924 1
144 184 1
144 206 1
144 235 1
144 238 1
144 478 1
144 638 1
144 765 1
144 860 1
145 238 1
145 384 1
145 455 1
145 493 1
145 601 1
145 602 1
145 751 1
145 766 1
145 803 1
145 977 1
146 203 1
146 204 1
146 495 1
146 588 1
146 627 1
146 648 1
146 656 1
146 827 1
146 891 1
146 952 1
147 239 1
147 278 1
147 316 1
147 387 1
147 435 1
147 463 1
147 512 1
147 534 1
147 659 1
147 712 1
147 815 1
147 837 1
147 844 1
147 882 1
148 216 1
148 232 1
148 301 1
148 623 1
148 751 1
149 205 1
149 283 1
149 542 1
149 790 1
149 826 1
149 923 1
150 200 1
150 232 1
150 395 1
150 696 1
150 745 1
150 872 1
150 891 1
150 894 1
150 903 1
151 183 1
151 292 1
151 545 1
151 616 1
151 726 1
151 827 1
151 942 1
151 943 1
151 961 1
152 186 1
152 284 1
152 515 1
152 908 1
152 974 1
152 999 1
153 174 1
153 236 1
153 313 1
153 347 1
153 368 1
153 385 1
153 495 1
153 800 1
154 298 1
154 355 1
154 375 1
154 511 1
154 627 1
154 675 1
154 793 1
154 868 1
154 954 1
154 957 1
155 166 1
155 288 1
155 780 1
155 838 1
155 878 1
155 908 1
156 174 1
156 419 1
156 567 1
156 653 1
156 733 1
156 847 1
157 369 1
157 512 1
157 547 1
157 595 1
157 633 1
157 657 1
157 717 1
157 917 1
157 943 1
158 302 1
158 372 1
158 505 1
158 667 1
159 254 1
159 329 1
159 489 1
159 779 1
159 928 1
159 952 1
159 969 1
160 480 1
160 515 1
160 534 1
160 760 1
160 966 1
161 272 1
161 273 1
161 328 1
161 338 1
161 390 1
161 525 1
161 726 1
161 777 1
161 870 1
161 881 1
161 902 1
161 961 1
162 208 1
162 330 1
162 368 1
162 394 1
162 473 1
162 526 1
162 591 1
162 604 1
162 639 1
162 762 1
162 860 1
162 899 1
163 280 1
163 391 1
163 465 1
163 476 1
163 763 1
163 883 1
164 204 1
164 270 1
164 343 1
164 636 1
164 648 1
164 723 1
164 781 1
164 790 1
164 822 1
164 826 1
164 834 1
164 895 1
164 913 1
165 305 1
165 376 1
165 389 1
165 486 1
165 543 1
165 626 1
165 631 1
165 679 1
165 838 1
165 887 1
165 957 1
166 168 1
166 370 1
166 411 1
166 558 1
166 633 1
166 913 1
166 921 1
166 961 1
166 962 1
166 993 1
167 276 1
167 419 1
167 437 1
167 550 1
167 622 1
167 872 1
168 209 1
168 299 1
168 373 1
168 380 1
168 442 1
168 599 1
168 748 1
169 180 1
169 231 1
169 320 1
169 481 1
169 584 1
169 618 1
169 719 1
169 791 1
170 284 1
170 345 1
170 425 1
170 448 1
170 451 1
170 478 1
170 740 1
170 826 1
170 941 1
171 185 1
171 212 1
171 372 1
171 440 1
171 730 1
171 766 1
171 873 1
171 919 1
171 928 1
172 226 1
172 234 1
172 243 1
172 265 1
172 390 1
172 625 1
172 633 1
172 743 1
172 846 1
172 929 1
173 191 1
173 217 1
173 249 1
173 264 1
173 446 1
173 695 1
173 712 1
174 263 1
174 364 1
174 414 1
174 495 1
174 580 1
174 801 1
174 840 1
175 725 1
175 744 1
175 817 1
176 214 1
176 287 1
176 366 1
176 382 1
176 454 1
176 559 1
176 707 1
176 825 1
176 956 1
176 961 1
177 240 1
177 262 1
177 316 1
177 422 1
177 526 1
177 787 1
177 856 1
177 903 1
178 220 1
178 236 1
178 309 1
178 350 1
178 413 1
178 552 1
178 820 1
179 287 1
179 492 1
179 677 1
179 698 1
179 976 1
180 202 1
180 308 1
180 392 1
180 400 1
180 501 1
180 529 1
180 545 1
180 623 1
180 815 1
180 949 1
181 188 1
181 275 1
181 300 1
181 308 1
181 346 1
181 468 1
181 542 1
181 621 1
181 624 1
181 626 1
181 640 1
181 672 1
181 746 1
181 797 1
181 817 1
181 941 1
182 208 1
182 314 1
182 415 1
182 441 1
182 531 1
182 537 1
182 542 1
182 693 1
182 860 1
182 927 1
182 952 1
183 224 1
183 251 1
183 378 1
183 566 1
183 636 1
183 708 1
183 717 1
183 869 1
184 361 1
184 415 1
184 581 1
184 646 1
184 730 1
184 785 1
184 795 1
184 832 1
184 895 1
184 927 1
184 935 1
184 972 1
185 452 1
185 540 1
185 608 1
185 779 1
185 830 1
185 873 1
185 874 1
185 918 1
185 957 1
186 191 1
186 256 1
186 287 1
186 396 1
186 443 1
186 559 1
186 799 1
186 890 1
186 968 1
186 972 1
187 337 1
187 342 1
187 418 1
187 448 1
187 708 1
187 982 1
188 526 1
188 548 1
188 569 1
188 621 1
188 700 1
188 710 1
188 747 1
188 856 1
188 949 1
188 970 1
188 990 1
189 375 1
189 385 1
189 548 1
189 685 1
189 783 1
189 884 1
189 965 1
190 210 1
190 211 1
190 469 1
190 496 1
190 640 1
190 646 1
190 749 1
190 932 1
191 359 1
191 378 1
191 441 1
191 475 1
191 528 1
191 915 1
191 997 1
192 261 1
192 364 1
192 569 1
192 594 1
192 653 1
192 661 1
192 817 1
192 885 1
192 921 1
192 997 1
193 289 1
193 374 1
193 484 1
193 550 1
193 976 1
194 270 1
194 278 1
194 345 1
194 384 1
194 431 1
194 461 1
194 510 1
194 636 1
194 642 1
195 212 1
195 221 1
195 261 1
195 407 1
195 454 1
195 486 1
195 688 1
195 735 1
195 840 1
195 964 1
195 967 1
196 461 1
196 467 1
196 492 1
196 582 1
196 584 1
196 608 1
196 615 1
196 677 1
196 706 1
196 710 1
196 850 1
196 939 1
196 945 1
196 946 1
196 954 1
197 203 1
197 461 1
197 556 1
197 622 1
197 861 1
197 881 1
198 376 1
198 378 1
198 470 1
198 704 1
198 767 1
198 843 1
198 915 1
199 266 1
199 300 1
199 349 1
199 491 1
199 516 1
199 946 1
200 346 1
200 406 1
200 477 1
200 845 1
200 892 1
200 920 1
200 955 1
201 221 1
201 268 1
201 337 1
201 365 1
201 596 1
201 665 1
201 683 1
201 737 1
201 892 1
202 241 1
202 479 1
202 819 1
202 824 1
202 863 1
203 204 1
203 280 1
203 425 1
203 456 1
203 475 1
203 490 1
203 613 1
204 274 1
204 315 1
204 440 1
204 591 1
204 617 1
204 625 1
204 705 1
204 746 1
204 800 1
204 965 1
204 973 1
205 206 1
205 217 1
205 346 1
205 433 1
205 555 1
205 808 1
206 438 1
206 779 1
206 860 1
206 964 1
207 340 1
207 493 1
207 622 1
207 831 1
208 380 1
208 491 1
208 544 1
208 711 1
208 732 1
208 776 1
209 293 1
209 403 1
209 498 1
209 516 1
209 652 1
209 724 1
209 752 1
209 753 1
209 773 1
209 813 1
209 992 1
210 260 1
210 263 1
210 405 1
210 653 1
210 767 1
210 895 1
210 929 1
210 947 1
211 369 1
211 509 1
211 675 1
211 688 1
211 763 1
211 783 1
211 788 1
211 886 1
212 328 1
212 389 1
212 428 1
212 515 1
212 555 1
212 645 1
212 696 1
212 764 1
212 962 1
213 281 1
213 293 1
213 425 1
213 800 1
213 879 1
213 936 1
213 952 1
213 985 1
214 293 1
214 572 1
215 219 1
215 328 1
215 666 1
215 727 1
215 816 1
215 866 1
216 474 1
216 593 1
216 737 1
216 810 1
216 982 1
216 991 1
217 236 1
217 361 1
217 494 1
217 597 1
217 611 1
217 633 1
217 682 1
217 717 1
217 781 1
217 849 1
217 875 1
217 979 1
218 309 1
218 708 1
218 950 1
218 996 1
219 338 1
219 459 1
219 820 1
219 998 1
220 222 1
220 254 1
220 261 1
220 359 1
220 408 1
220 491 1
220 538 1
220 634 1
220 698 1
220 720 1
220 928 1
220 948 1
221 251 1
221 879 1
221 986 1
222 317 1
222 436 1
222 487 1
222 502 1
222 528 1
222 809 1
222 857 1
222 918 1
222 948 1
223 396 1
223 567 1
223 733 1
223 835 1
223 924 1
224 232 1
224 309 1
224 515 1
224 591 1
224 604 1
224 623 1
224 673 1
224 748 1
224 759 1
224 902 1
224 987 1
225 246 1
225 285 1
225 335 1
225 358 1
225 434 1
225 514 1
225 675 1
225 727 1
225 793 1
225 816 1
225 861 1
225 906 1
225 986 1
226 365 1
226 620 1
226 703 1
226 809 1
226 914 1
227 645 1
227 705 1
227 833 1
227 986 1
228 312 1
228 332 1
228 415 1
228 558 1
228 628 1
228 646 1
228 946 1
229 250 1
229 379 1
229 594 1
229 912 1
230 333 1
230 457 1
230 464 1
230 477 1
230 513 1
230 530 1
230 635 1
230 694 1
230 778 1
230 782 1
230 849 1
231 509 1
231 600 1
231 724 1
232 630 1
232 632 1
232 643 1
232 702 1
232 894 1
232 987 1
233 303 1
233 346 1
233 477 1
233 561 1
233 617 1
233 698 1
233 897 1
234 298 1
234 730 1
234 887 1
234 889 1
234 930 1
235 240 1
235 330 1
235 426 1
235 449 1
235 531 1
235 777 1
235 784 1
235 828 1
236 243 1
236 321 1
236 438 1
236 465 1
236 497 1
236 588 1
236 651 1
237 344 1
237 380 1
237 591 1
237 646 1
237 756 1
237 830 1
237 929 1
237 978 1
238 339 1
238 445 1
238 602 1
238 702 1
238 711 1
238 875 1
238 962 1
238 979 1
239 271 1
239 314 1
239 520 1
239 534 1
239 546 1
239 896 1
239 927 1
239 948 1
240 397 1
240 561 1
240 611 1
240 705 1
240 845 1
240 942 1
241 254 1
241 522 1
241 529 1
241 651 1
241 860 1
242 361 1
242 386 1
242 417 1
242 466 1
242 669 1
242 777 1
242 804 1
243 554 1
243 730 1
243 817 1
243 897 1
244 388 1
244 579 1
244 581 1
244 685 1
244 786 1
244 799 1
244 861 1
245 459 1
245 486 1
245 533 1
245 644 1
245 739 1
246 297 1
246 330 1
246 447 1
246 481 1
246 491 1
246 520 1
246 553 1
246 595 1
246 701 1
246 813 1
246 850 1
246 871 1
246 902 1
247 302 1
247 462 1
247 527 1
247 666 1
247 950 1
248 319 1
248 498 1
248 588 1
248 675 1
248 760 1
248 842 1
248 890 1
249 291 1
249 343 1
249 364 1
249 438 1
249 635 1
249 957 1
250 430 1
250 520 1
250 612 1
250 688 1
250 712 1
250 774 1
250 903 1
250 922 1
250 941 1
251 408 1
251 546 1
251 627 1
252 352 1
252 377 1
252 496 1
252 615 1
252 673 1
253 271 1
253 419 1
253 448 1
253 453 1
253 457 1
253 607 1
253 666 1
253 696 1
253 724 1
253 743 1
253 889 1
253 960 1
254 270 1
254 661 1
254 790 1
254 895 1
254 982 1
255 355 1
255 450 1
255 788 1
255 862 1
255 898 1
255 958 1
256 398 1
256 591 1
256 765 1
256 989 1
257 613 1
257 967 1
258 331 1
258 628 1
258 772 1
258 813 1
258 885 1
258 890 1
258 911 1
258 943 1
259 283 1
259 424 1
259 473 1
259 530 1
259 702 1
259 789 1
259 865 1
259 930 1
259 937 1
259 998 1
260 389 1
260 416 1
260 849 1
261 301 1
261 316 1
261 508 1
261 590 1
261 924 1
262 407 1
262 534 1
262 556 1
262 657 1
262 723 1
262 742 1
262 744 1
262 758 1
262 951 1
263 343 1
263 392 1
263 452 1
263 701 1
263 758 1
263 882 1
263 967 1
264 274 1
264 513 1
264 601 1
264 616 1
264 769 1
264 965 1
265 297 1
265 535 1
265 551 1
265 647 1
265 700 1
265 722 1
266 311 1
266 433 1
266 690 1
266 714 1
266 987 1
267 393 1
267 422 1
267 521 1
267 549 1
267 706 1
267 925 1
268 414 1
268 539 1
268 671 1
268 830 1
268 833 1
269 381 1
269 421 1
269 645 1
269 710 1
269 889 1
269 978 1
270 402 1
270 422 1
270 605 1
270 885 1
271 495 1
271 501 1
271 516 1
271 533 1
271 556 1
271 752 1
271 806 1
271 840 1
271 880 1
272 305 1
272 553 1
272 617 1
272 651 1
272 741 1
272 910 1
272 916 1
273 404 1
273 461 1
273 487 1
273 665 1
273 699 1
273 732 1
273 733 1
273 851 1
273 869 1
274 285 1
274 343 1
274 513 1
274 644 1
274 660 1
274 678 1
274 772 1
275 451 1
275 482 1
275 484 1
275 512 1
275 692 1
275 764 1
275 846 1
276 323 1
276 444 1
276 488 1
276 610 1
276 762 1
276 782 1
277 491 1
277 675 1
277 723 1
277 810 1
277 852 1
277 944 1
277 954 1
277 970 1
277 980 1
278 437 1
278 446 1
278 728 1
278 859 1
278 893 1
279 306 1
279 477 1
279 536 1
279 830 1
279 876 1
279 989 1
280 326 1
280 337 1
280 504 1
280 621 1
280 664 1
280 687 1
281 395 1
281 537 1
281 598 1
281 672 1
281 697 1
281 747 1
281 798 1
281 883 1
281 937 1
282 315 1
282 329 1
282 347 1
282 593 1
282 661 1
282 761 1
282 784 1
283 428 1
283 433 1
283 492 1
283 504 1
283 622 1
283 699 1
283 792 1
283 977 1
283 982 1
284 364 1
284 649 1
284 686 1
284 759 1
284 796 1
285 474 1
285 508 1
285 634 1
285 640 1
285 652 1
285 829 1
285 869 1
285 955 1
286 299 1
286 303 1
286 491 1
286 545 1
286 752 1
287 394 1
287 460 1
287 494 1
287 568 1
287 581 1
287 628 1
287 629 1
287 643 1
287 889 1
288 320 1
288 335 1
288 426 1
288 449 1
288 486 1
288 490 1
288 507 1
288 743 1
288 792 1
288 972 1
289 322 1
289 753 1
289 983 1
290 338 1
290 414 1
290 457 1
290 643 1
290 703 1
290 726 1
290 787 1
290 847 1
290 931 1
290 976 1
291 295 1
291 359 1
291 439 1
291 440 1
291 481 1
291 576 1
291 611 1
291 840 1
291 841 1
292 352 1
292 453 1
292 458 1
292 518 1
292 552 1
292 586 1
292 601 1
292 712 1
292 831 1
292 860 1
292 917 1
292 933 1
293 425 1
293 510 1
293 705 1
293 741 1
293 836 1
293 937 1
294 408 1
294 589 1
294 710 1
294 716 1
294 783 1
294 941 1
295 343 1
295 918 1
295 964 1
296 410 1
296 473 1
296 478 1
296 480 1
296 543 1
296 640 1
296 643 1
296 772 1
296 836 1
297 486 1
297 617 1
297 690 1
297 702 1
297 905 1
297 978 1
297 987 1
298 314 1
298 392 1
298 420 1
298 464 1
298 525 1
298 705 1
298 740 1
298 771 1
298 832 1
298 859 1
298 918 1
298 988 1
299 408 1
299 466 1
299 535 1
299 546 1
299 577 1
299 678 1
299 700 1
299 707 1
299 942 1
299 951 1
300 392 1
300 584 1
300 781 1
300 826 1
300 860 1
300 864 1
300 976 1
300 994 1
301 372 1
301 661 1
301 963 1
302 346 1
302 511 1
302 533 1
302 666 1
302 851 1
302 928 1
303 593 1
303 787 1
303 887 1
303 911 1
304 366 1
304 418 1
304 523 1
304 560 1
304 589 1
304 598 1
305 385 1
305 462 1
305 474 1
305 480 1
305 564 1
305 567 1
305 580 1
305 769 1
305 812 1
305 831 1
306 375 1
306 501 1
306 521 1
306 529 1
306 649 1
306 864 1
306 925 1
306 965 1
307 378 1
307 419 1
307 500 1
307 531 1
307 577 1
307 583 1
307 601 1
307 680 1
307 717 1
307 861 1
307 879 1
307 900 1
307 983 1
308 350 1
308 418 1
308 432 1
308 458 1
308 566 1
308 699 1
308 816 1
308 936 1
308 984 1
309 372 1
309 767 1
309 814 1
309 936 1
309 992 1
310 325 1
310 345 1
310 487 1
310 620 1
310 757 1
310 806 1
310 980 1
310 998 1
311 445 1
311 452 1
311 674 1
311 872 1
311 984 1
312 503 1
312 505 1
312 556 1
312 575 1
312 636 1
312 952 1
313 495 1
313 553 1
313 561 1
313 563 1
313 766 1
313 877 1
313 954 1
313 957 1
315 404 1
315 577 1
315 624 1
315 661 1
315 840 1
316 440 1
316 753 1
317 318 1
317 453 1
317 494 1
317 580 1
317 634 1
317 655 1
317 839 1
317 848 1
317 998 1
318 349 1
318 429 1
318 498 1
318 748 1
318 788 1
318 823 1
318 936 1
318 975 1
319 322 1
319 513 1
319 538 1
319 556 1
319 617 1
319 697 1
319 988 1
320 337 1
320 439 1
320 583 1
320 694 1
320 783 1
320 902 1
320 920 1
320 925 1
320 939 1
321 380 1
321 400 1
321 574 1
321 636 1
321 734 1
322 396 1
322 426 1
322 429 1
322 438 1
322 559 1
322 656 1
322 671 1
322 753 1
322 796 1
322 828 1
323 334 1
323 338 1
323 715 1
323 734 1
323 964 1
323 972 1
324 452 1
324 738 1
324 827 1
324 844 1
324 939 1
324 961 1
325 343 1
325 398 1
325 405 1
325 437 1
326 452 1
326 582 1
326 766 1
326 770 1
326 889 1
326 913 1
326 975 1
326 991 1
327 411 1
327 423 1
327 592 1
327 628 1
327 742 1
327 796 1
327 829 1
327 993 1
328 574 1
328 957 1
329 363 1
329 706 1
329 708 1
329 718 1
329 721 1
329 722 1
329 762 1
330 356 1
330 454 1
330 602 1
330 998 1
331 463 1
331 478 1
331 491 1
331 574 1
331 675 1
331 976 1
332 382 1
332 431 1
332 441 1
332 450 1
332 459 1
332 577 1
332 678 1
332 884 1
333 355 1
333 404 1
333 450 1
333 475 1
333 532 1
333 601 1
333 869 1
333 877 1
333 938 1
334 733 1
334 998 1
335 342 1
335 500 1
335 787 1
335 846 1
335 855 1
335 975 1
336 375 1
336 416 1
336 426 1
336 432 1
336 607 1
336 774 1
336 788 1
336 975 1
337 402 1
337 463 1
337 511 1
337 633 1
337 641 1
337 733 1
338 344 1
338 376 1
338 386 1
338 411 1
338 484 1
338 506 1
338 507 1
338 674 1
338 709 1
338 717 1
338 721 1
338 823 1
338 862 1
338 872 1
338 994 1
339 421 1
339 642 1
339 764 1
339 870 1
339 911 1
339 934 1
339 968 1
340 350 1
340 382 1
340 491 1
340 507 1
340 626 1
340 632 1
340 762 1
340 954 1
340 975 1
341 344 1
341 391 1
341 565 1
341 632 1
341 982 1
342 601 1
342 698 1
342 716 1
342 750 1
342 755 1
342 757 1
342 904 1
342 971 1
343 451 1
343 506 1
343 556 1
343 654 1
343 875 1
344 395 1
344 483 1
344 506 1
344 760 1
345 391 1
345 428 1
345 635 1
345 786 1
345 828 1
346 555 1
346 628 1
346 648 1
346 649 1
346 714 1
346 815 1
346 818 1
346 991 1
347 482 1
347 521 1
347 705 1
347 711 1
347 789 1
347 901 1
347 905 1
347 951 1
347 975 1
347 997 1
348 388 1
348 564 1
348 686 1
348 722 1
348 755 1
348 784 1
348 831 1
349 656 1
349 661 1
349 837 1
349 890 1
350 401 1
350 528 1
350 539 1
350 647 1
350 721 1
350 794 1
350 820 1
350 930 1
351 360 1
351 397 1
351 420 1
351 680 1
351 726 1
351 957 1
352 628 1
352 920 1
353 432 1
353 513 1
353 591 1
353 615 1
353 886 1
353 927 1
353 935 1
354 460 1
354 480 1
354 489 1
354 628 1
354 648 1
354 873 1
354 912 1
355 448 1
355 493 1
355 521 1
355 556 1
355 573 1
355 808 1
355 961 1
356 424 1
356 436 1
356 458 1
356 512 1
356 685 1
356 766 1
356 798 1
357 395 1
357 439 1
357 542 1
357 717 1
357 740 1
357 863 1
358 464 1
358 555 1
358 586 1
358 602 1
358 662 1
358 685 1
358 734 1
358 899 1
358 909 1
358 996 1
359 477 1
359 526 1
359 527 1
359 640 1
359 645 1
359 733 1
359 753 1
359 906 1
359 968 1
360 699 1
360 705 1
360 871 1
361 500 1
361 543 1
361 557 1
361 576 1
361 622 1
361 940 1
361 954 1
361 971 1
362 453 1
362 639 1
362 647 1
362 736 1
362 850 1
362 879 1
363 573 1
363 611 1
363 638 1
363 712 1
363 996 1
364 733 1
364 786 1
364 831 1
364 995 1
364 996 1
365 368 1
365 372 1
365 375 1
365 405 1
365 424 1
365 516 1
365 710 1
365 745 1
365 809 1
365 875 1
366 382 1
366 413 1
366 444 1
366 618 1
366 647 1
366 691 1
366 764 1
366 828 1
366 928 1
367 370 1
367 390 1
367 410 1
367 451 1
367 756 1
367 862 1
367 901 1
368 444 1
368 534 1
368 620 1
368 634 1
368 744 1
368 869 1
368 960 1
369 768 1
369 828 1
369 902 1
369 928 1
369 942 1
370 404 1
370 442 1
370 538 1
370 653 1
370 727 1
370 740 1
370 758 1
370 805 1
370 940 1
370 947 1
371 841 1
372 394 1
372 469 1
372 517 1
372 749 1
372 825 1
372 951 1
373 386 1
373 414 1
373 865 1
373 958 1
374 629 1
374 674 1
374 879 1
374 889 1
374 894 1
375 429 1
375 508 1
375 547 1
375 790 1
375 981 1
376 464 1
376 486 1
376 590 1
376 615 1
376 906 1
376 944 1
376 973 1
377 411 1
377 426 1
377 427 1
377 596 1
377 616 1
377 724 1
377 907 1
377 980 1
378 407 1
378 467 1
378 470 1
378 503 1
378 512 1
378 598 1
378 621 1
378 654 1
379 410 1
379 466 1
379 474 1
379 592 1
379 725 1
379 770 1
380 437 1
380 636 1
380 730 1
380 759 1
380 988 1
380 995 1
381 392 1
381 434 1
381 440 1
381 656 1
381 790 1
382 519 1
382 569 1
382 600 1
382 761 1
382 872 1
382 911 1
383 385 1
383 434 1
383 455 1
383 697 1
383 727 1
383 759 1
383 764 1
383 808 1
383 818 1
384 396 1
384 413 1
384 415 1
384 644 1
384 670 1
384 704 1
384 795 1
384 894 1
385 449 1
385 456 1
385 559 1
385 988 1
386 443 1
386 549 1
386 573 1
386 889 1
386 939 1
386 971 1
387 524 1
387 606 1
387 717 1
387 749 1
387 977 1
388 455 1
388 468 1
388 543 1
388 545 1
388 588 1
388 625 1
388 639 1
388 751 1
388 753 1
388 758 1
388 895 1
388 923 1
388 928 1
388 970 1
389 432 1
389 555 1
389 643 1
389 676 1
389 703 1
389 825 1
390 461 1
390 508 1
390 545 1
390 668 1
390 756 1
390 818 1
390 830 1
390 862 1
390 880 1
390 985 1
391 604 1
391 630 1
391 651 1
391 767 1
391 936 1
392 596 1
392 679 1
392 707 1
392 788 1
392 902 1
393 514 1
393 518 1
393 571 1
393 649 1
393 955 1
394 408 1
394 419 1
394 484 1
394 544 1
394 915 1
394 970 1
395 405 1
395 509 1
395 646 1
395 661 1
395 752 1
395 950 1
396 464 1
396 645 1
396 655 1
396 810 1
396 940 1
396 942 1
396 984 1
397 513 1
397 515 1
397 621 1
397 623 1
397 637 1
397 670 1
397 677 1
397 749 1
397 756 1
397 762 1
397 785 1
397 897 1
397 943 1
397 978 1
398 429 1
398 628 1
398 690 1
398 721 1
398 910 1
399 592 1
399 636 1
399 745 1
399 800 1
399 866 1
399 886 1
399 987 1
400 511 1
400 552 1
400 586 1
400 598 1
400 664 1
400 783 1
401 729 1
401 773 1
401 960 1
402 481 1
402 522 1
402 568 1
402 741 1
402 911 1
403 477 1
403 524 1
403 623 1
403 668 1
403 674 1
403 865 1
403 881 1
403 916 1
403 917 1
403 948 1
404 875 1
404 993 1
405 419 1
405 434 1
405 485 1
405 504 1
405 728 1
405 805 1
405 808 1
405 905 1
405 916 1
405 946 1
406 639 1
406 653 1
406 654 1
406 663 1
406 738 1
406 967 1
407 409 1
407 504 1
407 549 1
407 730 1
407 753 1
407 761 1
407 863 1
407 912 1
408 411 1
408 412 1
408 677 1
408 702 1
408 749 1
408 848 1
408 960 1
408 973 1
409 436 1
409 639 1
409 741 1
409 944 1
409 967 1
410 434 1
410 668 1
410 957 1
411 507 1
411 954 1
412 758 1
412 762 1
412 918 1
413 483 1
413 585 1
413 616 1
413 776 1
414 655 1
414 820 1
414 900 1
415 542 1
415 833 1
415 858 1
415 933 1
415 952 1
416 436 1
416 468 1
416 492 1
416 493 1
416 940 1
417 423 1
417 428 1
417 433 1
417 582 1
417 680 1
417 696 1
417 785 1
417 822 1
417 833 1
417 927 1
418 559 1
418 565 1
418 608 1
418 903 1
418 910 1
419 420 1
419 454 1
419 527 1
419 557 1
419 681 1
419 682 1
419 755 1
419 845 1
419 849 1
420 448 1
420 508 1
420 607 1
420 869 1
420 932 1
421 703 1
421 772 1
421 801 1
421 880 1
421 895 1
421 926 1
421 956 1
421 984 1
422 658 1
422 674 1
422 688 1
422 721 1
422 731 1
422 739 1
423 760 1
423 806 1
423 834 1
424 726 1
425 693 1
425 886 1
425 934 1
426 475 1
426 496 1
426 754 1
427 457 1
427 689 1
427 741 1
428 437 1
428 489 1
428 963 1
428 965 1
429 430 1
429 558 1
429 675 1
429 790 1
429 927 1
430 548 1
430 578 1
430 861 1
431 531 1
431 552 1
431 796 1
431 818 1
431 854 1
431 944 1
432 464 1
432 471 1
432 484 1
432 547 1
432 583 1
432 688 1
432 705 1
432 746 1
432 796 1
432 939 1
432 972 1
432 994 1
433 448 1
433 543 1
433 595 1
433 707 1
433 708 1
433 724 1
433 729 1
433 740 1
433 764 1
433 926 1
433 981 1
434 521 1
434 619 1
434 715 1
435 510 1
435 519 1
435 652 1
435 660 1
435 870 1
435 941 1
436 450 1
436 569 1
436 585 1
436 600 1
436 607 1
436 714 1
436 740 1
436 783 1
436 804 1
436 927 1
436 943 1
436 993 1
437 487 1
437 603 1
437 708 1
437 856 1
437 902 1
437 919 1
437 938 1
437 941 1
437 962 1
438 624 1
438 817 1
438 856 1
439 481 1
439 657 1
439 777 1
439 843 1
439 880 1
439 938 1
440 467 1
440 614 1
440 714 1
440 731 1
440 852 1
440 885 1
440 917 1
440 983 1
440 991 1
441 486 1
441 489 1
441 635 1
441 656 1
441 918 1
441 967 1
442 456 1
442 638 1
442 741 1
442 830 1
442 882 1
443 501 1
443 655 1
443 668 1
443 852 1
443 958 1
443 977 1
444 607 1
444 824 1
444 840 1
444 854 1
444 894 1
444 906 1
444 930 1
445 556 1
445 562 1
445 649 1
445 773 1
445 851 1
445 863 1
445 932 1
445 982 1
446 813 1
446 844 1
446 928 1
447 472 1
447 559 1
447 649 1
447 688 1
447 855 1
447 868 1
447 886 1
447 897 1
447 989 1
448 450 1
448 897 1
448 966 1
449 571 1
449 792 1
449 931 1
450 484 1
450 816 1
450 882 1
451 654 1
451 663 1
451 696 1
451 741 1
451 758 1
451 768 1
451 851 1
451 873 1
452 502 1
452 558 1
452 585 1
452 741 1
452 753 1
453 457 1
453 712 1
453 881 1
453 928 1
454 507 1
454 523 1
454 784 1
454 817 1
454 841 1
454 857 1
454 955 1
454 956 1
455 516 1
455 632 1
455 727 1
455 849 1
456 518 1
456 719 1
456 990 1
456 992 1
457 587 1
457 803 1
457 835 1
458 490 1
458 591 1
458 954 1
458 979 1
458 980 1
459 482 1
459 565 1
459 724 1
459 934 1
460 565 1
460 614 1
460 737 1
460 749 1
461 519 1
461 630 1
461 811 1
462 551 1
462 569 1
462 574 1
462 668 1
462 708 1
462 821 1
462 846 1
463 634 1
463 669 1
463 771 1
463 775 1
463 787 1
463 822 1
463 933 1
464 483 1
464 660 1
464 674 1
464 872 1
465 546 1
465 583 1
465 694 1
465 815 1
465 821 1
465 948 1
466 510 1
466 562 1
466 649 1
466 668 1
466 828 1
466 986 1
467 477 1
467 576 1
467 655 1
467 709 1
467 805 1
467 923 1
468 517 1
468 571 1
468 698 1
468 763 1
468 795 1
468 858 1
469 636 1
469 690 1
469 776 1
470 630 1
470 650 1
470 723 1
470 793 1
470 955 1
470 986 1
471 607 1
471 864 1
471 886 1
471 975 1
471 999 1
472 624 1
472 714 1
472 795 1
472 816 1
472 867 1
473 793 1
473 864 1
473 872 1
473 909 1
473 953 1
474 682 1
474 838 1
474 924 1
474 925 1
475 486 1
475 500 1
475 524 1
475 662 1
475 919 1
476 530 1
476 575 1
476 577 1
476 617 1
476 651 1
476 774 1
477 527 1
477 593 1
477 636 1
477 724 1
477 907 1
477 941 1
478 576 1
478 744 1
478 797 1
478 845 1
478 935 1
478 989 1
479 637 1
479 669 1
479 765 1
479 782 1
479 909 1
480 485 1
480 697 1
480 770 1
480 793 1
480 883 1
481 501 1
481 611 1
481 668 1
481 747 1
481 915 1
481 987 1
481 994 1
482 698 1
482 809 1
482 818 1
482 896 1
482 952 1
483 541 1
483 634 1
484 540 1
485 526 1
485 684 1
485 764 1
485 945 1
486 604 1
486 650 1
486 670 1
486 846 1
486 886 1
486 994 1
487 746 1
488 534 1
488 683 1
488 732 1
489 598 1
489 663 1
489 698 1
489 715 1
489 807 1
489 836 1
489 993 1
490 523 1
490 623 1
490 762 1
490 972 1
491 610 1
491 625 1
491 633 1
491 703 1
492 528 1
492 638 1
492 917 1
492 953 1
492 972 1
493 529 1
493 530 1
493 596 1
493 693 1
493 748 1
493 814 1
493 900 1
494 506 1
494 537 1
494 808 1
494 856 1
495 635 1
496 647 1
496 913 1
497 582 1
497 622 1
497 802 1
497 996 1
498 519 1
498 688 1
498 840 1
499 682 1
499 728 1
499 753 1
499 761 1
499 762 1
499 849 1
499 959 1
499 985 1
500 508 1
500 894 1
500 981 1
500 985 1
501 656 1
501 730 1
501 746 1
501 788 1
501 929 1
501 979 1
502 765 1
502 924 1
502 938 1
503 644 1
503 661 1
503 729 1
503 755 1
503 834 1
503 952 1
503 987 1
504 556 1
504 591 1
504 621 1
504 690 1
504 826 1
504 897 1
504 918 1
504 994 1
505 545 1
505 636 1
505 953 1
505 973 1
506 533 1
506 661 1
506 722 1
506 823 1
506 895 1
506 992 1
507 538 1
507 584 1
507 643 1
507 832 1
507 945 1
507 995 1
508 521 1
508 945 1
509 510 1
509 536 1
509 583 1
509 587 1
509 653 1
510 527 1
510 529 1
510 612 1
510 625 1
510 641 1
510 652 1
510 763 1
510 952 1
511 541 1
511 548 1
511 632 1
511 678 1
511 723 1
511 800 1
511 831 1
511 865 1
511 939 1
511 942 1
511 985 1
511 1000 1
512 568 1
512 577 1
512 634 1
512 643 1
512 673 1
512 716 1
512 722 1
512 735 1
512 757 1
512 760 1
512 763 1
512 812 1
512 906 1
512 910 1
512 938 1
513 533 1
513 775 1
513 810 1
513 860 1
513 924 1
514 656 1
514 682 1
514 849 1
514 929 1
515 532 1
515 767 1
515 886 1
515 902 1
515 962 1
516 518 1
516 519 1
516 524 1
516 533 1
516 628 1
516 684 1
516 716 1
516 766 1
517 578 1
517 579 1
517 623 1
517 663 1
517 676 1
517 766 1
517 805 1
517 867 1
517 916 1
518 572 1
518 679 1
518 758 1
518 909 1
518 944 1
519 613 1
519 669 1
519 683 1
519 752 1
519 829 1
519 885 1
519 938 1
520 589 1
520 687 1
521 542 1
521 569 1
521 629 1
521 727 1
521 790 1
521 803 1
521 851 1
521 989 1
522 670 1
522 827 1
523 577 1
523 617 1
523 878 1
523 939 1
524 583 1
524 653 1
524 698 1
524 731 1
524 816 1
524 926 1
525 566 1
525 696 1
525 891 1
525 905 1
525 998 1
526 635 1
527 567 1
527 593 1
527 670 1
527 812 1
527 934 1
527 1000 1
528 594 1
528 611 1
528 619 1
528 636 1
528 731 1
528 814 1
528 923 1
529 797 1
529 846 1
529 886 1
529 904 1
530 628 1
530 659 1
530 676 1
530 813 1
530 861 1
531 633 1
531 817 1
531 925 1
531 930 1
531 997 1
532 744 1
532 778 1
532 836 1
532 881 1
533 601 1
533 700 1
533 814 1
533 925 1
533 954 1
533 976 1
534 578 1
535 697 1
535 776 1
535 805 1
535 963 1
536 557 1
536 816 1
536 946 1
536 949 1
536 951 1
536 961 1
538 559 1
538 564 1
538 771 1
538 802 1
538 804 1
538 823 1
539 573 1
539 648 1
539 689 1
539 750 1
539 808 1
539 877 1
540 553 1
540 949 1
540 1000 1
541 567 1
541 603 1
541 774 1
541 805 1
541 977 1
542 691 1
542 940 1
542 982 1
542 986 1
543 716 1
543 956 1
544 625 1
544 815 1
544 819 1
545 729 1
545 788 1
546 574 1
546 593 1
546 611 1
546 677 1
546 911 1
546 981 1
547 562 1
547 711 1
547 864 1
547 865 1
547 910 1
548 644 1
548 966 1
548 984 1
548 995 1
549 636 1
549 718 1
549 835 1
550 553 1
550 943 1
551 598 1
552 785 1
552 914 1
552 915 1
553 556 1
553 619 1
553 698 1
553 730 1
553 842 1
554 596 1
554 642 1
554 665 1
554 687 1
554 785 1
554 830 1
554 977 1
555 566 1
555 624 1
555 645 1
555 691 1
555 826 1
556 706 1
556 743 1
557 792 1
558 638 1
558 659 1
558 749 1
558 752 1
558 813 1
558 964 1
559 779 1
559 798 1
559 808 1
560 671 1
560 796 1
560 941 1
560 956 1
561 723 1
561 755 1
561 785 1
561 908 1
562 637 1
562 647 1
562 922 1
562 973 1
562 984 1
563 600 1
563 616 1
563 826 1
563 957 1
564 737 1
565 648 1
565 664 1
565 712 1
565 853 1
565 944 1
565 994 1
566 635 1
566 852 1
566 854 1
567 592 1
567 612 1
567 623 1
567 665 1
567 784 1
567 792 1
567 855 1
567 978 1
568 580 1
568 631 1
568 636 1
568 649 1
568 795 1
568 828 1
568 926 1
568 930 1
569 641 1
569 711 1
569 761 1
569 977 1
570 687 1
570 724 1
570 842 1
570 850 1
570 859 1
570 898 1
570 994 1
571 650 1
571 708 1
571 790 1
571 872 1
571 891 1
572 731 1
572 774 1
572 943 1
573 695 1
573 941 1
574 647 1
574 755 1
574 780 1
574 837 1
574 962 1
575 913 1
576 720 1
576 741 1
576 861 1
576 866 1
576 933 1
576 946 1
577 597 1
577 705 1
577 758 1
577 776 1
577 840 1
577 842 1
577 980 1
577 993 1
577 996 1
578 709 1
578 881 1
578 899 1
579 636 1
579 776 1
579 799 1
579 828 1
579 875 1
579 948 1
580 662 1
580 672 1
580 697 1
580 708 1
580 711 1
580 761 1
580 802 1
580 851 1
580 893 1
580 942 1
581 612 1
581 733 1
581 801 1
581 810 1
581 876 1
583 656 1
583 680 1
584 765 1
584 792 1
584 921 1
585 652 1
585 653 1
585 700 1
585 835 1
585 855 1
585 911 1
585 973 1
586 639 1
586 762 1
586 829 1
586 896 1
586 974 1
587 607 1
587 698 1
587 841 1
587 891 1
587 961 1
587 978 1
588 623 1
588 812 1
588 913 1
589 621 1
589 623 1
589 651 1
589 656 1
589 763 1
589 776 1
589 906 1
589 928 1
590 632 1
590 804 1
590 910 1
591 743 1
591 756 1
591 771 1
591 985 1
592 641 1
592 810 1
592 852 1
592 918 1
593 642 1
593 646 1
593 785 1
593 812 1
594 624 1
594 734 1
594 738 1
594 959 1
595 688 1
595 710 1
595 817 1
596 685 1
596 894 1
596 922 1
597 700 1
597 999 1
598 662 1
598 753 1
598 758 1
599 619 1
599 792 1
599 962 1
600 618 1
600 872 1
600 926 1
600 971 1
601 611 1
601 650 1
601 677 1
601 716 1
601 760 1
601 831 1
601 988 1
602 936 1
603 747 1
603 826 1
603 855 1
604 698 1
604 836 1
604 968 1
605 647 1
605 691 1
605 718 1
606 624 1
606 736 1
606 781 1
606 856 1
607 656 1
607 791 1
607 942 1
608 623 1
608 625 1
608 852 1
608 882 1
608 960 1
609 632 1
609 648 1
609 687 1
609 865 1
609 942 1
610 656 1
610 698 1
610 767 1
610 989 1
611 680 1
611 739 1
611 922 1
611 941 1
611 956 1
612 710 1
612 711 1
612 823 1
612 975 1
612 986 1
613 784 1
613 797 1
613 963 1
615 643 1
615 678 1
615 721 1
615 948 1
616 638 1
616 701 1
616 898 1
616 970 1
617 826 1
617 878 1
617 948 1
618 829 1
618 934 1
619 758 1
619 908 1
619 942 1
619 949 1
620 742 1
620 781 1
621 744 1
621 776 1
621 839 1
622 789 1
622 821 1
623 706 1
623 710 1
623 741 1
623 822 1
623 951 1
623 952 1
623 966 1
624 722 1
624 758 1
624 805 1
624 863 1
624 880 1
624 988 1
625 640 1
625 769 1
625 809 1
625 950 1
626 726 1
626 744 1
626 819 1
626 912 1
626 933 1
627 793 1
627 794 1
627 810 1
627 826 1
628 763 1
628 845 1
628 867 1
628 871 1
629 689 1
629 922 1
629 956 1
630 738 1
630 817 1
630 924 1
631 655 1
631 668 1
631 697 1
631 707 1
631 733 1
631 736 1
631 981 1
632 649 1
632 810 1
633 662 1
633 671 1
633 880 1
634 770 1
634 771 1
634 795 1
634 800 1
634 806 1
634 935 1
635 774 1
636 777 1
636 847 1
636 884 1
637 656 1
637 905 1
637 921 1
638 717 1
638 723 1
638 737 1
639 698 1
639 754 1
639 763 1
639 827 1
639 996 1
640 661 1
640 779 1
640 833 1
640 868 1
641 654 1
641 694 1
642 798 1
642 923 1
642 968 1
643 687 1
643 693 1
643 728 1
643 864 1
644 690 1
644 902 1
645 754 1
645 755 1
645 815 1
645 866 1
645 968 1
646 667 1
646 886 1
647 736 1
647 770 1
647 971 1
647 998 1
648 831 1
650 797 1
650 920 1
650 926 1
650 964 1
651 801 1
651 839 1
651 909 1
651 939 1
652 767 1
652 814 1
652 817 1
652 829 1
652 982 1
653 777 1
654 710 1
654 747 1
654 790 1
654 807 1
654 821 1
654 834 1
655 661 1
655 662 1
655 689 1
656 755 1
656 813 1
656 927 1
657 798 1
657 799 1
657 959 1
657 989 1
658 796 1
658 816 1
658 831 1
658 871 1
658 916 1
658 919 1
659 709 1
659 785 1
659 792 1
660 662 1
660 716 1
660 731 1
661 679 1
661 786 1
661 791 1
661 887 1
661 940 1
662 763 1
662 824 1
663 765 1
663 911 1
664 666 1
664 667 1
665 849 1
665 932 1
666 979 1
667 682 1
667 765 1
668 841 1
668 886 1
669 848 1
669 964 1
669 986 1
670 821 1
670 876 1
670 933 1
670 957 1
671 852 1
671 856 1
671 860 1
671 879 1
671 881 1
671 896 1
671 913 1
671 972 1
672 876 1
672 895 1
673 680 1
673 746 1
673 756 1
673 910 1
673 985 1
674 752 1
674 796 1
674 834 1
674 982 1
675 777 1
675 789 1
675 873 1
675 911 1
676 696 1
677 688 1
677 800 1
677 827 1
677 894 1
677 959 1
678 832 1
678 925 1
679 688 1
679 731 1
680 714 1
680 935 1
681 697 1
681 760 1
681 908 1
681 923 1
682 695 1
682 725 1
682 797 1
683 701 1
683 722 1
683 723 1
683 838 1
683 948 1
683 970 1
684 690 1
684 839 1
685 776 1
685 799 1
685 803 1
685 943 1
685 976 1
686 735 1
686 742 1
686 865 1
687 703 1
687 713 1
687 935 1
689 752 1
689 988 1
690 751 1
690 763 1
690 771 1
690 857 1
690 998 1
691 693 1
691 750 1
691 836 1
691 839 1
691 944 1
691 999 1
692 709 1
692 769 1
692 789 1
692 801 1
692 876 1
693 821 1
693 848 1
693 855 1
693 860 1
693 930 1
693 990 1
694 707 1
694 853 1
694 958 1
695 744 1
695 784 1
695 814 1
695 948 1
695 975 1
696 957 1
697 872 1
697 989 1
698 704 1
699 701 1
699 755 1
699 823 1
699 850 1
699 870 1
699 997 1
700 716 1
700 730 1
701 936 1
701 966 1
703 707 1
703 830 1
703 915 1
704 738 1
704 764 1
704 832 1
704 910 1
704 968 1
705 724 1
705 791 1
705 961 1
706 834 1
706 844 1
706 850 1
706 896 1
706 971 1
707 989 1
708 760 1
708 771 1
708 801 1
708 829 1
709 738 1
709 758 1
709 793 1
709 968 1
709 976 1
710 801 1
710 850 1
711 811 1
711 819 1
711 887 1
711 895 1
711 967 1
711 980 1
712 730 1
712 988 1
713 756 1
713 888 1
714 983 1
715 769 1
715 972 1
717 805 1
717 846 1
717 860 1
717 891 1
717 960 1
717 980 1
718 900 1
719 721 1
719 774 1
719 797 1
719 802 1
719 812 1
720 795 1
720 862 1
721 870 1
722 789 1
722 806 1
722 869 1
722 913 1
723 833 1
723 967 1
724 767 1
724 861 1
725 817 1
727 761 1
727 822 1
727 882 1
727 904 1
728 807 1
729 742 1
729 874 1
729 952 1
730 813 1
730 842 1
730 888 1
730 940 1
731 769 1
731 871 1
731 879 1
731 963 1
732 999 1
733 858 1
733 932 1
733 946 1
734 802 1
734 830 1
735 779 1
735 815 1
735 845 1
735 974 1
736 862 1
736 888 1
736 915 1
736 987 1
737 801 1
737 962 1
738 866 1
739 766 1
739 804 1
739 858 1
740 750 1
740 799 1
740 805 1
740 842 1
740 857 1
741 747 1
742 808 1
742 833 1
742 883 1
742 976 1
743 767 1
744 817 1
744 905 1
744 909 1
744 1000 1
745 890 1
745 906 1
745 959 1
745 972 1
746 790 1
747 879 1
747 882 1
747 946 1
747 993 1
748 947 1
748 978 1
749 821 1
749 896 1
749 913 1
750 834 1
750 945 1
751 847 1
752 766 1
752 777 1
752 823 1
752 870 1
753 842 1
753 904 1
753 931 1
754 982 1
755 774 1
755 806 1
755 854 1
755 896 1
755 916 1
757 942 1
758 801 1
758 853 1
758 885 1
758 946 1
759 760 1
759 784 1
759 786 1
759 793 1
759 805 1
759 910 1
760 768 1
760 856 1
760 925 1
761 782 1
762 798 1
762 828 1
762 900 1
762 973 1
763 809 1
763 859 1
763 922 1
763 929 1
763 954 1
764 782 1
765 886 1
765 919 1
766 830 1
766 898 1
766 916 1
766 921 1
766 951 1
767 855 1
767 957 1
768 827 1
768 879 1
768 884 1
769 798 1
769 957 1
770 919 1
771 946 1
772 789 1
772 798 1
772 884 1
772 928 1
772 955 1
772 977 1
773 894 1
773 942 1
774 872 1
775 984 1
776 817 1
776 851 1
776 918 1
776 934 1
777 787 1
777 851 1
777 928 1
779 784 1
779 805 1
780 933 1
781 916 1
781 940 1
782 885 1
783 842 1
783 904 1
784 831 1
784 905 1
785 996 1
786 853 1
786 863 1
786 889 1
786 934 1
787 932 1
789 865 1
789 889 1
790 886 1
790 970 1
791 918 1
792 813 1
792 836 1
792 838 1
792 911 1
792 942 1
793 832 1
793 898 1
794 812 1
794 876 1
794 964 1
794 977 1
795 830 1
795 913 1
795 955 1
796 798 1
796 815 1
796 852 1
796 910 1
796 992 1
796 995 1
798 896 1
798 944 1
798 968 1
800 801 1
800 904 1
802 947 1
803 833 1
803 846 1
805 813 1
805 835 1
805 964 1
806 813 1
806 914 1
806 947 1
806 958 1
806 974 1
806 996 1
807 948 1
807 997 1
808 979 1
808 982 1
809 833 1
809 859 1
809 870 1
809 897 1
811 899 1
812 866 1
812 962 1
813 979 1
814 889 1
815 822 1
815 840 1
815 856 1
815 883 1
815 908 1
816 864 1
818 895 1
819 924 1
819 959 1
820 911 1
820 939 1
821 922 1
822 972 1
823 872 1
823 891 1
823 943 1
823 981 1
826 883 1
826 978 1
827 913 1
827 956 1
828 954 1
830 937 1
830 940 1
831 869 1
832 844 1
832 882 1
832 955 1
833 974 1
834 909 1
834 984 1
836 950 1
837 988 1
838 983 1
839 880 1
839 926 1
839 950 1
839 998 1
840 893 1
840 916 1
841 892 1
841 963 1
841 984 1
841 991 1
842 871 1
843 863 1
843 888 1
843 910 1
843 993 1
844 963 1
848 987 1
849 855 1
849 972 1
849 992 1
851 961 1
852 891 1
853 952 1
854 913 1
855 860 1
856 891 1
856 951 1
857 881 1
858 984 1
859 922 1
861 990 1
862 867 1
862 1000 1
864 906 1
864 943 1
865 871 1
865 987 1
865 992 1
866 994 1
866 999 1
867 929 1
868 949 1
868 951 1
869 893 1
869 945 1
870 980 1
873 881 1
873 919 1
873 986 1
874 964 1
875 913 1
875 953 1
876 892 1
876 896 1
878 993 1
879 962 1
880 901 1
881 972 1
881 998 1
883 926 1
883 966 1
884 933 1
884 973 1
885 966 1
886 998 1
887 955 1
887 958 1
888 938 1
888 977 1
889 895 1
889 932 1
890 983 1
892 900 1
893 992 1
894 926 1
894 957 1
895 921 1
895 952 1
895 989 1
895 990 1
896 963 1
897 969 1
901 923 1
901 926 1
902 917 1
902 941 1
903 941 1
903 978 1
903 979 1
904 922 1
909 924 1
909 930 1
909 976 1
910 981 1
913 957 1
913 975 1
917 947 1
919 950 1
920 942 1
920 957 1
920 977 1
924 968 1
925 949 1
925 997 1
926 929 1
926 958 1
927 943 1
927 955 1
927 973 1
929 987 1
929 995 1
931 988 1
933 947 1
934 955 1
937 974 1
938 978 1
940 971 1
941 946 1
947 979 1
952 980 1
956 991 1
958 992 1
962 990 1
964 968 1
978 985 1
983 988 1
983 989 1
986 993 1
988 997 1
