1000 5021
1 235 1
1 335 1
1 338 1
1 440 1
1 583 1
1 613 1
1 930 1
1 941 1
1 944 1
1 976 1
2 62 1
2 90 1
2 490 1
2 513 1
2 546 1
2 677 1
2 686 1
2 749 1
2 811 1
2 973 1
3 161 1
3 243 1
3 651 1
4 13 1
4 354 1
4 370 1
4 632 1
5 66 1
5 122 1
5 201 1
5 295 1
5 338 1
5 361 1
5 372 1
5 432 1
5 503 1
5 638 1
5 645 1
5 686 1
5 798 1
5 943 1
6 180 1
6 229 1
6 282 1
6 288 1
6 381 1
6 484 1
6 502 1
6 548 1
6 563 1
6 597 1
6 697 1
6 809 1
6 924 1
7 88 1
7 216 1
7 362 1
7 548 1
7 626 1
7 629 1
7 675 1
7 841 1
7 933 1
8 14 1
8 278 1
8 370 1
8 435 1
8 473 1
8 555 1
8 561 1
8 565 1
8 679 1
8 749 1
9 76 1
9 124 1
9 125 1
9 192 1
9 253 1
9 260 1
9 512 1
9 767 1
9 922 1
9 945 1
10 113 1
10 193 1
10 196 1
10 305 1
10 354 1
10 416 1
10 566 1
10 697 1
10 744 1
10 808 1
10 921 1
10 971 1
11 37 1
11 107 1
11 118 1
11 131 1
11 133 1
11 281 1
11 415 1
11 577 1
11 590 1
11 664 1
12 210 1
12 215 1
12 261 1
12 268 1
12 554 1
12 634 1
12 929 1
13 93 1
13 94 1
13 153 1
13 270 1
13 280 1
13 323 1
13 346 1
13 371 1
13 378 1
13 425 1
13 433 1
13 511 1
13 630 1
13 762 1
13 785 1
13 882 1
14 34 1
14 75 1
14 98 1
14 175 1
14 187 1
14 197 1
14 249 1
14 257 1
14 398 1
14 469 1
14 506 1
14 593 1
14 642 1
14 667 1
14 691 1
14 734 1
14 745 1
14 754 1
14 784 1
14 876 1
14 905 1
15 97 1
15 238 1
15 354 1
15 420 1
15 517 1
15 592 1
15 606 1
15 744 1
15 885 1
15 904 1
15 911 1
16 69 1
16 190 1
16 261 1
16 631 1
16 681 1
16 962 1
17 155 1
17 199 1
17 235 1
17 337 1
17 438 1
17 574 1
17 642 1
17 678 1
17 750 1
17 773 1
17 918 1
17 975 1
18 130 1
18 131 1
18 318 1
18 504 1
18 724 1
18 804 1
18 937 1
18 962 1
19 67 1
19 260 1
19 275 1
19 495 1
19 689 1
19 691 1
19 929 1
19 976 1
20 230 1
20 282 1
20 394 1
20 467 1
20 575 1
20 666 1
20 806 1
20 966 1
21 34 1
21 107 1
21 241 1
21 386 1
21 440 1
21 749 1
21 792 1
21 938 1
21 945 1
22 246 1
22 312 1
22 355 1
22 430 1
22 566 1
22 593 1
22 695 1
22 777 1
22 931 1
23 30 1
23 257 1
23 329 1
23 388 1
23 534 1
23 571 1
23 745 1
23 841 1
23 904 1
24 181 1
24 201 1
24 232 1
24 279 1
24 320 1
24 333 1
24 360 1
24 417 1
24 437 1
24 768 1
24 863 1
25 36 1
25 165 1
25 342 1
25 405 1
25 468 1
25 543 1
25 589 1
25 657 1
25 685 1
25 767 1
25 813 1
25 969 1
26 103 1
26 422 1
26 589 1
26 641 1
26 697 1
26 738 1
26 851 1
26 963 1
26 1000 1
27 28 1
27 118 1
27 233 1
27 366 1
27 384 1
27 432 1
27 480 1
27 488 1
27 562 1
27 621 1
27 679 1
27 685 1
27 713 1
27 849 1
28 129 1
28 137 1
28 193 1
28 206 1
28 255 1
28 333 1
28 388 1
28 511 1
28 698 1
29 38 1
29 48 1
29 131 1
29 235 1
29 486 1
29 552 1
29 562 1
29 588 1
29 619 1
29 628 1
29 830 1
30 37 1
30 66 1
30 97 1
30 298 1
30 420 1
30 530 1
30 659 1
30 795 1
31 203 1
31 618 1
31 635 1
31 810 1
31 858 1
31 902 1
32 59 1
32 239 1
32 328 1
32 400 1
32 485 1
32 644 1
32 754 1
32 804 1
32 905 1
32 992 1
33 55 1
33 145 1
33 276 1
33 349 1
33 392 1
33 670 1
33 672 1
33 745 1
33 763 1
33 825 1
33 925 1
33 939 1
33 942 1
34 71 1
34 129 1
34 278 1
34 332 1
34 434 1
34 542 1
34 589 1
34 761 1
35 183 1
35 188 1
35 296 1
35 356 1
35 372 1
35 404 1
35 562 1
35 594 1
35 666 1
35 682 1
35 693 1
35 714 1
35 718 1
35 730 1
35 793 1
35 889 1
36 144 1
36 235 1
36 257 1
36 344 1
36 370 1
36 373 1
36 425 1
36 445 1
36 793 1
36 896 1
36 980 1
37 125 1
37 133 1
37 251 1
37 468 1
37 575 1
37 716 1
37 959 1
37 994 1
38 404 1
38 422 1
38 447 1
38 504 1
38 643 1
38 952 1
38 988 1
39 134 1
39 328 1
39 535 1
39 613 1
39 899 1
39 998 1
40 241 1
40 281 1
40 367 1
40 428 1
40 448 1
40 640 1
40 645 1
40 671 1
40 713 1
40 791 1
40 797 1
40 931 1
41 295 1
41 307 1
41 345 1
41 361 1
41 433 1
41 485 1
41 578 1
41 636 1
41 745 1
41 777 1
41 871 1
41 889 1
42 76 1
42 190 1
42 431 1
42 466 1
42 615 1
42 684 1
42 803 1
43 179 1
43 316 1
43 415 1
43 434 1
43 492 1
43 494 1
43 551 1
43 732 1
43 769 1
43 816 1
43 933 1
44 229 1
44 475 1
44 484 1
44 504 1
44 565 1
44 580 1
44 855 1
44 870 1
44 971 1
45 245 1
45 322 1
45 403 1
45 414 1
45 522 1
45 571 1
45 680 1
45 756 1
45 860 1
46 77 1
46 78 1
46 174 1
46 315 1
46 691 1
46 767 1
46 815 1
46 922 1
47 158 1
47 434 1
47 452 1
47 513 1
47 644 1
47 663 1
47 665 1
47 875 1
47 962 1
48 190 1
48 333 1
48 425 1
48 444 1
48 575 1
48 595 1
49 64 1
49 180 1
49 204 1
49 251 1
49 315 1
49 370 1
49 394 1
49 482 1
49 841 1
49 897 1
50 196 1
50 251 1
50 399 1
50 503 1
50 713 1
50 815 1
50 825 1
50 843 1
51 219 1
51 240 1
51 287 1
51 296 1
51 319 1
51 436 1
51 902 1
52 115 1
52 202 1
52 327 1
52 330 1
52 601 1
52 621 1
52 719 1
52 762 1
52 882 1
53 121 1
53 188 1
53 243 1
53 445 1
53 449 1
53 477 1
53 515 1
53 536 1
53 566 1
53 649 1
53 677 1
53 694 1
53 701 1
53 727 1
53 806 1
53 809 1
53 956 1
53 980 1
54 107 1
54 169 1
54 281 1
54 468 1
54 504 1
54 517 1
54 628 1
54 663 1
54 677 1
54 744 1
54 786 1
54 801 1
54 830 1
54 834 1
54 837 1
54 934 1
54 953 1
54 978 1
55 214 1
55 385 1
55 392 1
55 434 1
55 525 1
55 560 1
55 585 1
55 589 1
55 700 1
55 716 1
55 884 1
56 212 1
56 236 1
56 423 1
56 484 1
56 589 1
56 740 1
56 790 1
56 938 1
57 84 1
57 272 1
57 547 1
57 679 1
57 725 1
57 754 1
57 870 1
57 909 1
57 979 1
58 152 1
58 221 1
58 436 1
58 561 1
58 779 1
58 897 1
58 920 1
59 311 1
59 391 1
59 420 1
59 503 1
59 516 1
59 848 1
59 879 1
59 908 1
59 915 1
60 61 1
60 155 1
60 374 1
60 409 1
60 528 1
60 570 1
60 576 1
60 664 1
60 697 1
60 744 1
61 159 1
61 434 1
61 458 1
61 545 1
61 653 1
61 828 1
61 909 1
61 966 1
62 160 1
62 220 1
62 413 1
62 438 1
62 609 1
62 702 1
62 778 1
62 919 1
63 252 1
63 261 1
63 379 1
63 416 1
63 430 1
63 493 1
63 577 1
63 752 1
63 757 1
63 864 1
63 909 1
63 940 1
63 981 1
64 88 1
64 189 1
64 230 1
64 392 1
64 412 1
64 557 1
64 576 1
64 585 1
64 598 1
64 912 1
65 91 1
65 330 1
65 423 1
65 431 1
65 480 1
65 647 1
65 808 1
65 955 1
66 379 1
66 416 1
66 429 1
66 455 1
66 492 1
66 652 1
66 849 1
66 884 1
67 98 1
67 230 1
67 254 1
67 369 1
67 474 1
67 495 1
67 855 1
67 884 1
67 947 1
67 949 1
67 996 1
68 214 1
68 360 1
68 400 1
68 528 1
68 571 1
68 622 1
68 802 1
69 164 1
69 348 1
69 771 1
69 910 1
69 915 1
70 184 1
70 265 1
70 342 1
70 398 1
70 532 1
70 748 1
70 772 1
70 823 1
70 891 1
70 939 1
71 293 1
71 346 1
71 381 1
71 440 1
71 502 1
71 605 1
71 626 1
71 679 1
71 681 1
71 818 1
72 98 1
72 110 1
72 340 1
72 514 1
72 992 1
73 265 1
73 399 1
73 471 1
73 583 1
73 892 1
73 970 1
74 184 1
74 197 1
74 236 1
74 244 1
74 320 1
74 397 1
74 466 1
74 467 1
74 966 1
74 999 1
75 77 1
75 277 1
75 396 1
75 520 1
75 554 1
75 575 1
75 592 1
75 699 1
75 742 1
75 791 1
75 850 1
75 887 1
75 942 1
75 975 1
76 430 1
76 472 1
76 815 1
76 968 1
77 132 1
77 190 1
77 235 1
77 428 1
77 558 1
77 603 1
77 605 1
77 694 1
77 725 1
77 796 1
77 820 1
77 829 1
77 978 1
78 222 1
78 304 1
78 402 1
78 441 1
78 647 1
78 820 1
78 894 1
78 906 1
79 143 1
79 161 1
79 198 1
79 302 1
79 305 1
79 647 1
79 718 1
79 786 1
79 792 1
79 794 1
79 870 1
80 101 1
80 135 1
80 262 1
80 424 1
80 700 1
80 729 1
80 768 1
80 833 1
81 148 1
81 289 1
81 318 1
81 419 1
81 437 1
81 533 1
81 558 1
81 666 1
81 706 1
81 710 1
81 712 1
81 739 1
81 910 1
81 953 1
81 991 1
82 279 1
82 453 1
82 635 1
82 651 1
82 734 1
82 739 1
82 796 1
82 913 1
82 950 1
83 201 1
83 550 1
83 559 1
83 716 1
83 895 1
84 406 1
84 716 1
84 738 1
84 770 1
84 826 1
84 862 1
84 960 1
85 160 1
85 283 1
85 297 1
85 701 1
85 754 1
85 771 1
85 793 1
85 865 1
85 937 1
86 116 1
86 123 1
86 206 1
86 528 1
86 545 1
86 674 1
86 691 1
86 698 1
86 725 1
86 945 1
86 951 1
86 967 1
87 162 1
87 221 1
87 555 1
87 652 1
87 715 1
87 729 1
87 749 1
87 802 1
87 875 1
87 883 1
88 371 1
88 382 1
88 511 1
88 526 1
88 604 1
88 633 1
88 673 1
88 688 1
88 933 1
89 134 1
89 161 1
89 398 1
89 536 1
89 671 1
89 702 1
89 722 1
89 774 1
89 825 1
89 956 1
89 997 1
90 342 1
90 435 1
90 859 1
91 154 1
91 242 1
91 307 1
91 441 1
91 492 1
91 588 1
91 621 1
91 686 1
91 746 1
91 778 1
91 882 1
92 109 1
92 297 1
92 323 1
92 691 1
92 769 1
92 790 1
92 872 1
92 894 1
92 929 1
93 126 1
93 182 1
93 188 1
93 406 1
93 660 1
93 688 1
93 731 1
93 984 1
94 167 1
94 309 1
94 427 1
94 431 1
94 751 1
94 767 1
94 817 1
94 839 1
94 865 1
95 123 1
95 286 1
95 344 1
95 358 1
95 396 1
95 444 1
95 587 1
95 644 1
96 173 1
96 272 1
96 307 1
96 331 1
96 333 1
96 476 1
96 494 1
96 508 1
96 595 1
96 800 1
96 904 1
96 950 1
97 193 1
97 241 1
97 262 1
97 279 1
97 627 1
97 699 1
97 711 1
97 726 1
97 753 1
97 779 1
97 873 1
97 930 1
98 170 1
98 356 1
98 423 1
98 434 1
98 606 1
98 612 1
98 624 1
98 634 1
98 853 1
98 859 1
98 904 1
98 965 1
98 974 1
99 642 1
99 777 1
99 807 1
99 840 1
99 848 1
100 180 1
100 184 1
100 261 1
100 380 1
100 439 1
100 451 1
100 487 1
100 507 1
100 618 1
100 817 1
100 903 1
100 960 1
101 599 1
101 760 1
101 913 1
102 229 1
102 292 1
102 644 1
102 657 1
102 696 1
102 755 1
102 944 1
102 952 1
102 997 1
103 389 1
103 396 1
103 415 1
103 568 1
103 573 1
103 948 1
104 134 1
104 513 1
104 762 1
104 904 1
104 932 1
104 961 1
105 179 1
105 524 1
105 577 1
105 641 1
105 664 1
105 713 1
105 962 1
106 115 1
106 174 1
106 241 1
106 255 1
106 373 1
106 375 1
106 502 1
106 594 1
106 603 1
106 625 1
106 668 1
106 712 1
106 807 1
107 231 1
107 383 1
107 573 1
107 641 1
107 677 1
107 714 1
107 759 1
107 951 1
108 138 1
108 427 1
108 432 1
108 449 1
108 521 1
108 682 1
108 723 1
108 739 1
108 859 1
108 926 1
109 209 1
109 230 1
109 232 1
109 269 1
109 289 1
109 355 1
109 485 1
109 566 1
109 580 1
109 718 1
110 419 1
110 479 1
110 801 1
110 819 1
110 840 1
110 941 1
111 178 1
111 179 1
111 210 1
111 510 1
111 552 1
111 657 1
111 735 1
111 815 1
111 885 1
112 197 1
112 202 1
112 215 1
112 307 1
112 548 1
112 584 1
112 685 1
112 698 1
112 740 1
112 850 1
112 852 1
112 855 1
112 901 1
112 936 1
113 135 1
113 390 1
113 445 1
113 491 1
113 525 1
113 636 1
113 640 1
113 774 1
113 796 1
113 945 1
114 263 1
114 294 1
114 312 1
114 454 1
114 542 1
114 742 1
114 827 1
114 848 1
114 878 1
114 931 1
114 957 1
115 146 1
115 181 1
115 391 1
115 414 1
115 683 1
115 731 1
115 894 1
115 907 1
116 244 1
116 433 1
116 490 1
116 542 1
116 699 1
116 703 1
116 741 1
116 876 1
116 980 1
116 984 1
117 284 1
117 482 1
117 649 1
117 712 1
117 916 1
117 993 1
118 156 1
118 287 1
118 339 1
118 619 1
118 639 1
118 668 1
118 675 1
118 707 1
118 795 1
118 870 1
118 957 1
119 153 1
119 249 1
119 299 1
119 441 1
119 665 1
119 675 1
119 822 1
119 828 1
120 154 1
120 263 1
120 301 1
120 414 1
120 485 1
120 769 1
120 811 1
120 878 1
120 911 1
120 935 1
121 183 1
121 184 1
121 262 1
121 383 1
121 610 1
121 691 1
121 836 1
121 920 1
122 208 1
122 214 1
122 237 1
122 312 1
122 390 1
122 659 1
122 768 1
122 793 1
122 941 1
122 961 1
122 991 1
123 187 1
123 217 1
123 272 1
123 351 1
123 476 1
123 516 1
123 562 1
123 591 1
123 676 1
123 741 1
123 822 1
123 893 1
124 238 1
124 376 1
124 479 1
124 698 1
125 256 1
125 437 1
125 484 1
125 631 1
125 727 1
125 831 1
125 908 1
125 916 1
125 943 1
126 197 1
126 210 1
126 341 1
126 374 1
126 554 1
126 623 1
126 674 1
126 693 1
126 817 1
126 822 1
126 984 1
126 992 1
127 144 1
127 223 1
127 313 1
127 508 1
127 616 1
127 625 1
127 640 1
127 674 1
127 787 1
127 966 1
128 156 1
128 218 1
128 240 1
128 360 1
128 590 1
128 596 1
128 748 1
128 965 1
129 187 1
129 312 1
129 391 1
129 419 1
129 550 1
129 633 1
129 894 1
129 954 1
130 168 1
130 239 1
130 410 1
130 907 1
130 935 1
130 998 1
131 145 1
131 186 1
131 193 1
131 220 1
131 386 1
131 394 1
131 625 1
131 724 1
131 839 1
131 971 1
132 266 1
132 402 1
132 480 1
132 581 1
132 801 1
132 960 1
133 298 1
133 361 1
133 380 1
133 429 1
133 488 1
133 534 1
133 792 1
133 863 1
134 251 1
134 523 1
134 539 1
134 634 1
134 638 1
134 785 1
134 832 1
134 995 1
135 294 1
135 564 1
135 607 1
135 636 1
135 670 1
135 769 1
135 897 1
136 311 1
136 383 1
136 526 1
136 700 1
136 716 1
136 965 1
137 241 1
137 423 1
137 496 1
137 578 1
137 636 1
137 714 1
137 817 1
137 890 1
137 945 1
138 176 1
138 398 1
138 491 1
138 547 1
138 583 1
138 604 1
138 710 1
138 722 1
138 736 1
138 755 1
138 867 1
138 947 1
138 966 1
139 229 1
139 512 1
139 609 1
139 627 1
139 629 1
139 708 1
139 789 1
139 790 1
139 968 1
140 145 1
140 200 1
140 374 1
140 410 1
140 577 1
140 658 1
140 742 1
140 746 1
140 753 1
140 837 1
141 190 1
141 247 1
141 284 1
141 367 1
141 387 1
141 418 1
141 603 1
141 609 1
141 646 1
141 697 1
142 198 1
142 251 1
142 338 1
142 568 1
142 595 1
142 674 1
143 144 1
143 459 1
143 489 1
143 578 1
143 593 1
143 626 1
143 775 1
143 906 1
143 933 1
143 1000 1
144 261 1
144 342 1
144 945 1
144 997 1
145 179 1
145 208 1
145 292 1
145 462 1
145 591 1
145 626 1
145 853 1
145 874 1
146 263 1
146 400 1
146 535 1
146 553 1
146 579 1
146 589 1
146 776 1
146 810 1
147 183 1
147 365 1
147 445 1
147 666 1
147 698 1
147 720 1
147 948 1
148 190 1
148 229 1
148 722 1
148 736 1
148 921 1
148 924 1
149 213 1
149 366 1
149 596 1
149 620 1
149 971 1
150 153 1
150 333 1
150 372 1
150 551 1
150 610 1
150 894 1
150 898 1
150 907 1
150 946 1
150 973 1
151 268 1
151 296 1
151 304 1
151 435 1
151 676 1
151 720 1
151 763 1
151 820 1
151 879 1
151 906 1
151 939 1
151 962 1
152 169 1
152 227 1
152 335 1
152 384 1
152 432 1
152 433 1
152 518 1
152 684 1
152 789 1
152 991 1
153 176 1
153 279 1
153 317 1
153 402 1
153 482 1
153 483 1
153 484 1
153 512 1
153 599 1
153 683 1
153 742 1
153 870 1
154 166 1
154 274 1
154 336 1
154 372 1
154 411 1
154 423 1
154 656 1
154 746 1
154 922 1
154 987 1
155 168 1
155 256 1
155 554 1
155 730 1
155 805 1
155 910 1
155 917 1
156 273 1
156 367 1
156 475 1
156 677 1
156 848 1
157 180 1
157 198 1
157 274 1
157 279 1
157 447 1
157 486 1
157 696 1
157 823 1
157 915 1
157 944 1
157 987 1
158 198 1
158 372 1
158 657 1
158 673 1
159 236 1
159 262 1
159 303 1
159 321 1
159 362 1
159 548 1
159 599 1
159 657 1
159 783 1
159 859 1
159 860 1
160 241 1
160 261 1
160 262 1
160 293 1
160 297 1
160 371 1
160 453 1
160 928 1
161 487 1
161 799 1
161 905 1
161 966 1
161 975 1
162 176 1
162 258 1
162 295 1
162 362 1
162 499 1
163 366 1
163 425 1
163 429 1
163 502 1
163 528 1
163 603 1
163 625 1
163 681 1
163 804 1
163 861 1
163 877 1
164 314 1
164 326 1
164 447 1
164 497 1
164 612 1
164 711 1
164 718 1
164 767 1
164 794 1
165 227 1
165 245 1
165 401 1
165 521 1
165 592 1
165 594 1
165 634 1
165 677 1
165 689 1
165 996 1
166 172 1
166 412 1
166 438 1
166 525 1
166 626 1
166 661 1
166 800 1
167 372 1
167 395 1
167 563 1
167 624 1
167 625 1
167 638 1
167 721 1
167 844 1
167 920 1
168 209 1
168 233 1
168 257 1
168 634 1
168 708 1
168 753 1
168 790 1
168 836 1
168 964 1
169 242 1
169 520 1
169 579 1
169 789 1
170 173 1
170 227 1
170 408 1
170 517 1
170 539 1
171 176 1
171 403 1
171 616 1
171 617 1
171 736 1
171 756 1
171 773 1
171 777 1
171 901 1
171 931 1
172 236 1
172 254 1
172 374 1
172 738 1
173 289 1
173 860 1
173 932 1
174 244 1
174 274 1
174 304 1
174 422 1
174 476 1
174 522 1
174 705 1
174 967 1
175 319 1
175 464 1
175 484 1
175 550 1
175 749 1
175 757 1
175 900 1
176 253 1
176 402 1
176 774 1
176 778 1
176 851 1
176 938 1
176 976 1
177 215 1
177 248 1
177 273 1
177 378 1
177 546 1
177 663 1
177 906 1
177 946 1
177 958 1
178 319 1
178 415 1
178 434 1
178 467 1
178 502 1
178 555 1
178 565 1
178 628 1
178 630 1
178 661 1
178 711 1
178 727 1
178 896 1
178 915 1
178 937 1
179 264 1
179 338 1
179 696 1
179 745 1
180 330 1
180 331 1
180 333 1
180 408 1
180 472 1
180 517 1
180 562 1
180 632 1
180 886 1
180 951 1
180 985 1
181 313 1
181 360 1
181 506 1
181 578 1
181 703 1
181 879 1
181 934 1
181 941 1
181 978 1
181 983 1
181 996 1
181 998 1
182 222 1
182 223 1
182 366 1
182 515 1
182 562 1
182 750 1
182 789 1
182 848 1
183 552 1
183 565 1
183 652 1
183 684 1
183 793 1
183 899 1
183 974 1
184 435 1
184 500 1
184 608 1
184 663 1
184 713 1
184 751 1
184 780 1
184 889 1
184 899 1
185 549 1
185 688 1
185 690 1
185 860 1
186 267 1
186 274 1
186 295 1
186 328 1
186 338 1
186 396 1
186 492 1
186 584 1
186 889 1
186 935 1
187 386 1
187 388 1
187 471 1
187 554 1
187 687 1
187 724 1
187 796 1
187 802 1
187 885 1
187 955 1
188 256 1
188 299 1
188 329 1
188 353 1
188 460 1
188 608 1
188 658 1
188 669 1
188 738 1
188 783 1
188 960 1
189 298 1
189 576 1
189 593 1
189 612 1
189 686 1
189 851 1
189 911 1
190 290 1
190 304 1
190 564 1
190 692 1
190 731 1
190 830 1
190 849 1
191 274 1
191 396 1
191 449 1
191 557 1
191 653 1
191 707 1
191 718 1
191 769 1
191 781 1
191 786 1
191 859 1
191 893 1
191 988 1
192 298 1
192 347 1
192 443 1
192 537 1
192 634 1
192 904 1
193 258 1
193 269 1
193 467 1
193 498 1
193 526 1
193 658 1
193 749 1
193 772 1
193 976 1
194 277 1
194 483 1
194 701 1
194 753 1
194 818 1
194 930 1
195 244 1
195 262 1
195 271 1
195 572 1
195 784 1
195 814 1
196 248 1
196 254 1
196 418 1
196 680 1
196 711 1
196 787 1
196 806 1
196 925 1
197 263 1
197 322 1
197 374 1
197 429 1
197 519 1
197 559 1
197 567 1
197 606 1
197 618 1
197 621 1
197 697 1
197 809 1
198 221 1
198 515 1
198 572 1
198 637 1
198 683 1
198 829 1
199 364 1
199 467 1
199 472 1
199 490 1
199 503 1
199 569 1
199 605 1
199 728 1
199 981 1
200 218 1
200 365 1
200 516 1
200 691 1
200 757 1
200 770 1
200 834 1
201 216 1
201 384 1
201 861 1
202 247 1
202 288 1
202 311 1
202 327 1
202 601 1
202 670 1
202 731 1
202 868 1
202 992 1
203 309 1
203 366 1
203 737 1
203 773 1
203 774 1
203 849 1
204 420 1
204 432 1
204 519 1
204 587 1
204 642 1
204 709 1
204 761 1
204 882 1
204 915 1
204 961 1
205 254 1
205 828 1
205 830 1
205 936 1
206 268 1
206 373 1
206 375 1
206 488 1
206 514 1
206 536 1
206 563 1
206 854 1
206 888 1
207 325 1
207 336 1
207 393 1
207 544 1
207 580 1
207 585 1
207 609 1
207 631 1
207 863 1
207 990 1
208 301 1
208 381 1
208 443 1
208 632 1
208 930 1
209 221 1
209 275 1
209 434 1
209 493 1
209 495 1
209 508 1
209 873 1
209 923 1
210 324 1
210 350 1
210 472 1
210 814 1
211 352 1
211 520 1
211 529 1
211 763 1
211 830 1
211 839 1
211 896 1
212 234 1
212 292 1
212 310 1
212 337 1
212 395 1
212 496 1
212 522 1
212 528 1
212 875 1
213 257 1
213 306 1
213 332 1
213 368 1
213 385 1
213 429 1
213 531 1
213 564 1
213 764 1
213 911 1
214 240 1
214 346 1
214 454 1
214 496 1
214 735 1
214 784 1
214 824 1
215 315 1
215 322 1
215 362 1
215 429 1
215 525 1
215 545 1
215 740 1
215 742 1
215 771 1
215 823 1
215 826 1
215 836 1
215 924 1
215 1000 1
216 243 1
216 282 1
216 340 1
216 473 1
216 486 1
216 505 1
217 257 1
217 460 1
217 547 1
217 584 1
217 954 1
218 233 1
218 401 1
218 428 1
218 463 1
218 473 1
218 672 1
218 855 1
218 999 1
219 292 1
219 299 1
219 385 1
219 423 1
219 451 1
219 471 1
219 682 1
219 757 1
219 946 1
219 953 1
219 965 1
219 987 1
220 279 1
220 459 1
220 497 1
220 576 1
220 632 1
220 941 1
220 948 1
221 224 1
221 389 1
221 390 1
221 425 1
221 505 1
221 509 1
221 675 1
221 992 1
222 897 1
223 235 1
223 338 1
223 389 1
223 469 1
223 690 1
223 745 1
223 755 1
223 800 1
223 878 1
223 912 1
223 914 1
224 512 1
224 659 1
224 778 1
224 990 1
225 246 1
225 459 1
225 462 1
225 519 1
225 806 1
225 995 1
226 234 1
226 394 1
226 465 1
226 838 1
226 938 1
226 953 1
226 984 1
227 394 1
227 438 1
227 570 1
227 739 1
227 795 1
228 237 1
228 330 1
228 438 1
228 513 1
228 688 1
228 702 1
228 754 1
228 795 1
228 845 1
228 869 1
228 907 1
229 243 1
229 253 1
229 293 1
229 299 1
229 376 1
229 450 1
229 516 1
229 523 1
229 547 1
229 629 1
229 691 1
229 703 1
229 843 1
229 884 1
229 897 1
230 259 1
230 458 1
230 506 1
230 664 1
230 719 1
230 802 1
231 347 1
231 420 1
231 422 1
231 447 1
231 490 1
231 531 1
231 592 1
231 643 1
231 808 1
231 899 1
231 921 1
232 268 1
232 381 1
232 498 1
232 727 1
232 766 1
232 820 1
232 840 1
232 866 1
232 966 1
233 236 1
233 250 1
233 309 1
233 366 1
233 546 1
233 623 1
233 677 1
233 833 1
233 855 1
233 903 1
233 943 1
233 948 1
234 389 1
234 482 1
234 541 1
234 545 1
234 556 1
234 718 1
234 805 1
234 948 1
234 976 1
234 989 1
235 262 1
235 280 1
235 510 1
235 796 1
235 824 1
235 844 1
235 993 1
236 268 1
236 396 1
236 715 1
236 780 1
236 912 1
236 920 1
237 420 1
237 533 1
237 690 1
237 840 1
237 973 1
238 310 1
238 440 1
238 463 1
238 511 1
238 544 1
238 667 1
238 762 1
238 979 1
239 408 1
239 729 1
239 790 1
240 252 1
240 334 1
240 404 1
240 421 1
240 624 1
240 793 1
240 954 1
241 540 1
241 627 1
241 658 1
241 719 1
241 776 1
241 824 1
242 309 1
242 609 1
242 677 1
242 689 1
242 776 1
243 280 1
243 395 1
243 460 1
243 463 1
243 617 1
243 634 1
243 690 1
243 707 1
243 815 1
243 897 1
243 991 1
244 249 1
244 343 1
244 564 1
244 732 1
244 757 1
244 758 1
244 875 1
245 477 1
245 735 1
245 763 1
245 783 1
245 828 1
246 413 1
246 420 1
246 524 1
246 721 1
246 726 1
246 867 1
246 944 1
247 356 1
247 471 1
247 592 1
247 714 1
247 734 1
247 849 1
247 858 1
248 319 1
248 340 1
248 571 1
248 636 1
248 686 1
248 696 1
248 714 1
248 752 1
248 864 1
248 888 1
248 920 1
248 952 1
248 969 1
249 466 1
249 519 1
249 733 1
249 758 1
249 933 1
250 282 1
250 475 1
250 504 1
250 536 1
250 583 1
250 783 1
250 981 1
251 344 1
251 380 1
251 398 1
251 481 1
251 542 1
251 747 1
251 777 1
251 808 1
251 812 1
251 940 1
251 956 1
252 326 1
252 612 1
252 661 1
252 662 1
252 926 1
253 266 1
253 318 1
253 327 1
253 409 1
253 426 1
253 490 1
253 777 1
253 784 1
253 829 1
253 879 1
254 288 1
254 408 1
254 418 1
254 615 1
254 674 1
254 761 1
254 891 1
254 896 1
254 994 1
255 287 1
255 342 1
255 395 1
255 465 1
255 547 1
255 556 1
255 596 1
255 772 1
256 337 1
256 480 1
256 490 1
256 513 1
256 649 1
256 686 1
256 892 1
257 305 1
257 314 1
257 424 1
257 426 1
257 511 1
257 533 1
257 575 1
257 592 1
257 812 1
257 871 1
257 952 1
257 978 1
257 994 1
258 337 1
258 361 1
258 737 1
258 809 1
258 849 1
258 881 1
258 980 1
259 367 1
259 392 1
259 453 1
259 653 1
259 656 1
259 663 1
259 846 1
259 909 1
259 940 1
260 447 1
260 477 1
260 508 1
260 570 1
260 591 1
260 741 1
260 877 1
260 990 1
261 468 1
261 472 1
261 482 1
261 508 1
261 593 1
261 707 1
261 732 1
261 880 1
261 895 1
261 911 1
262 429 1
262 444 1
262 453 1
262 497 1
262 500 1
262 668 1
262 789 1
263 515 1
263 660 1
263 677 1
263 717 1
264 491 1
264 608 1
264 742 1
264 864 1
264 893 1
264 924 1
264 980 1
264 993 1
265 287 1
265 387 1
265 780 1
265 830 1
266 357 1
266 386 1
266 441 1
266 473 1
266 585 1
266 685 1
266 766 1
266 822 1
266 843 1
266 887 1
267 345 1
267 478 1
267 536 1
267 601 1
267 779 1
267 803 1
267 827 1
267 862 1
267 895 1
267 938 1
267 981 1
268 398 1
268 582 1
268 606 1
268 711 1
268 753 1
269 376 1
269 622 1
269 627 1
269 938 1
269 951 1
270 303 1
270 669 1
270 855 1
271 477 1
271 543 1
271 567 1
271 662 1
271 730 1
271 788 1
271 828 1
271 882 1
271 930 1
272 275 1
272 367 1
272 509 1
272 543 1
272 582 1
272 664 1
272 733 1
272 793 1
273 279 1
273 488 1
273 564 1
273 584 1
273 720 1
273 826 1
273 923 1
273 937 1
273 953 1
273 987 1
274 298 1
274 308 1
274 496 1
274 504 1
274 634 1
274 696 1
274 706 1
274 721 1
274 786 1
274 796 1
274 877 1
274 889 1
275 300 1
275 348 1
275 424 1
275 750 1
275 755 1
275 780 1
275 844 1
276 332 1
276 363 1
276 484 1
276 605 1
276 722 1
276 757 1
276 773 1
276 810 1
276 881 1
277 321 1
277 323 1
277 358 1
277 364 1
277 479 1
277 715 1
277 833 1
277 931 1
277 939 1
278 372 1
278 446 1
278 529 1
278 640 1
279 363 1
279 366 1
279 390 1
279 443 1
279 446 1
279 566 1
279 651 1
279 791 1
279 848 1
279 872 1
279 894 1
280 328 1
280 673 1
280 868 1
280 952 1
280 982 1
281 297 1
281 316 1
281 517 1
281 546 1
281 608 1
281 676 1
281 888 1
281 916 1
282 291 1
282 375 1
282 387 1
282 410 1
282 541 1
282 561 1
282 650 1
282 767 1
282 873 1
282 922 1
283 360 1
283 381 1
283 467 1
283 516 1
283 576 1
283 837 1
283 845 1
283 866 1
284 296 1
284 313 1
284 533 1
284 938 1
285 295 1
285 307 1
285 383 1
285 386 1
285 445 1
285 448 1
285 503 1
285 547 1
285 569 1
285 629 1
285 662 1
285 829 1
285 837 1
285 938 1
286 347 1
286 538 1
286 630 1
286 848 1
287 306 1
287 395 1
287 402 1
287 413 1
287 685 1
287 850 1
287 924 1
288 313 1
288 337 1
288 517 1
288 578 1
288 583 1
288 643 1
289 360 1
289 604 1
289 638 1
289 747 1
289 860 1
289 879 1
290 489 1
290 606 1
290 837 1
290 863 1
291 292 1
291 360 1
291 440 1
291 444 1
291 515 1
291 777 1
291 808 1
291 892 1
291 958 1
291 978 1
292 362 1
292 454 1
292 516 1
292 524 1
292 580 1
292 823 1
292 841 1
292 965 1
293 298 1
293 427 1
293 505 1
293 541 1
293 588 1
293 614 1
293 616 1
293 636 1
293 643 1
293 646 1
293 657 1
293 673 1
293 740 1
293 896 1
294 426 1
294 522 1
294 549 1
294 728 1
294 860 1
294 994 1
295 343 1
295 382 1
295 421 1
295 525 1
295 528 1
295 529 1
295 648 1
295 710 1
295 760 1
296 339 1
296 397 1
296 409 1
296 580 1
296 593 1
296 651 1
296 744 1
296 955 1
297 471 1
297 554 1
297 623 1
297 832 1
297 836 1
297 837 1
297 900 1
297 982 1
298 346 1
298 348 1
298 546 1
298 573 1
298 598 1
298 599 1
298 709 1
298 820 1
298 836 1
298 980 1
299 431 1
299 612 1
299 794 1
299 882 1
299 925 1
300 473 1
300 501 1
300 577 1
300 630 1
300 683 1
300 758 1
300 783 1
300 958 1
301 338 1
301 576 1
301 656 1
301 685 1
301 701 1
301 899 1
301 985 1
302 313 1
302 342 1
302 442 1
302 627 1
302 664 1
302 718 1
302 805 1
302 841 1
302 857 1
303 401 1
303 459 1
303 697 1
303 699 1
303 745 1
303 754 1
303 804 1
303 913 1
303 963 1
303 988 1
304 516 1
304 567 1
304 569 1
304 627 1
304 639 1
304 644 1
304 667 1
304 677 1
304 682 1
304 769 1
304 840 1
304 951 1
304 998 1
305 334 1
305 366 1
305 462 1
305 533 1
305 581 1
305 594 1
305 618 1
305 661 1
305 806 1
305 977 1
306 599 1
306 752 1
306 758 1
306 762 1
306 874 1
306 916 1
306 944 1
307 409 1
307 640 1
307 735 1
307 794 1
308 599 1
308 728 1
308 846 1
309 355 1
309 506 1
309 530 1
309 756 1
309 902 1
309 933 1
310 338 1
310 361 1
310 393 1
310 443 1
310 463 1
310 546 1
310 551 1
310 611 1
310 653 1
310 678 1
310 732 1
310 763 1
310 780 1
310 922 1
310 930 1
310 939 1
310 987 1
311 314 1
311 320 1
311 337 1
311 360 1
311 370 1
311 444 1
311 458 1
311 470 1
311 608 1
311 891 1
311 972 1
312 386 1
312 412 1
312 416 1
312 590 1
312 805 1
312 815 1
312 816 1
312 864 1
312 971 1
313 415 1
313 491 1
313 546 1
313 625 1
314 400 1
314 512 1
314 648 1
314 833 1
314 879 1
314 892 1
315 414 1
315 564 1
315 608 1
315 633 1
315 882 1
316 353 1
316 359 1
316 433 1
316 451 1
316 550 1
316 989 1
317 482 1
317 516 1
317 721 1
317 726 1
317 937 1
317 950 1
318 375 1
318 457 1
318 493 1
318 570 1
318 597 1
318 632 1
318 655 1
318 789 1
318 890 1
319 324 1
319 351 1
319 476 1
319 503 1
319 603 1
319 638 1
319 698 1
319 753 1
319 761 1
319 815 1
319 816 1
320 353 1
320 391 1
320 447 1
320 463 1
320 588 1
320 656 1
320 726 1
320 797 1
320 920 1
320 996 1
321 463 1
321 719 1
321 825 1
321 896 1
322 604 1
322 918 1
322 929 1
322 978 1
323 346 1
323 372 1
323 661 1
323 694 1
323 999 1
324 589 1
324 641 1
324 690 1
324 746 1
324 840 1
324 894 1
324 947 1
325 404 1
325 464 1
325 485 1
325 515 1
325 536 1
325 542 1
325 760 1
325 806 1
325 822 1
325 934 1
326 337 1
326 451 1
326 558 1
326 566 1
326 616 1
326 682 1
326 797 1
326 941 1
327 422 1
327 482 1
327 498 1
327 579 1
327 597 1
327 675 1
327 923 1
327 966 1
328 507 1
328 508 1
328 849 1
328 878 1
328 942 1
328 955 1
329 336 1
329 357 1
329 361 1
329 542 1
329 589 1
329 808 1
329 828 1
329 975 1
329 999 1
330 439 1
330 544 1
330 623 1
330 777 1
330 838 1
330 977 1
331 353 1
331 467 1
331 552 1
331 573 1
331 640 1
331 802 1
331 836 1
331 908 1
332 443 1
332 550 1
332 667 1
332 745 1
332 798 1
332 817 1
332 832 1
332 836 1
332 866 1
332 973 1
332 985 1
333 489 1
333 626 1
333 652 1
333 835 1
333 906 1
333 929 1
333 932 1
333 970 1
334 476 1
334 569 1
334 606 1
334 740 1
334 794 1
335 394 1
335 941 1
335 999 1
336 564 1
336 806 1
336 943 1
336 952 1
336 967 1
337 340 1
337 399 1
337 598 1
337 741 1
337 753 1
337 807 1
337 853 1
338 874 1
339 591 1
339 634 1
339 654 1
339 689 1
339 957 1
340 387 1
340 403 1
340 487 1
340 552 1
340 577 1
340 611 1
340 687 1
340 816 1
340 850 1
340 957 1
340 966 1
340 987 1
341 370 1
341 700 1
341 751 1
341 780 1
341 945 1
342 368 1
342 424 1
342 521 1
342 541 1
342 607 1
342 616 1
342 663 1
342 857 1
342 906 1
342 985 1
343 362 1
343 476 1
343 516 1
343 547 1
343 551 1
343 639 1
343 730 1
343 810 1
343 878 1
344 453 1
344 458 1
344 497 1
344 657 1
345 550 1
345 668 1
345 818 1
345 863 1
345 921 1
345 934 1
346 365 1
346 483 1
346 502 1
346 522 1
346 621 1
346 644 1
346 765 1
346 880 1
346 887 1
347 356 1
347 454 1
347 529 1
347 566 1
347 604 1
347 657 1
347 757 1
347 791 1
347 959 1
347 979 1
348 433 1
348 498 1
348 630 1
348 797 1
348 933 1
348 973 1
349 546 1
349 649 1
349 777 1
349 892 1
349 900 1
349 978 1
350 387 1
350 440 1
350 501 1
350 509 1
350 581 1
350 626 1
350 633 1
350 725 1
350 770 1
350 804 1
350 828 1
350 987 1
350 997 1
351 364 1
351 380 1
351 595 1
351 699 1
351 767 1
351 810 1
351 816 1
351 873 1
351 989 1
352 361 1
352 453 1
352 500 1
352 943 1
352 962 1
353 462 1
353 583 1
353 592 1
353 735 1
353 778 1
353 897 1
353 969 1
354 673 1
354 688 1
354 830 1
354 850 1
355 371 1
355 656 1
355 816 1
356 396 1
356 406 1
356 578 1
356 769 1
356 915 1
356 947 1
357 511 1
357 580 1
357 939 1
358 438 1
358 470 1
358 919 1
359 580 1
359 606 1
359 837 1
359 839 1
359 849 1
360 379 1
360 411 1
360 455 1
360 578 1
360 595 1
360 706 1
361 382 1
361 509 1
361 554 1
361 603 1
361 684 1
361 699 1
361 802 1
362 415 1
362 478 1
362 533 1
362 598 1
362 663 1
362 828 1
362 850 1
363 515 1
363 517 1
363 617 1
363 865 1
363 896 1
364 379 1
364 655 1
364 946 1
365 412 1
365 443 1
365 505 1
365 518 1
365 585 1
365 780 1
365 831 1
365 910 1
365 911 1
366 422 1
366 455 1
366 503 1
366 509 1
366 600 1
366 643 1
366 776 1
366 866 1
366 964 1
367 451 1
367 676 1
367 723 1
367 727 1
367 841 1
367 842 1
368 452 1
368 713 1
369 458 1
369 533 1
369 929 1
370 513 1
370 942 1
370 978 1
370 993 1
371 391 1
371 472 1
371 655 1
371 741 1
371 845 1
371 857 1
371 884 1
371 936 1
371 959 1
372 561 1
372 596 1
372 600 1
372 605 1
372 696 1
372 782 1
372 810 1
372 811 1
372 891 1
372 899 1
372 962 1
372 973 1
373 478 1
373 565 1
373 594 1
373 614 1
373 913 1
373 938 1
374 378 1
374 390 1
374 416 1
374 444 1
374 561 1
374 576 1
374 655 1
374 676 1
374 839 1
374 874 1
374 877 1
375 582 1
375 799 1
376 580 1
376 585 1
376 641 1
376 669 1
376 814 1
376 893 1
376 918 1
377 738 1
377 756 1
377 775 1
378 424 1
378 512 1
378 670 1
378 677 1
378 691 1
378 796 1
378 922 1
378 949 1
378 998 1
379 404 1
379 528 1
379 697 1
379 917 1
379 936 1
379 938 1
379 947 1
380 391 1
380 408 1
380 532 1
380 546 1
380 702 1
380 750 1
380 983 1
381 434 1
381 524 1
382 397 1
382 428 1
382 502 1
382 524 1
382 900 1
383 425 1
383 476 1
383 524 1
383 567 1
383 642 1
383 674 1
383 743 1
383 770 1
383 781 1
383 884 1
383 927 1
384 448 1
384 469 1
384 578 1
384 688 1
384 743 1
384 830 1
384 838 1
384 958 1
384 991 1
385 426 1
385 484 1
385 494 1
385 678 1
385 841 1
386 436 1
386 469 1
386 593 1
386 652 1
386 734 1
386 872 1
386 907 1
386 954 1
388 572 1
388 806 1
388 827 1
388 934 1
389 423 1
389 556 1
389 576 1
389 871 1
389 993 1
390 489 1
390 511 1
390 778 1
390 894 1
391 463 1
391 524 1
391 654 1
391 949 1
391 958 1
391 989 1
392 630 1
392 652 1
392 688 1
392 786 1
392 807 1
392 860 1
393 486 1
393 495 1
393 584 1
393 776 1
393 837 1
393 879 1
393 920 1
393 975 1
394 567 1
394 593 1
394 637 1
394 742 1
394 848 1
395 418 1
395 444 1
395 445 1
395 472 1
395 504 1
396 534 1
396 543 1
396 605 1
396 739 1
396 906 1
397 407 1
397 464 1
397 566 1
397 667 1
397 716 1
397 814 1
397 838 1
397 870 1
397 949 1
398 411 1
398 653 1
398 713 1
398 880 1
398 949 1
399 418 1
399 515 1
399 588 1
399 936 1
399 968 1
400 407 1
400 931 1
400 997 1
401 709 1
401 783 1
401 867 1
402 583 1
402 735 1
402 864 1
402 900 1
403 492 1
403 501 1
403 592 1
403 754 1
403 805 1
403 923 1
404 582 1
404 619 1
404 740 1
405 473 1
405 664 1
405 734 1
405 766 1
405 974 1
406 484 1
406 655 1
406 870 1
406 932 1
407 450 1
407 530 1
407 541 1
407 623 1
407 723 1
408 531 1
408 563 1
408 578 1
408 732 1
408 984 1
409 411 1
409 429 1
409 519 1
409 536 1
409 572 1
409 745 1
410 415 1
410 430 1
410 448 1
410 684 1
410 688 1
410 820 1
410 825 1
410 897 1
410 960 1
411 549 1
411 610 1
411 688 1
411 767 1
412 564 1
412 576 1
412 645 1
412 702 1
412 726 1
412 751 1
413 484 1
413 518 1
413 604 1
413 667 1
413 683 1
413 725 1
413 776 1
413 925 1
413 963 1
413 980 1
413 986 1
414 515 1
414 563 1
414 579 1
414 700 1
414 795 1
414 804 1
415 452 1
415 483 1
415 546 1
415 773 1
415 788 1
416 448 1
416 486 1
416 613 1
416 775 1
416 940 1
416 946 1
416 959 1
416 966 1
417 488 1
417 612 1
417 790 1
417 895 1
417 922 1
417 968 1
418 521 1
418 584 1
418 796 1
419 423 1
419 649 1
419 703 1
419 782 1
419 900 1
419 904 1
419 909 1
419 945 1
420 519 1
420 800 1
420 909 1
421 748 1
422 532 1
422 624 1
422 789 1
422 922 1
423 507 1
423 663 1
424 657 1
424 700 1
424 798 1
424 860 1
424 888 1
424 1000 1
425 609 1
425 774 1
425 943 1
426 436 1
426 475 1
426 620 1
427 616 1
427 811 1
427 839 1
427 843 1
427 861 1
427 890 1
427 954 1
427 982 1
428 581 1
428 673 1
428 740 1
428 835 1
428 895 1
428 935 1
429 488 1
429 722 1
429 931 1
429 947 1
430 434 1
430 666 1
430 976 1
430 982 1
430 988 1
431 442 1
431 529 1
431 683 1
431 684 1
431 763 1
432 478 1
432 521 1
432 582 1
432 588 1
432 640 1
432 687 1
432 714 1
432 803 1
432 981 1
433 552 1
433 595 1
433 685 1
433 790 1
434 499 1
434 543 1
434 831 1
434 916 1
434 962 1
434 968 1
435 525 1
435 598 1
435 600 1
435 671 1
435 686 1
435 698 1
435 808 1
435 841 1
436 696 1
436 751 1
437 491 1
437 614 1
437 691 1
437 724 1
437 757 1
437 758 1
437 780 1
437 823 1
437 942 1
437 972 1
438 571 1
438 625 1
438 638 1
438 769 1
438 818 1
438 828 1
439 576 1
439 581 1
439 640 1
439 873 1
439 876 1
439 910 1
440 616 1
440 792 1
440 834 1
440 981 1
441 469 1
441 494 1
441 504 1
441 626 1
441 630 1
441 761 1
441 964 1
442 513 1
442 541 1
442 565 1
442 647 1
442 733 1
442 773 1
443 488 1
443 738 1
443 775 1
443 787 1
443 812 1
444 554 1
444 601 1
444 622 1
444 728 1
444 772 1
444 901 1
445 682 1
445 684 1
445 852 1
445 870 1
445 909 1
445 942 1
446 614 1
446 906 1
447 476 1
447 533 1
447 607 1
447 879 1
447 886 1
447 901 1
448 562 1
448 670 1
448 872 1
448 956 1
448 968 1
449 474 1
449 572 1
449 641 1
449 707 1
449 721 1
449 927 1
449 981 1
449 987 1
449 998 1
450 558 1
450 570 1
450 861 1
450 924 1
450 971 1
451 478 1
451 659 1
451 797 1
451 922 1
452 459 1
452 586 1
452 710 1
452 769 1
452 803 1
452 931 1
452 979 1
453 494 1
453 650 1
453 762 1
453 910 1
453 943 1
454 459 1
454 501 1
454 539 1
454 709 1
454 913 1
455 716 1
455 855 1
455 893 1
455 975 1
456 527 1
456 544 1
456 642 1
456 892 1
456 972 1
457 589 1
457 670 1
457 708 1
457 743 1
457 828 1
457 939 1
457 973 1
458 516 1
458 874 1
458 888 1
458 924 1
458 937 1
459 477 1
459 686 1
459 775 1
459 885 1
459 954 1
460 872 1
460 909 1
460 961 1
461 718 1
462 842 1
462 929 1
463 563 1
463 611 1
463 710 1
463 812 1
463 976 1
464 481 1
464 491 1
464 585 1
464 641 1
464 653 1
464 711 1
464 918 1
464 938 1
465 564 1
465 659 1
465 832 1
465 913 1
465 979 1
466 475 1
466 603 1
466 891 1
466 963 1
467 706 1
467 802 1
467 807 1
467 985 1
468 480 1
468 582 1
468 849 1
468 995 1
469 478 1
469 564 1
469 599 1
469 848 1
469 861 1
469 966 1
469 980 1
470 674 1
470 697 1
471 513 1
471 562 1
471 564 1
471 723 1
471 876 1
472 561 1
472 659 1
472 881 1
472 895 1
473 542 1
473 631 1
473 654 1
473 713 1
473 815 1
473 821 1
473 880 1
474 642 1
474 681 1
474 735 1
474 738 1
474 740 1
474 855 1
474 919 1
475 511 1
475 525 1
475 718 1
475 728 1
475 753 1
475 796 1
475 847 1
475 884 1
475 909 1
476 485 1
476 495 1
476 531 1
476 590 1
476 643 1
476 668 1
476 835 1
476 875 1
476 974 1
476 997 1
477 496 1
477 522 1
477 556 1
477 575 1
477 598 1
477 673 1
477 726 1
478 521 1
478 562 1
478 659 1
478 703 1
478 779 1
478 874 1
479 537 1
479 736 1
479 839 1
479 858 1
479 921 1
480 545 1
480 900 1
480 928 1
480 952 1
481 568 1
481 616 1
481 657 1
481 800 1
481 871 1
481 896 1
481 909 1
482 528 1
482 572 1
482 619 1
482 787 1
482 950 1
483 712 1
484 539 1
484 580 1
484 597 1
484 999 1
485 588 1
485 892 1
486 502 1
486 534 1
486 623 1
486 651 1
486 707 1
486 775 1
487 558 1
487 877 1
487 942 1
487 999 1
488 576 1
488 634 1
488 667 1
488 719 1
488 790 1
488 830 1
488 908 1
489 662 1
489 744 1
489 792 1
489 906 1
490 560 1
490 579 1
490 663 1
490 815 1
490 837 1
490 852 1
490 962 1
490 999 1
491 546 1
491 582 1
491 763 1
491 981 1
492 494 1
492 575 1
492 722 1
492 725 1
492 759 1
492 849 1
492 851 1
492 900 1
492 983 1
493 554 1
493 672 1
493 689 1
494 827 1
494 829 1
494 857 1
494 884 1
494 925 1
495 624 1
495 633 1
495 647 1
495 692 1
495 721 1
495 762 1
495 809 1
495 954 1
496 855 1
497 518 1
497 520 1
497 536 1
497 555 1
497 934 1
497 935 1
497 948 1
497 964 1
497 987 1
498 569 1
498 938 1
498 949 1
498 961 1
499 601 1
499 625 1
499 649 1
499 674 1
499 761 1
499 770 1
499 923 1
499 947 1
499 986 1
500 709 1
500 815 1
500 880 1
501 555 1
501 564 1
501 612 1
501 636 1
501 715 1
501 729 1
501 768 1
501 796 1
501 826 1
501 858 1
501 986 1
502 602 1
502 764 1
503 511 1
503 677 1
503 678 1
503 814 1
503 931 1
504 580 1
504 591 1
504 618 1
504 634 1
504 706 1
504 772 1
504 810 1
504 847 1
504 906 1
505 535 1
505 850 1
505 893 1
505 899 1
506 627 1
506 724 1
506 752 1
506 759 1
506 850 1
506 866 1
506 915 1
506 929 1
506 963 1
507 511 1
507 523 1
507 674 1
507 776 1
507 871 1
507 916 1
507 963 1
508 580 1
508 751 1
508 939 1
508 994 1
509 662 1
509 744 1
509 746 1
509 759 1
509 806 1
509 931 1
510 596 1
510 761 1
510 772 1
510 897 1
510 927 1
511 661 1
512 536 1
512 807 1
512 898 1
512 995 1
513 617 1
513 679 1
513 688 1
513 694 1
513 850 1
514 519 1
514 559 1
514 567 1
514 620 1
514 638 1
514 639 1
514 728 1
514 811 1
514 923 1
515 520 1
515 987 1
515 994 1
516 746 1
516 854 1
516 859 1
516 906 1
516 934 1
517 539 1
517 549 1
517 744 1
517 759 1
517 894 1
517 948 1
517 979 1
517 985 1
518 531 1
518 535 1
518 900 1
518 911 1
519 527 1
519 562 1
519 726 1
519 729 1
519 880 1
520 540 1
520 621 1
520 705 1
520 719 1
520 876 1
520 903 1
520 997 1
521 562 1
521 572 1
521 658 1
521 690 1
521 950 1
522 527 1
522 748 1
522 752 1
522 931 1
523 544 1
523 637 1
523 817 1
523 839 1
523 853 1
523 866 1
523 898 1
524 666 1
524 883 1
524 933 1
524 961 1
525 580 1
525 726 1
525 908 1
526 598 1
526 713 1
526 883 1
526 894 1
527 614 1
527 812 1
527 863 1
528 529 1
528 558 1
528 567 1
528 701 1
528 716 1
528 777 1
528 829 1
528 985 1
529 551 1
529 598 1
529 628 1
529 637 1
529 792 1
529 852 1
529 897 1
529 978 1
530 570 1
530 615 1
530 620 1
530 650 1
530 880 1
530 971 1
531 569 1
531 662 1
531 670 1
531 674 1
531 686 1
531 772 1
531 872 1
531 897 1
532 654 1
532 704 1
532 744 1
532 777 1
532 830 1
532 965 1
533 554 1
533 572 1
533 574 1
533 601 1
533 806 1
533 969 1
534 559 1
534 607 1
534 756 1
534 767 1
534 771 1
534 831 1
535 726 1
535 752 1
535 753 1
536 537 1
536 824 1
536 874 1
536 889 1
537 569 1
537 919 1
538 787 1
538 808 1
538 809 1
538 820 1
538 821 1
538 905 1
539 559 1
539 796 1
539 880 1
539 985 1
540 735 1
540 875 1
540 932 1
541 657 1
541 717 1
541 730 1
541 789 1
541 818 1
542 727 1
542 741 1
542 756 1
542 933 1
542 945 1
543 645 1
543 724 1
543 787 1
543 882 1
544 747 1
544 848 1
544 925 1
545 568 1
545 669 1
545 693 1
545 865 1
545 871 1
546 616 1
546 701 1
546 723 1
546 741 1
546 772 1
546 851 1
546 886 1
546 888 1
546 988 1
547 554 1
547 750 1
547 762 1
547 845 1
547 866 1
547 954 1
548 557 1
548 709 1
548 772 1
548 793 1
548 798 1
548 878 1
548 1000 1
549 555 1
549 875 1
550 575 1
550 622 1
550 696 1
550 940 1
551 628 1
551 876 1
551 949 1
552 592 1
552 657 1
552 698 1
552 741 1
552 751 1
552 797 1
552 946 1
553 591 1
553 887 1
553 991 1
554 571 1
554 612 1
554 743 1
555 698 1
555 739 1
555 877 1
555 886 1
556 798 1
556 955 1
556 966 1
557 773 1
557 817 1
557 932 1
558 666 1
558 758 1
559 695 1
559 746 1
559 920 1
560 604 1
560 744 1
560 876 1
560 923 1
560 966 1
561 629 1
561 741 1
561 867 1
561 902 1
561 920 1
562 881 1
563 571 1
563 605 1
563 639 1
563 683 1
563 745 1
563 763 1
563 900 1
563 952 1
564 778 1
565 740 1
565 744 1
565 790 1
565 804 1
566 613 1
566 922 1
566 924 1
566 958 1
566 980 1
567 838 1
567 873 1
567 883 1
567 916 1
568 702 1
568 712 1
568 797 1
568 945 1
568 949 1
569 620 1
569 668 1
569 778 1
569 788 1
569 842 1
569 848 1
569 862 1
569 871 1
569 913 1
569 928 1
570 883 1
571 578 1
571 687 1
571 788 1
571 809 1
571 876 1
571 910 1
572 670 1
572 740 1
572 776 1
572 863 1
572 978 1
572 992 1
573 657 1
573 697 1
573 715 1
573 728 1
573 890 1
573 952 1
574 683 1
574 882 1
575 683 1
575 712 1
575 813 1
575 883 1
575 909 1
575 926 1
576 578 1
576 614 1
576 640 1
577 594 1
577 660 1
577 862 1
578 733 1
578 765 1
578 914 1
578 931 1
578 968 1
579 699 1
579 762 1
579 931 1
580 666 1
580 677 1
581 753 1
581 773 1
581 847 1
581 894 1
582 644 1
582 646 1
582 680 1
582 723 1
582 761 1
582 766 1
582 768 1
582 994 1
583 660 1
583 714 1
583 905 1
583 949 1
584 597 1
584 692 1
584 843 1
584 891 1
584 930 1
585 849 1
585 912 1
586 667 1
586 689 1
586 778 1
586 793 1
586 806 1
586 975 1
586 980 1
587 847 1
587 944 1
588 650 1
589 687 1
589 830 1
589 835 1
590 908 1
590 937 1
591 738 1
591 956 1
592 654 1
592 655 1
592 667 1
592 762 1
592 905 1
593 618 1
593 773 1
594 677 1
594 680 1
594 793 1
594 824 1
595 728 1
595 923 1
595 937 1
596 801 1
596 872 1
596 895 1
597 636 1
597 692 1
597 695 1
597 800 1
598 789 1
598 807 1
598 824 1
598 996 1
599 873 1
600 661 1
600 697 1
600 723 1
600 951 1
600 974 1
600 995 1
601 764 1
602 731 1
602 997 1
603 748 1
603 924 1
603 964 1
604 626 1
604 743 1
604 913 1
604 936 1
606 619 1
606 689 1
606 717 1
606 813 1
606 865 1
606 912 1
607 672 1
607 712 1
607 969 1
608 759 1
608 816 1
608 938 1
609 853 1
609 895 1
609 960 1
610 684 1
610 846 1
610 863 1
610 918 1
611 679 1
611 720 1
611 746 1
611 819 1
611 967 1
612 613 1
612 693 1
612 790 1
612 865 1
612 880 1
612 914 1
613 621 1
613 776 1
613 841 1
613 903 1
613 956 1
614 696 1
614 798 1
614 877 1
614 974 1
615 814 1
615 818 1
615 947 1
615 971 1
615 983 1
616 637 1
616 775 1
616 841 1
617 628 1
617 821 1
617 845 1
617 973 1
617 998 1
618 701 1
618 739 1
618 948 1
619 696 1
620 794 1
620 842 1
620 852 1
620 941 1
620 950 1
620 984 1
621 737 1
621 791 1
622 720 1
622 751 1
622 818 1
622 982 1
623 816 1
624 655 1
624 807 1
624 831 1
625 657 1
625 663 1
625 687 1
625 755 1
625 756 1
625 811 1
625 972 1
626 684 1
626 841 1
626 856 1
627 651 1
627 677 1
627 853 1
628 745 1
628 804 1
628 895 1
629 837 1
629 884 1
629 928 1
629 987 1
630 696 1
630 736 1
630 758 1
630 881 1
630 898 1
631 666 1
631 732 1
631 762 1
632 641 1
632 732 1
633 813 1
633 876 1
633 878 1
633 986 1
634 655 1
634 712 1
634 763 1
634 766 1
634 787 1
634 828 1
634 856 1
635 677 1
635 735 1
635 757 1
635 790 1
636 740 1
636 776 1
636 803 1
636 827 1
636 989 1
636 998 1
637 648 1
637 722 1
637 780 1
637 898 1
637 968 1
638 816 1
638 842 1
638 931 1
639 978 1
640 686 1
640 844 1
641 984 1
642 862 1
642 923 1
642 949 1
643 807 1
643 824 1
643 834 1
643 922 1
643 990 1
644 833 1
644 924 1
644 976 1
645 893 1
646 682 1
646 814 1
646 865 1
646 918 1
646 924 1
647 860 1
648 806 1
648 984 1
648 994 1
649 756 1
649 772 1
650 809 1
650 928 1
650 979 1
651 709 1
651 975 1
652 655 1
652 663 1
652 691 1
652 824 1
652 977 1
653 717 1
653 806 1
653 840 1
653 854 1
653 933 1
653 955 1
654 756 1
654 793 1
654 820 1
654 845 1
655 833 1
655 952 1
656 685 1
656 904 1
657 878 1
657 919 1
658 682 1
658 693 1
658 720 1
658 809 1
659 927 1
659 967 1
660 772 1
660 794 1
660 800 1
660 975 1
661 666 1
661 709 1
661 742 1
661 851 1
662 678 1
662 782 1
662 801 1
662 953 1
663 687 1
663 890 1
664 717 1
664 719 1
664 720 1
664 860 1
664 918 1
664 967 1
665 812 1
665 900 1
667 671 1
667 723 1
667 773 1
667 892 1
668 971 1
668 978 1
669 673 1
669 842 1
669 854 1
669 945 1
670 744 1
670 964 1
670 966 1
670 985 1
671 778 1
671 857 1
672 831 1
672 942 1
673 694 1
673 722 1
673 738 1
673 764 1
673 893 1
674 738 1
674 768 1
674 852 1
675 751 1
676 736 1
676 777 1
676 956 1
677 711 1
677 741 1
678 723 1
678 798 1
678 901 1
679 689 1
679 807 1
679 885 1
679 963 1
679 974 1
680 694 1
680 764 1
680 804 1
680 858 1
680 866 1
681 733 1
681 775 1
681 777 1
681 849 1
681 931 1
681 960 1
681 968 1
682 699 1
682 739 1
682 890 1
682 935 1
683 725 1
683 910 1
685 744 1
685 770 1
685 812 1
686 745 1
686 750 1
686 855 1
686 952 1
687 716 1
687 737 1
687 869 1
688 748 1
688 903 1
688 910 1
688 921 1
688 959 1
689 705 1
689 777 1
689 803 1
689 857 1
689 927 1
689 962 1
691 738 1
691 793 1
691 839 1
692 697 1
692 698 1
692 848 1
692 945 1
692 957 1
693 697 1
693 725 1
693 935 1
693 949 1
694 699 1
694 764 1
694 806 1
694 894 1
695 750 1
695 788 1
695 800 1
696 759 1
697 746 1
697 768 1
697 979 1
698 871 1
698 911 1
698 994 1
699 878 1
699 879 1
700 758 1
700 989 1
700 996 1
701 804 1
702 775 1
702 910 1
702 912 1
703 843 1
703 880 1
703 895 1
703 929 1
703 999 1
704 753 1
704 774 1
705 784 1
707 806 1
707 885 1
707 958 1
707 1000 1
708 760 1
708 781 1
708 844 1
708 869 1
708 964 1
709 900 1
709 923 1
710 755 1
710 782 1
710 849 1
710 860 1
710 981 1
711 875 1
711 881 1
711 986 1
711 991 1
712 819 1
712 824 1
712 904 1
713 836 1
713 868 1
713 924 1
714 785 1
714 873 1
714 903 1
715 997 1
716 946 1
717 772 1
717 775 1
717 790 1
718 733 1
718 764 1
718 777 1
718 850 1
719 736 1
719 742 1
719 795 1
719 805 1
720 944 1
720 977 1
721 815 1
721 911 1
721 928 1
722 746 1
722 961 1
722 977 1
723 733 1
724 858 1
724 1000 1
725 788 1
725 895 1
726 753 1
726 791 1
726 876 1
726 892 1
726 901 1
726 933 1
726 971 1
727 749 1
727 966 1
728 745 1
728 876 1
728 962 1
729 872 1
729 885 1
729 894 1
731 739 1
731 774 1
731 994 1
733 804 1
734 878 1
734 879 1
735 841 1
735 944 1
736 839 1
736 900 1
736 902 1
737 859 1
737 971 1
738 863 1
738 886 1
738 894 1
738 933 1
738 992 1
739 823 1
739 938 1
741 780 1
741 820 1
741 836 1
741 888 1
742 830 1
742 876 1
742 891 1
742 937 1
744 864 1
745 827 1
745 843 1
745 943 1
745 953 1
746 834 1
747 760 1
747 773 1
747 863 1
747 974 1
748 783 1
748 799 1
748 820 1
748 878 1
748 913 1
748 931 1
748 961 1
749 978 1
750 807 1
750 964 1
752 824 1
753 768 1
753 856 1
753 887 1
753 893 1
753 978 1
754 780 1
754 822 1
756 830 1
756 905 1
756 938 1
757 801 1
757 918 1
758 765 1
758 846 1
758 895 1
758 909 1
758 954 1
759 780 1
759 801 1
759 828 1
759 912 1
760 813 1
760 820 1
760 988 1
761 965 1
762 853 1
762 933 1
762 955 1
763 782 1
763 797 1
763 959 1
764 826 1
764 960 1
765 795 1
765 823 1
766 794 1
766 800 1
766 850 1
766 871 1
767 792 1
767 895 1
768 779 1
768 810 1
768 837 1
768 847 1
768 853 1
768 893 1
768 945 1
769 894 1
769 978 1
770 795 1
770 818 1
770 842 1
770 882 1
770 921 1
770 936 1
770 947 1
770 978 1
771 780 1
771 875 1
771 878 1
772 860 1
773 872 1
773 891 1
773 973 1
773 997 1
774 805 1
774 807 1
776 930 1
776 946 1
777 922 1
777 928 1
777 954 1
778 813 1
778 833 1
778 970 1
778 977 1
778 989 1
779 885 1
779 907 1
779 958 1
779 995 1
780 853 1
780 877 1
780 893 1
780 903 1
781 802 1
781 809 1
781 897 1
781 952 1
782 784 1
782 788 1
783 865 1
783 981 1
784 844 1
784 846 1
785 858 1
785 901 1
785 993 1
786 833 1
786 870 1
786 873 1
787 817 1
787 945 1
788 808 1
788 809 1
788 824 1
788 995 1
789 865 1
789 956 1
790 884 1
790 901 1
790 938 1
790 954 1
791 857 1
791 904 1
791 958 1
793 899 1
793 933 1
793 943 1
794 900 1
794 918 1
794 980 1
794 986 1
795 834 1
795 856 1
795 878 1
795 981 1
797 801 1
797 952 1
797 999 1
798 801 1
798 894 1
799 837 1
799 902 1
799 996 1
800 867 1
800 965 1
800 968 1
800 989 1
801 990 1
801 995 1
802 983 1
803 815 1
805 819 1
805 927 1
806 887 1
806 927 1
806 976 1
807 913 1
807 942 1
808 976 1
810 820 1
810 885 1
810 958 1
811 864 1
811 885 1
811 996 1
812 851 1
812 879 1
812 885 1
812 893 1
812 946 1
813 929 1
814 956 1
815 847 1
816 876 1
817 886 1
817 977 1
817 989 1
818 839 1
818 846 1
818 985 1
820 879 1
820 958 1
821 844 1
821 910 1
821 938 1
821 997 1
822 969 1
822 975 1
823 880 1
824 856 1
824 947 1
824 956 1
825 994 1
827 832 1
827 879 1
827 937 1
829 839 1
829 900 1
829 975 1
829 985 1
830 918 1
830 922 1
830 936 1
832 938 1
834 845 1
834 913 1
834 956 1
835 988 1
836 884 1
836 890 1
838 882 1
838 908 1
839 934 1
839 1000 1
840 842 1
840 902 1
841 870 1
841 877 1
841 920 1
842 985 1
843 883 1
844 856 1
844 926 1
844 939 1
845 856 1
845 880 1
845 954 1
845 964 1
846 912 1
847 865 1
848 978 1
849 855 1
849 896 1
849 932 1
849 937 1
850 883 1
850 919 1
850 935 1
850 937 1
850 944 1
850 954 1
850 979 1
850 991 1
851 859 1
852 952 1
852 992 1
853 897 1
853 985 1
855 920 1
856 860 1
856 959 1
858 986 1
860 905 1
861 1000 1
862 863 1
862 922 1
862 997 1
863 916 1
864 959 1
864 963 1
865 927 1
865 962 1
866 975 1
867 880 1
867 990 1
868 940 1
869 904 1
871 872 1
871 885 1
871 903 1
872 910 1
873 914 1
875 958 1
875 963 1
876 949 1
877 969 1
878 896 1
878 931 1
878 951 1
879 932 1
879 980 1
879 984 1
880 903 1
880 905 1
881 919 1
882 973 1
884 888 1
884 994 1
887 946 1
888 930 1
889 948 1
890 941 1
891 968 1
892 991 1
893 995 1
894 996 1
897 936 1
897 977 1
898 953 1
899 994 1
900 940 1
905 978 1
906 934 1
906 972 1
907 924 1
908 917 1
909 949 1
911 997 1
913 945 1
913 981 1
915 968 1
915 985 1
916 960 1
916 969 1
919 984 1
921 951 1
921 979 1
922 928 1
922 980 1
925 974 1
927 959 1
931 959 1
932 973 1
934 950 1
934 973 1
935 960 1
938 943 1
939 963 1
939 968 1
940 959 1
944 945 1
946 975 1
947 990 1
949 951 1
949 958 1
951 969 1
952 953 1
952 987 1
960 962 1
960 970 1
960 984 1
960 993 1
961 966 1
962 982 1
962 989 1
964 975 1
966 982 1
970 997 1
971 994 1
978 997 1
981 982 1
982 983 1
