1000 5046
1 124 1
1 276 1
1 277 1
1 296 1
1 374 1
1 408 1
1 504 1
1 610 1
1 642 1
1 793 1
1 831 1
1 848 1
1 849 1
1 861 1
1 998 1
2 383 1
2 387 1
2 407 1
2 510 1
2 520 1
2 577 1
2 592 1
2 627 1
2 687 1
3 403 1
3 505 1
3 624 1
3 736 1
3 788 1
3 915 1
3 947 1
3 971 1
4 44 1
4 63 1
4 92 1
4 94 1
4 189 1
4 382 1
4 415 1
4 427 1
4 515 1
4 544 1
4 951 1
5 82 1
5 108 1
5 179 1
5 356 1
5 408 1
5 484 1
5 539 1
5 562 1
5 643 1
5 646 1
5 653 1
5 669 1
5 713 1
5 801 1
5 830 1
6 40 1
6 86 1
6 197 1
6 241 1
6 281 1
6 291 1
6 578 1
6 583 1
6 716 1
7 99 1
7 437 1
7 443 1
7 561 1
7 846 1
7 860 1
7 895 1
7 934 1
8 21 1
8 51 1
8 145 1
8 149 1
8 265 1
8 444 1
8 505 1
8 670 1
8 854 1
9 180 1
9 182 1
9 475 1
9 575 1
9 586 1
9 737 1
9 825 1
9 940 1
9 942 1
9 964 1
9 994 1
9 998 1
10 42 1
10 165 1
10 174 1
10 201 1
10 371 1
10 391 1
10 433 1
10 632 1
10 675 1
10 718 1
10 994 1
11 55 1
11 87 1
11 162 1
11 408 1
11 454 1
11 525 1
11 602 1
11 611 1
11 648 1
11 755 1
11 920 1
11 993 1
12 152 1
12 187 1
12 428 1
12 448 1
12 968 1
12 977 1
13 96 1
13 102 1
13 243 1
13 333 1
13 439 1
13 461 1
13 527 1
13 533 1
13 610 1
13 613 1
13 700 1
13 861 1
13 869 1
14 348 1
14 361 1
14 374 1
14 396 1
14 728 1
14 810 1
14 817 1
15 41 1
15 64 1
15 107 1
15 228 1
15 319 1
15 481 1
15 722 1
15 944 1
16 31 1
16 99 1
16 124 1
16 152 1
16 468 1
16 519 1
16 608 1
16 661 1
16 693 1
16 711 1
16 813 1
17 50 1
17 58 1
17 411 1
17 676 1
17 827 1
18 27 1
18 74 1
18 129 1
18 175 1
18 200 1
18 269 1
18 546 1
18 665 1
18 707 1
18 754 1
18 783 1
18 884 1
18 905 1
19 162 1
19 192 1
19 208 1
19 261 1
19 466 1
19 547 1
19 741 1
20 61 1
20 72 1
20 98 1
20 122 1
20 190 1
20 226 1
20 357 1
20 466 1
20 495 1
20 537 1
20 740 1
20 971 1
21 78 1
21 95 1
21 183 1
21 199 1
21 457 1
21 542 1
21 590 1
21 819 1
21 872 1
22 59 1
22 196 1
22 223 1
22 283 1
22 394 1
22 416 1
22 470 1
22 622 1
22 677 1
22 694 1
22 703 1
22 744 1
22 877 1
22 997 1
23 139 1
23 234 1
23 316 1
23 529 1
23 668 1
23 714 1
23 794 1
23 845 1
23 854 1
23 955 1
23 971 1
24 99 1
24 299 1
24 543 1
24 675 1
24 812 1
24 870 1
24 984 1
25 67 1
25 106 1
25 238 1
25 242 1
25 300 1
25 523 1
25 548 1
25 759 1
25 931 1
25 981 1
26 35 1
26 282 1
26 303 1
26 426 1
26 658 1
26 866 1
26 885 1
26 892 1
26 939 1
26 987 1
26 996 1
27 61 1
27 174 1
27 190 1
27 305 1
27 313 1
27 381 1
27 756 1
27 803 1
27 828 1
27 840 1
27 880 1
28 54 1
28 68 1
28 169 1
28 195 1
28 253 1
28 383 1
28 607 1
28 681 1
28 747 1
28 780 1
29 64 1
29 148 1
29 395 1
29 551 1
29 653 1
29 666 1
29 701 1
29 753 1
29 765 1
29 775 1
29 788 1
29 891 1
29 935 1
29 964 1
30 71 1
30 167 1
30 208 1
30 680 1
30 786 1
30 862 1
30 999 1
31 75 1
31 97 1
31 142 1
31 208 1
31 497 1
31 604 1
31 632 1
31 771 1
31 798 1
31 847 1
31 856 1
31 865 1
31 906 1
31 996 1
32 74 1
32 175 1
32 257 1
32 393 1
32 417 1
32 687 1
32 695 1
32 762 1
32 808 1
32 915 1
33 240 1
33 256 1
33 419 1
33 531 1
33 552 1
34 319 1
34 438 1
34 466 1
34 575 1
34 601 1
34 670 1
34 702 1
34 721 1
34 889 1
35 109 1
35 121 1
35 184 1
35 254 1
35 304 1
35 496 1
35 516 1
35 539 1
35 653 1
35 699 1
35 719 1
35 887 1
35 912 1
35 965 1
35 974 1
36 94 1
36 118 1
36 131 1
36 248 1
36 443 1
36 647 1
36 707 1
36 775 1
36 783 1
36 825 1
36 826 1
36 839 1
36 894 1
37 261 1
37 719 1
37 766 1
37 816 1
37 877 1
38 267 1
38 441 1
38 545 1
38 652 1
38 666 1
38 748 1
38 767 1
38 795 1
38 797 1
38 822 1
38 843 1
39 104 1
39 184 1
39 366 1
39 396 1
39 529 1
39 630 1
39 643 1
39 682 1
39 713 1
39 957 1
40 157 1
40 339 1
40 409 1
40 556 1
40 618 1
40 787 1
40 831 1
40 950 1
40 951 1
40 958 1
41 60 1
41 167 1
41 385 1
41 454 1
41 654 1
41 937 1
42 63 1
42 373 1
42 385 1
42 500 1
42 561 1
42 564 1
42 581 1
42 601 1
42 723 1
42 889 1
42 908 1
42 973 1
43 81 1
43 140 1
43 145 1
43 168 1
43 187 1
43 345 1
43 385 1
43 576 1
43 649 1
43 912 1
44 110 1
44 284 1
44 317 1
44 568 1
44 603 1
44 621 1
44 723 1
44 726 1
44 768 1
44 821 1
44 826 1
44 907 1
45 151 1
45 162 1
45 191 1
45 280 1
45 330 1
45 433 1
45 472 1
45 825 1
45 933 1
46 243 1
46 289 1
46 334 1
46 351 1
46 382 1
46 389 1
46 602 1
46 684 1
46 844 1
46 845 1
47 129 1
47 158 1
47 308 1
47 385 1
47 453 1
47 621 1
47 673 1
47 689 1
47 891 1
48 92 1
48 104 1
48 276 1
48 617 1
48 639 1
48 777 1
49 110 1
49 186 1
49 192 1
49 215 1
49 596 1
49 674 1
49 716 1
49 792 1
49 800 1
49 901 1
49 922 1
50 271 1
50 316 1
50 328 1
50 810 1
50 984 1
51 197 1
51 231 1
51 374 1
51 443 1
51 453 1
51 509 1
51 555 1
51 562 1
51 694 1
51 813 1
51 817 1
51 896 1
51 934 1
51 978 1
51 979 1
52 160 1
52 233 1
52 442 1
52 464 1
52 523 1
52 612 1
52 778 1
52 786 1
52 897 1
52 904 1
53 183 1
53 205 1
53 385 1
53 448 1
53 657 1
53 961 1
53 965 1
54 128 1
54 258 1
54 272 1
54 361 1
54 482 1
54 535 1
54 540 1
54 603 1
54 691 1
54 699 1
54 855 1
54 876 1
54 883 1
54 903 1
54 930 1
54 967 1
55 121 1
55 512 1
55 594 1
55 841 1
55 860 1
55 947 1
56 203 1
56 218 1
56 266 1
56 333 1
56 338 1
56 355 1
56 427 1
56 440 1
56 445 1
56 486 1
56 654 1
56 729 1
56 749 1
56 752 1
56 823 1
56 831 1
56 933 1
56 986 1
57 116 1
57 331 1
57 444 1
57 479 1
57 731 1
57 845 1
57 918 1
57 995 1
58 89 1
58 168 1
58 181 1
58 477 1
58 496 1
58 524 1
58 668 1
58 818 1
58 866 1
58 901 1
58 916 1
58 925 1
59 72 1
59 148 1
59 312 1
59 330 1
59 339 1
59 539 1
59 557 1
59 701 1
59 727 1
59 755 1
59 875 1
59 940 1
60 151 1
60 154 1
60 155 1
60 344 1
60 412 1
60 417 1
60 557 1
60 636 1
60 656 1
61 94 1
61 166 1
61 227 1
61 238 1
61 292 1
61 339 1
61 374 1
61 489 1
61 724 1
61 757 1
61 790 1
62 80 1
62 96 1
62 250 1
62 280 1
62 293 1
62 317 1
62 371 1
62 439 1
62 608 1
62 765 1
62 776 1
62 918 1
62 996 1
63 267 1
63 321 1
63 600 1
63 645 1
63 660 1
63 835 1
63 948 1
63 968 1
64 134 1
64 185 1
64 416 1
64 612 1
64 622 1
64 732 1
64 739 1
64 832 1
64 974 1
65 147 1
65 158 1
65 265 1
65 368 1
65 392 1
65 398 1
65 524 1
65 765 1
66 180 1
66 214 1
66 476 1
66 512 1
66 744 1
66 999 1
67 138 1
67 231 1
67 235 1
67 505 1
67 651 1
67 698 1
67 958 1
68 213 1
68 352 1
68 407 1
68 412 1
68 471 1
68 513 1
68 705 1
68 712 1
68 826 1
68 914 1
68 981 1
69 104 1
69 128 1
69 160 1
69 172 1
69 509 1
69 714 1
69 717 1
69 757 1
69 927 1
69 978 1
70 123 1
70 396 1
70 549 1
70 681 1
70 808 1
70 870 1
70 938 1
70 939 1
71 160 1
71 199 1
71 234 1
71 237 1
71 340 1
71 373 1
71 423 1
71 462 1
71 569 1
71 594 1
71 625 1
71 678 1
71 830 1
72 143 1
72 176 1
72 268 1
72 362 1
72 393 1
72 542 1
72 623 1
72 900 1
73 158 1
73 213 1
73 247 1
73 595 1
73 627 1
73 668 1
73 697 1
73 838 1
73 871 1
73 948 1
73 996 1
74 76 1
74 185 1
74 209 1
74 260 1
74 267 1
74 320 1
74 371 1
74 516 1
74 537 1
74 545 1
74 653 1
74 792 1
74 847 1
74 866 1
74 904 1
75 195 1
75 602 1
75 660 1
75 751 1
75 787 1
75 967 1
75 978 1
76 132 1
76 141 1
76 396 1
76 543 1
76 655 1
76 813 1
76 824 1
76 838 1
76 886 1
76 953 1
77 116 1
77 134 1
77 260 1
77 434 1
77 826 1
77 832 1
78 216 1
78 231 1
78 274 1
78 420 1
78 435 1
78 565 1
78 573 1
78 587 1
78 643 1
78 828 1
78 882 1
78 887 1
78 918 1
78 991 1
79 102 1
79 350 1
79 415 1
79 449 1
79 673 1
80 116 1
80 142 1
80 194 1
80 302 1
80 320 1
80 323 1
80 382 1
80 400 1
80 403 1
80 460 1
80 479 1
80 531 1
80 591 1
80 636 1
80 817 1
80 914 1
80 922 1
81 83 1
81 214 1
81 386 1
81 675 1
81 775 1
81 901 1
81 926 1
81 999 1
82 438 1
83 318 1
83 332 1
83 462 1
83 670 1
83 748 1
83 898 1
83 948 1
83 962 1
83 968 1
84 118 1
84 364 1
84 367 1
84 447 1
84 475 1
84 583 1
85 275 1
85 285 1
85 348 1
85 387 1
85 471 1
85 527 1
85 555 1
85 583 1
85 605 1
85 691 1
86 87 1
86 193 1
86 196 1
86 267 1
86 384 1
86 498 1
86 631 1
86 637 1
86 732 1
86 925 1
86 933 1
86 973 1
87 246 1
87 270 1
87 316 1
87 321 1
87 335 1
87 391 1
87 470 1
87 597 1
87 643 1
87 708 1
87 845 1
87 934 1
87 960 1
88 101 1
88 219 1
88 629 1
88 778 1
88 814 1
88 839 1
89 92 1
89 183 1
89 206 1
89 254 1
89 282 1
89 376 1
89 393 1
89 406 1
89 450 1
89 482 1
89 581 1
89 592 1
89 610 1
89 691 1
89 762 1
89 782 1
89 863 1
89 907 1
89 986 1
90 253 1
90 367 1
90 371 1
90 390 1
90 677 1
90 906 1
91 105 1
91 139 1
91 374 1
91 440 1
91 770 1
91 956 1
91 986 1
92 213 1
92 431 1
92 432 1
92 566 1
92 734 1
92 761 1
92 821 1
92 822 1
92 870 1
92 883 1
93 142 1
93 154 1
93 175 1
93 248 1
93 264 1
93 337 1
93 477 1
93 538 1
93 574 1
93 648 1
93 770 1
93 786 1
93 817 1
93 821 1
94 135 1
94 138 1
94 198 1
94 267 1
94 516 1
94 638 1
94 662 1
94 726 1
94 760 1
94 781 1
94 853 1
94 959 1
94 964 1
95 153 1
95 169 1
95 191 1
95 256 1
95 366 1
95 381 1
95 635 1
95 647 1
95 654 1
95 701 1
95 847 1
95 930 1
95 988 1
96 171 1
96 246 1
96 423 1
96 567 1
96 903 1
96 907 1
96 949 1
96 983 1
97 109 1
97 125 1
97 297 1
97 432 1
97 474 1
97 501 1
97 519 1
98 183 1
98 269 1
98 626 1
98 661 1
98 666 1
98 833 1
98 966 1
99 104 1
99 221 1
99 360 1
99 514 1
99 517 1
99 555 1
99 981 1
99 1000 1
100 151 1
100 217 1
100 404 1
100 507 1
100 569 1
100 700 1
100 844 1
100 863 1
100 919 1
100 934 1
100 938 1
101 123 1
101 188 1
101 345 1
101 555 1
101 617 1
101 655 1
101 693 1
101 697 1
101 795 1
101 975 1
102 299 1
102 489 1
102 492 1
102 670 1
102 700 1
102 767 1
102 848 1
102 909 1
102 983 1
103 132 1
103 308 1
103 340 1
103 355 1
103 427 1
103 650 1
103 911 1
104 140 1
104 213 1
104 406 1
104 433 1
104 440 1
104 534 1
104 739 1
104 868 1
104 904 1
105 140 1
105 170 1
105 187 1
105 219 1
105 276 1
105 634 1
105 876 1
105 904 1
106 475 1
106 632 1
106 644 1
106 682 1
106 954 1
107 114 1
107 246 1
107 270 1
107 345 1
107 346 1
107 492 1
107 507 1
107 508 1
107 590 1
107 613 1
107 644 1
107 722 1
107 764 1
107 838 1
107 890 1
107 907 1
107 915 1
108 130 1
108 235 1
108 239 1
108 410 1
108 463 1
108 465 1
108 470 1
108 484 1
108 532 1
108 549 1
108 564 1
108 686 1
108 766 1
108 776 1
108 857 1
108 907 1
108 954 1
109 158 1
109 269 1
109 391 1
109 529 1
109 531 1
109 593 1
109 607 1
109 683 1
109 838 1
109 866 1
109 896 1
110 257 1
110 444 1
110 808 1
110 812 1
110 881 1
110 966 1
111 402 1
111 447 1
111 466 1
111 504 1
111 534 1
111 535 1
111 580 1
111 695 1
111 805 1
111 855 1
111 870 1
111 933 1
112 135 1
112 156 1
112 198 1
112 213 1
112 229 1
112 496 1
112 518 1
112 782 1
112 931 1
112 977 1
113 163 1
113 273 1
113 278 1
113 361 1
113 383 1
113 514 1
113 516 1
113 537 1
113 616 1
113 727 1
113 921 1
114 182 1
114 205 1
114 303 1
114 320 1
114 499 1
114 942 1
114 977 1
115 162 1
115 189 1
115 255 1
115 345 1
115 356 1
115 357 1
115 414 1
115 439 1
115 485 1
115 520 1
115 555 1
115 625 1
115 683 1
115 901 1
115 947 1
116 161 1
116 244 1
116 323 1
116 466 1
116 501 1
116 535 1
116 625 1
116 863 1
116 876 1
116 971 1
117 138 1
117 347 1
117 374 1
117 460 1
117 521 1
117 867 1
117 937 1
117 944 1
118 184 1
118 196 1
118 246 1
118 275 1
118 336 1
118 488 1
118 502 1
118 607 1
118 626 1
118 758 1
118 927 1
118 973 1
119 410 1
119 481 1
119 482 1
119 819 1
119 820 1
119 949 1
120 222 1
120 314 1
120 394 1
120 513 1
120 563 1
120 666 1
120 754 1
120 779 1
120 927 1
121 630 1
121 797 1
121 823 1
121 879 1
121 916 1
122 193 1
122 578 1
122 673 1
122 747 1
122 773 1
123 177 1
123 241 1
123 348 1
123 446 1
123 558 1
123 590 1
123 663 1
123 826 1
124 313 1
124 357 1
124 390 1
124 408 1
124 436 1
124 496 1
124 507 1
124 512 1
124 723 1
124 729 1
124 914 1
125 138 1
125 159 1
125 189 1
125 197 1
125 306 1
125 307 1
125 308 1
125 554 1
125 686 1
125 855 1
125 890 1
125 975 1
126 472 1
126 504 1
126 662 1
126 925 1
127 237 1
127 439 1
127 566 1
127 762 1
127 887 1
127 946 1
128 167 1
128 175 1
128 304 1
128 370 1
128 411 1
128 418 1
128 611 1
128 794 1
129 130 1
129 407 1
129 550 1
129 678 1
129 893 1
129 921 1
129 961 1
130 181 1
130 215 1
130 372 1
130 394 1
130 506 1
130 518 1
130 710 1
130 797 1
130 842 1
130 844 1
131 384 1
131 415 1
131 673 1
131 679 1
131 723 1
131 846 1
131 903 1
131 921 1
132 223 1
132 224 1
132 300 1
132 332 1
132 544 1
132 580 1
132 684 1
132 833 1
132 840 1
133 203 1
133 229 1
133 284 1
133 506 1
133 609 1
133 613 1
133 687 1
133 909 1
134 224 1
134 293 1
134 368 1
134 424 1
134 474 1
134 631 1
134 703 1
134 766 1
134 880 1
134 947 1
135 198 1
135 288 1
135 293 1
135 354 1
135 474 1
135 649 1
135 846 1
135 873 1
135 916 1
136 265 1
136 311 1
136 392 1
136 650 1
136 698 1
136 709 1
136 970 1
137 146 1
137 330 1
137 333 1
137 452 1
137 467 1
137 629 1
137 818 1
137 933 1
138 180 1
138 256 1
138 460 1
138 767 1
138 889 1
139 192 1
139 482 1
139 725 1
139 772 1
140 173 1
140 321 1
140 390 1
140 401 1
140 412 1
140 437 1
140 464 1
140 467 1
140 596 1
140 677 1
140 693 1
140 757 1
140 785 1
140 852 1
140 907 1
140 931 1
141 257 1
141 278 1
141 319 1
141 382 1
141 471 1
141 497 1
141 638 1
141 739 1
141 851 1
141 863 1
141 927 1
141 954 1
141 981 1
142 181 1
142 216 1
142 307 1
142 427 1
142 529 1
142 533 1
142 543 1
142 560 1
142 718 1
142 844 1
142 921 1
142 925 1
143 234 1
143 259 1
143 262 1
143 663 1
143 794 1
143 797 1
143 895 1
143 924 1
143 964 1
143 982 1
144 207 1
144 213 1
144 226 1
144 254 1
144 377 1
144 427 1
144 516 1
144 536 1
144 629 1
144 813 1
144 927 1
145 226 1
145 254 1
145 277 1
145 290 1
145 315 1
145 376 1
145 382 1
145 494 1
145 496 1
145 610 1
145 824 1
145 924 1
146 156 1
146 207 1
146 244 1
146 259 1
146 314 1
146 350 1
146 500 1
146 540 1
147 162 1
147 281 1
147 425 1
147 632 1
147 637 1
147 718 1
147 770 1
147 927 1
147 963 1
148 174 1
148 559 1
148 656 1
148 928 1
148 968 1
148 998 1
149 247 1
149 348 1
149 558 1
149 652 1
149 826 1
149 955 1
150 279 1
150 470 1
150 527 1
150 534 1
150 540 1
150 542 1
150 572 1
150 646 1
150 931 1
150 981 1
151 422 1
151 458 1
151 484 1
151 560 1
151 634 1
151 671 1
151 755 1
151 967 1
151 975 1
152 154 1
152 492 1
152 552 1
152 808 1
152 949 1
153 234 1
153 303 1
153 322 1
153 412 1
153 456 1
153 589 1
153 705 1
153 755 1
153 866 1
153 975 1
154 264 1
154 369 1
154 582 1
154 696 1
154 847 1
154 969 1
155 174 1
155 521 1
155 595 1
155 651 1
155 955 1
155 971 1
155 991 1
156 238 1
156 315 1
156 439 1
156 511 1
156 546 1
156 606 1
156 676 1
156 706 1
156 857 1
156 909 1
156 950 1
157 194 1
157 262 1
157 299 1
157 392 1
157 410 1
157 509 1
157 827 1
157 861 1
157 933 1
158 165 1
158 170 1
158 172 1
158 255 1
158 316 1
158 432 1
158 486 1
158 600 1
158 824 1
158 915 1
159 285 1
159 553 1
159 806 1
159 843 1
159 952 1
160 253 1
160 256 1
160 332 1
160 391 1
160 452 1
160 495 1
160 551 1
160 683 1
160 685 1
160 716 1
160 798 1
160 827 1
161 180 1
161 224 1
161 350 1
161 518 1
161 552 1
161 557 1
161 626 1
161 654 1
161 803 1
161 881 1
161 909 1
161 956 1
162 174 1
162 193 1
162 275 1
162 321 1
162 389 1
162 427 1
162 788 1
162 800 1
162 856 1
162 858 1
162 904 1
162 924 1
162 945 1
163 353 1
163 366 1
163 574 1
163 599 1
163 605 1
163 729 1
163 769 1
163 803 1
163 847 1
163 912 1
163 965 1
163 974 1
164 252 1
164 257 1
164 480 1
164 501 1
164 692 1
164 767 1
164 775 1
164 801 1
164 819 1
164 939 1
165 250 1
165 335 1
165 379 1
165 763 1
165 776 1
166 218 1
166 297 1
166 364 1
166 690 1
166 906 1
167 202 1
167 300 1
167 384 1
167 395 1
167 748 1
167 792 1
167 837 1
167 901 1
168 196 1
168 245 1
168 461 1
168 571 1
168 681 1
168 731 1
168 845 1
168 920 1
168 954 1
168 976 1
169 262 1
169 404 1
169 411 1
169 461 1
169 570 1
169 642 1
169 760 1
169 872 1
169 936 1
170 198 1
170 239 1
170 250 1
170 254 1
170 474 1
170 880 1
171 226 1
171 252 1
171 256 1
171 331 1
171 335 1
171 342 1
171 461 1
171 491 1
171 540 1
171 636 1
171 767 1
172 319 1
172 438 1
172 472 1
172 732 1
172 899 1
173 230 1
173 245 1
173 681 1
173 708 1
173 778 1
173 825 1
173 860 1
173 961 1
174 181 1
174 214 1
174 592 1
174 664 1
174 740 1
174 743 1
174 828 1
174 902 1
174 986 1
174 996 1
175 230 1
175 283 1
175 333 1
175 372 1
175 412 1
175 807 1
176 397 1
176 516 1
176 567 1
176 780 1
176 809 1
176 879 1
177 244 1
177 312 1
177 336 1
177 491 1
177 515 1
177 525 1
177 535 1
177 625 1
177 825 1
177 999 1
178 192 1
178 330 1
178 340 1
178 606 1
178 765 1
179 364 1
179 431 1
179 457 1
179 493 1
179 532 1
179 908 1
180 228 1
180 414 1
180 536 1
180 596 1
180 669 1
180 769 1
180 877 1
180 971 1
180 974 1
181 539 1
181 586 1
181 622 1
181 860 1
181 980 1
182 342 1
182 491 1
182 516 1
182 914 1
182 920 1
183 196 1
183 338 1
183 342 1
183 350 1
183 535 1
183 569 1
183 649 1
183 734 1
183 925 1
183 993 1
184 737 1
184 766 1
184 881 1
184 921 1
184 926 1
184 945 1
185 193 1
185 264 1
185 369 1
185 482 1
185 535 1
185 560 1
185 571 1
185 723 1
185 816 1
185 977 1
186 208 1
186 235 1
186 404 1
186 504 1
186 585 1
186 784 1
186 903 1
186 970 1
187 269 1
187 455 1
187 521 1
187 560 1
187 685 1
187 820 1
187 870 1
187 902 1
188 324 1
188 385 1
188 601 1
188 737 1
188 822 1
188 873 1
188 920 1
188 986 1
189 208 1
189 343 1
189 481 1
189 650 1
189 816 1
190 361 1
190 554 1
190 679 1
190 684 1
190 784 1
190 797 1
190 864 1
191 208 1
191 279 1
191 365 1
191 417 1
191 488 1
191 630 1
191 734 1
191 785 1
191 807 1
191 940 1
191 992 1
192 683 1
192 797 1
192 818 1
193 345 1
193 376 1
193 404 1
193 457 1
193 602 1
193 807 1
193 890 1
193 954 1
194 305 1
194 410 1
194 703 1
194 840 1
194 844 1
195 229 1
195 359 1
195 522 1
195 683 1
195 793 1
195 826 1
195 886 1
196 208 1
196 273 1
196 299 1
196 337 1
196 370 1
196 684 1
196 700 1
196 722 1
196 740 1
196 838 1
196 873 1
196 889 1
197 361 1
197 409 1
197 440 1
197 609 1
197 684 1
197 723 1
197 737 1
197 882 1
197 937 1
197 988 1
198 526 1
198 542 1
198 929 1
199 307 1
199 480 1
199 560 1
199 585 1
199 830 1
199 859 1
200 248 1
200 307 1
200 329 1
200 362 1
200 907 1
200 957 1
201 287 1
201 301 1
201 376 1
201 402 1
201 460 1
201 615 1
201 664 1
201 827 1
201 859 1
201 866 1
201 918 1
202 216 1
202 447 1
202 538 1
202 581 1
202 682 1
202 931 1
202 966 1
203 334 1
203 484 1
203 771 1
203 779 1
203 783 1
203 935 1
204 416 1
204 514 1
204 713 1
204 720 1
204 755 1
204 921 1
205 321 1
205 491 1
205 531 1
205 532 1
205 614 1
205 662 1
205 822 1
205 890 1
205 953 1
206 210 1
206 318 1
206 350 1
206 852 1
208 312 1
208 462 1
208 596 1
208 913 1
209 397 1
209 510 1
209 577 1
209 602 1
209 640 1
209 658 1
209 672 1
209 707 1
209 816 1
209 884 1
210 274 1
210 330 1
210 345 1
210 366 1
210 599 1
210 682 1
210 807 1
210 845 1
211 235 1
211 255 1
211 306 1
211 322 1
211 378 1
211 407 1
211 701 1
211 794 1
211 976 1
212 426 1
212 545 1
212 676 1
212 858 1
213 283 1
213 449 1
213 546 1
213 724 1
213 774 1
213 908 1
214 296 1
214 325 1
214 326 1
214 529 1
214 831 1
214 836 1
214 839 1
215 498 1
215 677 1
215 692 1
215 853 1
215 899 1
216 236 1
216 294 1
216 321 1
216 414 1
216 425 1
216 458 1
216 528 1
216 766 1
217 401 1
217 568 1
217 613 1
217 628 1
217 783 1
217 975 1
217 990 1
218 309 1
218 331 1
218 345 1
218 365 1
218 459 1
218 495 1
218 564 1
218 636 1
218 679 1
218 777 1
218 808 1
218 814 1
218 908 1
218 989 1
219 343 1
219 418 1
219 616 1
219 700 1
219 893 1
219 952 1
219 963 1
220 435 1
220 566 1
220 583 1
220 690 1
220 701 1
220 876 1
220 892 1
220 898 1
220 947 1
221 301 1
221 380 1
221 400 1
221 428 1
221 439 1
221 463 1
221 589 1
221 761 1
222 495 1
222 574 1
222 643 1
222 887 1
223 270 1
223 281 1
223 296 1
223 337 1
223 575 1
223 787 1
223 801 1
223 877 1
223 916 1
224 227 1
224 253 1
224 284 1
224 342 1
224 352 1
224 395 1
224 586 1
224 627 1
224 662 1
224 680 1
224 754 1
224 900 1
224 955 1
224 975 1
225 254 1
225 283 1
225 462 1
225 491 1
225 504 1
225 549 1
225 796 1
225 978 1
226 235 1
226 275 1
226 365 1
226 483 1
226 708 1
226 939 1
227 274 1
227 304 1
227 456 1
227 467 1
227 633 1
227 654 1
227 701 1
227 830 1
227 910 1
228 437 1
228 452 1
228 572 1
228 609 1
228 644 1
228 846 1
228 898 1
229 323 1
229 562 1
229 578 1
229 581 1
229 721 1
229 771 1
229 792 1
230 276 1
230 490 1
230 557 1
230 564 1
230 567 1
230 576 1
230 596 1
230 674 1
230 742 1
230 883 1
231 432 1
231 506 1
231 729 1
231 768 1
231 934 1
232 346 1
232 409 1
232 433 1
232 452 1
232 496 1
232 591 1
232 725 1
232 843 1
232 888 1
233 375 1
233 386 1
233 411 1
233 471 1
233 484 1
233 490 1
233 519 1
233 700 1
233 776 1
233 867 1
233 881 1
233 894 1
233 988 1
234 274 1
234 296 1
234 351 1
234 402 1
234 498 1
234 576 1
234 735 1
234 837 1
235 380 1
235 487 1
235 517 1
235 586 1
235 747 1
235 777 1
235 803 1
235 882 1
235 965 1
236 241 1
236 290 1
236 319 1
236 419 1
236 489 1
236 583 1
236 933 1
237 376 1
237 471 1
237 525 1
237 654 1
237 670 1
237 708 1
237 710 1
238 420 1
238 422 1
238 516 1
238 648 1
238 682 1
238 778 1
238 821 1
238 870 1
239 266 1
239 354 1
239 425 1
239 482 1
239 592 1
239 615 1
239 620 1
239 624 1
239 984 1
240 306 1
240 410 1
240 493 1
240 808 1
240 830 1
240 926 1
241 369 1
241 395 1
241 404 1
241 610 1
241 644 1
241 670 1
241 716 1
241 955 1
242 407 1
242 410 1
242 670 1
242 700 1
242 743 1
242 758 1
242 827 1
243 280 1
243 424 1
243 604 1
243 815 1
243 922 1
243 955 1
243 957 1
243 971 1
244 300 1
244 341 1
244 347 1
244 654 1
244 677 1
244 686 1
244 750 1
244 964 1
245 336 1
245 658 1
245 730 1
245 786 1
245 818 1
245 944 1
246 262 1
246 393 1
246 745 1
246 763 1
246 779 1
246 793 1
246 864 1
246 884 1
246 908 1
246 942 1
246 953 1
246 991 1
247 268 1
247 337 1
247 341 1
247 634 1
247 914 1
248 440 1
248 482 1
248 718 1
248 741 1
248 758 1
248 985 1
249 347 1
249 698 1
249 893 1
249 896 1
249 979 1
250 619 1
250 754 1
250 757 1
250 775 1
250 816 1
250 840 1
250 847 1
250 980 1
251 297 1
251 369 1
251 485 1
251 555 1
251 642 1
251 943 1
252 296 1
252 455 1
252 489 1
252 645 1
252 688 1
252 955 1
253 387 1
253 396 1
253 441 1
253 732 1
253 798 1
253 826 1
253 830 1
253 923 1
254 259 1
254 271 1
254 321 1
254 585 1
254 698 1
254 734 1
254 735 1
254 769 1
254 866 1
254 877 1
254 941 1
254 948 1
255 336 1
255 343 1
255 460 1
255 497 1
255 564 1
255 625 1
255 688 1
255 877 1
255 892 1
255 893 1
256 273 1
256 291 1
256 321 1
256 345 1
256 363 1
256 408 1
256 522 1
256 724 1
256 792 1
256 960 1
257 280 1
257 321 1
257 405 1
257 461 1
257 492 1
257 537 1
257 666 1
257 721 1
257 735 1
257 849 1
257 874 1
257 907 1
257 936 1
258 627 1
258 699 1
258 781 1
258 891 1
258 897 1
258 899 1
259 336 1
259 615 1
259 647 1
259 670 1
259 809 1
259 857 1
259 963 1
259 975 1
259 982 1
260 348 1
260 373 1
260 461 1
260 544 1
260 572 1
260 744 1
260 756 1
260 829 1
260 915 1
260 974 1
261 290 1
261 354 1
261 402 1
261 568 1
261 621 1
261 787 1
261 929 1
262 355 1
262 356 1
262 528 1
262 696 1
262 703 1
262 985 1
263 362 1
263 438 1
263 544 1
263 830 1
263 880 1
263 929 1
263 970 1
264 336 1
264 410 1
264 430 1
264 471 1
264 517 1
264 558 1
264 582 1
264 624 1
264 703 1
265 294 1
265 447 1
265 818 1
265 864 1
266 469 1
266 470 1
266 549 1
266 682 1
266 804 1
266 846 1
267 412 1
267 487 1
267 492 1
267 538 1
267 644 1
267 700 1
267 752 1
267 814 1
267 839 1
267 933 1
268 318 1
268 401 1
268 492 1
268 818 1
268 825 1
268 841 1
268 844 1
268 898 1
268 960 1
268 993 1
269 651 1
269 661 1
269 678 1
270 337 1
270 342 1
270 373 1
270 383 1
270 400 1
270 517 1
270 717 1
270 731 1
270 872 1
271 660 1
271 809 1
271 869 1
271 910 1
271 989 1
271 996 1
272 663 1
272 868 1
273 388 1
273 553 1
273 682 1
273 745 1
273 754 1
273 773 1
273 900 1
273 961 1
274 288 1
274 471 1
274 485 1
275 653 1
275 912 1
275 919 1
275 953 1
275 988 1
276 293 1
276 407 1
276 565 1
276 849 1
276 926 1
277 531 1
277 594 1
277 607 1
277 732 1
277 932 1
277 939 1
277 980 1
277 996 1
278 294 1
278 486 1
278 565 1
278 629 1
278 709 1
278 791 1
279 548 1
279 559 1
279 690 1
279 710 1
279 732 1
279 835 1
279 913 1
279 965 1
280 384 1
280 386 1
280 434 1
280 484 1
280 585 1
280 674 1
280 760 1
281 539 1
281 576 1
281 600 1
281 638 1
281 730 1
281 784 1
281 813 1
281 828 1
281 903 1
281 985 1
282 377 1
282 388 1
282 537 1
282 622 1
282 628 1
282 654 1
282 738 1
282 787 1
282 919 1
283 333 1
283 477 1
283 589 1
283 703 1
283 836 1
283 924 1
283 959 1
283 976 1
283 980 1
284 315 1
284 330 1
284 366 1
284 491 1
284 630 1
284 664 1
284 760 1
284 863 1
285 403 1
285 438 1
285 528 1
285 557 1
285 596 1
286 313 1
286 380 1
286 573 1
286 719 1
286 951 1
286 954 1
287 393 1
287 443 1
287 474 1
287 529 1
287 610 1
287 697 1
287 944 1
288 319 1
288 333 1
288 362 1
288 400 1
288 583 1
288 597 1
288 649 1
288 701 1
288 715 1
288 728 1
288 731 1
288 817 1
288 893 1
288 940 1
289 328 1
289 361 1
289 389 1
289 504 1
289 675 1
289 798 1
289 870 1
289 883 1
289 973 1
289 990 1
290 328 1
290 345 1
290 380 1
290 394 1
290 452 1
290 892 1
290 957 1
291 457 1
291 563 1
291 709 1
291 807 1
291 932 1
291 988 1
292 379 1
292 482 1
292 494 1
292 574 1
292 601 1
292 662 1
292 688 1
292 692 1
292 721 1
292 837 1
293 519 1
293 604 1
293 918 1
293 973 1
293 999 1
294 318 1
294 364 1
294 459 1
294 551 1
294 552 1
294 593 1
294 759 1
295 397 1
295 454 1
295 476 1
295 477 1
295 872 1
295 883 1
295 909 1
295 938 1
295 939 1
296 347 1
296 598 1
296 734 1
296 741 1
296 872 1
296 953 1
296 987 1
297 303 1
297 457 1
297 473 1
297 690 1
297 899 1
297 984 1
297 987 1
298 559 1
298 746 1
298 772 1
298 825 1
298 904 1
298 971 1
299 466 1
299 553 1
299 674 1
299 687 1
299 799 1
299 889 1
300 467 1
300 493 1
300 532 1
300 548 1
300 649 1
300 703 1
300 768 1
300 773 1
300 926 1
300 929 1
300 942 1
300 955 1
300 977 1
301 582 1
301 648 1
301 711 1
301 786 1
301 853 1
301 939 1
302 308 1
302 583 1
302 699 1
302 744 1
302 775 1
302 863 1
302 886 1
302 907 1
303 450 1
303 459 1
303 470 1
303 544 1
303 721 1
303 759 1
303 770 1
303 1000 1
304 305 1
304 535 1
304 583 1
304 635 1
304 655 1
304 798 1
304 807 1
304 823 1
305 509 1
305 571 1
305 658 1
305 792 1
305 814 1
305 941 1
306 363 1
306 523 1
306 695 1
306 791 1
307 848 1
308 312 1
308 365 1
308 557 1
308 599 1
308 852 1
308 871 1
308 879 1
308 884 1
308 932 1
308 938 1
309 325 1
309 335 1
309 539 1
309 626 1
309 798 1
309 882 1
310 348 1
310 497 1
310 527 1
310 537 1
310 636 1
310 656 1
310 694 1
310 696 1
310 765 1
310 958 1
311 518 1
311 524 1
311 539 1
311 587 1
311 694 1
311 705 1
311 729 1
312 589 1
312 838 1
312 897 1
312 902 1
312 914 1
312 975 1
313 379 1
313 622 1
313 712 1
313 841 1
314 428 1
314 472 1
314 664 1
314 792 1
314 857 1
314 888 1
314 889 1
315 631 1
315 703 1
315 735 1
315 807 1
316 435 1
316 450 1
316 479 1
316 487 1
316 557 1
316 774 1
316 793 1
316 800 1
316 877 1
316 957 1
316 979 1
317 589 1
317 646 1
317 704 1
317 716 1
317 762 1
317 781 1
317 837 1
317 868 1
317 968 1
318 394 1
318 755 1
318 807 1
318 921 1
319 357 1
319 384 1
319 447 1
319 478 1
319 489 1
319 500 1
319 650 1
319 846 1
319 950 1
320 620 1
320 690 1
320 755 1
320 770 1
320 778 1
320 862 1
320 877 1
320 878 1
321 443 1
321 621 1
321 642 1
321 988 1
321 1000 1
322 400 1
322 422 1
322 597 1
322 638 1
322 718 1
322 743 1
322 769 1
322 797 1
323 380 1
323 424 1
323 494 1
323 551 1
323 659 1
323 721 1
323 729 1
323 754 1
323 856 1
323 898 1
324 414 1
324 464 1
324 527 1
324 594 1
324 779 1
324 901 1
324 936 1
325 487 1
325 514 1
325 795 1
326 418 1
326 502 1
326 626 1
326 653 1
326 660 1
326 931 1
326 963 1
326 976 1
327 397 1
327 582 1
327 655 1
327 663 1
327 757 1
327 762 1
327 767 1
327 925 1
327 953 1
327 958 1
328 389 1
328 418 1
328 679 1
328 815 1
328 847 1
328 964 1
328 986 1
329 346 1
329 359 1
329 365 1
329 473 1
329 512 1
329 539 1
329 882 1
329 960 1
330 470 1
330 482 1
330 523 1
330 606 1
330 696 1
330 749 1
331 406 1
331 461 1
331 787 1
331 828 1
331 843 1
331 864 1
332 333 1
332 455 1
332 459 1
332 517 1
332 598 1
332 602 1
332 753 1
332 954 1
332 995 1
332 997 1
333 910 1
333 913 1
333 977 1
334 451 1
334 537 1
334 565 1
334 664 1
334 729 1
335 377 1
335 444 1
335 517 1
335 520 1
335 560 1
335 569 1
335 603 1
335 629 1
336 497 1
336 509 1
336 519 1
336 684 1
336 764 1
337 380 1
337 430 1
337 645 1
337 758 1
337 815 1
337 826 1
338 483 1
338 555 1
338 590 1
338 845 1
338 911 1
338 955 1
339 589 1
339 942 1
339 1000 1
340 348 1
340 388 1
340 766 1
340 768 1
340 823 1
341 427 1
341 467 1
341 723 1
341 997 1
342 415 1
342 483 1
342 491 1
342 612 1
342 616 1
342 620 1
342 745 1
342 903 1
343 354 1
343 437 1
343 438 1
343 628 1
343 794 1
343 860 1
344 370 1
344 541 1
344 623 1
344 635 1
344 767 1
345 367 1
345 470 1
345 518 1
345 582 1
345 615 1
345 639 1
345 752 1
345 835 1
345 837 1
346 358 1
346 382 1
346 431 1
346 508 1
346 527 1
346 844 1
346 893 1
346 901 1
347 485 1
347 601 1
347 620 1
347 713 1
347 776 1
347 806 1
347 853 1
347 892 1
347 918 1
348 446 1
348 761 1
348 792 1
348 815 1
348 865 1
348 995 1
349 544 1
349 814 1
349 843 1
349 944 1
349 947 1
350 616 1
350 627 1
350 751 1
350 914 1
351 484 1
351 554 1
351 632 1
351 636 1
351 669 1
351 804 1
351 832 1
351 955 1
352 382 1
352 419 1
352 438 1
352 503 1
352 977 1
352 986 1
353 511 1
353 580 1
353 734 1
353 822 1
353 940 1
354 448 1
354 654 1
354 671 1
355 399 1
355 720 1
355 763 1
355 794 1
355 803 1
356 493 1
356 590 1
356 689 1
356 729 1
356 737 1
356 744 1
356 874 1
356 875 1
357 393 1
357 447 1
357 465 1
357 509 1
357 517 1
357 613 1
357 818 1
357 900 1
357 948 1
357 958 1
358 472 1
358 514 1
358 523 1
358 561 1
358 736 1
358 821 1
358 854 1
358 903 1
358 934 1
359 367 1
359 405 1
359 517 1
359 719 1
360 464 1
360 636 1
360 741 1
360 864 1
361 465 1
361 606 1
361 629 1
361 675 1
361 713 1
361 818 1
361 823 1
362 380 1
362 412 1
362 538 1
362 796 1
362 901 1
362 985 1
363 587 1
363 656 1
363 907 1
363 967 1
364 409 1
364 472 1
364 511 1
364 593 1
364 621 1
364 673 1
364 985 1
365 396 1
365 404 1
365 420 1
365 423 1
365 633 1
365 685 1
365 797 1
365 854 1
366 424 1
366 432 1
366 475 1
366 526 1
366 681 1
366 696 1
366 742 1
366 816 1
366 834 1
366 852 1
366 871 1
366 886 1
367 426 1
367 619 1
367 680 1
367 724 1
367 790 1
367 939 1
368 394 1
368 402 1
368 580 1
368 820 1
368 826 1
368 839 1
368 843 1
368 952 1
369 372 1
369 440 1
369 698 1
370 516 1
370 586 1
370 802 1
370 846 1
371 578 1
371 812 1
371 870 1
371 887 1
371 888 1
371 902 1
372 380 1
372 497 1
372 536 1
372 666 1
372 775 1
372 850 1
372 883 1
372 995 1
373 533 1
373 672 1
373 707 1
373 767 1
374 525 1
374 545 1
374 768 1
374 932 1
374 954 1
375 689 1
375 826 1
375 922 1
375 972 1
375 989 1
376 418 1
376 443 1
376 608 1
376 690 1
376 934 1
376 944 1
376 947 1
376 984 1
376 985 1
376 987 1
377 535 1
377 550 1
377 651 1
378 552 1
378 592 1
378 594 1
378 865 1
378 883 1
379 529 1
379 530 1
379 569 1
379 611 1
379 757 1
379 813 1
380 410 1
380 506 1
380 717 1
380 882 1
381 496 1
381 608 1
381 633 1
381 881 1
381 937 1
382 467 1
382 502 1
382 633 1
382 654 1
382 656 1
382 941 1
383 682 1
383 723 1
383 760 1
383 815 1
383 838 1
383 981 1
383 995 1
384 684 1
384 691 1
384 738 1
384 764 1
384 777 1
384 807 1
384 860 1
384 975 1
385 392 1
385 524 1
385 785 1
386 759 1
386 863 1
386 955 1
386 985 1
387 503 1
387 513 1
387 840 1
387 916 1
387 976 1
387 984 1
388 564 1
388 936 1
388 966 1
389 453 1
389 567 1
389 608 1
389 673 1
389 786 1
390 440 1
390 472 1
390 559 1
390 663 1
390 789 1
391 437 1
391 442 1
391 579 1
391 615 1
391 618 1
391 702 1
391 720 1
391 941 1
392 534 1
393 434 1
393 476 1
393 500 1
393 626 1
393 797 1
393 956 1
394 476 1
394 582 1
394 597 1
394 738 1
394 910 1
395 499 1
395 512 1
395 628 1
395 790 1
395 893 1
395 907 1
395 938 1
396 847 1
396 888 1
397 845 1
397 853 1
397 893 1
397 953 1
397 986 1
398 470 1
398 715 1
398 742 1
398 746 1
398 833 1
398 863 1
399 403 1
399 419 1
399 429 1
399 480 1
399 503 1
399 565 1
399 659 1
399 699 1
399 718 1
399 809 1
399 919 1
400 611 1
400 642 1
400 829 1
401 488 1
401 597 1
401 642 1
401 743 1
401 850 1
401 888 1
402 563 1
402 567 1
402 630 1
403 404 1
403 405 1
403 438 1
403 983 1
404 514 1
404 538 1
404 607 1
404 648 1
404 679 1
404 686 1
404 707 1
404 778 1
404 835 1
404 856 1
404 887 1
405 425 1
405 474 1
405 524 1
405 565 1
405 581 1
405 655 1
405 668 1
405 754 1
405 912 1
405 985 1
406 503 1
406 543 1
406 547 1
406 564 1
406 662 1
406 706 1
406 904 1
407 535 1
407 553 1
407 662 1
407 667 1
407 687 1
408 538 1
408 540 1
408 552 1
408 694 1
409 416 1
409 434 1
409 617 1
409 667 1
409 679 1
409 722 1
409 738 1
409 861 1
409 958 1
410 506 1
410 589 1
410 692 1
410 757 1
410 850 1
410 992 1
411 499 1
411 528 1
411 658 1
411 709 1
411 839 1
411 861 1
411 906 1
411 922 1
411 979 1
411 984 1
412 540 1
412 891 1
412 924 1
413 558 1
413 595 1
413 606 1
413 703 1
413 729 1
413 898 1
413 922 1
413 994 1
413 997 1
414 461 1
414 468 1
414 542 1
414 654 1
414 693 1
414 764 1
414 930 1
415 689 1
415 732 1
415 975 1
416 485 1
416 495 1
416 514 1
416 524 1
416 550 1
416 588 1
416 625 1
416 682 1
416 709 1
416 763 1
417 459 1
417 517 1
417 637 1
417 740 1
417 833 1
417 876 1
417 900 1
417 937 1
418 428 1
418 478 1
418 486 1
418 498 1
418 839 1
419 600 1
419 757 1
419 876 1
420 663 1
420 702 1
420 824 1
421 493 1
421 693 1
421 788 1
421 789 1
421 894 1
421 905 1
421 909 1
422 457 1
422 829 1
423 484 1
423 565 1
423 609 1
423 716 1
423 725 1
423 787 1
423 791 1
424 749 1
424 829 1
425 680 1
426 500 1
426 545 1
426 669 1
426 689 1
426 734 1
427 517 1
427 581 1
427 644 1
427 874 1
427 992 1
428 451 1
428 468 1
428 491 1
428 577 1
428 675 1
428 812 1
428 889 1
428 899 1
429 463 1
429 473 1
429 480 1
429 504 1
429 777 1
429 876 1
429 888 1
429 999 1
430 441 1
430 443 1
430 504 1
430 727 1
430 752 1
430 779 1
431 488 1
431 593 1
431 721 1
432 507 1
432 658 1
432 683 1
432 692 1
432 892 1
432 985 1
433 451 1
433 456 1
433 539 1
433 586 1
433 644 1
433 756 1
433 879 1
433 893 1
433 954 1
433 977 1
434 468 1
434 470 1
434 639 1
434 649 1
434 729 1
434 746 1
434 812 1
434 882 1
434 910 1
435 737 1
435 816 1
435 872 1
435 977 1
436 490 1
436 535 1
436 616 1
436 620 1
436 670 1
436 732 1
436 846 1
436 935 1
437 564 1
437 646 1
437 667 1
437 703 1
437 708 1
437 851 1
437 901 1
437 983 1
438 451 1
438 573 1
438 581 1
438 646 1
438 647 1
438 658 1
438 781 1
439 452 1
439 588 1
439 596 1
439 644 1
439 749 1
439 827 1
439 856 1
439 910 1
439 990 1
440 535 1
440 652 1
440 707 1
440 799 1
440 837 1
440 874 1
441 530 1
441 814 1
441 825 1
441 949 1
442 459 1
442 675 1
442 776 1
442 805 1
442 808 1
442 945 1
443 703 1
443 764 1
443 781 1
443 853 1
443 901 1
443 999 1
444 698 1
444 722 1
444 853 1
444 859 1
444 870 1
445 464 1
445 566 1
445 623 1
445 825 1
445 850 1
445 907 1
445 960 1
446 543 1
446 619 1
446 658 1
446 730 1
446 820 1
446 835 1
446 848 1
446 973 1
446 979 1
447 480 1
447 801 1
447 805 1
447 820 1
447 861 1
448 594 1
448 620 1
448 717 1
448 736 1
448 743 1
448 819 1
448 821 1
448 837 1
448 942 1
448 998 1
449 551 1
449 564 1
449 575 1
449 672 1
449 879 1
450 468 1
450 580 1
450 589 1
450 646 1
450 689 1
450 909 1
451 638 1
451 978 1
452 570 1
452 704 1
452 723 1
452 725 1
452 924 1
453 635 1
453 639 1
453 667 1
453 763 1
453 814 1
453 912 1
453 949 1
454 458 1
454 487 1
454 795 1
455 514 1
455 624 1
455 710 1
455 812 1
456 478 1
456 787 1
457 506 1
457 654 1
457 689 1
457 755 1
457 866 1
457 911 1
458 532 1
458 535 1
458 576 1
458 872 1
458 891 1
458 968 1
459 502 1
459 563 1
459 710 1
459 714 1
459 720 1
459 776 1
459 888 1
460 620 1
460 624 1
460 698 1
460 720 1
460 894 1
460 922 1
461 472 1
461 482 1
461 513 1
461 748 1
461 835 1
461 901 1
462 478 1
462 600 1
462 653 1
462 698 1
462 788 1
463 575 1
463 579 1
463 601 1
463 716 1
463 879 1
463 892 1
464 485 1
465 770 1
465 929 1
466 510 1
466 513 1
466 611 1
466 643 1
466 761 1
466 791 1
466 821 1
466 855 1
466 909 1
466 946 1
467 478 1
467 658 1
467 677 1
467 742 1
467 748 1
467 792 1
467 878 1
467 944 1
468 487 1
468 632 1
468 745 1
469 552 1
469 654 1
469 680 1
469 718 1
469 729 1
469 870 1
470 606 1
470 633 1
470 786 1
470 975 1
471 498 1
471 587 1
471 605 1
471 740 1
471 844 1
471 878 1
471 885 1
471 982 1
472 524 1
472 653 1
472 677 1
472 741 1
472 752 1
472 795 1
473 489 1
473 540 1
473 557 1
473 576 1
473 923 1
473 928 1
474 534 1
474 670 1
474 681 1
475 684 1
475 872 1
475 896 1
476 521 1
476 529 1
476 532 1
476 617 1
476 742 1
477 514 1
477 535 1
477 590 1
477 621 1
477 644 1
477 650 1
477 659 1
477 689 1
477 718 1
477 797 1
477 819 1
478 484 1
478 522 1
478 592 1
478 721 1
478 821 1
478 897 1
478 909 1
478 988 1
479 709 1
479 766 1
479 976 1
479 998 1
480 571 1
480 595 1
480 852 1
480 896 1
480 972 1
481 555 1
481 944 1
482 523 1
482 575 1
482 630 1
482 969 1
483 652 1
483 847 1
484 560 1
484 699 1
484 989 1
485 551 1
485 561 1
485 662 1
485 678 1
485 788 1
485 800 1
485 861 1
485 970 1
486 581 1
486 640 1
486 704 1
486 719 1
487 744 1
487 755 1
488 631 1
488 659 1
488 799 1
488 806 1
488 807 1
488 948 1
489 509 1
489 511 1
489 574 1
489 628 1
489 701 1
489 800 1
489 811 1
489 837 1
489 969 1
489 988 1
490 521 1
490 817 1
491 529 1
491 558 1
491 632 1
491 811 1
492 525 1
492 676 1
492 686 1
492 740 1
492 852 1
492 998 1
493 721 1
493 739 1
494 545 1
494 573 1
494 643 1
495 750 1
495 789 1
495 861 1
495 900 1
496 554 1
496 571 1
496 644 1
496 695 1
496 811 1
496 840 1
496 906 1
497 805 1
497 815 1
497 890 1
497 935 1
497 940 1
497 949 1
498 768 1
498 896 1
498 903 1
498 925 1
498 957 1
499 910 1
500 654 1
500 739 1
500 908 1
501 547 1
501 553 1
501 575 1
501 695 1
501 745 1
502 504 1
502 762 1
502 772 1
502 812 1
503 544 1
503 698 1
503 746 1
503 807 1
503 812 1
503 904 1
504 525 1
504 633 1
504 662 1
504 723 1
505 528 1
505 623 1
505 725 1
505 766 1
505 798 1
505 803 1
505 825 1
505 826 1
506 676 1
506 837 1
506 848 1
506 959 1
507 612 1
507 690 1
507 766 1
507 936 1
508 715 1
508 823 1
508 897 1
508 969 1
509 642 1
509 651 1
509 920 1
509 966 1
510 617 1
510 804 1
510 874 1
511 597 1
511 718 1
511 750 1
511 879 1
512 682 1
512 868 1
513 723 1
513 757 1
515 546 1
515 803 1
516 615 1
516 719 1
516 773 1
516 971 1
517 581 1
517 589 1
517 633 1
517 670 1
517 804 1
517 855 1
518 530 1
518 743 1
518 790 1
518 908 1
519 849 1
519 884 1
519 953 1
519 981 1
520 556 1
520 716 1
520 755 1
520 759 1
520 874 1
520 974 1
521 654 1
521 891 1
521 946 1
521 969 1
521 975 1
522 556 1
522 611 1
522 614 1
522 652 1
522 924 1
523 561 1
523 667 1
523 755 1
523 765 1
524 562 1
524 610 1
524 759 1
524 813 1
524 859 1
524 902 1
524 994 1
525 546 1
525 695 1
525 705 1
525 708 1
525 733 1
525 740 1
525 806 1
525 818 1
525 980 1
525 983 1
525 994 1
526 631 1
526 671 1
526 684 1
526 693 1
526 767 1
526 789 1
526 902 1
526 931 1
527 552 1
527 713 1
527 840 1
527 911 1
527 953 1
527 957 1
528 572 1
528 885 1
528 939 1
529 808 1
530 616 1
530 685 1
530 870 1
530 917 1
531 534 1
531 595 1
531 700 1
531 738 1
531 806 1
531 864 1
531 892 1
531 897 1
531 906 1
531 955 1
532 550 1
532 595 1
532 639 1
532 714 1
532 930 1
532 992 1
533 687 1
533 973 1
534 587 1
534 736 1
534 757 1
534 840 1
535 729 1
535 804 1
535 831 1
535 990 1
536 610 1
536 714 1
536 737 1
536 763 1
536 872 1
536 954 1
537 610 1
537 611 1
537 664 1
537 693 1
537 694 1
537 872 1
537 966 1
537 982 1
538 707 1
538 728 1
538 807 1
538 824 1
539 638 1
539 790 1
539 847 1
539 855 1
539 883 1
539 976 1
539 983 1
540 614 1
540 714 1
540 725 1
540 734 1
540 828 1
540 829 1
541 775 1
541 828 1
541 936 1
541 941 1
541 982 1
542 822 1
542 874 1
542 891 1
543 579 1
543 713 1
543 775 1
543 832 1
543 851 1
543 933 1
544 578 1
544 612 1
544 666 1
545 626 1
545 730 1
545 779 1
545 869 1
545 937 1
546 645 1
546 855 1
547 649 1
547 715 1
547 779 1
547 806 1
547 856 1
548 703 1
548 940 1
549 553 1
549 624 1
549 663 1
549 984 1
550 576 1
550 582 1
550 730 1
550 825 1
550 835 1
550 874 1
550 964 1
551 703 1
551 719 1
551 967 1
551 972 1
551 974 1
551 992 1
552 564 1
552 582 1
552 715 1
552 733 1
552 747 1
552 758 1
553 579 1
553 875 1
553 954 1
553 983 1
554 576 1
554 603 1
554 700 1
554 829 1
554 958 1
554 1000 1
555 609 1
555 933 1
555 936 1
556 561 1
556 811 1
556 881 1
557 570 1
557 583 1
557 639 1
557 675 1
557 738 1
557 944 1
558 599 1
558 715 1
558 922 1
558 929 1
558 972 1
559 663 1
559 708 1
559 777 1
559 793 1
559 930 1
559 938 1
560 601 1
560 659 1
560 822 1
560 850 1
560 859 1
560 907 1
561 660 1
561 882 1
561 891 1
561 947 1
561 957 1
562 643 1
562 824 1
562 942 1
563 594 1
563 918 1
564 581 1
564 611 1
564 669 1
564 893 1
564 911 1
565 651 1
565 746 1
565 773 1
565 850 1
565 906 1
566 598 1
566 646 1
566 727 1
566 740 1
566 937 1
567 752 1
567 757 1
567 868 1
568 599 1
568 717 1
568 729 1
568 819 1
568 979 1
568 995 1
569 575 1
569 650 1
569 664 1
569 777 1
569 846 1
570 800 1
570 845 1
570 852 1
570 961 1
571 586 1
571 595 1
571 617 1
571 705 1
571 732 1
571 802 1
571 909 1
571 971 1
572 726 1
572 811 1
572 821 1
573 584 1
573 695 1
573 698 1
573 811 1
573 849 1
573 858 1
573 880 1
575 684 1
575 708 1
575 752 1
575 852 1
575 868 1
575 882 1
575 946 1
576 615 1
576 748 1
576 758 1
576 765 1
576 818 1
576 972 1
577 636 1
577 644 1
577 718 1
577 940 1
577 981 1
578 669 1
578 953 1
579 727 1
580 648 1
580 691 1
580 753 1
580 798 1
580 850 1
580 934 1
581 610 1
581 626 1
581 726 1
581 746 1
581 815 1
581 859 1
581 913 1
581 952 1
581 975 1
581 991 1
582 602 1
582 604 1
582 663 1
582 691 1
582 707 1
582 769 1
582 776 1
582 779 1
582 828 1
582 864 1
582 949 1
583 623 1
583 994 1
584 717 1
584 722 1
584 832 1
584 887 1
584 897 1
585 640 1
585 674 1
585 684 1
585 690 1
585 803 1
585 873 1
585 896 1
586 633 1
586 663 1
586 716 1
586 876 1
587 638 1
587 678 1
587 985 1
588 788 1
588 859 1
588 905 1
589 689 1
589 698 1
589 712 1
589 753 1
589 864 1
589 913 1
589 954 1
590 673 1
590 693 1
590 794 1
590 828 1
590 984 1
591 801 1
591 938 1
592 968 1
593 599 1
593 856 1
593 946 1
594 670 1
594 746 1
594 790 1
594 924 1
595 740 1
595 781 1
595 798 1
595 907 1
596 857 1
596 889 1
596 905 1
596 914 1
597 849 1
597 857 1
598 694 1
598 695 1
598 761 1
598 763 1
598 862 1
598 876 1
599 780 1
599 839 1
599 937 1
599 938 1
600 830 1
600 835 1
600 967 1
601 665 1
601 687 1
601 754 1
601 938 1
602 860 1
602 886 1
603 639 1
603 661 1
603 678 1
603 927 1
605 649 1
605 680 1
605 683 1
605 833 1
605 917 1
605 942 1
606 629 1
606 871 1
606 877 1
606 905 1
607 773 1
608 803 1
608 897 1
608 927 1
609 690 1
609 744 1
609 866 1
609 868 1
610 616 1
610 708 1
610 1000 1
611 613 1
611 673 1
611 766 1
611 832 1
611 873 1
612 613 1
612 650 1
612 832 1
612 874 1
613 622 1
613 679 1
613 727 1
613 774 1
613 901 1
614 676 1
614 778 1
615 827 1
615 879 1
615 883 1
615 893 1
616 646 1
616 844 1
616 864 1
616 898 1
616 903 1
617 804 1
617 833 1
617 927 1
617 963 1
618 674 1
618 754 1
618 821 1
618 904 1
618 919 1
618 987 1
619 639 1
619 735 1
619 840 1
619 846 1
620 623 1
620 680 1
620 785 1
620 815 1
620 853 1
620 933 1
621 681 1
621 721 1
621 803 1
621 819 1
621 875 1
622 750 1
622 967 1
623 836 1
623 980 1
624 639 1
624 665 1
624 707 1
624 736 1
624 793 1
624 932 1
624 993 1
625 639 1
625 678 1
625 712 1
625 731 1
625 785 1
625 816 1
625 835 1
625 877 1
626 644 1
626 671 1
626 744 1
626 757 1
626 816 1
626 876 1
626 968 1
626 979 1
627 986 1
628 645 1
628 711 1
628 776 1
628 804 1
628 936 1
628 964 1
629 705 1
629 742 1
629 826 1
630 731 1
630 776 1
630 832 1
631 843 1
632 659 1
632 693 1
632 757 1
632 821 1
632 858 1
632 932 1
632 951 1
632 972 1
633 725 1
633 879 1
633 939 1
635 653 1
635 703 1
635 737 1
635 776 1
635 792 1
635 813 1
635 868 1
635 939 1
636 659 1
636 662 1
636 676 1
636 680 1
636 862 1
636 909 1
636 918 1
636 919 1
636 929 1
636 960 1
637 689 1
637 705 1
637 710 1
637 764 1
637 932 1
637 980 1
638 648 1
638 955 1
639 642 1
639 676 1
639 867 1
639 887 1
640 686 1
640 886 1
640 891 1
640 966 1
640 981 1
641 799 1
642 772 1
642 786 1
642 807 1
642 832 1
642 839 1
642 869 1
642 944 1
644 663 1
644 716 1
644 831 1
644 950 1
644 954 1
645 668 1
645 682 1
645 871 1
645 880 1
646 669 1
646 694 1
646 838 1
646 896 1
646 909 1
647 862 1
647 905 1
648 702 1
648 719 1
648 775 1
649 759 1
649 901 1
649 936 1
650 671 1
650 905 1
650 911 1
650 978 1
650 989 1
650 999 1
651 779 1
651 815 1
651 901 1
652 829 1
652 840 1
652 859 1
652 929 1
652 973 1
653 657 1
653 663 1
653 792 1
653 916 1
653 918 1
654 660 1
655 676 1
655 815 1
656 665 1
656 726 1
656 727 1
656 756 1
656 811 1
656 813 1
656 959 1
657 692 1
657 752 1
657 840 1
657 943 1
658 802 1
658 851 1
658 908 1
658 975 1
659 757 1
659 882 1
659 911 1
660 682 1
660 726 1
660 773 1
661 768 1
661 864 1
661 878 1
661 905 1
662 845 1
662 856 1
662 980 1
663 668 1
663 835 1
663 914 1
663 978 1
664 813 1
664 873 1
664 910 1
665 921 1
666 729 1
667 942 1
668 927 1
668 928 1
668 981 1
669 785 1
669 896 1
670 729 1
670 778 1
670 845 1
670 934 1
670 936 1
671 698 1
671 764 1
671 822 1
671 963 1
672 686 1
672 700 1
672 730 1
672 731 1
672 733 1
672 959 1
672 971 1
672 999 1
673 708 1
673 787 1
673 905 1
674 714 1
674 794 1
674 957 1
676 957 1
677 690 1
677 712 1
677 782 1
677 803 1
677 836 1
678 715 1
678 810 1
678 824 1
678 826 1
678 827 1
678 840 1
678 926 1
679 718 1
679 725 1
679 782 1
679 797 1
680 683 1
680 725 1
680 891 1
680 918 1
680 953 1
680 977 1
680 997 1
681 815 1
681 906 1
681 972 1
682 735 1
682 737 1
682 768 1
682 802 1
682 973 1
682 975 1
683 847 1
683 855 1
683 881 1
683 917 1
684 789 1
684 976 1
684 999 1
685 839 1
685 910 1
686 948 1
687 808 1
687 951 1
687 970 1
688 693 1
688 922 1
688 991 1
689 762 1
689 840 1
689 933 1
690 949 1
690 950 1
691 825 1
691 881 1
691 986 1
692 816 1
692 841 1
693 726 1
693 756 1
693 993 1
694 790 1
694 793 1
694 863 1
694 958 1
696 722 1
696 736 1
696 815 1
696 822 1
696 850 1
696 853 1
696 869 1
696 913 1
696 996 1
697 798 1
697 881 1
697 931 1
697 951 1
698 766 1
698 829 1
698 845 1
698 908 1
699 745 1
699 897 1
700 949 1
700 955 1
701 761 1
701 780 1
701 797 1
701 831 1
702 844 1
702 951 1
703 862 1
703 878 1
703 994 1
704 783 1
704 791 1
705 717 1
705 784 1
705 859 1
705 884 1
705 904 1
705 993 1
706 735 1
706 776 1
706 800 1
707 823 1
707 997 1
708 711 1
708 721 1
708 782 1
708 817 1
708 840 1
708 903 1
708 907 1
708 908 1
709 755 1
709 922 1
710 820 1
710 836 1
710 957 1
711 768 1
711 831 1
711 841 1
711 947 1
712 804 1
712 903 1
712 922 1
712 953 1
713 819 1
713 821 1
713 837 1
713 839 1
713 897 1
714 757 1
714 766 1
714 838 1
714 878 1
714 961 1
715 826 1
716 998 1
717 855 1
717 864 1
717 865 1
718 722 1
718 724 1
718 814 1
718 897 1
718 910 1
718 971 1
719 829 1
719 837 1
719 974 1
720 736 1
721 736 1
721 877 1
721 882 1
722 808 1
722 880 1
722 882 1
722 952 1
723 791 1
723 870 1
724 841 1
724 874 1
724 911 1
724 939 1
725 831 1
726 876 1
726 891 1
727 899 1
727 913 1
727 973 1
728 896 1
729 770 1
729 971 1
730 758 1
730 991 1
731 760 1
731 779 1
731 922 1
731 933 1
732 845 1
732 903 1
732 949 1
733 822 1
733 912 1
734 873 1
734 903 1
735 779 1
735 914 1
736 864 1
737 759 1
737 839 1
738 784 1
739 857 1
739 875 1
739 962 1
740 800 1
740 813 1
740 826 1
740 962 1
740 963 1
741 888 1
741 899 1
742 838 1
742 893 1
743 782 1
743 784 1
743 867 1
744 775 1
744 789 1
744 889 1
744 997 1
745 825 1
745 876 1
745 909 1
747 792 1
747 951 1
748 909 1
748 932 1
748 950 1
749 822 1
749 845 1
749 871 1
749 927 1
749 951 1
749 964 1
750 868 1
750 876 1
750 981 1
751 762 1
751 812 1
751 934 1
752 830 1
752 909 1
752 945 1
753 779 1
753 865 1
754 760 1
754 831 1
754 932 1
755 787 1
755 840 1
755 889 1
755 977 1
756 823 1
757 877 1
758 782 1
758 786 1
758 823 1
758 853 1
759 837 1
760 832 1
760 922 1
760 975 1
760 997 1
761 978 1
761 997 1
762 890 1
763 873 1
763 996 1
765 786 1
765 800 1
765 904 1
765 913 1
767 792 1
767 935 1
768 887 1
769 828 1
770 875 1
770 905 1
771 963 1
773 913 1
773 917 1
775 822 1
775 933 1
776 869 1
777 788 1
777 820 1
778 792 1
778 967 1
779 913 1
780 817 1
780 920 1
780 939 1
780 954 1
781 852 1
781 912 1
781 944 1
782 898 1
783 831 1
783 926 1
783 940 1
783 971 1
784 826 1
784 948 1
785 824 1
785 871 1
785 874 1
785 875 1
785 994 1
786 817 1
786 851 1
787 892 1
787 893 1
787 951 1
788 908 1
789 949 1
791 825 1
791 902 1
792 802 1
792 824 1
792 839 1
793 857 1
794 947 1
795 827 1
795 905 1
795 921 1
795 945 1
796 819 1
798 813 1
798 879 1
798 970 1
799 917 1
800 848 1
800 868 1
800 877 1
801 866 1
801 898 1
801 918 1
804 807 1
804 983 1
805 863 1
805 959 1
806 956 1
806 960 1
807 901 1
807 922 1
808 820 1
808 843 1
808 963 1
808 964 1
811 828 1
811 848 1
811 899 1
811 906 1
812 837 1
813 825 1
813 851 1
813 953 1
814 833 1
814 983 1
815 826 1
815 975 1
816 833 1
816 877 1
816 884 1
816 885 1
816 908 1
816 963 1
817 922 1
818 915 1
819 848 1
819 856 1
819 865 1
819 893 1
819 915 1
819 919 1
819 951 1
821 991 1
822 992 1
823 954 1
824 927 1
824 966 1
824 981 1
824 985 1
825 896 1
825 957 1
825 969 1
826 939 1
826 964 1
827 837 1
827 978 1
828 861 1
828 986 1
830 870 1
830 902 1
831 889 1
831 901 1
832 971 1
833 994 1
833 998 1
834 917 1
834 973 1
835 921 1
835 946 1
835 959 1
836 840 1
837 896 1
837 988 1
838 959 1
839 955 1
839 966 1
840 872 1
841 937 1
841 994 1
842 883 1
842 947 1
843 889 1
843 897 1
845 899 1
845 965 1
846 880 1
847 951 1
848 891 1
848 903 1
848 940 1
849 856 1
849 941 1
850 914 1
851 931 1
852 871 1
852 881 1
852 918 1
852 951 1
853 943 1
853 958 1
854 941 1
855 866 1
856 924 1
857 937 1
857 989 1
859 929 1
862 944 1
863 919 1
864 931 1
865 872 1
865 949 1
867 937 1
868 927 1
870 871 1
870 896 1
870 955 1
870 989 1
871 895 1
872 926 1
872 972 1
873 917 1
874 911 1
874 928 1
874 959 1
875 948 1
876 969 1
880 883 1
882 904 1
883 915 1
887 902 1
887 946 1
888 971 1
890 942 1
891 913 1
891 915 1
891 930 1
891 969 1
893 937 1
893 993 1
894 988 1
895 918 1
895 949 1
895 973 1
896 948 1
897 948 1
899 912 1
899 974 1
899 992 1
900 922 1
900 988 1
900 997 1
901 965 1
903 957 1
903 968 1
903 990 1
905 910 1
906 926 1
907 928 1
907 947 1
907 968 1
908 999 1
909 942 1
911 964 1
911 978 1
912 955 1
915 931 1
915 969 1
917 933 1
918 931 1
921 982 1
922 999 1
924 985 1
925 941 1
930 933 1
930 959 1
931 979 1
933 934 1
934 966 1
935 966 1
935 985 1
939 961 1
939 976 1
943 971 1
946 957 1
946 977 1
947 966 1
948 951 1
949 967 1
951 965 1
954 962 1
955 965 1
959 977 1
965 980 1
967 980 1
967 982 1
967 983 1
989 991 1
990 996 1
