1000 5051
1 5 1
1 68 1
1 109 1
1 258 1
1 455 1
1 667 1
1 988 1
2 32 1
2 128 1
2 205 1
2 337 1
2 431 1
2 671 1
2 740 1
2 862 1
2 910 1
3 11 1
3 36 1
3 138 1
3 162 1
3 343 1
3 353 1
3 411 1
3 915 1
3 922 1
3 923 1
4 17 1
4 94 1
4 111 1
4 204 1
4 230 1
4 367 1
4 422 1
4 462 1
4 643 1
4 808 1
5 16 1
5 167 1
5 169 1
5 218 1
5 295 1
5 487 1
5 542 1
5 601 1
5 625 1
5 692 1
5 999 1
6 80 1
6 145 1
6 187 1
6 323 1
6 452 1
6 458 1
6 700 1
7 16 1
7 56 1
7 283 1
7 345 1
7 399 1
7 502 1
7 517 1
8 11 1
8 129 1
8 218 1
8 292 1
8 314 1
8 511 1
8 523 1
8 756 1
8 769 1
8 884 1
9 25 1
9 100 1
9 162 1
9 233 1
9 737 1
9 739 1
9 777 1
9 804 1
9 912 1
9 961 1
10 220 1
10 260 1
10 324 1
10 346 1
10 651 1
10 748 1
10 765 1
10 996 1
11 76 1
11 374 1
11 423 1
11 634 1
11 646 1
11 737 1
11 866 1
11 984 1
12 123 1
12 125 1
12 139 1
12 343 1
12 347 1
12 500 1
12 587 1
12 917 1
12 921 1
13 263 1
13 302 1
13 375 1
13 382 1
13 435 1
13 461 1
13 466 1
13 522 1
13 523 1
13 702 1
13 803 1
13 810 1
13 842 1
13 962 1
14 24 1
14 50 1
14 83 1
14 94 1
14 169 1
14 412 1
14 431 1
14 707 1
14 840 1
14 844 1
14 893 1
14 919 1
14 962 1
15 168 1
15 394 1
15 608 1
15 663 1
15 690 1
15 735 1
15 746 1
16 81 1
16 127 1
16 162 1
16 203 1
16 259 1
16 276 1
16 310 1
16 342 1
16 347 1
16 469 1
16 503 1
16 546 1
16 569 1
16 702 1
16 854 1
16 964 1
17 54 1
17 241 1
17 424 1
17 447 1
17 590 1
17 633 1
17 674 1
17 700 1
17 730 1
17 776 1
17 864 1
17 972 1
18 197 1
18 425 1
18 475 1
18 607 1
18 680 1
18 739 1
18 851 1
19 214 1
19 438 1
19 493 1
19 538 1
19 577 1
19 720 1
19 744 1
20 32 1
20 37 1
20 75 1
20 97 1
20 175 1
20 255 1
20 265 1
20 334 1
20 583 1
20 726 1
20 850 1
20 991 1
21 95 1
21 313 1
21 410 1
21 538 1
21 644 1
21 647 1
21 685 1
21 827 1
21 849 1
21 854 1
21 863 1
21 898 1
21 903 1
21 970 1
22 202 1
22 251 1
22 395 1
22 427 1
22 762 1
22 767 1
22 970 1
22 992 1
23 88 1
23 191 1
23 260 1
23 323 1
23 418 1
23 426 1
23 518 1
23 532 1
23 715 1
23 974 1
23 985 1
24 165 1
24 170 1
24 245 1
24 250 1
24 580 1
24 620 1
24 637 1
24 875 1
25 32 1
25 162 1
25 190 1
25 193 1
25 220 1
25 272 1
25 282 1
25 407 1
25 528 1
25 724 1
25 747 1
25 873 1
25 881 1
25 938 1
25 966 1
26 131 1
26 133 1
26 142 1
26 231 1
26 245 1
26 289 1
26 353 1
26 514 1
26 542 1
26 683 1
26 715 1
26 789 1
26 805 1
26 998 1
27 204 1
27 504 1
27 794 1
27 806 1
27 840 1
27 891 1
27 905 1
28 64 1
28 81 1
28 131 1
28 150 1
28 425 1
28 558 1
28 563 1
28 795 1
28 910 1
29 121 1
29 167 1
29 255 1
29 606 1
29 676 1
29 722 1
29 727 1
29 742 1
29 849 1
29 856 1
29 900 1
29 920 1
29 926 1
29 965 1
30 202 1
30 253 1
30 417 1
30 479 1
30 565 1
30 600 1
30 608 1
30 680 1
30 717 1
30 975 1
31 139 1
31 290 1
31 475 1
31 722 1
31 913 1
31 932 1
32 166 1
32 329 1
32 391 1
32 445 1
32 453 1
32 507 1
32 591 1
32 678 1
32 714 1
32 787 1
32 809 1
32 870 1
32 926 1
32 961 1
33 99 1
33 128 1
33 178 1
33 194 1
33 275 1
33 293 1
33 298 1
33 345 1
33 429 1
33 435 1
33 689 1
33 738 1
33 827 1
33 838 1
33 846 1
33 880 1
33 893 1
34 95 1
34 181 1
34 380 1
34 427 1
34 565 1
34 570 1
34 690 1
34 859 1
35 294 1
35 363 1
35 462 1
35 474 1
35 933 1
35 962 1
35 992 1
36 64 1
36 101 1
36 249 1
36 289 1
36 447 1
36 485 1
36 572 1
37 81 1
37 98 1
37 311 1
37 369 1
37 423 1
37 488 1
37 723 1
37 726 1
37 730 1
37 785 1
37 888 1
37 985 1
37 992 1
38 79 1
38 115 1
38 173 1
38 189 1
38 229 1
38 473 1
38 501 1
38 567 1
38 608 1
38 781 1
38 860 1
38 894 1
38 905 1
38 944 1
39 117 1
39 397 1
39 695 1
39 735 1
39 908 1
40 260 1
40 545 1
40 679 1
40 739 1
40 872 1
40 920 1
40 924 1
41 128 1
41 278 1
41 294 1
41 334 1
41 341 1
41 343 1
41 445 1
41 524 1
41 620 1
41 718 1
41 805 1
41 962 1
42 46 1
42 141 1
42 502 1
42 515 1
42 570 1
42 720 1
42 795 1
42 819 1
42 979 1
42 980 1
43 211 1
43 373 1
43 478 1
43 831 1
43 947 1
43 968 1
43 977 1
44 247 1
44 304 1
44 310 1
44 329 1
44 443 1
44 540 1
44 587 1
44 662 1
44 748 1
44 881 1
44 947 1
45 63 1
45 275 1
45 358 1
45 625 1
45 678 1
45 768 1
45 959 1
46 71 1
46 94 1
46 99 1
46 169 1
46 202 1
46 268 1
46 697 1
46 806 1
46 880 1
46 938 1
46 991 1
47 142 1
47 247 1
47 332 1
47 398 1
47 451 1
47 515 1
47 637 1
47 664 1
47 917 1
48 75 1
48 229 1
48 261 1
48 265 1
48 277 1
48 306 1
48 387 1
48 433 1
48 644 1
48 656 1
48 706 1
48 735 1
48 757 1
48 805 1
48 847 1
48 911 1
48 974 1
49 167 1
49 695 1
49 777 1
49 869 1
50 98 1
50 210 1
50 285 1
50 376 1
50 390 1
50 593 1
50 602 1
50 902 1
50 927 1
51 124 1
51 149 1
51 295 1
51 318 1
51 604 1
51 659 1
51 737 1
51 860 1
51 943 1
52 64 1
52 111 1
52 112 1
52 116 1
52 133 1
52 238 1
52 394 1
52 471 1
52 544 1
52 587 1
52 609 1
52 621 1
52 649 1
52 683 1
52 775 1
52 781 1
53 70 1
53 74 1
53 229 1
53 242 1
53 295 1
53 353 1
53 472 1
53 584 1
53 666 1
53 810 1
53 855 1
53 922 1
54 73 1
54 225 1
54 354 1
54 417 1
54 604 1
54 618 1
54 634 1
54 790 1
54 923 1
55 58 1
55 76 1
55 82 1
55 135 1
55 141 1
55 350 1
55 561 1
55 580 1
55 787 1
55 800 1
55 909 1
55 979 1
56 230 1
56 379 1
56 392 1
56 394 1
56 432 1
56 550 1
56 711 1
57 59 1
57 86 1
57 190 1
57 219 1
57 337 1
57 364 1
57 391 1
57 514 1
57 545 1
57 637 1
57 647 1
57 820 1
57 827 1
57 881 1
57 928 1
57 974 1
57 986 1
58 129 1
58 274 1
58 371 1
58 443 1
58 645 1
58 949 1
59 951 1
60 102 1
60 300 1
60 327 1
60 338 1
60 423 1
60 533 1
60 580 1
60 667 1
60 709 1
60 799 1
60 800 1
60 931 1
61 128 1
61 178 1
61 236 1
61 291 1
61 374 1
61 801 1
61 933 1
61 997 1
62 101 1
62 145 1
62 180 1
62 287 1
62 417 1
62 544 1
62 605 1
62 656 1
62 686 1
62 715 1
62 764 1
62 778 1
62 786 1
62 828 1
62 846 1
62 885 1
62 892 1
63 110 1
63 111 1
63 174 1
63 181 1
63 202 1
63 561 1
63 672 1
63 765 1
64 78 1
64 252 1
64 446 1
64 458 1
64 481 1
64 482 1
64 551 1
64 650 1
64 707 1
64 771 1
64 796 1
64 873 1
64 949 1
65 198 1
65 246 1
65 364 1
65 456 1
65 557 1
65 584 1
66 78 1
66 98 1
66 278 1
66 336 1
66 381 1
66 502 1
66 700 1
66 785 1
67 81 1
67 276 1
67 392 1
67 479 1
67 520 1
67 610 1
67 614 1
67 681 1
67 767 1
67 770 1
67 856 1
67 887 1
67 912 1
67 917 1
68 298 1
68 362 1
68 535 1
68 554 1
68 562 1
68 574 1
68 676 1
68 712 1
68 803 1
68 852 1
68 857 1
68 890 1
68 891 1
68 896 1
68 954 1
69 425 1
69 445 1
69 566 1
69 582 1
69 745 1
69 873 1
70 236 1
70 303 1
70 573 1
70 649 1
70 657 1
70 685 1
70 743 1
70 756 1
70 759 1
70 842 1
70 894 1
70 966 1
71 364 1
71 538 1
71 716 1
71 737 1
71 794 1
71 894 1
72 90 1
72 428 1
73 261 1
73 513 1
73 573 1
73 749 1
73 822 1
74 205 1
74 208 1
74 368 1
74 519 1
74 533 1
74 667 1
74 995 1
75 266 1
75 424 1
75 441 1
75 661 1
75 840 1
76 80 1
76 289 1
76 297 1
76 492 1
76 605 1
76 672 1
77 160 1
77 190 1
77 267 1
77 425 1
77 523 1
77 528 1
77 594 1
77 763 1
77 951 1
77 964 1
77 982 1
77 999 1
78 334 1
78 655 1
78 717 1
78 768 1
78 808 1
79 95 1
79 216 1
79 258 1
79 265 1
79 360 1
79 480 1
79 482 1
79 540 1
79 724 1
79 725 1
79 746 1
79 749 1
79 792 1
79 798 1
79 828 1
79 986 1
80 114 1
80 181 1
80 206 1
80 214 1
80 300 1
80 331 1
80 358 1
80 532 1
80 546 1
80 618 1
80 890 1
80 955 1
80 978 1
81 267 1
81 278 1
81 325 1
81 383 1
81 454 1
81 605 1
81 811 1
81 930 1
82 192 1
82 271 1
82 459 1
82 488 1
82 542 1
82 572 1
82 714 1
82 741 1
82 795 1
82 800 1
82 846 1
83 130 1
83 178 1
83 252 1
83 289 1
83 449 1
83 638 1
83 644 1
83 942 1
84 112 1
84 170 1
84 432 1
84 742 1
84 924 1
85 168 1
85 292 1
85 360 1
85 441 1
85 502 1
85 509 1
85 567 1
85 777 1
85 802 1
86 155 1
86 193 1
86 383 1
86 419 1
86 656 1
86 670 1
86 846 1
87 137 1
87 143 1
87 144 1
87 245 1
87 306 1
87 310 1
87 337 1
87 394 1
87 396 1
87 467 1
87 595 1
87 679 1
87 692 1
87 700 1
87 731 1
87 785 1
87 914 1
87 976 1
88 381 1
88 462 1
88 522 1
88 639 1
88 911 1
89 285 1
89 351 1
89 353 1
89 383 1
89 514 1
89 534 1
89 572 1
89 643 1
89 806 1
89 915 1
89 998 1
90 99 1
90 110 1
90 261 1
90 619 1
90 748 1
90 839 1
90 971 1
91 128 1
91 406 1
91 471 1
91 637 1
91 747 1
91 844 1
92 148 1
92 152 1
92 296 1
92 348 1
92 568 1
92 665 1
92 872 1
92 942 1
93 443 1
93 476 1
93 550 1
93 709 1
93 713 1
93 837 1
93 859 1
93 901 1
93 927 1
94 182 1
94 233 1
94 334 1
94 454 1
94 706 1
94 857 1
94 938 1
95 444 1
95 562 1
95 588 1
95 640 1
95 705 1
95 712 1
95 762 1
95 945 1
96 107 1
96 123 1
96 171 1
96 230 1
96 519 1
96 541 1
96 559 1
96 577 1
96 583 1
96 715 1
96 766 1
96 804 1
96 858 1
96 930 1
96 977 1
97 122 1
97 256 1
97 317 1
97 375 1
97 425 1
97 478 1
97 500 1
97 681 1
97 695 1
97 744 1
97 784 1
98 232 1
98 243 1
98 252 1
98 467 1
98 520 1
98 604 1
98 810 1
98 896 1
98 969 1
99 156 1
99 296 1
99 384 1
99 416 1
99 437 1
99 452 1
99 570 1
99 588 1
99 798 1
99 979 1
100 101 1
100 162 1
100 416 1
100 548 1
100 628 1
100 661 1
100 699 1
100 719 1
100 830 1
100 921 1
101 203 1
101 215 1
101 238 1
101 310 1
101 495 1
101 768 1
101 897 1
101 978 1
102 260 1
102 477 1
102 768 1
102 868 1
102 887 1
103 185 1
103 235 1
103 413 1
103 421 1
103 526 1
103 643 1
103 657 1
103 668 1
103 784 1
103 803 1
103 817 1
103 931 1
103 976 1
104 170 1
104 179 1
104 193 1
104 348 1
104 681 1
104 741 1
104 895 1
104 998 1
104 999 1
105 109 1
105 185 1
105 202 1
105 307 1
105 339 1
105 411 1
105 745 1
105 784 1
105 868 1
106 132 1
106 416 1
106 577 1
106 692 1
106 766 1
106 841 1
106 937 1
107 229 1
107 326 1
107 441 1
107 494 1
107 651 1
107 659 1
107 715 1
107 908 1
107 987 1
108 213 1
108 295 1
108 384 1
108 410 1
108 451 1
108 506 1
108 670 1
108 723 1
108 859 1
108 944 1
108 983 1
109 138 1
109 196 1
109 218 1
109 243 1
109 260 1
109 345 1
109 500 1
109 627 1
109 685 1
109 691 1
109 854 1
109 957 1
110 128 1
110 147 1
110 188 1
110 225 1
110 382 1
110 472 1
110 527 1
110 572 1
110 823 1
111 165 1
111 225 1
111 331 1
111 346 1
111 451 1
111 460 1
111 648 1
111 858 1
111 953 1
111 974 1
112 592 1
112 731 1
112 893 1
113 287 1
113 303 1
113 368 1
113 544 1
113 659 1
113 792 1
113 818 1
113 833 1
113 983 1
114 235 1
114 239 1
114 692 1
114 857 1
114 913 1
115 138 1
115 143 1
115 338 1
115 431 1
115 557 1
115 623 1
115 662 1
115 803 1
115 853 1
115 967 1
116 156 1
116 362 1
116 456 1
116 587 1
116 658 1
116 706 1
116 770 1
116 932 1
117 202 1
117 247 1
117 325 1
117 466 1
117 570 1
117 599 1
117 606 1
117 683 1
117 703 1
117 816 1
117 842 1
117 879 1
118 188 1
118 213 1
118 418 1
118 578 1
118 766 1
118 794 1
118 829 1
118 883 1
118 985 1
119 266 1
119 490 1
119 711 1
119 735 1
119 830 1
119 941 1
119 944 1
120 339 1
120 353 1
120 465 1
120 623 1
120 660 1
120 692 1
120 862 1
120 913 1
121 186 1
121 192 1
121 197 1
121 214 1
121 474 1
121 549 1
121 574 1
121 693 1
121 760 1
121 926 1
121 989 1
122 132 1
122 208 1
122 287 1
122 342 1
122 428 1
122 440 1
122 621 1
122 897 1
123 194 1
123 286 1
123 289 1
123 311 1
123 319 1
123 452 1
123 552 1
123 580 1
123 983 1
124 209 1
124 341 1
124 512 1
124 648 1
124 687 1
124 707 1
124 738 1
124 775 1
124 776 1
124 963 1
124 966 1
124 983 1
125 190 1
125 277 1
125 376 1
125 443 1
126 207 1
126 339 1
126 359 1
126 440 1
126 723 1
126 737 1
126 739 1
126 771 1
126 779 1
126 850 1
127 152 1
127 360 1
127 517 1
127 581 1
127 583 1
127 668 1
127 691 1
127 785 1
127 863 1
127 932 1
128 223 1
128 353 1
128 381 1
128 600 1
128 654 1
128 696 1
128 853 1
128 936 1
129 308 1
129 340 1
129 428 1
129 603 1
129 625 1
129 860 1
129 980 1
130 261 1
130 504 1
130 662 1
130 880 1
130 901 1
130 973 1
130 998 1
131 190 1
131 390 1
131 402 1
131 486 1
131 575 1
131 904 1
132 165 1
132 202 1
132 351 1
132 402 1
132 822 1
132 824 1
132 846 1
132 986 1
133 164 1
133 254 1
133 420 1
133 462 1
133 496 1
133 722 1
133 747 1
133 769 1
133 897 1
133 922 1
134 775 1
134 832 1
134 901 1
134 904 1
134 938 1
134 940 1
134 967 1
135 143 1
135 157 1
135 354 1
135 431 1
135 560 1
135 660 1
135 679 1
136 199 1
136 206 1
136 302 1
136 329 1
136 415 1
136 516 1
136 586 1
136 636 1
136 666 1
136 900 1
137 262 1
137 277 1
137 320 1
137 336 1
137 380 1
137 435 1
137 969 1
138 227 1
138 373 1
138 449 1
138 489 1
138 519 1
138 569 1
138 603 1
138 611 1
138 864 1
138 999 1
139 301 1
139 320 1
139 381 1
139 389 1
139 479 1
139 638 1
139 655 1
139 694 1
139 756 1
140 345 1
140 367 1
140 377 1
140 522 1
140 606 1
141 173 1
141 272 1
141 552 1
141 671 1
141 679 1
141 857 1
141 935 1
142 182 1
142 305 1
142 352 1
142 376 1
142 472 1
142 716 1
142 760 1
142 807 1
142 825 1
142 869 1
143 229 1
143 328 1
143 461 1
143 546 1
143 802 1
143 858 1
143 897 1
143 898 1
143 910 1
143 955 1
144 376 1
144 458 1
144 511 1
144 645 1
144 724 1
144 750 1
144 801 1
144 851 1
144 867 1
145 311 1
145 540 1
145 544 1
145 551 1
145 563 1
145 571 1
145 650 1
145 813 1
145 845 1
145 848 1
145 999 1
146 191 1
146 279 1
146 422 1
146 536 1
146 638 1
146 654 1
146 705 1
146 721 1
146 754 1
147 880 1
147 891 1
148 334 1
148 431 1
148 531 1
148 713 1
148 983 1
149 335 1
149 415 1
149 419 1
149 508 1
149 561 1
149 632 1
149 804 1
149 887 1
149 892 1
149 938 1
149 955 1
149 988 1
150 167 1
150 353 1
150 567 1
150 785 1
150 892 1
151 385 1
151 631 1
151 669 1
151 784 1
151 796 1
151 920 1
152 278 1
152 343 1
152 474 1
152 508 1
152 789 1
152 948 1
153 201 1
153 578 1
153 623 1
153 658 1
153 892 1
154 227 1
154 231 1
154 276 1
154 293 1
154 358 1
154 438 1
154 459 1
154 465 1
154 598 1
154 736 1
155 296 1
155 333 1
155 393 1
155 558 1
155 797 1
155 965 1
156 366 1
156 520 1
156 662 1
156 789 1
156 976 1
156 998 1
157 229 1
157 294 1
157 316 1
157 358 1
157 577 1
157 581 1
157 615 1
157 894 1
158 332 1
158 337 1
158 495 1
158 745 1
158 767 1
158 948 1
158 982 1
159 174 1
159 201 1
159 285 1
159 328 1
159 397 1
159 431 1
159 457 1
159 523 1
159 588 1
159 608 1
159 839 1
159 933 1
159 938 1
159 968 1
160 171 1
160 271 1
160 294 1
160 385 1
160 876 1
161 251 1
161 529 1
161 723 1
162 172 1
162 248 1
162 268 1
162 278 1
162 335 1
162 377 1
162 472 1
162 533 1
162 631 1
162 714 1
162 834 1
162 953 1
162 954 1
162 985 1
163 196 1
163 299 1
163 346 1
163 370 1
163 564 1
163 863 1
164 280 1
164 417 1
164 461 1
164 507 1
164 528 1
164 703 1
164 845 1
164 911 1
165 396 1
165 403 1
165 404 1
165 537 1
165 690 1
166 169 1
166 171 1
166 257 1
166 415 1
166 419 1
166 449 1
166 752 1
166 767 1
166 828 1
167 360 1
167 873 1
167 992 1
168 343 1
168 368 1
168 880 1
169 231 1
169 250 1
169 271 1
169 484 1
169 487 1
169 522 1
169 688 1
169 892 1
169 916 1
169 927 1
169 990 1
170 278 1
170 309 1
170 349 1
170 424 1
170 427 1
170 712 1
170 930 1
171 302 1
171 428 1
171 565 1
171 683 1
171 872 1
171 897 1
171 898 1
172 200 1
172 344 1
172 491 1
172 600 1
172 641 1
172 751 1
172 809 1
172 838 1
172 857 1
172 861 1
172 870 1
173 187 1
173 289 1
173 621 1
173 707 1
173 944 1
173 947 1
173 964 1
174 223 1
174 244 1
174 280 1
174 468 1
174 487 1
174 650 1
174 728 1
174 834 1
174 883 1
174 899 1
175 220 1
175 331 1
175 366 1
175 377 1
175 551 1
175 673 1
175 680 1
175 773 1
175 977 1
175 989 1
176 242 1
176 272 1
176 330 1
176 341 1
176 424 1
176 442 1
176 727 1
176 913 1
176 916 1
176 935 1
177 239 1
177 489 1
177 508 1
177 523 1
177 686 1
177 849 1
177 940 1
178 201 1
178 284 1
178 311 1
178 405 1
178 547 1
178 671 1
178 678 1
178 712 1
178 718 1
178 751 1
178 768 1
178 795 1
178 869 1
179 189 1
179 488 1
179 499 1
179 514 1
179 573 1
179 661 1
179 786 1
179 839 1
180 273 1
180 355 1
180 498 1
180 499 1
180 565 1
180 600 1
180 651 1
180 693 1
180 745 1
180 752 1
180 767 1
180 840 1
180 998 1
181 219 1
181 233 1
181 251 1
181 268 1
181 327 1
181 464 1
181 725 1
181 888 1
181 942 1
182 304 1
182 352 1
182 360 1
182 382 1
182 512 1
182 514 1
182 534 1
182 875 1
182 896 1
182 933 1
182 950 1
182 972 1
183 379 1
183 409 1
183 735 1
183 738 1
183 836 1
184 198 1
184 235 1
184 405 1
184 505 1
184 718 1
185 211 1
185 240 1
185 333 1
185 338 1
185 419 1
185 431 1
185 455 1
185 552 1
185 728 1
185 785 1
185 807 1
185 853 1
185 855 1
185 968 1
185 972 1
186 271 1
186 285 1
186 491 1
186 519 1
186 650 1
186 688 1
186 706 1
186 725 1
186 733 1
186 849 1
187 217 1
187 274 1
187 329 1
187 391 1
187 426 1
187 581 1
187 638 1
187 708 1
187 754 1
187 879 1
187 919 1
187 934 1
187 964 1
188 264 1
188 350 1
188 537 1
188 551 1
188 688 1
188 708 1
188 811 1
188 864 1
189 395 1
189 536 1
189 544 1
189 810 1
189 860 1
189 861 1
189 891 1
190 207 1
190 220 1
190 323 1
190 405 1
190 441 1
190 507 1
190 645 1
190 840 1
190 921 1
191 213 1
191 355 1
191 368 1
191 488 1
191 646 1
191 798 1
191 875 1
192 285 1
192 288 1
192 365 1
192 487 1
192 611 1
192 675 1
192 855 1
192 959 1
193 307 1
193 315 1
193 758 1
193 791 1
194 698 1
194 852 1
194 925 1
194 970 1
195 252 1
195 420 1
195 441 1
195 454 1
195 532 1
195 571 1
195 871 1
196 286 1
196 423 1
196 524 1
196 590 1
196 600 1
196 634 1
196 664 1
196 697 1
196 805 1
196 921 1
197 295 1
197 525 1
197 720 1
197 779 1
197 794 1
197 837 1
197 965 1
198 212 1
198 352 1
198 368 1
198 555 1
198 633 1
198 713 1
198 748 1
198 920 1
199 316 1
199 422 1
199 540 1
199 542 1
199 684 1
199 740 1
199 777 1
199 896 1
200 247 1
200 403 1
200 479 1
200 499 1
200 510 1
200 546 1
200 665 1
200 746 1
200 775 1
200 858 1
200 864 1
201 220 1
201 284 1
201 321 1
201 461 1
201 511 1
201 555 1
201 607 1
201 629 1
201 652 1
201 689 1
201 693 1
201 833 1
202 256 1
202 320 1
202 372 1
202 437 1
202 498 1
202 662 1
202 721 1
202 773 1
202 812 1
202 899 1
203 300 1
203 453 1
203 527 1
203 531 1
203 755 1
203 933 1
204 250 1
204 507 1
204 585 1
204 632 1
204 674 1
204 793 1
204 848 1
204 944 1
204 961 1
205 208 1
205 455 1
205 529 1
205 551 1
205 756 1
205 841 1
205 846 1
206 252 1
206 382 1
206 455 1
206 709 1
206 998 1
207 406 1
207 417 1
207 443 1
207 479 1
207 518 1
207 545 1
207 597 1
207 629 1
207 701 1
207 820 1
207 836 1
208 411 1
208 583 1
208 677 1
208 697 1
208 715 1
208 809 1
208 885 1
208 973 1
209 259 1
209 262 1
209 397 1
209 439 1
209 598 1
209 692 1
209 764 1
209 804 1
209 883 1
209 978 1
210 280 1
210 315 1
210 395 1
210 644 1
210 647 1
210 826 1
210 961 1
211 246 1
211 360 1
211 741 1
211 864 1
211 902 1
211 946 1
211 957 1
212 247 1
212 267 1
212 324 1
212 425 1
212 574 1
212 664 1
212 803 1
212 831 1
212 992 1
213 252 1
213 388 1
213 406 1
213 437 1
213 522 1
213 625 1
213 733 1
213 827 1
213 930 1
214 247 1
214 366 1
214 445 1
214 575 1
214 663 1
214 745 1
214 791 1
214 865 1
214 919 1
215 304 1
215 313 1
215 339 1
215 535 1
215 703 1
215 896 1
215 921 1
215 1000 1
216 454 1
216 583 1
216 637 1
216 649 1
216 717 1
216 818 1
216 952 1
217 301 1
217 309 1
217 338 1
217 404 1
217 447 1
217 494 1
217 630 1
217 647 1
217 653 1
217 772 1
217 832 1
218 302 1
218 442 1
218 514 1
218 581 1
218 816 1
218 866 1
218 955 1
218 988 1
219 238 1
219 261 1
219 414 1
219 470 1
219 574 1
219 706 1
219 812 1
219 921 1
220 265 1
220 311 1
220 341 1
220 350 1
220 486 1
220 580 1
220 772 1
220 981 1
221 231 1
221 451 1
221 465 1
221 604 1
221 753 1
222 258 1
222 472 1
222 499 1
222 608 1
222 622 1
222 701 1
222 843 1
222 939 1
223 281 1
223 356 1
223 357 1
223 439 1
223 509 1
223 663 1
223 745 1
223 749 1
223 869 1
223 940 1
223 986 1
224 226 1
224 252 1
224 275 1
224 334 1
224 362 1
224 437 1
224 453 1
224 699 1
224 728 1
224 833 1
224 973 1
225 410 1
225 525 1
225 795 1
226 397 1
226 508 1
227 252 1
227 450 1
227 873 1
227 931 1
227 996 1
228 317 1
228 342 1
228 410 1
228 567 1
228 785 1
228 788 1
228 799 1
228 901 1
228 913 1
229 398 1
229 421 1
229 447 1
229 518 1
229 645 1
229 957 1
229 969 1
229 982 1
229 996 1
230 274 1
230 618 1
230 713 1
230 728 1
230 774 1
231 316 1
231 443 1
231 539 1
231 596 1
231 599 1
231 878 1
232 242 1
232 274 1
232 309 1
232 371 1
232 415 1
232 445 1
232 448 1
232 963 1
232 979 1
233 345 1
233 428 1
233 431 1
233 440 1
233 445 1
233 465 1
233 501 1
233 551 1
233 800 1
233 963 1
234 246 1
234 374 1
234 397 1
234 446 1
234 576 1
234 644 1
234 682 1
235 271 1
235 334 1
235 437 1
235 738 1
235 906 1
235 999 1
236 292 1
236 310 1
236 446 1
236 514 1
236 612 1
236 620 1
236 691 1
236 931 1
237 316 1
237 637 1
237 657 1
237 754 1
237 759 1
237 773 1
237 795 1
237 847 1
237 858 1
238 444 1
238 574 1
238 585 1
238 602 1
238 914 1
238 943 1
239 382 1
239 447 1
239 458 1
239 732 1
239 788 1
239 797 1
239 803 1
239 832 1
239 959 1
240 439 1
240 444 1
240 709 1
240 812 1
240 831 1
240 847 1
240 864 1
240 925 1
241 256 1
241 571 1
241 614 1
241 678 1
241 753 1
241 842 1
241 968 1
242 329 1
242 375 1
242 384 1
242 487 1
242 502 1
242 763 1
242 932 1
243 364 1
243 458 1
243 719 1
244 266 1
244 441 1
244 832 1
244 949 1
245 305 1
245 337 1
245 572 1
245 593 1
245 618 1
245 657 1
245 797 1
245 938 1
245 939 1
246 257 1
246 471 1
246 473 1
246 585 1
246 628 1
246 991 1
247 301 1
247 367 1
247 510 1
247 518 1
247 527 1
247 556 1
247 593 1
247 647 1
247 722 1
247 740 1
247 832 1
247 840 1
247 844 1
248 278 1
248 292 1
248 346 1
248 514 1
248 849 1
248 946 1
249 439 1
249 832 1
249 892 1
249 963 1
249 966 1
250 322 1
250 339 1
250 403 1
250 515 1
250 538 1
250 574 1
250 661 1
250 702 1
250 715 1
250 857 1
250 913 1
250 971 1
251 298 1
251 305 1
251 439 1
251 543 1
251 561 1
251 731 1
251 869 1
252 262 1
252 315 1
252 345 1
252 425 1
252 500 1
252 513 1
252 714 1
252 824 1
252 860 1
252 918 1
252 931 1
253 332 1
253 351 1
253 488 1
253 863 1
253 887 1
253 890 1
253 978 1
254 325 1
254 538 1
254 623 1
254 780 1
254 827 1
255 303 1
255 362 1
255 562 1
255 662 1
256 383 1
256 509 1
256 680 1
256 684 1
256 843 1
257 342 1
257 363 1
257 545 1
257 550 1
257 767 1
257 955 1
258 270 1
258 358 1
258 466 1
258 655 1
258 666 1
258 689 1
258 804 1
258 907 1
259 373 1
259 507 1
259 510 1
259 603 1
259 818 1
259 941 1
260 270 1
260 346 1
260 363 1
260 605 1
260 645 1
260 710 1
260 895 1
261 449 1
261 594 1
261 831 1
261 837 1
261 972 1
262 263 1
262 296 1
262 334 1
262 354 1
262 388 1
262 474 1
262 613 1
262 732 1
262 733 1
262 761 1
262 765 1
262 801 1
262 987 1
263 405 1
263 514 1
263 571 1
263 595 1
263 701 1
263 717 1
263 774 1
263 794 1
263 927 1
264 332 1
264 414 1
264 479 1
264 739 1
264 776 1
264 784 1
264 802 1
264 818 1
265 291 1
265 573 1
265 669 1
265 734 1
265 795 1
265 800 1
265 821 1
265 829 1
265 873 1
265 898 1
266 331 1
266 351 1
266 464 1
266 483 1
266 534 1
266 560 1
266 708 1
266 786 1
266 817 1
266 916 1
267 524 1
267 580 1
267 597 1
267 741 1
268 279 1
268 359 1
268 489 1
268 520 1
268 589 1
268 635 1
268 791 1
268 823 1
268 848 1
269 292 1
269 322 1
269 338 1
269 520 1
269 607 1
269 685 1
269 694 1
269 707 1
269 923 1
269 944 1
270 318 1
270 373 1
270 634 1
270 877 1
271 345 1
271 393 1
271 434 1
271 500 1
271 674 1
271 714 1
271 730 1
271 878 1
272 286 1
272 335 1
272 459 1
272 523 1
272 637 1
272 715 1
272 784 1
273 361 1
273 442 1
273 578 1
273 601 1
273 792 1
273 795 1
273 883 1
274 381 1
274 403 1
274 522 1
274 736 1
274 860 1
275 588 1
275 648 1
275 653 1
275 876 1
275 885 1
276 389 1
276 514 1
276 521 1
276 522 1
276 540 1
276 605 1
276 876 1
277 330 1
277 568 1
277 585 1
277 721 1
277 727 1
277 846 1
277 924 1
278 449 1
278 604 1
278 718 1
278 760 1
278 811 1
278 853 1
278 978 1
278 989 1
279 366 1
279 401 1
279 413 1
279 943 1
279 972 1
280 391 1
280 431 1
280 459 1
280 535 1
280 571 1
280 589 1
280 661 1
280 790 1
280 974 1
281 361 1
281 744 1
281 867 1
281 883 1
282 306 1
282 346 1
282 358 1
282 401 1
282 574 1
282 644 1
282 663 1
282 741 1
283 291 1
283 428 1
283 442 1
283 709 1
283 710 1
283 792 1
283 794 1
283 802 1
283 866 1
284 333 1
284 478 1
284 557 1
284 838 1
285 316 1
285 372 1
285 399 1
285 498 1
285 804 1
286 319 1
286 455 1
286 819 1
286 852 1
286 977 1
287 343 1
287 486 1
287 517 1
287 796 1
287 945 1
288 353 1
288 993 1
288 1000 1
289 344 1
289 480 1
289 523 1
289 602 1
289 661 1
289 679 1
289 686 1
289 700 1
289 822 1
289 857 1
290 329 1
290 343 1
290 501 1
290 511 1
290 594 1
290 603 1
290 636 1
290 659 1
290 759 1
290 789 1
290 954 1
291 368 1
291 371 1
291 374 1
291 410 1
291 492 1
291 576 1
291 587 1
291 723 1
292 527 1
292 674 1
292 756 1
292 848 1
293 450 1
293 495 1
293 570 1
293 590 1
293 680 1
293 740 1
293 847 1
293 964 1
294 317 1
294 383 1
294 475 1
294 488 1
294 532 1
294 539 1
294 776 1
294 798 1
294 864 1
295 350 1
295 371 1
295 388 1
295 417 1
295 477 1
295 753 1
295 859 1
295 977 1
296 471 1
296 488 1
296 495 1
296 606 1
296 608 1
296 849 1
296 977 1
297 524 1
297 556 1
297 824 1
297 873 1
297 909 1
298 496 1
298 594 1
298 989 1
299 392 1
299 423 1
299 641 1
299 724 1
299 797 1
299 814 1
299 890 1
300 337 1
300 540 1
300 569 1
300 607 1
300 766 1
301 367 1
301 425 1
301 478 1
301 542 1
301 594 1
301 617 1
301 790 1
301 795 1
301 806 1
301 950 1
302 761 1
302 796 1
303 304 1
303 324 1
303 498 1
303 503 1
303 547 1
303 630 1
303 662 1
303 691 1
303 770 1
303 850 1
303 921 1
303 972 1
304 311 1
304 427 1
304 548 1
304 699 1
304 815 1
304 826 1
305 306 1
305 395 1
305 570 1
305 695 1
305 970 1
306 454 1
306 598 1
306 769 1
306 842 1
307 981 1
308 476 1
308 485 1
308 521 1
308 743 1
308 984 1
309 353 1
309 478 1
309 480 1
309 609 1
309 675 1
309 805 1
309 946 1
309 977 1
309 993 1
310 325 1
310 356 1
310 445 1
310 530 1
310 568 1
310 823 1
310 866 1
311 569 1
311 588 1
311 593 1
311 597 1
311 623 1
311 635 1
311 818 1
311 896 1
311 967 1
312 363 1
312 364 1
312 485 1
312 555 1
312 570 1
312 583 1
312 675 1
312 700 1
312 808 1
312 943 1
312 958 1
312 971 1
313 358 1
313 618 1
313 673 1
313 708 1
313 712 1
313 806 1
313 819 1
314 403 1
314 709 1
314 772 1
314 854 1
314 927 1
314 970 1
314 987 1
314 990 1
315 333 1
315 446 1
315 462 1
315 479 1
315 484 1
315 521 1
315 525 1
315 616 1
315 820 1
315 892 1
316 416 1
316 735 1
317 586 1
317 672 1
317 690 1
317 804 1
317 884 1
317 927 1
317 975 1
318 344 1
318 659 1
318 729 1
318 969 1
318 971 1
318 979 1
318 999 1
319 324 1
319 385 1
319 398 1
319 600 1
319 650 1
319 757 1
319 839 1
319 923 1
319 971 1
319 997 1
320 515 1
320 572 1
320 886 1
320 898 1
320 931 1
321 714 1
321 759 1
321 766 1
321 957 1
322 407 1
322 514 1
322 515 1
322 569 1
322 582 1
322 590 1
322 631 1
322 643 1
322 655 1
322 709 1
322 918 1
322 935 1
322 994 1
323 393 1
323 420 1
323 499 1
323 555 1
323 567 1
323 699 1
323 760 1
323 938 1
324 370 1
324 413 1
324 455 1
324 477 1
324 561 1
324 885 1
324 894 1
324 978 1
325 409 1
325 411 1
325 453 1
325 502 1
325 656 1
325 761 1
325 798 1
325 814 1
326 363 1
326 396 1
326 415 1
326 567 1
326 588 1
326 793 1
326 946 1
326 1000 1
327 423 1
327 572 1
327 581 1
327 774 1
328 394 1
328 527 1
328 585 1
328 800 1
328 935 1
328 965 1
329 419 1
329 456 1
329 471 1
329 553 1
329 859 1
329 876 1
329 916 1
330 404 1
330 440 1
330 539 1
330 551 1
330 607 1
330 621 1
330 642 1
330 653 1
330 733 1
330 752 1
330 994 1
331 453 1
331 468 1
331 670 1
331 730 1
331 766 1
332 356 1
332 363 1
332 710 1
332 780 1
332 821 1
332 879 1
332 898 1
332 917 1
332 944 1
333 345 1
333 379 1
333 454 1
333 528 1
333 737 1
333 794 1
334 615 1
334 712 1
334 804 1
334 822 1
334 920 1
335 586 1
335 649 1
335 728 1
335 762 1
335 772 1
336 397 1
336 479 1
336 503 1
336 604 1
336 665 1
336 762 1
336 863 1
336 938 1
337 368 1
337 391 1
337 495 1
337 544 1
337 635 1
337 679 1
337 705 1
337 771 1
337 806 1
337 818 1
337 840 1
337 855 1
338 417 1
338 500 1
338 617 1
338 877 1
339 379 1
339 439 1
339 555 1
339 669 1
339 827 1
339 896 1
339 946 1
340 527 1
340 558 1
340 641 1
340 689 1
340 890 1
341 357 1
341 478 1
341 482 1
341 535 1
341 548 1
341 838 1
341 862 1
341 982 1
342 452 1
342 467 1
342 642 1
342 730 1
342 860 1
342 956 1
342 960 1
343 443 1
343 503 1
343 643 1
343 690 1
343 742 1
343 846 1
344 345 1
344 612 1
344 697 1
344 712 1
344 813 1
344 960 1
345 379 1
345 460 1
345 504 1
345 536 1
345 836 1
345 865 1
345 970 1
346 460 1
346 587 1
346 652 1
346 858 1
346 904 1
346 955 1
346 978 1
347 358 1
347 550 1
348 418 1
348 562 1
348 637 1
348 638 1
348 751 1
348 771 1
348 796 1
348 909 1
348 929 1
349 359 1
349 414 1
349 510 1
349 534 1
349 543 1
349 581 1
349 602 1
349 654 1
349 814 1
349 829 1
349 960 1
350 619 1
350 742 1
350 872 1
350 873 1
351 448 1
351 458 1
351 508 1
351 533 1
351 568 1
351 800 1
351 810 1
351 860 1
351 899 1
351 958 1
351 959 1
352 505 1
352 541 1
352 555 1
352 606 1
352 614 1
353 421 1
353 456 1
353 556 1
353 752 1
353 769 1
353 873 1
353 996 1
354 561 1
354 639 1
354 713 1
354 805 1
354 814 1
354 908 1
354 913 1
355 527 1
355 723 1
355 832 1
355 946 1
355 971 1
356 598 1
356 615 1
356 702 1
356 905 1
356 971 1
357 377 1
357 446 1
357 576 1
357 619 1
357 805 1
357 847 1
358 377 1
358 513 1
358 529 1
358 651 1
358 683 1
358 802 1
359 500 1
359 608 1
360 404 1
360 460 1
360 531 1
360 549 1
360 771 1
360 781 1
360 814 1
360 823 1
360 827 1
360 972 1
361 455 1
361 496 1
361 692 1
361 725 1
362 407 1
362 409 1
362 469 1
362 512 1
362 563 1
362 717 1
362 868 1
362 955 1
363 697 1
363 785 1
363 932 1
364 505 1
364 543 1
364 730 1
364 907 1
364 919 1
364 974 1
365 447 1
365 528 1
365 726 1
365 727 1
365 735 1
365 809 1
365 845 1
365 885 1
365 965 1
366 449 1
366 456 1
366 663 1
366 678 1
366 762 1
366 896 1
366 969 1
367 485 1
367 498 1
367 524 1
367 528 1
367 985 1
368 373 1
368 399 1
368 431 1
368 518 1
368 677 1
368 802 1
368 861 1
368 929 1
369 547 1
369 572 1
369 965 1
370 378 1
370 425 1
370 604 1
370 817 1
371 388 1
371 435 1
371 509 1
371 620 1
371 655 1
371 686 1
371 808 1
371 869 1
372 458 1
372 466 1
372 523 1
372 540 1
372 547 1
372 588 1
372 795 1
372 912 1
372 923 1
373 468 1
373 480 1
373 516 1
373 579 1
373 612 1
373 733 1
373 768 1
373 925 1
374 506 1
374 587 1
374 727 1
374 818 1
374 854 1
374 896 1
374 929 1
375 381 1
375 497 1
375 547 1
375 555 1
375 661 1
375 678 1
375 690 1
375 753 1
375 956 1
375 1000 1
376 408 1
376 603 1
376 720 1
376 793 1
376 857 1
376 872 1
376 931 1
377 446 1
377 472 1
377 705 1
377 770 1
377 898 1
378 402 1
378 500 1
378 554 1
378 714 1
378 770 1
378 833 1
378 882 1
378 929 1
378 951 1
378 958 1
379 406 1
379 451 1
379 594 1
379 595 1
379 690 1
379 768 1
379 823 1
379 839 1
380 441 1
380 468 1
380 489 1
380 512 1
380 712 1
380 733 1
380 991 1
381 437 1
381 553 1
381 577 1
381 589 1
381 614 1
381 817 1
382 498 1
382 515 1
382 564 1
382 705 1
382 814 1
382 927 1
383 638 1
383 694 1
383 952 1
384 560 1
384 580 1
384 612 1
384 646 1
384 650 1
384 655 1
384 714 1
384 760 1
384 812 1
384 841 1
384 858 1
384 976 1
385 464 1
385 501 1
385 516 1
385 646 1
385 784 1
385 951 1
386 396 1
386 428 1
386 486 1
386 620 1
386 699 1
386 725 1
386 949 1
387 607 1
387 682 1
387 717 1
387 894 1
387 903 1
387 932 1
387 974 1
388 477 1
388 538 1
388 716 1
388 804 1
388 854 1
388 894 1
388 968 1
388 986 1
389 397 1
389 503 1
389 583 1
389 584 1
389 625 1
389 629 1
389 681 1
389 727 1
389 860 1
389 934 1
389 975 1
390 498 1
390 567 1
390 682 1
390 760 1
390 908 1
390 960 1
391 553 1
391 801 1
392 535 1
392 625 1
392 894 1
392 966 1
393 401 1
393 429 1
393 566 1
393 714 1
393 812 1
393 831 1
393 834 1
393 919 1
393 954 1
394 442 1
394 456 1
394 508 1
394 584 1
394 651 1
394 676 1
394 711 1
394 731 1
394 764 1
394 781 1
395 452 1
395 551 1
395 640 1
395 705 1
395 805 1
395 928 1
396 424 1
396 607 1
396 729 1
396 730 1
396 775 1
396 782 1
396 808 1
396 851 1
397 430 1
397 603 1
397 611 1
397 691 1
397 709 1
397 900 1
397 978 1
398 406 1
398 432 1
398 544 1
398 730 1
398 780 1
398 914 1
398 987 1
399 444 1
399 724 1
399 778 1
399 784 1
400 487 1
400 637 1
400 643 1
400 716 1
400 957 1
401 500 1
401 561 1
401 576 1
401 586 1
401 624 1
401 680 1
401 708 1
401 776 1
401 827 1
401 960 1
402 527 1
402 559 1
402 857 1
403 425 1
403 523 1
403 573 1
403 581 1
403 605 1
403 619 1
403 898 1
403 938 1
403 988 1
404 547 1
404 680 1
404 799 1
404 815 1
405 482 1
405 768 1
406 423 1
406 457 1
406 580 1
406 583 1
406 622 1
406 709 1
406 853 1
407 523 1
407 595 1
407 648 1
407 722 1
407 754 1
407 891 1
407 900 1
408 415 1
408 435 1
408 551 1
408 697 1
408 702 1
408 763 1
408 785 1
409 483 1
409 491 1
409 513 1
409 517 1
409 548 1
409 678 1
409 741 1
409 842 1
409 956 1
410 785 1
410 862 1
410 879 1
410 952 1
411 490 1
411 494 1
411 517 1
411 538 1
411 548 1
411 601 1
411 670 1
411 815 1
411 981 1
412 472 1
412 489 1
412 560 1
412 657 1
412 658 1
412 663 1
412 664 1
412 924 1
413 474 1
413 867 1
413 998 1
414 442 1
414 451 1
414 476 1
414 713 1
414 825 1
414 859 1
414 891 1
414 937 1
414 952 1
415 508 1
415 668 1
416 488 1
416 494 1
416 588 1
416 590 1
416 623 1
416 733 1
416 805 1
416 819 1
416 948 1
417 420 1
417 825 1
417 869 1
418 487 1
418 546 1
418 562 1
418 749 1
418 880 1
418 930 1
419 425 1
419 429 1
419 538 1
419 687 1
419 717 1
419 949 1
420 530 1
420 587 1
420 594 1
420 603 1
420 669 1
420 707 1
420 719 1
420 993 1
421 529 1
421 547 1
421 950 1
422 453 1
422 457 1
422 481 1
422 634 1
422 738 1
422 935 1
423 542 1
423 837 1
423 884 1
423 893 1
423 959 1
424 456 1
424 547 1
424 595 1
424 612 1
424 649 1
425 652 1
425 657 1
425 708 1
425 730 1
425 832 1
425 895 1
426 459 1
426 510 1
426 539 1
426 552 1
426 683 1
426 833 1
426 839 1
426 854 1
426 927 1
427 466 1
427 499 1
427 520 1
427 554 1
427 787 1
427 865 1
427 970 1
427 990 1
428 543 1
428 714 1
428 811 1
428 861 1
429 446 1
429 746 1
429 821 1
429 835 1
429 867 1
430 686 1
430 789 1
430 861 1
430 886 1
431 507 1
431 524 1
431 615 1
431 619 1
431 953 1
432 668 1
432 684 1
432 748 1
432 800 1
432 802 1
432 959 1
433 551 1
433 585 1
433 803 1
434 476 1
434 588 1
434 604 1
434 659 1
434 708 1
434 723 1
434 928 1
434 982 1
435 480 1
435 702 1
435 716 1
435 865 1
435 895 1
435 965 1
435 971 1
436 604 1
436 622 1
436 781 1
436 831 1
436 870 1
437 693 1
437 847 1
437 911 1
437 935 1
438 463 1
438 480 1
438 615 1
438 702 1
438 763 1
438 929 1
438 971 1
438 974 1
438 986 1
439 463 1
439 484 1
439 565 1
439 634 1
439 636 1
439 763 1
439 852 1
439 862 1
439 978 1
440 529 1
440 575 1
440 579 1
440 642 1
440 661 1
440 774 1
440 878 1
440 950 1
440 1000 1
441 593 1
441 692 1
441 736 1
441 814 1
441 848 1
441 981 1
442 736 1
442 751 1
442 790 1
442 841 1
442 874 1
443 466 1
443 624 1
443 630 1
443 780 1
444 446 1
444 460 1
444 491 1
444 516 1
444 536 1
444 557 1
444 604 1
444 615 1
444 630 1
444 825 1
444 829 1
444 866 1
444 908 1
444 933 1
445 488 1
445 540 1
445 636 1
445 752 1
445 770 1
445 954 1
446 806 1
446 856 1
446 921 1
446 993 1
447 641 1
447 677 1
447 793 1
447 922 1
448 467 1
448 511 1
448 580 1
448 820 1
448 821 1
448 844 1
448 869 1
448 903 1
448 978 1
449 490 1
449 569 1
449 637 1
449 693 1
449 756 1
449 903 1
449 940 1
449 970 1
450 853 1
451 586 1
451 602 1
451 661 1
451 804 1
451 913 1
451 996 1
452 475 1
452 635 1
452 675 1
452 865 1
452 886 1
452 936 1
452 979 1
453 635 1
453 651 1
453 862 1
453 886 1
453 944 1
454 599 1
454 649 1
454 716 1
454 749 1
454 961 1
455 504 1
455 535 1
455 645 1
455 973 1
456 468 1
456 517 1
456 659 1
456 669 1
456 678 1
456 739 1
457 459 1
457 484 1
457 522 1
457 584 1
457 677 1
457 745 1
457 755 1
457 760 1
457 765 1
457 778 1
457 798 1
457 920 1
457 957 1
458 591 1
458 706 1
458 752 1
458 883 1
458 937 1
458 981 1
458 997 1
459 467 1
459 597 1
459 745 1
459 783 1
459 794 1
460 603 1
460 655 1
460 669 1
460 688 1
460 771 1
461 491 1
461 523 1
461 604 1
461 734 1
461 928 1
461 973 1
462 549 1
462 676 1
462 783 1
462 787 1
462 792 1
462 892 1
462 946 1
463 626 1
463 884 1
463 885 1
463 957 1
464 677 1
464 722 1
465 469 1
465 563 1
465 565 1
465 629 1
465 758 1
465 820 1
465 906 1
465 981 1
466 580 1
466 611 1
466 625 1
466 809 1
466 867 1
466 889 1
466 955 1
466 967 1
466 972 1
467 707 1
467 969 1
468 478 1
468 543 1
468 589 1
469 526 1
469 647 1
469 758 1
469 817 1
469 913 1
469 967 1
469 971 1
470 484 1
470 568 1
470 597 1
470 629 1
470 678 1
470 777 1
470 853 1
470 943 1
470 982 1
471 566 1
471 742 1
471 838 1
471 897 1
471 997 1
472 526 1
472 571 1
472 588 1
472 590 1
472 620 1
472 636 1
472 838 1
473 491 1
473 568 1
473 572 1
473 655 1
473 667 1
473 669 1
473 1000 1
474 785 1
474 947 1
474 990 1
475 543 1
475 550 1
475 706 1
475 758 1
475 877 1
475 912 1
476 491 1
476 559 1
476 567 1
476 778 1
476 991 1
477 514 1
477 581 1
477 716 1
477 717 1
477 729 1
477 780 1
478 538 1
478 542 1
478 575 1
478 607 1
478 652 1
478 653 1
478 679 1
478 733 1
478 776 1
478 792 1
478 853 1
478 857 1
478 866 1
478 958 1
478 995 1
479 501 1
479 599 1
479 771 1
479 958 1
480 554 1
480 754 1
480 883 1
480 983 1
481 502 1
481 527 1
481 704 1
481 706 1
481 866 1
482 539 1
482 678 1
482 909 1
482 950 1
483 587 1
483 610 1
483 620 1
483 697 1
483 911 1
483 915 1
484 588 1
484 639 1
484 700 1
484 849 1
485 493 1
485 558 1
485 858 1
485 981 1
486 521 1
486 573 1
486 699 1
486 761 1
487 536 1
487 617 1
487 688 1
487 698 1
488 660 1
488 683 1
488 761 1
488 822 1
488 824 1
488 905 1
488 970 1
489 656 1
489 727 1
489 839 1
489 960 1
490 673 1
490 702 1
490 783 1
491 617 1
491 983 1
492 518 1
492 539 1
492 928 1
493 540 1
493 617 1
493 858 1
493 944 1
493 959 1
493 961 1
493 1000 1
494 599 1
494 664 1
494 771 1
494 786 1
494 974 1
495 683 1
495 706 1
495 889 1
495 928 1
495 929 1
496 574 1
496 577 1
496 706 1
497 619 1
497 771 1
497 990 1
498 552 1
498 597 1
498 606 1
498 656 1
498 737 1
499 507 1
499 630 1
499 762 1
499 832 1
499 851 1
500 646 1
500 722 1
500 835 1
501 559 1
501 587 1
501 610 1
501 627 1
501 674 1
501 772 1
501 773 1
501 789 1
502 620 1
502 639 1
502 698 1
502 707 1
502 784 1
502 805 1
502 977 1
502 998 1
503 519 1
503 671 1
503 678 1
503 777 1
503 988 1
504 518 1
504 570 1
504 669 1
504 784 1
504 956 1
504 1000 1
505 520 1
505 554 1
505 593 1
505 686 1
505 732 1
505 755 1
505 799 1
505 862 1
505 873 1
505 878 1
505 949 1
506 592 1
506 656 1
506 961 1
506 981 1
507 547 1
507 769 1
507 910 1
508 526 1
508 729 1
508 742 1
508 890 1
508 916 1
509 842 1
509 902 1
510 513 1
510 520 1
510 733 1
510 842 1
510 916 1
510 937 1
511 739 1
511 771 1
511 820 1
511 845 1
511 855 1
511 858 1
511 859 1
511 994 1
511 999 1
512 651 1
512 677 1
512 695 1
513 533 1
513 552 1
513 639 1
513 858 1
514 610 1
514 704 1
514 716 1
514 805 1
514 819 1
514 880 1
514 935 1
515 751 1
516 546 1
516 916 1
517 607 1
517 639 1
517 850 1
517 962 1
518 638 1
518 750 1
518 760 1
518 766 1
518 879 1
518 898 1
518 977 1
519 594 1
519 621 1
519 653 1
519 891 1
519 951 1
520 577 1
520 629 1
520 685 1
520 729 1
520 750 1
520 879 1
520 881 1
521 687 1
521 712 1
521 749 1
521 825 1
522 839 1
522 840 1
522 946 1
522 953 1
523 574 1
523 637 1
523 653 1
523 778 1
523 858 1
523 866 1
523 873 1
524 541 1
524 581 1
524 667 1
524 673 1
524 676 1
524 730 1
524 757 1
525 644 1
525 739 1
526 566 1
526 576 1
526 675 1
526 892 1
526 963 1
527 556 1
527 670 1
527 721 1
527 745 1
527 837 1
527 867 1
528 559 1
528 592 1
528 659 1
528 673 1
528 716 1
528 734 1
528 782 1
528 795 1
529 541 1
529 545 1
529 562 1
529 724 1
529 867 1
529 952 1
529 988 1
529 991 1
530 685 1
530 746 1
530 936 1
530 978 1
531 610 1
531 611 1
531 830 1
532 600 1
533 543 1
533 635 1
533 683 1
534 598 1
534 743 1
534 941 1
535 546 1
535 554 1
535 557 1
535 752 1
535 802 1
535 891 1
535 901 1
536 658 1
536 685 1
536 746 1
536 831 1
537 613 1
537 731 1
537 757 1
537 837 1
537 885 1
537 897 1
537 903 1
538 648 1
538 659 1
538 681 1
538 708 1
538 868 1
539 568 1
539 613 1
539 742 1
539 811 1
539 821 1
539 970 1
540 581 1
540 600 1
540 643 1
540 689 1
540 733 1
540 734 1
540 781 1
540 797 1
540 818 1
540 876 1
541 549 1
541 573 1
541 602 1
541 822 1
541 959 1
542 545 1
542 728 1
542 754 1
542 917 1
542 930 1
543 547 1
543 557 1
543 651 1
543 860 1
543 879 1
543 886 1
544 597 1
544 644 1
544 678 1
544 775 1
544 815 1
544 861 1
544 914 1
544 965 1
544 998 1
545 603 1
545 617 1
545 681 1
545 682 1
545 887 1
545 950 1
545 966 1
546 582 1
546 588 1
546 752 1
546 783 1
546 873 1
546 925 1
546 962 1
547 669 1
547 723 1
547 899 1
547 956 1
548 551 1
548 593 1
548 723 1
548 738 1
548 767 1
548 798 1
549 597 1
549 768 1
549 913 1
549 995 1
550 567 1
550 880 1
550 904 1
550 937 1
550 973 1
551 568 1
551 598 1
551 609 1
551 621 1
551 649 1
551 701 1
551 964 1
552 685 1
552 884 1
552 907 1
553 573 1
553 602 1
553 605 1
553 627 1
553 662 1
553 787 1
553 917 1
553 952 1
554 592 1
554 691 1
554 704 1
554 751 1
554 783 1
554 860 1
554 868 1
554 920 1
554 949 1
555 636 1
555 640 1
555 669 1
555 815 1
556 579 1
556 706 1
556 826 1
556 841 1
557 730 1
557 733 1
557 927 1
557 975 1
558 960 1
558 962 1
558 979 1
559 560 1
559 788 1
559 859 1
560 645 1
560 688 1
560 695 1
560 785 1
560 863 1
561 637 1
561 703 1
561 818 1
561 935 1
561 936 1
562 588 1
562 603 1
562 633 1
562 889 1
562 897 1
563 570 1
563 574 1
563 711 1
563 839 1
564 648 1
564 694 1
564 767 1
564 816 1
565 689 1
565 768 1
565 840 1
565 903 1
566 756 1
566 921 1
566 934 1
566 936 1
566 983 1
566 996 1
567 728 1
567 762 1
567 807 1
567 815 1
567 937 1
568 596 1
568 647 1
568 808 1
568 934 1
569 583 1
569 787 1
570 728 1
570 752 1
570 786 1
570 913 1
571 733 1
571 749 1
571 839 1
571 997 1
572 657 1
572 918 1
573 584 1
573 751 1
573 755 1
573 930 1
574 801 1
574 939 1
575 657 1
575 715 1
575 869 1
575 913 1
576 577 1
576 758 1
576 804 1
576 890 1
577 730 1
577 777 1
577 789 1
577 813 1
577 863 1
578 685 1
578 753 1
578 821 1
579 624 1
579 637 1
579 649 1
580 692 1
580 775 1
580 795 1
580 839 1
580 851 1
580 954 1
580 975 1
581 624 1
582 787 1
582 988 1
583 606 1
583 704 1
583 726 1
583 742 1
583 827 1
584 793 1
585 647 1
585 683 1
585 721 1
585 728 1
585 760 1
585 783 1
585 805 1
585 824 1
585 828 1
585 935 1
585 959 1
586 639 1
587 616 1
587 656 1
587 873 1
587 890 1
588 627 1
588 774 1
588 804 1
588 823 1
588 887 1
588 927 1
588 949 1
589 618 1
589 687 1
590 707 1
590 899 1
590 914 1
590 953 1
591 700 1
591 732 1
591 910 1
591 967 1
591 974 1
592 616 1
592 872 1
592 920 1
592 970 1
593 628 1
593 678 1
593 733 1
593 881 1
594 687 1
594 803 1
594 831 1
595 646 1
595 672 1
595 708 1
595 872 1
595 975 1
596 834 1
596 895 1
596 974 1
596 998 1
597 606 1
597 646 1
597 701 1
597 711 1
597 894 1
598 609 1
598 614 1
598 696 1
598 818 1
598 912 1
599 644 1
599 844 1
599 926 1
599 982 1
600 618 1
600 729 1
600 880 1
600 952 1
601 740 1
601 778 1
601 803 1
601 887 1
601 999 1
602 640 1
602 873 1
602 966 1
603 645 1
603 649 1
603 665 1
603 726 1
603 802 1
603 891 1
603 944 1
604 627 1
604 671 1
604 708 1
604 931 1
605 625 1
605 765 1
605 805 1
605 845 1
605 870 1
605 871 1
605 920 1
606 858 1
606 969 1
607 662 1
607 687 1
607 745 1
607 902 1
607 916 1
607 959 1
608 765 1
609 752 1
609 839 1
610 617 1
611 859 1
611 870 1
611 879 1
611 907 1
611 939 1
611 997 1
612 767 1
612 773 1
612 801 1
612 882 1
613 811 1
613 842 1
614 792 1
615 638 1
615 692 1
615 841 1
615 856 1
615 898 1
615 914 1
615 917 1
616 637 1
616 717 1
616 779 1
616 849 1
617 648 1
617 677 1
618 705 1
618 745 1
618 935 1
618 943 1
619 750 1
619 807 1
620 622 1
620 710 1
620 791 1
621 884 1
622 797 1
622 811 1
622 913 1
622 991 1
623 668 1
623 677 1
623 774 1
623 814 1
623 838 1
623 944 1
623 965 1
623 980 1
624 641 1
624 651 1
624 781 1
624 786 1
624 882 1
624 974 1
625 725 1
625 856 1
625 973 1
626 720 1
626 780 1
626 913 1
627 755 1
627 853 1
627 937 1
628 682 1
628 840 1
628 926 1
628 945 1
628 974 1
629 881 1
629 963 1
630 729 1
630 790 1
630 792 1
630 919 1
630 947 1
630 948 1
630 960 1
631 649 1
631 659 1
631 689 1
631 766 1
632 728 1
632 904 1
632 949 1
632 958 1
632 975 1
632 979 1
633 776 1
634 728 1
634 796 1
634 881 1
634 885 1
634 920 1
634 977 1
635 658 1
635 795 1
635 886 1
635 894 1
635 901 1
636 847 1
637 661 1
637 670 1
637 744 1
637 801 1
637 812 1
637 820 1
638 657 1
638 678 1
638 702 1
638 781 1
638 808 1
638 996 1
639 728 1
639 734 1
639 970 1
639 990 1
640 838 1
641 866 1
641 916 1
641 961 1
642 786 1
642 872 1
642 991 1
643 854 1
644 809 1
644 913 1
645 718 1
645 968 1
646 670 1
646 741 1
646 811 1
646 882 1
647 847 1
647 861 1
648 756 1
648 842 1
648 931 1
649 677 1
649 740 1
649 927 1
650 667 1
650 701 1
650 742 1
650 862 1
650 992 1
651 706 1
651 793 1
651 881 1
651 946 1
652 690 1
652 830 1
652 875 1
652 910 1
652 979 1
653 660 1
653 673 1
653 723 1
653 770 1
653 800 1
653 819 1
653 924 1
654 745 1
654 747 1
654 762 1
655 786 1
655 821 1
655 887 1
655 979 1
655 981 1
656 875 1
656 907 1
656 990 1
656 991 1
657 827 1
657 847 1
658 837 1
658 852 1
659 683 1
659 852 1
659 871 1
659 911 1
659 962 1
660 709 1
660 749 1
660 788 1
660 802 1
660 881 1
661 690 1
661 808 1
662 772 1
662 784 1
662 801 1
662 902 1
662 966 1
663 698 1
663 827 1
664 819 1
665 834 1
665 872 1
666 773 1
666 805 1
666 862 1
666 931 1
667 794 1
668 710 1
668 763 1
668 795 1
668 894 1
669 678 1
669 783 1
669 869 1
669 912 1
670 745 1
670 759 1
670 820 1
671 838 1
671 919 1
672 698 1
672 726 1
672 777 1
672 852 1
673 690 1
673 754 1
673 783 1
674 738 1
674 767 1
674 838 1
674 885 1
674 948 1
675 695 1
675 767 1
675 803 1
675 875 1
675 897 1
676 711 1
676 850 1
676 953 1
677 816 1
677 826 1
677 962 1
677 966 1
678 826 1
678 922 1
678 938 1
678 994 1
679 775 1
679 803 1
679 828 1
679 835 1
680 805 1
680 833 1
680 841 1
680 901 1
682 891 1
682 925 1
682 984 1
683 749 1
683 796 1
683 812 1
683 817 1
683 897 1
684 705 1
684 840 1
684 959 1
685 851 1
686 912 1
687 824 1
688 843 1
688 961 1
689 754 1
689 847 1
690 857 1
690 890 1
690 908 1
690 958 1
691 821 1
691 843 1
691 892 1
691 898 1
691 933 1
691 940 1
692 703 1
692 720 1
692 732 1
692 779 1
692 821 1
692 826 1
692 933 1
692 980 1
693 884 1
694 959 1
695 808 1
695 822 1
696 799 1
696 963 1
697 714 1
697 864 1
697 901 1
697 924 1
697 985 1
698 724 1
698 732 1
698 816 1
698 829 1
698 875 1
699 892 1
699 895 1
699 922 1
699 929 1
700 713 1
700 730 1
702 774 1
702 793 1
703 880 1
704 802 1
704 838 1
704 973 1
705 745 1
705 762 1
705 934 1
705 966 1
706 935 1
706 948 1
707 734 1
707 885 1
707 931 1
707 961 1
707 986 1
709 763 1
709 834 1
709 924 1
709 957 1
711 761 1
711 771 1
712 850 1
712 939 1
713 918 1
713 952 1
714 917 1
714 962 1
715 905 1
715 967 1
716 918 1
716 945 1
717 749 1
717 880 1
718 724 1
718 810 1
719 779 1
719 812 1
719 820 1
719 825 1
719 838 1
719 895 1
719 922 1
720 800 1
720 987 1
721 770 1
721 879 1
721 992 1
722 773 1
722 931 1
723 770 1
724 791 1
724 880 1
725 772 1
725 791 1
725 801 1
725 842 1
725 881 1
726 828 1
726 857 1
726 877 1
726 902 1
726 996 1
727 776 1
727 794 1
727 877 1
727 880 1
727 982 1
728 846 1
728 907 1
729 739 1
729 809 1
729 840 1
729 860 1
729 870 1
729 911 1
729 965 1
730 757 1
731 751 1
731 752 1
731 909 1
732 822 1
732 974 1
733 844 1
733 963 1
734 757 1
734 778 1
734 872 1
735 784 1
736 787 1
736 792 1
736 867 1
736 948 1
737 772 1
737 934 1
738 740 1
739 749 1
739 820 1
740 973 1
741 957 1
741 981 1
742 957 1
743 874 1
744 863 1
744 901 1
744 942 1
745 813 1
745 817 1
745 853 1
745 883 1
745 887 1
745 957 1
745 997 1
746 770 1
746 805 1
746 994 1
747 922 1
747 978 1
748 778 1
748 800 1
748 915 1
748 943 1
750 873 1
750 890 1
750 897 1
751 766 1
751 856 1
752 754 1
752 789 1
752 897 1
752 900 1
752 928 1
753 808 1
753 821 1
753 868 1
753 917 1
754 805 1
754 856 1
754 949 1
754 957 1
755 769 1
755 981 1
756 823 1
756 868 1
756 959 1
757 806 1
757 849 1
757 863 1
758 759 1
758 828 1
758 909 1
760 783 1
760 798 1
761 791 1
762 773 1
762 934 1
763 858 1
763 936 1
764 773 1
764 806 1
765 770 1
765 852 1
765 863 1
765 948 1
766 819 1
767 832 1
767 843 1
767 876 1
767 975 1
768 853 1
768 863 1
768 864 1
769 881 1
770 774 1
770 860 1
770 925 1
771 799 1
771 860 1
772 815 1
772 974 1
773 862 1
774 887 1
774 924 1
774 936 1
774 939 1
774 960 1
775 889 1
775 946 1
776 846 1
776 856 1
776 898 1
777 810 1
779 834 1
779 850 1
779 868 1
779 869 1
780 869 1
780 954 1
780 974 1
781 803 1
781 843 1
781 924 1
781 968 1
782 899 1
783 785 1
783 818 1
783 861 1
783 915 1
783 922 1
784 833 1
784 895 1
784 945 1
785 806 1
785 990 1
786 799 1
787 920 1
787 921 1
788 841 1
788 856 1
788 923 1
789 839 1
789 1000 1
790 818 1
790 821 1
790 873 1
790 876 1
790 984 1
791 905 1
791 909 1
791 980 1
792 970 1
792 994 1
793 934 1
793 940 1
793 964 1
795 975 1
796 815 1
796 841 1
796 947 1
796 953 1
796 985 1
797 867 1
797 901 1
798 997 1
799 850 1
799 940 1
800 817 1
800 831 1
800 840 1
800 883 1
801 818 1
801 974 1
802 832 1
802 855 1
802 967 1
802 987 1
803 916 1
803 935 1
806 820 1
808 847 1
808 893 1
809 818 1
809 857 1
809 953 1
810 869 1
810 895 1
810 923 1
810 942 1
811 893 1
812 816 1
812 840 1
812 867 1
814 842 1
814 857 1
814 910 1
815 933 1
816 907 1
817 974 1
818 846 1
819 848 1
819 906 1
820 840 1
820 893 1
820 992 1
821 856 1
822 924 1
822 981 1
823 888 1
823 961 1
824 902 1
824 924 1
824 950 1
826 902 1
827 976 1
827 990 1
829 930 1
830 840 1
830 893 1
831 836 1
832 837 1
832 951 1
832 955 1
832 965 1
836 858 1
836 957 1
838 848 1
838 963 1
838 970 1
839 853 1
839 910 1
840 892 1
840 980 1
841 899 1
841 928 1
841 981 1
842 882 1
842 994 1
843 873 1
844 963 1
845 868 1
845 878 1
845 926 1
845 997 1
847 961 1
849 926 1
851 937 1
851 949 1
851 961 1
851 996 1
852 865 1
853 915 1
854 928 1
854 992 1
855 915 1
855 929 1
855 986 1
856 946 1
857 958 1
859 861 1
859 872 1
859 881 1
860 879 1
860 982 1
861 966 1
862 962 1
863 926 1
864 877 1
864 896 1
864 933 1
865 947 1
865 950 1
865 969 1
865 972 1
866 882 1
866 964 1
866 965 1
867 904 1
868 889 1
870 881 1
870 957 1
871 901 1
872 895 1
872 922 1
873 885 1
873 920 1
874 960 1
875 955 1
877 900 1
882 964 1
883 891 1
883 998 1
885 936 1
889 891 1
890 923 1
891 991 1
892 902 1
893 903 1
893 940 1
893 985 1
894 924 1
894 970 1
895 945 1
895 959 1
896 933 1
897 946 1
900 906 1
902 957 1
903 941 1
904 920 1
904 969 1
905 940 1
907 988 1
907 997 1
909 913 1
909 962 1
910 921 1
910 931 1
911 938 1
911 945 1
911 966 1
913 917 1
913 920 1
913 969 1
914 932 1
915 947 1
915 968 1
917 936 1
919 939 1
919 967 1
919 977 1
919 993 1
920 960 1
920 968 1
920 974 1
920 975 1
920 991 1
921 926 1
921 976 1
922 936 1
922 942 1
926 967 1
927 942 1
929 987 1
930 956 1
931 992 1
932 942 1
933 953 1
936 969 1
937 943 1
937 965 1
938 958 1
938 972 1
942 968 1
947 998 1
948 960 1
953 964 1
957 967 1
966 991 1
966 999 1
970 985 1
973 975 1
985 988 1
986 995 1
993 996 1
