1000 5137
1 11 1
1 116 1
1 322 1
1 392 1
1 479 1
1 491 1
1 503 1
1 537 1
1 731 1
1 825 1
1 833 1
2 73 1
2 598 1
2 766 1
3 124 1
3 140 1
3 236 1
3 276 1
3 322 1
3 354 1
3 537 1
3 605 1
3 619 1
3 783 1
3 866 1
3 969 1
3 973 1
4 90 1
4 155 1
4 288 1
4 364 1
4 495 1
4 586 1
4 612 1
4 696 1
4 701 1
4 746 1
4 947 1
4 967 1
4 972 1
5 446 1
5 567 1
5 698 1
5 890 1
5 938 1
5 966 1
5 979 1
6 31 1
6 42 1
6 95 1
6 187 1
6 247 1
6 454 1
6 744 1
6 823 1
6 878 1
6 929 1
7 20 1
7 260 1
7 280 1
7 409 1
7 420 1
7 518 1
7 533 1
7 590 1
7 664 1
7 691 1
7 802 1
7 925 1
7 928 1
8 145 1
8 152 1
8 166 1
8 445 1
8 453 1
8 521 1
8 541 1
8 746 1
8 753 1
8 865 1
8 955 1
9 53 1
9 122 1
9 208 1
9 394 1
9 414 1
9 476 1
9 479 1
9 602 1
9 611 1
9 627 1
9 628 1
9 697 1
9 764 1
9 767 1
9 853 1
9 981 1
9 986 1
10 184 1
10 255 1
10 302 1
10 433 1
10 526 1
10 552 1
10 722 1
10 954 1
11 38 1
11 64 1
11 424 1
11 476 1
11 517 1
11 532 1
11 777 1
11 896 1
12 83 1
12 307 1
12 515 1
12 623 1
12 702 1
12 837 1
12 871 1
12 887 1
12 999 1
13 129 1
13 138 1
13 237 1
13 415 1
13 457 1
13 495 1
13 531 1
13 642 1
14 124 1
14 174 1
14 210 1
14 259 1
14 291 1
14 338 1
14 597 1
14 638 1
14 895 1
14 913 1
14 967 1
15 30 1
15 188 1
15 205 1
15 268 1
15 305 1
15 314 1
15 422 1
15 589 1
15 644 1
15 657 1
15 697 1
15 792 1
15 808 1
16 229 1
16 502 1
16 586 1
16 759 1
16 858 1
16 889 1
16 925 1
16 927 1
17 106 1
17 129 1
17 267 1
17 382 1
17 433 1
17 449 1
17 617 1
17 702 1
17 712 1
17 751 1
18 161 1
18 173 1
18 493 1
18 598 1
18 618 1
18 881 1
19 91 1
19 92 1
19 158 1
19 323 1
19 385 1
19 389 1
19 494 1
19 605 1
19 608 1
19 639 1
19 671 1
19 686 1
19 689 1
19 765 1
19 827 1
19 921 1
19 945 1
20 38 1
20 67 1
20 102 1
20 150 1
20 212 1
20 374 1
20 500 1
20 574 1
20 648 1
20 673 1
20 746 1
20 819 1
20 838 1
20 923 1
21 81 1
21 190 1
21 637 1
21 742 1
21 775 1
21 890 1
21 922 1
21 951 1
21 952 1
22 641 1
22 736 1
22 906 1
22 914 1
22 949 1
22 995 1
23 101 1
23 322 1
23 568 1
23 604 1
23 859 1
24 41 1
24 93 1
24 189 1
24 226 1
24 259 1
24 277 1
24 369 1
24 387 1
24 402 1
24 403 1
24 471 1
24 601 1
24 666 1
24 771 1
24 990 1
25 271 1
25 322 1
25 680 1
26 115 1
26 151 1
26 216 1
26 414 1
26 423 1
26 433 1
26 475 1
26 497 1
26 561 1
26 564 1
26 694 1
26 729 1
26 740 1
26 988 1
27 60 1
27 378 1
27 409 1
27 511 1
27 624 1
27 794 1
27 831 1
27 850 1
27 944 1
27 980 1
28 44 1
28 306 1
28 391 1
28 503 1
28 690 1
28 708 1
28 899 1
28 938 1
29 113 1
29 139 1
29 214 1
29 229 1
29 252 1
29 265 1
29 519 1
29 684 1
29 951 1
30 368 1
30 389 1
30 420 1
30 564 1
30 655 1
30 754 1
30 871 1
30 886 1
30 922 1
30 935 1
30 974 1
31 68 1
31 208 1
31 241 1
31 261 1
31 263 1
31 281 1
31 443 1
31 448 1
31 474 1
31 616 1
31 664 1
31 728 1
31 934 1
32 45 1
32 141 1
32 175 1
32 356 1
32 358 1
32 487 1
32 526 1
32 586 1
32 604 1
32 713 1
32 780 1
32 832 1
32 898 1
32 951 1
32 991 1
33 71 1
33 177 1
33 183 1
33 187 1
33 309 1
33 413 1
33 574 1
33 620 1
33 664 1
33 751 1
33 825 1
34 102 1
34 163 1
34 185 1
34 221 1
34 277 1
34 418 1
34 481 1
34 622 1
34 972 1
34 982 1
35 36 1
35 46 1
35 66 1
35 401 1
35 540 1
35 598 1
35 685 1
35 886 1
36 53 1
36 226 1
36 338 1
36 342 1
36 510 1
36 560 1
36 633 1
36 642 1
36 651 1
36 739 1
36 815 1
37 311 1
37 393 1
37 494 1
37 540 1
37 597 1
37 687 1
37 719 1
37 861 1
37 967 1
38 76 1
38 265 1
38 422 1
38 432 1
38 496 1
38 505 1
38 514 1
38 546 1
38 547 1
38 648 1
38 673 1
38 675 1
38 820 1
38 876 1
38 915 1
39 132 1
39 158 1
39 183 1
39 185 1
39 638 1
39 794 1
39 878 1
39 926 1
39 946 1
39 984 1
40 106 1
40 141 1
40 253 1
40 295 1
40 441 1
40 528 1
40 577 1
40 580 1
40 753 1
40 794 1
40 796 1
40 982 1
41 134 1
41 136 1
41 193 1
41 288 1
41 341 1
41 506 1
41 552 1
41 578 1
41 831 1
41 893 1
41 897 1
41 905 1
41 958 1
42 93 1
42 206 1
42 395 1
42 507 1
42 642 1
42 739 1
42 833 1
42 860 1
42 898 1
42 934 1
43 230 1
43 378 1
43 410 1
43 504 1
43 622 1
43 689 1
43 733 1
43 776 1
43 888 1
44 71 1
44 232 1
44 249 1
44 634 1
44 661 1
44 710 1
44 748 1
44 775 1
44 790 1
44 837 1
44 866 1
44 903 1
44 994 1
45 214 1
45 275 1
45 462 1
45 576 1
45 672 1
45 691 1
45 749 1
45 825 1
45 999 1
46 87 1
46 284 1
46 331 1
46 383 1
46 636 1
46 687 1
46 821 1
46 839 1
47 204 1
47 382 1
47 492 1
47 685 1
47 719 1
47 753 1
47 955 1
48 133 1
48 140 1
48 175 1
48 250 1
48 376 1
48 537 1
48 740 1
49 134 1
49 329 1
49 475 1
49 791 1
49 828 1
50 105 1
50 249 1
50 275 1
50 283 1
50 313 1
50 746 1
50 874 1
51 145 1
51 254 1
51 276 1
51 619 1
51 998 1
52 188 1
52 198 1
52 511 1
52 516 1
52 569 1
52 728 1
52 767 1
52 795 1
52 824 1
53 118 1
53 176 1
53 193 1
53 284 1
53 535 1
53 585 1
53 751 1
53 818 1
53 850 1
53 967 1
54 168 1
54 204 1
54 269 1
54 872 1
54 900 1
54 944 1
54 959 1
54 966 1
55 167 1
55 217 1
55 224 1
55 228 1
55 271 1
55 318 1
55 382 1
55 438 1
55 474 1
56 260 1
56 676 1
56 679 1
56 820 1
56 821 1
56 866 1
56 930 1
56 932 1
56 988 1
56 999 1
57 118 1
57 149 1
57 322 1
57 447 1
57 507 1
57 577 1
57 797 1
57 923 1
57 981 1
58 78 1
58 135 1
58 404 1
58 501 1
58 579 1
58 770 1
58 802 1
58 804 1
59 237 1
59 258 1
59 440 1
59 627 1
59 633 1
59 743 1
59 745 1
59 921 1
59 955 1
60 98 1
60 162 1
60 282 1
60 502 1
60 706 1
60 885 1
61 68 1
61 289 1
61 305 1
61 379 1
61 910 1
61 967 1
62 81 1
62 126 1
62 341 1
62 649 1
62 752 1
62 819 1
62 833 1
62 954 1
62 964 1
63 140 1
63 270 1
63 467 1
63 545 1
63 582 1
63 625 1
63 816 1
64 105 1
64 132 1
64 253 1
64 366 1
64 520 1
64 587 1
64 606 1
64 679 1
64 868 1
65 303 1
65 321 1
65 530 1
65 765 1
65 838 1
65 844 1
65 853 1
65 927 1
65 963 1
65 966 1
65 968 1
65 992 1
65 994 1
66 128 1
66 188 1
66 201 1
66 345 1
66 413 1
66 421 1
66 433 1
66 452 1
66 532 1
66 611 1
66 698 1
66 795 1
66 893 1
67 146 1
67 323 1
67 372 1
67 472 1
67 536 1
67 694 1
67 798 1
67 882 1
67 928 1
67 953 1
68 76 1
68 381 1
68 443 1
68 608 1
68 815 1
68 829 1
68 878 1
69 252 1
69 496 1
69 577 1
69 592 1
69 648 1
69 959 1
70 88 1
70 108 1
70 239 1
70 301 1
70 336 1
70 459 1
70 474 1
70 593 1
70 606 1
70 735 1
70 851 1
70 984 1
71 80 1
71 138 1
71 169 1
71 197 1
71 286 1
71 315 1
71 402 1
71 467 1
71 472 1
71 501 1
71 546 1
71 679 1
71 752 1
71 869 1
71 912 1
72 173 1
72 188 1
72 285 1
72 412 1
72 421 1
72 566 1
72 629 1
72 773 1
72 786 1
72 824 1
72 960 1
72 974 1
73 300 1
73 420 1
73 461 1
73 497 1
73 519 1
73 596 1
73 626 1
73 692 1
73 968 1
74 614 1
74 634 1
74 674 1
74 681 1
74 707 1
74 723 1
74 753 1
74 779 1
74 804 1
74 820 1
74 930 1
75 90 1
75 224 1
75 327 1
75 347 1
75 454 1
75 484 1
75 519 1
75 610 1
75 648 1
75 998 1
76 116 1
76 122 1
76 271 1
76 433 1
76 448 1
76 449 1
76 478 1
76 532 1
76 665 1
76 666 1
76 742 1
76 744 1
76 856 1
76 884 1
77 241 1
77 470 1
77 475 1
77 526 1
77 681 1
77 782 1
77 919 1
78 334 1
78 613 1
78 720 1
78 722 1
78 865 1
78 890 1
78 895 1
78 905 1
78 921 1
79 186 1
79 196 1
79 228 1
79 290 1
79 337 1
79 376 1
79 399 1
79 607 1
79 660 1
79 863 1
79 864 1
79 942 1
79 986 1
80 248 1
80 588 1
80 642 1
80 678 1
80 687 1
80 725 1
80 726 1
80 740 1
80 743 1
80 779 1
80 865 1
80 930 1
81 115 1
81 368 1
81 442 1
81 631 1
81 681 1
81 688 1
81 916 1
81 987 1
81 994 1
82 147 1
82 204 1
82 239 1
82 353 1
82 354 1
82 479 1
82 481 1
82 499 1
82 778 1
82 827 1
82 934 1
83 229 1
83 269 1
83 278 1
83 461 1
83 527 1
83 594 1
83 661 1
83 796 1
83 815 1
83 854 1
83 874 1
83 879 1
83 891 1
84 187 1
84 345 1
84 506 1
84 577 1
84 806 1
84 810 1
84 831 1
84 897 1
84 924 1
84 954 1
84 959 1
85 123 1
85 225 1
85 307 1
85 418 1
85 673 1
86 268 1
86 374 1
86 594 1
86 933 1
86 958 1
87 162 1
87 223 1
87 238 1
87 261 1
87 313 1
87 373 1
87 583 1
87 736 1
87 809 1
87 867 1
87 890 1
87 988 1
87 990 1
88 121 1
88 136 1
88 346 1
88 387 1
88 540 1
88 741 1
88 791 1
88 914 1
89 398 1
89 418 1
89 566 1
89 581 1
89 902 1
89 936 1
89 958 1
89 991 1
90 198 1
90 326 1
90 504 1
90 588 1
90 625 1
90 783 1
90 937 1
91 177 1
91 199 1
91 244 1
91 591 1
91 751 1
91 759 1
91 957 1
91 958 1
92 217 1
92 385 1
92 451 1
92 519 1
92 714 1
92 734 1
92 912 1
92 996 1
92 997 1
93 118 1
93 122 1
93 267 1
93 394 1
93 603 1
93 633 1
93 818 1
93 958 1
94 282 1
94 408 1
94 442 1
94 505 1
94 937 1
95 114 1
95 128 1
95 228 1
95 265 1
95 311 1
95 343 1
95 419 1
95 433 1
95 506 1
95 558 1
95 732 1
95 913 1
95 943 1
95 986 1
96 214 1
96 232 1
96 380 1
96 414 1
96 478 1
96 482 1
96 496 1
96 544 1
96 554 1
96 611 1
96 682 1
96 754 1
97 192 1
97 266 1
97 270 1
97 523 1
97 536 1
97 583 1
97 623 1
97 707 1
97 743 1
97 772 1
97 932 1
97 960 1
98 109 1
98 190 1
98 426 1
98 485 1
98 847 1
98 866 1
98 878 1
98 936 1
99 101 1
99 342 1
99 518 1
99 532 1
99 542 1
99 561 1
99 607 1
99 784 1
100 192 1
100 261 1
100 404 1
100 417 1
100 479 1
100 499 1
100 663 1
100 704 1
100 766 1
100 935 1
101 120 1
101 159 1
101 289 1
101 455 1
101 570 1
101 623 1
101 640 1
101 647 1
101 891 1
101 958 1
101 998 1
102 142 1
102 148 1
102 165 1
102 322 1
102 372 1
102 414 1
102 526 1
102 740 1
102 859 1
102 952 1
103 269 1
103 519 1
103 618 1
103 804 1
103 878 1
104 140 1
104 148 1
104 196 1
104 332 1
104 652 1
104 661 1
104 729 1
104 796 1
104 881 1
104 984 1
105 136 1
105 181 1
105 379 1
105 384 1
105 389 1
105 636 1
105 668 1
105 901 1
105 946 1
105 980 1
106 133 1
106 231 1
106 275 1
106 377 1
106 378 1
106 415 1
106 651 1
106 982 1
107 120 1
107 172 1
107 173 1
107 657 1
107 735 1
107 793 1
107 830 1
107 941 1
108 252 1
108 633 1
108 640 1
108 715 1
108 917 1
109 226 1
109 272 1
109 279 1
109 296 1
109 330 1
109 357 1
109 397 1
109 423 1
109 436 1
109 454 1
109 513 1
109 616 1
109 853 1
109 933 1
109 970 1
109 998 1
110 141 1
110 169 1
110 555 1
110 557 1
110 642 1
110 843 1
111 166 1
111 307 1
111 314 1
111 419 1
111 447 1
111 654 1
111 691 1
111 753 1
111 821 1
111 914 1
111 916 1
111 922 1
111 943 1
112 231 1
112 256 1
112 471 1
112 500 1
112 610 1
112 635 1
112 705 1
112 709 1
112 720 1
112 744 1
112 760 1
112 965 1
113 193 1
113 220 1
113 392 1
113 425 1
113 441 1
113 658 1
113 662 1
113 766 1
113 912 1
113 967 1
113 976 1
114 117 1
114 340 1
114 547 1
114 563 1
114 762 1
114 781 1
114 814 1
114 993 1
115 383 1
115 590 1
115 609 1
115 630 1
115 771 1
115 783 1
115 829 1
115 914 1
115 977 1
116 140 1
116 158 1
116 224 1
116 351 1
116 433 1
116 532 1
116 635 1
116 775 1
116 988 1
117 163 1
117 192 1
117 276 1
117 335 1
117 360 1
117 367 1
117 527 1
117 606 1
117 630 1
117 640 1
117 678 1
117 695 1
117 896 1
118 174 1
118 388 1
118 508 1
118 509 1
118 551 1
118 805 1
118 835 1
118 940 1
119 225 1
119 266 1
119 373 1
119 402 1
119 630 1
119 666 1
119 703 1
119 781 1
119 859 1
120 240 1
120 276 1
120 429 1
120 431 1
120 699 1
120 764 1
120 777 1
120 955 1
121 125 1
121 359 1
121 553 1
121 718 1
121 864 1
121 878 1
122 200 1
122 376 1
122 425 1
122 496 1
122 522 1
122 643 1
122 788 1
122 810 1
122 886 1
122 905 1
122 917 1
123 436 1
123 537 1
123 704 1
123 898 1
124 283 1
124 323 1
124 498 1
124 597 1
124 776 1
124 885 1
125 155 1
125 156 1
125 315 1
125 335 1
125 414 1
125 691 1
125 730 1
125 927 1
126 426 1
126 530 1
126 536 1
126 539 1
126 625 1
126 641 1
126 651 1
126 667 1
126 817 1
126 874 1
126 878 1
126 891 1
126 936 1
127 188 1
127 340 1
127 507 1
127 856 1
127 923 1
127 936 1
128 174 1
128 225 1
128 283 1
128 779 1
128 841 1
128 846 1
128 871 1
128 877 1
128 907 1
128 929 1
129 224 1
129 227 1
129 367 1
129 568 1
129 756 1
129 951 1
130 140 1
130 285 1
130 300 1
130 371 1
130 518 1
130 693 1
130 729 1
130 840 1
130 929 1
131 140 1
131 160 1
131 252 1
131 323 1
131 337 1
131 394 1
131 484 1
131 633 1
131 675 1
131 732 1
131 745 1
131 871 1
132 133 1
132 259 1
132 348 1
132 350 1
132 456 1
132 495 1
132 772 1
132 895 1
132 978 1
132 983 1
133 149 1
133 203 1
133 305 1
133 451 1
133 613 1
133 705 1
133 742 1
133 855 1
133 863 1
133 931 1
133 967 1
134 143 1
134 233 1
134 269 1
134 414 1
134 478 1
134 489 1
134 622 1
134 648 1
134 703 1
134 745 1
134 779 1
134 785 1
134 826 1
134 999 1
135 148 1
135 205 1
135 229 1
135 253 1
135 331 1
135 359 1
135 364 1
135 372 1
135 394 1
135 652 1
135 679 1
135 682 1
135 683 1
135 693 1
135 719 1
135 762 1
135 789 1
136 163 1
136 293 1
136 482 1
136 582 1
136 619 1
136 823 1
136 891 1
137 199 1
137 239 1
137 361 1
137 368 1
137 609 1
137 849 1
137 947 1
137 968 1
138 203 1
138 232 1
138 234 1
138 279 1
138 300 1
138 551 1
138 707 1
139 162 1
139 187 1
139 249 1
139 876 1
140 142 1
140 261 1
140 398 1
140 423 1
140 784 1
140 821 1
140 989 1
141 146 1
141 208 1
141 461 1
141 487 1
141 505 1
141 618 1
142 370 1
142 489 1
142 509 1
142 538 1
142 868 1
143 196 1
143 201 1
143 216 1
143 569 1
143 590 1
143 612 1
143 627 1
143 661 1
143 807 1
143 923 1
143 955 1
144 306 1
144 456 1
144 478 1
144 505 1
144 513 1
144 546 1
144 736 1
145 219 1
145 419 1
145 516 1
145 992 1
146 150 1
146 572 1
146 715 1
146 849 1
147 193 1
147 563 1
147 707 1
147 721 1
147 800 1
147 842 1
147 904 1
147 919 1
147 999 1
148 216 1
148 253 1
148 338 1
148 630 1
148 668 1
148 913 1
149 250 1
149 266 1
149 384 1
149 476 1
149 531 1
149 564 1
149 684 1
149 701 1
149 764 1
149 781 1
149 896 1
149 953 1
150 296 1
150 423 1
150 477 1
150 482 1
150 510 1
150 558 1
150 683 1
150 880 1
150 927 1
151 199 1
151 331 1
151 370 1
151 654 1
151 751 1
151 804 1
151 972 1
152 223 1
152 298 1
152 361 1
152 493 1
152 752 1
152 767 1
152 802 1
152 871 1
152 991 1
152 999 1
153 364 1
153 466 1
153 592 1
153 610 1
153 853 1
153 867 1
153 905 1
154 635 1
154 689 1
154 829 1
154 875 1
154 991 1
154 998 1
155 174 1
155 224 1
155 454 1
155 480 1
155 815 1
155 954 1
155 961 1
156 166 1
156 655 1
156 750 1
156 866 1
156 985 1
157 373 1
157 601 1
157 607 1
157 617 1
157 738 1
157 802 1
157 873 1
157 915 1
157 987 1
158 334 1
158 349 1
158 388 1
158 426 1
158 429 1
158 432 1
158 669 1
158 670 1
158 682 1
158 720 1
158 968 1
159 373 1
159 435 1
159 520 1
159 534 1
159 620 1
159 643 1
159 698 1
159 737 1
159 772 1
160 193 1
160 260 1
160 409 1
160 487 1
160 540 1
160 552 1
160 653 1
160 831 1
160 900 1
161 178 1
161 211 1
161 257 1
161 262 1
161 302 1
161 470 1
161 635 1
161 773 1
161 853 1
161 870 1
161 905 1
161 937 1
161 958 1
162 226 1
162 231 1
162 233 1
162 262 1
162 321 1
162 453 1
162 537 1
162 624 1
162 676 1
162 742 1
162 759 1
162 795 1
162 806 1
162 966 1
162 979 1
163 206 1
163 304 1
163 324 1
163 399 1
163 552 1
163 565 1
163 808 1
163 954 1
164 169 1
164 253 1
164 427 1
164 530 1
164 614 1
164 618 1
164 665 1
164 730 1
164 810 1
164 834 1
164 997 1
165 264 1
165 339 1
165 574 1
165 754 1
165 988 1
166 361 1
166 382 1
166 413 1
166 459 1
166 533 1
166 714 1
166 987 1
167 216 1
167 227 1
167 422 1
167 649 1
167 656 1
167 674 1
168 377 1
168 391 1
168 496 1
168 505 1
168 582 1
168 719 1
168 746 1
168 748 1
168 765 1
168 809 1
168 825 1
168 968 1
169 393 1
169 457 1
169 478 1
169 832 1
169 997 1
170 208 1
170 407 1
170 504 1
170 528 1
170 550 1
170 556 1
170 573 1
170 575 1
170 579 1
170 623 1
170 786 1
170 831 1
170 898 1
170 944 1
171 191 1
171 317 1
171 355 1
171 360 1
171 361 1
171 415 1
171 537 1
171 581 1
171 599 1
171 645 1
171 701 1
171 822 1
171 897 1
172 229 1
172 309 1
172 491 1
172 553 1
172 650 1
172 959 1
173 233 1
173 316 1
173 616 1
173 665 1
173 758 1
173 796 1
173 972 1
173 983 1
174 287 1
174 340 1
174 591 1
174 691 1
174 782 1
174 815 1
174 835 1
175 238 1
175 295 1
175 320 1
175 416 1
175 485 1
175 533 1
175 587 1
175 728 1
175 732 1
175 918 1
176 215 1
176 271 1
176 293 1
176 470 1
176 500 1
176 525 1
176 599 1
176 668 1
176 944 1
177 304 1
177 512 1
177 623 1
177 655 1
177 690 1
177 770 1
177 788 1
177 828 1
177 876 1
178 357 1
178 465 1
178 504 1
178 657 1
178 695 1
178 846 1
178 919 1
178 961 1
179 216 1
179 523 1
179 540 1
179 554 1
179 596 1
179 603 1
179 659 1
179 777 1
179 868 1
180 259 1
180 307 1
180 330 1
180 416 1
180 433 1
180 704 1
180 954 1
180 960 1
180 976 1
181 189 1
181 294 1
181 308 1
181 510 1
181 676 1
181 700 1
181 916 1
182 302 1
182 408 1
182 629 1
182 774 1
182 803 1
183 211 1
183 437 1
183 529 1
183 713 1
183 784 1
183 824 1
183 857 1
183 941 1
184 199 1
184 377 1
184 379 1
184 464 1
184 495 1
184 635 1
184 647 1
184 711 1
185 214 1
185 261 1
185 345 1
185 351 1
185 355 1
185 407 1
185 544 1
185 796 1
185 855 1
185 918 1
186 406 1
186 672 1
186 856 1
187 343 1
187 397 1
187 399 1
187 415 1
187 621 1
187 653 1
187 688 1
187 738 1
187 899 1
187 923 1
187 994 1
188 273 1
188 388 1
188 391 1
188 416 1
188 465 1
188 622 1
188 949 1
189 411 1
189 557 1
189 584 1
189 624 1
189 627 1
189 721 1
189 839 1
189 880 1
189 882 1
190 242 1
190 437 1
190 457 1
190 730 1
191 208 1
191 382 1
191 504 1
191 524 1
191 646 1
191 813 1
191 835 1
191 930 1
191 998 1
192 249 1
192 252 1
192 567 1
192 589 1
192 691 1
192 745 1
192 902 1
193 271 1
193 314 1
193 419 1
193 736 1
193 802 1
193 900 1
194 223 1
194 302 1
194 359 1
194 523 1
194 752 1
195 301 1
195 476 1
195 700 1
195 865 1
195 983 1
196 531 1
196 535 1
196 577 1
196 597 1
196 813 1
197 308 1
197 351 1
197 378 1
197 551 1
197 906 1
198 357 1
198 414 1
198 435 1
198 459 1
198 482 1
198 602 1
198 614 1
198 717 1
198 814 1
198 919 1
199 238 1
199 345 1
199 396 1
199 421 1
199 524 1
199 534 1
199 585 1
199 822 1
199 870 1
199 925 1
200 503 1
200 517 1
200 590 1
200 607 1
200 824 1
201 239 1
201 277 1
201 395 1
201 507 1
201 605 1
201 791 1
201 799 1
201 830 1
201 849 1
201 859 1
201 869 1
202 276 1
202 278 1
202 287 1
202 328 1
202 437 1
202 498 1
202 598 1
202 897 1
202 1000 1
203 265 1
203 534 1
203 544 1
203 603 1
203 616 1
203 626 1
203 663 1
203 676 1
203 729 1
203 755 1
203 759 1
203 768 1
204 236 1
204 346 1
204 463 1
204 630 1
204 763 1
204 927 1
204 929 1
204 983 1
205 415 1
205 434 1
205 463 1
205 465 1
205 533 1
205 556 1
205 634 1
205 768 1
205 782 1
205 996 1
206 233 1
206 258 1
206 360 1
206 419 1
206 448 1
206 512 1
206 754 1
206 773 1
206 882 1
206 923 1
206 941 1
207 343 1
207 426 1
207 471 1
207 499 1
207 525 1
207 559 1
207 857 1
208 249 1
208 615 1
208 819 1
208 841 1
208 877 1
208 973 1
209 220 1
209 227 1
209 300 1
209 431 1
209 766 1
209 821 1
209 905 1
209 987 1
210 245 1
210 365 1
210 445 1
210 509 1
210 518 1
210 591 1
210 756 1
211 245 1
211 322 1
211 331 1
211 438 1
211 544 1
211 652 1
211 708 1
211 718 1
211 868 1
212 220 1
212 248 1
212 266 1
212 283 1
212 311 1
212 366 1
212 391 1
212 416 1
212 553 1
212 653 1
212 709 1
212 806 1
212 856 1
212 888 1
213 400 1
213 550 1
213 603 1
213 734 1
213 737 1
213 828 1
213 979 1
214 405 1
214 475 1
214 506 1
214 549 1
214 584 1
214 705 1
214 797 1
214 820 1
214 913 1
214 947 1
214 965 1
214 985 1
215 233 1
215 316 1
215 349 1
215 361 1
215 570 1
215 574 1
215 860 1
216 230 1
216 625 1
216 795 1
216 863 1
216 880 1
216 978 1
217 457 1
217 462 1
217 557 1
217 595 1
217 619 1
217 662 1
217 680 1
217 778 1
217 822 1
218 244 1
218 254 1
218 294 1
218 318 1
218 349 1
218 476 1
218 548 1
218 556 1
218 620 1
218 678 1
218 767 1
218 995 1
218 997 1
219 304 1
219 378 1
219 643 1
219 722 1
219 809 1
219 856 1
219 975 1
219 998 1
220 330 1
220 386 1
220 403 1
220 437 1
220 578 1
220 628 1
220 840 1
220 850 1
221 309 1
221 443 1
221 469 1
221 770 1
221 810 1
221 859 1
221 925 1
222 225 1
222 336 1
222 352 1
222 364 1
222 709 1
222 817 1
222 989 1
223 295 1
223 300 1
223 397 1
223 442 1
223 514 1
223 635 1
223 684 1
223 755 1
223 764 1
223 839 1
223 856 1
223 893 1
223 973 1
224 242 1
224 281 1
224 340 1
224 425 1
224 543 1
224 545 1
224 758 1
224 853 1
224 904 1
224 937 1
224 945 1
225 271 1
225 298 1
225 414 1
225 515 1
225 521 1
225 677 1
225 748 1
225 777 1
225 809 1
225 810 1
226 245 1
226 343 1
226 458 1
226 534 1
226 577 1
226 599 1
226 639 1
226 667 1
226 723 1
226 775 1
226 872 1
227 283 1
227 332 1
227 546 1
227 562 1
227 767 1
227 799 1
227 806 1
227 970 1
228 319 1
228 403 1
228 420 1
228 732 1
228 747 1
228 757 1
229 255 1
229 340 1
229 407 1
229 487 1
229 521 1
229 709 1
229 719 1
229 736 1
229 814 1
229 917 1
230 246 1
230 300 1
230 380 1
230 425 1
230 483 1
230 547 1
230 633 1
230 681 1
230 704 1
230 842 1
230 862 1
230 951 1
231 425 1
231 442 1
231 491 1
231 530 1
231 537 1
231 562 1
231 652 1
231 933 1
232 346 1
232 472 1
232 622 1
232 639 1
232 645 1
232 772 1
232 907 1
233 693 1
233 709 1
233 833 1
233 857 1
234 278 1
234 288 1
234 333 1
234 342 1
234 483 1
234 591 1
234 914 1
234 917 1
234 958 1
235 389 1
235 589 1
235 630 1
235 636 1
235 861 1
236 247 1
236 250 1
236 329 1
236 362 1
236 386 1
236 507 1
236 625 1
236 646 1
236 735 1
237 272 1
237 411 1
237 633 1
237 715 1
237 845 1
237 897 1
238 264 1
238 346 1
238 376 1
238 431 1
238 464 1
238 609 1
238 742 1
239 241 1
239 276 1
239 290 1
239 386 1
239 389 1
239 726 1
239 734 1
239 744 1
239 766 1
239 802 1
239 854 1
239 923 1
239 962 1
240 355 1
240 418 1
240 489 1
240 526 1
240 603 1
240 604 1
240 731 1
240 878 1
240 905 1
241 396 1
241 401 1
241 524 1
241 532 1
241 615 1
241 650 1
241 886 1
241 929 1
241 932 1
241 938 1
241 941 1
242 304 1
242 432 1
242 593 1
242 676 1
242 842 1
242 923 1
242 935 1
242 950 1
242 979 1
243 466 1
243 545 1
243 737 1
243 748 1
243 785 1
243 831 1
244 255 1
244 413 1
244 446 1
244 529 1
244 550 1
244 768 1
244 837 1
244 982 1
244 988 1
244 998 1
245 374 1
245 410 1
245 414 1
245 539 1
245 541 1
245 621 1
245 630 1
245 631 1
245 845 1
246 280 1
246 402 1
246 439 1
246 651 1
246 767 1
246 778 1
246 878 1
247 309 1
247 320 1
247 332 1
247 382 1
247 429 1
247 496 1
247 500 1
247 672 1
247 784 1
248 258 1
248 399 1
248 470 1
248 485 1
248 709 1
248 834 1
248 835 1
248 857 1
249 276 1
249 281 1
249 317 1
249 347 1
249 473 1
249 739 1
249 961 1
250 274 1
250 297 1
250 329 1
250 340 1
250 426 1
250 455 1
250 472 1
250 571 1
250 595 1
250 614 1
250 662 1
250 677 1
250 713 1
250 790 1
250 807 1
250 815 1
250 944 1
251 329 1
251 369 1
251 414 1
251 481 1
251 504 1
251 527 1
251 602 1
251 892 1
252 263 1
252 280 1
252 363 1
252 458 1
252 536 1
252 567 1
252 588 1
252 653 1
252 759 1
252 814 1
252 950 1
253 304 1
253 370 1
253 429 1
253 508 1
253 614 1
253 656 1
253 671 1
253 741 1
253 766 1
253 768 1
253 787 1
253 790 1
253 792 1
253 809 1
253 835 1
253 874 1
253 888 1
253 936 1
254 255 1
254 495 1
254 599 1
254 615 1
254 774 1
254 932 1
255 489 1
255 708 1
255 713 1
255 965 1
256 447 1
256 512 1
256 610 1
256 652 1
256 842 1
256 948 1
257 451 1
257 495 1
257 725 1
257 801 1
257 867 1
257 891 1
257 961 1
258 389 1
258 596 1
258 627 1
258 633 1
258 775 1
258 780 1
258 946 1
259 269 1
259 287 1
259 381 1
259 389 1
259 416 1
259 463 1
259 594 1
259 776 1
259 903 1
259 906 1
259 908 1
259 931 1
260 340 1
260 591 1
260 686 1
260 770 1
261 271 1
261 398 1
261 403 1
261 414 1
261 455 1
261 701 1
261 705 1
261 757 1
261 816 1
262 347 1
262 393 1
262 395 1
262 486 1
262 530 1
262 663 1
263 365 1
263 524 1
263 705 1
264 376 1
264 417 1
264 457 1
264 573 1
264 903 1
265 304 1
265 337 1
265 407 1
265 763 1
265 788 1
265 869 1
265 911 1
266 329 1
266 431 1
266 469 1
266 567 1
266 610 1
266 914 1
266 915 1
267 451 1
267 527 1
267 783 1
267 793 1
267 808 1
267 860 1
267 911 1
267 995 1
268 395 1
268 479 1
268 554 1
268 606 1
268 634 1
268 677 1
268 703 1
268 972 1
269 529 1
269 738 1
269 799 1
269 811 1
269 821 1
269 867 1
269 910 1
269 924 1
270 383 1
270 537 1
270 654 1
270 675 1
270 689 1
270 700 1
270 868 1
270 895 1
270 929 1
271 337 1
271 418 1
271 519 1
271 671 1
271 681 1
271 738 1
271 842 1
271 914 1
272 493 1
272 502 1
272 523 1
272 542 1
272 743 1
272 773 1
272 865 1
272 875 1
272 928 1
273 362 1
273 369 1
273 498 1
273 535 1
273 690 1
273 835 1
274 303 1
274 360 1
274 380 1
274 485 1
274 649 1
274 751 1
274 871 1
274 929 1
274 996 1
275 460 1
275 497 1
275 565 1
275 665 1
275 753 1
275 771 1
275 801 1
275 839 1
275 852 1
276 286 1
276 289 1
276 315 1
276 329 1
276 345 1
276 380 1
276 541 1
276 578 1
276 613 1
276 629 1
276 906 1
277 290 1
277 301 1
277 312 1
277 329 1
277 572 1
278 473 1
278 697 1
278 753 1
278 765 1
278 941 1
278 951 1
278 956 1
279 310 1
279 378 1
279 445 1
279 541 1
279 620 1
279 718 1
279 804 1
279 876 1
279 978 1
280 309 1
280 512 1
280 546 1
280 634 1
280 710 1
280 751 1
280 810 1
281 368 1
281 385 1
281 395 1
281 423 1
281 432 1
281 528 1
281 551 1
281 711 1
281 813 1
281 918 1
281 973 1
282 450 1
282 494 1
282 536 1
282 652 1
282 708 1
282 891 1
282 892 1
283 351 1
283 354 1
283 359 1
283 409 1
283 425 1
283 441 1
283 578 1
283 600 1
283 634 1
283 655 1
283 677 1
283 823 1
283 910 1
284 303 1
284 304 1
284 413 1
284 415 1
284 463 1
284 473 1
284 513 1
284 528 1
284 878 1
284 929 1
284 996 1
285 522 1
285 620 1
285 740 1
285 791 1
285 796 1
285 804 1
285 907 1
285 924 1
285 947 1
286 650 1
286 682 1
286 970 1
287 391 1
287 507 1
287 583 1
287 756 1
287 780 1
287 816 1
287 896 1
287 902 1
288 339 1
288 588 1
288 659 1
289 401 1
289 438 1
289 439 1
289 444 1
289 714 1
289 738 1
289 827 1
290 311 1
290 324 1
290 356 1
290 452 1
290 692 1
290 697 1
290 802 1
290 916 1
291 460 1
291 548 1
291 659 1
291 743 1
291 775 1
291 859 1
291 923 1
292 414 1
292 558 1
292 781 1
292 826 1
292 835 1
292 936 1
292 961 1
292 981 1
293 311 1
293 763 1
293 778 1
293 923 1
294 402 1
294 462 1
294 775 1
294 837 1
294 885 1
295 396 1
295 402 1
295 906 1
295 983 1
296 335 1
296 409 1
296 522 1
296 527 1
296 742 1
296 882 1
297 454 1
297 583 1
297 605 1
297 643 1
297 817 1
297 894 1
298 396 1
298 438 1
298 475 1
298 549 1
298 995 1
299 318 1
299 407 1
299 543 1
299 644 1
299 811 1
299 870 1
299 951 1
300 373 1
300 389 1
300 431 1
300 521 1
300 546 1
300 609 1
300 658 1
300 748 1
300 771 1
300 843 1
301 362 1
301 442 1
301 453 1
301 456 1
301 569 1
301 789 1
301 812 1
302 463 1
302 482 1
302 485 1
302 569 1
302 665 1
302 746 1
302 750 1
302 800 1
302 815 1
303 398 1
303 608 1
303 726 1
303 872 1
304 322 1
304 407 1
304 439 1
304 762 1
304 837 1
304 937 1
304 975 1
305 444 1
305 480 1
305 608 1
305 870 1
305 954 1
306 357 1
306 538 1
306 609 1
306 767 1
306 778 1
306 841 1
307 363 1
307 510 1
307 531 1
307 557 1
307 616 1
307 704 1
307 967 1
308 312 1
308 416 1
308 474 1
308 555 1
308 624 1
308 657 1
308 676 1
308 696 1
308 746 1
308 903 1
308 997 1
309 400 1
309 407 1
309 699 1
309 805 1
309 827 1
309 829 1
309 860 1
309 884 1
309 925 1
310 423 1
310 651 1
310 752 1
310 787 1
310 798 1
310 858 1
310 869 1
310 926 1
310 974 1
311 349 1
311 522 1
311 836 1
311 843 1
312 318 1
312 362 1
312 586 1
312 666 1
312 731 1
312 892 1
312 1000 1
313 391 1
313 540 1
313 715 1
313 880 1
314 473 1
314 635 1
314 790 1
314 824 1
315 391 1
315 469 1
315 536 1
315 705 1
315 743 1
315 843 1
316 405 1
316 595 1
316 719 1
316 728 1
316 980 1
317 324 1
317 548 1
317 638 1
317 713 1
317 737 1
317 747 1
317 793 1
317 803 1
318 319 1
318 472 1
318 611 1
318 657 1
318 697 1
318 725 1
318 826 1
318 942 1
318 965 1
318 969 1
318 1000 1
319 367 1
319 368 1
319 561 1
319 651 1
319 691 1
319 733 1
319 853 1
320 786 1
320 830 1
320 909 1
321 324 1
321 582 1
321 679 1
321 877 1
321 952 1
321 961 1
322 412 1
322 413 1
322 419 1
322 565 1
322 588 1
323 438 1
323 542 1
323 546 1
323 603 1
323 626 1
323 873 1
323 953 1
324 344 1
324 418 1
324 570 1
324 617 1
324 663 1
324 885 1
324 887 1
324 910 1
325 339 1
325 582 1
325 610 1
325 738 1
325 841 1
325 928 1
325 930 1
325 935 1
326 328 1
326 342 1
326 405 1
326 544 1
326 545 1
326 620 1
326 759 1
326 790 1
326 918 1
326 958 1
327 604 1
327 683 1
327 831 1
327 845 1
327 920 1
327 974 1
328 336 1
328 343 1
328 400 1
328 741 1
328 771 1
328 789 1
328 832 1
328 911 1
328 920 1
329 657 1
329 667 1
329 777 1
329 959 1
330 358 1
330 406 1
330 440 1
330 462 1
330 624 1
330 905 1
331 478 1
331 641 1
331 643 1
332 401 1
332 444 1
332 466 1
332 591 1
332 908 1
332 967 1
333 411 1
333 474 1
333 576 1
333 759 1
333 865 1
333 876 1
333 888 1
333 903 1
334 416 1
334 506 1
334 531 1
334 579 1
334 630 1
334 816 1
334 900 1
334 957 1
335 750 1
335 798 1
335 805 1
335 952 1
335 978 1
336 619 1
336 857 1
336 921 1
337 635 1
337 650 1
337 709 1
337 734 1
337 801 1
337 846 1
337 988 1
338 528 1
338 897 1
339 452 1
339 837 1
339 889 1
340 440 1
340 495 1
340 612 1
340 674 1
340 785 1
340 865 1
340 975 1
340 980 1
341 485 1
341 492 1
341 678 1
341 739 1
341 826 1
341 883 1
341 887 1
341 998 1
342 703 1
342 767 1
342 791 1
342 843 1
342 876 1
342 912 1
343 344 1
343 355 1
343 366 1
343 441 1
343 568 1
343 608 1
343 611 1
343 830 1
343 876 1
343 900 1
343 950 1
344 446 1
344 630 1
344 636 1
344 729 1
344 804 1
344 878 1
344 959 1
345 407 1
345 536 1
345 540 1
345 587 1
345 670 1
345 677 1
345 768 1
345 803 1
346 463 1
346 640 1
346 674 1
346 840 1
347 473 1
347 578 1
347 622 1
347 820 1
347 971 1
348 399 1
348 693 1
348 831 1
348 836 1
348 897 1
348 917 1
348 992 1
349 436 1
349 483 1
349 673 1
349 755 1
349 811 1
349 832 1
350 359 1
350 435 1
350 437 1
350 448 1
350 520 1
350 603 1
350 772 1
350 793 1
350 855 1
350 878 1
350 918 1
350 925 1
350 996 1
351 469 1
351 803 1
351 984 1
352 406 1
352 494 1
352 665 1
352 673 1
352 721 1
353 512 1
353 556 1
353 567 1
353 763 1
353 807 1
353 852 1
353 877 1
354 475 1
354 574 1
354 690 1
354 770 1
354 805 1
354 959 1
355 731 1
355 752 1
355 870 1
355 889 1
355 977 1
356 510 1
356 661 1
356 813 1
356 881 1
357 574 1
357 644 1
357 805 1
357 906 1
358 376 1
358 477 1
358 628 1
358 680 1
358 738 1
358 828 1
358 924 1
359 576 1
359 661 1
359 691 1
359 815 1
359 833 1
359 920 1
360 372 1
360 432 1
360 461 1
360 514 1
360 669 1
360 675 1
360 943 1
360 956 1
360 965 1
361 643 1
361 673 1
361 676 1
361 733 1
361 918 1
361 970 1
362 436 1
362 444 1
362 676 1
362 708 1
362 785 1
362 907 1
362 946 1
363 381 1
363 473 1
363 564 1
363 606 1
363 633 1
363 686 1
363 812 1
364 367 1
364 370 1
364 720 1
364 734 1
364 879 1
364 949 1
364 958 1
365 492 1
365 714 1
365 961 1
366 535 1
366 653 1
366 679 1
366 725 1
366 823 1
366 859 1
366 863 1
368 439 1
368 465 1
368 469 1
368 688 1
368 694 1
368 876 1
369 582 1
369 864 1
369 958 1
370 400 1
370 427 1
370 722 1
370 802 1
370 864 1
370 967 1
371 413 1
371 443 1
371 489 1
371 492 1
371 753 1
371 773 1
371 935 1
371 967 1
371 974 1
372 422 1
372 428 1
372 429 1
372 547 1
372 733 1
372 776 1
372 860 1
373 381 1
373 405 1
373 413 1
373 416 1
373 611 1
373 650 1
373 671 1
373 785 1
373 815 1
374 427 1
374 485 1
374 536 1
374 545 1
374 642 1
374 670 1
375 451 1
375 484 1
375 498 1
375 515 1
375 645 1
375 858 1
375 889 1
375 908 1
375 985 1
376 456 1
376 524 1
376 550 1
376 561 1
376 579 1
376 789 1
376 932 1
377 466 1
377 507 1
377 559 1
377 658 1
377 664 1
377 833 1
378 483 1
378 491 1
378 612 1
378 748 1
378 866 1
378 917 1
378 990 1
379 444 1
379 649 1
379 772 1
379 832 1
379 857 1
379 918 1
379 928 1
379 967 1
380 558 1
380 840 1
380 861 1
380 871 1
381 539 1
381 690 1
382 676 1
382 729 1
382 893 1
382 944 1
383 523 1
383 619 1
383 687 1
383 870 1
383 895 1
383 959 1
383 973 1
384 385 1
384 449 1
384 473 1
384 560 1
384 782 1
384 815 1
384 924 1
384 999 1
385 623 1
385 635 1
385 711 1
385 721 1
385 756 1
385 806 1
385 998 1
386 560 1
386 826 1
386 907 1
386 954 1
386 958 1
386 961 1
386 987 1
387 454 1
387 714 1
387 956 1
388 471 1
388 474 1
388 584 1
388 673 1
388 778 1
388 859 1
388 997 1
389 400 1
389 428 1
389 537 1
389 697 1
389 896 1
389 921 1
390 527 1
390 553 1
390 648 1
390 693 1
390 727 1
390 843 1
390 895 1
390 985 1
391 441 1
391 471 1
391 484 1
391 509 1
391 513 1
391 517 1
391 521 1
391 529 1
391 553 1
391 569 1
391 628 1
391 900 1
391 977 1
392 716 1
392 755 1
392 821 1
392 852 1
392 903 1
392 946 1
393 682 1
393 826 1
394 544 1
394 600 1
394 656 1
395 463 1
395 492 1
395 517 1
395 727 1
395 758 1
395 789 1
395 863 1
395 871 1
396 456 1
396 643 1
396 775 1
396 841 1
396 868 1
397 550 1
397 598 1
397 754 1
397 819 1
397 958 1
397 965 1
398 646 1
398 677 1
398 728 1
398 925 1
399 430 1
399 482 1
399 582 1
399 585 1
399 644 1
399 649 1
399 650 1
399 694 1
399 723 1
399 745 1
399 771 1
399 843 1
399 860 1
399 920 1
399 965 1
400 496 1
400 849 1
400 999 1
401 432 1
401 462 1
401 632 1
401 652 1
401 726 1
401 740 1
401 824 1
401 962 1
401 992 1
402 435 1
402 569 1
402 574 1
402 642 1
402 651 1
402 703 1
402 758 1
402 962 1
403 547 1
403 749 1
403 814 1
403 983 1
404 582 1
404 724 1
404 807 1
404 877 1
404 896 1
405 463 1
405 545 1
405 656 1
405 777 1
406 423 1
406 607 1
406 642 1
406 699 1
406 739 1
406 938 1
406 980 1
406 996 1
407 441 1
407 474 1
407 534 1
407 624 1
407 731 1
407 802 1
407 856 1
407 966 1
408 434 1
408 498 1
408 829 1
408 917 1
409 484 1
409 577 1
409 649 1
409 850 1
409 867 1
410 580 1
410 665 1
410 841 1
410 854 1
410 942 1
411 480 1
411 981 1
412 418 1
412 478 1
412 566 1
412 591 1
412 612 1
412 731 1
412 800 1
412 805 1
413 484 1
413 561 1
413 616 1
414 427 1
414 658 1
414 672 1
414 820 1
415 510 1
415 642 1
415 789 1
415 793 1
415 872 1
415 878 1
415 896 1
415 924 1
416 639 1
416 720 1
416 848 1
416 856 1
417 434 1
417 558 1
417 854 1
417 954 1
418 436 1
418 802 1
418 818 1
418 969 1
418 990 1
419 474 1
419 475 1
419 501 1
419 507 1
419 646 1
419 754 1
419 755 1
419 773 1
419 824 1
419 834 1
420 573 1
420 720 1
420 724 1
420 998 1
421 593 1
421 808 1
421 848 1
421 898 1
422 432 1
422 443 1
422 594 1
422 709 1
422 829 1
423 485 1
423 658 1
423 749 1
423 750 1
423 793 1
423 847 1
424 551 1
424 579 1
424 646 1
424 647 1
424 777 1
424 809 1
424 847 1
424 864 1
425 531 1
425 536 1
425 556 1
425 559 1
425 625 1
425 639 1
425 704 1
425 746 1
425 849 1
425 861 1
425 944 1
426 433 1
426 499 1
426 539 1
426 635 1
426 649 1
426 717 1
426 750 1
426 973 1
426 981 1
427 430 1
427 469 1
427 540 1
427 646 1
427 649 1
427 687 1
427 796 1
427 960 1
428 613 1
428 641 1
428 672 1
428 845 1
428 958 1
428 995 1
429 445 1
429 496 1
429 798 1
429 923 1
429 942 1
429 966 1
430 457 1
430 828 1
430 840 1
430 873 1
430 892 1
430 966 1
431 606 1
431 783 1
431 948 1
432 504 1
432 899 1
433 441 1
433 442 1
433 451 1
433 452 1
433 736 1
433 741 1
433 885 1
433 893 1
433 922 1
434 436 1
434 440 1
434 541 1
434 583 1
434 966 1
435 475 1
435 518 1
435 572 1
435 670 1
435 782 1
435 787 1
436 512 1
436 665 1
436 721 1
436 735 1
436 772 1
436 812 1
436 824 1
436 877 1
437 449 1
437 469 1
437 511 1
437 568 1
437 644 1
437 757 1
437 827 1
438 552 1
438 596 1
438 608 1
438 669 1
438 716 1
438 753 1
438 865 1
438 894 1
438 983 1
439 558 1
439 606 1
439 738 1
439 841 1
439 993 1
440 535 1
440 612 1
440 718 1
440 830 1
441 462 1
441 609 1
442 682 1
442 697 1
442 733 1
442 773 1
442 859 1
442 865 1
442 889 1
442 914 1
442 927 1
443 461 1
443 464 1
443 533 1
443 561 1
443 799 1
443 820 1
443 981 1
444 640 1
444 765 1
444 821 1
445 882 1
446 564 1
446 570 1
446 574 1
446 696 1
446 884 1
447 483 1
447 487 1
447 512 1
447 612 1
447 619 1
447 631 1
447 686 1
447 746 1
447 974 1
448 466 1
448 513 1
448 639 1
448 791 1
448 859 1
449 451 1
449 478 1
449 711 1
449 795 1
449 816 1
449 850 1
449 975 1
450 565 1
450 571 1
450 752 1
450 766 1
450 880 1
450 955 1
450 994 1
451 461 1
451 784 1
451 789 1
451 985 1
452 608 1
452 735 1
452 767 1
452 940 1
452 960 1
453 613 1
453 879 1
454 473 1
454 555 1
454 572 1
454 583 1
454 696 1
454 768 1
454 917 1
454 935 1
455 571 1
455 622 1
455 625 1
455 675 1
455 719 1
455 794 1
455 800 1
455 925 1
455 977 1
456 479 1
456 544 1
456 801 1
456 894 1
457 485 1
457 523 1
457 542 1
457 557 1
457 577 1
457 599 1
457 675 1
457 715 1
457 847 1
457 872 1
457 980 1
458 671 1
458 988 1
459 487 1
459 558 1
459 753 1
459 854 1
459 950 1
460 497 1
460 607 1
460 698 1
460 831 1
461 570 1
461 672 1
461 682 1
461 692 1
461 756 1
461 838 1
461 888 1
461 967 1
462 482 1
462 514 1
462 663 1
462 714 1
462 814 1
462 831 1
462 881 1
462 927 1
462 991 1
463 640 1
463 689 1
463 698 1
463 701 1
463 771 1
463 830 1
463 872 1
464 532 1
464 651 1
464 681 1
464 809 1
464 828 1
465 603 1
465 907 1
465 932 1
466 472 1
466 569 1
466 634 1
466 908 1
466 911 1
466 919 1
466 962 1
467 547 1
467 570 1
467 757 1
467 769 1
467 770 1
467 825 1
467 936 1
467 941 1
468 635 1
468 686 1
468 832 1
468 909 1
469 595 1
469 624 1
469 782 1
469 811 1
469 821 1
469 861 1
469 992 1
470 480 1
470 537 1
470 948 1
470 988 1
471 526 1
471 621 1
471 710 1
471 716 1
471 783 1
471 838 1
471 867 1
471 987 1
472 491 1
472 503 1
472 543 1
472 603 1
472 671 1
472 714 1
472 748 1
472 807 1
472 831 1
472 903 1
472 971 1
473 545 1
473 628 1
473 731 1
473 753 1
473 930 1
473 948 1
474 563 1
474 782 1
474 869 1
474 910 1
475 479 1
475 852 1
475 887 1
475 909 1
475 990 1
476 555 1
476 576 1
476 665 1
476 862 1
477 559 1
477 794 1
477 867 1
477 938 1
478 501 1
478 560 1
478 679 1
478 786 1
478 797 1
478 904 1
478 988 1
479 504 1
479 823 1
479 870 1
479 893 1
480 532 1
480 568 1
480 586 1
480 608 1
480 949 1
481 615 1
481 688 1
481 889 1
481 910 1
481 936 1
482 561 1
482 585 1
482 591 1
482 650 1
482 666 1
482 675 1
482 682 1
482 853 1
482 859 1
482 967 1
483 675 1
483 819 1
483 901 1
483 918 1
483 945 1
484 579 1
484 840 1
484 941 1
485 543 1
485 611 1
485 680 1
485 690 1
485 705 1
485 720 1
485 775 1
485 991 1
486 620 1
486 846 1
486 953 1
487 564 1
487 694 1
487 826 1
487 916 1
487 923 1
488 588 1
488 686 1
488 739 1
488 791 1
488 801 1
488 837 1
488 946 1
489 519 1
489 599 1
489 880 1
489 987 1
490 546 1
490 560 1
490 650 1
490 659 1
490 723 1
490 907 1
490 965 1
490 977 1
491 504 1
491 515 1
491 554 1
491 648 1
491 788 1
491 891 1
491 905 1
491 967 1
491 975 1
492 580 1
492 683 1
492 687 1
492 847 1
492 889 1
492 945 1
493 688 1
493 954 1
494 751 1
494 854 1
494 858 1
494 872 1
494 898 1
495 573 1
495 610 1
495 675 1
495 774 1
495 847 1
495 899 1
495 984 1
495 989 1
496 536 1
496 928 1
497 671 1
497 752 1
497 853 1
497 890 1
497 949 1
498 506 1
498 509 1
498 679 1
498 859 1
498 870 1
498 885 1
499 595 1
499 600 1
499 698 1
499 746 1
499 812 1
499 855 1
499 941 1
500 542 1
500 666 1
500 716 1
500 770 1
500 851 1
500 985 1
501 668 1
501 741 1
502 602 1
502 822 1
503 566 1
503 575 1
503 656 1
503 765 1
503 812 1
503 835 1
503 864 1
503 964 1
504 695 1
504 722 1
504 828 1
504 968 1
505 592 1
505 795 1
505 812 1
505 876 1
505 892 1
505 936 1
506 541 1
506 542 1
506 618 1
506 628 1
506 663 1
506 670 1
506 712 1
506 730 1
507 602 1
507 767 1
507 772 1
507 788 1
507 791 1
507 887 1
507 971 1
508 514 1
508 571 1
508 581 1
508 600 1
508 746 1
508 853 1
508 893 1
508 903 1
509 545 1
509 606 1
509 608 1
509 685 1
509 692 1
509 815 1
509 898 1
509 970 1
510 631 1
510 635 1
510 782 1
510 810 1
510 895 1
511 647 1
511 718 1
511 741 1
511 884 1
511 899 1
511 927 1
511 974 1
512 561 1
512 817 1
512 898 1
513 707 1
513 736 1
513 857 1
513 933 1
514 539 1
514 595 1
514 684 1
514 884 1
515 570 1
515 702 1
515 785 1
515 824 1
515 936 1
516 624 1
516 657 1
516 849 1
516 927 1
516 991 1
517 562 1
518 575 1
518 864 1
518 960 1
519 581 1
520 597 1
520 665 1
520 760 1
520 797 1
520 836 1
520 906 1
521 560 1
521 589 1
521 790 1
522 551 1
522 702 1
523 563 1
523 783 1
523 809 1
523 828 1
523 944 1
523 960 1
524 552 1
524 733 1
524 842 1
524 931 1
525 660 1
525 666 1
525 693 1
525 695 1
525 724 1
525 745 1
525 754 1
525 796 1
525 898 1
526 559 1
526 654 1
526 678 1
526 721 1
526 833 1
526 836 1
526 869 1
526 899 1
527 822 1
528 745 1
528 859 1
528 878 1
528 977 1
528 996 1
529 634 1
529 822 1
529 854 1
530 698 1
530 735 1
530 835 1
530 941 1
531 631 1
531 637 1
531 997 1
532 570 1
532 576 1
532 792 1
532 907 1
533 590 1
533 647 1
533 800 1
533 809 1
533 977 1
533 990 1
534 621 1
534 749 1
534 861 1
534 920 1
534 950 1
534 975 1
535 658 1
535 702 1
535 802 1
535 965 1
535 998 1
536 596 1
536 713 1
536 748 1
536 765 1
536 837 1
536 862 1
537 559 1
537 585 1
537 604 1
537 707 1
537 747 1
537 806 1
537 925 1
538 549 1
538 635 1
538 716 1
539 753 1
539 981 1
539 986 1
540 588 1
540 666 1
540 671 1
540 689 1
540 697 1
540 750 1
540 765 1
541 659 1
541 820 1
542 569 1
542 571 1
542 624 1
542 739 1
542 748 1
542 761 1
542 849 1
542 971 1
543 550 1
543 566 1
543 627 1
543 651 1
543 665 1
543 867 1
543 962 1
544 578 1
544 614 1
545 579 1
545 761 1
545 806 1
545 836 1
545 873 1
545 898 1
546 618 1
546 779 1
546 918 1
546 989 1
547 548 1
547 875 1
548 578 1
548 613 1
548 674 1
549 631 1
549 641 1
549 665 1
549 679 1
549 794 1
550 923 1
551 935 1
551 984 1
551 999 1
552 574 1
552 705 1
552 777 1
552 797 1
552 865 1
553 598 1
553 743 1
553 767 1
553 902 1
553 981 1
554 647 1
554 695 1
554 777 1
554 815 1
554 861 1
555 629 1
555 708 1
555 899 1
556 863 1
557 610 1
557 644 1
557 818 1
557 923 1
558 640 1
558 650 1
558 777 1
558 820 1
558 955 1
558 960 1
559 587 1
559 612 1
559 632 1
559 640 1
559 856 1
559 930 1
559 977 1
560 670 1
560 768 1
560 830 1
560 895 1
561 657 1
561 677 1
561 710 1
562 640 1
562 646 1
562 654 1
562 757 1
563 633 1
563 635 1
563 636 1
563 641 1
563 790 1
563 938 1
564 587 1
564 594 1
564 667 1
564 689 1
564 746 1
565 618 1
565 658 1
565 957 1
565 986 1
566 575 1
566 685 1
567 571 1
567 693 1
567 734 1
567 878 1
567 907 1
567 914 1
568 597 1
568 664 1
568 782 1
569 678 1
569 781 1
569 876 1
569 919 1
569 972 1
570 727 1
570 969 1
571 620 1
571 707 1
571 844 1
571 848 1
571 890 1
572 575 1
572 788 1
572 794 1
572 901 1
573 589 1
573 597 1
573 666 1
573 672 1
573 710 1
573 723 1
573 732 1
573 759 1
573 861 1
574 651 1
574 770 1
574 914 1
574 916 1
574 970 1
575 845 1
576 685 1
576 702 1
576 961 1
577 600 1
577 712 1
578 604 1
578 627 1
578 673 1
578 684 1
578 821 1
578 825 1
578 834 1
578 846 1
579 615 1
579 650 1
579 679 1
579 722 1
579 795 1
579 858 1
579 917 1
579 952 1
580 635 1
580 659 1
580 774 1
580 979 1
581 645 1
581 661 1
581 746 1
581 748 1
581 822 1
581 843 1
581 970 1
582 703 1
582 846 1
582 890 1
583 615 1
584 657 1
584 845 1
584 934 1
585 611 1
585 614 1
585 868 1
585 896 1
586 587 1
586 617 1
586 791 1
586 919 1
587 627 1
587 666 1
587 737 1
587 791 1
587 985 1
588 607 1
588 611 1
588 691 1
588 709 1
588 802 1
588 821 1
588 875 1
588 882 1
589 651 1
589 703 1
589 724 1
589 968 1
590 857 1
590 896 1
591 668 1
591 705 1
591 724 1
591 780 1
591 853 1
591 869 1
591 931 1
591 956 1
592 714 1
592 741 1
592 855 1
592 867 1
593 631 1
593 685 1
593 731 1
593 773 1
593 835 1
593 863 1
594 679 1
594 952 1
595 628 1
595 632 1
595 666 1
595 774 1
595 819 1
595 976 1
595 986 1
596 621 1
596 833 1
596 873 1
596 937 1
596 938 1
597 800 1
597 826 1
598 627 1
598 628 1
598 683 1
598 719 1
598 948 1
598 976 1
599 645 1
599 750 1
599 822 1
599 915 1
599 921 1
599 968 1
600 732 1
600 913 1
600 962 1
601 674 1
601 706 1
601 754 1
602 649 1
602 736 1
602 766 1
602 887 1
602 892 1
602 942 1
603 621 1
603 760 1
603 782 1
603 791 1
603 823 1
603 829 1
603 832 1
603 951 1
604 608 1
604 790 1
604 824 1
604 898 1
604 937 1
605 621 1
605 907 1
605 948 1
606 648 1
606 717 1
606 879 1
606 904 1
606 970 1
606 988 1
607 761 1
608 678 1
608 728 1
608 772 1
608 965 1
609 684 1
609 706 1
609 826 1
609 956 1
610 714 1
610 877 1
610 927 1
610 937 1
611 630 1
611 638 1
611 956 1
611 976 1
612 848 1
612 898 1
613 712 1
613 727 1
613 947 1
615 796 1
615 821 1
615 952 1
615 983 1
616 945 1
616 953 1
617 746 1
618 682 1
618 710 1
619 727 1
619 760 1
619 816 1
619 926 1
619 939 1
619 960 1
621 643 1
621 694 1
621 830 1
621 859 1
621 964 1
622 674 1
622 872 1
622 965 1
622 1000 1
623 683 1
623 725 1
623 862 1
623 872 1
623 938 1
624 636 1
624 732 1
624 774 1
624 793 1
624 819 1
624 838 1
624 977 1
624 986 1
625 734 1
625 833 1
626 726 1
626 803 1
626 816 1
626 864 1
626 964 1
626 965 1
627 670 1
627 740 1
627 812 1
627 853 1
627 910 1
627 919 1
628 679 1
628 683 1
628 774 1
628 886 1
628 994 1
629 687 1
629 854 1
629 954 1
629 970 1
630 742 1
630 783 1
630 890 1
630 958 1
630 960 1
630 965 1
630 988 1
631 939 1
632 658 1
632 688 1
632 840 1
632 887 1
632 912 1
633 644 1
633 660 1
633 820 1
633 824 1
633 831 1
634 812 1
634 919 1
635 748 1
635 754 1
635 859 1
635 878 1
636 903 1
636 937 1
637 678 1
637 717 1
637 751 1
638 667 1
638 714 1
638 772 1
638 782 1
638 800 1
638 978 1
638 981 1
639 667 1
639 682 1
639 821 1
639 958 1
640 762 1
640 811 1
640 916 1
641 659 1
641 930 1
641 995 1
642 883 1
642 937 1
643 686 1
643 687 1
643 757 1
643 759 1
643 777 1
643 806 1
643 836 1
643 847 1
644 992 1
645 669 1
645 702 1
645 818 1
645 823 1
646 822 1
646 898 1
647 658 1
647 740 1
647 800 1
648 755 1
648 899 1
648 940 1
649 750 1
649 751 1
649 754 1
649 756 1
649 793 1
649 822 1
649 866 1
649 997 1
650 703 1
650 806 1
650 862 1
650 913 1
651 728 1
651 793 1
651 960 1
652 702 1
652 770 1
652 921 1
653 724 1
653 772 1
653 800 1
654 676 1
654 916 1
655 872 1
655 877 1
655 888 1
655 932 1
656 657 1
656 675 1
656 818 1
656 911 1
656 973 1
657 788 1
657 793 1
657 936 1
658 931 1
658 977 1
658 983 1
658 991 1
659 676 1
659 702 1
659 750 1
659 771 1
660 771 1
660 778 1
660 788 1
661 867 1
661 886 1
661 918 1
661 952 1
662 714 1
662 894 1
663 667 1
663 938 1
663 956 1
664 709 1
664 963 1
664 992 1
665 692 1
665 767 1
665 799 1
665 812 1
665 825 1
665 832 1
665 852 1
665 897 1
666 805 1
666 954 1
667 744 1
667 813 1
667 936 1
667 955 1
668 717 1
668 848 1
668 869 1
668 906 1
669 768 1
669 781 1
669 952 1
669 959 1
669 964 1
670 699 1
670 860 1
670 991 1
670 997 1
671 698 1
671 741 1
671 828 1
671 961 1
672 702 1
672 886 1
673 799 1
673 910 1
674 810 1
675 786 1
675 799 1
675 929 1
676 698 1
676 843 1
677 763 1
677 836 1
677 985 1
678 697 1
678 772 1
678 780 1
679 684 1
679 695 1
679 772 1
679 833 1
679 840 1
679 845 1
679 860 1
680 845 1
680 1000 1
681 689 1
681 859 1
681 896 1
682 765 1
682 913 1
682 925 1
683 800 1
684 708 1
684 942 1
685 795 1
685 813 1
686 762 1
686 921 1
686 985 1
687 703 1
687 779 1
687 830 1
687 889 1
687 902 1
687 935 1
687 987 1
687 995 1
688 705 1
688 708 1
688 744 1
688 881 1
688 994 1
689 692 1
690 700 1
690 827 1
690 839 1
690 859 1
691 774 1
691 883 1
691 977 1
692 761 1
692 773 1
692 784 1
692 841 1
693 736 1
693 772 1
693 897 1
693 925 1
693 993 1
694 907 1
694 933 1
694 965 1
694 995 1
695 897 1
695 950 1
695 985 1
696 702 1
696 763 1
696 796 1
696 887 1
696 931 1
696 978 1
697 929 1
698 744 1
698 776 1
698 792 1
698 817 1
699 728 1
699 756 1
699 795 1
699 962 1
699 992 1
700 728 1
700 732 1
700 901 1
701 794 1
701 930 1
701 988 1
702 766 1
702 928 1
704 767 1
704 931 1
704 946 1
705 805 1
705 908 1
706 930 1
706 989 1
707 778 1
707 892 1
708 831 1
708 840 1
708 884 1
708 935 1
708 965 1
709 788 1
709 835 1
710 811 1
710 840 1
710 866 1
711 997 1
712 717 1
712 729 1
712 837 1
712 856 1
712 890 1
712 957 1
712 998 1
713 804 1
713 823 1
713 829 1
713 982 1
713 985 1
714 820 1
714 955 1
715 757 1
716 771 1
716 874 1
716 902 1
716 920 1
716 984 1
717 731 1
717 829 1
718 770 1
718 790 1
718 902 1
718 939 1
719 722 1
719 872 1
720 772 1
721 765 1
721 825 1
721 970 1
722 791 1
722 862 1
723 787 1
723 794 1
723 849 1
723 859 1
723 867 1
723 884 1
723 890 1
723 952 1
724 795 1
724 823 1
724 903 1
724 939 1
725 742 1
725 908 1
725 933 1
726 757 1
726 797 1
726 912 1
727 786 1
727 939 1
727 964 1
728 952 1
729 732 1
729 765 1
729 835 1
729 910 1
730 760 1
730 828 1
730 878 1
730 885 1
731 757 1
731 814 1
731 909 1
731 911 1
731 949 1
731 950 1
732 776 1
732 1000 1
733 749 1
733 825 1
733 916 1
733 960 1
733 975 1
734 808 1
734 851 1
734 856 1
735 971 1
736 821 1
736 823 1
736 930 1
737 786 1
737 952 1
737 975 1
738 746 1
738 827 1
738 890 1
738 894 1
738 994 1
739 949 1
740 925 1
740 981 1
741 793 1
741 805 1
741 898 1
741 916 1
741 965 1
742 844 1
742 946 1
742 947 1
742 953 1
742 962 1
743 910 1
744 963 1
745 751 1
746 793 1
747 887 1
748 854 1
749 830 1
749 849 1
749 945 1
749 977 1
750 822 1
751 835 1
751 900 1
751 944 1
751 989 1
752 785 1
752 795 1
752 813 1
753 911 1
753 959 1
754 766 1
754 855 1
754 889 1
754 900 1
755 794 1
755 824 1
755 825 1
755 846 1
755 901 1
755 953 1
756 794 1
756 804 1
756 843 1
757 866 1
759 818 1
759 952 1
760 814 1
760 815 1
760 908 1
760 973 1
761 811 1
761 895 1
761 966 1
762 837 1
764 827 1
764 830 1
764 847 1
765 855 1
765 912 1
765 947 1
765 961 1
765 977 1
766 841 1
766 906 1
766 973 1
767 855 1
767 898 1
769 946 1
770 845 1
770 858 1
771 847 1
771 912 1
771 932 1
772 809 1
772 811 1
772 859 1
772 864 1
773 790 1
774 829 1
774 905 1
774 928 1
774 964 1
775 948 1
775 977 1
776 870 1
778 841 1
778 867 1
778 909 1
778 919 1
778 949 1
779 845 1
779 974 1
780 860 1
780 865 1
780 988 1
781 926 1
781 935 1
781 964 1
782 873 1
783 902 1
784 853 1
785 912 1
786 838 1
786 941 1
786 1000 1
787 949 1
788 883 1
790 825 1
790 869 1
790 912 1
791 833 1
791 853 1
791 875 1
791 950 1
792 904 1
793 835 1
793 843 1
793 993 1
794 823 1
794 887 1
794 963 1
795 921 1
795 999 1
796 912 1
797 846 1
797 874 1
797 928 1
797 948 1
797 970 1
798 870 1
798 891 1
798 970 1
799 923 1
799 942 1
799 951 1
800 841 1
800 849 1
800 896 1
800 916 1
800 988 1
801 804 1
801 854 1
801 878 1
802 829 1
802 851 1
802 900 1
803 904 1
803 980 1
804 816 1
804 837 1
804 841 1
804 999 1
805 899 1
805 935 1
806 855 1
808 984 1
809 899 1
809 992 1
810 898 1
811 830 1
811 895 1
811 952 1
812 813 1
812 871 1
812 919 1
813 824 1
813 875 1
815 973 1
815 977 1
815 978 1
816 923 1
816 974 1
816 998 1
817 848 1
817 853 1
817 871 1
817 920 1
817 957 1
817 978 1
818 856 1
819 860 1
819 948 1
820 949 1
820 957 1
820 960 1
820 967 1
821 912 1
822 949 1
823 830 1
823 846 1
823 911 1
824 881 1
824 915 1
825 856 1
826 902 1
826 972 1
827 895 1
827 968 1
828 962 1
829 876 1
832 882 1
834 942 1
834 952 1
835 860 1
835 878 1
835 880 1
835 918 1
836 972 1
836 974 1
837 885 1
837 974 1
837 978 1
838 856 1
838 868 1
838 878 1
839 840 1
839 942 1
840 867 1
840 877 1
840 889 1
840 970 1
841 983 1
841 992 1
841 995 1
842 844 1
842 995 1
843 962 1
844 848 1
845 940 1
846 970 1
846 976 1
847 877 1
847 926 1
848 937 1
848 1000 1
849 882 1
849 932 1
851 956 1
851 993 1
852 977 1
853 912 1
854 903 1
854 918 1
855 902 1
856 904 1
857 956 1
858 908 1
858 913 1
858 1000 1
859 956 1
860 892 1
862 873 1
862 896 1
862 902 1
865 929 1
865 950 1
865 985 1
866 895 1
866 924 1
866 969 1
866 972 1
867 988 1
868 894 1
868 929 1
869 914 1
869 922 1
869 965 1
871 907 1
872 962 1
872 991 1
873 991 1
874 875 1
875 878 1
876 902 1
877 997 1
877 998 1
878 950 1
879 897 1
879 948 1
880 886 1
881 890 1
883 915 1
884 890 1
885 906 1
886 889 1
890 941 1
890 951 1
890 980 1
890 988 1
893 958 1
894 918 1
896 936 1
897 950 1
899 938 1
899 940 1
900 924 1
901 906 1
901 931 1
905 962 1
906 965 1
908 970 1
909 979 1
910 970 1
911 988 1
912 987 1
913 948 1
913 956 1
915 929 1
916 961 1
917 925 1
917 998 1
918 941 1
919 931 1
920 939 1
920 980 1
920 983 1
921 988 1
925 958 1
926 928 1
926 955 1
927 967 1
929 973 1
931 993 1
934 983 1
935 1000 1
936 965 1
936 983 1
936 994 1
938 978 1
941 975 1
941 985 1
942 951 1
945 954 1
949 972 1
951 961 1
956 982 1
959 984 1
961 963 1
965 983 1
967 973 1
970 999 1
973 983 1
977 978 1
981 983 1
982 1000 1
