1000 5030
1 32 1
1 191 1
1 263 1
1 412 1
1 445 1
1 505 1
1 755 1
2 84 1
2 195 1
2 347 1
2 433 1
2 438 1
2 446 1
2 586 1
2 720 1
2 918 1
2 980 1
2 983 1
3 108 1
3 111 1
3 162 1
3 218 1
3 221 1
3 599 1
3 633 1
3 641 1
3 903 1
3 921 1
3 938 1
3 939 1
4 227 1
4 355 1
4 553 1
4 575 1
4 595 1
4 778 1
4 810 1
4 831 1
5 351 1
5 424 1
5 429 1
5 441 1
5 659 1
5 680 1
5 698 1
5 744 1
5 824 1
5 828 1
5 994 1
6 225 1
6 379 1
6 390 1
6 650 1
6 724 1
6 731 1
7 252 1
7 334 1
7 350 1
7 482 1
7 568 1
7 718 1
7 850 1
8 108 1
8 321 1
8 368 1
8 420 1
8 449 1
8 524 1
8 600 1
8 686 1
8 891 1
8 910 1
9 18 1
9 26 1
9 83 1
9 171 1
9 272 1
9 373 1
9 444 1
9 727 1
10 51 1
10 226 1
10 231 1
10 259 1
10 315 1
10 408 1
10 490 1
10 642 1
10 650 1
10 676 1
10 763 1
10 882 1
11 276 1
11 416 1
11 520 1
11 668 1
11 844 1
12 72 1
12 86 1
12 143 1
12 329 1
12 510 1
12 524 1
12 542 1
12 606 1
12 803 1
12 854 1
12 881 1
12 930 1
13 23 1
13 410 1
13 505 1
13 511 1
13 556 1
13 635 1
13 657 1
13 734 1
13 777 1
13 794 1
13 857 1
14 189 1
14 225 1
14 443 1
14 490 1
14 784 1
14 803 1
14 938 1
15 91 1
15 93 1
15 94 1
15 102 1
15 238 1
15 382 1
15 454 1
15 498 1
15 760 1
15 830 1
15 883 1
16 38 1
16 339 1
16 348 1
16 392 1
16 489 1
16 494 1
16 605 1
16 775 1
16 785 1
16 819 1
17 160 1
17 216 1
17 229 1
17 281 1
17 295 1
17 384 1
17 395 1
17 428 1
17 485 1
17 570 1
17 616 1
17 686 1
17 888 1
17 915 1
17 917 1
18 339 1
18 417 1
18 644 1
18 681 1
18 787 1
18 793 1
18 838 1
18 892 1
18 896 1
19 113 1
19 241 1
19 455 1
19 750 1
19 769 1
19 913 1
19 966 1
19 982 1
20 127 1
20 265 1
20 355 1
20 531 1
20 651 1
20 734 1
20 866 1
20 887 1
20 909 1
20 955 1
21 242 1
21 427 1
21 540 1
21 552 1
21 718 1
21 746 1
21 877 1
21 973 1
22 290 1
22 321 1
22 588 1
22 589 1
22 663 1
22 793 1
23 38 1
23 39 1
23 132 1
23 203 1
23 254 1
23 399 1
23 401 1
23 638 1
23 658 1
23 716 1
23 982 1
23 983 1
24 28 1
24 30 1
24 65 1
24 66 1
24 247 1
24 599 1
24 622 1
24 638 1
24 900 1
24 932 1
24 968 1
25 118 1
25 338 1
25 353 1
25 660 1
25 663 1
25 715 1
25 791 1
25 846 1
26 110 1
26 292 1
26 296 1
26 397 1
26 402 1
26 405 1
26 466 1
26 480 1
26 521 1
26 631 1
26 674 1
26 796 1
26 883 1
26 927 1
27 53 1
27 131 1
27 249 1
27 259 1
27 614 1
27 679 1
27 755 1
27 908 1
27 926 1
27 944 1
28 196 1
28 248 1
28 539 1
28 625 1
28 883 1
28 973 1
29 40 1
29 108 1
29 447 1
29 481 1
29 584 1
29 642 1
29 754 1
29 953 1
30 64 1
30 171 1
30 175 1
30 192 1
30 328 1
30 549 1
30 693 1
30 952 1
30 992 1
31 155 1
31 158 1
31 270 1
31 289 1
31 293 1
31 388 1
32 146 1
32 428 1
32 472 1
32 758 1
32 875 1
32 939 1
32 948 1
33 300 1
33 403 1
33 464 1
33 543 1
33 626 1
33 803 1
33 877 1
33 901 1
34 42 1
34 47 1
34 175 1
34 227 1
34 315 1
34 319 1
34 366 1
34 465 1
34 528 1
34 565 1
34 590 1
34 898 1
34 922 1
34 932 1
35 74 1
35 405 1
35 442 1
35 508 1
35 927 1
36 143 1
36 169 1
36 180 1
36 298 1
36 447 1
36 608 1
36 639 1
36 683 1
36 802 1
36 940 1
36 999 1
37 207 1
37 208 1
37 464 1
37 539 1
38 73 1
38 179 1
38 327 1
38 346 1
38 434 1
38 667 1
38 834 1
38 925 1
38 930 1
38 985 1
39 74 1
39 81 1
39 165 1
39 277 1
39 318 1
39 424 1
39 531 1
39 562 1
39 566 1
39 610 1
39 790 1
39 822 1
40 49 1
40 99 1
40 181 1
40 374 1
40 445 1
40 543 1
40 760 1
40 942 1
40 955 1
41 99 1
41 231 1
41 334 1
41 388 1
41 749 1
41 808 1
41 889 1
41 965 1
42 277 1
42 314 1
42 435 1
42 544 1
42 596 1
42 645 1
42 698 1
42 722 1
42 736 1
42 766 1
42 966 1
42 981 1
43 111 1
43 185 1
43 222 1
43 224 1
43 314 1
43 455 1
43 464 1
43 467 1
43 850 1
43 896 1
43 937 1
43 939 1
44 90 1
44 236 1
44 436 1
44 623 1
44 733 1
45 133 1
45 255 1
45 344 1
45 348 1
45 350 1
45 654 1
45 718 1
45 724 1
45 926 1
45 940 1
46 102 1
46 327 1
46 395 1
46 448 1
46 624 1
46 674 1
46 715 1
46 749 1
46 953 1
46 958 1
47 62 1
47 68 1
47 240 1
47 301 1
47 325 1
47 410 1
47 518 1
47 536 1
47 668 1
47 724 1
47 797 1
47 821 1
47 859 1
47 865 1
47 947 1
48 131 1
48 413 1
48 443 1
48 524 1
48 696 1
48 709 1
48 742 1
48 852 1
48 879 1
48 881 1
48 966 1
49 108 1
49 121 1
49 185 1
49 215 1
49 285 1
49 298 1
49 424 1
49 435 1
49 450 1
49 488 1
49 588 1
49 597 1
49 601 1
49 621 1
49 789 1
49 879 1
49 912 1
49 945 1
49 970 1
49 994 1
50 109 1
50 165 1
50 203 1
50 216 1
50 533 1
50 581 1
50 585 1
50 689 1
50 779 1
50 798 1
51 152 1
51 198 1
51 265 1
51 297 1
51 474 1
51 509 1
51 582 1
51 713 1
51 999 1
52 64 1
52 145 1
52 238 1
52 270 1
52 273 1
52 411 1
52 566 1
52 623 1
52 664 1
52 757 1
52 817 1
52 935 1
53 142 1
53 230 1
53 251 1
53 386 1
53 980 1
54 67 1
54 73 1
54 84 1
54 311 1
54 449 1
54 488 1
54 627 1
54 720 1
54 732 1
54 781 1
54 836 1
54 910 1
54 931 1
55 84 1
55 147 1
55 470 1
55 485 1
55 542 1
55 546 1
55 573 1
55 616 1
55 621 1
55 787 1
55 930 1
56 104 1
56 182 1
56 225 1
56 359 1
56 488 1
56 524 1
56 575 1
57 180 1
57 216 1
57 342 1
57 459 1
57 569 1
57 623 1
57 654 1
57 680 1
57 685 1
57 719 1
57 735 1
57 842 1
57 955 1
58 102 1
58 118 1
58 174 1
58 180 1
58 197 1
58 227 1
58 275 1
58 288 1
58 969 1
59 118 1
59 284 1
59 316 1
59 357 1
59 387 1
59 540 1
59 572 1
59 638 1
59 725 1
59 745 1
59 825 1
59 975 1
60 63 1
60 83 1
60 118 1
60 241 1
60 387 1
60 502 1
60 531 1
60 575 1
60 629 1
60 703 1
60 790 1
60 826 1
60 827 1
60 856 1
60 931 1
60 934 1
61 156 1
61 246 1
61 249 1
61 303 1
61 305 1
61 355 1
61 571 1
61 596 1
61 677 1
61 690 1
61 724 1
61 804 1
61 850 1
61 893 1
62 144 1
62 152 1
62 168 1
62 172 1
62 480 1
62 586 1
62 692 1
62 712 1
63 326 1
63 355 1
63 466 1
63 635 1
63 722 1
63 792 1
63 851 1
63 903 1
63 957 1
63 961 1
64 153 1
64 175 1
64 185 1
64 191 1
64 262 1
64 322 1
64 539 1
64 548 1
64 684 1
64 693 1
64 777 1
64 890 1
65 109 1
65 402 1
65 404 1
65 451 1
65 479 1
65 483 1
65 626 1
65 689 1
65 893 1
65 961 1
66 141 1
66 153 1
66 159 1
66 232 1
66 297 1
66 360 1
66 564 1
66 970 1
67 250 1
67 324 1
67 380 1
67 431 1
67 601 1
67 792 1
67 914 1
67 993 1
68 378 1
68 414 1
68 424 1
68 729 1
68 878 1
68 918 1
69 89 1
69 213 1
69 215 1
69 444 1
69 596 1
69 768 1
70 149 1
70 184 1
70 218 1
70 231 1
70 252 1
70 341 1
70 357 1
70 376 1
70 518 1
70 581 1
70 784 1
70 808 1
70 873 1
70 927 1
70 938 1
70 978 1
71 108 1
71 111 1
71 153 1
71 253 1
71 267 1
71 290 1
71 473 1
71 633 1
71 760 1
71 788 1
71 824 1
71 861 1
71 940 1
71 979 1
72 78 1
72 120 1
72 139 1
72 462 1
72 555 1
72 610 1
72 826 1
72 840 1
73 90 1
73 165 1
73 221 1
73 392 1
73 467 1
73 708 1
73 834 1
73 844 1
73 951 1
73 972 1
74 101 1
74 263 1
74 290 1
74 310 1
74 346 1
74 378 1
74 547 1
74 569 1
74 983 1
75 97 1
75 147 1
75 191 1
75 378 1
75 591 1
75 615 1
75 748 1
75 763 1
75 807 1
75 849 1
75 955 1
76 99 1
76 258 1
76 309 1
76 333 1
76 376 1
76 473 1
76 579 1
76 816 1
76 927 1
76 978 1
77 132 1
77 242 1
77 261 1
77 271 1
77 290 1
77 347 1
77 351 1
77 385 1
77 686 1
77 846 1
77 913 1
78 134 1
78 181 1
78 269 1
78 429 1
78 473 1
78 555 1
78 563 1
78 584 1
78 591 1
78 646 1
78 834 1
78 904 1
78 908 1
78 925 1
79 164 1
79 168 1
79 184 1
79 284 1
79 330 1
79 363 1
79 450 1
79 796 1
79 906 1
80 220 1
80 227 1
80 478 1
80 494 1
80 497 1
80 727 1
80 808 1
80 818 1
80 833 1
80 914 1
81 120 1
81 236 1
81 310 1
81 408 1
81 456 1
81 534 1
81 546 1
81 571 1
81 641 1
81 821 1
81 822 1
81 870 1
81 907 1
81 915 1
81 929 1
82 121 1
82 177 1
82 212 1
82 269 1
82 299 1
82 358 1
82 662 1
82 757 1
82 834 1
82 867 1
83 95 1
83 108 1
83 112 1
83 451 1
83 460 1
83 510 1
83 616 1
83 701 1
83 705 1
83 715 1
83 724 1
83 773 1
83 978 1
84 180 1
84 539 1
84 545 1
84 607 1
84 632 1
84 666 1
84 749 1
85 111 1
85 148 1
85 189 1
85 245 1
85 338 1
85 565 1
85 614 1
85 660 1
85 756 1
86 91 1
86 264 1
86 389 1
86 613 1
86 795 1
86 933 1
87 332 1
87 576 1
87 596 1
87 756 1
87 795 1
87 802 1
87 939 1
87 958 1
87 995 1
88 114 1
88 294 1
88 402 1
88 456 1
88 956 1
89 139 1
89 297 1
89 456 1
89 511 1
89 515 1
89 781 1
89 932 1
89 945 1
90 211 1
90 342 1
90 480 1
90 785 1
91 282 1
91 351 1
91 443 1
91 466 1
91 694 1
91 849 1
91 902 1
92 210 1
92 317 1
92 333 1
92 486 1
92 509 1
92 739 1
92 741 1
92 774 1
92 974 1
93 156 1
93 266 1
93 291 1
93 302 1
93 362 1
93 378 1
93 408 1
93 455 1
93 652 1
93 914 1
93 986 1
94 176 1
94 257 1
94 287 1
94 306 1
94 339 1
95 199 1
95 304 1
95 510 1
95 788 1
95 836 1
95 852 1
95 855 1
95 925 1
95 990 1
96 143 1
96 158 1
96 194 1
96 225 1
96 343 1
96 474 1
96 567 1
96 708 1
96 882 1
96 903 1
97 300 1
97 329 1
97 351 1
97 492 1
97 798 1
97 805 1
97 952 1
97 963 1
98 164 1
98 394 1
98 483 1
98 655 1
98 712 1
98 738 1
99 124 1
99 352 1
99 483 1
99 497 1
99 691 1
99 693 1
99 766 1
99 817 1
99 837 1
99 870 1
100 109 1
100 239 1
100 292 1
100 405 1
100 490 1
100 497 1
100 530 1
100 625 1
100 704 1
100 744 1
100 828 1
100 931 1
101 118 1
101 159 1
101 356 1
101 423 1
101 429 1
101 454 1
101 481 1
101 555 1
101 676 1
101 693 1
101 796 1
101 956 1
102 239 1
102 269 1
102 545 1
102 690 1
102 934 1
102 962 1
103 117 1
103 136 1
103 207 1
103 230 1
103 363 1
103 405 1
103 631 1
103 884 1
103 963 1
103 986 1
104 162 1
104 175 1
104 179 1
104 201 1
104 206 1
104 288 1
104 355 1
104 368 1
104 401 1
104 605 1
104 671 1
104 687 1
104 803 1
105 137 1
105 379 1
105 382 1
105 465 1
105 624 1
105 713 1
105 752 1
105 951 1
106 142 1
106 237 1
106 239 1
106 430 1
106 446 1
106 502 1
106 564 1
106 699 1
106 711 1
106 813 1
107 218 1
107 242 1
107 279 1
107 443 1
107 463 1
107 600 1
107 633 1
107 738 1
107 802 1
108 239 1
108 289 1
108 528 1
108 539 1
108 827 1
109 143 1
109 297 1
109 343 1
109 573 1
109 648 1
109 719 1
109 845 1
109 866 1
109 939 1
110 157 1
110 261 1
110 282 1
110 474 1
110 485 1
110 539 1
110 733 1
110 794 1
110 809 1
110 824 1
110 882 1
110 885 1
111 395 1
111 428 1
111 455 1
111 592 1
111 638 1
111 683 1
111 752 1
111 767 1
111 817 1
111 858 1
111 861 1
111 927 1
112 159 1
112 251 1
112 489 1
112 516 1
112 586 1
112 912 1
113 160 1
113 272 1
113 280 1
113 547 1
113 550 1
113 718 1
113 729 1
113 776 1
113 789 1
113 997 1
114 250 1
114 287 1
114 298 1
114 320 1
114 370 1
114 439 1
114 479 1
114 523 1
114 640 1
114 835 1
114 984 1
115 170 1
115 197 1
115 203 1
115 521 1
115 595 1
115 612 1
115 669 1
115 730 1
115 814 1
115 853 1
115 987 1
116 130 1
116 153 1
116 265 1
116 281 1
116 350 1
116 613 1
116 660 1
116 734 1
116 758 1
116 769 1
116 779 1
116 795 1
116 876 1
116 970 1
116 992 1
116 996 1
117 228 1
117 322 1
117 397 1
117 427 1
117 549 1
117 624 1
117 765 1
117 866 1
117 934 1
117 969 1
117 976 1
118 160 1
118 403 1
118 554 1
118 734 1
118 781 1
118 825 1
118 861 1
119 341 1
119 728 1
119 747 1
119 777 1
119 829 1
120 185 1
120 228 1
120 347 1
120 382 1
120 413 1
120 464 1
120 477 1
120 531 1
120 604 1
120 636 1
121 200 1
121 733 1
121 757 1
121 904 1
121 967 1
121 986 1
122 131 1
122 172 1
122 225 1
122 361 1
122 525 1
122 570 1
122 805 1
123 381 1
123 487 1
123 610 1
123 678 1
123 767 1
123 772 1
123 854 1
123 905 1
123 943 1
123 951 1
124 282 1
124 324 1
124 328 1
124 496 1
124 510 1
124 596 1
124 747 1
124 767 1
124 798 1
124 847 1
124 988 1
125 165 1
125 216 1
125 328 1
125 424 1
125 611 1
125 765 1
125 950 1
126 310 1
126 440 1
126 480 1
126 520 1
126 551 1
126 574 1
126 616 1
126 690 1
126 802 1
126 808 1
126 813 1
127 340 1
127 559 1
127 565 1
127 582 1
127 640 1
127 747 1
127 792 1
127 937 1
128 235 1
128 421 1
128 537 1
128 554 1
128 617 1
128 637 1
128 727 1
128 931 1
128 944 1
129 162 1
129 177 1
129 290 1
129 346 1
129 355 1
129 382 1
129 518 1
129 660 1
129 832 1
129 844 1
129 865 1
129 889 1
130 209 1
130 260 1
130 398 1
130 402 1
130 631 1
130 692 1
130 744 1
130 811 1
130 886 1
130 897 1
130 905 1
130 923 1
131 132 1
131 240 1
131 309 1
131 566 1
131 630 1
131 662 1
131 879 1
132 141 1
132 222 1
132 292 1
132 334 1
132 361 1
132 743 1
133 330 1
133 660 1
133 950 1
134 219 1
134 225 1
134 433 1
134 580 1
134 686 1
134 788 1
134 901 1
135 243 1
135 352 1
135 443 1
135 629 1
135 666 1
135 749 1
135 790 1
135 909 1
135 913 1
135 965 1
136 318 1
136 447 1
136 469 1
136 603 1
136 678 1
136 881 1
136 923 1
137 150 1
137 443 1
137 538 1
137 625 1
137 670 1
137 961 1
138 189 1
138 325 1
138 328 1
138 508 1
138 575 1
138 678 1
138 681 1
138 703 1
138 967 1
139 264 1
139 310 1
139 347 1
139 368 1
139 378 1
139 399 1
139 497 1
139 532 1
139 557 1
139 598 1
139 797 1
139 899 1
140 168 1
140 470 1
140 483 1
140 544 1
140 749 1
140 757 1
140 994 1
141 426 1
141 449 1
141 461 1
141 617 1
141 765 1
141 903 1
142 160 1
142 231 1
142 246 1
142 277 1
142 352 1
142 369 1
142 371 1
142 445 1
142 483 1
142 582 1
142 647 1
142 680 1
142 793 1
142 888 1
142 916 1
143 278 1
143 312 1
143 564 1
143 579 1
143 686 1
143 968 1
144 285 1
144 338 1
144 395 1
144 488 1
144 492 1
144 711 1
144 987 1
145 205 1
145 339 1
145 396 1
145 399 1
145 404 1
145 706 1
145 712 1
145 725 1
145 726 1
145 759 1
145 824 1
145 833 1
145 988 1
146 204 1
146 264 1
146 330 1
146 466 1
146 660 1
146 666 1
146 708 1
146 744 1
146 782 1
146 997 1
147 380 1
147 517 1
147 580 1
147 615 1
147 803 1
147 911 1
147 957 1
148 165 1
148 236 1
148 268 1
148 315 1
148 373 1
148 439 1
148 486 1
148 672 1
148 877 1
148 934 1
149 282 1
149 408 1
149 508 1
149 628 1
149 804 1
149 810 1
150 176 1
150 257 1
150 277 1
150 325 1
150 336 1
150 360 1
150 404 1
150 410 1
150 736 1
150 768 1
150 860 1
150 902 1
151 183 1
151 396 1
151 505 1
151 558 1
151 847 1
151 849 1
152 250 1
152 281 1
152 339 1
152 359 1
152 365 1
152 418 1
152 514 1
152 716 1
152 815 1
152 828 1
152 947 1
152 952 1
153 210 1
153 259 1
153 277 1
153 514 1
153 540 1
153 588 1
153 673 1
153 730 1
153 868 1
153 891 1
153 946 1
154 228 1
154 240 1
154 694 1
154 745 1
154 762 1
154 781 1
154 799 1
154 809 1
154 858 1
154 996 1
155 340 1
155 402 1
155 540 1
155 568 1
155 606 1
155 966 1
156 158 1
156 203 1
156 266 1
156 309 1
156 377 1
156 432 1
156 472 1
156 523 1
156 679 1
156 779 1
156 785 1
156 810 1
157 183 1
157 245 1
157 488 1
157 532 1
157 650 1
157 679 1
157 718 1
157 726 1
157 778 1
157 800 1
157 839 1
157 840 1
157 978 1
157 979 1
158 355 1
158 421 1
158 508 1
158 522 1
158 749 1
158 782 1
158 910 1
159 176 1
159 449 1
159 507 1
159 603 1
159 996 1
160 290 1
160 400 1
160 522 1
160 524 1
160 633 1
160 694 1
160 781 1
160 851 1
160 897 1
160 947 1
161 185 1
161 203 1
161 367 1
161 381 1
161 399 1
161 461 1
161 561 1
161 599 1
161 631 1
161 727 1
161 739 1
161 849 1
162 288 1
162 400 1
162 685 1
162 819 1
162 936 1
163 280 1
163 417 1
163 457 1
163 539 1
163 561 1
163 609 1
163 615 1
163 642 1
163 854 1
163 903 1
164 339 1
164 479 1
164 647 1
164 700 1
164 739 1
164 818 1
165 379 1
165 635 1
165 852 1
165 854 1
165 897 1
165 903 1
165 1000 1
166 212 1
166 315 1
166 333 1
166 667 1
166 993 1
166 994 1
167 226 1
167 270 1
167 360 1
167 431 1
167 432 1
167 476 1
167 534 1
167 776 1
167 822 1
168 169 1
168 365 1
168 433 1
168 486 1
168 558 1
168 582 1
168 661 1
168 813 1
168 968 1
169 211 1
169 233 1
169 296 1
169 631 1
169 638 1
169 665 1
169 686 1
169 744 1
169 857 1
169 898 1
170 441 1
170 526 1
170 531 1
170 577 1
170 699 1
170 848 1
170 901 1
171 302 1
171 337 1
171 362 1
171 383 1
171 430 1
171 436 1
171 496 1
171 639 1
171 723 1
171 854 1
171 859 1
171 878 1
172 201 1
172 206 1
172 282 1
172 307 1
172 329 1
172 347 1
172 373 1
172 572 1
172 595 1
172 608 1
172 819 1
172 865 1
172 942 1
172 980 1
173 186 1
173 529 1
173 571 1
173 644 1
173 662 1
173 899 1
173 923 1
174 194 1
174 270 1
174 347 1
174 351 1
174 742 1
174 778 1
174 793 1
174 801 1
174 836 1
175 182 1
175 221 1
175 406 1
175 422 1
175 493 1
175 549 1
175 836 1
175 860 1
175 891 1
175 909 1
176 277 1
176 657 1
176 719 1
176 888 1
176 917 1
177 183 1
177 477 1
177 600 1
177 615 1
177 789 1
177 873 1
177 910 1
177 994 1
178 258 1
178 488 1
178 503 1
178 541 1
178 625 1
178 680 1
178 691 1
178 735 1
178 886 1
179 224 1
179 698 1
179 916 1
180 393 1
180 480 1
180 537 1
180 775 1
180 962 1
180 968 1
181 249 1
181 350 1
181 389 1
181 814 1
181 917 1
181 973 1
181 993 1
182 401 1
182 427 1
182 671 1
182 722 1
182 753 1
182 787 1
182 977 1
183 306 1
183 354 1
183 423 1
183 487 1
183 611 1
183 622 1
183 916 1
184 363 1
184 383 1
184 547 1
184 550 1
184 577 1
184 618 1
184 627 1
184 755 1
184 756 1
184 859 1
184 921 1
185 320 1
185 373 1
185 391 1
185 547 1
185 568 1
185 674 1
185 685 1
185 731 1
185 775 1
185 795 1
185 963 1
185 968 1
185 997 1
185 1000 1
186 246 1
186 391 1
186 409 1
186 527 1
186 565 1
186 922 1
187 408 1
187 523 1
187 528 1
187 554 1
187 572 1
187 792 1
187 908 1
188 217 1
188 281 1
188 346 1
188 378 1
188 392 1
188 443 1
188 476 1
188 585 1
188 611 1
188 692 1
188 697 1
188 759 1
189 191 1
189 558 1
189 956 1
190 358 1
190 426 1
190 445 1
190 587 1
190 599 1
190 664 1
190 666 1
190 765 1
190 772 1
190 954 1
191 225 1
191 265 1
191 291 1
191 335 1
191 550 1
191 846 1
191 893 1
192 299 1
192 348 1
192 458 1
192 541 1
192 662 1
192 678 1
192 706 1
192 711 1
192 792 1
192 910 1
192 969 1
193 200 1
193 246 1
193 444 1
193 614 1
193 945 1
193 958 1
193 971 1
194 229 1
194 301 1
194 332 1
194 358 1
194 639 1
194 751 1
194 790 1
194 798 1
194 885 1
194 992 1
195 358 1
195 364 1
195 600 1
195 616 1
195 674 1
195 707 1
195 756 1
196 212 1
196 246 1
196 285 1
196 433 1
196 495 1
196 513 1
196 641 1
196 730 1
196 884 1
197 249 1
197 361 1
197 366 1
197 440 1
197 452 1
197 556 1
197 992 1
198 325 1
198 358 1
198 431 1
198 434 1
198 526 1
198 919 1
198 943 1
198 993 1
199 415 1
199 528 1
199 770 1
199 862 1
199 987 1
200 482 1
200 571 1
200 590 1
200 696 1
200 712 1
200 762 1
200 828 1
200 888 1
200 933 1
201 343 1
201 569 1
201 651 1
201 762 1
202 392 1
202 490 1
202 590 1
202 747 1
202 760 1
202 810 1
202 815 1
202 835 1
202 848 1
202 861 1
202 941 1
203 281 1
203 397 1
203 443 1
203 942 1
204 280 1
204 468 1
204 600 1
204 658 1
204 676 1
204 731 1
204 783 1
204 951 1
205 395 1
205 528 1
205 557 1
205 751 1
205 945 1
206 359 1
206 440 1
206 534 1
206 705 1
206 827 1
206 831 1
206 845 1
206 903 1
207 264 1
207 302 1
207 327 1
207 542 1
207 562 1
207 591 1
207 643 1
207 780 1
207 804 1
207 887 1
207 913 1
208 258 1
208 649 1
208 731 1
208 759 1
208 819 1
208 903 1
209 265 1
209 283 1
209 398 1
209 577 1
209 666 1
209 840 1
209 946 1
209 982 1
210 326 1
210 401 1
210 450 1
210 521 1
210 718 1
210 808 1
210 843 1
210 845 1
210 880 1
211 255 1
211 277 1
211 376 1
211 438 1
211 645 1
211 719 1
211 763 1
211 888 1
212 418 1
212 542 1
212 602 1
212 778 1
212 868 1
212 885 1
212 964 1
213 280 1
213 337 1
213 582 1
213 748 1
213 918 1
213 919 1
213 988 1
213 990 1
213 993 1
214 492 1
214 547 1
214 580 1
214 663 1
214 670 1
214 717 1
214 752 1
214 812 1
214 876 1
214 901 1
214 939 1
214 968 1
215 337 1
215 689 1
215 978 1
216 291 1
216 434 1
216 539 1
216 540 1
216 593 1
216 668 1
216 743 1
216 760 1
216 764 1
216 800 1
216 824 1
216 835 1
216 878 1
216 920 1
217 458 1
217 487 1
217 543 1
217 763 1
217 878 1
217 910 1
218 352 1
218 367 1
218 369 1
218 559 1
218 606 1
218 663 1
218 750 1
218 829 1
219 277 1
219 326 1
219 345 1
219 458 1
219 478 1
219 483 1
219 734 1
219 804 1
219 839 1
219 843 1
219 916 1
219 924 1
220 238 1
220 248 1
220 319 1
220 420 1
220 616 1
220 664 1
220 665 1
220 723 1
220 788 1
220 852 1
220 986 1
221 334 1
221 409 1
221 527 1
222 232 1
222 249 1
222 293 1
222 656 1
222 935 1
222 966 1
223 241 1
223 453 1
223 475 1
223 483 1
223 504 1
223 516 1
223 698 1
223 725 1
223 919 1
223 963 1
223 989 1
224 252 1
224 338 1
224 698 1
224 813 1
224 965 1
225 297 1
225 503 1
225 608 1
225 651 1
225 684 1
225 779 1
225 895 1
225 897 1
225 910 1
225 933 1
226 360 1
226 397 1
226 402 1
226 407 1
226 414 1
226 541 1
226 863 1
226 884 1
227 292 1
227 573 1
227 654 1
227 657 1
227 669 1
227 754 1
227 809 1
227 812 1
227 832 1
227 967 1
228 266 1
228 346 1
229 386 1
229 494 1
229 540 1
229 613 1
229 940 1
229 980 1
230 240 1
230 895 1
231 249 1
231 282 1
231 300 1
231 337 1
231 488 1
231 491 1
231 551 1
231 619 1
231 629 1
231 722 1
231 756 1
231 849 1
231 850 1
231 909 1
232 279 1
232 461 1
232 607 1
232 618 1
232 994 1
233 512 1
233 654 1
233 856 1
233 955 1
233 968 1
234 403 1
234 435 1
234 553 1
234 671 1
234 778 1
234 963 1
235 299 1
235 370 1
235 672 1
235 753 1
235 754 1
236 332 1
236 420 1
236 439 1
236 440 1
236 860 1
237 394 1
237 407 1
237 498 1
237 611 1
237 677 1
237 874 1
237 913 1
238 285 1
238 393 1
238 396 1
238 412 1
238 422 1
238 441 1
238 452 1
238 560 1
238 672 1
238 679 1
238 695 1
238 700 1
238 770 1
239 264 1
239 371 1
239 399 1
239 726 1
239 778 1
239 805 1
239 894 1
239 945 1
240 242 1
240 333 1
240 402 1
240 453 1
240 562 1
240 639 1
240 706 1
240 714 1
240 736 1
240 791 1
240 880 1
240 981 1
241 282 1
241 474 1
241 527 1
241 567 1
241 695 1
241 704 1
241 727 1
241 857 1
241 942 1
241 995 1
242 790 1
242 809 1
242 885 1
243 287 1
243 429 1
243 539 1
243 693 1
243 704 1
243 731 1
243 918 1
243 929 1
244 257 1
244 291 1
244 303 1
244 501 1
244 529 1
244 570 1
244 597 1
244 655 1
244 872 1
244 877 1
244 921 1
245 315 1
245 492 1
245 510 1
245 604 1
245 631 1
245 818 1
246 549 1
246 704 1
246 732 1
246 812 1
246 959 1
246 974 1
247 407 1
247 476 1
247 505 1
247 586 1
247 813 1
247 959 1
248 428 1
248 760 1
248 866 1
248 943 1
249 272 1
249 354 1
249 392 1
249 586 1
249 781 1
249 954 1
249 979 1
249 997 1
250 437 1
250 611 1
250 742 1
250 863 1
251 375 1
251 612 1
251 619 1
251 775 1
251 845 1
251 879 1
251 891 1
252 306 1
252 344 1
252 359 1
252 362 1
252 377 1
252 418 1
252 460 1
252 610 1
252 687 1
252 774 1
252 907 1
252 964 1
252 975 1
252 993 1
253 379 1
253 628 1
253 913 1
253 981 1
254 442 1
254 519 1
254 530 1
254 595 1
254 733 1
254 837 1
255 393 1
255 489 1
255 687 1
255 753 1
255 767 1
255 835 1
255 907 1
255 955 1
256 289 1
256 386 1
256 733 1
256 812 1
256 908 1
256 918 1
256 971 1
257 288 1
257 306 1
257 322 1
257 326 1
257 460 1
257 532 1
257 616 1
257 730 1
257 764 1
258 382 1
258 425 1
258 550 1
258 576 1
258 655 1
258 693 1
258 732 1
258 951 1
258 986 1
259 334 1
259 348 1
259 360 1
259 519 1
259 702 1
259 957 1
259 983 1
260 301 1
260 719 1
260 810 1
260 842 1
260 844 1
260 856 1
260 953 1
261 330 1
261 401 1
261 462 1
261 541 1
261 551 1
261 646 1
261 905 1
261 943 1
262 321 1
262 504 1
262 806 1
262 928 1
263 275 1
263 369 1
263 377 1
263 383 1
263 455 1
263 528 1
263 562 1
263 684 1
263 688 1
263 778 1
264 426 1
264 687 1
264 860 1
264 873 1
265 339 1
265 341 1
265 398 1
265 430 1
265 449 1
265 491 1
265 557 1
265 601 1
265 629 1
265 630 1
265 693 1
265 739 1
265 837 1
265 954 1
266 291 1
266 300 1
266 458 1
266 463 1
266 474 1
266 604 1
266 874 1
266 899 1
266 979 1
267 473 1
267 481 1
267 579 1
267 978 1
268 340 1
268 440 1
268 488 1
268 746 1
268 766 1
268 785 1
268 798 1
268 854 1
268 860 1
268 967 1
269 329 1
269 382 1
269 417 1
269 432 1
269 561 1
269 610 1
269 661 1
269 793 1
269 818 1
269 971 1
270 473 1
270 500 1
270 509 1
270 577 1
270 592 1
270 999 1
271 298 1
271 530 1
271 744 1
271 872 1
271 900 1
272 489 1
272 492 1
272 656 1
272 678 1
272 855 1
273 289 1
273 490 1
273 520 1
273 568 1
273 584 1
273 598 1
273 629 1
273 827 1
273 902 1
274 315 1
274 386 1
274 467 1
274 541 1
274 603 1
274 639 1
274 678 1
274 974 1
274 976 1
275 313 1
275 354 1
275 373 1
275 525 1
275 555 1
275 713 1
275 735 1
276 309 1
276 456 1
276 466 1
276 552 1
277 341 1
277 720 1
277 761 1
277 836 1
277 855 1
277 858 1
277 894 1
277 902 1
278 329 1
278 367 1
278 491 1
278 562 1
278 704 1
278 794 1
278 835 1
278 907 1
278 934 1
279 464 1
279 655 1
279 705 1
279 787 1
280 348 1
280 535 1
280 545 1
280 645 1
280 661 1
280 827 1
281 507 1
281 809 1
281 861 1
281 924 1
282 377 1
282 754 1
283 409 1
283 443 1
283 498 1
283 584 1
283 621 1
284 313 1
284 458 1
284 640 1
284 670 1
284 705 1
284 839 1
284 996 1
285 357 1
285 499 1
285 549 1
285 596 1
285 745 1
285 758 1
285 800 1
285 866 1
285 878 1
285 887 1
285 912 1
285 913 1
286 348 1
286 519 1
286 642 1
286 735 1
286 835 1
286 862 1
287 407 1
287 740 1
287 814 1
287 973 1
288 297 1
288 356 1
288 374 1
288 478 1
288 868 1
288 882 1
288 953 1
288 979 1
289 437 1
289 850 1
289 894 1
289 984 1
290 369 1
290 426 1
290 446 1
290 500 1
290 580 1
290 675 1
290 716 1
290 864 1
290 916 1
291 388 1
291 522 1
291 570 1
291 641 1
291 686 1
291 824 1
291 946 1
291 996 1
292 350 1
292 362 1
292 815 1
293 375 1
293 448 1
293 765 1
293 809 1
293 817 1
293 821 1
294 297 1
294 453 1
294 497 1
294 539 1
294 859 1
294 867 1
294 877 1
295 307 1
295 391 1
295 564 1
295 687 1
295 892 1
295 978 1
296 513 1
296 534 1
296 553 1
296 557 1
296 571 1
296 686 1
297 325 1
297 330 1
297 408 1
297 442 1
297 521 1
297 543 1
297 552 1
297 647 1
297 834 1
297 905 1
297 967 1
297 968 1
298 364 1
298 402 1
298 406 1
298 493 1
298 498 1
298 634 1
298 670 1
298 700 1
298 728 1
298 750 1
298 772 1
298 839 1
299 409 1
299 474 1
299 508 1
299 607 1
299 741 1
299 807 1
299 952 1
300 322 1
300 406 1
300 558 1
300 559 1
300 568 1
300 574 1
300 586 1
300 694 1
300 713 1
300 738 1
300 927 1
300 975 1
301 316 1
301 444 1
301 517 1
301 708 1
301 897 1
302 304 1
302 327 1
302 332 1
302 348 1
302 490 1
302 846 1
302 954 1
303 532 1
303 582 1
303 735 1
303 822 1
303 827 1
303 912 1
304 416 1
304 584 1
304 624 1
304 715 1
304 916 1
304 948 1
305 330 1
305 349 1
305 374 1
305 451 1
305 480 1
305 600 1
305 666 1
305 805 1
306 383 1
306 396 1
306 424 1
306 504 1
306 625 1
306 639 1
306 649 1
306 760 1
306 804 1
306 869 1
306 877 1
306 938 1
306 971 1
307 366 1
307 430 1
307 454 1
307 508 1
307 688 1
307 789 1
307 822 1
307 856 1
308 398 1
308 413 1
308 466 1
308 489 1
308 581 1
308 774 1
308 800 1
308 939 1
308 951 1
309 538 1
309 633 1
309 996 1
310 446 1
310 474 1
310 646 1
311 581 1
311 773 1
312 347 1
312 409 1
312 488 1
312 557 1
312 740 1
312 765 1
312 773 1
312 863 1
312 920 1
313 379 1
313 598 1
313 610 1
313 680 1
313 711 1
313 786 1
313 926 1
313 958 1
314 315 1
314 360 1
314 419 1
314 439 1
314 444 1
314 468 1
314 476 1
314 606 1
314 607 1
314 691 1
314 839 1
314 960 1
315 427 1
315 433 1
315 467 1
315 611 1
315 772 1
315 816 1
315 868 1
316 556 1
316 594 1
316 987 1
317 400 1
317 529 1
317 578 1
317 699 1
317 733 1
317 825 1
318 357 1
318 546 1
318 721 1
318 794 1
318 834 1
318 858 1
318 932 1
319 411 1
319 589 1
319 602 1
319 610 1
319 627 1
319 750 1
319 836 1
319 857 1
319 883 1
320 363 1
320 461 1
320 501 1
320 717 1
320 812 1
321 322 1
321 327 1
321 359 1
321 510 1
321 530 1
321 587 1
321 595 1
321 652 1
321 676 1
321 763 1
321 893 1
321 951 1
321 974 1
322 383 1
322 412 1
322 454 1
322 676 1
322 696 1
322 789 1
322 914 1
323 345 1
323 383 1
323 407 1
323 416 1
323 424 1
323 635 1
323 696 1
323 885 1
324 585 1
324 606 1
324 612 1
324 613 1
324 640 1
324 793 1
325 379 1
325 526 1
325 548 1
325 702 1
325 800 1
325 902 1
325 1000 1
326 352 1
326 410 1
326 499 1
326 561 1
326 671 1
326 861 1
326 942 1
326 975 1
327 393 1
327 421 1
327 701 1
327 705 1
327 923 1
327 963 1
328 472 1
328 532 1
328 658 1
328 666 1
328 687 1
328 786 1
328 791 1
329 480 1
329 645 1
329 693 1
329 833 1
329 957 1
330 502 1
330 519 1
330 663 1
330 688 1
330 741 1
330 824 1
330 890 1
331 396 1
331 918 1
332 449 1
332 624 1
332 654 1
332 669 1
332 776 1
332 817 1
332 874 1
332 997 1
333 460 1
333 489 1
333 514 1
333 628 1
333 773 1
334 420 1
334 422 1
334 737 1
335 398 1
335 427 1
335 519 1
335 713 1
335 787 1
335 799 1
335 896 1
336 394 1
336 528 1
336 571 1
336 602 1
336 653 1
336 668 1
336 846 1
337 442 1
337 483 1
337 678 1
337 771 1
337 968 1
338 493 1
338 511 1
338 545 1
338 592 1
338 818 1
338 983 1
338 998 1
339 433 1
339 505 1
339 645 1
339 657 1
339 804 1
339 939 1
340 360 1
340 504 1
340 520 1
340 581 1
340 663 1
340 800 1
340 828 1
340 851 1
341 603 1
341 609 1
341 670 1
341 798 1
341 907 1
342 368 1
342 417 1
342 518 1
342 595 1
342 888 1
342 905 1
343 598 1
343 799 1
344 352 1
344 568 1
344 734 1
344 758 1
344 867 1
344 874 1
345 819 1
345 883 1
345 911 1
346 485 1
346 579 1
346 747 1
346 776 1
346 940 1
347 630 1
347 665 1
347 994 1
348 377 1
348 429 1
348 448 1
348 519 1
348 524 1
348 732 1
348 759 1
349 514 1
349 532 1
349 715 1
349 731 1
349 871 1
350 358 1
350 389 1
350 515 1
350 553 1
350 604 1
350 606 1
350 811 1
350 936 1
351 490 1
351 525 1
351 548 1
351 576 1
351 644 1
351 779 1
351 863 1
352 672 1
352 816 1
352 952 1
352 996 1
353 376 1
353 450 1
353 698 1
353 727 1
353 763 1
353 828 1
353 841 1
353 875 1
354 493 1
354 525 1
354 935 1
354 958 1
355 445 1
355 456 1
355 619 1
355 639 1
355 989 1
356 391 1
356 393 1
356 415 1
356 526 1
356 602 1
356 699 1
356 789 1
356 844 1
356 951 1
356 987 1
356 994 1
357 375 1
357 446 1
357 509 1
357 614 1
357 663 1
357 693 1
357 756 1
357 774 1
357 917 1
358 467 1
358 469 1
358 543 1
358 563 1
358 773 1
358 963 1
359 426 1
359 529 1
359 576 1
359 677 1
359 873 1
360 364 1
360 412 1
360 419 1
360 459 1
360 487 1
360 579 1
360 638 1
360 789 1
360 835 1
360 976 1
361 464 1
361 492 1
361 535 1
361 555 1
361 701 1
362 388 1
362 538 1
362 800 1
362 808 1
362 969 1
363 529 1
363 636 1
363 716 1
363 973 1
364 493 1
364 528 1
364 531 1
364 623 1
364 663 1
364 689 1
364 824 1
364 847 1
364 972 1
365 435 1
365 602 1
365 718 1
365 785 1
366 640 1
366 747 1
366 826 1
366 989 1
367 391 1
367 401 1
367 446 1
367 494 1
367 525 1
367 596 1
367 602 1
367 613 1
367 618 1
367 638 1
367 668 1
367 820 1
368 408 1
368 472 1
368 616 1
368 657 1
368 771 1
368 897 1
369 437 1
369 492 1
369 498 1
369 767 1
369 987 1
370 400 1
370 430 1
370 524 1
370 946 1
370 955 1
370 996 1
371 393 1
371 719 1
371 861 1
371 975 1
372 395 1
372 402 1
372 439 1
372 612 1
372 692 1
372 695 1
372 798 1
372 931 1
373 445 1
373 496 1
373 514 1
373 584 1
373 712 1
373 715 1
373 731 1
373 749 1
374 403 1
374 420 1
374 659 1
375 428 1
375 436 1
375 464 1
375 559 1
375 772 1
375 939 1
375 977 1
376 540 1
376 702 1
376 744 1
376 838 1
376 904 1
376 952 1
377 424 1
377 535 1
377 563 1
377 594 1
377 715 1
377 803 1
377 871 1
377 922 1
378 387 1
378 426 1
378 555 1
378 701 1
378 745 1
378 824 1
378 826 1
378 846 1
378 874 1
378 880 1
378 893 1
379 669 1
379 813 1
379 818 1
379 999 1
380 439 1
380 516 1
380 692 1
380 733 1
380 968 1
380 977 1
381 445 1
381 522 1
381 630 1
381 725 1
381 792 1
381 795 1
381 850 1
381 893 1
381 986 1
382 513 1
382 552 1
382 786 1
382 847 1
382 867 1
382 883 1
383 436 1
383 492 1
383 522 1
383 556 1
383 588 1
383 709 1
383 755 1
383 832 1
383 863 1
383 892 1
383 935 1
383 977 1
384 484 1
384 605 1
384 734 1
384 758 1
385 537 1
385 691 1
385 747 1
386 535 1
386 580 1
386 676 1
387 438 1
387 445 1
387 589 1
387 600 1
387 627 1
387 642 1
387 714 1
387 752 1
387 756 1
387 840 1
387 950 1
387 955 1
387 964 1
388 410 1
388 413 1
388 428 1
388 449 1
388 646 1
388 685 1
389 759 1
389 777 1
389 927 1
390 441 1
390 612 1
390 677 1
390 910 1
390 936 1
390 954 1
390 964 1
391 401 1
391 513 1
391 635 1
391 818 1
391 830 1
391 961 1
392 425 1
392 429 1
392 452 1
392 706 1
392 841 1
392 914 1
392 981 1
393 416 1
393 495 1
393 621 1
393 626 1
394 563 1
394 710 1
394 765 1
394 797 1
394 814 1
394 823 1
394 920 1
394 974 1
395 397 1
395 548 1
395 586 1
395 653 1
395 845 1
396 515 1
396 603 1
396 660 1
396 840 1
396 925 1
396 945 1
397 405 1
397 428 1
397 557 1
397 614 1
397 632 1
397 691 1
397 692 1
397 758 1
397 948 1
398 451 1
398 470 1
398 654 1
399 411 1
399 448 1
399 473 1
399 502 1
399 692 1
399 745 1
399 780 1
399 893 1
399 967 1
400 457 1
400 585 1
400 642 1
400 670 1
400 769 1
400 865 1
400 882 1
400 895 1
400 982 1
401 414 1
401 598 1
401 683 1
401 700 1
401 944 1
402 668 1
402 745 1
403 437 1
403 617 1
403 718 1
403 905 1
403 975 1
404 406 1
404 411 1
404 449 1
404 452 1
404 609 1
404 644 1
404 720 1
404 737 1
404 816 1
404 907 1
405 530 1
405 579 1
405 933 1
406 441 1
406 562 1
406 685 1
406 821 1
406 965 1
406 992 1
407 464 1
407 475 1
407 507 1
407 524 1
407 697 1
407 712 1
407 731 1
407 786 1
408 416 1
408 632 1
408 668 1
408 793 1
408 809 1
408 843 1
409 453 1
409 502 1
409 546 1
409 547 1
409 582 1
409 855 1
409 978 1
409 989 1
410 579 1
410 590 1
410 611 1
410 623 1
410 641 1
410 731 1
410 854 1
410 906 1
410 909 1
410 913 1
411 428 1
411 550 1
411 607 1
411 613 1
411 615 1
411 631 1
411 815 1
411 878 1
411 906 1
412 968 1
413 562 1
413 568 1
413 575 1
413 680 1
413 732 1
413 797 1
413 803 1
413 844 1
413 905 1
413 921 1
413 993 1
414 604 1
414 638 1
414 674 1
414 827 1
414 969 1
415 460 1
415 473 1
415 566 1
415 626 1
415 693 1
415 776 1
416 458 1
416 483 1
416 500 1
416 540 1
416 565 1
416 601 1
416 609 1
416 710 1
416 783 1
416 803 1
416 901 1
416 951 1
416 994 1
416 996 1
417 444 1
417 687 1
417 707 1
417 805 1
417 967 1
418 466 1
418 587 1
418 686 1
418 688 1
418 721 1
418 862 1
418 958 1
418 961 1
418 975 1
419 459 1
419 690 1
419 719 1
419 757 1
419 987 1
420 544 1
420 738 1
420 743 1
420 856 1
420 861 1
420 903 1
421 500 1
421 546 1
421 615 1
421 663 1
421 722 1
421 745 1
421 847 1
421 902 1
422 526 1
422 532 1
422 540 1
422 864 1
423 518 1
423 910 1
423 951 1
423 955 1
423 984 1
424 431 1
424 503 1
424 596 1
425 535 1
425 596 1
425 804 1
425 820 1
425 835 1
425 923 1
425 975 1
426 503 1
426 559 1
426 590 1
426 669 1
426 685 1
426 710 1
426 733 1
426 766 1
426 872 1
426 920 1
427 507 1
427 546 1
427 755 1
427 832 1
427 945 1
428 459 1
428 493 1
428 853 1
428 999 1
429 481 1
429 643 1
429 739 1
429 841 1
429 850 1
429 933 1
430 594 1
430 821 1
431 451 1
431 457 1
431 491 1
431 664 1
431 719 1
431 847 1
431 918 1
432 503 1
432 574 1
432 593 1
432 716 1
432 730 1
432 749 1
432 856 1
432 977 1
433 504 1
433 585 1
433 674 1
433 731 1
434 443 1
434 699 1
434 709 1
434 885 1
434 930 1
434 937 1
435 510 1
435 518 1
435 565 1
435 689 1
435 713 1
435 753 1
435 845 1
435 912 1
435 995 1
436 455 1
436 517 1
436 556 1
436 590 1
436 754 1
436 780 1
436 844 1
437 489 1
437 584 1
437 638 1
437 646 1
437 820 1
438 478 1
438 583 1
438 623 1
438 837 1
438 851 1
438 859 1
439 467 1
440 556 1
440 588 1
440 796 1
441 496 1
441 584 1
441 621 1
441 716 1
441 742 1
441 830 1
442 607 1
442 701 1
443 629 1
443 676 1
443 704 1
443 728 1
443 824 1
443 873 1
443 904 1
443 927 1
444 463 1
444 509 1
444 650 1
444 763 1
445 569 1
445 572 1
445 771 1
445 789 1
445 915 1
445 969 1
446 479 1
446 644 1
446 747 1
447 565 1
447 679 1
447 801 1
447 806 1
447 843 1
448 533 1
448 619 1
448 660 1
448 809 1
449 630 1
449 880 1
449 893 1
449 938 1
450 812 1
451 514 1
451 566 1
451 637 1
451 669 1
451 671 1
451 758 1
451 885 1
451 985 1
452 461 1
452 581 1
452 589 1
452 726 1
452 982 1
453 454 1
453 561 1
453 670 1
453 769 1
453 953 1
454 528 1
454 639 1
454 761 1
455 460 1
455 690 1
455 842 1
455 879 1
456 609 1
457 482 1
457 521 1
458 504 1
458 548 1
458 653 1
458 987 1
459 574 1
459 674 1
459 727 1
459 898 1
460 517 1
460 621 1
460 668 1
460 913 1
460 960 1
461 465 1
461 512 1
461 533 1
461 608 1
461 693 1
461 735 1
461 861 1
461 879 1
461 907 1
462 564 1
462 570 1
462 676 1
462 679 1
462 704 1
462 712 1
462 747 1
463 510 1
463 634 1
463 716 1
463 940 1
464 489 1
464 553 1
464 713 1
464 726 1
464 762 1
464 925 1
464 935 1
464 945 1
465 595 1
465 810 1
466 624 1
466 676 1
466 883 1
467 470 1
467 789 1
467 999 1
468 487 1
468 824 1
468 932 1
468 948 1
469 509 1
469 685 1
469 767 1
469 899 1
470 474 1
470 504 1
470 706 1
470 708 1
470 827 1
471 491 1
471 644 1
471 737 1
471 768 1
471 834 1
471 962 1
472 516 1
472 662 1
472 715 1
472 771 1
473 532 1
473 551 1
473 626 1
473 656 1
473 674 1
473 755 1
473 829 1
473 947 1
474 501 1
474 624 1
474 798 1
474 998 1
475 558 1
476 516 1
476 563 1
476 858 1
477 487 1
477 531 1
477 568 1
477 674 1
477 888 1
478 492 1
478 552 1
478 812 1
479 781 1
479 893 1
479 938 1
479 949 1
480 982 1
481 880 1
481 884 1
481 927 1
482 489 1
482 839 1
482 901 1
482 956 1
482 980 1
483 499 1
483 619 1
483 679 1
483 855 1
483 989 1
484 514 1
484 589 1
484 760 1
484 900 1
484 988 1
485 506 1
485 563 1
485 856 1
485 918 1
485 988 1
486 500 1
486 507 1
486 576 1
486 608 1
486 652 1
486 785 1
486 977 1
487 506 1
487 572 1
487 664 1
487 745 1
487 758 1
487 780 1
487 841 1
487 966 1
487 983 1
488 534 1
488 559 1
488 570 1
488 617 1
488 675 1
488 926 1
489 539 1
489 739 1
489 746 1
489 798 1
489 835 1
489 859 1
489 942 1
489 995 1
490 752 1
490 757 1
490 999 1
491 783 1
491 936 1
491 962 1
491 978 1
492 509 1
492 528 1
492 583 1
492 738 1
492 892 1
492 955 1
493 521 1
493 602 1
493 608 1
493 827 1
493 862 1
493 914 1
493 989 1
494 499 1
494 552 1
494 752 1
494 776 1
494 844 1
494 903 1
494 954 1
495 768 1
496 545 1
496 728 1
496 757 1
496 763 1
496 839 1
497 620 1
497 630 1
497 730 1
497 871 1
497 949 1
498 567 1
498 695 1
498 787 1
499 617 1
499 658 1
499 690 1
499 831 1
499 893 1
499 903 1
499 946 1
499 989 1
500 522 1
500 524 1
500 696 1
500 797 1
500 950 1
500 964 1
501 550 1
501 589 1
501 815 1
501 913 1
502 670 1
502 693 1
502 723 1
502 755 1
503 518 1
503 592 1
503 719 1
503 764 1
503 848 1
503 929 1
503 932 1
504 552 1
504 631 1
504 713 1
504 747 1
504 762 1
504 900 1
505 564 1
505 648 1
505 791 1
506 551 1
506 638 1
506 704 1
506 822 1
506 965 1
507 554 1
507 648 1
507 666 1
507 711 1
507 739 1
507 832 1
507 908 1
508 698 1
508 852 1
508 854 1
508 886 1
509 689 1
509 772 1
509 800 1
509 913 1
510 635 1
510 713 1
510 777 1
510 859 1
510 953 1
511 701 1
511 758 1
511 770 1
511 868 1
511 916 1
511 958 1
512 521 1
512 527 1
512 914 1
512 944 1
513 550 1
513 557 1
513 654 1
513 690 1
513 938 1
514 539 1
514 654 1
514 755 1
514 800 1
515 833 1
515 843 1
515 871 1
515 907 1
516 534 1
516 570 1
516 612 1
516 635 1
517 857 1
517 867 1
517 908 1
517 988 1
518 559 1
518 569 1
518 589 1
518 661 1
518 923 1
518 964 1
518 981 1
518 989 1
519 630 1
519 668 1
520 761 1
520 830 1
520 875 1
520 930 1
520 953 1
520 963 1
521 678 1
521 738 1
521 997 1
522 535 1
522 550 1
522 597 1
522 840 1
522 984 1
522 998 1
523 566 1
523 674 1
523 678 1
523 684 1
523 911 1
523 946 1
523 959 1
524 764 1
525 560 1
526 573 1
526 603 1
526 766 1
526 780 1
527 633 1
527 682 1
527 762 1
527 789 1
527 809 1
527 928 1
527 932 1
527 972 1
527 978 1
528 616 1
528 715 1
528 730 1
528 905 1
528 930 1
528 933 1
528 964 1
529 716 1
530 598 1
530 678 1
530 685 1
530 814 1
530 950 1
530 970 1
531 681 1
531 886 1
531 888 1
531 958 1
531 994 1
532 594 1
532 602 1
532 790 1
532 828 1
532 946 1
532 989 1
532 992 1
533 553 1
533 627 1
533 727 1
533 783 1
533 820 1
533 869 1
534 658 1
534 705 1
534 782 1
534 929 1
535 622 1
535 634 1
535 785 1
535 854 1
535 877 1
536 540 1
537 738 1
537 812 1
538 545 1
538 655 1
538 777 1
538 813 1
538 893 1
538 982 1
539 594 1
539 729 1
539 831 1
539 848 1
539 875 1
539 911 1
540 679 1
540 973 1
541 772 1
541 868 1
541 895 1
541 917 1
541 937 1
542 684 1
542 766 1
542 804 1
542 905 1
542 997 1
543 646 1
543 741 1
543 860 1
544 636 1
544 665 1
544 729 1
544 743 1
544 748 1
544 771 1
544 790 1
544 931 1
545 578 1
545 605 1
545 665 1
545 684 1
545 739 1
545 766 1
545 827 1
545 836 1
545 984 1
546 734 1
546 777 1
546 973 1
546 977 1
547 594 1
547 692 1
547 805 1
547 898 1
549 831 1
549 957 1
550 597 1
550 651 1
550 669 1
550 760 1
550 859 1
550 871 1
550 950 1
551 794 1
551 855 1
551 958 1
552 564 1
552 591 1
553 606 1
553 659 1
553 668 1
553 681 1
553 808 1
553 868 1
553 899 1
554 600 1
554 734 1
554 800 1
554 866 1
554 926 1
554 998 1
555 604 1
555 682 1
555 734 1
555 863 1
555 963 1
556 569 1
556 594 1
556 632 1
556 661 1
556 680 1
556 683 1
556 822 1
557 787 1
557 903 1
558 647 1
558 814 1
558 939 1
558 950 1
559 642 1
559 803 1
559 815 1
559 829 1
559 946 1
560 609 1
560 705 1
560 839 1
560 853 1
560 920 1
560 950 1
560 985 1
561 609 1
561 693 1
561 801 1
561 834 1
561 989 1
562 679 1
562 682 1
563 876 1
563 988 1
564 625 1
564 669 1
564 753 1
564 910 1
564 915 1
565 635 1
565 688 1
565 789 1
565 813 1
565 866 1
565 868 1
565 890 1
566 826 1
566 913 1
567 649 1
567 736 1
567 819 1
567 873 1
568 612 1
568 668 1
568 701 1
568 789 1
568 823 1
568 850 1
568 863 1
568 865 1
569 657 1
569 711 1
569 850 1
569 856 1
570 889 1
570 966 1
571 683 1
571 685 1
571 704 1
571 762 1
571 771 1
571 839 1
572 586 1
572 598 1
572 621 1
572 628 1
572 695 1
572 903 1
572 919 1
572 922 1
572 948 1
573 587 1
573 723 1
573 759 1
573 947 1
574 685 1
574 863 1
574 930 1
575 667 1
575 688 1
575 736 1
575 787 1
575 806 1
575 996 1
576 629 1
576 631 1
576 783 1
576 824 1
577 709 1
577 852 1
577 960 1
578 593 1
578 664 1
578 677 1
578 680 1
578 813 1
578 837 1
578 943 1
579 613 1
579 638 1
579 663 1
579 886 1
579 902 1
579 970 1
580 634 1
580 637 1
580 724 1
580 725 1
580 926 1
580 938 1
582 583 1
582 784 1
582 866 1
582 937 1
583 737 1
583 754 1
583 782 1
583 877 1
583 897 1
584 621 1
584 710 1
584 800 1
584 859 1
584 950 1
585 637 1
585 669 1
585 709 1
585 858 1
585 891 1
586 591 1
586 595 1
586 687 1
586 718 1
586 893 1
587 777 1
587 778 1
587 792 1
588 648 1
588 740 1
588 777 1
588 826 1
588 937 1
588 938 1
588 939 1
588 969 1
589 783 1
589 805 1
589 822 1
589 907 1
589 967 1
589 987 1
590 619 1
590 629 1
590 638 1
590 655 1
590 671 1
590 873 1
590 973 1
591 594 1
591 840 1
591 923 1
591 975 1
591 984 1
592 710 1
592 722 1
592 748 1
592 771 1
592 798 1
592 849 1
593 643 1
593 781 1
593 921 1
593 949 1
593 971 1
594 662 1
594 663 1
594 794 1
594 801 1
594 830 1
595 669 1
595 795 1
595 811 1
595 891 1
595 902 1
595 927 1
595 947 1
595 963 1
595 992 1
596 712 1
596 781 1
596 931 1
596 975 1
597 623 1
597 658 1
597 823 1
597 839 1
597 872 1
597 886 1
598 604 1
598 671 1
598 703 1
598 738 1
598 810 1
598 814 1
599 678 1
599 797 1
599 832 1
599 948 1
599 998 1
600 684 1
600 851 1
601 689 1
601 747 1
601 907 1
601 950 1
602 607 1
602 737 1
602 814 1
602 911 1
602 959 1
603 643 1
603 719 1
603 786 1
603 876 1
604 757 1
604 890 1
604 927 1
604 950 1
605 640 1
605 717 1
605 861 1
606 653 1
606 785 1
606 889 1
607 764 1
607 893 1
608 646 1
608 751 1
608 958 1
609 694 1
609 835 1
609 844 1
609 943 1
609 966 1
610 952 1
611 732 1
611 776 1
612 774 1
612 807 1
613 631 1
613 816 1
614 665 1
614 717 1
614 761 1
614 838 1
615 645 1
615 649 1
615 750 1
615 803 1
615 893 1
615 921 1
616 753 1
616 854 1
616 919 1
616 927 1
616 987 1
616 999 1
617 748 1
617 787 1
617 932 1
617 978 1
618 697 1
619 626 1
619 813 1
619 814 1
619 929 1
619 949 1
620 931 1
621 677 1
621 810 1
621 940 1
622 846 1
623 741 1
623 844 1
623 898 1
623 971 1
624 640 1
624 697 1
624 747 1
624 889 1
625 847 1
625 856 1
625 892 1
625 929 1
625 963 1
625 966 1
625 976 1
625 993 1
626 643 1
626 716 1
626 881 1
626 890 1
626 966 1
627 649 1
627 783 1
627 863 1
627 951 1
628 677 1
628 714 1
628 788 1
628 950 1
629 721 1
629 746 1
629 846 1
629 979 1
630 702 1
631 646 1
631 707 1
631 822 1
631 879 1
631 990 1
632 883 1
632 897 1
633 667 1
634 707 1
634 709 1
634 894 1
634 945 1
635 666 1
635 695 1
635 741 1
635 742 1
635 799 1
635 813 1
635 884 1
635 885 1
636 743 1
636 928 1
636 958 1
637 658 1
637 823 1
638 793 1
638 830 1
638 850 1
638 856 1
638 870 1
638 923 1
639 673 1
640 757 1
640 806 1
640 882 1
640 913 1
641 748 1
641 886 1
642 812 1
642 856 1
643 728 1
643 827 1
644 709 1
644 811 1
644 841 1
644 994 1
645 655 1
645 739 1
645 854 1
646 906 1
646 962 1
646 992 1
647 731 1
647 782 1
647 818 1
648 770 1
648 799 1
648 891 1
649 686 1
649 802 1
650 651 1
650 675 1
650 719 1
651 904 1
651 937 1
652 677 1
652 774 1
652 781 1
652 823 1
653 695 1
653 814 1
653 841 1
653 897 1
653 996 1
654 771 1
654 948 1
655 663 1
655 728 1
655 820 1
655 828 1
655 847 1
655 868 1
655 910 1
655 949 1
655 977 1
656 758 1
656 870 1
656 965 1
657 725 1
657 740 1
657 765 1
657 779 1
657 919 1
657 935 1
658 744 1
658 959 1
659 933 1
659 989 1
660 695 1
660 877 1
660 881 1
660 990 1
661 780 1
661 962 1
662 758 1
662 844 1
663 752 1
663 785 1
663 839 1
663 881 1
663 882 1
664 921 1
665 722 1
665 794 1
665 906 1
665 985 1
666 922 1
666 971 1
667 863 1
667 937 1
668 758 1
668 811 1
668 826 1
669 750 1
669 792 1
669 993 1
670 744 1
670 752 1
670 764 1
670 824 1
670 950 1
670 989 1
671 982 1
672 678 1
672 734 1
672 822 1
672 951 1
672 958 1
673 730 1
673 952 1
674 687 1
674 729 1
674 764 1
674 849 1
674 919 1
675 708 1
675 814 1
675 912 1
676 747 1
676 762 1
676 787 1
676 944 1
677 804 1
677 894 1
677 961 1
678 897 1
679 751 1
679 838 1
679 988 1
680 683 1
680 685 1
680 740 1
680 754 1
680 817 1
680 900 1
680 928 1
680 996 1
681 682 1
681 688 1
681 708 1
682 810 1
682 919 1
683 686 1
683 723 1
683 876 1
683 897 1
684 954 1
684 996 1
685 768 1
685 779 1
685 829 1
685 934 1
685 942 1
686 707 1
686 840 1
686 891 1
686 902 1
686 961 1
686 964 1
687 763 1
687 839 1
687 861 1
687 863 1
687 897 1
687 939 1
688 818 1
688 848 1
688 876 1
689 739 1
689 964 1
690 713 1
690 783 1
690 853 1
690 964 1
691 946 1
692 770 1
692 809 1
692 849 1
692 875 1
692 910 1
693 781 1
693 785 1
693 964 1
693 979 1
694 791 1
694 864 1
694 972 1
695 891 1
695 929 1
695 936 1
695 971 1
695 992 1
696 758 1
696 799 1
696 831 1
696 852 1
696 917 1
696 931 1
696 990 1
697 802 1
697 830 1
697 912 1
697 956 1
698 760 1
698 774 1
699 844 1
699 849 1
699 875 1
699 888 1
699 920 1
699 936 1
700 719 1
700 830 1
700 928 1
700 972 1
701 712 1
702 748 1
702 816 1
702 864 1
702 921 1
703 796 1
703 902 1
703 999 1
704 729 1
704 783 1
704 875 1
704 901 1
704 942 1
705 781 1
705 823 1
705 867 1
705 928 1
706 707 1
706 739 1
706 745 1
706 791 1
706 807 1
706 912 1
707 786 1
707 797 1
708 935 1
708 992 1
709 743 1
709 753 1
709 771 1
710 746 1
710 816 1
710 821 1
710 913 1
710 919 1
710 937 1
710 939 1
711 719 1
711 772 1
711 783 1
711 797 1
711 887 1
711 956 1
711 976 1
712 858 1
712 978 1
713 718 1
713 815 1
713 827 1
713 854 1
713 922 1
714 745 1
714 837 1
714 948 1
715 746 1
715 827 1
716 761 1
716 986 1
717 718 1
717 827 1
717 980 1
717 992 1
718 901 1
718 955 1
719 881 1
719 898 1
719 953 1
719 959 1
720 789 1
720 797 1
720 804 1
720 831 1
721 745 1
721 763 1
721 969 1
722 746 1
722 893 1
723 786 1
723 803 1
724 994 1
725 788 1
725 801 1
725 833 1
725 853 1
725 949 1
725 964 1
726 771 1
726 793 1
726 818 1
726 978 1
727 767 1
727 777 1
727 789 1
727 939 1
727 972 1
728 859 1
728 927 1
728 985 1
729 814 1
729 961 1
729 978 1
730 826 1
730 933 1
731 826 1
731 967 1
731 988 1
732 826 1
732 890 1
733 795 1
733 824 1
733 931 1
734 767 1
734 854 1
734 991 1
735 775 1
735 866 1
736 824 1
736 848 1
737 790 1
737 986 1
738 809 1
738 869 1
738 877 1
738 901 1
738 966 1
739 889 1
739 915 1
739 984 1
740 774 1
740 936 1
740 966 1
740 995 1
741 757 1
742 819 1
743 779 1
743 999 1
744 859 1
744 953 1
744 963 1
745 798 1
746 785 1
746 967 1
747 916 1
749 817 1
749 931 1
750 806 1
750 951 1
750 960 1
750 964 1
751 889 1
751 913 1
751 952 1
751 986 1
751 995 1
752 786 1
752 792 1
752 794 1
753 872 1
754 824 1
754 886 1
754 936 1
755 787 1
755 808 1
755 975 1
756 771 1
756 906 1
756 917 1
757 769 1
757 856 1
757 951 1
757 962 1
757 973 1
757 990 1
758 953 1
759 784 1
760 882 1
760 891 1
760 904 1
760 982 1
761 809 1
761 895 1
761 916 1
762 771 1
762 902 1
762 988 1
763 865 1
763 929 1
763 1000 1
764 804 1
765 830 1
765 920 1
766 825 1
766 1000 1
767 837 1
767 980 1
768 979 1
769 811 1
769 850 1
769 979 1
770 880 1
770 905 1
770 964 1
770 993 1
771 779 1
771 834 1
771 851 1
772 817 1
772 861 1
772 886 1
773 793 1
773 818 1
773 822 1
773 900 1
773 908 1
773 935 1
774 817 1
774 873 1
774 881 1
774 897 1
774 921 1
775 926 1
776 923 1
776 987 1
777 823 1
777 846 1
777 913 1
777 919 1
779 818 1
780 864 1
780 873 1
780 928 1
780 935 1
781 795 1
781 848 1
781 913 1
781 926 1
781 929 1
781 955 1
782 944 1
783 836 1
783 953 1
784 909 1
786 923 1
786 992 1
787 918 1
787 996 1
788 830 1
788 944 1
788 964 1
788 1000 1
789 804 1
789 851 1
789 987 1
790 804 1
790 825 1
790 981 1
790 995 1
791 811 1
792 907 1
793 870 1
794 837 1
795 855 1
795 882 1
796 839 1
796 893 1
796 975 1
797 877 1
797 950 1
798 921 1
798 944 1
798 952 1
798 964 1
798 1000 1
799 841 1
800 939 1
801 848 1
801 984 1
802 820 1
802 889 1
804 956 1
804 957 1
805 955 1
806 812 1
806 865 1
806 910 1
807 887 1
807 942 1
807 971 1
808 995 1
809 913 1
810 916 1
810 985 1
811 886 1
811 890 1
812 836 1
812 964 1
812 974 1
814 913 1
815 828 1
815 893 1
816 844 1
816 930 1
816 995 1
817 835 1
817 882 1
818 824 1
819 907 1
819 986 1
821 872 1
821 921 1
821 994 1
821 1000 1
823 829 1
824 887 1
824 892 1
824 959 1
824 995 1
825 988 1
826 893 1
826 979 1
827 870 1
827 912 1
827 995 1
828 832 1
829 990 1
830 913 1
830 966 1
831 839 1
831 917 1
831 991 1
832 855 1
833 852 1
835 844 1
835 969 1
836 850 1
836 981 1
837 842 1
837 864 1
837 900 1
838 957 1
838 959 1
838 977 1
839 934 1
840 965 1
840 998 1
841 927 1
841 948 1
842 902 1
843 868 1
843 889 1
843 938 1
843 967 1
843 987 1
844 893 1
844 924 1
845 865 1
846 878 1
848 871 1
848 936 1
849 891 1
849 978 1
850 894 1
850 959 1
851 862 1
853 932 1
856 967 1
857 862 1
857 866 1
857 900 1
857 912 1
857 925 1
857 959 1
859 925 1
860 945 1
861 999 1
862 989 1
863 945 1
864 896 1
865 868 1
865 885 1
867 884 1
867 929 1
870 970 1
871 886 1
871 906 1
871 939 1
874 888 1
874 950 1
875 922 1
875 944 1
878 993 1
878 998 1
879 899 1
881 910 1
881 932 1
883 898 1
883 980 1
884 898 1
885 922 1
885 967 1
885 989 1
886 896 1
887 917 1
890 937 1
891 925 1
892 975 1
894 919 1
895 897 1
897 950 1
899 936 1
900 907 1
900 970 1
901 917 1
901 986 1
903 938 1
903 939 1
904 968 1
904 978 1
905 943 1
907 938 1
909 944 1
909 963 1
909 980 1
910 998 1
911 931 1
913 975 1
916 985 1
919 969 1
921 967 1
921 999 1
924 990 1
924 993 1
924 998 1
927 973 1
928 984 1
928 996 1
930 939 1
931 940 1
931 976 1
932 945 1
933 999 1
938 973 1
940 949 1
945 960 1
945 973 1
945 995 1
946 998 1
952 975 1
953 965 1
955 983 1
956 995 1
959 972 1
960 995 1
963 969 1
964 998 1
968 970 1
970 989 1
971 988 1
973 986 1
980 987 1
982 994 1
983 990 1
