1000 5065
1 66 1
1 174 1
1 316 1
1 427 1
1 504 1
1 667 1
1 724 1
1 763 1
1 788 1
1 995 1
2 120 1
2 493 1
2 501 1
2 552 1
2 743 1
2 964 1
2 965 1
3 119 1
3 177 1
3 186 1
3 226 1
3 357 1
3 630 1
3 653 1
3 698 1
3 701 1
3 711 1
3 803 1
3 841 1
3 896 1
3 971 1
4 70 1
4 280 1
4 311 1
4 334 1
4 374 1
4 392 1
4 624 1
4 909 1
5 25 1
5 139 1
5 148 1
5 158 1
5 170 1
5 269 1
5 349 1
5 432 1
5 693 1
6 122 1
6 177 1
6 331 1
6 376 1
6 608 1
6 738 1
6 749 1
6 813 1
6 906 1
7 34 1
7 220 1
7 261 1
7 368 1
7 386 1
7 464 1
7 480 1
7 632 1
7 635 1
7 731 1
7 753 1
7 823 1
7 985 1
8 34 1
8 302 1
8 313 1
8 328 1
8 367 1
8 525 1
8 631 1
8 685 1
8 774 1
8 888 1
8 925 1
9 300 1
9 505 1
9 767 1
9 789 1
9 795 1
9 859 1
9 899 1
9 975 1
10 124 1
10 254 1
10 325 1
10 465 1
10 509 1
10 546 1
10 549 1
10 571 1
10 604 1
10 741 1
10 756 1
10 854 1
10 936 1
11 88 1
11 145 1
11 174 1
11 187 1
11 455 1
11 462 1
11 576 1
11 617 1
11 875 1
12 186 1
12 457 1
12 473 1
12 590 1
12 826 1
12 875 1
12 939 1
13 65 1
13 132 1
13 157 1
13 167 1
13 325 1
13 382 1
13 503 1
13 506 1
13 531 1
13 783 1
13 826 1
14 20 1
14 321 1
14 337 1
14 363 1
14 505 1
14 660 1
14 813 1
14 847 1
14 867 1
15 360 1
15 573 1
15 892 1
16 225 1
16 288 1
16 528 1
16 529 1
16 574 1
17 85 1
17 96 1
17 129 1
17 156 1
17 163 1
17 220 1
17 560 1
17 656 1
17 687 1
17 797 1
17 928 1
17 930 1
17 962 1
18 37 1
18 155 1
18 162 1
18 670 1
18 718 1
18 800 1
18 814 1
18 823 1
19 21 1
19 37 1
19 147 1
19 197 1
19 221 1
19 729 1
19 910 1
19 962 1
20 132 1
20 190 1
20 219 1
20 254 1
20 291 1
20 416 1
20 564 1
20 575 1
20 778 1
20 905 1
20 943 1
21 32 1
21 146 1
21 341 1
21 403 1
21 451 1
21 649 1
21 877 1
21 954 1
22 94 1
22 184 1
22 238 1
22 260 1
22 389 1
22 449 1
22 467 1
22 498 1
22 527 1
22 563 1
22 657 1
22 740 1
22 833 1
22 919 1
23 129 1
23 568 1
23 707 1
23 784 1
24 52 1
24 58 1
24 108 1
24 110 1
24 213 1
24 215 1
24 570 1
24 597 1
24 656 1
24 774 1
24 848 1
25 373 1
25 436 1
25 585 1
25 898 1
25 998 1
26 203 1
26 263 1
26 287 1
26 308 1
26 329 1
26 489 1
26 654 1
26 693 1
26 877 1
26 919 1
26 923 1
26 935 1
27 119 1
27 222 1
27 404 1
27 507 1
27 512 1
27 601 1
27 665 1
27 708 1
27 779 1
27 788 1
27 824 1
27 910 1
27 919 1
28 79 1
28 98 1
28 300 1
28 347 1
28 373 1
28 621 1
28 629 1
28 781 1
28 930 1
29 150 1
29 175 1
29 320 1
29 467 1
29 654 1
29 888 1
29 899 1
29 936 1
29 947 1
29 990 1
29 994 1
30 64 1
30 103 1
30 186 1
30 250 1
30 264 1
30 310 1
30 337 1
30 353 1
30 355 1
30 374 1
30 471 1
30 589 1
30 644 1
30 802 1
30 895 1
30 918 1
31 228 1
31 269 1
31 342 1
31 426 1
31 443 1
31 454 1
31 473 1
31 485 1
31 618 1
31 658 1
31 691 1
31 724 1
31 755 1
31 794 1
31 910 1
31 941 1
32 89 1
32 105 1
32 108 1
32 168 1
32 373 1
32 510 1
32 578 1
32 712 1
32 726 1
32 769 1
32 790 1
32 852 1
33 217 1
33 460 1
33 585 1
33 613 1
33 719 1
33 886 1
33 991 1
34 148 1
34 188 1
34 209 1
34 414 1
34 677 1
34 688 1
34 774 1
34 807 1
35 140 1
35 318 1
35 389 1
35 595 1
35 621 1
35 638 1
35 755 1
35 770 1
36 323 1
36 684 1
36 787 1
37 217 1
37 283 1
37 312 1
37 345 1
37 352 1
37 728 1
37 964 1
37 979 1
38 46 1
38 404 1
38 415 1
38 438 1
38 570 1
38 611 1
38 662 1
38 728 1
38 736 1
38 759 1
38 830 1
39 116 1
39 155 1
39 205 1
39 338 1
39 835 1
40 106 1
40 137 1
40 210 1
40 264 1
40 281 1
40 299 1
40 566 1
40 739 1
40 746 1
40 772 1
40 824 1
40 906 1
40 912 1
40 1000 1
41 47 1
41 90 1
41 141 1
41 208 1
41 247 1
41 306 1
41 407 1
41 464 1
41 513 1
41 672 1
41 975 1
42 102 1
42 287 1
42 311 1
42 335 1
42 338 1
42 512 1
42 520 1
42 744 1
42 808 1
42 890 1
43 122 1
43 522 1
43 648 1
43 803 1
44 141 1
44 290 1
44 368 1
44 390 1
44 724 1
44 751 1
45 67 1
45 153 1
45 183 1
45 353 1
45 410 1
45 575 1
45 921 1
45 945 1
45 948 1
46 92 1
46 232 1
46 703 1
46 850 1
46 901 1
47 781 1
47 796 1
47 818 1
47 883 1
47 886 1
47 906 1
48 193 1
48 379 1
48 460 1
48 718 1
48 801 1
48 974 1
49 315 1
49 384 1
49 481 1
49 624 1
49 632 1
49 698 1
49 767 1
49 780 1
49 831 1
49 910 1
50 235 1
50 295 1
50 353 1
50 528 1
50 664 1
50 713 1
50 765 1
50 928 1
51 214 1
51 356 1
51 555 1
51 676 1
51 699 1
51 710 1
51 713 1
51 720 1
51 810 1
51 887 1
52 110 1
52 156 1
52 176 1
52 192 1
52 234 1
52 327 1
52 403 1
52 530 1
52 638 1
52 754 1
52 770 1
52 857 1
52 990 1
53 144 1
53 345 1
53 479 1
53 589 1
53 637 1
53 870 1
53 936 1
53 950 1
54 365 1
54 460 1
54 466 1
54 591 1
54 688 1
54 804 1
54 863 1
55 72 1
55 135 1
55 220 1
55 262 1
55 293 1
55 348 1
55 412 1
55 440 1
55 460 1
55 465 1
55 563 1
55 721 1
55 805 1
56 81 1
56 125 1
56 231 1
56 300 1
56 336 1
56 408 1
56 512 1
56 585 1
56 674 1
56 721 1
56 813 1
57 71 1
57 341 1
57 381 1
57 428 1
57 524 1
57 840 1
57 958 1
58 138 1
58 146 1
58 324 1
58 346 1
58 355 1
58 489 1
58 545 1
58 689 1
58 697 1
58 785 1
58 787 1
58 805 1
58 909 1
59 74 1
59 111 1
59 123 1
59 153 1
59 560 1
59 568 1
59 752 1
60 272 1
60 355 1
60 427 1
60 572 1
60 595 1
60 683 1
60 710 1
60 744 1
60 938 1
61 81 1
61 111 1
61 112 1
61 137 1
61 178 1
61 426 1
61 519 1
61 740 1
61 879 1
61 887 1
61 910 1
61 952 1
62 142 1
62 170 1
62 433 1
62 582 1
62 818 1
63 213 1
63 222 1
63 286 1
63 377 1
63 491 1
63 776 1
63 874 1
64 100 1
64 124 1
64 234 1
64 406 1
64 505 1
64 596 1
64 776 1
64 928 1
64 942 1
65 92 1
65 163 1
65 334 1
65 354 1
65 414 1
65 581 1
65 714 1
65 795 1
65 955 1
65 973 1
66 147 1
66 155 1
66 492 1
66 581 1
67 78 1
67 236 1
67 303 1
67 430 1
67 454 1
67 565 1
67 713 1
67 770 1
67 795 1
68 81 1
68 184 1
68 211 1
68 304 1
68 391 1
68 707 1
68 721 1
68 770 1
68 781 1
68 818 1
69 245 1
69 517 1
69 548 1
69 643 1
69 766 1
69 860 1
69 933 1
70 126 1
70 224 1
70 230 1
70 238 1
70 292 1
70 297 1
70 335 1
70 353 1
70 511 1
70 635 1
70 741 1
70 852 1
70 967 1
71 92 1
71 132 1
71 191 1
71 322 1
71 343 1
71 358 1
71 641 1
71 878 1
71 925 1
72 162 1
72 182 1
72 188 1
72 220 1
72 375 1
72 442 1
72 477 1
72 602 1
72 779 1
72 792 1
72 973 1
72 991 1
73 92 1
73 124 1
73 188 1
73 306 1
73 353 1
73 431 1
73 559 1
73 768 1
73 783 1
73 796 1
73 865 1
73 905 1
73 926 1
74 145 1
74 253 1
74 736 1
74 831 1
74 847 1
75 222 1
75 261 1
75 318 1
75 539 1
75 645 1
75 883 1
75 985 1
76 86 1
76 195 1
76 279 1
76 349 1
76 659 1
77 82 1
77 115 1
77 127 1
77 204 1
77 218 1
77 250 1
77 309 1
77 354 1
77 596 1
77 759 1
77 881 1
77 940 1
78 119 1
78 226 1
78 368 1
78 448 1
78 591 1
78 691 1
78 889 1
79 181 1
79 335 1
79 450 1
79 754 1
79 882 1
79 976 1
79 995 1
80 111 1
80 326 1
80 506 1
80 674 1
80 716 1
80 777 1
80 950 1
81 92 1
81 114 1
81 195 1
81 245 1
81 258 1
81 282 1
81 341 1
81 556 1
81 616 1
81 708 1
81 898 1
81 921 1
82 110 1
82 173 1
82 285 1
82 308 1
82 351 1
82 455 1
82 638 1
82 643 1
82 669 1
82 714 1
82 772 1
82 905 1
82 966 1
83 267 1
83 303 1
83 370 1
83 400 1
83 410 1
83 556 1
83 675 1
83 960 1
84 499 1
84 505 1
84 513 1
84 588 1
84 771 1
84 827 1
84 942 1
85 98 1
85 195 1
85 339 1
85 649 1
85 999 1
86 141 1
86 182 1
86 282 1
86 540 1
86 683 1
86 854 1
86 871 1
87 137 1
87 173 1
87 210 1
87 256 1
87 303 1
87 317 1
87 388 1
87 403 1
87 475 1
87 497 1
87 640 1
87 851 1
88 221 1
88 482 1
88 599 1
88 690 1
88 747 1
88 774 1
88 803 1
88 851 1
89 155 1
89 347 1
89 395 1
89 401 1
89 525 1
89 642 1
89 673 1
89 743 1
89 934 1
89 973 1
90 232 1
90 392 1
90 535 1
90 563 1
90 584 1
90 622 1
90 735 1
90 970 1
91 272 1
91 279 1
91 288 1
91 467 1
91 469 1
91 545 1
91 771 1
91 798 1
91 956 1
92 116 1
92 220 1
92 247 1
92 270 1
92 626 1
93 164 1
93 362 1
93 597 1
93 621 1
93 664 1
93 674 1
93 767 1
94 123 1
94 161 1
94 427 1
94 476 1
94 663 1
94 878 1
94 914 1
94 923 1
94 968 1
95 411 1
95 430 1
95 532 1
95 678 1
95 816 1
96 303 1
96 436 1
96 456 1
96 546 1
96 587 1
96 589 1
96 708 1
96 770 1
96 803 1
96 869 1
96 871 1
96 895 1
96 909 1
97 227 1
97 250 1
97 259 1
97 486 1
97 579 1
97 705 1
97 716 1
97 884 1
97 987 1
97 990 1
98 263 1
98 348 1
98 353 1
98 376 1
98 455 1
98 511 1
98 742 1
98 817 1
98 999 1
99 185 1
99 212 1
99 425 1
99 455 1
99 539 1
99 578 1
99 713 1
99 883 1
100 209 1
100 272 1
100 408 1
100 559 1
100 606 1
100 620 1
100 689 1
101 102 1
101 393 1
101 544 1
101 592 1
101 833 1
101 893 1
101 916 1
101 979 1
102 145 1
102 292 1
102 299 1
102 338 1
102 397 1
102 409 1
102 484 1
102 536 1
102 588 1
102 640 1
102 714 1
102 771 1
102 835 1
102 898 1
102 921 1
102 946 1
103 173 1
103 199 1
103 361 1
103 558 1
103 660 1
103 701 1
103 782 1
103 886 1
104 162 1
104 182 1
104 275 1
104 474 1
104 537 1
104 555 1
104 562 1
104 582 1
104 606 1
104 692 1
104 722 1
105 276 1
105 301 1
105 365 1
105 585 1
105 590 1
105 606 1
105 759 1
105 885 1
105 901 1
105 911 1
105 976 1
106 135 1
106 193 1
106 303 1
106 339 1
106 457 1
106 553 1
106 682 1
106 771 1
106 850 1
106 971 1
106 989 1
107 205 1
107 239 1
107 268 1
107 313 1
107 326 1
107 330 1
107 583 1
107 800 1
107 828 1
107 907 1
107 984 1
108 162 1
108 254 1
108 275 1
108 302 1
108 539 1
108 616 1
108 627 1
108 736 1
108 761 1
108 819 1
109 229 1
109 278 1
109 378 1
109 613 1
109 647 1
109 651 1
109 768 1
109 843 1
109 895 1
109 959 1
109 971 1
110 396 1
110 605 1
110 748 1
110 817 1
110 946 1
111 280 1
111 353 1
111 586 1
111 629 1
111 772 1
112 269 1
112 306 1
112 315 1
112 417 1
112 463 1
112 684 1
112 712 1
112 772 1
112 793 1
113 405 1
113 505 1
113 517 1
113 726 1
113 766 1
113 807 1
113 897 1
113 988 1
114 196 1
114 486 1
114 493 1
114 530 1
114 705 1
114 707 1
114 942 1
114 973 1
115 187 1
115 270 1
115 377 1
115 515 1
115 586 1
115 669 1
115 757 1
115 836 1
116 133 1
116 395 1
116 401 1
116 485 1
116 593 1
116 685 1
116 687 1
116 693 1
116 801 1
117 236 1
117 244 1
117 289 1
117 297 1
117 502 1
117 670 1
117 840 1
117 857 1
117 900 1
118 229 1
118 285 1
118 361 1
118 365 1
118 536 1
118 588 1
118 622 1
118 626 1
118 640 1
118 656 1
119 138 1
119 151 1
119 308 1
119 336 1
119 362 1
119 425 1
119 538 1
119 668 1
119 669 1
119 797 1
119 803 1
119 896 1
120 177 1
120 217 1
120 262 1
120 405 1
120 435 1
120 496 1
120 599 1
121 164 1
121 341 1
121 371 1
121 414 1
121 462 1
121 648 1
121 803 1
122 183 1
122 455 1
122 456 1
122 633 1
122 875 1
122 960 1
122 982 1
123 211 1
123 282 1
123 295 1
123 373 1
123 393 1
123 482 1
123 567 1
123 586 1
123 909 1
123 920 1
124 199 1
124 307 1
124 625 1
124 642 1
124 651 1
124 726 1
124 730 1
124 764 1
124 946 1
125 245 1
125 246 1
125 293 1
125 411 1
125 577 1
125 632 1
125 663 1
125 730 1
125 852 1
125 869 1
125 934 1
125 948 1
126 227 1
126 523 1
126 605 1
126 623 1
126 643 1
126 814 1
126 907 1
127 791 1
127 994 1
128 152 1
128 187 1
128 277 1
128 285 1
128 304 1
128 316 1
128 373 1
128 374 1
128 459 1
128 506 1
128 637 1
128 764 1
128 774 1
128 870 1
128 876 1
128 948 1
129 168 1
129 170 1
129 177 1
129 315 1
129 335 1
129 613 1
129 651 1
129 681 1
129 869 1
129 950 1
130 139 1
130 283 1
130 288 1
130 330 1
130 604 1
130 673 1
130 779 1
130 801 1
131 152 1
131 404 1
131 548 1
131 561 1
131 625 1
131 654 1
131 739 1
131 886 1
131 968 1
132 161 1
132 171 1
132 302 1
132 340 1
132 396 1
132 888 1
133 150 1
133 252 1
133 280 1
133 444 1
133 520 1
133 740 1
133 893 1
133 942 1
134 176 1
134 219 1
134 268 1
134 374 1
134 431 1
134 475 1
134 499 1
134 550 1
134 643 1
134 653 1
134 720 1
134 892 1
134 966 1
134 971 1
134 999 1
135 318 1
135 442 1
135 572 1
135 629 1
135 843 1
135 979 1
135 988 1
136 431 1
136 494 1
136 559 1
136 635 1
136 684 1
136 992 1
137 212 1
137 218 1
137 237 1
137 393 1
137 464 1
137 581 1
137 687 1
137 782 1
137 806 1
137 811 1
137 922 1
138 483 1
138 519 1
138 539 1
138 613 1
138 641 1
138 806 1
138 924 1
139 154 1
139 303 1
139 485 1
139 579 1
139 590 1
139 629 1
139 640 1
139 820 1
139 831 1
139 898 1
139 968 1
139 975 1
140 320 1
140 645 1
140 687 1
140 704 1
140 922 1
141 250 1
141 280 1
141 379 1
141 428 1
141 685 1
141 896 1
142 177 1
142 483 1
142 626 1
142 814 1
142 818 1
142 884 1
142 935 1
143 220 1
143 245 1
143 341 1
143 435 1
143 503 1
143 507 1
143 687 1
143 838 1
143 884 1
143 926 1
143 968 1
143 975 1
144 292 1
144 584 1
144 649 1
144 702 1
144 818 1
144 932 1
145 199 1
145 234 1
145 360 1
145 492 1
145 635 1
145 710 1
146 214 1
146 257 1
146 554 1
146 685 1
146 697 1
146 849 1
147 237 1
147 313 1
147 318 1
147 384 1
147 911 1
147 946 1
147 993 1
148 217 1
148 290 1
148 387 1
148 473 1
148 528 1
148 673 1
148 711 1
149 195 1
149 310 1
149 371 1
149 383 1
149 507 1
149 690 1
149 737 1
149 854 1
149 903 1
149 931 1
150 296 1
150 321 1
150 367 1
150 394 1
150 405 1
150 414 1
150 601 1
150 714 1
150 805 1
151 210 1
151 303 1
151 475 1
151 532 1
151 560 1
151 679 1
151 770 1
151 841 1
152 192 1
152 200 1
152 220 1
152 248 1
152 292 1
152 303 1
152 394 1
152 416 1
152 517 1
152 633 1
152 799 1
152 941 1
152 995 1
153 242 1
153 275 1
153 341 1
153 351 1
153 373 1
153 435 1
153 536 1
153 576 1
153 949 1
154 229 1
154 281 1
154 304 1
154 380 1
154 426 1
154 436 1
154 512 1
154 622 1
154 933 1
155 405 1
155 717 1
155 847 1
156 177 1
156 259 1
156 269 1
156 333 1
156 503 1
156 781 1
156 792 1
156 917 1
157 168 1
157 185 1
157 252 1
157 269 1
157 497 1
157 525 1
157 626 1
157 745 1
157 856 1
158 236 1
158 500 1
158 569 1
158 596 1
158 673 1
158 924 1
159 213 1
159 244 1
159 290 1
159 384 1
159 500 1
159 513 1
159 590 1
159 653 1
159 861 1
160 390 1
160 393 1
160 404 1
160 502 1
160 580 1
160 911 1
161 252 1
161 264 1
161 385 1
161 400 1
161 444 1
161 486 1
161 511 1
161 560 1
161 653 1
161 777 1
161 986 1
162 200 1
162 319 1
162 390 1
162 450 1
162 466 1
162 528 1
162 762 1
162 876 1
163 189 1
163 237 1
163 250 1
163 253 1
163 393 1
163 421 1
163 570 1
163 574 1
163 617 1
163 709 1
163 787 1
164 195 1
164 351 1
164 428 1
164 571 1
164 901 1
165 267 1
165 289 1
165 314 1
165 371 1
165 608 1
165 738 1
165 744 1
165 776 1
165 881 1
165 939 1
165 957 1
166 272 1
166 314 1
166 564 1
166 589 1
166 657 1
166 850 1
167 254 1
167 264 1
167 353 1
167 398 1
167 501 1
167 675 1
167 725 1
167 780 1
167 887 1
167 983 1
167 994 1
168 172 1
168 186 1
168 198 1
168 263 1
168 278 1
168 313 1
168 318 1
168 324 1
168 536 1
168 605 1
168 634 1
168 801 1
168 873 1
168 946 1
168 991 1
169 228 1
169 301 1
169 380 1
169 494 1
169 523 1
169 611 1
169 720 1
169 903 1
169 930 1
170 209 1
170 471 1
170 509 1
170 583 1
170 683 1
170 711 1
170 718 1
170 824 1
170 885 1
170 927 1
171 257 1
171 275 1
171 293 1
171 353 1
171 659 1
171 841 1
171 880 1
171 920 1
172 225 1
172 290 1
172 348 1
172 357 1
172 421 1
172 493 1
172 610 1
172 642 1
172 744 1
172 881 1
172 947 1
172 953 1
172 1000 1
173 777 1
173 814 1
173 818 1
173 871 1
173 996 1
174 258 1
174 316 1
174 322 1
174 473 1
174 553 1
174 867 1
174 909 1
174 935 1
175 191 1
175 357 1
175 374 1
175 472 1
175 481 1
175 536 1
175 564 1
175 569 1
175 754 1
176 443 1
176 464 1
176 522 1
176 784 1
176 813 1
177 242 1
177 244 1
177 393 1
177 431 1
177 454 1
177 788 1
177 837 1
178 379 1
178 399 1
178 532 1
178 582 1
178 603 1
178 688 1
178 750 1
178 764 1
178 774 1
179 184 1
179 247 1
179 250 1
179 258 1
179 284 1
179 370 1
179 373 1
179 452 1
179 487 1
179 814 1
179 993 1
180 497 1
180 753 1
180 841 1
180 988 1
181 358 1
181 368 1
181 374 1
181 391 1
181 421 1
181 449 1
181 479 1
181 528 1
181 767 1
181 857 1
182 291 1
182 330 1
182 335 1
182 375 1
182 380 1
182 437 1
182 528 1
182 537 1
182 698 1
182 699 1
182 923 1
183 203 1
183 385 1
183 504 1
183 511 1
183 722 1
184 188 1
184 199 1
184 224 1
184 231 1
184 558 1
184 808 1
184 855 1
184 976 1
185 384 1
185 405 1
185 473 1
185 672 1
185 771 1
186 346 1
186 424 1
186 551 1
186 617 1
186 684 1
186 773 1
186 881 1
186 921 1
187 222 1
187 445 1
187 598 1
187 687 1
187 771 1
188 241 1
188 310 1
188 484 1
188 612 1
188 624 1
188 669 1
188 695 1
188 807 1
189 212 1
189 350 1
189 443 1
189 449 1
189 504 1
189 630 1
189 775 1
189 806 1
189 818 1
190 320 1
190 406 1
190 677 1
190 717 1
190 759 1
190 820 1
190 867 1
191 430 1
191 629 1
191 746 1
191 768 1
191 802 1
191 936 1
192 210 1
192 436 1
192 537 1
192 573 1
192 585 1
192 709 1
192 783 1
192 923 1
192 926 1
192 945 1
192 970 1
193 215 1
193 468 1
193 486 1
193 561 1
193 568 1
193 570 1
193 975 1
194 226 1
194 428 1
194 442 1
194 637 1
194 677 1
194 753 1
195 243 1
195 393 1
195 431 1
195 433 1
195 455 1
195 458 1
195 534 1
195 535 1
195 540 1
195 590 1
195 650 1
195 763 1
195 819 1
196 301 1
196 420 1
196 596 1
196 939 1
197 217 1
197 333 1
197 346 1
197 443 1
197 456 1
197 463 1
197 583 1
197 635 1
197 687 1
197 775 1
197 915 1
197 956 1
197 974 1
198 393 1
198 403 1
198 451 1
198 877 1
198 903 1
198 932 1
198 951 1
199 215 1
199 299 1
199 310 1
199 354 1
199 435 1
199 462 1
199 680 1
199 715 1
199 797 1
199 915 1
200 296 1
200 305 1
200 432 1
200 455 1
200 468 1
200 607 1
200 654 1
200 699 1
200 716 1
200 849 1
200 888 1
201 247 1
201 557 1
201 558 1
201 747 1
201 889 1
202 357 1
202 378 1
202 492 1
202 534 1
202 745 1
202 825 1
202 881 1
202 988 1
202 989 1
202 991 1
203 475 1
203 833 1
203 835 1
203 945 1
204 303 1
204 340 1
204 350 1
204 494 1
204 586 1
204 594 1
204 614 1
204 939 1
205 324 1
205 686 1
205 700 1
205 890 1
205 900 1
206 253 1
206 295 1
206 331 1
206 392 1
206 456 1
206 461 1
206 655 1
206 718 1
206 744 1
206 792 1
206 826 1
206 836 1
206 948 1
206 997 1
207 255 1
207 388 1
207 401 1
207 415 1
207 445 1
207 504 1
207 537 1
207 544 1
207 642 1
207 817 1
207 851 1
207 892 1
207 955 1
207 988 1
208 452 1
208 589 1
208 700 1
208 723 1
208 812 1
208 863 1
209 223 1
209 268 1
209 314 1
209 537 1
209 691 1
209 950 1
209 952 1
209 977 1
210 352 1
210 390 1
210 459 1
210 476 1
210 508 1
210 589 1
210 628 1
210 631 1
210 636 1
210 657 1
210 700 1
210 730 1
210 774 1
210 907 1
211 347 1
211 580 1
211 679 1
211 708 1
211 819 1
211 911 1
211 920 1
211 999 1
212 236 1
212 399 1
212 586 1
212 640 1
212 662 1
212 679 1
213 217 1
213 219 1
213 223 1
213 412 1
213 737 1
213 917 1
214 378 1
214 405 1
214 533 1
214 556 1
214 589 1
214 658 1
214 806 1
214 889 1
215 285 1
215 422 1
215 500 1
215 688 1
215 782 1
216 252 1
216 379 1
216 405 1
216 441 1
216 576 1
216 580 1
216 783 1
216 853 1
217 302 1
217 573 1
217 589 1
217 605 1
217 613 1
217 629 1
217 720 1
217 952 1
218 413 1
218 422 1
218 534 1
218 539 1
218 672 1
218 776 1
218 870 1
218 881 1
219 325 1
219 551 1
219 711 1
219 769 1
219 790 1
219 794 1
220 248 1
220 252 1
220 290 1
220 463 1
220 642 1
220 810 1
220 820 1
220 939 1
221 222 1
221 321 1
221 371 1
221 415 1
221 472 1
221 620 1
221 702 1
221 824 1
221 953 1
221 956 1
222 298 1
222 405 1
222 429 1
222 652 1
222 674 1
222 696 1
222 774 1
222 856 1
222 987 1
223 305 1
223 408 1
223 475 1
223 583 1
223 776 1
223 797 1
223 936 1
224 302 1
224 320 1
224 571 1
224 573 1
224 627 1
224 649 1
224 781 1
224 782 1
225 348 1
225 597 1
225 637 1
225 653 1
225 716 1
225 763 1
226 296 1
226 504 1
226 562 1
226 686 1
226 741 1
226 778 1
226 817 1
226 822 1
226 854 1
226 883 1
226 890 1
226 996 1
227 290 1
227 387 1
227 433 1
227 482 1
227 693 1
227 997 1
228 263 1
228 526 1
228 539 1
228 624 1
228 655 1
228 726 1
228 860 1
228 980 1
229 244 1
229 403 1
229 446 1
229 461 1
229 537 1
229 549 1
229 565 1
229 580 1
229 787 1
230 358 1
230 531 1
230 656 1
230 736 1
230 896 1
230 908 1
231 234 1
231 252 1
231 481 1
231 586 1
231 693 1
231 722 1
231 780 1
231 893 1
231 898 1
232 552 1
232 630 1
232 657 1
232 863 1
233 321 1
233 333 1
233 352 1
233 538 1
233 726 1
233 808 1
233 830 1
233 843 1
233 862 1
233 920 1
233 957 1
233 983 1
234 279 1
234 313 1
234 322 1
234 358 1
234 503 1
234 741 1
234 771 1
234 917 1
234 947 1
235 305 1
235 323 1
235 352 1
235 362 1
235 391 1
235 398 1
235 525 1
235 581 1
235 633 1
235 776 1
235 857 1
235 991 1
236 260 1
236 281 1
236 529 1
236 662 1
236 808 1
236 861 1
236 940 1
237 297 1
237 343 1
237 471 1
237 498 1
237 569 1
237 597 1
237 611 1
237 614 1
237 618 1
237 705 1
237 812 1
237 850 1
237 876 1
237 959 1
238 346 1
238 403 1
238 668 1
238 684 1
238 840 1
239 498 1
239 543 1
239 600 1
239 657 1
239 738 1
240 271 1
240 289 1
240 388 1
240 456 1
240 484 1
240 626 1
240 631 1
240 678 1
240 905 1
240 960 1
241 407 1
241 446 1
241 507 1
241 570 1
241 574 1
241 635 1
241 803 1
241 817 1
241 822 1
241 871 1
241 945 1
241 999 1
242 338 1
242 355 1
242 401 1
242 431 1
242 464 1
242 642 1
242 678 1
242 701 1
242 702 1
242 714 1
242 783 1
242 834 1
242 933 1
243 341 1
243 353 1
243 584 1
243 636 1
243 867 1
243 894 1
243 975 1
244 344 1
244 347 1
244 426 1
244 647 1
244 892 1
245 279 1
245 307 1
245 380 1
245 386 1
245 539 1
245 614 1
245 667 1
245 732 1
245 872 1
246 286 1
246 320 1
246 545 1
246 751 1
246 783 1
246 829 1
247 599 1
247 631 1
247 642 1
247 647 1
247 670 1
247 716 1
247 965 1
248 462 1
248 491 1
248 508 1
248 524 1
248 577 1
248 642 1
248 680 1
248 741 1
248 827 1
248 898 1
249 407 1
249 468 1
249 511 1
249 556 1
249 583 1
249 654 1
249 723 1
249 836 1
249 964 1
250 408 1
250 451 1
250 485 1
250 731 1
250 853 1
250 859 1
251 254 1
251 298 1
251 390 1
251 644 1
251 744 1
252 259 1
252 397 1
252 410 1
252 433 1
252 485 1
252 521 1
252 548 1
252 715 1
252 881 1
253 388 1
253 597 1
253 616 1
253 619 1
253 750 1
253 755 1
253 791 1
253 812 1
253 897 1
253 943 1
253 965 1
254 359 1
254 403 1
254 534 1
254 574 1
254 809 1
255 390 1
255 398 1
255 454 1
255 534 1
255 644 1
255 685 1
255 779 1
255 947 1
256 356 1
256 417 1
256 479 1
256 489 1
256 695 1
256 812 1
256 816 1
256 836 1
256 838 1
256 945 1
256 992 1
257 258 1
257 259 1
257 305 1
257 333 1
257 384 1
257 451 1
257 649 1
257 694 1
257 924 1
257 940 1
258 364 1
258 378 1
258 619 1
258 701 1
258 799 1
258 877 1
258 926 1
258 932 1
258 995 1
259 305 1
259 546 1
259 724 1
259 756 1
259 779 1
259 875 1
259 917 1
259 956 1
259 957 1
260 595 1
260 905 1
260 931 1
260 937 1
260 978 1
260 984 1
261 312 1
261 337 1
261 352 1
261 457 1
261 577 1
261 750 1
261 830 1
261 888 1
262 593 1
262 739 1
263 407 1
263 487 1
263 559 1
263 587 1
263 625 1
263 677 1
263 726 1
263 938 1
264 299 1
264 338 1
264 395 1
264 536 1
264 556 1
264 589 1
264 662 1
264 757 1
264 774 1
264 790 1
264 979 1
264 991 1
265 270 1
265 423 1
265 440 1
265 519 1
265 536 1
265 558 1
265 619 1
265 852 1
265 984 1
266 339 1
266 384 1
266 424 1
266 662 1
266 964 1
267 299 1
267 314 1
267 359 1
267 487 1
267 596 1
267 860 1
267 974 1
268 283 1
268 466 1
268 604 1
269 279 1
269 417 1
269 544 1
269 660 1
269 765 1
269 797 1
269 838 1
269 964 1
270 365 1
270 488 1
270 497 1
270 545 1
270 636 1
270 641 1
270 646 1
270 848 1
271 309 1
271 413 1
271 449 1
271 607 1
271 867 1
271 883 1
271 910 1
271 944 1
272 317 1
272 474 1
272 475 1
272 679 1
272 702 1
272 956 1
273 359 1
273 480 1
273 505 1
273 512 1
273 720 1
273 827 1
273 955 1
274 380 1
274 547 1
274 548 1
274 555 1
274 574 1
274 651 1
274 728 1
274 917 1
274 967 1
274 986 1
275 326 1
275 400 1
275 453 1
275 614 1
275 728 1
275 782 1
276 303 1
276 398 1
276 464 1
276 801 1
276 809 1
276 851 1
276 872 1
277 298 1
277 323 1
277 325 1
277 350 1
277 815 1
277 911 1
278 383 1
278 470 1
278 599 1
278 638 1
278 770 1
278 884 1
279 289 1
279 502 1
279 571 1
279 608 1
279 634 1
279 810 1
279 848 1
279 875 1
279 940 1
280 550 1
280 619 1
280 630 1
280 671 1
280 758 1
281 363 1
281 381 1
281 471 1
281 523 1
281 545 1
281 567 1
281 612 1
281 654 1
281 656 1
281 938 1
281 978 1
281 997 1
282 323 1
282 445 1
282 514 1
282 523 1
282 557 1
282 906 1
282 964 1
283 483 1
283 813 1
283 816 1
283 920 1
284 429 1
284 651 1
284 770 1
284 810 1
284 904 1
284 974 1
285 296 1
285 539 1
285 607 1
285 755 1
285 761 1
285 783 1
285 802 1
285 839 1
285 905 1
286 393 1
286 583 1
286 633 1
286 651 1
286 695 1
286 720 1
286 908 1
287 513 1
287 522 1
287 528 1
287 537 1
287 554 1
287 611 1
287 657 1
287 749 1
287 850 1
287 868 1
287 922 1
287 924 1
287 925 1
287 956 1
287 982 1
288 539 1
288 642 1
288 778 1
288 858 1
288 887 1
289 293 1
289 332 1
289 350 1
289 375 1
289 612 1
289 646 1
289 651 1
289 758 1
289 836 1
289 838 1
289 907 1
289 997 1
290 307 1
290 310 1
290 346 1
290 443 1
290 560 1
290 608 1
290 614 1
290 639 1
290 706 1
290 708 1
290 809 1
290 867 1
290 935 1
290 942 1
290 949 1
291 306 1
291 568 1
291 757 1
291 787 1
291 960 1
291 962 1
292 486 1
292 557 1
292 593 1
292 651 1
292 670 1
292 710 1
292 717 1
292 878 1
292 961 1
292 969 1
293 394 1
293 569 1
293 573 1
293 712 1
293 836 1
293 915 1
294 384 1
294 467 1
294 487 1
294 570 1
294 585 1
294 685 1
294 787 1
294 939 1
294 942 1
295 410 1
295 520 1
295 552 1
295 700 1
295 883 1
296 360 1
296 615 1
296 623 1
296 687 1
296 766 1
296 833 1
296 999 1
297 375 1
297 401 1
297 478 1
297 845 1
297 867 1
297 941 1
298 484 1
298 665 1
298 843 1
298 917 1
299 339 1
299 588 1
299 656 1
299 723 1
299 821 1
299 852 1
299 926 1
299 941 1
300 607 1
300 666 1
300 675 1
300 830 1
300 913 1
301 352 1
301 402 1
301 459 1
301 482 1
301 760 1
301 903 1
301 920 1
301 943 1
301 960 1
302 328 1
302 368 1
302 415 1
302 691 1
302 722 1
302 919 1
302 920 1
302 936 1
302 979 1
303 338 1
303 506 1
303 597 1
303 601 1
304 566 1
304 570 1
304 579 1
304 649 1
304 654 1
304 940 1
305 320 1
305 329 1
305 840 1
305 896 1
305 903 1
306 321 1
306 355 1
306 381 1
306 631 1
306 638 1
306 876 1
307 339 1
307 357 1
307 383 1
307 441 1
307 447 1
307 527 1
307 723 1
308 316 1
308 547 1
308 609 1
308 621 1
308 720 1
308 752 1
308 806 1
308 807 1
308 997 1
309 475 1
309 538 1
309 890 1
309 932 1
309 947 1
309 970 1
309 993 1
310 344 1
310 362 1
310 376 1
310 624 1
310 860 1
310 937 1
311 483 1
311 700 1
311 842 1
311 860 1
311 978 1
312 551 1
312 574 1
312 740 1
312 744 1
312 752 1
312 780 1
312 994 1
312 999 1
313 371 1
313 812 1
314 378 1
314 420 1
314 502 1
314 550 1
314 568 1
314 869 1
315 436 1
315 511 1
315 598 1
315 688 1
315 702 1
315 894 1
316 340 1
316 394 1
316 420 1
316 513 1
316 559 1
316 591 1
316 618 1
316 873 1
316 879 1
316 895 1
316 958 1
317 355 1
317 549 1
317 616 1
317 640 1
317 677 1
317 683 1
317 690 1
317 699 1
317 735 1
317 832 1
317 886 1
317 887 1
317 906 1
318 339 1
318 442 1
318 513 1
318 532 1
318 567 1
318 589 1
318 691 1
318 951 1
319 360 1
319 468 1
319 471 1
319 668 1
319 690 1
319 908 1
319 911 1
319 950 1
320 609 1
320 771 1
320 848 1
321 604 1
321 750 1
321 770 1
321 817 1
322 477 1
322 623 1
322 643 1
322 892 1
322 953 1
322 979 1
323 329 1
323 438 1
323 447 1
323 482 1
323 516 1
323 596 1
323 697 1
323 836 1
323 911 1
324 359 1
324 366 1
324 495 1
324 553 1
324 653 1
324 697 1
324 749 1
324 834 1
324 850 1
324 928 1
324 988 1
324 990 1
325 347 1
325 379 1
325 384 1
325 401 1
325 442 1
325 447 1
325 805 1
326 377 1
326 435 1
326 572 1
326 600 1
326 602 1
326 642 1
326 707 1
326 775 1
327 344 1
327 608 1
327 712 1
327 767 1
327 837 1
327 946 1
327 983 1
328 605 1
328 719 1
328 769 1
328 771 1
328 806 1
329 427 1
329 899 1
330 440 1
330 468 1
330 696 1
331 494 1
331 503 1
331 531 1
331 711 1
331 737 1
331 853 1
331 935 1
331 950 1
332 340 1
332 431 1
332 492 1
332 566 1
332 663 1
332 679 1
332 829 1
332 858 1
333 395 1
333 430 1
333 609 1
333 764 1
333 771 1
334 401 1
334 475 1
334 697 1
334 803 1
334 809 1
334 836 1
335 368 1
335 388 1
335 466 1
335 498 1
335 619 1
335 643 1
335 755 1
335 849 1
335 912 1
335 913 1
336 384 1
336 623 1
336 707 1
336 783 1
336 813 1
337 380 1
337 409 1
337 471 1
337 519 1
337 655 1
337 778 1
337 890 1
337 901 1
338 612 1
338 642 1
338 660 1
338 686 1
338 741 1
338 880 1
339 361 1
339 389 1
339 485 1
339 543 1
339 567 1
339 627 1
339 828 1
339 832 1
340 484 1
340 758 1
340 769 1
341 362 1
341 483 1
341 550 1
341 613 1
341 659 1
341 853 1
342 348 1
342 422 1
342 517 1
342 572 1
342 652 1
342 731 1
342 739 1
342 791 1
342 807 1
342 841 1
342 953 1
342 970 1
343 346 1
343 431 1
343 691 1
343 766 1
343 786 1
343 808 1
343 956 1
343 969 1
344 355 1
344 382 1
344 451 1
344 474 1
344 631 1
344 742 1
344 874 1
344 903 1
345 431 1
345 561 1
345 618 1
345 666 1
345 719 1
346 372 1
346 427 1
346 707 1
346 823 1
346 962 1
347 410 1
347 498 1
347 624 1
347 705 1
347 728 1
347 774 1
347 814 1
347 832 1
348 436 1
348 547 1
348 597 1
348 616 1
348 659 1
348 854 1
348 980 1
348 991 1
349 720 1
349 865 1
349 915 1
349 946 1
350 394 1
350 590 1
350 704 1
350 721 1
350 729 1
350 769 1
350 891 1
351 469 1
351 709 1
351 772 1
351 773 1
351 934 1
352 368 1
352 491 1
352 562 1
352 648 1
352 712 1
352 774 1
352 910 1
353 405 1
353 482 1
353 569 1
353 599 1
353 720 1
353 723 1
353 803 1
354 409 1
354 560 1
354 570 1
354 733 1
354 918 1
354 939 1
355 446 1
355 519 1
355 547 1
355 736 1
355 756 1
355 762 1
355 808 1
356 694 1
356 869 1
357 776 1
357 891 1
357 959 1
358 492 1
358 906 1
358 946 1
358 954 1
358 993 1
359 431 1
359 484 1
359 489 1
359 539 1
359 590 1
359 600 1
359 619 1
359 635 1
359 655 1
359 814 1
360 576 1
360 754 1
360 901 1
360 994 1
361 396 1
361 401 1
361 406 1
361 433 1
361 536 1
361 542 1
361 874 1
361 881 1
361 900 1
361 963 1
362 631 1
362 818 1
362 899 1
363 474 1
363 505 1
363 529 1
363 554 1
363 572 1
363 580 1
363 581 1
363 592 1
363 621 1
363 681 1
363 747 1
363 784 1
363 944 1
364 419 1
364 433 1
364 708 1
364 746 1
364 762 1
364 967 1
365 410 1
365 429 1
365 727 1
365 779 1
365 783 1
365 805 1
365 853 1
365 867 1
365 879 1
365 959 1
365 1000 1
366 414 1
366 430 1
366 457 1
366 461 1
366 507 1
366 672 1
366 700 1
366 715 1
366 768 1
366 794 1
366 857 1
366 927 1
367 495 1
367 532 1
367 597 1
367 735 1
367 762 1
367 893 1
368 669 1
368 745 1
368 900 1
369 441 1
369 541 1
369 548 1
369 552 1
369 560 1
369 590 1
369 670 1
369 679 1
369 710 1
369 811 1
369 860 1
369 929 1
370 523 1
370 599 1
370 613 1
370 753 1
370 796 1
370 820 1
370 901 1
371 429 1
371 806 1
372 568 1
372 598 1
372 647 1
372 648 1
372 719 1
373 416 1
373 452 1
373 459 1
373 555 1
373 623 1
373 697 1
373 773 1
373 883 1
374 412 1
374 441 1
374 492 1
374 846 1
374 850 1
374 897 1
374 997 1
375 469 1
375 472 1
375 547 1
375 822 1
375 867 1
375 921 1
376 406 1
376 434 1
376 437 1
376 686 1
376 808 1
376 818 1
376 989 1
377 461 1
377 537 1
377 615 1
377 773 1
377 780 1
377 809 1
377 935 1
377 993 1
378 388 1
378 576 1
378 582 1
378 667 1
378 824 1
378 951 1
378 974 1
379 412 1
379 601 1
379 824 1
379 871 1
379 968 1
380 650 1
380 692 1
380 701 1
380 918 1
380 932 1
381 468 1
381 536 1
381 648 1
381 745 1
381 783 1
381 812 1
381 863 1
381 882 1
381 932 1
381 970 1
381 975 1
382 405 1
382 795 1
382 808 1
382 955 1
382 985 1
382 1000 1
383 472 1
383 541 1
383 592 1
383 697 1
383 787 1
383 865 1
383 899 1
383 958 1
383 1000 1
384 641 1
384 915 1
384 922 1
385 416 1
385 423 1
385 496 1
385 556 1
385 591 1
385 622 1
385 632 1
385 634 1
385 910 1
385 931 1
385 966 1
386 532 1
386 611 1
386 724 1
386 739 1
386 819 1
386 872 1
386 917 1
386 982 1
387 388 1
387 430 1
387 583 1
387 711 1
387 877 1
388 915 1
388 926 1
389 404 1
389 412 1
389 559 1
389 600 1
389 734 1
389 909 1
389 940 1
389 995 1
390 412 1
390 708 1
390 731 1
390 901 1
390 944 1
390 976 1
391 419 1
391 467 1
391 487 1
391 553 1
391 660 1
391 745 1
391 748 1
391 968 1
392 550 1
392 594 1
392 663 1
392 671 1
392 797 1
392 817 1
392 917 1
393 688 1
393 735 1
393 754 1
394 395 1
394 399 1
394 489 1
394 922 1
395 526 1
395 553 1
395 620 1
395 721 1
395 903 1
395 930 1
396 448 1
396 610 1
396 956 1
396 991 1
397 637 1
397 813 1
397 981 1
398 421 1
398 511 1
398 552 1
398 557 1
398 576 1
398 743 1
398 826 1
398 832 1
398 865 1
398 882 1
398 967 1
399 547 1
399 599 1
399 761 1
399 767 1
400 444 1
400 653 1
400 706 1
400 755 1
400 764 1
401 556 1
401 589 1
401 670 1
401 694 1
401 951 1
402 424 1
402 451 1
402 733 1
402 864 1
402 879 1
402 926 1
403 458 1
403 477 1
403 487 1
403 709 1
404 513 1
404 667 1
404 730 1
404 746 1
404 959 1
405 559 1
405 615 1
405 662 1
405 682 1
405 742 1
405 828 1
405 872 1
406 466 1
406 505 1
406 715 1
406 831 1
407 461 1
407 779 1
407 833 1
407 943 1
407 981 1
408 439 1
408 509 1
408 520 1
408 542 1
408 642 1
408 658 1
408 713 1
408 737 1
408 939 1
408 989 1
409 491 1
409 525 1
409 588 1
409 600 1
409 656 1
409 663 1
409 697 1
409 802 1
409 898 1
409 934 1
410 515 1
410 725 1
410 744 1
410 924 1
411 666 1
411 722 1
411 732 1
411 941 1
411 1000 1
412 441 1
412 475 1
412 650 1
412 747 1
412 871 1
413 557 1
413 706 1
413 740 1
413 822 1
413 843 1
414 458 1
414 468 1
414 580 1
415 530 1
415 724 1
415 781 1
415 796 1
416 445 1
416 501 1
417 482 1
417 499 1
417 636 1
417 838 1
417 842 1
418 597 1
418 760 1
418 887 1
419 636 1
419 689 1
419 704 1
419 800 1
419 843 1
420 452 1
420 793 1
420 865 1
420 896 1
420 920 1
421 493 1
421 536 1
421 568 1
421 697 1
421 779 1
421 981 1
422 498 1
422 550 1
422 657 1
422 693 1
422 854 1
423 432 1
423 487 1
423 516 1
423 543 1
423 600 1
423 640 1
423 705 1
423 717 1
423 846 1
424 618 1
424 737 1
424 760 1
424 771 1
424 826 1
425 427 1
425 547 1
425 580 1
425 633 1
425 719 1
425 882 1
425 941 1
426 490 1
426 491 1
426 597 1
426 769 1
426 823 1
426 851 1
426 871 1
427 651 1
427 926 1
428 465 1
428 532 1
428 675 1
428 803 1
428 819 1
429 468 1
429 763 1
429 854 1
429 959 1
430 603 1
430 683 1
430 802 1
430 904 1
431 561 1
431 589 1
431 747 1
431 750 1
431 950 1
431 992 1
432 436 1
432 448 1
432 657 1
432 713 1
432 800 1
432 892 1
433 523 1
433 707 1
433 879 1
433 986 1
434 472 1
434 518 1
434 533 1
434 716 1
435 549 1
435 558 1
435 640 1
435 808 1
435 859 1
435 871 1
435 935 1
435 964 1
436 642 1
436 656 1
436 785 1
436 917 1
437 471 1
437 589 1
437 675 1
437 705 1
437 832 1
438 481 1
438 574 1
438 647 1
438 677 1
438 707 1
438 723 1
438 825 1
439 740 1
439 983 1
440 638 1
440 700 1
440 833 1
440 846 1
440 883 1
440 894 1
441 648 1
441 755 1
441 887 1
442 476 1
442 604 1
442 769 1
442 817 1
442 831 1
443 484 1
443 485 1
443 543 1
443 878 1
443 885 1
443 970 1
444 470 1
444 495 1
444 661 1
444 717 1
445 663 1
445 777 1
445 814 1
445 837 1
445 863 1
446 451 1
446 498 1
446 516 1
446 543 1
446 579 1
446 715 1
446 763 1
446 827 1
446 850 1
446 956 1
447 453 1
447 475 1
447 672 1
447 782 1
447 858 1
447 877 1
447 933 1
447 934 1
447 993 1
448 488 1
448 624 1
448 719 1
448 817 1
448 847 1
448 889 1
448 892 1
449 490 1
449 586 1
449 757 1
449 769 1
449 943 1
449 953 1
450 613 1
450 672 1
450 700 1
451 502 1
451 573 1
451 730 1
451 788 1
451 803 1
451 982 1
452 707 1
452 713 1
452 765 1
452 779 1
453 646 1
453 715 1
453 716 1
453 743 1
453 923 1
453 925 1
454 459 1
454 517 1
454 518 1
454 560 1
454 813 1
454 883 1
454 911 1
455 514 1
455 605 1
455 634 1
455 716 1
455 763 1
456 463 1
456 472 1
456 503 1
456 551 1
456 616 1
456 801 1
456 987 1
457 520 1
457 570 1
457 632 1
457 646 1
457 659 1
457 847 1
457 879 1
457 881 1
459 486 1
459 518 1
459 636 1
459 702 1
459 772 1
459 802 1
459 923 1
460 512 1
460 651 1
460 686 1
460 752 1
460 825 1
460 902 1
461 540 1
461 545 1
461 564 1
461 651 1
461 832 1
461 967 1
462 538 1
462 588 1
462 609 1
462 616 1
462 661 1
462 691 1
462 823 1
462 831 1
462 860 1
462 875 1
462 929 1
462 950 1
463 467 1
463 509 1
463 686 1
463 703 1
463 714 1
463 825 1
463 894 1
464 512 1
464 777 1
464 934 1
465 575 1
465 932 1
466 508 1
466 543 1
466 586 1
466 616 1
466 803 1
466 937 1
466 998 1
467 530 1
467 593 1
467 642 1
467 656 1
467 669 1
467 843 1
467 928 1
467 942 1
468 526 1
468 724 1
468 894 1
469 472 1
469 650 1
469 653 1
469 665 1
469 775 1
469 797 1
469 940 1
470 501 1
470 529 1
470 530 1
470 571 1
470 604 1
470 610 1
470 636 1
470 767 1
470 997 1
471 478 1
471 537 1
471 765 1
471 941 1
471 985 1
472 528 1
472 719 1
472 724 1
472 753 1
472 772 1
472 789 1
472 790 1
472 943 1
473 493 1
473 529 1
473 545 1
473 550 1
473 563 1
473 718 1
473 853 1
473 930 1
473 942 1
474 775 1
474 992 1
475 501 1
475 529 1
475 680 1
475 877 1
475 893 1
475 978 1
476 599 1
476 687 1
476 797 1
476 971 1
477 493 1
477 544 1
477 678 1
477 823 1
477 841 1
477 931 1
478 493 1
478 813 1
478 921 1
478 946 1
479 604 1
479 765 1
479 867 1
479 935 1
480 606 1
480 712 1
480 758 1
480 814 1
480 858 1
480 863 1
480 889 1
481 590 1
481 659 1
481 803 1
481 804 1
482 527 1
482 568 1
482 596 1
482 728 1
482 799 1
482 879 1
482 887 1
482 933 1
483 616 1
483 834 1
484 608 1
484 667 1
484 747 1
484 898 1
484 929 1
485 567 1
485 604 1
485 632 1
485 693 1
485 752 1
485 813 1
485 953 1
485 960 1
486 512 1
486 530 1
486 703 1
486 862 1
486 919 1
487 503 1
487 643 1
487 661 1
487 771 1
487 945 1
487 962 1
487 985 1
488 502 1
488 516 1
488 660 1
488 683 1
488 704 1
488 759 1
488 819 1
488 929 1
489 637 1
489 680 1
489 770 1
489 818 1
489 863 1
489 899 1
490 508 1
490 513 1
490 715 1
490 724 1
490 811 1
490 840 1
490 949 1
491 642 1
491 660 1
491 682 1
491 740 1
492 516 1
492 642 1
492 702 1
492 717 1
492 743 1
492 902 1
492 957 1
493 503 1
493 507 1
493 659 1
493 728 1
493 776 1
493 779 1
493 825 1
493 853 1
493 931 1
493 978 1
494 512 1
494 543 1
494 563 1
494 678 1
494 738 1
494 813 1
494 876 1
495 503 1
495 526 1
495 574 1
495 628 1
495 930 1
495 953 1
496 615 1
496 820 1
496 887 1
496 890 1
496 966 1
497 678 1
497 775 1
497 875 1
497 992 1
498 538 1
498 562 1
498 643 1
498 660 1
498 707 1
498 838 1
499 673 1
499 727 1
499 814 1
499 968 1
500 502 1
500 576 1
500 607 1
500 683 1
500 706 1
500 783 1
501 533 1
501 830 1
501 934 1
501 937 1
501 949 1
501 975 1
502 629 1
502 637 1
502 667 1
502 871 1
502 911 1
502 941 1
503 595 1
503 734 1
503 785 1
503 970 1
504 521 1
504 644 1
504 826 1
505 507 1
505 610 1
505 688 1
505 842 1
505 857 1
505 972 1
505 990 1
506 620 1
506 637 1
506 753 1
506 845 1
506 911 1
506 989 1
507 634 1
507 739 1
507 747 1
507 941 1
508 587 1
508 659 1
508 747 1
508 947 1
509 548 1
509 573 1
509 700 1
509 709 1
509 726 1
510 768 1
510 831 1
510 881 1
510 982 1
510 992 1
511 627 1
511 675 1
511 727 1
511 833 1
511 836 1
511 949 1
511 974 1
512 567 1
512 575 1
512 694 1
512 836 1
513 745 1
513 806 1
513 946 1
514 574 1
514 592 1
515 613 1
515 665 1
515 807 1
515 842 1
515 931 1
515 968 1
516 537 1
516 685 1
516 853 1
516 901 1
516 969 1
517 659 1
517 781 1
517 920 1
518 569 1
518 595 1
518 620 1
518 621 1
518 921 1
518 939 1
518 962 1
518 970 1
519 628 1
519 683 1
519 807 1
519 810 1
519 895 1
520 628 1
520 698 1
520 719 1
520 814 1
520 885 1
521 568 1
521 571 1
521 651 1
521 658 1
521 711 1
521 793 1
521 871 1
521 908 1
521 949 1
522 761 1
522 873 1
522 922 1
522 963 1
522 978 1
523 961 1
523 986 1
524 558 1
524 608 1
524 614 1
524 624 1
524 842 1
524 953 1
524 972 1
525 565 1
525 588 1
525 947 1
525 996 1
526 533 1
526 576 1
526 621 1
526 735 1
526 888 1
526 946 1
526 972 1
526 984 1
527 530 1
527 639 1
527 860 1
527 960 1
527 964 1
528 554 1
528 696 1
528 741 1
528 743 1
528 755 1
528 765 1
528 804 1
528 874 1
528 931 1
529 754 1
529 786 1
529 838 1
529 858 1
530 546 1
530 556 1
530 577 1
530 663 1
530 888 1
530 962 1
531 536 1
531 565 1
532 579 1
532 719 1
532 908 1
532 928 1
532 939 1
532 943 1
532 958 1
532 971 1
533 570 1
533 654 1
533 750 1
533 758 1
533 763 1
533 776 1
533 786 1
533 810 1
533 955 1
533 999 1
534 604 1
534 752 1
534 776 1
534 809 1
534 991 1
535 568 1
535 675 1
535 680 1
535 761 1
535 840 1
535 936 1
535 958 1
536 579 1
536 794 1
536 809 1
536 865 1
536 884 1
536 890 1
536 931 1
537 636 1
537 670 1
537 694 1
537 835 1
537 914 1
537 984 1
538 790 1
538 806 1
538 901 1
538 944 1
539 614 1
539 724 1
540 607 1
540 825 1
540 962 1
541 586 1
541 705 1
541 803 1
541 868 1
541 904 1
541 981 1
543 686 1
543 695 1
543 704 1
543 822 1
543 831 1
543 919 1
543 971 1
543 997 1
544 606 1
544 615 1
544 651 1
544 679 1
544 685 1
544 728 1
544 772 1
545 599 1
545 750 1
545 754 1
545 759 1
545 959 1
546 586 1
546 813 1
546 817 1
546 977 1
546 996 1
547 604 1
547 714 1
547 717 1
547 769 1
547 828 1
548 587 1
548 649 1
548 749 1
548 803 1
548 809 1
548 828 1
548 982 1
549 580 1
549 629 1
549 682 1
549 729 1
549 814 1
549 842 1
549 950 1
550 556 1
550 865 1
550 987 1
551 590 1
551 871 1
551 909 1
551 910 1
551 956 1
551 978 1
552 565 1
552 725 1
552 785 1
552 972 1
553 721 1
553 738 1
553 896 1
553 991 1
554 973 1
555 637 1
555 659 1
555 672 1
555 750 1
555 776 1
555 787 1
555 896 1
555 944 1
555 950 1
556 600 1
556 774 1
556 937 1
556 979 1
557 595 1
557 608 1
557 807 1
557 865 1
558 563 1
558 676 1
558 680 1
558 861 1
559 627 1
559 634 1
559 716 1
559 759 1
559 926 1
559 929 1
559 958 1
560 570 1
560 644 1
560 741 1
560 873 1
560 963 1
560 989 1
561 738 1
561 819 1
561 1000 1
562 687 1
562 745 1
562 837 1
563 633 1
563 688 1
563 749 1
564 781 1
564 810 1
564 912 1
564 979 1
564 993 1
565 611 1
565 729 1
565 790 1
565 911 1
566 594 1
566 729 1
566 737 1
567 627 1
567 879 1
568 594 1
568 639 1
568 673 1
568 681 1
568 826 1
568 983 1
569 658 1
569 753 1
569 759 1
569 838 1
569 872 1
569 961 1
570 692 1
570 947 1
570 979 1
571 717 1
571 950 1
571 966 1
572 618 1
572 631 1
572 702 1
572 771 1
572 896 1
572 941 1
572 944 1
573 664 1
573 861 1
573 963 1
574 605 1
574 626 1
574 655 1
574 740 1
574 933 1
574 992 1
575 742 1
575 781 1
575 959 1
575 966 1
576 611 1
576 807 1
576 832 1
577 667 1
577 756 1
577 841 1
577 885 1
577 887 1
577 979 1
578 655 1
578 689 1
578 744 1
579 592 1
579 648 1
579 660 1
579 761 1
579 832 1
579 908 1
579 983 1
580 618 1
580 653 1
580 793 1
580 866 1
580 967 1
580 983 1
581 586 1
581 696 1
581 807 1
581 983 1
582 723 1
582 726 1
583 639 1
583 886 1
584 644 1
584 647 1
584 658 1
584 838 1
585 796 1
585 805 1
586 668 1
586 714 1
586 759 1
586 785 1
586 818 1
586 871 1
587 944 1
588 634 1
588 836 1
588 934 1
588 978 1
589 600 1
589 611 1
589 634 1
589 639 1
589 711 1
589 870 1
589 919 1
589 974 1
589 996 1
590 733 1
590 788 1
590 816 1
590 936 1
590 941 1
591 829 1
591 871 1
592 641 1
592 720 1
592 948 1
592 988 1
593 646 1
593 662 1
593 806 1
593 823 1
593 958 1
593 999 1
594 691 1
594 777 1
594 813 1
594 879 1
594 898 1
595 675 1
595 704 1
595 866 1
595 918 1
595 998 1
596 694 1
596 754 1
596 854 1
596 916 1
597 605 1
597 668 1
598 683 1
598 766 1
599 655 1
599 662 1
599 682 1
599 917 1
599 995 1
600 728 1
600 753 1
600 853 1
600 999 1
601 952 1
602 652 1
602 795 1
602 830 1
602 876 1
603 784 1
603 812 1
603 867 1
604 737 1
604 974 1
606 617 1
606 738 1
606 772 1
606 802 1
607 651 1
607 798 1
608 699 1
608 753 1
608 795 1
608 985 1
609 659 1
609 806 1
609 843 1
609 850 1
610 703 1
610 724 1
610 733 1
610 877 1
610 966 1
611 712 1
611 926 1
611 939 1
611 965 1
612 663 1
612 664 1
612 689 1
612 776 1
612 879 1
612 998 1
613 851 1
613 899 1
614 631 1
614 639 1
614 648 1
614 695 1
614 786 1
614 935 1
614 942 1
615 755 1
616 696 1
616 767 1
616 879 1
617 825 1
617 881 1
618 858 1
618 900 1
618 932 1
618 941 1
619 641 1
619 721 1
620 918 1
620 956 1
621 648 1
621 776 1
621 936 1
621 957 1
621 963 1
622 645 1
622 938 1
622 947 1
623 630 1
623 665 1
623 683 1
623 706 1
623 783 1
624 760 1
624 839 1
624 857 1
624 947 1
624 975 1
625 701 1
625 716 1
626 628 1
626 695 1
626 707 1
626 807 1
626 809 1
626 885 1
626 957 1
627 636 1
627 643 1
627 678 1
627 706 1
627 745 1
627 804 1
627 918 1
628 685 1
628 869 1
628 919 1
629 719 1
629 869 1
629 876 1
629 900 1
630 648 1
630 666 1
630 736 1
630 786 1
630 928 1
630 998 1
631 835 1
631 842 1
631 871 1
631 951 1
632 851 1
633 643 1
633 670 1
633 810 1
634 678 1
634 689 1
634 701 1
634 896 1
634 991 1
635 661 1
635 694 1
635 853 1
635 864 1
635 952 1
635 961 1
636 803 1
636 847 1
636 869 1
636 900 1
636 915 1
636 952 1
636 977 1
636 991 1
637 783 1
637 894 1
638 807 1
638 960 1
639 664 1
639 791 1
640 644 1
640 661 1
640 695 1
640 751 1
640 788 1
640 922 1
641 694 1
641 737 1
641 791 1
641 831 1
641 850 1
641 867 1
641 868 1
641 893 1
641 954 1
642 969 1
643 697 1
643 893 1
643 904 1
643 944 1
643 994 1
644 918 1
645 678 1
645 808 1
645 821 1
645 958 1
646 663 1
646 673 1
646 736 1
646 807 1
646 947 1
647 701 1
647 996 1
648 857 1
648 895 1
649 661 1
649 682 1
649 833 1
650 821 1
650 848 1
650 849 1
650 852 1
650 926 1
650 934 1
651 657 1
651 728 1
651 756 1
651 786 1
651 880 1
651 938 1
652 742 1
652 785 1
652 868 1
652 915 1
653 928 1
653 980 1
654 677 1
654 719 1
654 768 1
654 789 1
654 844 1
654 918 1
654 977 1
654 987 1
655 707 1
655 809 1
655 822 1
655 875 1
656 677 1
656 687 1
656 735 1
656 862 1
656 873 1
656 889 1
656 934 1
656 936 1
657 820 1
657 872 1
657 961 1
658 756 1
658 833 1
658 888 1
659 670 1
659 946 1
660 775 1
660 852 1
660 906 1
660 911 1
660 939 1
661 674 1
661 965 1
662 697 1
662 775 1
662 782 1
662 950 1
663 871 1
663 900 1
664 671 1
664 767 1
664 829 1
664 916 1
665 741 1
665 886 1
665 944 1
666 738 1
666 780 1
666 827 1
666 881 1
666 917 1
667 695 1
667 746 1
667 748 1
668 676 1
668 726 1
668 806 1
668 856 1
668 994 1
669 721 1
669 902 1
669 977 1
670 913 1
670 916 1
670 986 1
671 684 1
671 688 1
671 799 1
672 717 1
673 714 1
673 754 1
673 899 1
674 710 1
674 747 1
676 797 1
676 829 1
676 852 1
676 910 1
678 913 1
679 731 1
679 778 1
679 930 1
679 933 1
679 966 1
680 689 1
681 805 1
681 855 1
681 858 1
681 864 1
681 907 1
682 796 1
682 885 1
682 952 1
683 741 1
684 790 1
684 848 1
684 870 1
685 860 1
686 725 1
686 728 1
686 735 1
686 814 1
686 932 1
686 962 1
686 983 1
687 836 1
687 847 1
687 876 1
687 892 1
687 965 1
688 695 1
688 929 1
689 720 1
689 921 1
689 961 1
690 694 1
690 725 1
690 728 1
690 750 1
690 842 1
690 949 1
691 692 1
691 868 1
691 914 1
692 697 1
692 775 1
692 890 1
692 931 1
692 939 1
693 848 1
693 902 1
693 960 1
693 980 1
694 916 1
694 966 1
695 838 1
695 934 1
695 941 1
695 943 1
696 917 1
696 978 1
697 732 1
697 799 1
697 825 1
697 952 1
698 807 1
698 855 1
699 786 1
699 811 1
699 904 1
699 912 1
700 893 1
701 791 1
702 706 1
702 802 1
702 867 1
702 893 1
703 735 1
703 827 1
703 918 1
703 932 1
703 968 1
704 798 1
705 720 1
705 837 1
705 847 1
706 807 1
706 819 1
706 880 1
706 883 1
707 734 1
707 778 1
707 816 1
707 889 1
708 849 1
708 857 1
708 919 1
708 924 1
709 725 1
709 778 1
709 864 1
709 985 1
710 926 1
711 835 1
711 926 1
712 745 1
713 899 1
713 906 1
714 784 1
714 800 1
715 888 1
716 914 1
716 927 1
716 943 1
717 810 1
717 903 1
717 974 1
718 770 1
718 823 1
718 836 1
718 918 1
719 731 1
719 892 1
719 904 1
719 913 1
719 951 1
720 755 1
720 791 1
720 804 1
720 816 1
720 905 1
720 914 1
720 924 1
720 934 1
721 763 1
721 857 1
721 948 1
721 973 1
722 735 1
722 895 1
723 895 1
723 978 1
724 726 1
724 761 1
724 824 1
724 911 1
724 921 1
725 933 1
726 735 1
726 806 1
726 822 1
726 897 1
726 914 1
726 924 1
726 929 1
726 938 1
727 805 1
727 822 1
727 951 1
727 952 1
728 752 1
728 817 1
728 857 1
728 926 1
728 946 1
728 964 1
728 1000 1
729 742 1
729 759 1
729 958 1
730 744 1
730 786 1
730 908 1
730 954 1
731 777 1
731 849 1
731 899 1
732 759 1
732 933 1
732 949 1
732 988 1
733 891 1
733 910 1
734 825 1
734 839 1
735 779 1
735 923 1
736 786 1
736 960 1
737 770 1
737 996 1
738 884 1
738 903 1
740 806 1
740 882 1
740 884 1
740 997 1
741 808 1
741 810 1
741 876 1
741 901 1
741 941 1
741 967 1
741 971 1
742 824 1
743 768 1
743 815 1
743 936 1
744 757 1
744 790 1
744 943 1
744 947 1
745 799 1
745 844 1
745 961 1
746 769 1
746 881 1
746 969 1
747 915 1
750 843 1
750 852 1
750 881 1
750 982 1
751 796 1
751 990 1
752 927 1
752 986 1
752 989 1
753 954 1
753 977 1
754 807 1
754 947 1
755 787 1
755 798 1
755 972 1
756 761 1
758 818 1
758 937 1
758 943 1
758 987 1
759 789 1
759 815 1
759 858 1
759 946 1
760 828 1
760 884 1
760 930 1
761 922 1
761 952 1
762 871 1
762 908 1
762 922 1
763 772 1
763 845 1
763 904 1
764 891 1
764 988 1
765 782 1
765 984 1
765 998 1
766 886 1
766 952 1
766 962 1
766 964 1
767 888 1
767 941 1
767 968 1
767 971 1
768 770 1
768 859 1
768 875 1
768 944 1
770 878 1
770 960 1
771 786 1
771 947 1
771 949 1
771 974 1
772 852 1
772 944 1
773 807 1
773 896 1
773 949 1
774 797 1
774 801 1
774 849 1
774 854 1
774 923 1
774 926 1
774 962 1
775 830 1
775 946 1
776 830 1
776 936 1
778 817 1
778 918 1
779 910 1
779 981 1
780 785 1
780 880 1
781 791 1
781 795 1
781 928 1
781 931 1
782 926 1
783 870 1
784 828 1
785 851 1
786 799 1
786 863 1
786 958 1
787 799 1
787 886 1
787 923 1
787 947 1
787 965 1
789 876 1
789 910 1
789 929 1
790 813 1
790 945 1
790 975 1
790 979 1
790 998 1
791 793 1
791 912 1
792 900 1
792 905 1
793 802 1
793 836 1
793 915 1
795 814 1
795 866 1
795 954 1
795 998 1
796 837 1
796 859 1
796 895 1
797 892 1
797 953 1
797 986 1
798 818 1
798 844 1
798 902 1
798 935 1
799 947 1
800 838 1
800 950 1
800 989 1
801 822 1
802 876 1
802 892 1
803 899 1
803 900 1
804 848 1
805 823 1
805 837 1
805 854 1
806 866 1
807 895 1
807 952 1
808 835 1
809 834 1
810 920 1
812 954 1
812 959 1
813 818 1
813 938 1
813 955 1
815 828 1
815 889 1
815 894 1
815 998 1
816 879 1
817 969 1
818 954 1
819 859 1
819 887 1
819 913 1
820 833 1
820 838 1
820 877 1
820 883 1
821 869 1
821 930 1
822 838 1
822 883 1
824 875 1
824 887 1
824 937 1
824 973 1
826 831 1
827 968 1
828 862 1
829 972 1
830 886 1
830 970 1
830 987 1
831 844 1
831 862 1
831 896 1
831 934 1
833 880 1
834 891 1
834 914 1
834 984 1
835 933 1
836 903 1
836 941 1
837 849 1
838 916 1
838 947 1
839 903 1
840 852 1
840 888 1
840 933 1
841 934 1
842 853 1
842 884 1
843 846 1
843 876 1
845 851 1
845 876 1
846 930 1
847 934 1
848 884 1
848 896 1
849 857 1
849 901 1
849 934 1
851 864 1
851 898 1
852 864 1
852 998 1
856 876 1
856 878 1
858 894 1
859 954 1
861 875 1
862 906 1
863 916 1
864 993 1
865 881 1
865 939 1
866 929 1
866 982 1
867 940 1
868 912 1
868 949 1
869 898 1
869 907 1
870 920 1
871 992 1
872 898 1
872 942 1
872 960 1
873 979 1
874 914 1
874 969 1
875 908 1
875 981 1
877 913 1
879 897 1
880 936 1
880 962 1
881 886 1
881 931 1
881 949 1
882 986 1
883 997 1
887 896 1
887 991 1
889 902 1
891 935 1
892 919 1
892 921 1
892 935 1
893 946 1
894 914 1
894 936 1
896 917 1
896 996 1
897 902 1
897 982 1
898 905 1
898 935 1
898 939 1
898 986 1
900 906 1
901 923 1
902 928 1
903 943 1
903 971 1
904 944 1
904 954 1
905 922 1
905 969 1
906 910 1
909 958 1
912 920 1
912 994 1
913 952 1
914 962 1
914 978 1
915 971 1
916 979 1
919 967 1
920 940 1
920 941 1
920 979 1
923 950 1
923 986 1
930 935 1
931 974 1
932 938 1
932 970 1
936 992 1
937 989 1
939 998 1
943 981 1
947 994 1
951 982 1
951 991 1
952 992 1
953 956 1
954 960 1
955 978 1
955 986 1
955 991 1
956 976 1
958 982 1
958 983 1
961 968 1
962 975 1
965 991 1
967 983 1
975 979 1
979 983 1
983 990 1
984 994 1
987 989 1
