1000 5002
1 9 1
1 133 1
1 167 1
1 301 1
1 366 1
1 437 1
1 739 1
2 159 1
2 162 1
2 307 1
2 324 1
2 379 1
2 471 1
2 541 1
2 569 1
2 677 1
2 689 1
2 703 1
2 705 1
2 864 1
3 50 1
3 54 1
3 396 1
3 501 1
3 636 1
3 655 1
3 661 1
3 688 1
3 733 1
3 769 1
3 988 1
4 144 1
4 151 1
4 212 1
4 214 1
4 218 1
4 232 1
4 399 1
4 449 1
4 549 1
4 714 1
4 744 1
4 789 1
4 820 1
4 864 1
4 956 1
5 284 1
5 304 1
5 383 1
5 525 1
5 580 1
5 784 1
5 791 1
5 813 1
5 950 1
6 84 1
6 103 1
6 145 1
6 413 1
6 528 1
6 562 1
6 615 1
6 765 1
6 778 1
6 833 1
6 970 1
7 31 1
7 84 1
7 92 1
7 173 1
7 208 1
7 306 1
7 319 1
7 576 1
7 602 1
7 606 1
7 719 1
7 790 1
7 877 1
7 979 1
8 14 1
8 69 1
8 119 1
8 194 1
8 279 1
8 299 1
8 385 1
8 497 1
8 744 1
8 821 1
9 219 1
9 325 1
9 362 1
9 391 1
9 405 1
9 419 1
9 598 1
9 718 1
9 892 1
9 918 1
10 66 1
10 76 1
10 137 1
10 149 1
10 263 1
10 363 1
10 513 1
10 599 1
10 677 1
10 830 1
10 887 1
11 95 1
11 198 1
11 220 1
11 538 1
11 609 1
11 703 1
11 704 1
11 895 1
11 908 1
11 917 1
11 996 1
12 141 1
12 202 1
12 269 1
12 511 1
12 512 1
12 661 1
12 769 1
12 869 1
12 870 1
12 899 1
12 959 1
13 25 1
13 247 1
13 309 1
13 311 1
13 355 1
13 374 1
13 500 1
13 857 1
13 951 1
14 119 1
14 209 1
14 263 1
14 317 1
14 361 1
14 441 1
14 503 1
14 705 1
14 811 1
14 952 1
14 982 1
14 990 1
15 132 1
15 146 1
15 211 1
15 384 1
15 630 1
15 661 1
15 950 1
15 976 1
16 28 1
16 169 1
16 210 1
16 946 1
17 84 1
17 223 1
17 280 1
17 281 1
17 366 1
17 512 1
17 531 1
17 587 1
17 619 1
17 853 1
17 900 1
17 956 1
18 170 1
18 252 1
18 315 1
18 430 1
18 657 1
18 839 1
18 890 1
18 911 1
18 994 1
19 49 1
19 206 1
19 231 1
19 308 1
19 391 1
19 641 1
19 642 1
19 944 1
20 238 1
20 302 1
20 312 1
20 382 1
20 534 1
20 568 1
20 758 1
20 765 1
20 793 1
20 822 1
20 876 1
20 967 1
21 30 1
21 44 1
21 230 1
21 283 1
21 391 1
21 588 1
21 604 1
21 712 1
21 987 1
22 31 1
22 92 1
22 93 1
22 163 1
22 263 1
22 363 1
22 470 1
22 528 1
22 532 1
22 537 1
22 577 1
22 589 1
22 851 1
22 949 1
22 982 1
23 96 1
23 116 1
23 128 1
23 214 1
23 396 1
23 452 1
23 462 1
23 648 1
23 855 1
24 186 1
24 201 1
24 389 1
24 431 1
24 460 1
24 692 1
24 775 1
24 840 1
24 870 1
25 53 1
25 107 1
25 343 1
25 439 1
25 512 1
25 558 1
25 666 1
25 751 1
25 853 1
25 880 1
25 893 1
25 996 1
26 113 1
26 249 1
26 302 1
26 348 1
26 478 1
26 550 1
26 755 1
26 825 1
27 132 1
27 160 1
27 322 1
27 430 1
27 438 1
27 473 1
27 750 1
27 788 1
27 809 1
27 873 1
27 965 1
28 66 1
28 140 1
28 206 1
28 220 1
28 288 1
28 289 1
28 333 1
28 416 1
28 482 1
28 545 1
28 905 1
28 957 1
29 54 1
29 183 1
29 292 1
29 528 1
29 594 1
29 670 1
29 741 1
29 843 1
29 871 1
29 948 1
29 975 1
29 994 1
30 78 1
30 578 1
30 607 1
30 641 1
30 668 1
30 799 1
30 932 1
30 988 1
31 549 1
31 571 1
31 662 1
31 952 1
32 157 1
32 251 1
32 330 1
32 383 1
32 484 1
32 600 1
32 771 1
32 854 1
32 963 1
32 991 1
33 282 1
33 374 1
33 828 1
33 840 1
34 100 1
34 182 1
34 441 1
34 472 1
34 580 1
34 843 1
34 875 1
35 117 1
35 132 1
35 296 1
35 339 1
35 614 1
35 751 1
35 852 1
36 125 1
36 255 1
36 329 1
36 332 1
36 617 1
36 622 1
36 698 1
36 843 1
36 968 1
36 990 1
37 301 1
37 313 1
37 438 1
37 739 1
37 975 1
38 82 1
38 90 1
38 107 1
38 235 1
38 428 1
38 468 1
38 498 1
38 624 1
38 713 1
38 795 1
38 835 1
38 917 1
39 112 1
39 338 1
39 367 1
39 512 1
39 522 1
39 576 1
39 593 1
39 758 1
39 772 1
39 853 1
40 46 1
40 100 1
40 291 1
40 461 1
40 608 1
40 735 1
40 747 1
40 930 1
40 970 1
41 153 1
41 525 1
41 666 1
41 709 1
41 995 1
42 398 1
42 580 1
42 610 1
42 698 1
42 751 1
42 832 1
42 951 1
43 174 1
43 385 1
43 409 1
43 419 1
43 591 1
43 683 1
43 790 1
43 828 1
43 868 1
44 236 1
44 256 1
44 305 1
44 489 1
44 763 1
44 811 1
44 849 1
44 852 1
45 75 1
45 104 1
45 120 1
45 149 1
45 231 1
45 292 1
45 407 1
45 537 1
45 609 1
45 660 1
45 857 1
45 890 1
45 913 1
45 954 1
45 963 1
45 996 1
46 100 1
46 134 1
46 145 1
46 354 1
46 437 1
46 450 1
46 502 1
46 999 1
47 111 1
47 183 1
47 251 1
47 273 1
47 459 1
47 495 1
47 497 1
47 590 1
47 796 1
47 940 1
47 972 1
48 101 1
48 440 1
48 447 1
48 532 1
48 540 1
48 584 1
48 795 1
48 970 1
49 108 1
49 119 1
49 196 1
49 201 1
49 269 1
49 272 1
49 431 1
49 511 1
49 566 1
49 769 1
49 835 1
49 858 1
50 56 1
50 211 1
50 562 1
50 710 1
50 849 1
50 878 1
51 90 1
51 172 1
51 195 1
51 217 1
51 268 1
51 329 1
51 381 1
51 397 1
51 430 1
51 476 1
51 496 1
51 528 1
51 629 1
51 640 1
51 710 1
51 815 1
51 829 1
51 946 1
52 87 1
52 101 1
52 399 1
52 424 1
52 482 1
52 579 1
52 607 1
52 633 1
52 791 1
53 96 1
53 250 1
53 290 1
53 334 1
53 459 1
53 637 1
53 852 1
53 888 1
53 950 1
54 142 1
54 172 1
54 181 1
54 182 1
54 378 1
54 398 1
54 429 1
54 448 1
54 559 1
54 594 1
54 620 1
54 780 1
54 895 1
54 902 1
55 59 1
55 79 1
55 141 1
55 160 1
55 168 1
55 178 1
55 226 1
55 634 1
55 786 1
55 930 1
55 937 1
56 157 1
56 274 1
56 303 1
56 367 1
56 390 1
56 436 1
56 471 1
56 474 1
56 640 1
56 817 1
56 889 1
57 69 1
57 82 1
57 90 1
57 391 1
57 429 1
57 560 1
57 589 1
57 621 1
57 842 1
57 853 1
57 944 1
57 947 1
57 948 1
58 64 1
58 92 1
58 138 1
58 188 1
58 277 1
58 373 1
58 482 1
58 497 1
58 532 1
58 797 1
58 822 1
58 833 1
58 877 1
58 897 1
58 907 1
58 984 1
59 103 1
59 214 1
59 254 1
59 891 1
60 115 1
60 142 1
60 149 1
60 232 1
60 446 1
60 686 1
60 749 1
60 862 1
60 984 1
61 72 1
61 375 1
61 638 1
61 640 1
61 645 1
61 874 1
62 142 1
62 202 1
62 262 1
62 384 1
62 388 1
62 390 1
62 416 1
62 589 1
62 678 1
62 771 1
63 103 1
63 163 1
63 363 1
63 556 1
63 608 1
63 701 1
64 157 1
64 212 1
64 266 1
64 301 1
64 333 1
64 424 1
64 428 1
64 472 1
64 479 1
64 521 1
64 539 1
64 778 1
65 302 1
65 357 1
65 501 1
65 830 1
65 841 1
66 158 1
66 188 1
66 199 1
66 318 1
66 412 1
66 748 1
66 880 1
66 952 1
67 106 1
67 167 1
67 222 1
67 241 1
67 304 1
67 727 1
67 862 1
68 216 1
68 451 1
68 452 1
68 578 1
68 679 1
68 750 1
68 753 1
68 864 1
68 972 1
69 195 1
69 265 1
69 364 1
69 529 1
69 709 1
69 768 1
69 848 1
69 994 1
70 157 1
70 193 1
70 239 1
70 347 1
70 350 1
70 437 1
70 718 1
70 728 1
70 851 1
70 950 1
70 957 1
71 119 1
71 128 1
71 129 1
71 200 1
71 458 1
71 640 1
71 752 1
71 787 1
71 827 1
71 974 1
72 270 1
72 349 1
72 471 1
72 610 1
72 775 1
72 801 1
73 82 1
73 245 1
73 351 1
73 447 1
73 508 1
73 551 1
73 665 1
73 699 1
73 790 1
73 829 1
73 921 1
73 985 1
74 352 1
74 397 1
74 664 1
74 728 1
74 860 1
74 886 1
74 965 1
74 983 1
75 79 1
75 396 1
75 440 1
75 496 1
75 684 1
75 797 1
75 857 1
75 899 1
75 931 1
75 968 1
76 434 1
76 501 1
76 638 1
76 865 1
76 877 1
76 882 1
76 911 1
76 922 1
76 941 1
77 171 1
77 289 1
77 398 1
77 408 1
77 420 1
77 477 1
77 803 1
77 877 1
78 134 1
78 198 1
78 214 1
78 269 1
78 272 1
78 489 1
78 499 1
78 768 1
78 840 1
79 284 1
79 370 1
79 399 1
79 565 1
79 647 1
79 842 1
80 164 1
80 190 1
80 207 1
80 231 1
80 242 1
80 456 1
80 565 1
80 667 1
80 682 1
80 707 1
80 870 1
80 918 1
81 104 1
81 325 1
81 362 1
81 553 1
81 572 1
81 613 1
81 615 1
81 957 1
81 988 1
82 151 1
82 301 1
82 610 1
82 660 1
82 754 1
82 848 1
82 866 1
82 901 1
82 934 1
82 947 1
82 984 1
83 86 1
83 179 1
83 299 1
83 346 1
83 347 1
83 479 1
83 480 1
83 505 1
83 613 1
83 789 1
83 969 1
83 973 1
83 993 1
84 146 1
84 155 1
84 170 1
84 628 1
84 724 1
84 732 1
84 849 1
84 935 1
84 990 1
85 125 1
85 473 1
85 634 1
85 651 1
85 714 1
85 728 1
85 888 1
85 950 1
85 955 1
86 335 1
86 464 1
86 526 1
86 592 1
86 749 1
86 780 1
86 868 1
86 884 1
86 910 1
86 953 1
86 957 1
87 181 1
87 187 1
87 203 1
87 263 1
87 488 1
87 491 1
87 538 1
87 541 1
87 572 1
87 637 1
87 719 1
87 781 1
87 815 1
87 829 1
87 840 1
87 869 1
87 994 1
88 124 1
88 267 1
88 319 1
88 334 1
88 387 1
88 415 1
88 450 1
88 588 1
88 649 1
88 894 1
89 111 1
89 122 1
89 349 1
89 362 1
89 518 1
89 581 1
89 788 1
89 842 1
90 407 1
90 460 1
90 539 1
90 739 1
90 767 1
90 783 1
90 942 1
91 255 1
91 341 1
91 384 1
91 415 1
91 573 1
91 773 1
91 907 1
91 996 1
92 287 1
92 403 1
92 427 1
92 468 1
92 600 1
92 681 1
92 701 1
92 767 1
92 795 1
93 191 1
93 200 1
93 268 1
93 444 1
93 513 1
93 604 1
93 638 1
93 640 1
93 732 1
93 867 1
93 912 1
94 187 1
94 204 1
94 303 1
94 357 1
94 916 1
94 925 1
95 112 1
95 199 1
95 309 1
95 406 1
95 458 1
95 522 1
95 617 1
96 193 1
96 201 1
96 334 1
96 398 1
96 530 1
96 689 1
96 788 1
97 156 1
97 158 1
97 172 1
97 221 1
97 237 1
97 458 1
97 589 1
97 638 1
98 191 1
98 247 1
98 512 1
98 542 1
98 570 1
98 641 1
98 785 1
98 828 1
98 871 1
98 969 1
99 141 1
99 153 1
99 160 1
99 297 1
99 524 1
99 573 1
99 836 1
100 329 1
100 464 1
100 478 1
100 540 1
100 563 1
100 719 1
100 831 1
101 681 1
101 776 1
101 798 1
101 829 1
101 831 1
101 864 1
101 927 1
102 121 1
102 142 1
102 389 1
102 435 1
102 437 1
102 513 1
102 549 1
102 734 1
102 861 1
102 875 1
103 178 1
103 317 1
103 426 1
103 572 1
103 674 1
103 715 1
103 758 1
104 619 1
104 686 1
104 754 1
104 912 1
104 986 1
104 996 1
105 330 1
105 407 1
105 479 1
105 495 1
105 511 1
105 788 1
106 164 1
106 166 1
106 228 1
106 338 1
106 386 1
106 420 1
106 517 1
106 537 1
106 796 1
106 797 1
107 185 1
107 236 1
107 253 1
107 289 1
107 348 1
107 361 1
107 620 1
107 742 1
107 831 1
107 951 1
108 217 1
108 221 1
108 263 1
108 269 1
108 303 1
108 339 1
108 573 1
108 622 1
108 626 1
108 744 1
108 784 1
108 810 1
108 856 1
108 908 1
109 189 1
109 202 1
109 491 1
109 549 1
109 599 1
109 647 1
109 815 1
109 926 1
110 154 1
110 180 1
110 212 1
110 295 1
110 385 1
110 540 1
110 606 1
110 736 1
110 798 1
111 449 1
111 480 1
111 536 1
111 614 1
111 622 1
111 691 1
111 805 1
111 877 1
111 911 1
112 177 1
112 178 1
112 265 1
112 354 1
112 498 1
112 511 1
112 744 1
112 802 1
112 837 1
112 840 1
112 957 1
113 151 1
113 216 1
113 355 1
113 502 1
113 612 1
114 251 1
114 266 1
114 480 1
114 640 1
114 665 1
114 783 1
114 893 1
114 978 1
115 142 1
115 206 1
115 215 1
115 418 1
115 576 1
115 671 1
115 704 1
115 773 1
115 935 1
115 957 1
116 175 1
116 187 1
116 235 1
116 434 1
116 564 1
116 581 1
116 601 1
116 645 1
116 847 1
116 892 1
117 130 1
117 280 1
117 296 1
117 310 1
117 311 1
117 445 1
117 541 1
117 543 1
117 568 1
117 711 1
117 903 1
118 141 1
118 214 1
118 380 1
118 390 1
118 531 1
118 631 1
118 733 1
118 984 1
119 123 1
119 209 1
119 213 1
119 415 1
119 493 1
119 571 1
119 603 1
119 612 1
119 684 1
119 847 1
120 218 1
120 219 1
120 391 1
120 412 1
120 420 1
120 445 1
120 493 1
120 579 1
120 618 1
120 735 1
120 829 1
121 160 1
121 224 1
121 244 1
121 251 1
121 633 1
121 638 1
121 662 1
121 689 1
121 713 1
121 749 1
122 132 1
122 439 1
122 580 1
122 604 1
122 666 1
122 792 1
122 850 1
122 861 1
122 868 1
122 887 1
122 956 1
122 980 1
122 988 1
123 338 1
123 586 1
123 616 1
123 641 1
123 668 1
123 878 1
123 889 1
123 961 1
124 147 1
124 251 1
124 305 1
124 606 1
124 607 1
124 990 1
125 160 1
125 181 1
125 199 1
125 352 1
125 421 1
125 433 1
125 463 1
125 531 1
125 601 1
125 605 1
125 755 1
125 793 1
125 825 1
126 147 1
126 193 1
126 396 1
126 561 1
126 604 1
126 892 1
127 275 1
127 395 1
127 526 1
127 688 1
127 927 1
128 338 1
128 341 1
128 353 1
128 373 1
128 514 1
128 591 1
128 622 1
128 956 1
129 187 1
129 205 1
129 335 1
129 385 1
129 446 1
129 524 1
129 583 1
129 883 1
129 901 1
129 917 1
129 919 1
130 186 1
130 393 1
130 652 1
130 758 1
130 765 1
130 859 1
130 900 1
131 233 1
131 235 1
131 258 1
131 269 1
131 418 1
131 438 1
131 450 1
131 576 1
131 599 1
131 757 1
131 934 1
131 977 1
132 143 1
132 163 1
132 165 1
132 259 1
132 267 1
132 444 1
132 488 1
132 590 1
132 641 1
132 694 1
132 783 1
132 845 1
133 420 1
133 440 1
133 447 1
133 465 1
133 515 1
133 736 1
133 871 1
134 246 1
134 465 1
134 468 1
134 481 1
134 489 1
134 614 1
134 664 1
134 726 1
134 794 1
134 984 1
135 256 1
135 431 1
135 735 1
135 851 1
136 599 1
136 822 1
136 836 1
136 929 1
137 655 1
137 686 1
137 769 1
137 771 1
137 982 1
138 154 1
138 159 1
138 254 1
138 354 1
138 414 1
138 485 1
138 565 1
138 672 1
138 698 1
138 754 1
138 793 1
138 967 1
139 355 1
139 444 1
139 492 1
139 532 1
139 755 1
139 780 1
139 836 1
140 241 1
140 250 1
140 403 1
140 480 1
140 591 1
140 612 1
140 994 1
141 196 1
141 272 1
141 359 1
141 484 1
141 552 1
141 742 1
141 796 1
141 851 1
142 193 1
142 290 1
142 419 1
142 458 1
142 496 1
142 597 1
142 627 1
142 786 1
142 793 1
142 918 1
142 984 1
143 175 1
143 318 1
143 387 1
143 465 1
143 483 1
143 507 1
143 563 1
143 607 1
143 672 1
143 918 1
143 1000 1
144 330 1
144 357 1
144 368 1
144 485 1
144 519 1
144 536 1
144 589 1
144 655 1
144 819 1
144 922 1
144 979 1
145 249 1
145 349 1
145 414 1
145 447 1
145 736 1
145 781 1
145 837 1
145 845 1
146 315 1
146 581 1
146 620 1
146 650 1
146 706 1
146 786 1
146 865 1
147 264 1
147 266 1
147 270 1
147 334 1
147 494 1
147 636 1
147 723 1
147 924 1
147 969 1
148 260 1
148 262 1
148 317 1
148 374 1
148 495 1
148 521 1
148 609 1
148 641 1
148 661 1
148 805 1
148 902 1
148 948 1
149 176 1
149 239 1
149 256 1
149 394 1
149 620 1
149 640 1
149 664 1
149 753 1
149 961 1
150 280 1
150 308 1
150 450 1
150 485 1
150 530 1
150 534 1
150 690 1
150 771 1
150 849 1
150 957 1
151 198 1
151 318 1
151 402 1
151 442 1
151 517 1
151 600 1
151 731 1
151 850 1
151 905 1
151 962 1
152 264 1
152 584 1
152 713 1
152 718 1
152 926 1
152 927 1
152 947 1
153 328 1
153 354 1
153 483 1
153 731 1
153 747 1
153 934 1
154 297 1
154 353 1
154 533 1
154 571 1
154 778 1
154 859 1
155 287 1
155 367 1
155 689 1
155 790 1
156 191 1
156 258 1
156 295 1
156 393 1
156 535 1
156 779 1
156 864 1
156 976 1
157 212 1
157 271 1
157 346 1
157 964 1
158 163 1
158 271 1
158 475 1
158 583 1
158 801 1
158 850 1
158 947 1
158 975 1
159 211 1
159 270 1
159 275 1
159 306 1
159 593 1
159 669 1
159 766 1
159 863 1
160 629 1
160 639 1
161 199 1
161 255 1
161 340 1
161 388 1
161 395 1
161 668 1
161 964 1
162 202 1
162 363 1
162 395 1
162 840 1
162 850 1
162 934 1
163 172 1
163 266 1
163 408 1
163 538 1
163 632 1
163 722 1
164 383 1
164 476 1
164 494 1
164 670 1
164 737 1
164 755 1
165 291 1
165 321 1
165 325 1
165 484 1
165 709 1
165 716 1
165 744 1
165 959 1
166 201 1
166 231 1
166 543 1
166 681 1
166 766 1
166 941 1
166 946 1
167 415 1
167 496 1
167 775 1
167 808 1
167 894 1
168 255 1
168 266 1
168 581 1
168 751 1
168 817 1
168 890 1
168 992 1
169 239 1
169 270 1
169 350 1
169 546 1
169 581 1
169 658 1
169 751 1
169 834 1
169 864 1
169 977 1
170 367 1
170 378 1
170 515 1
170 656 1
170 747 1
170 756 1
170 781 1
170 808 1
171 174 1
171 318 1
171 411 1
171 487 1
171 529 1
171 610 1
171 696 1
171 730 1
172 318 1
172 335 1
172 398 1
172 406 1
172 453 1
172 487 1
172 521 1
172 598 1
172 761 1
172 794 1
172 795 1
172 859 1
172 985 1
173 182 1
173 189 1
173 332 1
173 359 1
173 410 1
173 457 1
173 566 1
173 809 1
173 856 1
174 352 1
174 473 1
174 482 1
174 513 1
174 593 1
174 603 1
174 610 1
174 723 1
174 854 1
174 863 1
174 965 1
175 335 1
175 361 1
175 364 1
175 589 1
175 628 1
175 696 1
175 734 1
175 845 1
175 910 1
176 193 1
176 234 1
176 271 1
176 535 1
176 656 1
176 893 1
177 447 1
177 572 1
177 713 1
177 785 1
177 841 1
177 856 1
177 984 1
178 507 1
178 768 1
178 806 1
178 810 1
178 823 1
178 847 1
178 897 1
178 924 1
178 961 1
178 976 1
178 982 1
179 209 1
179 573 1
179 722 1
179 727 1
179 806 1
179 865 1
179 866 1
179 953 1
180 200 1
180 256 1
180 294 1
180 370 1
180 409 1
180 419 1
180 437 1
180 504 1
180 769 1
180 798 1
180 887 1
180 943 1
181 251 1
181 288 1
181 380 1
181 581 1
181 639 1
181 761 1
181 807 1
182 218 1
182 270 1
182 446 1
182 519 1
182 555 1
182 632 1
182 741 1
182 767 1
182 786 1
182 792 1
182 919 1
183 264 1
183 278 1
183 434 1
183 470 1
183 851 1
184 447 1
185 412 1
185 455 1
185 472 1
185 545 1
185 677 1
185 742 1
186 413 1
186 495 1
186 585 1
186 850 1
186 859 1
186 895 1
186 942 1
186 959 1
187 310 1
187 419 1
187 504 1
187 548 1
187 596 1
187 605 1
187 930 1
187 939 1
187 954 1
188 288 1
188 360 1
188 405 1
188 418 1
188 420 1
188 537 1
188 763 1
188 911 1
188 988 1
189 277 1
189 397 1
189 432 1
189 476 1
189 725 1
189 776 1
189 902 1
189 941 1
190 371 1
190 405 1
190 461 1
190 509 1
190 668 1
190 756 1
190 777 1
190 840 1
190 850 1
191 273 1
191 351 1
191 473 1
191 501 1
191 576 1
191 627 1
191 631 1
191 865 1
191 932 1
191 942 1
191 960 1
192 239 1
192 257 1
192 339 1
192 485 1
192 492 1
192 525 1
192 551 1
192 558 1
192 565 1
192 625 1
192 635 1
192 649 1
192 706 1
192 758 1
192 843 1
192 905 1
193 672 1
193 711 1
193 747 1
193 809 1
193 864 1
194 196 1
194 292 1
194 307 1
194 548 1
194 677 1
194 693 1
194 949 1
195 207 1
195 244 1
195 283 1
195 296 1
195 385 1
195 404 1
195 625 1
195 709 1
195 743 1
196 503 1
196 598 1
196 600 1
196 753 1
196 975 1
196 999 1
197 199 1
197 507 1
197 587 1
197 742 1
197 786 1
197 970 1
197 993 1
198 297 1
198 341 1
198 367 1
198 501 1
198 522 1
198 577 1
198 890 1
198 947 1
199 253 1
199 430 1
199 488 1
199 740 1
199 768 1
199 859 1
199 925 1
199 955 1
199 976 1
200 237 1
200 306 1
200 343 1
200 475 1
200 618 1
200 619 1
200 641 1
200 652 1
200 766 1
200 804 1
200 889 1
201 250 1
201 435 1
201 726 1
201 736 1
201 951 1
202 205 1
202 258 1
202 326 1
202 482 1
202 489 1
202 591 1
202 638 1
202 865 1
202 966 1
202 982 1
203 433 1
203 545 1
203 828 1
203 829 1
203 889 1
203 948 1
203 988 1
204 557 1
204 723 1
204 734 1
204 751 1
204 784 1
204 957 1
205 285 1
205 334 1
205 398 1
205 416 1
205 897 1
205 930 1
205 949 1
205 993 1
206 214 1
206 330 1
206 368 1
206 434 1
206 453 1
206 615 1
206 625 1
206 633 1
206 659 1
206 977 1
207 208 1
207 219 1
207 391 1
207 473 1
207 717 1
207 827 1
207 877 1
207 924 1
208 424 1
208 487 1
208 743 1
208 841 1
208 863 1
208 890 1
209 280 1
209 501 1
209 511 1
209 523 1
209 552 1
209 671 1
209 710 1
209 725 1
209 909 1
209 939 1
210 236 1
210 377 1
210 462 1
210 493 1
210 625 1
210 724 1
210 843 1
210 984 1
211 282 1
211 298 1
211 323 1
211 480 1
211 561 1
211 683 1
211 794 1
211 857 1
211 858 1
211 913 1
211 934 1
211 977 1
211 991 1
212 390 1
212 595 1
212 686 1
212 905 1
212 944 1
213 273 1
213 673 1
213 882 1
214 220 1
214 271 1
214 361 1
214 413 1
214 606 1
214 696 1
214 729 1
214 909 1
215 263 1
215 322 1
215 348 1
215 517 1
215 729 1
215 776 1
215 886 1
215 955 1
216 276 1
216 342 1
216 344 1
216 596 1
216 850 1
217 343 1
217 428 1
217 437 1
217 509 1
217 638 1
217 696 1
217 760 1
217 941 1
218 426 1
218 558 1
218 871 1
218 906 1
218 974 1
219 301 1
219 355 1
219 498 1
219 523 1
219 770 1
219 871 1
219 982 1
220 303 1
220 479 1
220 596 1
220 616 1
220 626 1
220 677 1
220 842 1
220 944 1
220 990 1
221 238 1
221 331 1
221 351 1
221 430 1
221 575 1
221 630 1
221 670 1
221 720 1
221 783 1
221 863 1
221 867 1
222 246 1
222 423 1
222 491 1
222 502 1
222 576 1
222 773 1
222 810 1
222 815 1
222 852 1
222 856 1
222 908 1
223 342 1
223 490 1
223 617 1
223 620 1
223 633 1
223 676 1
223 700 1
223 733 1
223 849 1
223 941 1
223 949 1
223 955 1
224 262 1
224 320 1
224 460 1
224 564 1
224 610 1
224 788 1
224 792 1
225 250 1
225 299 1
225 400 1
225 409 1
225 532 1
226 299 1
226 316 1
226 371 1
226 521 1
226 880 1
226 927 1
227 241 1
227 417 1
227 450 1
227 498 1
227 712 1
227 729 1
227 852 1
227 910 1
228 277 1
228 282 1
228 332 1
228 412 1
228 505 1
228 575 1
228 649 1
228 724 1
228 843 1
228 851 1
228 874 1
228 923 1
229 410 1
229 444 1
229 497 1
229 578 1
229 855 1
229 884 1
229 981 1
230 359 1
230 472 1
230 525 1
230 532 1
230 740 1
230 835 1
231 269 1
231 360 1
231 622 1
231 655 1
231 729 1
231 892 1
231 982 1
232 426 1
232 698 1
232 726 1
232 822 1
232 925 1
233 255 1
233 334 1
233 550 1
233 627 1
233 766 1
233 824 1
233 865 1
233 911 1
233 973 1
234 253 1
234 318 1
234 345 1
234 449 1
234 503 1
234 621 1
234 647 1
234 667 1
234 721 1
234 729 1
234 788 1
234 809 1
234 816 1
234 832 1
234 867 1
234 898 1
235 260 1
235 367 1
235 420 1
235 455 1
235 459 1
235 462 1
235 479 1
235 567 1
235 916 1
236 362 1
236 382 1
236 441 1
236 559 1
236 581 1
236 670 1
236 703 1
236 717 1
236 851 1
237 414 1
237 499 1
237 555 1
237 567 1
237 576 1
237 663 1
237 693 1
237 892 1
238 246 1
238 276 1
238 484 1
238 518 1
238 614 1
238 804 1
239 242 1
239 428 1
239 501 1
239 624 1
239 727 1
239 778 1
239 863 1
239 875 1
239 970 1
240 292 1
240 404 1
240 419 1
240 506 1
240 640 1
240 658 1
240 666 1
241 270 1
241 320 1
241 605 1
241 609 1
241 633 1
241 696 1
241 819 1
241 844 1
241 852 1
241 940 1
242 293 1
242 454 1
242 560 1
242 581 1
242 608 1
242 647 1
242 676 1
242 881 1
243 361 1
243 493 1
243 563 1
243 667 1
243 686 1
243 846 1
243 972 1
244 350 1
244 419 1
244 455 1
244 523 1
244 668 1
244 755 1
244 771 1
244 821 1
244 935 1
245 321 1
245 333 1
245 521 1
245 674 1
245 906 1
246 310 1
246 440 1
246 615 1
246 625 1
246 671 1
246 704 1
246 802 1
246 957 1
246 974 1
246 997 1
247 277 1
247 481 1
247 484 1
247 487 1
247 910 1
247 971 1
248 309 1
248 599 1
248 765 1
248 868 1
248 928 1
249 301 1
249 466 1
249 489 1
249 498 1
249 556 1
249 582 1
249 634 1
249 717 1
249 859 1
249 917 1
249 954 1
250 343 1
250 446 1
250 613 1
250 910 1
251 256 1
251 275 1
251 301 1
251 372 1
251 535 1
251 537 1
251 588 1
251 922 1
251 932 1
251 986 1
252 277 1
252 425 1
252 472 1
252 488 1
252 701 1
253 341 1
253 374 1
253 394 1
253 400 1
253 421 1
253 446 1
253 461 1
253 518 1
253 578 1
253 697 1
253 849 1
253 1000 1
254 312 1
254 314 1
254 405 1
254 478 1
254 493 1
254 517 1
254 600 1
254 613 1
254 655 1
254 714 1
254 734 1
254 793 1
254 873 1
254 889 1
254 933 1
255 364 1
255 373 1
255 578 1
255 825 1
255 965 1
256 296 1
256 336 1
256 371 1
256 470 1
256 588 1
256 832 1
256 880 1
257 505 1
257 677 1
257 723 1
257 851 1
257 986 1
258 351 1
258 402 1
258 469 1
258 477 1
258 573 1
258 708 1
259 279 1
259 312 1
259 358 1
259 388 1
259 420 1
259 468 1
259 534 1
259 565 1
259 570 1
259 767 1
259 863 1
259 911 1
260 446 1
260 571 1
260 866 1
260 884 1
261 343 1
261 463 1
261 482 1
261 514 1
261 554 1
261 764 1
261 767 1
261 781 1
261 802 1
261 874 1
261 932 1
261 965 1
261 988 1
262 319 1
262 409 1
262 478 1
262 510 1
262 751 1
262 833 1
262 885 1
262 904 1
262 960 1
263 314 1
263 316 1
263 329 1
263 377 1
263 437 1
263 555 1
263 795 1
263 910 1
264 395 1
264 534 1
264 546 1
264 560 1
265 290 1
265 355 1
265 553 1
265 612 1
265 622 1
265 648 1
265 948 1
265 981 1
266 317 1
266 353 1
266 354 1
266 438 1
266 549 1
266 624 1
266 729 1
266 771 1
266 809 1
266 996 1
267 284 1
267 302 1
267 509 1
267 641 1
267 948 1
268 323 1
268 416 1
268 642 1
268 764 1
268 808 1
268 953 1
269 406 1
269 572 1
269 606 1
269 608 1
269 663 1
269 737 1
269 881 1
269 882 1
270 283 1
270 296 1
270 320 1
270 417 1
270 470 1
270 560 1
270 653 1
270 668 1
270 761 1
271 294 1
271 379 1
271 483 1
271 491 1
271 539 1
271 668 1
271 714 1
271 743 1
271 761 1
271 765 1
271 876 1
271 982 1
272 428 1
272 534 1
272 703 1
272 738 1
273 410 1
273 468 1
273 528 1
273 535 1
273 554 1
273 571 1
273 577 1
273 805 1
274 290 1
274 572 1
274 618 1
274 678 1
274 770 1
274 908 1
274 909 1
275 320 1
275 455 1
275 550 1
275 708 1
275 718 1
275 749 1
275 797 1
275 956 1
275 970 1
276 296 1
276 580 1
276 702 1
276 756 1
276 796 1
277 438 1
277 461 1
277 526 1
277 561 1
277 664 1
277 894 1
277 904 1
277 905 1
277 912 1
277 918 1
278 391 1
278 501 1
278 561 1
278 593 1
278 722 1
278 999 1
279 314 1
279 404 1
279 458 1
279 575 1
279 612 1
279 688 1
279 753 1
279 858 1
279 989 1
279 991 1
280 487 1
280 497 1
280 636 1
280 761 1
280 892 1
281 318 1
281 351 1
281 466 1
281 476 1
281 533 1
281 720 1
281 789 1
281 827 1
282 302 1
282 409 1
282 433 1
282 578 1
282 589 1
282 658 1
282 747 1
282 853 1
282 862 1
282 931 1
283 514 1
283 583 1
283 603 1
283 709 1
283 879 1
283 884 1
284 300 1
284 349 1
284 517 1
284 560 1
284 618 1
284 661 1
284 781 1
284 944 1
284 992 1
285 292 1
285 293 1
285 304 1
285 408 1
285 629 1
285 652 1
285 899 1
286 295 1
286 334 1
286 410 1
286 441 1
286 549 1
286 599 1
286 713 1
286 762 1
286 806 1
286 815 1
286 888 1
286 935 1
286 986 1
287 543 1
287 559 1
287 680 1
287 726 1
287 930 1
288 506 1
288 860 1
288 940 1
288 992 1
289 293 1
289 417 1
289 462 1
289 645 1
289 725 1
290 402 1
290 685 1
290 928 1
290 971 1
291 320 1
291 336 1
291 415 1
291 490 1
291 526 1
291 608 1
291 687 1
291 720 1
291 729 1
291 808 1
291 928 1
291 934 1
291 972 1
292 339 1
292 518 1
292 675 1
292 898 1
293 329 1
293 374 1
293 448 1
293 535 1
293 628 1
293 692 1
293 805 1
294 542 1
294 648 1
294 772 1
294 800 1
294 870 1
294 982 1
295 444 1
295 465 1
295 580 1
295 625 1
295 631 1
295 632 1
295 905 1
296 306 1
296 317 1
296 474 1
296 698 1
296 831 1
297 367 1
297 411 1
297 439 1
297 532 1
297 620 1
297 732 1
297 834 1
298 350 1
298 415 1
298 420 1
298 426 1
298 602 1
298 629 1
298 671 1
298 687 1
298 899 1
299 408 1
299 421 1
299 515 1
299 716 1
299 880 1
299 928 1
300 324 1
300 393 1
300 426 1
300 682 1
300 695 1
300 981 1
301 399 1
301 486 1
301 567 1
301 906 1
301 931 1
302 462 1
302 576 1
302 623 1
302 684 1
302 700 1
302 722 1
302 875 1
302 921 1
302 944 1
303 323 1
303 775 1
303 879 1
303 946 1
304 667 1
304 727 1
304 755 1
304 783 1
304 813 1
304 838 1
304 882 1
305 474 1
305 539 1
305 562 1
305 758 1
305 796 1
305 946 1
305 989 1
306 403 1
306 739 1
306 755 1
306 958 1
307 575 1
307 611 1
307 699 1
307 712 1
307 768 1
308 311 1
308 361 1
308 509 1
308 628 1
308 813 1
309 313 1
309 363 1
309 381 1
309 424 1
309 797 1
309 900 1
310 442 1
310 478 1
310 1000 1
312 347 1
312 354 1
312 426 1
312 611 1
312 807 1
312 848 1
313 529 1
313 636 1
313 650 1
313 958 1
314 345 1
314 422 1
314 435 1
314 448 1
314 504 1
314 569 1
315 514 1
315 731 1
315 797 1
315 798 1
315 820 1
315 871 1
316 349 1
316 363 1
316 460 1
316 464 1
316 580 1
316 601 1
316 620 1
316 662 1
316 819 1
316 901 1
317 351 1
317 534 1
317 777 1
317 908 1
318 385 1
318 471 1
318 510 1
318 617 1
318 669 1
318 719 1
318 871 1
318 925 1
318 975 1
319 344 1
319 391 1
319 683 1
319 763 1
319 803 1
319 811 1
319 918 1
320 500 1
320 522 1
320 593 1
320 638 1
320 706 1
320 767 1
320 810 1
320 887 1
320 959 1
321 474 1
321 525 1
321 613 1
321 720 1
321 731 1
321 778 1
321 837 1
321 994 1
322 477 1
322 480 1
322 492 1
322 607 1
322 751 1
322 830 1
322 834 1
322 837 1
322 863 1
322 968 1
323 345 1
323 411 1
323 503 1
323 649 1
323 658 1
323 839 1
323 909 1
323 931 1
323 943 1
324 363 1
324 620 1
324 698 1
324 867 1
324 940 1
324 995 1
325 332 1
325 335 1
325 364 1
325 396 1
325 720 1
325 801 1
325 907 1
325 951 1
326 345 1
326 366 1
326 571 1
326 577 1
326 777 1
327 519 1
327 893 1
327 923 1
327 950 1
328 364 1
328 410 1
328 462 1
328 541 1
328 766 1
328 772 1
328 841 1
328 943 1
328 955 1
329 412 1
329 535 1
329 718 1
329 827 1
329 886 1
329 998 1
330 390 1
330 398 1
330 483 1
330 551 1
330 633 1
330 888 1
330 960 1
330 982 1
331 415 1
331 624 1
331 643 1
331 996 1
332 393 1
332 450 1
332 494 1
332 582 1
332 592 1
332 642 1
332 753 1
333 412 1
333 477 1
333 503 1
333 946 1
333 959 1
334 381 1
334 480 1
334 667 1
334 743 1
334 833 1
334 998 1
335 385 1
335 484 1
335 489 1
335 543 1
335 581 1
335 794 1
335 902 1
335 967 1
335 985 1
336 359 1
336 391 1
336 401 1
336 428 1
336 514 1
336 662 1
336 706 1
336 826 1
336 964 1
337 440 1
337 564 1
337 734 1
337 964 1
338 375 1
338 393 1
338 396 1
338 450 1
338 500 1
338 582 1
338 686 1
338 852 1
338 885 1
338 983 1
339 385 1
339 413 1
339 466 1
339 534 1
339 596 1
339 817 1
339 985 1
340 493 1
340 528 1
340 722 1
340 747 1
340 772 1
340 805 1
340 901 1
340 910 1
340 920 1
341 356 1
341 428 1
341 682 1
341 685 1
341 781 1
341 793 1
341 804 1
341 882 1
342 541 1
342 549 1
342 805 1
342 819 1
342 916 1
343 413 1
343 468 1
343 510 1
343 913 1
344 738 1
344 1000 1
345 477 1
345 772 1
345 956 1
346 418 1
346 542 1
346 582 1
346 593 1
346 607 1
346 621 1
347 561 1
347 699 1
347 704 1
348 390 1
348 804 1
348 912 1
348 930 1
348 951 1
349 355 1
349 686 1
349 695 1
349 876 1
349 952 1
350 354 1
350 439 1
350 623 1
350 742 1
350 781 1
350 855 1
350 913 1
350 989 1
351 361 1
351 855 1
352 413 1
352 628 1
352 636 1
352 667 1
352 810 1
352 883 1
352 971 1
353 386 1
353 463 1
353 607 1
353 752 1
353 830 1
353 887 1
353 899 1
354 396 1
354 522 1
354 540 1
354 614 1
354 645 1
354 886 1
354 891 1
354 948 1
355 541 1
355 614 1
355 709 1
355 926 1
355 931 1
356 407 1
356 527 1
356 638 1
356 647 1
356 653 1
356 722 1
356 854 1
356 910 1
357 490 1
357 632 1
357 776 1
357 807 1
358 628 1
358 876 1
358 925 1
358 934 1
359 658 1
359 743 1
359 847 1
359 936 1
359 941 1
360 578 1
360 669 1
360 710 1
360 796 1
360 833 1
360 848 1
360 908 1
360 923 1
360 987 1
361 630 1
361 770 1
361 977 1
362 431 1
362 560 1
362 569 1
362 637 1
362 708 1
362 783 1
362 849 1
362 857 1
362 875 1
362 880 1
362 981 1
362 984 1
363 413 1
363 420 1
363 497 1
363 528 1
363 608 1
363 713 1
363 720 1
363 738 1
363 850 1
363 868 1
363 882 1
363 941 1
364 421 1
364 563 1
364 672 1
364 737 1
364 969 1
365 371 1
365 375 1
365 427 1
365 656 1
365 780 1
365 791 1
365 869 1
365 953 1
366 544 1
366 587 1
366 653 1
366 696 1
366 714 1
366 922 1
366 925 1
367 405 1
367 409 1
367 607 1
367 613 1
367 645 1
367 649 1
367 853 1
367 877 1
368 566 1
368 655 1
368 735 1
368 910 1
369 601 1
369 665 1
369 743 1
369 907 1
370 426 1
370 582 1
370 795 1
370 836 1
370 874 1
370 942 1
370 955 1
370 988 1
371 388 1
371 681 1
371 785 1
372 490 1
372 797 1
372 941 1
373 381 1
373 414 1
373 670 1
373 677 1
373 860 1
373 991 1
374 433 1
374 544 1
374 611 1
374 717 1
374 852 1
374 984 1
375 618 1
375 745 1
375 784 1
375 809 1
375 844 1
375 876 1
375 937 1
376 391 1
376 434 1
376 524 1
376 602 1
376 644 1
376 681 1
376 772 1
377 396 1
377 450 1
377 555 1
377 591 1
377 593 1
377 666 1
377 739 1
377 951 1
377 991 1
378 505 1
378 648 1
378 667 1
378 745 1
378 957 1
378 977 1
379 751 1
379 996 1
380 435 1
380 557 1
380 682 1
380 793 1
380 834 1
380 843 1
380 887 1
380 988 1
380 992 1
381 452 1
381 729 1
381 757 1
381 856 1
381 918 1
382 425 1
382 441 1
382 487 1
382 805 1
383 437 1
383 595 1
383 657 1
383 774 1
383 824 1
383 897 1
383 996 1
384 570 1
384 685 1
384 943 1
385 396 1
385 442 1
385 535 1
385 679 1
385 689 1
385 773 1
385 848 1
385 852 1
385 893 1
385 961 1
386 449 1
386 450 1
386 530 1
386 611 1
386 639 1
386 850 1
387 451 1
387 512 1
387 532 1
387 535 1
387 555 1
387 733 1
387 734 1
387 762 1
387 931 1
388 422 1
388 447 1
388 489 1
388 810 1
388 990 1
389 456 1
389 476 1
389 593 1
389 993 1
390 426 1
390 448 1
390 507 1
390 771 1
391 599 1
391 634 1
391 705 1
391 905 1
391 959 1
391 992 1
392 407 1
392 431 1
392 641 1
392 680 1
392 745 1
392 825 1
392 830 1
392 880 1
392 893 1
392 967 1
393 428 1
393 456 1
393 472 1
393 593 1
393 643 1
393 680 1
393 847 1
393 874 1
393 904 1
394 396 1
394 541 1
394 579 1
394 585 1
394 641 1
394 692 1
394 748 1
394 924 1
394 964 1
395 578 1
395 606 1
395 618 1
395 776 1
395 850 1
395 852 1
395 879 1
395 982 1
396 553 1
396 680 1
396 687 1
396 722 1
396 812 1
396 832 1
396 888 1
397 426 1
397 904 1
398 506 1
398 541 1
398 672 1
398 703 1
398 743 1
398 812 1
398 832 1
398 837 1
398 899 1
399 567 1
399 581 1
399 625 1
399 703 1
399 707 1
400 539 1
400 691 1
400 692 1
400 710 1
400 743 1
400 752 1
400 768 1
400 778 1
401 485 1
401 597 1
401 802 1
402 640 1
402 648 1
402 663 1
402 739 1
402 936 1
402 946 1
403 545 1
403 777 1
403 796 1
403 804 1
403 974 1
404 405 1
404 482 1
404 520 1
404 539 1
404 682 1
404 740 1
404 912 1
404 972 1
405 523 1
405 632 1
405 756 1
406 429 1
406 790 1
406 942 1
407 530 1
407 649 1
407 822 1
407 845 1
408 562 1
408 802 1
408 891 1
409 445 1
409 449 1
409 512 1
409 681 1
409 752 1
409 758 1
409 838 1
409 878 1
409 928 1
409 955 1
410 470 1
410 511 1
410 572 1
410 574 1
410 598 1
410 651 1
410 681 1
410 732 1
410 783 1
410 784 1
410 789 1
410 914 1
410 940 1
410 955 1
411 629 1
411 645 1
411 764 1
411 903 1
411 919 1
411 984 1
412 529 1
412 538 1
412 821 1
413 438 1
413 596 1
413 696 1
413 708 1
413 735 1
413 820 1
414 432 1
414 516 1
414 760 1
415 494 1
415 624 1
415 832 1
415 901 1
416 526 1
416 694 1
416 721 1
416 744 1
416 772 1
416 931 1
416 933 1
417 434 1
417 456 1
417 514 1
417 587 1
417 693 1
417 885 1
417 895 1
418 680 1
418 698 1
418 901 1
418 919 1
419 460 1
419 555 1
419 724 1
419 894 1
420 446 1
420 452 1
420 462 1
420 658 1
420 813 1
420 829 1
420 846 1
420 863 1
421 521 1
421 540 1
421 644 1
421 647 1
421 698 1
421 699 1
421 708 1
421 767 1
422 588 1
422 753 1
422 824 1
422 883 1
422 978 1
423 482 1
423 568 1
423 686 1
423 724 1
423 768 1
423 999 1
424 564 1
424 663 1
424 709 1
424 791 1
424 836 1
424 859 1
424 916 1
424 937 1
425 437 1
425 702 1
425 831 1
426 486 1
426 647 1
426 897 1
426 961 1
427 577 1
427 594 1
427 710 1
428 559 1
428 694 1
429 430 1
429 446 1
429 546 1
429 550 1
429 768 1
429 782 1
429 795 1
430 865 1
430 868 1
430 919 1
430 940 1
431 507 1
431 548 1
431 552 1
431 595 1
431 615 1
431 708 1
431 790 1
431 905 1
431 976 1
432 664 1
432 671 1
432 690 1
432 743 1
432 876 1
432 920 1
433 471 1
433 583 1
433 595 1
433 631 1
433 660 1
433 973 1
433 998 1
434 443 1
434 517 1
434 655 1
434 670 1
434 696 1
434 715 1
434 783 1
434 885 1
434 921 1
434 967 1
434 998 1
435 452 1
435 456 1
435 523 1
435 530 1
435 638 1
435 671 1
435 774 1
435 815 1
436 528 1
436 836 1
436 883 1
436 951 1
437 462 1
437 584 1
437 717 1
437 718 1
437 962 1
438 574 1
438 663 1
438 821 1
438 847 1
438 864 1
438 965 1
438 996 1
439 918 1
439 919 1
439 943 1
439 967 1
439 974 1
440 489 1
440 606 1
440 652 1
440 887 1
440 936 1
440 986 1
441 585 1
441 882 1
441 910 1
441 984 1
442 470 1
442 641 1
442 673 1
442 759 1
442 804 1
442 851 1
442 890 1
443 550 1
443 646 1
443 707 1
443 813 1
444 498 1
444 733 1
444 818 1
444 891 1
444 906 1
445 806 1
445 916 1
445 957 1
445 959 1
445 961 1
446 492 1
446 504 1
446 537 1
446 578 1
446 635 1
446 698 1
446 815 1
447 580 1
447 593 1
447 752 1
447 885 1
447 967 1
447 972 1
448 497 1
448 514 1
448 535 1
448 658 1
448 824 1
448 877 1
448 900 1
448 955 1
449 486 1
449 528 1
449 836 1
450 553 1
450 612 1
450 700 1
450 750 1
450 793 1
450 961 1
451 527 1
451 559 1
451 627 1
451 641 1
451 704 1
452 516 1
452 916 1
452 942 1
453 506 1
453 542 1
453 600 1
453 687 1
453 859 1
453 892 1
454 872 1
455 675 1
455 797 1
455 960 1
456 647 1
456 654 1
456 708 1
457 717 1
457 738 1
457 747 1
457 748 1
457 869 1
457 878 1
457 981 1
458 621 1
458 671 1
458 863 1
458 905 1
459 545 1
459 548 1
459 765 1
459 841 1
460 481 1
460 715 1
460 743 1
460 932 1
461 462 1
461 520 1
461 604 1
461 622 1
461 680 1
461 755 1
461 893 1
462 630 1
462 689 1
462 759 1
462 930 1
462 997 1
463 751 1
463 768 1
463 831 1
463 838 1
464 562 1
464 569 1
464 812 1
464 895 1
464 918 1
465 486 1
465 495 1
465 512 1
465 559 1
465 588 1
465 602 1
465 814 1
465 833 1
465 864 1
466 504 1
466 827 1
466 871 1
467 635 1
467 814 1
467 848 1
467 938 1
468 763 1
468 817 1
468 880 1
468 925 1
469 659 1
469 733 1
469 751 1
469 811 1
469 814 1
469 841 1
469 921 1
470 477 1
470 550 1
470 673 1
470 910 1
470 984 1
471 534 1
471 563 1
471 956 1
472 599 1
472 602 1
472 604 1
472 644 1
472 693 1
472 705 1
472 948 1
472 955 1
473 685 1
473 956 1
473 965 1
473 997 1
474 488 1
474 539 1
474 715 1
474 826 1
475 577 1
475 598 1
475 839 1
475 910 1
475 947 1
476 541 1
476 717 1
476 735 1
476 766 1
476 780 1
476 923 1
476 935 1
477 754 1
477 907 1
478 549 1
478 643 1
478 716 1
478 775 1
478 860 1
478 895 1
479 506 1
479 516 1
479 632 1
479 799 1
479 844 1
480 584 1
480 948 1
480 959 1
480 989 1
481 695 1
481 808 1
481 876 1
481 984 1
482 677 1
482 756 1
482 941 1
483 551 1
483 644 1
483 660 1
483 678 1
484 599 1
484 644 1
484 699 1
484 898 1
485 502 1
485 523 1
485 781 1
485 900 1
486 609 1
486 856 1
486 903 1
486 945 1
487 557 1
487 599 1
487 643 1
487 663 1
487 721 1
487 722 1
487 855 1
487 857 1
487 862 1
488 570 1
488 630 1
488 724 1
488 796 1
489 495 1
489 563 1
489 704 1
489 859 1
490 908 1
490 913 1
490 922 1
491 696 1
491 711 1
492 623 1
492 868 1
493 669 1
493 726 1
493 740 1
493 825 1
493 869 1
493 900 1
494 552 1
494 575 1
495 673 1
495 989 1
496 582 1
496 592 1
496 702 1
496 723 1
496 762 1
496 915 1
496 992 1
497 601 1
497 616 1
497 632 1
497 645 1
497 659 1
497 922 1
498 533 1
498 653 1
498 784 1
498 819 1
498 913 1
499 641 1
499 713 1
499 798 1
499 982 1
499 991 1
500 523 1
500 647 1
500 696 1
500 724 1
500 797 1
500 819 1
500 826 1
500 872 1
500 938 1
500 939 1
501 562 1
501 579 1
501 584 1
501 718 1
501 725 1
501 782 1
502 826 1
502 916 1
503 519 1
503 579 1
503 580 1
503 874 1
503 981 1
504 667 1
504 718 1
504 755 1
504 804 1
504 812 1
504 850 1
504 924 1
504 967 1
505 549 1
505 563 1
505 795 1
505 898 1
505 957 1
505 977 1
506 541 1
506 575 1
506 701 1
507 535 1
507 538 1
507 576 1
507 604 1
507 789 1
507 935 1
507 965 1
508 512 1
508 614 1
508 677 1
508 716 1
508 777 1
508 850 1
508 940 1
509 536 1
509 540 1
509 644 1
509 859 1
510 601 1
510 863 1
510 864 1
511 574 1
511 693 1
511 828 1
511 843 1
511 854 1
512 525 1
512 546 1
512 554 1
512 600 1
512 779 1
512 951 1
512 953 1
513 585 1
513 649 1
513 732 1
513 797 1
513 953 1
514 550 1
514 563 1
514 668 1
514 674 1
514 754 1
514 881 1
514 899 1
514 986 1
515 544 1
515 705 1
515 715 1
515 717 1
515 889 1
515 933 1
516 523 1
516 532 1
516 562 1
516 617 1
516 731 1
516 887 1
516 932 1
517 594 1
517 602 1
517 756 1
517 793 1
517 821 1
517 953 1
518 561 1
518 598 1
518 614 1
518 662 1
518 723 1
519 802 1
519 862 1
519 958 1
520 524 1
520 548 1
520 559 1
520 573 1
520 588 1
520 593 1
520 605 1
520 680 1
520 715 1
520 725 1
520 793 1
521 531 1
521 593 1
521 807 1
521 818 1
522 574 1
522 675 1
522 681 1
522 706 1
522 837 1
522 955 1
522 978 1
522 996 1
523 527 1
523 833 1
523 886 1
524 588 1
524 614 1
524 689 1
524 695 1
524 771 1
524 860 1
526 853 1
526 857 1
526 969 1
527 564 1
527 696 1
527 733 1
527 850 1
527 992 1
528 741 1
528 755 1
528 961 1
528 997 1
529 632 1
529 659 1
529 700 1
529 760 1
529 852 1
529 911 1
529 923 1
529 937 1
530 545 1
530 603 1
530 774 1
530 942 1
530 950 1
531 655 1
531 903 1
531 907 1
532 580 1
532 636 1
532 671 1
532 711 1
532 752 1
532 904 1
532 909 1
532 948 1
533 556 1
533 574 1
533 627 1
533 848 1
533 860 1
533 902 1
533 917 1
533 988 1
534 538 1
534 984 1
535 550 1
535 554 1
535 604 1
536 571 1
536 671 1
536 748 1
537 576 1
537 722 1
537 792 1
537 872 1
537 917 1
537 939 1
537 941 1
538 566 1
538 723 1
538 743 1
539 591 1
539 606 1
539 646 1
539 827 1
539 842 1
540 616 1
540 628 1
540 720 1
540 797 1
541 571 1
541 607 1
541 648 1
541 686 1
541 745 1
541 874 1
541 876 1
542 776 1
542 928 1
542 977 1
543 591 1
543 669 1
543 678 1
543 975 1
544 555 1
544 657 1
544 873 1
544 890 1
544 907 1
544 941 1
545 711 1
545 743 1
545 932 1
545 956 1
546 657 1
546 724 1
546 729 1
546 881 1
546 909 1
546 981 1
547 746 1
547 904 1
547 928 1
548 571 1
548 923 1
549 592 1
549 597 1
550 769 1
550 876 1
551 592 1
551 617 1
551 652 1
551 849 1
551 880 1
551 988 1
552 604 1
552 677 1
552 734 1
552 816 1
552 925 1
553 670 1
553 731 1
553 776 1
554 558 1
554 564 1
554 569 1
554 680 1
554 857 1
554 971 1
555 612 1
555 655 1
555 681 1
555 841 1
555 877 1
555 901 1
555 924 1
555 982 1
556 745 1
556 768 1
556 819 1
557 588 1
557 851 1
557 885 1
557 926 1
557 930 1
557 966 1
558 560 1
558 654 1
558 714 1
558 779 1
558 872 1
558 994 1
559 566 1
559 583 1
559 614 1
559 713 1
559 916 1
560 641 1
560 730 1
560 804 1
560 833 1
560 849 1
560 940 1
560 975 1
562 670 1
562 812 1
563 745 1
563 795 1
563 833 1
563 857 1
563 961 1
564 591 1
564 700 1
564 702 1
564 722 1
564 748 1
565 567 1
565 606 1
565 623 1
565 689 1
565 755 1
565 834 1
565 844 1
566 602 1
566 697 1
566 776 1
567 601 1
567 857 1
567 891 1
567 924 1
567 934 1
568 590 1
568 599 1
568 648 1
568 832 1
568 931 1
569 571 1
569 857 1
569 859 1
570 605 1
570 712 1
570 738 1
570 818 1
570 926 1
570 951 1
570 995 1
571 771 1
571 849 1
572 632 1
572 679 1
572 780 1
572 866 1
572 979 1
573 577 1
573 687 1
573 865 1
574 628 1
574 718 1
574 961 1
575 577 1
575 612 1
575 662 1
575 668 1
575 765 1
575 847 1
575 929 1
576 658 1
576 748 1
576 825 1
576 877 1
576 890 1
576 944 1
577 593 1
577 662 1
577 670 1
577 850 1
577 948 1
578 757 1
578 850 1
578 906 1
579 604 1
579 624 1
579 670 1
579 712 1
579 887 1
580 623 1
580 787 1
580 791 1
580 832 1
580 884 1
580 971 1
581 669 1
581 718 1
581 912 1
581 996 1
582 668 1
582 692 1
582 780 1
582 955 1
582 981 1
583 642 1
583 779 1
583 841 1
584 672 1
584 772 1
584 947 1
585 725 1
586 859 1
586 886 1
586 891 1
586 913 1
586 932 1
587 652 1
587 841 1
587 965 1
588 594 1
588 701 1
588 712 1
588 749 1
588 878 1
588 915 1
588 967 1
589 636 1
589 652 1
589 743 1
589 814 1
590 663 1
590 685 1
590 728 1
590 770 1
590 843 1
590 847 1
591 598 1
591 650 1
591 707 1
591 716 1
591 794 1
591 797 1
591 846 1
592 623 1
592 818 1
592 893 1
592 961 1
593 600 1
593 657 1
593 723 1
593 866 1
593 964 1
594 635 1
594 657 1
594 679 1
594 692 1
594 779 1
594 784 1
595 721 1
595 760 1
595 825 1
595 826 1
595 846 1
595 908 1
596 622 1
596 730 1
596 745 1
596 832 1
596 981 1
597 622 1
597 734 1
597 772 1
597 858 1
598 633 1
598 803 1
598 870 1
598 998 1
599 835 1
599 997 1
600 666 1
600 925 1
601 619 1
601 685 1
601 692 1
601 714 1
601 966 1
601 998 1
602 627 1
602 680 1
602 720 1
602 731 1
602 995 1
603 696 1
603 812 1
603 860 1
603 986 1
604 609 1
604 719 1
604 784 1
604 835 1
605 766 1
605 805 1
605 825 1
605 871 1
605 906 1
606 628 1
606 631 1
606 635 1
606 860 1
606 985 1
607 756 1
607 785 1
608 610 1
608 779 1
608 935 1
608 972 1
609 640 1
609 663 1
609 679 1
609 696 1
609 752 1
609 756 1
609 790 1
609 979 1
609 995 1
610 636 1
610 646 1
610 682 1
610 700 1
610 701 1
610 733 1
610 884 1
610 957 1
611 685 1
611 735 1
611 861 1
611 863 1
611 891 1
611 954 1
612 634 1
612 903 1
612 922 1
612 982 1
613 654 1
613 851 1
613 895 1
613 940 1
613 954 1
614 735 1
614 914 1
614 937 1
615 670 1
615 733 1
615 829 1
615 923 1
615 959 1
616 854 1
616 863 1
617 622 1
617 729 1
617 814 1
617 921 1
617 924 1
617 927 1
618 630 1
618 690 1
619 734 1
619 812 1
619 884 1
620 948 1
621 668 1
621 696 1
622 971 1
622 1000 1
623 738 1
623 910 1
623 983 1
624 654 1
624 757 1
624 810 1
624 836 1
624 961 1
624 975 1
624 990 1
625 853 1
625 930 1
626 711 1
626 904 1
626 908 1
626 949 1
627 643 1
627 727 1
627 771 1
627 921 1
627 975 1
628 731 1
628 750 1
628 836 1
628 862 1
628 998 1
629 652 1
629 866 1
630 676 1
630 751 1
630 838 1
631 744 1
631 752 1
631 888 1
631 894 1
631 918 1
632 635 1
632 637 1
632 658 1
632 748 1
632 757 1
632 791 1
632 834 1
632 851 1
632 855 1
632 967 1
633 674 1
633 690 1
633 799 1
633 826 1
633 926 1
634 694 1
634 781 1
634 800 1
634 888 1
635 754 1
635 978 1
635 991 1
636 936 1
636 965 1
636 969 1
637 688 1
637 926 1
637 936 1
638 698 1
638 749 1
638 889 1
638 988 1
639 694 1
639 754 1
639 775 1
640 696 1
640 734 1
640 838 1
640 988 1
642 711 1
642 765 1
642 902 1
642 915 1
642 956 1
643 684 1
643 768 1
643 845 1
643 853 1
643 928 1
644 718 1
644 751 1
644 800 1
644 860 1
645 679 1
645 700 1
645 730 1
645 842 1
646 771 1
646 781 1
646 943 1
647 728 1
647 837 1
647 924 1
647 928 1
648 699 1
648 741 1
648 832 1
648 951 1
649 727 1
649 803 1
649 941 1
650 796 1
650 822 1
650 960 1
651 666 1
651 774 1
651 915 1
652 677 1
652 710 1
652 712 1
653 702 1
653 707 1
653 847 1
653 883 1
653 941 1
654 726 1
654 864 1
655 681 1
655 779 1
656 699 1
656 816 1
656 882 1
656 986 1
656 988 1
657 837 1
657 932 1
658 961 1
658 983 1
659 783 1
659 861 1
659 976 1
659 985 1
660 795 1
660 821 1
660 829 1
660 972 1
661 757 1
661 805 1
661 900 1
661 935 1
661 950 1
662 664 1
662 682 1
662 699 1
662 884 1
662 899 1
662 955 1
662 966 1
663 676 1
663 835 1
663 883 1
664 691 1
664 769 1
664 803 1
664 804 1
664 855 1
665 737 1
665 760 1
665 949 1
665 970 1
665 982 1
665 991 1
666 816 1
666 976 1
666 998 1
667 802 1
667 823 1
667 912 1
667 937 1
668 698 1
668 721 1
668 844 1
668 874 1
669 688 1
669 692 1
669 781 1
669 810 1
669 842 1
669 860 1
669 958 1
670 745 1
670 818 1
670 921 1
670 962 1
671 676 1
671 791 1
671 857 1
671 963 1
672 897 1
673 692 1
673 838 1
673 924 1
674 690 1
674 903 1
674 913 1
675 691 1
675 844 1
675 893 1
675 945 1
675 946 1
675 975 1
676 724 1
676 934 1
677 812 1
677 886 1
678 724 1
678 732 1
678 760 1
678 850 1
678 875 1
678 967 1
678 972 1
680 785 1
680 786 1
680 871 1
680 896 1
680 987 1
681 926 1
681 986 1
682 698 1
682 745 1
682 768 1
682 890 1
683 740 1
683 849 1
683 920 1
684 700 1
684 760 1
684 831 1
684 894 1
685 778 1
685 779 1
685 791 1
685 883 1
686 689 1
686 786 1
686 984 1
687 815 1
688 793 1
688 798 1
688 943 1
688 944 1
689 738 1
689 770 1
689 910 1
689 944 1
690 760 1
690 826 1
690 944 1
690 951 1
691 903 1
692 809 1
692 873 1
692 929 1
692 932 1
692 939 1
693 810 1
693 827 1
693 835 1
693 861 1
693 881 1
693 904 1
693 985 1
694 933 1
695 806 1
695 849 1
695 905 1
695 977 1
696 763 1
696 808 1
696 811 1
697 700 1
697 762 1
697 805 1
697 860 1
698 843 1
699 747 1
699 796 1
699 802 1
699 835 1
699 899 1
699 928 1
699 972 1
700 763 1
701 730 1
703 708 1
703 736 1
703 782 1
703 805 1
703 819 1
703 902 1
704 799 1
705 789 1
705 902 1
706 736 1
706 999 1
707 957 1
709 725 1
710 760 1
710 970 1
711 765 1
711 845 1
712 804 1
712 831 1
712 840 1
712 875 1
713 739 1
713 754 1
713 765 1
713 818 1
713 997 1
714 733 1
714 756 1
715 721 1
715 954 1
716 856 1
716 900 1
716 913 1
716 926 1
716 945 1
717 739 1
717 741 1
717 906 1
717 907 1
717 996 1
717 998 1
718 742 1
718 961 1
719 869 1
719 870 1
719 962 1
719 973 1
720 809 1
720 825 1
720 829 1
720 946 1
721 743 1
721 807 1
721 923 1
721 935 1
721 985 1
722 886 1
722 891 1
722 905 1
723 732 1
723 740 1
723 769 1
724 765 1
724 839 1
724 876 1
724 886 1
725 742 1
725 867 1
726 748 1
726 764 1
726 788 1
726 887 1
726 892 1
726 977 1
726 995 1
727 869 1
727 936 1
727 988 1
728 797 1
728 880 1
729 744 1
729 756 1
729 829 1
730 759 1
730 784 1
730 853 1
730 904 1
730 968 1
731 891 1
731 902 1
732 757 1
732 882 1
732 883 1
732 974 1
733 735 1
733 917 1
734 892 1
734 992 1
735 742 1
735 821 1
735 954 1
736 744 1
736 759 1
736 891 1
737 757 1
737 758 1
737 764 1
737 777 1
737 810 1
737 956 1
738 764 1
738 792 1
738 877 1
739 922 1
740 743 1
740 775 1
740 831 1
740 842 1
740 853 1
740 880 1
740 965 1
741 750 1
741 790 1
741 841 1
741 853 1
741 970 1
742 819 1
742 989 1
743 986 1
744 816 1
744 823 1
745 911 1
745 925 1
746 767 1
746 969 1
746 996 1
747 767 1
747 799 1
747 839 1
747 964 1
748 825 1
748 841 1
748 917 1
748 981 1
749 801 1
749 877 1
749 993 1
750 841 1
751 873 1
751 898 1
753 941 1
754 778 1
754 929 1
754 958 1
755 811 1
755 872 1
755 898 1
756 901 1
756 924 1
756 960 1
757 907 1
758 773 1
759 851 1
759 945 1
760 768 1
760 808 1
760 857 1
760 973 1
763 961 1
764 817 1
764 899 1
764 935 1
765 854 1
767 963 1
769 777 1
769 889 1
769 893 1
769 975 1
771 822 1
771 868 1
772 783 1
772 796 1
772 866 1
772 899 1
772 984 1
773 775 1
773 817 1
773 975 1
774 831 1
774 871 1
774 943 1
774 986 1
775 926 1
775 964 1
775 965 1
776 847 1
776 942 1
777 806 1
777 823 1
777 852 1
777 869 1
777 903 1
777 955 1
777 977 1
777 978 1
778 867 1
778 894 1
778 936 1
778 967 1
779 811 1
779 844 1
780 836 1
780 876 1
781 983 1
782 953 1
782 959 1
782 978 1
782 990 1
783 824 1
784 920 1
784 962 1
784 988 1
785 910 1
786 824 1
786 906 1
786 950 1
786 994 1
787 828 1
787 951 1
787 1000 1
788 892 1
788 960 1
789 943 1
789 966 1
790 928 1
791 801 1
795 952 1
795 960 1
796 960 1
796 973 1
796 992 1
797 825 1
797 853 1
798 815 1
798 901 1
798 967 1
799 838 1
799 930 1
800 817 1
800 839 1
800 1000 1
801 810 1
801 827 1
801 854 1
801 934 1
803 823 1
803 861 1
803 910 1
804 821 1
804 845 1
806 925 1
806 947 1
806 978 1
807 846 1
807 862 1
807 902 1
808 819 1
808 903 1
808 975 1
809 965 1
811 936 1
812 879 1
812 994 1
813 871 1
814 856 1
815 834 1
817 840 1
817 848 1
818 905 1
818 977 1
819 956 1
820 839 1
820 956 1
821 989 1
822 956 1
823 951 1
824 929 1
827 851 1
827 939 1
828 933 1
828 943 1
829 989 1
830 855 1
830 949 1
831 839 1
831 859 1
833 887 1
834 938 1
835 852 1
836 894 1
836 966 1
837 848 1
838 873 1
838 928 1
839 913 1
839 934 1
839 989 1
840 887 1
840 994 1
841 858 1
841 935 1
842 990 1
843 891 1
843 901 1
843 937 1
843 940 1
844 892 1
844 898 1
845 917 1
845 965 1
845 1000 1
847 896 1
848 991 1
849 950 1
850 951 1
851 907 1
851 928 1
851 985 1
851 988 1
852 888 1
852 945 1
852 965 1
853 920 1
854 937 1
855 983 1
855 999 1
856 857 1
856 900 1
857 915 1
857 919 1
857 920 1
857 939 1
857 960 1
858 943 1
859 924 1
859 953 1
859 977 1
862 877 1
863 946 1
864 926 1
864 986 1
865 897 1
865 924 1
865 954 1
866 928 1
867 998 1
868 870 1
868 916 1
868 929 1
868 985 1
869 906 1
869 922 1
870 995 1
871 905 1
871 968 1
872 965 1
873 884 1
873 926 1
874 907 1
875 889 1
875 906 1
875 929 1
875 956 1
875 979 1
875 991 1
876 977 1
877 917 1
877 995 1
878 899 1
878 979 1
879 929 1
880 996 1
881 919 1
882 990 1
884 885 1
885 943 1
885 967 1
887 950 1
887 961 1
888 932 1
888 960 1
888 961 1
890 946 1
890 970 1
890 972 1
890 1000 1
891 978 1
894 906 1
894 916 1
894 969 1
895 905 1
898 952 1
898 968 1
901 969 1
904 993 1
905 942 1
906 944 1
906 996 1
906 999 1
910 993 1
911 929 1
911 966 1
912 958 1
912 983 1
914 928 1
914 951 1
926 976 1
928 951 1
934 991 1
935 987 1
938 990 1
941 957 1
941 986 1
941 991 1
941 994 1
942 947 1
942 986 1
943 966 1
943 999 1
946 998 1
947 993 1
948 954 1
949 999 1
950 980 1
954 979 1
955 966 1
961 985 1
963 985 1
966 977 1
969 982 1
970 975 1
970 992 1
972 996 1
974 990 1
975 990 1
975 992 1
980 985 1
985 992 1
985 993 1
987 998 1
