1000 5037
1 63 1
1 117 1
1 132 1
1 382 1
1 844 1
2 25 1
2 315 1
2 405 1
2 532 1
2 555 1
2 623 1
2 710 1
3 16 1
3 70 1
3 131 1
3 400 1
3 410 1
3 545 1
3 548 1
3 634 1
3 698 1
3 781 1
3 819 1
3 1000 1
4 29 1
4 46 1
4 196 1
4 352 1
4 387 1
4 453 1
4 497 1
4 541 1
4 617 1
4 796 1
4 921 1
4 994 1
5 18 1
5 46 1
5 65 1
5 92 1
5 126 1
5 174 1
5 175 1
5 190 1
5 229 1
5 247 1
5 375 1
5 396 1
5 426 1
5 437 1
5 568 1
5 580 1
5 659 1
5 698 1
5 711 1
5 919 1
5 1000 1
6 46 1
6 178 1
6 256 1
6 321 1
6 379 1
6 402 1
6 432 1
6 530 1
6 600 1
6 682 1
6 766 1
6 775 1
6 823 1
6 915 1
7 81 1
7 142 1
7 210 1
7 334 1
7 617 1
7 654 1
7 670 1
7 680 1
7 886 1
7 948 1
8 194 1
8 236 1
8 374 1
8 417 1
8 506 1
8 756 1
8 795 1
8 816 1
9 90 1
9 170 1
9 265 1
9 320 1
9 460 1
9 741 1
9 815 1
9 826 1
9 922 1
9 962 1
10 30 1
10 47 1
10 253 1
10 341 1
10 604 1
10 667 1
10 707 1
10 723 1
10 745 1
10 853 1
10 904 1
11 127 1
11 148 1
11 192 1
11 265 1
11 315 1
11 580 1
11 686 1
11 924 1
11 932 1
11 998 1
12 339 1
12 497 1
12 614 1
12 627 1
12 688 1
12 719 1
12 963 1
12 994 1
13 14 1
13 144 1
13 243 1
13 283 1
13 597 1
13 769 1
13 791 1
13 870 1
13 925 1
13 931 1
13 942 1
14 132 1
14 179 1
14 367 1
14 656 1
14 659 1
14 683 1
14 737 1
14 814 1
14 944 1
15 57 1
15 147 1
15 220 1
15 400 1
15 447 1
15 713 1
15 759 1
15 858 1
15 958 1
16 17 1
16 37 1
16 51 1
16 77 1
16 78 1
16 107 1
16 148 1
16 163 1
16 207 1
16 213 1
16 428 1
16 459 1
16 482 1
16 610 1
16 900 1
17 25 1
17 85 1
17 123 1
17 150 1
17 263 1
17 588 1
17 697 1
17 795 1
17 803 1
17 872 1
17 886 1
17 897 1
17 969 1
18 182 1
18 291 1
18 313 1
18 526 1
18 563 1
18 695 1
18 842 1
18 865 1
18 1000 1
19 35 1
19 166 1
19 328 1
19 347 1
19 377 1
19 416 1
19 421 1
19 449 1
19 656 1
19 777 1
19 842 1
19 852 1
19 853 1
19 958 1
19 983 1
20 145 1
20 156 1
20 284 1
20 395 1
20 398 1
20 446 1
20 543 1
20 686 1
20 888 1
20 923 1
21 84 1
21 143 1
21 148 1
21 440 1
21 667 1
21 672 1
21 768 1
21 784 1
21 853 1
22 31 1
22 83 1
22 87 1
22 204 1
22 369 1
22 410 1
22 627 1
22 657 1
22 924 1
22 935 1
23 24 1
23 26 1
23 84 1
23 392 1
23 406 1
23 426 1
23 564 1
23 686 1
23 926 1
24 190 1
24 308 1
24 318 1
24 337 1
24 413 1
24 448 1
24 549 1
24 575 1
24 593 1
24 852 1
25 26 1
25 86 1
25 173 1
25 283 1
25 296 1
25 374 1
25 460 1
25 670 1
25 762 1
25 882 1
25 906 1
25 921 1
26 27 1
26 121 1
26 186 1
26 289 1
26 305 1
26 333 1
26 389 1
26 431 1
26 602 1
26 874 1
26 884 1
26 923 1
26 931 1
26 981 1
27 416 1
27 449 1
27 478 1
27 689 1
27 709 1
27 723 1
27 785 1
27 831 1
27 886 1
27 968 1
28 31 1
28 130 1
28 478 1
28 628 1
28 694 1
28 813 1
28 866 1
28 992 1
29 97 1
29 111 1
29 147 1
29 286 1
29 619 1
29 650 1
29 674 1
29 703 1
29 798 1
29 911 1
29 993 1
30 361 1
30 572 1
30 733 1
30 769 1
31 67 1
31 128 1
31 207 1
31 223 1
31 296 1
31 310 1
31 351 1
31 353 1
31 465 1
31 516 1
31 560 1
31 587 1
31 775 1
32 111 1
32 194 1
32 398 1
32 520 1
32 524 1
32 701 1
32 783 1
32 918 1
33 116 1
33 144 1
33 164 1
33 166 1
33 238 1
33 407 1
33 431 1
33 752 1
33 796 1
33 835 1
33 921 1
33 956 1
33 963 1
34 261 1
34 271 1
34 316 1
34 435 1
34 436 1
34 488 1
34 492 1
34 494 1
34 672 1
34 680 1
34 686 1
34 791 1
34 836 1
34 846 1
34 958 1
35 44 1
35 176 1
35 199 1
35 236 1
35 343 1
35 396 1
35 468 1
35 736 1
35 790 1
35 853 1
35 875 1
35 890 1
35 934 1
35 941 1
36 182 1
36 249 1
36 487 1
36 528 1
36 656 1
36 786 1
36 832 1
36 982 1
37 72 1
37 110 1
37 134 1
37 187 1
37 227 1
37 465 1
37 659 1
37 694 1
37 794 1
37 874 1
37 909 1
38 473 1
38 499 1
38 665 1
38 735 1
38 752 1
38 856 1
38 991 1
39 97 1
39 384 1
39 511 1
39 686 1
39 730 1
39 940 1
39 953 1
39 968 1
40 311 1
40 408 1
40 499 1
40 638 1
40 861 1
40 872 1
40 894 1
40 973 1
40 975 1
40 987 1
41 218 1
41 351 1
41 547 1
41 561 1
41 698 1
41 906 1
41 939 1
42 123 1
42 471 1
42 534 1
42 597 1
42 610 1
42 673 1
42 833 1
42 909 1
42 958 1
42 974 1
43 196 1
43 344 1
43 368 1
43 437 1
43 579 1
43 691 1
43 879 1
43 925 1
44 54 1
44 100 1
44 117 1
44 366 1
44 371 1
44 388 1
44 418 1
44 425 1
44 563 1
44 581 1
44 890 1
45 70 1
45 115 1
45 193 1
45 236 1
45 305 1
45 407 1
45 412 1
45 738 1
45 972 1
46 191 1
46 225 1
46 315 1
46 334 1
46 375 1
46 390 1
46 427 1
46 443 1
46 690 1
46 778 1
46 788 1
46 835 1
46 859 1
46 872 1
46 997 1
47 304 1
47 378 1
47 428 1
47 493 1
47 600 1
47 746 1
47 878 1
47 909 1
47 957 1
47 981 1
47 992 1
48 72 1
48 161 1
48 171 1
48 185 1
48 212 1
48 239 1
48 516 1
48 921 1
48 925 1
49 123 1
49 329 1
49 356 1
49 412 1
49 496 1
49 628 1
49 839 1
49 919 1
49 936 1
50 81 1
50 89 1
50 277 1
50 357 1
50 363 1
50 457 1
50 503 1
50 608 1
50 626 1
50 840 1
50 848 1
50 849 1
50 882 1
51 196 1
51 292 1
51 764 1
51 765 1
51 876 1
51 910 1
52 123 1
52 310 1
52 468 1
52 480 1
52 572 1
52 885 1
52 929 1
53 59 1
53 304 1
53 305 1
53 335 1
53 423 1
53 441 1
53 478 1
53 495 1
53 560 1
53 761 1
53 817 1
53 903 1
54 171 1
54 285 1
54 449 1
54 462 1
54 469 1
54 861 1
54 917 1
55 101 1
55 164 1
55 469 1
55 518 1
55 527 1
55 595 1
55 761 1
55 796 1
55 960 1
55 989 1
56 234 1
56 267 1
56 309 1
56 362 1
56 685 1
56 744 1
56 768 1
56 915 1
57 106 1
57 121 1
57 177 1
57 305 1
57 426 1
57 476 1
57 584 1
57 703 1
57 806 1
57 810 1
57 852 1
57 868 1
57 890 1
58 216 1
58 272 1
58 307 1
58 406 1
58 619 1
58 785 1
58 833 1
58 840 1
59 280 1
59 332 1
59 417 1
59 438 1
59 496 1
59 509 1
59 593 1
59 830 1
59 900 1
59 948 1
59 971 1
60 76 1
60 318 1
60 406 1
60 547 1
60 660 1
60 697 1
60 753 1
60 811 1
60 847 1
60 987 1
60 995 1
61 130 1
61 195 1
61 257 1
61 394 1
61 406 1
61 519 1
61 539 1
61 791 1
61 930 1
62 351 1
62 905 1
63 302 1
63 361 1
63 420 1
63 517 1
63 839 1
63 907 1
63 908 1
63 928 1
63 944 1
63 980 1
64 115 1
64 414 1
64 436 1
64 510 1
64 670 1
64 919 1
64 944 1
65 168 1
65 239 1
65 408 1
65 486 1
65 561 1
65 753 1
65 907 1
66 96 1
66 146 1
66 363 1
66 426 1
66 676 1
66 893 1
66 960 1
66 968 1
66 980 1
67 94 1
67 129 1
67 214 1
67 339 1
67 492 1
67 616 1
67 629 1
67 737 1
67 788 1
67 856 1
67 861 1
68 77 1
68 80 1
68 266 1
68 300 1
68 301 1
68 542 1
68 628 1
68 697 1
68 721 1
68 914 1
69 178 1
69 445 1
69 569 1
69 697 1
69 963 1
70 625 1
70 824 1
70 976 1
71 239 1
71 314 1
71 392 1
71 439 1
71 469 1
71 476 1
71 490 1
71 885 1
71 908 1
72 338 1
72 441 1
72 553 1
72 599 1
72 648 1
72 673 1
72 888 1
73 175 1
73 212 1
73 246 1
73 254 1
73 443 1
73 646 1
73 696 1
73 795 1
73 800 1
73 812 1
73 958 1
74 223 1
74 509 1
74 647 1
74 712 1
74 756 1
74 773 1
74 795 1
74 938 1
74 994 1
75 253 1
75 329 1
75 370 1
75 529 1
75 813 1
75 935 1
75 959 1
75 967 1
76 231 1
76 244 1
76 287 1
76 312 1
76 420 1
76 501 1
76 732 1
76 766 1
76 825 1
76 934 1
77 279 1
77 323 1
77 425 1
77 501 1
77 515 1
77 615 1
77 634 1
77 647 1
77 725 1
77 848 1
78 104 1
78 183 1
78 267 1
78 437 1
78 464 1
78 512 1
78 661 1
78 674 1
78 719 1
78 820 1
78 903 1
78 964 1
79 287 1
79 360 1
79 390 1
79 434 1
79 459 1
79 472 1
79 528 1
79 546 1
79 610 1
79 664 1
79 704 1
79 761 1
79 834 1
79 932 1
79 974 1
80 201 1
80 219 1
80 364 1
80 365 1
80 478 1
80 584 1
80 677 1
80 996 1
81 488 1
81 518 1
81 635 1
81 702 1
81 750 1
81 924 1
81 978 1
82 102 1
82 520 1
82 586 1
82 607 1
82 741 1
82 838 1
82 915 1
82 932 1
82 958 1
82 971 1
83 105 1
83 451 1
83 454 1
83 551 1
83 619 1
83 749 1
83 912 1
83 929 1
83 939 1
84 145 1
84 180 1
84 203 1
84 374 1
84 463 1
84 476 1
84 547 1
84 567 1
85 225 1
85 261 1
85 275 1
85 347 1
85 611 1
85 716 1
85 848 1
85 905 1
85 937 1
86 250 1
86 253 1
86 270 1
86 438 1
86 487 1
86 511 1
86 719 1
86 856 1
86 990 1
87 103 1
87 113 1
87 134 1
87 238 1
87 308 1
87 346 1
87 434 1
87 554 1
87 757 1
87 822 1
87 928 1
88 151 1
88 154 1
88 292 1
88 329 1
88 419 1
88 680 1
88 844 1
88 971 1
89 96 1
89 178 1
89 202 1
89 354 1
89 413 1
89 568 1
89 702 1
89 708 1
89 716 1
89 847 1
89 851 1
89 916 1
90 135 1
90 159 1
90 357 1
90 388 1
90 485 1
90 537 1
90 912 1
90 959 1
91 246 1
91 415 1
91 435 1
91 751 1
91 792 1
91 987 1
92 165 1
92 236 1
92 240 1
92 268 1
92 437 1
92 483 1
92 552 1
92 555 1
92 723 1
93 177 1
93 248 1
93 366 1
93 535 1
93 557 1
93 630 1
93 781 1
93 999 1
94 200 1
94 293 1
94 412 1
94 701 1
94 898 1
94 940 1
94 991 1
95 101 1
95 225 1
95 367 1
95 409 1
95 431 1
95 533 1
95 558 1
95 570 1
95 612 1
95 644 1
95 872 1
95 892 1
95 925 1
95 949 1
96 97 1
96 215 1
96 303 1
96 320 1
96 684 1
96 868 1
96 910 1
97 111 1
97 620 1
97 739 1
97 786 1
97 861 1
98 301 1
98 445 1
98 545 1
98 548 1
98 984 1
99 121 1
99 239 1
99 298 1
99 413 1
99 426 1
99 456 1
99 467 1
99 790 1
99 805 1
99 823 1
99 889 1
99 996 1
100 193 1
100 322 1
100 324 1
100 350 1
100 403 1
100 686 1
100 706 1
100 920 1
100 977 1
101 180 1
101 213 1
101 453 1
101 652 1
101 698 1
101 875 1
101 909 1
102 844 1
103 113 1
103 196 1
103 293 1
103 303 1
103 359 1
103 381 1
103 414 1
103 440 1
103 823 1
103 978 1
104 135 1
104 237 1
104 396 1
104 568 1
104 692 1
104 779 1
104 856 1
105 295 1
105 444 1
105 607 1
105 683 1
105 720 1
105 750 1
105 776 1
105 808 1
106 194 1
106 198 1
106 513 1
106 524 1
106 722 1
107 108 1
107 156 1
107 256 1
107 315 1
107 385 1
107 478 1
107 617 1
107 911 1
108 447 1
108 625 1
108 800 1
108 955 1
109 229 1
109 339 1
109 437 1
109 469 1
109 544 1
109 808 1
109 880 1
109 894 1
109 925 1
109 999 1
110 233 1
110 300 1
110 363 1
110 410 1
110 433 1
110 533 1
110 609 1
110 764 1
110 842 1
111 247 1
111 559 1
111 583 1
111 615 1
111 690 1
111 767 1
111 875 1
111 972 1
112 127 1
112 337 1
112 450 1
112 473 1
112 493 1
112 504 1
112 666 1
112 779 1
112 783 1
112 907 1
112 909 1
112 932 1
113 139 1
113 159 1
113 324 1
113 333 1
113 436 1
113 491 1
113 665 1
113 834 1
114 115 1
114 172 1
114 173 1
114 215 1
114 331 1
114 531 1
114 720 1
114 744 1
114 815 1
114 893 1
115 367 1
115 382 1
115 453 1
115 646 1
115 663 1
115 680 1
115 729 1
116 117 1
116 169 1
116 280 1
116 344 1
116 472 1
116 596 1
116 631 1
116 649 1
116 694 1
116 779 1
116 932 1
117 171 1
117 289 1
117 588 1
117 606 1
117 744 1
117 947 1
118 208 1
118 218 1
118 221 1
118 294 1
118 447 1
118 466 1
118 563 1
118 720 1
118 727 1
118 807 1
119 181 1
119 215 1
119 296 1
119 367 1
119 368 1
119 501 1
119 572 1
119 684 1
119 808 1
119 864 1
119 876 1
119 896 1
120 155 1
120 208 1
120 457 1
120 484 1
120 571 1
120 583 1
120 668 1
120 680 1
120 851 1
120 940 1
120 951 1
121 256 1
121 304 1
121 357 1
121 554 1
121 584 1
121 588 1
121 694 1
121 731 1
121 863 1
121 895 1
122 278 1
122 284 1
122 536 1
122 577 1
122 686 1
122 831 1
122 955 1
122 993 1
123 220 1
123 264 1
123 288 1
123 294 1
123 390 1
123 446 1
123 452 1
123 481 1
123 542 1
123 650 1
123 828 1
123 865 1
123 921 1
124 168 1
124 233 1
124 425 1
124 498 1
124 619 1
125 307 1
125 450 1
125 511 1
125 564 1
125 664 1
125 782 1
125 810 1
126 145 1
126 157 1
126 474 1
126 483 1
126 501 1
126 564 1
126 721 1
126 728 1
126 846 1
126 855 1
126 976 1
127 246 1
127 323 1
127 373 1
127 435 1
127 464 1
127 497 1
127 618 1
127 712 1
127 756 1
127 945 1
127 982 1
128 213 1
128 405 1
128 482 1
128 551 1
128 705 1
128 836 1
128 881 1
128 930 1
128 946 1
129 152 1
129 156 1
129 171 1
129 212 1
129 341 1
129 448 1
129 724 1
129 804 1
129 812 1
130 141 1
130 186 1
130 204 1
130 352 1
130 688 1
130 757 1
130 792 1
130 950 1
131 192 1
131 261 1
131 266 1
131 344 1
131 355 1
131 442 1
131 675 1
131 718 1
131 721 1
131 860 1
132 134 1
132 274 1
132 490 1
132 518 1
132 663 1
132 781 1
132 957 1
132 958 1
132 962 1
132 963 1
132 964 1
133 477 1
133 696 1
133 712 1
133 728 1
133 795 1
133 813 1
133 828 1
133 981 1
134 247 1
134 324 1
134 421 1
134 424 1
134 545 1
134 574 1
134 619 1
134 689 1
134 830 1
134 845 1
134 987 1
135 179 1
135 209 1
135 282 1
135 283 1
135 385 1
135 558 1
135 861 1
136 249 1
136 637 1
136 789 1
136 989 1
136 1000 1
137 138 1
137 223 1
137 241 1
137 253 1
137 356 1
137 446 1
137 691 1
137 781 1
138 188 1
138 303 1
138 349 1
138 573 1
138 617 1
138 622 1
138 726 1
138 729 1
138 738 1
138 966 1
139 161 1
139 244 1
139 279 1
139 518 1
139 636 1
139 637 1
139 658 1
139 723 1
139 882 1
139 922 1
140 170 1
140 177 1
140 191 1
140 352 1
140 536 1
140 606 1
140 655 1
140 678 1
140 832 1
140 939 1
141 235 1
141 300 1
141 503 1
141 648 1
141 720 1
141 726 1
141 728 1
141 802 1
141 836 1
141 876 1
141 936 1
142 162 1
142 170 1
142 353 1
142 405 1
142 577 1
142 582 1
142 638 1
142 734 1
142 813 1
143 190 1
143 269 1
143 558 1
143 637 1
143 694 1
144 218 1
144 335 1
144 564 1
144 645 1
144 656 1
144 825 1
144 831 1
144 929 1
145 210 1
145 239 1
145 449 1
145 593 1
145 599 1
145 756 1
146 453 1
146 784 1
146 842 1
146 877 1
146 967 1
147 189 1
147 250 1
147 430 1
147 556 1
147 616 1
147 630 1
147 748 1
148 160 1
148 172 1
148 327 1
148 445 1
148 583 1
148 698 1
148 767 1
149 419 1
149 566 1
149 585 1
149 807 1
149 812 1
149 856 1
149 861 1
150 272 1
150 346 1
150 484 1
150 547 1
150 644 1
150 652 1
150 656 1
150 703 1
150 770 1
150 938 1
150 972 1
151 230 1
151 267 1
151 293 1
151 300 1
151 347 1
151 421 1
151 505 1
151 553 1
151 597 1
151 772 1
151 920 1
151 957 1
152 160 1
152 250 1
152 421 1
152 444 1
152 577 1
152 620 1
152 838 1
152 917 1
152 998 1
153 449 1
153 556 1
153 709 1
153 766 1
153 807 1
154 189 1
154 302 1
154 610 1
154 677 1
154 828 1
154 996 1
155 166 1
155 186 1
155 382 1
155 942 1
155 992 1
156 210 1
156 332 1
156 533 1
156 637 1
156 726 1
156 811 1
156 830 1
156 904 1
156 944 1
157 233 1
157 258 1
157 429 1
157 483 1
157 642 1
157 659 1
157 847 1
158 296 1
158 302 1
158 466 1
158 479 1
158 499 1
158 624 1
158 654 1
158 765 1
158 893 1
158 963 1
159 619 1
159 621 1
159 759 1
160 223 1
160 349 1
160 415 1
160 427 1
160 519 1
160 523 1
160 615 1
160 663 1
160 802 1
160 823 1
160 891 1
161 439 1
161 482 1
161 540 1
161 585 1
161 880 1
161 955 1
161 971 1
162 187 1
162 222 1
162 457 1
162 590 1
162 639 1
162 718 1
162 735 1
162 875 1
162 945 1
163 183 1
163 339 1
163 405 1
163 461 1
163 487 1
163 522 1
163 727 1
163 811 1
163 949 1
164 201 1
164 237 1
164 274 1
164 319 1
164 374 1
164 604 1
164 668 1
164 695 1
164 819 1
164 957 1
164 981 1
165 368 1
165 390 1
165 437 1
165 499 1
165 587 1
165 677 1
165 756 1
165 848 1
165 914 1
166 182 1
166 199 1
166 398 1
166 460 1
166 529 1
166 535 1
166 645 1
166 677 1
166 706 1
166 709 1
166 796 1
167 209 1
167 272 1
167 336 1
167 461 1
167 464 1
167 472 1
167 600 1
167 665 1
167 698 1
167 706 1
167 930 1
167 997 1
168 320 1
168 452 1
168 568 1
168 619 1
168 715 1
168 757 1
168 839 1
168 855 1
168 949 1
169 324 1
169 575 1
169 718 1
169 788 1
169 863 1
170 191 1
170 454 1
170 462 1
170 473 1
170 610 1
170 832 1
170 887 1
171 200 1
171 232 1
171 302 1
171 315 1
171 503 1
171 598 1
171 730 1
171 771 1
171 858 1
171 937 1
172 223 1
172 778 1
172 944 1
173 422 1
173 476 1
173 550 1
173 651 1
173 652 1
173 713 1
173 725 1
173 976 1
173 988 1
174 619 1
174 824 1
174 888 1
174 924 1
175 215 1
175 243 1
175 266 1
175 497 1
175 671 1
175 724 1
175 967 1
176 235 1
176 348 1
176 574 1
176 665 1
176 807 1
177 182 1
177 340 1
177 654 1
177 735 1
177 972 1
177 978 1
178 203 1
178 447 1
178 501 1
178 525 1
178 634 1
178 727 1
178 744 1
178 827 1
178 861 1
178 970 1
179 208 1
179 322 1
179 546 1
179 721 1
179 735 1
179 768 1
179 821 1
179 990 1
180 202 1
180 256 1
180 258 1
180 275 1
180 360 1
180 388 1
180 440 1
180 480 1
180 518 1
180 573 1
180 653 1
180 813 1
180 967 1
180 999 1
181 347 1
181 422 1
181 457 1
181 669 1
181 747 1
182 209 1
182 243 1
182 461 1
182 730 1
182 755 1
182 779 1
182 859 1
182 942 1
183 243 1
183 274 1
183 279 1
183 374 1
183 664 1
183 765 1
183 874 1
183 947 1
184 263 1
184 307 1
184 333 1
184 413 1
184 522 1
184 539 1
184 626 1
184 899 1
185 236 1
185 388 1
185 446 1
185 498 1
185 512 1
185 748 1
185 768 1
185 915 1
185 966 1
186 210 1
186 295 1
186 405 1
186 456 1
186 557 1
186 642 1
186 645 1
186 792 1
186 875 1
186 939 1
187 364 1
187 601 1
187 749 1
187 755 1
187 783 1
187 830 1
188 357 1
188 659 1
188 806 1
188 948 1
188 990 1
189 267 1
189 334 1
189 429 1
189 451 1
189 462 1
189 485 1
189 500 1
189 615 1
189 668 1
189 717 1
189 809 1
189 985 1
190 257 1
190 267 1
190 473 1
190 649 1
190 813 1
190 842 1
190 866 1
190 949 1
191 247 1
191 441 1
191 603 1
191 871 1
191 883 1
192 539 1
192 583 1
192 617 1
192 630 1
192 692 1
192 818 1
192 894 1
193 195 1
193 233 1
193 259 1
193 358 1
193 488 1
193 544 1
193 594 1
193 748 1
193 835 1
194 345 1
194 466 1
194 507 1
194 767 1
194 866 1
194 952 1
195 216 1
195 428 1
195 469 1
195 544 1
195 744 1
195 747 1
195 790 1
195 890 1
195 989 1
196 324 1
196 397 1
196 402 1
196 417 1
196 439 1
196 475 1
196 537 1
196 648 1
196 837 1
196 852 1
196 931 1
196 964 1
197 211 1
197 279 1
197 336 1
197 419 1
197 485 1
197 505 1
197 572 1
197 586 1
197 608 1
197 623 1
197 707 1
197 755 1
197 882 1
197 976 1
198 422 1
198 490 1
198 715 1
198 745 1
198 897 1
199 237 1
199 412 1
199 750 1
199 813 1
199 819 1
199 855 1
199 911 1
199 987 1
200 351 1
200 354 1
200 507 1
200 574 1
200 822 1
200 865 1
200 979 1
201 214 1
201 227 1
201 266 1
201 290 1
201 359 1
201 373 1
201 553 1
201 683 1
201 985 1
202 229 1
202 237 1
202 254 1
202 261 1
202 262 1
202 276 1
202 297 1
202 544 1
202 559 1
202 680 1
202 806 1
202 845 1
203 241 1
203 391 1
203 467 1
203 717 1
203 778 1
203 884 1
203 938 1
204 250 1
204 468 1
204 621 1
204 877 1
205 212 1
205 228 1
205 300 1
205 420 1
205 641 1
206 207 1
206 229 1
206 246 1
206 266 1
206 418 1
206 421 1
206 562 1
206 650 1
206 711 1
206 828 1
206 838 1
206 841 1
206 906 1
206 950 1
207 295 1
207 371 1
207 396 1
207 694 1
207 715 1
207 729 1
207 986 1
208 232 1
208 236 1
208 281 1
208 358 1
208 560 1
208 663 1
208 744 1
208 815 1
208 845 1
208 877 1
209 303 1
209 306 1
209 662 1
209 708 1
209 861 1
210 257 1
210 275 1
210 297 1
210 485 1
210 940 1
210 942 1
211 360 1
211 594 1
211 688 1
211 785 1
211 826 1
211 860 1
211 924 1
212 363 1
212 384 1
212 605 1
212 952 1
213 237 1
213 314 1
213 485 1
213 489 1
213 522 1
213 703 1
213 939 1
214 319 1
214 577 1
214 853 1
214 903 1
214 959 1
214 967 1
215 480 1
215 483 1
215 619 1
215 848 1
215 968 1
215 990 1
216 272 1
216 380 1
216 393 1
216 488 1
216 763 1
217 339 1
217 376 1
217 577 1
217 606 1
217 763 1
217 868 1
217 985 1
218 275 1
218 510 1
218 558 1
218 806 1
219 224 1
219 390 1
219 434 1
219 659 1
219 827 1
220 390 1
220 420 1
220 449 1
220 524 1
220 677 1
220 784 1
220 990 1
221 223 1
221 324 1
221 353 1
221 400 1
221 429 1
221 430 1
221 446 1
221 604 1
221 633 1
221 645 1
221 730 1
221 767 1
221 803 1
221 863 1
221 864 1
221 890 1
221 903 1
221 976 1
221 983 1
222 380 1
222 515 1
222 616 1
222 790 1
222 997 1
223 295 1
223 390 1
223 493 1
223 518 1
223 646 1
223 662 1
223 749 1
223 786 1
223 856 1
223 901 1
223 911 1
224 248 1
224 269 1
224 352 1
224 447 1
224 493 1
224 523 1
224 669 1
224 677 1
224 833 1
224 962 1
224 967 1
225 526 1
225 573 1
225 786 1
225 913 1
225 919 1
226 245 1
226 310 1
226 684 1
226 722 1
226 736 1
226 813 1
226 956 1
227 304 1
227 379 1
227 515 1
227 594 1
227 765 1
227 838 1
227 848 1
228 238 1
228 300 1
228 483 1
228 498 1
228 724 1
228 754 1
228 782 1
229 425 1
229 459 1
229 468 1
229 606 1
229 781 1
229 936 1
230 419 1
230 548 1
230 579 1
230 809 1
230 960 1
230 999 1
231 267 1
231 327 1
231 479 1
231 698 1
231 764 1
231 892 1
231 902 1
231 983 1
232 261 1
232 273 1
232 421 1
232 647 1
232 768 1
233 336 1
233 341 1
233 556 1
233 704 1
233 960 1
234 313 1
234 338 1
234 469 1
234 516 1
234 531 1
234 532 1
234 646 1
234 672 1
234 828 1
234 911 1
234 967 1
234 982 1
235 249 1
235 489 1
235 521 1
235 563 1
235 580 1
235 582 1
235 650 1
235 678 1
235 741 1
235 753 1
236 256 1
236 327 1
236 330 1
236 548 1
236 568 1
236 657 1
236 718 1
236 792 1
236 804 1
237 349 1
237 503 1
237 514 1
237 564 1
237 566 1
237 788 1
237 795 1
237 826 1
238 415 1
238 721 1
238 828 1
238 897 1
238 984 1
239 269 1
239 309 1
239 346 1
239 385 1
239 404 1
239 522 1
239 759 1
239 782 1
239 896 1
239 908 1
239 923 1
239 946 1
240 281 1
240 310 1
240 368 1
240 603 1
240 739 1
240 756 1
240 814 1
241 419 1
241 530 1
241 696 1
241 806 1
241 915 1
241 927 1
242 353 1
242 357 1
242 476 1
242 563 1
242 639 1
242 751 1
242 948 1
243 269 1
243 313 1
243 335 1
243 514 1
243 554 1
243 827 1
244 312 1
244 330 1
244 743 1
244 756 1
244 885 1
244 912 1
244 971 1
244 978 1
245 256 1
245 318 1
245 373 1
245 696 1
245 804 1
245 885 1
245 949 1
246 292 1
246 300 1
246 359 1
246 453 1
246 498 1
246 500 1
246 522 1
246 716 1
246 756 1
246 962 1
246 978 1
246 980 1
246 992 1
247 249 1
247 273 1
247 703 1
247 926 1
247 970 1
248 274 1
248 319 1
248 333 1
248 385 1
248 429 1
248 509 1
248 543 1
248 677 1
248 769 1
248 774 1
248 862 1
248 892 1
248 961 1
249 336 1
249 382 1
249 429 1
249 574 1
249 686 1
249 758 1
249 874 1
249 923 1
249 960 1
250 292 1
250 486 1
250 524 1
250 667 1
250 688 1
250 740 1
250 873 1
250 932 1
250 960 1
250 975 1
250 989 1
251 391 1
251 559 1
251 819 1
251 976 1
251 977 1
251 989 1
252 330 1
252 452 1
252 549 1
252 659 1
252 681 1
252 814 1
253 369 1
253 473 1
253 591 1
253 945 1
254 292 1
254 302 1
254 328 1
254 339 1
254 399 1
254 425 1
254 484 1
254 560 1
254 767 1
254 857 1
255 362 1
255 387 1
255 539 1
255 693 1
255 716 1
255 782 1
255 789 1
255 931 1
255 962 1
256 293 1
256 339 1
256 752 1
256 840 1
256 881 1
256 995 1
257 356 1
257 392 1
257 411 1
257 488 1
257 500 1
257 642 1
257 814 1
257 901 1
257 951 1
258 270 1
258 282 1
258 327 1
258 360 1
258 375 1
258 396 1
258 454 1
258 465 1
258 474 1
258 523 1
258 718 1
258 864 1
258 907 1
258 963 1
259 269 1
259 377 1
259 429 1
259 437 1
259 510 1
259 532 1
259 578 1
259 711 1
259 774 1
259 897 1
259 936 1
260 266 1
260 324 1
260 465 1
260 487 1
260 521 1
260 766 1
260 846 1
260 924 1
261 280 1
261 681 1
261 830 1
261 853 1
261 927 1
262 438 1
262 463 1
262 505 1
262 506 1
262 607 1
262 784 1
262 988 1
263 282 1
263 601 1
263 633 1
263 873 1
263 957 1
263 987 1
264 270 1
264 393 1
264 406 1
264 423 1
264 538 1
264 614 1
264 648 1
264 771 1
264 865 1
264 896 1
264 927 1
264 935 1
265 399 1
265 430 1
265 634 1
265 656 1
265 712 1
265 800 1
265 887 1
265 907 1
265 932 1
266 269 1
266 274 1
266 356 1
266 481 1
266 697 1
266 732 1
267 437 1
267 553 1
267 640 1
267 913 1
268 319 1
268 599 1
268 729 1
268 793 1
268 853 1
268 937 1
268 1000 1
269 291 1
269 295 1
269 594 1
269 635 1
269 652 1
269 686 1
269 779 1
269 913 1
270 276 1
270 392 1
270 464 1
270 501 1
270 520 1
270 582 1
270 923 1
271 390 1
271 432 1
271 496 1
271 578 1
271 658 1
271 707 1
271 858 1
271 860 1
272 432 1
272 457 1
272 518 1
272 608 1
272 664 1
272 746 1
272 812 1
272 891 1
273 338 1
273 502 1
273 546 1
273 584 1
273 781 1
273 813 1
274 300 1
274 353 1
274 378 1
274 432 1
274 474 1
274 626 1
274 770 1
274 813 1
275 371 1
275 475 1
275 522 1
275 605 1
275 723 1
275 858 1
275 973 1
275 976 1
275 977 1
276 279 1
276 284 1
276 289 1
276 338 1
276 339 1
276 398 1
276 544 1
276 748 1
276 754 1
276 975 1
277 404 1
277 606 1
277 832 1
277 896 1
278 299 1
278 363 1
278 506 1
278 738 1
278 772 1
278 819 1
279 338 1
279 841 1
279 868 1
279 873 1
279 893 1
279 967 1
280 314 1
280 356 1
280 424 1
280 587 1
280 599 1
280 602 1
280 718 1
280 931 1
280 981 1
281 376 1
281 388 1
281 396 1
281 736 1
281 762 1
281 772 1
281 837 1
281 853 1
282 348 1
282 363 1
282 379 1
282 395 1
282 739 1
282 812 1
283 330 1
283 407 1
283 417 1
283 519 1
283 715 1
283 879 1
283 886 1
283 925 1
284 657 1
284 713 1
284 935 1
285 619 1
285 811 1
285 983 1
286 325 1
286 339 1
286 347 1
286 350 1
286 398 1
286 445 1
286 727 1
286 786 1
286 799 1
286 829 1
286 831 1
286 856 1
286 858 1
286 917 1
287 414 1
287 589 1
287 600 1
287 846 1
287 914 1
288 301 1
288 552 1
288 565 1
288 580 1
288 684 1
288 764 1
288 804 1
288 841 1
288 928 1
288 979 1
289 484 1
289 544 1
289 699 1
289 737 1
289 838 1
289 958 1
290 400 1
290 424 1
290 488 1
290 506 1
290 533 1
290 559 1
290 646 1
290 677 1
290 827 1
290 849 1
290 952 1
291 537 1
291 738 1
291 965 1
292 368 1
292 425 1
292 582 1
292 634 1
292 669 1
292 693 1
292 837 1
292 991 1
293 307 1
293 551 1
293 875 1
294 481 1
294 646 1
294 651 1
294 714 1
294 826 1
294 827 1
295 444 1
295 483 1
295 733 1
295 804 1
295 844 1
295 847 1
295 879 1
296 346 1
296 761 1
296 910 1
296 967 1
297 397 1
297 400 1
297 459 1
297 539 1
297 559 1
297 666 1
297 668 1
297 688 1
297 831 1
297 836 1
297 867 1
297 999 1
298 324 1
298 361 1
298 369 1
298 370 1
298 534 1
298 791 1
298 968 1
298 974 1
298 977 1
299 379 1
299 381 1
299 479 1
299 516 1
299 564 1
299 697 1
299 761 1
299 774 1
299 788 1
299 860 1
299 880 1
299 914 1
299 946 1
300 405 1
300 408 1
300 547 1
300 748 1
301 365 1
301 474 1
301 533 1
301 548 1
301 550 1
301 562 1
301 703 1
301 894 1
301 918 1
301 981 1
302 668 1
302 783 1
302 868 1
302 999 1
303 338 1
303 433 1
303 583 1
303 587 1
303 687 1
303 733 1
303 739 1
303 744 1
303 772 1
303 961 1
304 309 1
304 316 1
304 338 1
304 595 1
304 614 1
304 657 1
304 662 1
304 800 1
304 852 1
304 950 1
304 992 1
305 633 1
305 949 1
306 311 1
306 579 1
306 594 1
306 937 1
307 415 1
307 471 1
307 500 1
307 520 1
307 582 1
307 605 1
307 708 1
307 719 1
307 814 1
307 938 1
307 955 1
308 354 1
308 493 1
308 502 1
308 505 1
308 535 1
308 574 1
308 712 1
308 745 1
308 868 1
308 954 1
309 383 1
309 513 1
309 680 1
309 688 1
309 803 1
309 816 1
309 817 1
309 858 1
309 875 1
310 314 1
310 451 1
310 463 1
310 577 1
310 759 1
310 871 1
310 879 1
311 514 1
311 655 1
311 828 1
312 322 1
312 671 1
312 753 1
313 330 1
313 829 1
313 911 1
313 953 1
313 965 1
314 353 1
314 458 1
314 492 1
314 556 1
314 721 1
314 739 1
314 790 1
314 913 1
314 977 1
314 997 1
315 345 1
315 487 1
315 522 1
315 681 1
315 873 1
316 351 1
316 501 1
316 532 1
316 574 1
316 620 1
316 985 1
317 392 1
317 508 1
317 542 1
318 699 1
318 893 1
318 958 1
318 976 1
319 343 1
319 394 1
319 499 1
319 511 1
319 553 1
319 901 1
319 972 1
320 355 1
320 360 1
320 379 1
320 421 1
320 477 1
320 531 1
320 606 1
321 334 1
321 528 1
321 754 1
321 999 1
322 353 1
322 375 1
322 558 1
322 650 1
322 661 1
322 672 1
322 781 1
322 849 1
322 954 1
322 962 1
322 998 1
323 524 1
323 728 1
323 823 1
323 853 1
323 970 1
323 973 1
323 982 1
324 631 1
324 765 1
324 810 1
324 895 1
324 916 1
324 936 1
324 962 1
325 447 1
325 449 1
325 468 1
325 508 1
325 812 1
325 901 1
325 907 1
325 964 1
325 969 1
325 973 1
326 675 1
326 708 1
326 838 1
326 907 1
326 981 1
327 444 1
327 576 1
327 581 1
327 632 1
327 657 1
327 797 1
327 993 1
328 379 1
328 586 1
328 648 1
328 832 1
328 840 1
328 871 1
328 934 1
328 961 1
329 455 1
329 782 1
329 809 1
329 831 1
330 383 1
330 520 1
330 542 1
330 573 1
330 602 1
330 728 1
330 922 1
331 348 1
331 389 1
331 456 1
331 719 1
332 383 1
332 513 1
332 569 1
332 757 1
332 835 1
332 884 1
333 508 1
333 568 1
333 680 1
333 725 1
333 814 1
333 826 1
333 902 1
333 974 1
333 984 1
333 994 1
334 351 1
334 684 1
335 347 1
335 647 1
335 727 1
335 862 1
335 898 1
335 924 1
336 536 1
336 756 1
336 965 1
337 489 1
337 568 1
337 658 1
337 744 1
337 767 1
337 842 1
337 869 1
337 962 1
338 387 1
338 421 1
338 427 1
338 510 1
338 656 1
338 662 1
338 709 1
338 906 1
338 974 1
339 388 1
339 462 1
339 536 1
339 546 1
339 610 1
339 702 1
339 776 1
339 846 1
339 939 1
340 524 1
340 529 1
340 572 1
340 591 1
340 705 1
340 724 1
340 787 1
340 809 1
340 843 1
340 886 1
340 977 1
341 366 1
341 380 1
341 485 1
341 794 1
341 879 1
341 891 1
342 383 1
342 400 1
342 404 1
342 418 1
342 493 1
342 523 1
342 624 1
342 628 1
342 777 1
343 516 1
344 374 1
344 420 1
344 461 1
344 486 1
344 619 1
344 659 1
344 737 1
344 855 1
344 900 1
345 370 1
345 373 1
345 459 1
345 710 1
345 741 1
345 816 1
345 821 1
345 835 1
345 883 1
346 385 1
346 440 1
346 515 1
346 661 1
346 688 1
346 821 1
347 647 1
347 680 1
347 691 1
347 966 1
347 972 1
348 466 1
348 621 1
348 739 1
348 896 1
349 520 1
349 660 1
349 684 1
349 822 1
349 983 1
350 456 1
350 507 1
350 524 1
350 777 1
350 817 1
350 831 1
350 968 1
351 477 1
351 486 1
351 506 1
351 579 1
351 701 1
351 840 1
351 936 1
351 974 1
352 501 1
352 551 1
352 610 1
352 614 1
352 755 1
352 864 1
353 461 1
353 512 1
353 761 1
353 771 1
353 887 1
353 997 1
354 418 1
354 442 1
354 444 1
354 467 1
354 850 1
355 401 1
355 425 1
355 443 1
355 578 1
355 592 1
355 622 1
355 999 1
356 419 1
356 509 1
356 564 1
356 750 1
356 757 1
356 765 1
356 840 1
356 869 1
357 400 1
357 476 1
357 504 1
357 598 1
357 637 1
357 682 1
357 727 1
357 769 1
357 953 1
357 999 1
358 367 1
358 403 1
358 497 1
358 503 1
358 505 1
358 680 1
358 682 1
358 689 1
358 716 1
358 772 1
358 806 1
358 811 1
358 889 1
358 976 1
359 443 1
359 568 1
359 618 1
359 636 1
359 661 1
359 737 1
359 759 1
359 778 1
359 805 1
359 855 1
360 445 1
360 683 1
360 821 1
361 400 1
361 436 1
361 483 1
361 526 1
361 653 1
361 771 1
361 794 1
361 871 1
361 963 1
362 472 1
362 595 1
362 648 1
362 747 1
363 499 1
363 622 1
363 684 1
363 788 1
363 962 1
364 423 1
364 475 1
364 486 1
364 564 1
364 729 1
364 731 1
364 760 1
364 842 1
364 843 1
364 884 1
364 917 1
365 369 1
365 386 1
365 545 1
365 608 1
366 459 1
366 733 1
366 777 1
366 791 1
366 846 1
366 920 1
366 974 1
367 623 1
367 635 1
367 784 1
367 915 1
368 560 1
368 565 1
368 656 1
368 787 1
368 907 1
369 413 1
369 538 1
369 623 1
369 724 1
369 740 1
369 747 1
369 751 1
369 968 1
369 998 1
370 424 1
370 580 1
370 675 1
370 792 1
370 860 1
371 380 1
371 410 1
371 505 1
371 588 1
371 625 1
371 723 1
371 936 1
372 432 1
372 433 1
372 638 1
372 664 1
372 675 1
372 799 1
373 414 1
373 521 1
373 534 1
373 548 1
373 602 1
373 607 1
373 826 1
374 486 1
374 593 1
374 682 1
374 727 1
374 734 1
374 801 1
374 885 1
374 953 1
375 405 1
375 480 1
375 557 1
375 934 1
375 953 1
375 980 1
375 989 1
376 540 1
376 606 1
376 672 1
376 696 1
376 793 1
376 839 1
376 852 1
377 393 1
377 850 1
377 998 1
378 466 1
378 527 1
378 555 1
378 614 1
378 663 1
378 821 1
378 834 1
378 869 1
379 582 1
379 703 1
379 863 1
379 938 1
380 452 1
380 493 1
381 391 1
381 410 1
381 523 1
381 638 1
381 664 1
381 707 1
381 975 1
381 980 1
382 422 1
382 446 1
382 478 1
382 496 1
382 499 1
382 570 1
382 654 1
382 692 1
382 696 1
382 701 1
382 723 1
382 731 1
382 766 1
382 922 1
383 390 1
383 414 1
383 443 1
383 455 1
383 496 1
383 498 1
383 538 1
383 557 1
383 664 1
383 672 1
383 717 1
383 826 1
383 893 1
383 909 1
384 604 1
384 702 1
384 759 1
384 946 1
384 948 1
384 981 1
385 386 1
385 404 1
385 489 1
385 497 1
385 513 1
385 518 1
385 679 1
385 744 1
385 851 1
385 856 1
385 874 1
386 414 1
386 423 1
386 532 1
386 611 1
386 665 1
386 717 1
386 736 1
387 509 1
387 577 1
387 683 1
387 743 1
387 750 1
387 956 1
388 389 1
388 434 1
388 688 1
388 877 1
388 979 1
389 408 1
389 529 1
389 557 1
389 606 1
389 714 1
389 733 1
389 765 1
389 774 1
389 800 1
389 853 1
390 460 1
390 499 1
390 544 1
390 565 1
390 588 1
390 659 1
390 829 1
390 840 1
390 973 1
391 604 1
391 670 1
391 677 1
391 792 1
391 998 1
392 504 1
392 535 1
392 695 1
392 751 1
392 950 1
392 968 1
393 485 1
393 548 1
393 705 1
393 755 1
394 416 1
394 448 1
394 601 1
394 617 1
394 656 1
394 887 1
394 934 1
395 425 1
395 441 1
395 470 1
395 480 1
395 484 1
395 575 1
395 597 1
395 674 1
395 720 1
395 722 1
395 891 1
395 932 1
395 989 1
396 405 1
396 528 1
396 650 1
396 670 1
396 700 1
396 854 1
396 968 1
396 990 1
397 580 1
397 595 1
397 708 1
397 776 1
397 951 1
397 993 1
398 436 1
398 493 1
398 662 1
398 746 1
398 968 1
399 459 1
399 591 1
399 599 1
399 638 1
399 659 1
399 704 1
399 747 1
399 854 1
399 930 1
400 558 1
400 606 1
400 666 1
400 745 1
400 762 1
401 591 1
401 731 1
401 851 1
402 454 1
402 562 1
402 597 1
402 932 1
402 953 1
402 970 1
403 524 1
403 532 1
403 573 1
403 657 1
403 819 1
403 918 1
403 947 1
404 551 1
404 693 1
404 708 1
404 916 1
405 530 1
405 589 1
405 659 1
405 731 1
405 911 1
405 1000 1
406 434 1
406 450 1
406 724 1
406 743 1
406 839 1
406 868 1
406 939 1
407 441 1
407 530 1
407 565 1
407 586 1
407 722 1
407 745 1
407 761 1
407 797 1
407 812 1
407 873 1
407 882 1
408 472 1
408 480 1
408 502 1
408 715 1
408 759 1
408 807 1
408 897 1
408 944 1
408 951 1
409 469 1
409 679 1
409 693 1
409 805 1
409 870 1
409 948 1
409 972 1
410 520 1
410 532 1
410 840 1
410 933 1
411 422 1
411 558 1
411 627 1
411 820 1
412 526 1
412 568 1
412 598 1
412 599 1
412 858 1
412 880 1
412 892 1
413 422 1
413 597 1
413 688 1
413 709 1
413 911 1
414 426 1
414 586 1
414 632 1
414 940 1
414 973 1
414 977 1
415 454 1
415 466 1
415 481 1
415 546 1
415 669 1
415 682 1
415 700 1
415 703 1
415 781 1
415 827 1
416 495 1
416 514 1
416 674 1
416 752 1
416 781 1
416 822 1
416 950 1
417 584 1
417 675 1
417 912 1
418 570 1
418 691 1
418 703 1
418 854 1
418 886 1
418 931 1
418 944 1
418 979 1
419 457 1
419 466 1
419 497 1
419 581 1
419 586 1
419 587 1
419 669 1
419 692 1
419 727 1
419 834 1
419 963 1
419 975 1
420 529 1
420 547 1
420 720 1
420 828 1
420 836 1
420 924 1
420 940 1
421 435 1
421 457 1
421 553 1
421 787 1
421 890 1
421 944 1
422 452 1
422 462 1
422 495 1
422 783 1
422 813 1
423 436 1
423 610 1
423 621 1
423 642 1
423 855 1
424 435 1
424 470 1
424 708 1
424 840 1
424 947 1
425 597 1
425 614 1
425 625 1
425 657 1
425 687 1
425 816 1
425 924 1
425 975 1
426 444 1
426 545 1
426 737 1
426 815 1
427 440 1
427 507 1
427 625 1
427 691 1
427 876 1
427 983 1
428 443 1
428 586 1
428 682 1
428 702 1
428 730 1
428 946 1
429 561 1
429 579 1
429 666 1
429 775 1
429 839 1
429 879 1
429 885 1
430 514 1
430 660 1
430 661 1
430 688 1
430 815 1
430 818 1
430 896 1
430 901 1
430 996 1
431 491 1
431 572 1
431 801 1
431 971 1
432 449 1
432 466 1
432 582 1
432 706 1
432 908 1
432 924 1
433 532 1
433 537 1
433 698 1
433 707 1
433 769 1
433 956 1
434 461 1
434 538 1
434 598 1
434 715 1
434 720 1
434 761 1
434 822 1
434 823 1
434 884 1
434 907 1
434 936 1
435 589 1
435 693 1
436 653 1
436 985 1
437 917 1
438 507 1
438 544 1
438 722 1
438 797 1
439 641 1
439 790 1
439 935 1
440 653 1
440 956 1
441 504 1
441 515 1
441 604 1
441 615 1
441 648 1
441 688 1
441 830 1
441 912 1
441 965 1
441 979 1
442 447 1
442 564 1
442 570 1
442 765 1
442 847 1
443 478 1
443 636 1
443 664 1
443 910 1
443 966 1
444 562 1
444 581 1
444 598 1
444 634 1
444 666 1
444 871 1
444 914 1
445 463 1
445 699 1
445 825 1
446 559 1
446 836 1
446 924 1
446 951 1
447 494 1
447 611 1
447 647 1
447 656 1
447 708 1
447 836 1
447 848 1
447 990 1
448 526 1
448 747 1
448 840 1
448 847 1
448 854 1
448 889 1
448 949 1
448 967 1
449 490 1
449 675 1
449 802 1
449 839 1
449 909 1
449 919 1
450 633 1
450 699 1
450 816 1
450 842 1
451 471 1
451 475 1
451 490 1
451 716 1
451 788 1
451 851 1
451 877 1
451 983 1
452 654 1
452 747 1
452 858 1
452 950 1
453 476 1
453 501 1
453 531 1
453 587 1
453 681 1
453 849 1
453 872 1
453 984 1
453 1000 1
454 458 1
454 489 1
454 638 1
454 897 1
455 470 1
455 495 1
455 523 1
455 887 1
455 964 1
455 998 1
455 1000 1
456 761 1
456 886 1
457 625 1
457 688 1
457 740 1
457 906 1
457 922 1
457 950 1
458 540 1
458 628 1
458 668 1
458 797 1
458 870 1
459 603 1
459 685 1
459 879 1
460 537 1
460 721 1
460 866 1
460 974 1
461 466 1
461 520 1
461 661 1
461 860 1
461 923 1
461 927 1
461 940 1
462 684 1
462 822 1
462 907 1
462 977 1
462 990 1
463 575 1
463 781 1
463 831 1
463 927 1
463 960 1
464 846 1
464 857 1
464 911 1
465 663 1
465 679 1
465 691 1
465 846 1
465 871 1
465 999 1
466 540 1
466 541 1
466 799 1
466 837 1
466 867 1
466 902 1
467 588 1
467 650 1
467 741 1
469 574 1
469 617 1
469 729 1
470 697 1
470 773 1
470 798 1
470 893 1
470 930 1
471 606 1
471 764 1
471 783 1
471 808 1
471 810 1
471 878 1
472 534 1
472 840 1
472 879 1
473 599 1
473 782 1
473 784 1
473 842 1
473 867 1
473 896 1
473 961 1
474 617 1
474 685 1
474 832 1
474 946 1
474 966 1
474 999 1
475 479 1
475 515 1
476 543 1
476 624 1
476 635 1
476 710 1
476 739 1
476 763 1
476 788 1
477 481 1
477 571 1
477 675 1
477 815 1
477 824 1
477 827 1
477 877 1
477 923 1
477 952 1
477 979 1
477 997 1
478 677 1
478 797 1
478 944 1
478 953 1
479 678 1
479 693 1
479 755 1
479 792 1
479 841 1
480 728 1
480 887 1
480 934 1
480 962 1
480 990 1
481 495 1
481 539 1
481 560 1
481 581 1
481 585 1
481 905 1
482 517 1
482 916 1
483 496 1
483 641 1
483 657 1
483 776 1
483 809 1
484 551 1
484 865 1
484 942 1
485 547 1
485 596 1
485 777 1
485 782 1
485 862 1
485 904 1
486 591 1
486 766 1
486 855 1
486 939 1
486 959 1
486 967 1
487 576 1
487 741 1
487 816 1
487 844 1
487 866 1
488 509 1
488 753 1
488 829 1
488 904 1
489 704 1
489 859 1
490 602 1
490 625 1
490 793 1
490 824 1
490 906 1
490 911 1
490 912 1
491 685 1
491 695 1
491 763 1
491 768 1
491 783 1
491 867 1
492 556 1
492 609 1
492 875 1
492 901 1
492 973 1
493 527 1
493 860 1
494 904 1
494 935 1
494 942 1
495 590 1
495 619 1
495 814 1
495 831 1
495 867 1
495 993 1
496 824 1
496 906 1
497 673 1
497 727 1
498 644 1
498 750 1
498 829 1
498 832 1
498 904 1
498 966 1
499 680 1
499 765 1
500 509 1
500 577 1
501 660 1
501 663 1
501 690 1
501 761 1
501 932 1
502 951 1
503 524 1
503 748 1
503 850 1
503 933 1
504 712 1
504 908 1
504 934 1
504 978 1
505 636 1
505 921 1
506 529 1
506 653 1
506 664 1
506 687 1
506 706 1
506 770 1
506 775 1
506 796 1
506 932 1
506 943 1
506 963 1
507 735 1
507 754 1
507 767 1
507 876 1
507 980 1
508 762 1
508 807 1
508 911 1
508 978 1
509 549 1
509 658 1
509 734 1
509 772 1
509 852 1
509 862 1
510 598 1
510 696 1
510 817 1
510 833 1
510 896 1
510 931 1
510 985 1
511 512 1
511 621 1
511 838 1
511 840 1
511 893 1
511 986 1
512 590 1
512 648 1
513 632 1
513 638 1
513 781 1
513 819 1
513 881 1
514 813 1
515 658 1
515 897 1
515 993 1
516 592 1
516 606 1
516 780 1
516 897 1
517 526 1
517 660 1
517 722 1
517 891 1
517 955 1
517 971 1
518 967 1
519 525 1
519 527 1
519 532 1
519 602 1
519 623 1
519 855 1
519 869 1
519 882 1
520 811 1
520 840 1
520 942 1
520 944 1
521 925 1
521 972 1
522 547 1
522 726 1
522 999 1
523 561 1
523 583 1
523 637 1
524 741 1
524 831 1
525 563 1
525 862 1
526 630 1
526 896 1
526 935 1
526 959 1
526 1000 1
527 774 1
527 821 1
527 843 1
527 853 1
527 930 1
527 984 1
528 666 1
528 751 1
528 835 1
528 931 1
528 964 1
528 972 1
529 626 1
529 704 1
529 883 1
530 761 1
531 596 1
531 725 1
531 832 1
531 973 1
532 786 1
533 594 1
533 669 1
533 713 1
533 727 1
533 956 1
533 973 1
534 581 1
534 628 1
534 629 1
535 607 1
535 781 1
535 827 1
536 549 1
536 612 1
536 868 1
537 585 1
537 598 1
537 601 1
537 632 1
537 764 1
537 767 1
537 989 1
538 541 1
538 557 1
538 625 1
538 683 1
538 881 1
538 898 1
538 910 1
539 605 1
539 705 1
539 884 1
540 564 1
540 808 1
540 873 1
540 881 1
541 544 1
541 583 1
541 619 1
541 640 1
541 700 1
541 831 1
541 962 1
542 782 1
542 788 1
542 924 1
542 961 1
543 555 1
543 811 1
543 851 1
544 627 1
544 639 1
544 709 1
544 802 1
544 823 1
544 975 1
545 717 1
545 795 1
545 809 1
545 885 1
545 927 1
546 727 1
546 858 1
547 657 1
547 815 1
547 829 1
547 854 1
547 855 1
547 857 1
548 682 1
548 959 1
549 592 1
549 820 1
550 615 1
550 616 1
550 776 1
550 855 1
550 919 1
550 930 1
550 934 1
550 983 1
551 570 1
551 590 1
551 604 1
551 637 1
551 795 1
551 813 1
551 836 1
551 848 1
551 872 1
551 989 1
552 556 1
552 827 1
553 681 1
553 695 1
553 758 1
553 763 1
553 870 1
553 882 1
553 899 1
555 599 1
555 661 1
555 837 1
555 899 1
555 932 1
556 564 1
556 576 1
556 624 1
556 658 1
556 719 1
556 723 1
556 881 1
556 996 1
557 795 1
557 820 1
557 868 1
557 869 1
557 900 1
558 570 1
558 640 1
558 670 1
558 691 1
558 745 1
558 876 1
558 896 1
558 903 1
558 908 1
559 573 1
559 603 1
559 617 1
559 689 1
559 739 1
559 764 1
559 787 1
559 860 1
559 956 1
560 654 1
560 812 1
560 843 1
560 854 1
561 616 1
561 689 1
561 733 1
561 748 1
561 788 1
561 792 1
561 803 1
561 838 1
562 699 1
562 719 1
562 759 1
562 784 1
563 624 1
563 692 1
563 897 1
564 749 1
564 793 1
564 830 1
565 663 1
565 755 1
565 760 1
566 653 1
566 800 1
566 918 1
566 928 1
566 981 1
567 568 1
567 631 1
567 740 1
567 788 1
567 899 1
568 692 1
568 702 1
568 922 1
568 970 1
569 901 1
569 964 1
569 983 1
570 750 1
570 835 1
571 704 1
571 779 1
571 847 1
571 885 1
571 970 1
571 995 1
572 628 1
572 684 1
572 914 1
572 925 1
572 978 1
573 653 1
573 665 1
573 740 1
573 850 1
573 985 1
573 989 1
574 669 1
574 703 1
574 712 1
574 720 1
574 723 1
574 734 1
574 746 1
575 759 1
575 797 1
575 808 1
575 810 1
576 642 1
576 787 1
576 835 1
576 948 1
577 610 1
577 625 1
577 738 1
577 979 1
578 683 1
578 750 1
578 953 1
578 999 1
579 586 1
579 591 1
579 623 1
579 635 1
579 836 1
579 837 1
579 906 1
579 937 1
580 719 1
580 835 1
581 641 1
581 727 1
581 873 1
581 877 1
581 897 1
581 913 1
582 623 1
582 638 1
582 648 1
582 914 1
583 610 1
583 688 1
583 841 1
584 715 1
584 880 1
584 892 1
584 893 1
584 896 1
584 907 1
585 729 1
585 775 1
585 817 1
585 923 1
585 943 1
586 643 1
586 645 1
586 721 1
586 809 1
587 714 1
587 734 1
588 669 1
588 813 1
588 939 1
588 967 1
589 644 1
589 854 1
589 874 1
589 903 1
589 985 1
590 815 1
590 906 1
591 631 1
591 714 1
591 898 1
592 597 1
592 605 1
592 637 1
592 813 1
593 639 1
594 1000 1
595 628 1
595 637 1
595 643 1
595 666 1
595 672 1
595 690 1
595 777 1
595 794 1
595 863 1
595 996 1
596 717 1
596 789 1
596 936 1
597 607 1
597 642 1
597 710 1
597 950 1
599 660 1
599 720 1
599 792 1
600 602 1
600 613 1
600 622 1
600 702 1
600 750 1
600 843 1
600 983 1
601 625 1
601 718 1
601 802 1
601 859 1
601 901 1
602 710 1
602 854 1
602 866 1
603 934 1
604 812 1
604 843 1
604 924 1
604 963 1
605 758 1
605 832 1
605 908 1
606 894 1
606 950 1
606 965 1
606 975 1
607 724 1
607 837 1
607 946 1
608 671 1
608 944 1
608 997 1
609 872 1
609 899 1
609 981 1
610 613 1
610 697 1
610 763 1
610 984 1
611 751 1
612 685 1
612 986 1
612 991 1
613 668 1
613 762 1
613 825 1
613 962 1
614 663 1
614 688 1
614 730 1
614 957 1
614 999 1
615 644 1
615 897 1
616 664 1
616 668 1
616 733 1
616 844 1
617 917 1
618 634 1
618 675 1
618 781 1
618 858 1
619 625 1
619 733 1
619 821 1
619 918 1
619 937 1
620 792 1
620 895 1
620 916 1
621 678 1
621 875 1
621 949 1
622 690 1
623 720 1
623 723 1
624 628 1
624 677 1
624 855 1
625 627 1
625 786 1
625 932 1
626 713 1
626 853 1
626 908 1
626 967 1
627 676 1
627 761 1
627 922 1
627 945 1
628 669 1
628 699 1
628 723 1
628 760 1
628 850 1
628 879 1
628 890 1
628 940 1
629 671 1
629 882 1
630 645 1
630 672 1
630 678 1
630 724 1
630 768 1
631 803 1
631 831 1
631 848 1
631 871 1
631 899 1
632 637 1
632 923 1
633 679 1
633 708 1
633 812 1
633 914 1
633 935 1
634 855 1
634 867 1
634 961 1
635 718 1
635 840 1
636 670 1
636 827 1
636 998 1
637 669 1
637 771 1
637 834 1
637 879 1
638 681 1
638 714 1
638 774 1
639 674 1
639 685 1
639 995 1
640 687 1
640 902 1
640 946 1
641 668 1
641 844 1
641 875 1
641 907 1
641 945 1
642 793 1
642 830 1
642 865 1
642 952 1
642 973 1
642 999 1
643 664 1
643 703 1
643 713 1
643 715 1
643 888 1
643 943 1
644 658 1
644 788 1
645 810 1
645 990 1
646 686 1
646 690 1
646 756 1
646 782 1
646 828 1
647 696 1
647 751 1
647 818 1
647 826 1
647 847 1
648 656 1
648 795 1
648 801 1
648 807 1
648 824 1
648 876 1
648 939 1
648 955 1
649 705 1
649 720 1
649 888 1
650 664 1
650 792 1
651 822 1
651 825 1
651 829 1
651 970 1
652 654 1
652 848 1
652 948 1
652 961 1
652 976 1
653 789 1
653 807 1
653 943 1
654 693 1
654 855 1
655 910 1
655 947 1
655 983 1
656 710 1
656 745 1
656 803 1
656 832 1
657 676 1
657 712 1
657 720 1
657 750 1
657 773 1
658 758 1
658 809 1
658 881 1
659 718 1
659 725 1
659 756 1
659 891 1
659 923 1
660 680 1
660 879 1
660 940 1
660 996 1
661 685 1
661 771 1
661 835 1
662 747 1
662 829 1
662 871 1
662 873 1
662 967 1
662 975 1
663 691 1
663 779 1
663 883 1
664 864 1
664 933 1
665 723 1
665 818 1
665 824 1
665 857 1
665 901 1
665 940 1
665 997 1
666 858 1
666 922 1
666 950 1
667 854 1
668 811 1
668 863 1
668 968 1
669 807 1
669 837 1
669 963 1
670 782 1
670 935 1
670 940 1
670 963 1
670 973 1
671 738 1
671 816 1
671 823 1
671 893 1
671 943 1
671 978 1
672 707 1
672 729 1
672 740 1
672 852 1
672 853 1
672 867 1
672 928 1
673 765 1
673 797 1
673 808 1
674 698 1
674 707 1
675 913 1
676 748 1
676 805 1
677 802 1
678 842 1
678 936 1
679 844 1
679 866 1
680 702 1
680 763 1
680 793 1
680 841 1
680 933 1
680 952 1
681 770 1
681 869 1
681 938 1
682 774 1
682 805 1
682 840 1
682 931 1
682 949 1
682 953 1
683 754 1
683 883 1
684 840 1
684 945 1
684 988 1
684 993 1
685 947 1
686 745 1
686 768 1
686 827 1
686 832 1
686 855 1
686 872 1
686 928 1
686 965 1
687 721 1
687 865 1
687 911 1
688 699 1
688 762 1
688 774 1
688 809 1
688 854 1
688 935 1
689 703 1
690 733 1
690 752 1
690 784 1
691 776 1
691 807 1
691 920 1
691 965 1
691 984 1
692 747 1
692 807 1
692 882 1
692 928 1
692 966 1
693 734 1
693 763 1
693 799 1
693 841 1
693 894 1
693 919 1
693 985 1
694 710 1
694 872 1
694 886 1
694 992 1
695 732 1
695 943 1
695 969 1
695 990 1
696 838 1
696 879 1
697 917 1
697 969 1
698 742 1
698 755 1
698 771 1
698 830 1
698 853 1
698 956 1
698 982 1
699 845 1
699 901 1
699 913 1
699 937 1
700 987 1
701 735 1
701 746 1
701 763 1
701 911 1
702 826 1
703 706 1
703 713 1
703 770 1
703 823 1
703 896 1
703 901 1
703 961 1
704 728 1
704 820 1
704 968 1
704 986 1
705 718 1
705 898 1
705 922 1
705 925 1
705 943 1
706 727 1
709 950 1
710 736 1
710 749 1
710 886 1
710 933 1
710 981 1
710 990 1
710 992 1
711 769 1
711 861 1
712 862 1
712 905 1
712 914 1
712 927 1
712 987 1
713 911 1
714 785 1
715 833 1
715 839 1
715 884 1
715 966 1
716 864 1
716 933 1
716 957 1
717 732 1
718 787 1
718 900 1
718 927 1
718 974 1
719 944 1
720 921 1
721 732 1
721 778 1
721 823 1
721 838 1
721 865 1
721 969 1
721 982 1
721 991 1
722 755 1
722 825 1
723 802 1
724 768 1
724 798 1
724 825 1
725 798 1
725 840 1
725 893 1
725 904 1
726 976 1
726 1000 1
727 798 1
727 832 1
729 732 1
729 849 1
729 918 1
729 979 1
730 755 1
730 910 1
730 983 1
730 999 1
731 742 1
731 754 1
731 808 1
731 881 1
731 910 1
732 794 1
732 799 1
732 897 1
732 907 1
733 743 1
733 811 1
733 913 1
734 827 1
734 932 1
734 948 1
735 736 1
735 816 1
735 819 1
735 824 1
735 939 1
735 947 1
736 918 1
736 928 1
737 789 1
737 932 1
737 973 1
737 983 1
737 998 1
738 779 1
738 886 1
738 921 1
739 746 1
739 987 1
740 859 1
740 870 1
741 880 1
743 794 1
743 963 1
743 979 1
744 843 1
745 944 1
745 963 1
745 989 1
747 788 1
747 826 1
748 867 1
749 757 1
749 821 1
749 843 1
749 845 1
749 872 1
751 806 1
751 929 1
752 944 1
752 973 1
753 757 1
753 822 1
753 838 1
754 832 1
754 899 1
754 914 1
754 979 1
755 767 1
755 873 1
755 874 1
755 908 1
757 866 1
757 933 1
757 937 1
757 940 1
757 951 1
758 824 1
758 851 1
759 831 1
759 950 1
759 957 1
761 766 1
761 835 1
761 875 1
761 883 1
761 955 1
761 968 1
762 858 1
762 867 1
762 900 1
762 994 1
763 979 1
764 771 1
764 813 1
764 859 1
764 966 1
765 897 1
766 801 1
766 831 1
766 839 1
766 887 1
767 770 1
769 958 1
769 980 1
770 772 1
770 776 1
770 850 1
770 935 1
771 879 1
771 910 1
772 811 1
773 971 1
774 847 1
774 978 1
775 789 1
775 859 1
775 867 1
775 918 1
775 987 1
777 788 1
778 781 1
778 837 1
778 902 1
779 797 1
779 827 1
779 858 1
779 871 1
779 939 1
779 965 1
780 831 1
780 838 1
780 888 1
780 892 1
781 880 1
782 835 1
782 853 1
783 925 1
783 972 1
784 889 1
784 895 1
784 935 1
784 936 1
784 979 1
786 967 1
786 995 1
787 818 1
787 868 1
787 886 1
787 925 1
788 867 1
789 918 1
790 845 1
790 906 1
790 914 1
790 934 1
791 999 1
792 840 1
792 843 1
792 892 1
792 985 1
793 948 1
793 950 1
794 829 1
794 834 1
795 816 1
797 841 1
797 850 1
797 870 1
797 918 1
797 930 1
798 806 1
799 827 1
799 828 1
800 819 1
800 851 1
800 957 1
801 875 1
801 897 1
802 832 1
802 857 1
802 870 1
802 893 1
802 920 1
804 918 1
804 984 1
806 851 1
807 902 1
807 995 1
808 827 1
808 873 1
808 946 1
808 958 1
810 981 1
811 846 1
811 907 1
812 831 1
812 858 1
812 916 1
813 928 1
813 948 1
814 831 1
814 857 1
814 871 1
816 861 1
816 920 1
816 951 1
817 887 1
817 951 1
817 993 1
818 953 1
818 983 1
819 862 1
819 866 1
819 888 1
820 964 1
821 948 1
822 829 1
822 859 1
823 905 1
823 994 1
824 919 1
825 874 1
825 900 1
825 904 1
826 873 1
826 919 1
828 865 1
828 899 1
828 950 1
828 957 1
829 985 1
830 889 1
830 965 1
830 983 1
831 868 1
831 871 1
831 883 1
831 981 1
832 974 1
832 991 1
833 941 1
834 883 1
834 980 1
835 836 1
835 878 1
835 885 1
836 971 1
836 994 1
837 848 1
837 888 1
839 982 1
840 844 1
840 907 1
840 985 1
842 923 1
842 934 1
842 940 1
843 871 1
843 901 1
843 919 1
844 902 1
844 910 1
846 998 1
847 914 1
848 862 1
848 902 1
848 919 1
848 934 1
848 937 1
848 971 1
849 850 1
849 941 1
849 978 1
850 909 1
852 959 1
853 957 1
854 918 1
854 932 1
854 944 1
856 866 1
857 903 1
857 956 1
858 937 1
859 909 1
860 873 1
860 962 1
860 979 1
861 929 1
861 931 1
861 977 1
862 879 1
863 879 1
863 906 1
864 982 1
866 906 1
866 962 1
867 926 1
867 957 1
867 966 1
868 890 1
868 921 1
868 967 1
868 983 1
868 984 1
870 890 1
870 981 1
871 895 1
872 968 1
873 988 1
873 997 1
875 930 1
875 997 1
877 941 1
877 949 1
877 985 1
878 894 1
879 975 1
880 916 1
882 939 1
882 940 1
882 956 1
882 963 1
882 972 1
882 1000 1
883 886 1
883 918 1
883 944 1
883 973 1
884 888 1
884 939 1
885 915 1
886 960 1
886 978 1
887 976 1
887 978 1
888 904 1
889 988 1
890 972 1
892 908 1
892 918 1
892 968 1
893 922 1
893 965 1
895 919 1
895 945 1
895 946 1
895 993 1
896 993 1
897 982 1
898 965 1
899 966 1
900 921 1
900 934 1
901 902 1
901 984 1
902 947 1
903 917 1
903 957 1
905 932 1
905 938 1
906 914 1
906 944 1
907 950 1
907 978 1
908 947 1
909 935 1
909 938 1
909 987 1
914 933 1
919 946 1
923 984 1
925 938 1
926 952 1
926 972 1
927 999 1
928 971 1
929 985 1
929 994 1
930 1000 1
932 977 1
934 941 1
935 973 1
941 951 1
941 960 1
941 991 1
943 966 1
943 984 1
947 961 1
950 979 1
951 960 1
956 997 1
959 967 1
961 991 1
962 979 1
966 995 1
969 986 1
969 998 1
971 1000 1
983 984 1
984 985 1
987 991 1
987 995 1
991 994 1
993 997 1
