1000 5060
1 45 1
1 99 1
1 147 1
1 196 1
1 295 1
1 332 1
1 361 1
1 620 1
1 698 1
1 713 1
1 727 1
1 748 1
1 762 1
2 18 1
2 27 1
2 122 1
2 248 1
2 322 1
2 342 1
2 362 1
2 404 1
2 411 1
2 478 1
2 500 1
2 532 1
2 736 1
2 778 1
2 831 1
2 898 1
3 203 1
3 225 1
3 251 1
3 324 1
3 389 1
3 637 1
3 823 1
3 883 1
4 13 1
4 52 1
4 88 1
4 166 1
4 168 1
4 181 1
4 188 1
4 332 1
4 593 1
4 631 1
4 746 1
4 872 1
4 964 1
5 35 1
5 154 1
5 302 1
5 430 1
5 787 1
5 880 1
5 975 1
6 58 1
6 141 1
6 227 1
6 363 1
6 457 1
6 582 1
6 704 1
6 965 1
7 13 1
7 52 1
7 118 1
7 254 1
7 377 1
7 492 1
7 641 1
7 748 1
7 907 1
7 979 1
7 983 1
8 70 1
8 224 1
8 451 1
8 598 1
8 752 1
8 762 1
8 793 1
8 796 1
8 897 1
8 913 1
8 928 1
8 952 1
8 968 1
8 986 1
9 45 1
9 144 1
9 150 1
9 208 1
9 336 1
9 388 1
9 411 1
9 468 1
9 531 1
9 580 1
9 722 1
9 752 1
9 753 1
9 768 1
9 920 1
9 931 1
9 938 1
9 999 1
10 155 1
10 158 1
10 219 1
10 355 1
10 402 1
10 404 1
10 626 1
10 660 1
10 697 1
10 938 1
10 951 1
10 970 1
10 975 1
11 52 1
11 387 1
11 398 1
11 418 1
11 425 1
11 642 1
11 680 1
11 700 1
11 975 1
12 168 1
12 247 1
12 283 1
12 368 1
12 432 1
12 459 1
12 462 1
12 472 1
12 475 1
12 495 1
12 547 1
13 44 1
13 56 1
13 407 1
13 410 1
13 457 1
13 459 1
13 493 1
13 511 1
13 539 1
13 632 1
13 729 1
13 755 1
13 777 1
13 781 1
13 880 1
13 881 1
13 964 1
13 987 1
14 78 1
14 88 1
14 273 1
14 404 1
14 429 1
14 439 1
14 976 1
15 68 1
15 305 1
15 674 1
15 786 1
15 834 1
15 836 1
16 139 1
16 236 1
16 372 1
16 384 1
16 465 1
16 939 1
17 190 1
17 294 1
17 452 1
17 482 1
17 521 1
17 824 1
18 237 1
18 244 1
18 257 1
18 288 1
18 317 1
18 392 1
18 453 1
18 652 1
18 862 1
19 90 1
19 194 1
19 309 1
19 426 1
19 448 1
19 473 1
19 593 1
19 694 1
19 979 1
20 68 1
20 271 1
20 349 1
20 407 1
20 448 1
20 507 1
20 528 1
20 544 1
20 558 1
21 57 1
21 134 1
21 219 1
21 233 1
21 282 1
21 386 1
21 574 1
21 628 1
21 753 1
21 867 1
21 921 1
21 991 1
22 174 1
22 296 1
22 326 1
22 351 1
22 484 1
22 606 1
22 972 1
23 238 1
23 270 1
23 386 1
23 483 1
23 500 1
23 512 1
23 704 1
23 750 1
24 183 1
24 345 1
24 501 1
24 726 1
24 767 1
24 976 1
24 984 1
25 37 1
25 123 1
25 179 1
25 211 1
25 297 1
25 340 1
25 502 1
25 641 1
25 880 1
25 918 1
25 926 1
26 124 1
26 208 1
26 244 1
26 339 1
26 350 1
26 587 1
26 596 1
26 639 1
26 772 1
26 779 1
26 865 1
27 281 1
27 336 1
27 484 1
27 548 1
27 561 1
27 744 1
27 787 1
27 791 1
27 824 1
27 870 1
28 92 1
28 109 1
28 115 1
28 198 1
28 423 1
28 424 1
28 425 1
28 623 1
28 729 1
29 100 1
29 203 1
29 252 1
29 357 1
29 469 1
29 697 1
29 793 1
30 55 1
30 179 1
30 275 1
30 322 1
30 411 1
30 512 1
30 642 1
30 811 1
31 219 1
31 278 1
31 316 1
31 332 1
31 392 1
31 507 1
32 208 1
32 376 1
32 718 1
32 723 1
33 293 1
33 363 1
33 491 1
33 628 1
33 685 1
33 782 1
33 997 1
34 175 1
34 320 1
34 443 1
34 501 1
34 556 1
35 110 1
35 114 1
35 256 1
35 293 1
35 315 1
35 470 1
35 512 1
35 721 1
35 910 1
35 925 1
36 90 1
36 159 1
36 219 1
36 288 1
36 796 1
36 915 1
36 944 1
37 73 1
37 79 1
37 96 1
37 158 1
37 170 1
37 172 1
37 252 1
37 360 1
37 452 1
37 567 1
37 642 1
37 694 1
37 836 1
37 874 1
37 876 1
37 913 1
37 973 1
38 78 1
38 112 1
38 226 1
38 269 1
38 292 1
38 315 1
38 341 1
38 382 1
38 481 1
38 521 1
38 525 1
38 979 1
39 44 1
39 190 1
39 346 1
39 718 1
39 936 1
39 966 1
40 150 1
40 156 1
40 440 1
40 526 1
40 761 1
40 786 1
40 848 1
40 911 1
40 1000 1
41 278 1
41 329 1
41 396 1
41 400 1
41 450 1
41 641 1
41 661 1
41 826 1
41 874 1
41 980 1
41 988 1
42 144 1
42 167 1
42 292 1
42 309 1
42 340 1
42 375 1
42 457 1
42 523 1
42 549 1
42 625 1
43 48 1
43 102 1
43 141 1
43 575 1
43 791 1
43 794 1
43 813 1
43 869 1
43 930 1
44 66 1
44 315 1
44 569 1
44 599 1
44 642 1
44 788 1
44 821 1
44 847 1
44 909 1
44 948 1
45 199 1
45 435 1
45 455 1
45 526 1
45 546 1
45 672 1
45 710 1
45 778 1
45 858 1
46 223 1
46 394 1
46 463 1
46 475 1
46 596 1
46 766 1
46 843 1
46 847 1
47 102 1
47 108 1
47 147 1
47 248 1
47 339 1
47 480 1
47 487 1
47 552 1
47 577 1
47 666 1
47 709 1
47 716 1
47 744 1
47 784 1
47 931 1
47 950 1
47 984 1
48 133 1
48 293 1
48 298 1
48 337 1
48 391 1
48 435 1
48 500 1
48 535 1
48 567 1
48 741 1
48 872 1
48 970 1
49 174 1
49 259 1
49 341 1
49 440 1
49 584 1
49 676 1
49 722 1
49 729 1
49 819 1
49 852 1
49 869 1
50 94 1
50 106 1
50 242 1
50 329 1
50 344 1
50 398 1
50 430 1
50 600 1
50 759 1
50 760 1
50 865 1
50 869 1
50 893 1
51 96 1
51 178 1
51 225 1
51 253 1
51 316 1
51 420 1
51 439 1
51 543 1
51 686 1
51 759 1
51 842 1
51 890 1
51 898 1
52 131 1
52 203 1
52 230 1
52 587 1
52 678 1
52 814 1
52 921 1
52 971 1
53 64 1
53 299 1
53 334 1
53 344 1
53 722 1
53 816 1
54 65 1
54 99 1
54 102 1
54 230 1
54 350 1
54 396 1
54 496 1
54 854 1
54 858 1
54 863 1
54 882 1
55 89 1
55 116 1
55 320 1
55 435 1
55 447 1
55 449 1
55 535 1
55 635 1
55 645 1
55 650 1
55 959 1
56 64 1
56 110 1
56 131 1
56 141 1
56 169 1
56 205 1
56 328 1
56 549 1
56 894 1
57 95 1
57 401 1
57 419 1
57 439 1
57 481 1
57 534 1
57 539 1
57 561 1
57 696 1
57 762 1
57 766 1
57 769 1
57 876 1
58 172 1
58 203 1
58 289 1
58 307 1
58 368 1
58 586 1
58 663 1
58 673 1
58 797 1
58 863 1
58 916 1
58 942 1
58 992 1
59 169 1
59 385 1
59 575 1
59 761 1
59 784 1
59 986 1
60 354 1
60 420 1
60 561 1
60 723 1
60 724 1
60 816 1
60 991 1
61 77 1
61 141 1
61 443 1
61 533 1
61 604 1
61 619 1
61 842 1
61 846 1
61 993 1
61 998 1
62 190 1
62 220 1
62 319 1
62 666 1
62 691 1
62 834 1
62 858 1
63 152 1
63 359 1
63 583 1
63 868 1
63 882 1
63 926 1
63 961 1
63 971 1
63 989 1
63 992 1
64 234 1
64 258 1
64 598 1
64 647 1
64 861 1
64 895 1
65 146 1
65 168 1
65 362 1
65 378 1
65 436 1
65 471 1
65 575 1
65 585 1
65 666 1
65 701 1
65 852 1
65 859 1
65 860 1
66 186 1
66 312 1
66 375 1
66 416 1
66 527 1
66 560 1
66 580 1
66 591 1
66 610 1
66 716 1
67 88 1
67 90 1
67 121 1
67 308 1
67 455 1
67 626 1
67 683 1
67 823 1
67 864 1
67 913 1
68 136 1
68 187 1
68 222 1
68 228 1
68 356 1
68 363 1
68 454 1
68 603 1
68 680 1
68 903 1
68 983 1
69 142 1
69 184 1
69 199 1
69 292 1
69 346 1
69 444 1
69 492 1
69 588 1
69 783 1
69 874 1
70 128 1
70 272 1
70 330 1
70 393 1
70 437 1
70 562 1
70 684 1
70 685 1
70 895 1
70 924 1
71 134 1
71 383 1
71 494 1
71 839 1
71 952 1
72 87 1
72 205 1
72 214 1
72 270 1
72 364 1
72 402 1
72 613 1
72 630 1
72 644 1
72 671 1
72 884 1
72 885 1
72 906 1
72 914 1
72 989 1
72 994 1
73 82 1
73 149 1
73 155 1
73 192 1
73 383 1
73 588 1
73 609 1
73 757 1
73 759 1
73 774 1
73 885 1
73 900 1
73 927 1
74 144 1
74 203 1
74 354 1
74 516 1
74 556 1
74 577 1
74 594 1
74 598 1
74 677 1
74 696 1
74 823 1
74 900 1
75 150 1
75 153 1
75 231 1
75 263 1
75 442 1
75 498 1
75 642 1
75 773 1
75 888 1
75 893 1
75 927 1
75 987 1
76 113 1
76 349 1
76 707 1
76 833 1
76 839 1
76 947 1
77 200 1
77 361 1
77 429 1
77 464 1
77 680 1
77 833 1
77 943 1
78 245 1
78 275 1
78 328 1
78 341 1
78 605 1
78 906 1
79 169 1
79 227 1
79 272 1
79 318 1
79 378 1
79 420 1
79 548 1
79 646 1
79 734 1
79 819 1
79 870 1
80 147 1
80 233 1
80 259 1
80 484 1
80 661 1
80 912 1
80 928 1
81 99 1
81 393 1
81 506 1
81 529 1
81 638 1
81 936 1
82 138 1
82 192 1
82 274 1
82 286 1
82 369 1
82 602 1
82 706 1
82 757 1
82 770 1
82 808 1
83 308 1
83 371 1
83 458 1
83 586 1
83 748 1
83 900 1
83 933 1
83 979 1
84 111 1
84 138 1
84 238 1
84 270 1
84 331 1
84 421 1
84 455 1
84 530 1
84 758 1
84 936 1
84 944 1
84 956 1
84 987 1
85 317 1
85 429 1
85 445 1
85 634 1
85 675 1
85 697 1
85 784 1
85 826 1
85 847 1
85 919 1
86 89 1
86 101 1
86 217 1
86 410 1
86 480 1
86 784 1
86 849 1
86 864 1
86 995 1
87 239 1
87 360 1
87 745 1
87 796 1
87 923 1
87 966 1
88 117 1
88 141 1
88 279 1
88 325 1
88 367 1
88 498 1
88 721 1
88 738 1
88 772 1
88 965 1
88 988 1
89 142 1
89 231 1
89 317 1
89 465 1
89 519 1
89 545 1
89 782 1
89 822 1
89 897 1
89 995 1
90 102 1
90 282 1
90 311 1
90 365 1
90 391 1
90 399 1
90 603 1
90 729 1
90 785 1
90 788 1
90 882 1
91 153 1
91 208 1
91 372 1
91 460 1
91 481 1
91 483 1
91 756 1
91 869 1
91 946 1
91 949 1
92 100 1
92 315 1
92 467 1
92 525 1
92 549 1
92 571 1
92 785 1
92 819 1
92 860 1
92 865 1
92 964 1
93 154 1
93 170 1
93 563 1
93 884 1
93 974 1
94 337 1
94 414 1
94 507 1
94 631 1
94 754 1
94 773 1
94 799 1
94 977 1
95 117 1
95 180 1
95 183 1
95 203 1
95 272 1
95 349 1
95 544 1
95 556 1
95 776 1
96 248 1
96 324 1
96 455 1
96 520 1
96 644 1
96 870 1
96 871 1
97 336 1
97 508 1
97 556 1
97 690 1
97 887 1
98 191 1
98 266 1
98 280 1
98 340 1
98 352 1
98 567 1
98 572 1
98 654 1
98 695 1
98 779 1
98 870 1
98 911 1
98 976 1
98 987 1
99 114 1
99 160 1
99 169 1
99 211 1
99 257 1
99 288 1
99 299 1
99 734 1
99 765 1
99 872 1
100 456 1
100 525 1
100 530 1
100 583 1
100 586 1
100 589 1
100 596 1
100 709 1
100 866 1
100 887 1
100 971 1
101 172 1
101 234 1
101 241 1
101 326 1
101 404 1
101 424 1
101 445 1
101 522 1
101 731 1
101 911 1
101 913 1
101 915 1
101 968 1
102 165 1
102 257 1
102 423 1
102 569 1
102 782 1
102 841 1
102 847 1
102 875 1
102 920 1
102 990 1
103 146 1
103 280 1
103 340 1
103 430 1
103 551 1
103 613 1
103 670 1
103 705 1
103 752 1
103 806 1
103 825 1
103 827 1
104 107 1
104 147 1
104 249 1
104 282 1
104 338 1
104 341 1
104 381 1
104 410 1
104 544 1
104 598 1
104 626 1
104 639 1
104 703 1
104 733 1
104 750 1
104 854 1
104 895 1
104 910 1
105 293 1
105 429 1
105 442 1
105 457 1
105 616 1
105 672 1
105 765 1
105 840 1
106 152 1
106 288 1
106 320 1
106 421 1
106 662 1
106 681 1
106 775 1
106 834 1
106 915 1
106 972 1
107 182 1
107 207 1
107 295 1
107 297 1
107 335 1
107 394 1
107 561 1
107 600 1
107 620 1
107 676 1
107 702 1
107 952 1
108 356 1
108 499 1
108 586 1
108 681 1
108 711 1
108 720 1
108 731 1
108 777 1
109 259 1
109 331 1
109 375 1
109 414 1
109 677 1
109 843 1
109 853 1
109 991 1
110 121 1
110 223 1
110 416 1
110 417 1
110 427 1
110 552 1
110 594 1
110 595 1
110 766 1
111 167 1
111 358 1
111 489 1
111 614 1
111 621 1
111 656 1
111 662 1
111 704 1
111 759 1
111 790 1
111 987 1
112 259 1
112 278 1
112 454 1
112 540 1
112 551 1
112 817 1
112 994 1
113 206 1
113 297 1
113 487 1
113 553 1
113 622 1
113 629 1
113 697 1
113 754 1
113 775 1
113 821 1
113 899 1
113 942 1
113 992 1
114 151 1
114 337 1
114 416 1
114 481 1
114 561 1
114 647 1
114 682 1
114 856 1
114 918 1
114 919 1
114 952 1
115 216 1
115 396 1
115 491 1
115 554 1
115 574 1
115 679 1
115 918 1
115 950 1
116 126 1
116 162 1
116 168 1
116 208 1
116 286 1
116 340 1
116 424 1
116 468 1
116 530 1
116 598 1
116 626 1
116 718 1
116 821 1
117 240 1
117 272 1
117 466 1
117 475 1
117 520 1
117 913 1
117 977 1
117 998 1
118 371 1
118 419 1
118 500 1
118 549 1
118 587 1
118 701 1
118 819 1
118 849 1
119 159 1
119 293 1
119 308 1
119 333 1
119 391 1
119 524 1
119 550 1
119 652 1
119 668 1
119 871 1
119 905 1
119 950 1
120 155 1
120 242 1
120 378 1
120 392 1
120 450 1
120 605 1
120 606 1
120 784 1
120 996 1
121 122 1
121 318 1
121 341 1
121 379 1
121 545 1
121 751 1
121 850 1
121 920 1
122 191 1
122 318 1
122 449 1
122 575 1
122 651 1
122 735 1
122 892 1
123 201 1
123 204 1
123 382 1
123 471 1
123 565 1
123 710 1
123 783 1
123 791 1
123 841 1
123 858 1
123 864 1
123 882 1
123 889 1
123 917 1
124 217 1
124 223 1
124 400 1
124 438 1
124 528 1
124 545 1
124 768 1
124 871 1
124 885 1
125 424 1
125 487 1
125 501 1
125 564 1
125 571 1
125 600 1
125 701 1
125 921 1
126 271 1
126 373 1
126 845 1
126 861 1
126 884 1
126 923 1
126 983 1
127 375 1
127 384 1
127 399 1
127 586 1
127 650 1
127 969 1
127 995 1
128 196 1
128 199 1
128 333 1
128 640 1
128 935 1
129 321 1
129 364 1
129 369 1
129 389 1
129 495 1
129 547 1
129 588 1
129 786 1
129 811 1
130 166 1
130 224 1
130 279 1
130 709 1
130 742 1
130 884 1
130 916 1
131 252 1
131 329 1
131 334 1
131 380 1
131 573 1
131 764 1
131 784 1
131 804 1
131 920 1
132 142 1
132 169 1
132 385 1
132 491 1
132 506 1
132 518 1
132 538 1
132 609 1
132 648 1
132 704 1
132 745 1
132 887 1
133 193 1
133 195 1
133 210 1
133 248 1
133 264 1
133 614 1
133 639 1
133 695 1
133 734 1
133 763 1
133 796 1
133 806 1
133 821 1
133 860 1
133 949 1
134 185 1
134 236 1
134 313 1
134 316 1
134 344 1
134 690 1
134 823 1
134 910 1
134 954 1
135 156 1
135 261 1
135 448 1
135 524 1
135 539 1
135 681 1
135 816 1
135 918 1
136 381 1
136 513 1
136 780 1
136 822 1
136 858 1
136 898 1
136 906 1
136 910 1
137 354 1
137 660 1
137 809 1
137 960 1
138 271 1
138 287 1
138 353 1
138 367 1
138 387 1
138 564 1
138 693 1
138 798 1
138 899 1
138 936 1
139 408 1
139 437 1
140 177 1
140 230 1
140 291 1
140 327 1
140 382 1
140 611 1
140 960 1
141 247 1
141 275 1
141 368 1
141 430 1
141 518 1
141 541 1
141 557 1
141 775 1
141 814 1
141 902 1
141 940 1
141 986 1
142 193 1
142 221 1
142 477 1
142 483 1
142 545 1
142 556 1
142 661 1
142 712 1
142 734 1
143 217 1
143 272 1
143 346 1
143 413 1
143 544 1
143 551 1
143 739 1
143 769 1
143 842 1
143 899 1
143 967 1
143 978 1
144 156 1
144 263 1
144 292 1
144 540 1
144 671 1
144 784 1
145 738 1
145 883 1
146 203 1
146 223 1
146 355 1
146 420 1
146 717 1
146 986 1
147 265 1
147 529 1
147 772 1
147 783 1
147 822 1
147 857 1
147 917 1
147 992 1
148 161 1
148 169 1
148 425 1
148 628 1
148 841 1
148 947 1
149 163 1
149 184 1
149 244 1
149 388 1
149 441 1
149 598 1
149 854 1
149 868 1
150 348 1
151 174 1
151 599 1
151 695 1
151 994 1
152 215 1
152 223 1
152 246 1
152 267 1
152 389 1
152 397 1
152 451 1
152 513 1
152 572 1
152 613 1
152 646 1
152 694 1
152 885 1
152 922 1
153 193 1
153 228 1
153 265 1
153 445 1
153 531 1
153 554 1
153 706 1
153 726 1
153 824 1
153 829 1
153 837 1
154 189 1
154 274 1
154 352 1
154 387 1
154 431 1
154 463 1
154 592 1
154 645 1
154 660 1
154 741 1
154 818 1
155 262 1
155 580 1
155 609 1
155 629 1
155 652 1
155 687 1
155 691 1
155 949 1
155 961 1
156 269 1
156 334 1
156 349 1
156 399 1
156 440 1
156 492 1
156 604 1
156 610 1
156 696 1
157 164 1
157 319 1
157 355 1
157 433 1
157 613 1
157 617 1
157 774 1
157 975 1
157 978 1
158 365 1
158 513 1
158 610 1
158 920 1
158 962 1
158 983 1
159 239 1
159 259 1
159 343 1
159 399 1
159 420 1
159 726 1
159 788 1
159 833 1
159 962 1
160 209 1
160 485 1
160 710 1
160 989 1
161 185 1
161 321 1
161 346 1
161 352 1
161 405 1
161 448 1
161 515 1
161 516 1
161 788 1
161 898 1
161 964 1
162 248 1
162 272 1
162 273 1
162 545 1
162 685 1
162 769 1
162 858 1
162 924 1
162 939 1
162 941 1
163 412 1
163 617 1
163 777 1
163 785 1
163 796 1
163 818 1
163 826 1
164 526 1
164 688 1
164 718 1
164 779 1
164 916 1
164 971 1
165 174 1
165 189 1
165 245 1
165 463 1
165 524 1
165 555 1
165 714 1
165 715 1
165 870 1
165 943 1
166 295 1
166 332 1
166 962 1
167 621 1
167 658 1
167 702 1
167 793 1
167 943 1
168 211 1
168 275 1
168 381 1
168 914 1
168 921 1
169 296 1
169 666 1
169 683 1
169 690 1
169 703 1
169 708 1
169 767 1
169 790 1
169 960 1
170 497 1
170 514 1
170 663 1
170 829 1
171 185 1
171 287 1
171 426 1
171 478 1
171 690 1
171 831 1
171 875 1
171 917 1
172 290 1
172 697 1
172 891 1
172 989 1
173 242 1
173 254 1
173 526 1
173 532 1
173 877 1
173 924 1
173 945 1
174 205 1
174 264 1
174 278 1
174 292 1
174 331 1
174 347 1
174 360 1
174 746 1
174 962 1
175 200 1
175 238 1
175 262 1
175 452 1
175 640 1
175 648 1
175 717 1
175 815 1
175 940 1
176 754 1
176 772 1
176 881 1
176 900 1
177 266 1
177 413 1
177 414 1
177 433 1
177 454 1
177 497 1
177 669 1
177 746 1
177 839 1
178 236 1
178 239 1
178 258 1
178 325 1
178 342 1
178 385 1
178 573 1
178 739 1
178 831 1
178 868 1
178 896 1
178 934 1
179 302 1
179 346 1
179 399 1
179 421 1
179 442 1
179 545 1
179 582 1
179 651 1
179 707 1
179 798 1
180 361 1
180 577 1
180 614 1
180 643 1
180 887 1
181 231 1
181 312 1
181 578 1
181 682 1
181 715 1
181 927 1
181 940 1
181 947 1
182 260 1
182 304 1
182 316 1
182 317 1
182 444 1
182 470 1
182 587 1
182 673 1
182 863 1
182 943 1
182 960 1
182 979 1
183 441 1
183 633 1
183 753 1
183 800 1
183 821 1
183 852 1
184 235 1
184 253 1
184 374 1
184 461 1
184 591 1
184 719 1
184 860 1
184 938 1
185 207 1
185 319 1
185 366 1
185 545 1
185 702 1
185 719 1
185 767 1
185 837 1
185 988 1
186 190 1
186 244 1
186 262 1
186 342 1
186 448 1
186 465 1
186 968 1
187 206 1
187 243 1
187 278 1
187 368 1
187 371 1
187 447 1
187 506 1
187 745 1
187 782 1
188 228 1
188 258 1
188 288 1
188 695 1
188 749 1
188 798 1
188 828 1
188 858 1
188 867 1
188 885 1
188 979 1
189 322 1
189 381 1
189 512 1
189 517 1
189 628 1
189 655 1
189 656 1
189 680 1
189 686 1
189 744 1
189 788 1
189 927 1
190 234 1
190 291 1
190 300 1
190 370 1
190 460 1
190 617 1
190 629 1
190 814 1
190 837 1
190 872 1
191 298 1
191 303 1
191 317 1
191 325 1
191 631 1
191 892 1
191 923 1
191 982 1
192 328 1
192 374 1
192 573 1
192 776 1
192 778 1
192 845 1
192 922 1
192 953 1
193 323 1
193 397 1
193 451 1
193 508 1
193 629 1
193 894 1
194 253 1
194 355 1
194 542 1
194 585 1
194 821 1
194 879 1
195 366 1
195 583 1
195 604 1
195 646 1
195 675 1
195 892 1
196 394 1
196 423 1
196 495 1
196 520 1
196 538 1
196 637 1
196 781 1
196 793 1
196 843 1
197 246 1
197 259 1
197 303 1
197 426 1
198 246 1
198 352 1
198 378 1
198 563 1
198 613 1
198 677 1
198 896 1
198 923 1
198 1000 1
199 424 1
199 473 1
199 504 1
199 658 1
199 769 1
199 787 1
199 864 1
200 283 1
200 349 1
200 434 1
200 504 1
200 585 1
200 638 1
200 665 1
200 723 1
200 744 1
200 969 1
200 979 1
201 430 1
201 531 1
201 606 1
201 610 1
201 762 1
201 763 1
201 849 1
202 203 1
202 224 1
202 330 1
202 440 1
203 238 1
203 496 1
203 595 1
203 650 1
203 656 1
203 763 1
203 839 1
203 903 1
203 983 1
204 321 1
204 326 1
204 489 1
204 533 1
204 562 1
204 612 1
204 658 1
204 687 1
204 797 1
204 858 1
204 911 1
205 357 1
205 468 1
205 484 1
205 576 1
205 590 1
205 645 1
206 280 1
206 340 1
206 379 1
206 484 1
206 495 1
206 673 1
206 783 1
206 973 1
207 267 1
207 501 1
207 534 1
207 639 1
207 698 1
207 726 1
207 966 1
208 228 1
208 287 1
208 374 1
208 462 1
208 586 1
208 618 1
208 701 1
208 743 1
209 313 1
209 341 1
209 435 1
209 482 1
209 591 1
209 596 1
209 677 1
209 712 1
209 798 1
209 803 1
209 822 1
209 911 1
210 486 1
210 535 1
210 544 1
210 743 1
210 761 1
210 789 1
210 852 1
210 883 1
210 889 1
210 909 1
210 952 1
211 261 1
211 744 1
211 883 1
211 975 1
212 267 1
212 411 1
212 424 1
212 583 1
212 680 1
212 712 1
212 761 1
212 920 1
212 940 1
212 985 1
212 1000 1
213 309 1
213 413 1
213 487 1
213 524 1
213 850 1
213 947 1
213 986 1
214 317 1
214 438 1
214 444 1
214 497 1
214 562 1
214 689 1
214 853 1
215 220 1
215 227 1
215 284 1
215 630 1
215 843 1
215 847 1
215 950 1
216 241 1
216 288 1
216 447 1
216 480 1
216 518 1
216 580 1
216 932 1
217 251 1
217 274 1
217 283 1
217 333 1
217 448 1
217 468 1
217 474 1
217 511 1
217 625 1
217 734 1
217 742 1
217 906 1
218 336 1
218 420 1
218 479 1
218 545 1
218 564 1
218 733 1
218 928 1
218 987 1
219 314 1
219 318 1
219 369 1
219 725 1
220 273 1
220 410 1
220 488 1
220 538 1
220 554 1
220 598 1
220 679 1
220 743 1
220 779 1
220 961 1
220 986 1
221 237 1
221 385 1
221 412 1
221 477 1
221 483 1
221 597 1
221 845 1
221 888 1
222 325 1
222 332 1
222 370 1
222 573 1
222 717 1
222 974 1
222 1000 1
223 414 1
223 451 1
223 578 1
223 686 1
223 713 1
223 893 1
223 970 1
224 339 1
224 462 1
224 498 1
224 653 1
224 676 1
225 307 1
225 425 1
225 474 1
225 605 1
225 839 1
225 879 1
226 280 1
226 345 1
226 379 1
226 489 1
226 707 1
226 759 1
226 917 1
227 352 1
227 400 1
227 723 1
227 747 1
227 782 1
227 884 1
227 984 1
227 993 1
228 403 1
228 579 1
228 704 1
228 733 1
228 764 1
229 233 1
229 403 1
229 415 1
229 531 1
229 605 1
229 910 1
230 504 1
230 549 1
230 585 1
230 685 1
230 854 1
231 467 1
231 600 1
231 737 1
231 757 1
231 764 1
231 830 1
232 244 1
232 354 1
232 362 1
232 384 1
232 394 1
232 402 1
232 464 1
232 578 1
232 595 1
232 667 1
232 679 1
232 710 1
232 831 1
232 909 1
233 329 1
233 336 1
233 341 1
233 388 1
233 528 1
233 962 1
233 973 1
234 246 1
234 489 1
234 705 1
234 889 1
235 251 1
235 289 1
235 346 1
235 373 1
235 381 1
235 638 1
235 779 1
235 984 1
236 280 1
236 315 1
236 427 1
236 436 1
236 447 1
236 601 1
236 668 1
236 960 1
237 260 1
237 293 1
237 553 1
237 580 1
237 640 1
237 740 1
237 819 1
237 866 1
237 897 1
237 943 1
238 303 1
238 418 1
238 508 1
238 746 1
238 958 1
239 273 1
239 297 1
239 307 1
239 519 1
239 526 1
239 539 1
239 767 1
239 910 1
239 988 1
240 353 1
240 687 1
240 722 1
240 740 1
240 801 1
240 804 1
240 809 1
240 823 1
240 828 1
240 916 1
240 952 1
240 962 1
241 276 1
241 424 1
241 552 1
241 621 1
241 819 1
241 866 1
242 361 1
242 587 1
242 643 1
242 650 1
242 670 1
242 903 1
242 936 1
242 986 1
243 426 1
243 487 1
243 553 1
243 679 1
243 693 1
243 699 1
243 733 1
243 937 1
244 304 1
244 322 1
244 500 1
244 521 1
244 539 1
244 590 1
244 917 1
244 980 1
245 324 1
245 335 1
245 388 1
245 637 1
245 643 1
245 657 1
245 667 1
245 688 1
245 690 1
246 292 1
246 365 1
246 426 1
246 591 1
246 597 1
246 608 1
246 879 1
246 881 1
246 893 1
247 328 1
247 441 1
247 584 1
247 615 1
247 818 1
247 822 1
247 831 1
248 260 1
248 322 1
248 368 1
248 509 1
248 612 1
248 641 1
248 679 1
248 685 1
248 776 1
249 250 1
249 323 1
249 324 1
249 358 1
249 591 1
249 681 1
249 849 1
249 948 1
249 997 1
250 310 1
250 413 1
250 550 1
250 787 1
250 928 1
250 938 1
250 982 1
251 267 1
251 390 1
251 428 1
251 597 1
251 661 1
251 677 1
251 701 1
251 726 1
251 737 1
251 810 1
251 825 1
251 886 1
251 924 1
252 695 1
252 773 1
252 907 1
252 943 1
253 350 1
253 444 1
253 733 1
253 845 1
253 909 1
253 992 1
254 268 1
254 286 1
254 372 1
254 505 1
254 771 1
254 864 1
254 891 1
254 949 1
255 257 1
255 322 1
255 400 1
255 415 1
255 425 1
255 488 1
255 610 1
255 674 1
255 830 1
255 1000 1
256 259 1
256 269 1
256 472 1
256 681 1
256 745 1
256 787 1
256 795 1
256 812 1
256 912 1
256 929 1
257 258 1
257 273 1
257 506 1
257 580 1
257 613 1
257 670 1
257 719 1
257 768 1
257 803 1
257 807 1
257 900 1
258 313 1
258 542 1
258 545 1
258 581 1
258 646 1
258 712 1
258 730 1
258 755 1
259 282 1
259 374 1
259 391 1
259 395 1
259 440 1
259 626 1
259 637 1
259 680 1
259 931 1
260 322 1
260 419 1
260 569 1
260 588 1
260 648 1
260 736 1
260 851 1
260 861 1
260 886 1
260 904 1
261 537 1
261 700 1
261 976 1
262 323 1
262 332 1
262 387 1
262 473 1
262 503 1
262 570 1
262 706 1
262 871 1
262 894 1
262 969 1
262 980 1
262 990 1
263 279 1
263 358 1
263 430 1
263 515 1
263 573 1
264 311 1
264 323 1
264 445 1
264 552 1
264 604 1
264 609 1
264 801 1
264 845 1
264 903 1
265 395 1
265 446 1
265 484 1
265 514 1
265 526 1
265 806 1
265 857 1
266 354 1
266 429 1
266 435 1
266 742 1
266 974 1
267 316 1
267 554 1
267 725 1
267 859 1
267 967 1
268 282 1
268 411 1
268 433 1
268 458 1
268 509 1
268 551 1
268 681 1
268 683 1
268 924 1
268 965 1
268 981 1
269 321 1
269 387 1
269 425 1
269 433 1
269 527 1
269 778 1
269 890 1
269 892 1
269 901 1
269 982 1
269 992 1
270 457 1
270 516 1
270 591 1
270 632 1
270 664 1
270 740 1
271 453 1
271 543 1
271 856 1
271 873 1
271 960 1
272 359 1
272 363 1
272 367 1
272 572 1
272 734 1
272 736 1
272 815 1
272 817 1
273 298 1
273 309 1
273 343 1
273 371 1
273 396 1
273 541 1
273 555 1
273 624 1
273 908 1
274 353 1
274 470 1
274 590 1
274 600 1
274 793 1
274 800 1
274 901 1
274 942 1
275 334 1
275 367 1
275 403 1
275 435 1
275 474 1
275 500 1
275 537 1
275 549 1
275 743 1
275 922 1
275 943 1
276 283 1
276 376 1
276 435 1
276 540 1
276 588 1
276 777 1
276 809 1
276 958 1
277 283 1
277 302 1
277 384 1
277 430 1
277 473 1
277 668 1
278 364 1
278 551 1
278 557 1
278 558 1
278 815 1
278 900 1
279 409 1
279 459 1
279 655 1
279 657 1
279 694 1
279 732 1
279 783 1
279 827 1
279 889 1
279 972 1
280 468 1
280 515 1
280 608 1
280 625 1
280 841 1
280 944 1
281 312 1
281 357 1
281 418 1
281 443 1
281 510 1
281 517 1
281 573 1
281 582 1
281 759 1
281 765 1
281 912 1
281 926 1
282 388 1
282 749 1
282 829 1
282 881 1
282 893 1
283 305 1
283 322 1
283 328 1
283 334 1
283 339 1
283 390 1
283 417 1
283 489 1
283 511 1
283 935 1
284 337 1
284 429 1
284 445 1
284 502 1
284 539 1
284 732 1
284 759 1
284 768 1
284 805 1
285 619 1
285 624 1
285 661 1
285 969 1
286 336 1
286 370 1
286 602 1
286 614 1
286 656 1
286 734 1
286 785 1
286 945 1
286 951 1
287 450 1
287 521 1
287 564 1
287 782 1
288 324 1
288 374 1
288 445 1
288 489 1
288 516 1
288 606 1
288 875 1
289 294 1
289 380 1
289 459 1
289 960 1
289 963 1
289 964 1
289 986 1
290 331 1
290 484 1
290 559 1
290 771 1
290 849 1
291 311 1
291 387 1
291 403 1
291 509 1
291 568 1
291 711 1
291 782 1
292 307 1
292 319 1
292 408 1
292 606 1
292 838 1
292 906 1
293 354 1
293 364 1
293 578 1
293 579 1
293 600 1
293 706 1
293 772 1
293 810 1
293 951 1
293 989 1
294 308 1
294 309 1
294 398 1
294 551 1
294 563 1
294 593 1
294 617 1
294 732 1
295 306 1
295 319 1
295 517 1
295 620 1
295 636 1
295 654 1
295 765 1
296 354 1
296 532 1
296 637 1
296 700 1
296 737 1
296 753 1
296 754 1
296 770 1
296 836 1
296 858 1
296 870 1
296 905 1
296 925 1
297 548 1
297 604 1
297 623 1
297 809 1
297 961 1
298 401 1
298 546 1
298 681 1
298 741 1
298 930 1
298 952 1
298 955 1
299 309 1
299 322 1
299 401 1
299 403 1
299 641 1
299 803 1
299 959 1
299 974 1
300 394 1
300 407 1
300 434 1
300 503 1
300 631 1
300 650 1
300 680 1
300 708 1
300 832 1
300 973 1
300 991 1
301 429 1
301 436 1
301 594 1
301 610 1
301 907 1
302 336 1
302 508 1
302 838 1
302 917 1
302 983 1
303 307 1
303 446 1
303 474 1
303 644 1
303 837 1
303 872 1
304 337 1
304 398 1
304 468 1
304 949 1
304 953 1
305 365 1
305 380 1
305 404 1
305 409 1
305 577 1
305 754 1
305 882 1
306 316 1
306 472 1
306 603 1
306 642 1
306 672 1
306 715 1
306 945 1
307 366 1
307 387 1
307 506 1
307 524 1
307 704 1
307 740 1
307 746 1
307 942 1
308 356 1
308 389 1
308 536 1
308 580 1
308 588 1
308 667 1
308 990 1
309 530 1
309 578 1
309 630 1
309 665 1
309 673 1
309 700 1
309 737 1
309 775 1
309 982 1
310 320 1
310 366 1
310 700 1
310 718 1
310 736 1
310 811 1
310 825 1
310 899 1
310 900 1
311 380 1
311 627 1
311 644 1
311 765 1
311 768 1
311 772 1
311 800 1
311 919 1
311 947 1
311 949 1
312 367 1
312 470 1
312 547 1
312 977 1
313 390 1
313 456 1
313 480 1
313 528 1
313 549 1
313 640 1
313 682 1
313 691 1
313 709 1
313 928 1
314 357 1
314 374 1
314 442 1
314 476 1
314 520 1
314 563 1
314 565 1
314 763 1
314 850 1
314 944 1
315 453 1
315 565 1
315 593 1
315 597 1
315 710 1
315 876 1
315 993 1
316 517 1
316 519 1
316 619 1
316 908 1
316 917 1
317 320 1
317 796 1
317 803 1
317 884 1
317 887 1
317 977 1
317 998 1
317 1000 1
318 475 1
318 483 1
318 524 1
318 680 1
318 742 1
318 842 1
318 854 1
318 943 1
318 945 1
318 948 1
318 988 1
319 527 1
319 561 1
319 578 1
319 583 1
319 711 1
319 830 1
320 429 1
320 520 1
320 633 1
320 651 1
320 667 1
321 400 1
321 559 1
321 647 1
321 791 1
321 967 1
322 391 1
322 440 1
322 797 1
322 922 1
323 384 1
323 391 1
323 511 1
323 549 1
323 639 1
323 832 1
323 906 1
323 962 1
323 965 1
324 350 1
324 361 1
324 451 1
324 485 1
324 623 1
324 694 1
324 703 1
324 733 1
324 850 1
324 862 1
325 351 1
325 404 1
325 569 1
325 582 1
325 626 1
325 683 1
325 772 1
325 825 1
325 965 1
326 417 1
326 515 1
326 663 1
326 842 1
326 983 1
326 998 1
327 337 1
327 348 1
327 353 1
327 384 1
327 438 1
327 454 1
327 467 1
327 604 1
327 620 1
327 644 1
327 968 1
327 983 1
328 483 1
328 645 1
328 693 1
328 771 1
328 990 1
329 334 1
329 610 1
329 640 1
329 733 1
329 969 1
330 362 1
330 387 1
330 388 1
330 760 1
330 811 1
330 865 1
331 456 1
331 581 1
331 610 1
331 641 1
331 689 1
331 700 1
331 751 1
331 789 1
331 828 1
331 891 1
332 402 1
332 776 1
332 779 1
332 903 1
333 402 1
333 478 1
333 514 1
333 575 1
333 691 1
333 779 1
333 843 1
334 543 1
334 557 1
334 594 1
334 690 1
335 443 1
335 619 1
335 654 1
335 707 1
335 822 1
335 926 1
335 966 1
336 370 1
336 376 1
336 757 1
336 834 1
336 881 1
336 907 1
336 920 1
337 469 1
337 580 1
337 590 1
337 593 1
337 719 1
337 832 1
337 949 1
338 514 1
338 559 1
338 590 1
338 673 1
338 741 1
338 759 1
338 806 1
338 862 1
338 871 1
338 877 1
338 903 1
338 994 1
339 422 1
339 530 1
339 579 1
339 634 1
339 636 1
339 823 1
339 996 1
340 347 1
340 418 1
340 429 1
340 445 1
340 515 1
340 529 1
340 558 1
340 613 1
340 678 1
340 770 1
340 969 1
341 472 1
341 566 1
341 715 1
341 864 1
341 897 1
341 954 1
342 496 1
342 584 1
342 590 1
342 611 1
342 679 1
342 847 1
342 870 1
342 966 1
343 367 1
343 373 1
343 737 1
343 793 1
343 970 1
344 516 1
344 559 1
344 599 1
344 680 1
344 743 1
344 764 1
345 430 1
345 500 1
345 598 1
345 810 1
345 827 1
345 968 1
346 779 1
346 878 1
346 918 1
347 567 1
347 631 1
347 757 1
347 905 1
347 997 1
348 396 1
348 405 1
348 486 1
348 510 1
348 617 1
348 695 1
348 840 1
348 882 1
349 442 1
349 596 1
349 610 1
349 755 1
349 795 1
349 933 1
349 959 1
350 396 1
350 411 1
350 647 1
350 742 1
350 781 1
350 829 1
351 367 1
351 602 1
351 603 1
351 631 1
351 655 1
351 722 1
351 733 1
351 874 1
352 407 1
352 429 1
352 446 1
352 526 1
352 648 1
352 673 1
352 684 1
352 718 1
352 806 1
352 830 1
353 512 1
353 605 1
353 896 1
353 955 1
354 665 1
354 1000 1
355 489 1
355 576 1
355 651 1
355 709 1
355 725 1
355 954 1
356 370 1
356 588 1
356 615 1
356 623 1
356 682 1
356 762 1
356 770 1
356 830 1
356 906 1
356 933 1
356 981 1
357 439 1
357 444 1
357 451 1
357 527 1
357 542 1
357 678 1
357 719 1
357 744 1
357 790 1
357 797 1
358 683 1
358 689 1
358 757 1
358 784 1
358 910 1
358 960 1
359 415 1
359 458 1
359 468 1
359 498 1
359 522 1
359 827 1
359 861 1
359 962 1
360 440 1
360 446 1
360 611 1
360 621 1
360 645 1
360 770 1
360 829 1
360 899 1
360 993 1
360 999 1
361 425 1
361 513 1
361 567 1
361 626 1
361 739 1
361 798 1
361 808 1
362 414 1
362 448 1
362 617 1
362 697 1
362 743 1
362 761 1
362 766 1
362 896 1
362 998 1
363 422 1
363 443 1
363 492 1
363 518 1
363 727 1
363 779 1
363 807 1
363 954 1
363 956 1
364 365 1
364 366 1
364 401 1
364 427 1
364 537 1
364 775 1
364 797 1
364 857 1
364 995 1
365 626 1
365 763 1
365 794 1
366 414 1
366 485 1
366 527 1
366 529 1
366 549 1
366 564 1
366 578 1
366 788 1
366 897 1
366 938 1
366 962 1
366 978 1
367 383 1
367 463 1
367 497 1
368 491 1
368 618 1
368 619 1
368 687 1
368 689 1
368 910 1
369 408 1
369 543 1
369 597 1
369 598 1
369 724 1
369 783 1
370 530 1
370 570 1
370 699 1
370 720 1
370 745 1
370 844 1
370 874 1
370 908 1
370 920 1
371 597 1
371 638 1
371 680 1
371 712 1
371 874 1
371 878 1
371 926 1
371 936 1
372 409 1
372 432 1
372 455 1
372 523 1
372 532 1
372 655 1
372 683 1
372 697 1
372 763 1
372 884 1
372 918 1
372 988 1
373 457 1
373 706 1
373 888 1
374 502 1
374 553 1
374 594 1
374 633 1
374 641 1
374 671 1
374 909 1
374 911 1
374 996 1
375 411 1
375 454 1
375 506 1
375 883 1
375 946 1
376 493 1
376 702 1
376 705 1
376 792 1
376 849 1
376 895 1
376 929 1
376 963 1
377 518 1
377 550 1
377 557 1
377 774 1
377 828 1
377 832 1
377 885 1
377 899 1
377 916 1
378 408 1
378 482 1
378 709 1
378 805 1
378 911 1
378 934 1
379 395 1
379 453 1
379 559 1
379 595 1
379 611 1
379 636 1
379 646 1
379 658 1
379 662 1
379 745 1
379 779 1
379 955 1
380 545 1
380 546 1
380 718 1
380 768 1
380 788 1
381 383 1
381 457 1
381 841 1
381 929 1
381 990 1
382 477 1
382 514 1
382 611 1
382 623 1
382 686 1
382 691 1
382 748 1
383 516 1
383 528 1
383 607 1
383 891 1
383 956 1
384 397 1
384 537 1
384 538 1
384 545 1
384 582 1
384 800 1
384 959 1
385 569 1
385 787 1
385 866 1
386 460 1
386 529 1
386 554 1
386 618 1
386 745 1
386 837 1
386 880 1
387 570 1
387 884 1
387 929 1
387 996 1
388 502 1
388 554 1
388 568 1
388 665 1
388 667 1
388 671 1
388 707 1
388 825 1
388 884 1
389 504 1
389 541 1
389 583 1
389 589 1
389 637 1
389 778 1
390 396 1
390 699 1
390 710 1
390 809 1
390 828 1
390 884 1
390 889 1
390 918 1
390 939 1
390 941 1
390 953 1
391 437 1
391 527 1
391 590 1
391 683 1
391 684 1
391 693 1
391 796 1
391 917 1
391 940 1
392 394 1
392 473 1
392 483 1
393 855 1
394 444 1
394 450 1
394 841 1
395 558 1
395 668 1
395 786 1
395 910 1
395 915 1
395 952 1
396 513 1
396 562 1
396 645 1
396 701 1
396 702 1
396 851 1
396 863 1
396 985 1
397 492 1
397 627 1
397 725 1
397 868 1
398 470 1
398 483 1
398 527 1
398 791 1
399 444 1
399 465 1
399 492 1
399 724 1
399 727 1
399 859 1
399 861 1
399 907 1
399 971 1
400 413 1
400 428 1
400 489 1
400 578 1
400 595 1
400 726 1
400 767 1
400 912 1
401 891 1
402 856 1
402 946 1
403 520 1
403 691 1
403 805 1
403 992 1
403 996 1
404 413 1
404 598 1
404 719 1
405 441 1
405 831 1
405 846 1
405 995 1
406 435 1
406 468 1
406 489 1
406 563 1
406 622 1
406 705 1
406 734 1
407 437 1
407 605 1
407 644 1
407 665 1
407 670 1
407 689 1
407 711 1
407 794 1
407 888 1
407 952 1
407 959 1
408 423 1
408 502 1
408 536 1
408 537 1
408 566 1
408 699 1
408 703 1
408 719 1
408 749 1
408 865 1
408 888 1
408 942 1
408 981 1
409 424 1
409 455 1
409 495 1
409 687 1
409 787 1
409 978 1
409 989 1
409 990 1
410 461 1
410 491 1
410 541 1
410 552 1
410 660 1
410 703 1
410 901 1
411 427 1
411 473 1
411 510 1
411 616 1
411 746 1
411 755 1
411 915 1
412 457 1
412 599 1
412 637 1
412 644 1
412 676 1
412 708 1
412 822 1
412 977 1
413 898 1
413 925 1
413 953 1
413 999 1
414 453 1
414 604 1
414 609 1
414 615 1
414 764 1
415 421 1
415 427 1
415 467 1
415 879 1
416 569 1
416 575 1
416 698 1
416 925 1
417 733 1
417 768 1
417 805 1
417 827 1
417 874 1
418 522 1
418 573 1
418 621 1
418 675 1
418 747 1
418 809 1
418 915 1
418 927 1
419 569 1
419 606 1
419 835 1
419 893 1
420 492 1
420 643 1
420 704 1
420 785 1
420 912 1
421 431 1
421 466 1
421 547 1
421 678 1
421 721 1
421 819 1
422 453 1
422 509 1
422 563 1
422 637 1
422 751 1
422 764 1
422 772 1
422 784 1
423 426 1
423 765 1
424 459 1
424 651 1
424 706 1
424 782 1
424 928 1
424 982 1
425 661 1
425 698 1
425 773 1
425 811 1
426 457 1
426 522 1
426 611 1
426 723 1
426 808 1
426 883 1
427 678 1
427 848 1
427 860 1
427 875 1
427 968 1
428 438 1
428 675 1
428 767 1
428 824 1
428 831 1
428 836 1
428 870 1
428 880 1
429 480 1
429 500 1
429 588 1
429 711 1
429 721 1
429 731 1
430 900 1
431 479 1
432 558 1
432 581 1
432 957 1
433 584 1
433 625 1
433 758 1
433 771 1
433 779 1
434 540 1
434 644 1
434 701 1
434 827 1
434 908 1
434 962 1
435 488 1
435 529 1
435 531 1
435 575 1
435 709 1
435 741 1
435 817 1
435 842 1
435 952 1
436 664 1
436 789 1
436 824 1
436 848 1
436 954 1
437 466 1
437 569 1
437 593 1
437 696 1
438 477 1
438 836 1
438 918 1
439 449 1
439 596 1
439 613 1
439 638 1
439 689 1
439 941 1
439 958 1
439 963 1
440 571 1
440 574 1
440 622 1
440 668 1
440 832 1
440 845 1
441 462 1
441 534 1
441 621 1
441 710 1
441 713 1
441 716 1
441 764 1
441 836 1
441 954 1
441 965 1
442 499 1
442 695 1
442 761 1
442 815 1
442 978 1
443 516 1
443 645 1
443 797 1
443 856 1
443 911 1
443 991 1
444 452 1
444 468 1
444 724 1
444 777 1
444 916 1
445 478 1
445 577 1
445 625 1
445 686 1
445 754 1
445 765 1
446 528 1
446 530 1
446 644 1
446 696 1
446 699 1
446 771 1
446 776 1
446 884 1
446 975 1
447 486 1
447 497 1
447 550 1
447 592 1
447 659 1
447 693 1
447 715 1
447 744 1
447 793 1
447 876 1
447 941 1
447 978 1
447 981 1
448 481 1
448 629 1
448 904 1
448 907 1
448 944 1
449 781 1
449 864 1
449 889 1
449 920 1
449 957 1
450 604 1
450 872 1
450 874 1
451 572 1
451 802 1
451 803 1
451 884 1
451 917 1
451 960 1
451 977 1
452 507 1
452 559 1
452 607 1
452 845 1
452 871 1
452 910 1
452 971 1
453 510 1
453 579 1
453 601 1
453 762 1
453 823 1
453 844 1
453 856 1
454 552 1
454 654 1
454 751 1
454 785 1
454 873 1
454 886 1
455 593 1
455 614 1
455 682 1
455 770 1
455 932 1
456 720 1
456 785 1
456 947 1
456 1000 1
457 712 1
457 920 1
457 986 1
458 481 1
458 598 1
458 929 1
458 997 1
459 464 1
459 481 1
459 580 1
459 664 1
459 774 1
459 802 1
459 858 1
459 989 1
459 999 1
460 468 1
460 663 1
460 839 1
460 883 1
460 915 1
460 967 1
461 468 1
461 551 1
461 591 1
461 618 1
461 709 1
462 716 1
462 779 1
463 470 1
463 632 1
463 735 1
463 906 1
464 499 1
464 579 1
464 866 1
464 883 1
464 925 1
464 989 1
465 474 1
465 508 1
465 546 1
465 563 1
465 574 1
465 597 1
465 658 1
465 663 1
465 790 1
465 796 1
465 834 1
465 855 1
465 891 1
465 918 1
466 476 1
466 570 1
466 584 1
466 627 1
466 668 1
466 873 1
467 585 1
467 689 1
467 754 1
467 822 1
467 999 1
468 490 1
468 605 1
468 628 1
468 691 1
468 904 1
469 633 1
469 771 1
469 780 1
469 893 1
469 930 1
469 960 1
470 586 1
470 597 1
470 639 1
470 716 1
470 848 1
470 925 1
471 519 1
471 575 1
471 728 1
473 524 1
473 563 1
473 585 1
473 604 1
473 612 1
473 894 1
473 997 1
474 579 1
474 599 1
474 813 1
474 931 1
475 716 1
475 760 1
475 848 1
475 857 1
475 961 1
476 705 1
476 825 1
476 948 1
477 519 1
477 556 1
477 612 1
477 667 1
477 684 1
477 850 1
477 857 1
477 890 1
477 893 1
477 941 1
478 521 1
478 597 1
478 644 1
478 788 1
478 851 1
479 545 1
479 549 1
479 557 1
479 612 1
479 620 1
479 655 1
479 813 1
479 977 1
480 481 1
480 522 1
480 603 1
480 697 1
480 749 1
480 813 1
480 821 1
481 485 1
481 683 1
481 707 1
481 791 1
482 510 1
482 562 1
482 657 1
482 775 1
482 819 1
482 863 1
483 792 1
483 926 1
484 563 1
484 613 1
484 710 1
484 787 1
484 911 1
485 652 1
485 686 1
485 777 1
485 862 1
485 896 1
486 510 1
486 659 1
486 665 1
486 936 1
487 504 1
487 510 1
487 621 1
487 689 1
487 785 1
487 830 1
487 952 1
488 519 1
488 890 1
489 661 1
489 705 1
489 749 1
489 769 1
489 820 1
490 597 1
490 616 1
490 999 1
491 539 1
491 634 1
491 713 1
491 823 1
491 920 1
491 972 1
492 647 1
492 878 1
493 796 1
493 888 1
494 616 1
494 618 1
494 669 1
494 942 1
494 976 1
494 999 1
495 874 1
496 718 1
496 949 1
496 953 1
497 507 1
497 508 1
497 513 1
497 545 1
497 665 1
497 754 1
497 787 1
497 885 1
498 539 1
498 661 1
498 744 1
498 768 1
498 853 1
499 540 1
499 604 1
499 716 1
499 817 1
499 855 1
499 964 1
500 692 1
500 935 1
500 967 1
501 575 1
501 863 1
502 689 1
502 697 1
502 778 1
502 794 1
502 843 1
502 932 1
502 991 1
503 585 1
503 599 1
503 856 1
503 994 1
504 586 1
504 632 1
504 793 1
504 820 1
504 848 1
504 926 1
505 521 1
505 582 1
505 600 1
505 622 1
505 668 1
505 694 1
505 749 1
505 774 1
505 822 1
505 981 1
505 997 1
506 849 1
507 617 1
507 690 1
507 732 1
507 772 1
507 906 1
507 908 1
508 561 1
508 581 1
508 680 1
508 685 1
508 718 1
508 924 1
509 533 1
509 679 1
509 746 1
509 771 1
509 831 1
509 858 1
509 860 1
509 901 1
509 943 1
510 571 1
510 648 1
510 681 1
510 757 1
510 836 1
510 849 1
510 971 1
511 526 1
511 598 1
511 608 1
511 869 1
511 881 1
512 600 1
512 817 1
512 884 1
512 966 1
513 531 1
513 691 1
513 715 1
513 719 1
513 747 1
513 854 1
513 863 1
513 946 1
514 597 1
514 647 1
514 883 1
515 564 1
515 823 1
516 608 1
516 667 1
516 784 1
517 719 1
517 780 1
517 902 1
517 904 1
518 525 1
518 546 1
518 922 1
518 925 1
518 953 1
518 956 1
519 690 1
519 842 1
519 993 1
520 541 1
520 545 1
520 678 1
520 943 1
521 729 1
522 627 1
522 918 1
522 953 1
523 536 1
523 537 1
523 587 1
523 607 1
523 649 1
523 682 1
523 719 1
523 748 1
523 789 1
524 589 1
524 731 1
524 804 1
524 997 1
525 758 1
526 653 1
526 690 1
526 775 1
526 824 1
526 857 1
526 872 1
527 576 1
527 782 1
528 568 1
528 688 1
528 717 1
528 722 1
528 833 1
528 991 1
529 601 1
529 933 1
529 979 1
529 986 1
530 731 1
530 806 1
530 814 1
530 853 1
530 921 1
531 584 1
531 674 1
531 721 1
531 902 1
532 607 1
532 697 1
532 738 1
532 797 1
532 924 1
533 616 1
533 652 1
533 738 1
533 790 1
533 869 1
533 900 1
534 538 1
534 620 1
534 660 1
534 671 1
534 805 1
535 570 1
535 676 1
535 829 1
535 843 1
535 872 1
535 917 1
536 637 1
536 687 1
536 691 1
536 756 1
536 820 1
536 835 1
537 675 1
537 695 1
537 723 1
537 767 1
537 771 1
537 791 1
537 814 1
537 826 1
537 870 1
538 548 1
538 862 1
538 883 1
538 896 1
538 927 1
539 982 1
540 609 1
540 616 1
540 724 1
541 669 1
541 698 1
541 768 1
541 861 1
541 872 1
541 980 1
542 821 1
542 845 1
542 892 1
542 913 1
542 947 1
543 610 1
543 806 1
543 855 1
544 602 1
544 652 1
544 890 1
545 692 1
545 820 1
545 861 1
545 900 1
546 549 1
546 580 1
546 658 1
546 686 1
546 821 1
546 822 1
546 852 1
546 990 1
547 551 1
547 563 1
547 904 1
547 909 1
548 619 1
548 741 1
548 839 1
548 870 1
548 941 1
548 974 1
549 552 1
549 614 1
549 959 1
549 973 1
550 835 1
550 853 1
550 860 1
550 931 1
551 625 1
551 735 1
551 813 1
551 973 1
552 589 1
552 752 1
552 831 1
553 556 1
553 717 1
553 770 1
553 804 1
553 814 1
554 563 1
554 617 1
554 629 1
554 947 1
555 573 1
555 735 1
556 606 1
556 646 1
556 660 1
556 752 1
557 744 1
557 811 1
557 856 1
557 957 1
557 966 1
558 787 1
558 825 1
558 878 1
558 923 1
559 617 1
559 679 1
559 820 1
559 853 1
559 998 1
560 570 1
560 612 1
560 698 1
560 733 1
560 856 1
560 858 1
560 928 1
561 744 1
561 834 1
561 976 1
561 998 1
562 619 1
562 979 1
563 592 1
563 686 1
563 830 1
563 832 1
563 904 1
563 952 1
563 980 1
564 583 1
564 619 1
564 641 1
564 688 1
564 700 1
564 709 1
564 758 1
564 850 1
565 643 1
565 722 1
565 726 1
565 742 1
565 773 1
565 825 1
566 580 1
566 644 1
566 840 1
566 997 1
567 614 1
567 617 1
567 822 1
567 824 1
567 883 1
568 615 1
568 669 1
568 738 1
568 776 1
568 801 1
568 995 1
569 600 1
569 602 1
569 819 1
569 867 1
569 947 1
569 967 1
570 578 1
570 656 1
570 682 1
570 719 1
570 722 1
570 792 1
570 814 1
571 865 1
571 959 1
572 767 1
572 786 1
572 911 1
573 671 1
573 690 1
573 693 1
574 575 1
574 596 1
574 766 1
574 870 1
575 652 1
575 796 1
576 582 1
576 608 1
576 701 1
576 709 1
576 759 1
576 760 1
576 804 1
576 816 1
576 866 1
576 903 1
576 949 1
577 726 1
577 780 1
577 824 1
577 888 1
577 988 1
578 581 1
578 699 1
578 829 1
578 881 1
578 924 1
578 970 1
579 636 1
579 650 1
579 731 1
579 748 1
579 770 1
579 873 1
579 915 1
580 754 1
580 918 1
581 698 1
581 757 1
581 857 1
582 615 1
582 694 1
582 695 1
582 748 1
582 786 1
582 885 1
582 893 1
582 939 1
583 777 1
583 826 1
583 943 1
583 976 1
584 826 1
584 861 1
584 870 1
584 963 1
585 618 1
585 739 1
585 759 1
585 936 1
585 966 1
586 663 1
586 667 1
586 695 1
586 751 1
587 598 1
587 661 1
587 673 1
587 675 1
587 722 1
587 770 1
587 771 1
587 897 1
587 990 1
588 614 1
588 621 1
588 678 1
588 761 1
588 980 1
589 658 1
589 729 1
589 763 1
589 853 1
589 997 1
590 896 1
590 929 1
591 609 1
591 613 1
591 707 1
591 889 1
591 959 1
591 965 1
591 975 1
592 627 1
592 643 1
592 672 1
592 712 1
592 762 1
592 838 1
592 869 1
592 926 1
593 625 1
593 714 1
593 788 1
593 850 1
593 921 1
594 653 1
594 796 1
595 598 1
595 635 1
596 614 1
596 661 1
596 780 1
596 806 1
596 947 1
596 965 1
597 604 1
597 699 1
597 988 1
597 997 1
598 656 1
598 674 1
599 820 1
599 931 1
599 978 1
600 693 1
600 762 1
600 800 1
600 905 1
601 605 1
601 734 1
601 840 1
601 863 1
601 915 1
601 1000 1
602 639 1
602 650 1
602 698 1
602 928 1
603 788 1
603 798 1
603 998 1
604 620 1
604 644 1
604 651 1
604 987 1
605 938 1
605 951 1
606 693 1
606 782 1
606 792 1
607 715 1
607 736 1
607 799 1
608 776 1
608 847 1
609 682 1
609 690 1
609 746 1
609 866 1
609 929 1
610 858 1
610 883 1
611 692 1
611 704 1
611 731 1
611 802 1
612 677 1
612 730 1
612 881 1
612 908 1
612 943 1
612 955 1
612 958 1
613 686 1
613 827 1
613 867 1
613 905 1
613 969 1
613 993 1
614 623 1
614 786 1
614 824 1
614 942 1
615 837 1
615 845 1
615 865 1
615 887 1
616 617 1
616 874 1
616 995 1
617 783 1
618 637 1
618 672 1
618 684 1
618 685 1
618 903 1
618 958 1
618 970 1
619 625 1
619 872 1
619 922 1
619 983 1
620 730 1
620 910 1
620 941 1
622 666 1
622 689 1
622 716 1
622 723 1
622 735 1
622 798 1
622 885 1
623 679 1
623 790 1
624 668 1
624 706 1
624 710 1
624 747 1
624 753 1
624 774 1
625 633 1
625 858 1
625 989 1
626 820 1
626 863 1
627 816 1
629 850 1
629 862 1
629 993 1
630 823 1
631 733 1
631 742 1
631 777 1
631 846 1
632 725 1
632 832 1
632 854 1
632 887 1
632 905 1
632 990 1
633 831 1
633 883 1
633 970 1
634 636 1
634 664 1
634 810 1
634 903 1
634 993 1
635 643 1
635 816 1
635 914 1
636 703 1
636 718 1
636 731 1
636 833 1
636 876 1
637 643 1
637 655 1
637 743 1
637 800 1
637 801 1
637 884 1
637 887 1
637 900 1
638 709 1
638 757 1
639 735 1
640 802 1
640 808 1
640 842 1
640 921 1
640 971 1
641 725 1
641 890 1
642 732 1
642 859 1
643 956 1
644 713 1
644 793 1
644 882 1
644 914 1
644 932 1
645 767 1
645 795 1
645 813 1
646 800 1
646 909 1
646 929 1
646 943 1
646 951 1
646 962 1
647 784 1
647 996 1
648 827 1
648 833 1
648 931 1
649 699 1
649 722 1
649 736 1
649 755 1
649 772 1
649 857 1
649 951 1
650 676 1
651 720 1
651 838 1
651 877 1
651 904 1
651 971 1
652 935 1
652 937 1
654 781 1
654 861 1
654 885 1
655 921 1
655 964 1
655 995 1
656 765 1
656 786 1
656 992 1
657 758 1
657 811 1
657 888 1
657 900 1
657 909 1
657 984 1
658 685 1
658 723 1
658 751 1
659 855 1
660 674 1
660 703 1
660 707 1
660 847 1
660 892 1
660 960 1
660 985 1
661 744 1
661 767 1
661 920 1
662 803 1
662 868 1
663 745 1
663 913 1
664 745 1
664 866 1
664 880 1
664 884 1
664 899 1
665 692 1
665 740 1
665 962 1
666 710 1
666 767 1
666 779 1
666 899 1
667 722 1
667 750 1
668 720 1
668 825 1
668 946 1
668 1000 1
669 765 1
669 786 1
669 932 1
669 935 1
669 944 1
670 861 1
670 875 1
670 881 1
670 909 1
671 738 1
671 747 1
671 879 1
672 817 1
672 869 1
672 916 1
673 712 1
673 780 1
673 798 1
673 893 1
673 958 1
675 840 1
675 998 1
676 716 1
676 820 1
676 829 1
676 897 1
676 987 1
677 694 1
677 823 1
677 953 1
677 994 1
678 683 1
678 744 1
678 780 1
679 713 1
679 780 1
679 854 1
679 871 1
680 870 1
680 925 1
681 814 1
681 889 1
681 955 1
682 703 1
682 782 1
682 843 1
682 853 1
682 947 1
682 951 1
682 965 1
682 972 1
683 773 1
683 861 1
684 724 1
684 993 1
685 769 1
685 919 1
686 792 1
686 932 1
686 979 1
687 706 1
687 830 1
687 856 1
687 864 1
687 912 1
687 944 1
688 695 1
688 702 1
688 704 1
688 758 1
688 764 1
688 851 1
688 913 1
689 777 1
689 818 1
689 885 1
689 994 1
690 921 1
690 961 1
690 982 1
691 789 1
691 803 1
691 885 1
691 983 1
692 736 1
692 760 1
692 798 1
693 765 1
693 812 1
694 800 1
695 752 1
695 757 1
696 699 1
696 704 1
697 711 1
697 841 1
697 981 1
698 909 1
698 948 1
698 964 1
699 970 1
700 735 1
700 767 1
700 849 1
700 886 1
700 945 1
701 803 1
701 808 1
701 939 1
701 953 1
702 799 1
702 809 1
702 821 1
702 918 1
703 797 1
703 940 1
703 963 1
703 968 1
703 985 1
704 784 1
704 791 1
705 885 1
705 908 1
705 920 1
706 736 1
706 745 1
707 714 1
707 790 1
707 861 1
708 801 1
708 835 1
709 777 1
709 843 1
709 900 1
710 732 1
710 756 1
710 775 1
712 763 1
712 921 1
712 955 1
712 979 1
713 786 1
714 716 1
714 858 1
714 906 1
714 977 1
715 752 1
715 964 1
716 792 1
717 723 1
717 865 1
718 759 1
718 886 1
718 974 1
719 785 1
719 953 1
720 818 1
720 849 1
722 758 1
722 867 1
723 744 1
723 786 1
723 846 1
723 875 1
723 878 1
724 807 1
724 833 1
725 882 1
726 813 1
726 861 1
726 869 1
726 876 1
727 760 1
727 971 1
728 781 1
728 876 1
728 923 1
729 746 1
729 840 1
729 888 1
729 991 1
730 756 1
730 947 1
731 798 1
731 992 1
732 920 1
733 904 1
733 950 1
733 979 1
734 825 1
735 771 1
735 781 1
735 902 1
735 981 1
737 864 1
738 786 1
738 789 1
738 852 1
738 894 1
738 1000 1
739 960 1
740 803 1
740 813 1
740 855 1
740 943 1
742 775 1
742 847 1
742 966 1
746 767 1
746 855 1
746 938 1
747 766 1
747 791 1
747 832 1
747 961 1
748 880 1
748 984 1
750 801 1
750 894 1
751 929 1
751 995 1
752 960 1
753 828 1
753 901 1
754 759 1
755 960 1
756 770 1
756 863 1
756 929 1
757 821 1
757 877 1
757 980 1
758 770 1
758 846 1
758 874 1
758 976 1
759 881 1
760 962 1
761 892 1
761 960 1
762 767 1
762 822 1
762 850 1
762 996 1
763 769 1
763 850 1
763 883 1
764 858 1
764 919 1
764 924 1
764 998 1
765 797 1
765 827 1
765 926 1
765 932 1
765 971 1
766 860 1
766 947 1
766 999 1
767 782 1
767 832 1
767 846 1
767 904 1
768 946 1
769 818 1
769 902 1
769 944 1
770 814 1
770 875 1
770 935 1
771 829 1
771 920 1
772 928 1
773 904 1
774 797 1
774 857 1
774 860 1
775 780 1
775 831 1
775 950 1
776 811 1
776 815 1
776 834 1
776 851 1
776 856 1
776 887 1
776 992 1
776 999 1
777 919 1
778 813 1
778 980 1
779 903 1
780 928 1
780 994 1
781 793 1
781 798 1
782 928 1
783 821 1
783 876 1
783 886 1
783 909 1
784 798 1
784 859 1
784 924 1
784 934 1
784 946 1
784 967 1
785 873 1
785 969 1
786 801 1
786 912 1
786 939 1
787 965 1
788 889 1
788 893 1
788 917 1
789 910 1
790 824 1
790 850 1
790 917 1
791 984 1
792 880 1
794 843 1
794 916 1
795 847 1
795 983 1
795 999 1
796 925 1
797 853 1
797 985 1
798 921 1
798 923 1
799 868 1
799 975 1
799 982 1
800 851 1
800 891 1
800 951 1
801 898 1
801 921 1
801 957 1
801 961 1
801 979 1
801 990 1
802 837 1
803 830 1
803 941 1
804 891 1
804 912 1
804 926 1
805 957 1
805 979 1
806 978 1
806 997 1
807 965 1
808 882 1
809 981 1
809 994 1
811 950 1
812 925 1
813 873 1
813 913 1
814 888 1
814 905 1
816 855 1
816 861 1
816 902 1
817 825 1
818 903 1
819 830 1
820 889 1
820 955 1
820 997 1
821 924 1
821 965 1
821 991 1
823 826 1
823 919 1
823 944 1
823 955 1
823 981 1
824 933 1
824 945 1
824 982 1
825 843 1
826 834 1
826 857 1
827 997 1
828 855 1
829 984 1
830 866 1
830 888 1
830 992 1
832 932 1
833 959 1
834 847 1
834 880 1
834 913 1
834 928 1
835 881 1
836 870 1
836 984 1
836 988 1
837 841 1
837 845 1
837 874 1
837 892 1
838 848 1
838 878 1
838 971 1
839 852 1
840 906 1
841 908 1
841 927 1
841 932 1
841 938 1
841 994 1
843 923 1
844 931 1
844 996 1
845 891 1
846 893 1
846 904 1
846 913 1
847 890 1
848 948 1
848 965 1
849 868 1
850 918 1
850 972 1
851 916 1
851 937 1
852 959 1
853 861 1
853 973 1
853 996 1
857 958 1
857 994 1
857 995 1
858 866 1
858 967 1
859 874 1
860 962 1
861 900 1
861 918 1
862 876 1
863 978 1
864 986 1
866 879 1
866 896 1
866 989 1
867 877 1
867 991 1
869 987 1
870 923 1
872 940 1
872 973 1
876 882 1
876 985 1
877 985 1
878 960 1
879 925 1
879 954 1
879 968 1
880 899 1
880 914 1
882 895 1
883 897 1
885 944 1
887 894 1
887 897 1
887 898 1
889 974 1
889 982 1
891 978 1
892 908 1
893 954 1
894 936 1
894 942 1
897 927 1
897 980 1
898 900 1
898 936 1
898 971 1
899 943 1
899 962 1
899 983 1
899 999 1
900 914 1
904 942 1
905 908 1
905 932 1
906 944 1
907 908 1
909 911 1
910 998 1
912 923 1
912 986 1
913 933 1
913 976 1
916 933 1
917 921 1
918 982 1
922 985 1
923 980 1
928 937 1
929 981 1
930 958 1
933 943 1
934 955 1
937 958 1
938 951 1
938 964 1
940 980 1
940 993 1
945 976 1
949 981 1
949 1000 1
951 952 1
953 957 1
955 994 1
958 986 1
961 994 1
966 985 1
968 996 1
972 985 1
980 997 1
983 985 1
