1000 4994
1 137 1
1 217 1
1 363 1
1 373 1
1 478 1
1 504 1
1 524 1
1 576 1
1 716 1
1 896 1
1 924 1
1 938 1
2 84 1
2 108 1
2 145 1
2 339 1
2 343 1
2 405 1
2 429 1
2 960 1
3 28 1
3 69 1
3 96 1
3 142 1
3 345 1
3 388 1
3 428 1
3 555 1
3 558 1
3 682 1
3 684 1
3 891 1
3 907 1
4 104 1
4 132 1
4 153 1
4 227 1
4 449 1
4 556 1
4 769 1
5 40 1
5 268 1
5 292 1
5 513 1
5 545 1
5 627 1
5 640 1
5 793 1
6 143 1
6 446 1
6 563 1
6 692 1
6 781 1
6 812 1
6 880 1
6 893 1
6 915 1
6 991 1
7 30 1
7 213 1
7 256 1
7 294 1
7 323 1
7 329 1
7 332 1
7 685 1
7 757 1
7 768 1
7 776 1
7 877 1
7 998 1
8 394 1
8 534 1
8 844 1
8 880 1
8 932 1
8 956 1
9 570 1
9 765 1
9 938 1
9 957 1
9 980 1
10 20 1
10 69 1
10 73 1
10 156 1
10 196 1
10 388 1
10 397 1
10 398 1
10 462 1
10 524 1
10 632 1
10 745 1
10 886 1
11 29 1
11 332 1
11 383 1
11 641 1
11 661 1
12 75 1
12 99 1
12 103 1
12 106 1
12 164 1
12 275 1
12 694 1
12 726 1
12 728 1
12 918 1
13 90 1
13 113 1
13 209 1
13 315 1
13 449 1
13 595 1
13 796 1
13 845 1
13 858 1
13 887 1
14 29 1
14 70 1
14 258 1
14 331 1
14 346 1
14 458 1
14 463 1
14 800 1
14 908 1
14 927 1
14 949 1
15 111 1
15 166 1
15 224 1
15 771 1
15 841 1
16 62 1
16 137 1
16 150 1
16 179 1
16 360 1
16 457 1
16 522 1
16 670 1
16 944 1
17 182 1
17 559 1
17 577 1
17 607 1
17 801 1
17 858 1
18 89 1
18 298 1
18 301 1
18 359 1
18 402 1
18 580 1
18 788 1
19 220 1
19 523 1
19 558 1
19 691 1
19 784 1
19 798 1
19 808 1
20 39 1
20 139 1
20 195 1
20 614 1
20 727 1
20 888 1
21 63 1
21 88 1
21 102 1
21 283 1
21 351 1
21 581 1
21 644 1
21 895 1
22 73 1
22 101 1
22 322 1
22 479 1
22 480 1
22 555 1
22 567 1
22 597 1
22 632 1
22 694 1
22 743 1
22 780 1
22 813 1
23 156 1
23 228 1
23 484 1
23 673 1
23 821 1
23 857 1
23 894 1
24 435 1
24 437 1
24 478 1
24 483 1
24 682 1
24 766 1
25 203 1
25 204 1
25 321 1
25 375 1
25 418 1
25 706 1
25 744 1
25 794 1
25 825 1
25 858 1
25 868 1
26 72 1
26 118 1
26 136 1
26 191 1
26 217 1
26 317 1
26 452 1
26 492 1
26 524 1
26 549 1
26 583 1
26 595 1
26 646 1
26 796 1
26 830 1
26 961 1
26 989 1
26 994 1
27 91 1
27 285 1
27 297 1
27 432 1
27 517 1
27 547 1
27 635 1
27 819 1
28 136 1
28 369 1
28 476 1
28 528 1
28 587 1
28 637 1
28 746 1
28 762 1
28 811 1
29 91 1
29 162 1
29 216 1
29 236 1
29 370 1
29 543 1
29 685 1
29 768 1
30 50 1
30 227 1
30 284 1
30 302 1
30 336 1
30 346 1
30 485 1
30 496 1
30 565 1
30 586 1
30 704 1
30 753 1
30 896 1
30 972 1
31 152 1
31 687 1
31 743 1
31 801 1
31 867 1
31 930 1
32 55 1
32 99 1
32 124 1
32 131 1
32 132 1
32 272 1
32 384 1
32 404 1
32 451 1
32 483 1
32 550 1
32 632 1
32 739 1
32 998 1
33 130 1
33 158 1
33 164 1
33 169 1
33 200 1
33 281 1
33 310 1
33 349 1
33 380 1
33 404 1
33 552 1
33 566 1
33 579 1
33 702 1
33 729 1
33 830 1
33 982 1
34 199 1
34 287 1
34 438 1
34 464 1
34 711 1
34 767 1
34 798 1
34 836 1
34 890 1
35 225 1
35 229 1
35 266 1
35 388 1
35 480 1
35 616 1
35 634 1
35 689 1
35 875 1
35 906 1
35 915 1
35 960 1
35 966 1
35 999 1
36 82 1
36 482 1
36 508 1
36 802 1
36 923 1
36 998 1
37 182 1
37 229 1
37 289 1
37 416 1
37 475 1
37 501 1
37 612 1
37 636 1
38 58 1
38 85 1
38 143 1
38 214 1
38 384 1
38 387 1
38 436 1
38 518 1
38 715 1
38 807 1
38 923 1
38 944 1
39 121 1
39 133 1
39 264 1
39 530 1
39 698 1
39 857 1
39 875 1
39 891 1
39 913 1
39 956 1
40 116 1
40 144 1
40 145 1
40 166 1
40 259 1
40 344 1
40 447 1
40 533 1
40 594 1
40 616 1
40 761 1
40 855 1
40 941 1
40 967 1
41 312 1
41 369 1
41 439 1
41 522 1
41 603 1
41 677 1
41 699 1
41 830 1
41 831 1
42 167 1
42 448 1
42 601 1
42 612 1
42 674 1
42 676 1
42 914 1
42 942 1
42 988 1
43 110 1
43 414 1
43 746 1
43 797 1
43 813 1
43 968 1
44 147 1
44 164 1
44 175 1
44 348 1
44 367 1
44 542 1
44 796 1
44 838 1
44 884 1
44 898 1
44 929 1
44 1000 1
45 65 1
45 141 1
45 380 1
45 413 1
45 466 1
45 684 1
45 748 1
45 772 1
45 804 1
45 906 1
46 55 1
46 87 1
46 290 1
46 435 1
46 440 1
46 499 1
46 645 1
46 688 1
46 765 1
46 853 1
46 885 1
47 96 1
47 130 1
47 150 1
47 160 1
47 363 1
47 446 1
47 574 1
47 623 1
47 745 1
47 796 1
47 907 1
48 275 1
48 282 1
48 426 1
48 913 1
49 138 1
49 434 1
49 454 1
49 584 1
49 675 1
49 788 1
49 984 1
50 112 1
50 216 1
50 280 1
50 374 1
50 394 1
50 793 1
51 64 1
51 233 1
51 385 1
51 433 1
51 458 1
51 468 1
51 492 1
51 494 1
51 732 1
51 845 1
51 872 1
52 114 1
52 398 1
52 712 1
52 788 1
52 835 1
52 838 1
52 945 1
53 165 1
53 285 1
53 441 1
53 534 1
53 538 1
53 612 1
53 668 1
53 681 1
53 682 1
53 693 1
53 773 1
53 964 1
53 992 1
53 993 1
54 57 1
54 119 1
54 232 1
54 253 1
54 305 1
54 371 1
54 385 1
54 404 1
54 772 1
54 906 1
55 64 1
55 68 1
55 94 1
55 118 1
55 173 1
55 407 1
55 821 1
55 826 1
55 830 1
55 888 1
56 148 1
56 182 1
56 381 1
56 407 1
56 448 1
56 451 1
56 458 1
56 462 1
56 466 1
56 596 1
56 616 1
56 777 1
57 118 1
57 433 1
57 439 1
57 487 1
57 500 1
57 703 1
57 793 1
57 892 1
57 903 1
58 121 1
58 184 1
58 594 1
58 692 1
58 737 1
58 787 1
58 908 1
58 920 1
59 78 1
59 414 1
59 486 1
59 488 1
59 565 1
59 902 1
60 76 1
60 169 1
60 233 1
60 235 1
60 282 1
60 329 1
60 380 1
60 417 1
60 480 1
60 997 1
60 999 1
61 159 1
61 223 1
61 387 1
61 572 1
61 588 1
61 832 1
62 117 1
62 256 1
62 276 1
62 481 1
62 655 1
62 816 1
62 864 1
62 876 1
62 887 1
63 141 1
63 172 1
63 248 1
63 266 1
63 271 1
63 292 1
63 374 1
63 399 1
63 494 1
63 502 1
63 630 1
63 741 1
63 791 1
63 950 1
64 195 1
64 339 1
64 342 1
64 457 1
64 551 1
64 554 1
64 759 1
64 899 1
65 148 1
65 228 1
65 340 1
65 371 1
65 411 1
65 428 1
65 485 1
65 585 1
65 612 1
65 623 1
65 741 1
65 818 1
65 859 1
65 990 1
66 70 1
66 74 1
66 259 1
66 298 1
66 307 1
66 317 1
66 519 1
66 525 1
66 577 1
66 855 1
66 856 1
66 859 1
66 893 1
67 194 1
67 272 1
67 334 1
67 398 1
67 531 1
67 566 1
67 603 1
67 624 1
67 774 1
67 834 1
67 878 1
68 165 1
68 225 1
68 292 1
68 319 1
68 383 1
68 588 1
68 639 1
68 669 1
68 685 1
68 705 1
68 709 1
68 780 1
68 817 1
68 901 1
69 206 1
69 250 1
69 276 1
69 357 1
69 551 1
69 579 1
69 779 1
69 882 1
69 930 1
69 971 1
70 137 1
70 168 1
70 473 1
70 599 1
70 774 1
70 776 1
70 834 1
70 978 1
70 985 1
71 151 1
71 312 1
71 452 1
71 477 1
71 487 1
71 521 1
71 748 1
71 762 1
71 900 1
71 929 1
71 963 1
72 77 1
72 149 1
72 206 1
72 385 1
72 641 1
72 687 1
72 712 1
72 997 1
73 288 1
73 646 1
73 656 1
73 669 1
73 913 1
74 131 1
74 214 1
74 265 1
74 476 1
74 492 1
74 538 1
74 643 1
74 700 1
74 771 1
75 262 1
75 294 1
75 318 1
75 464 1
75 542 1
75 596 1
75 687 1
75 883 1
76 111 1
76 229 1
76 380 1
76 444 1
76 727 1
76 836 1
76 916 1
76 972 1
77 254 1
77 281 1
77 403 1
77 486 1
77 577 1
77 589 1
77 715 1
77 871 1
78 306 1
78 360 1
78 412 1
78 416 1
78 451 1
78 528 1
78 585 1
78 790 1
78 859 1
78 881 1
79 151 1
79 161 1
79 353 1
79 354 1
79 402 1
79 461 1
79 554 1
79 668 1
79 802 1
79 867 1
79 928 1
80 132 1
80 228 1
80 288 1
80 415 1
80 468 1
80 556 1
80 604 1
80 628 1
80 725 1
80 804 1
80 876 1
80 956 1
81 98 1
81 99 1
81 294 1
81 398 1
81 399 1
81 436 1
81 473 1
81 678 1
81 795 1
81 851 1
82 195 1
82 221 1
82 268 1
82 330 1
82 431 1
82 456 1
82 565 1
82 723 1
82 731 1
82 734 1
82 777 1
82 977 1
83 365 1
83 396 1
83 480 1
83 550 1
83 634 1
83 639 1
83 652 1
83 812 1
83 906 1
84 263 1
84 344 1
84 369 1
84 403 1
84 629 1
84 753 1
84 996 1
85 198 1
85 281 1
85 380 1
85 515 1
85 726 1
85 773 1
85 842 1
85 854 1
85 921 1
86 289 1
86 319 1
86 458 1
86 705 1
87 203 1
87 208 1
87 388 1
87 470 1
88 154 1
88 174 1
88 307 1
88 421 1
88 459 1
88 541 1
88 792 1
88 868 1
88 923 1
89 215 1
89 255 1
89 523 1
89 682 1
89 714 1
89 835 1
89 898 1
89 928 1
90 260 1
90 376 1
90 645 1
90 675 1
90 693 1
90 830 1
90 937 1
91 241 1
91 505 1
91 678 1
92 151 1
92 556 1
92 576 1
92 639 1
92 643 1
92 673 1
92 734 1
92 774 1
92 782 1
92 924 1
93 125 1
93 193 1
93 337 1
93 539 1
93 650 1
93 728 1
94 136 1
94 245 1
94 318 1
94 348 1
94 530 1
94 578 1
94 710 1
94 718 1
94 949 1
95 100 1
95 219 1
95 389 1
95 549 1
96 267 1
96 321 1
96 512 1
96 641 1
96 649 1
96 676 1
96 737 1
96 846 1
96 951 1
97 188 1
97 348 1
97 473 1
97 494 1
97 498 1
97 703 1
97 722 1
97 861 1
97 984 1
98 194 1
98 279 1
98 375 1
98 566 1
98 603 1
98 628 1
98 689 1
98 740 1
98 747 1
98 756 1
98 848 1
98 883 1
98 907 1
98 992 1
99 479 1
99 511 1
99 627 1
99 797 1
99 949 1
100 337 1
100 454 1
100 587 1
100 637 1
100 708 1
100 774 1
100 883 1
100 893 1
100 992 1
101 140 1
101 155 1
101 192 1
101 206 1
101 277 1
101 317 1
101 486 1
101 650 1
102 137 1
102 446 1
102 557 1
102 600 1
102 813 1
102 903 1
103 114 1
103 177 1
103 399 1
103 516 1
103 550 1
103 551 1
103 575 1
103 632 1
103 650 1
103 761 1
104 161 1
104 223 1
104 231 1
104 250 1
104 312 1
104 436 1
104 503 1
104 515 1
104 772 1
104 818 1
104 839 1
104 864 1
104 919 1
105 133 1
105 320 1
105 429 1
105 435 1
105 619 1
105 789 1
105 818 1
105 825 1
105 977 1
106 196 1
106 349 1
106 364 1
106 398 1
106 453 1
106 623 1
106 723 1
106 921 1
106 963 1
107 122 1
107 131 1
107 203 1
107 768 1
107 794 1
107 828 1
107 838 1
107 874 1
107 949 1
107 954 1
108 155 1
108 290 1
108 326 1
108 673 1
108 686 1
108 743 1
108 805 1
108 865 1
108 929 1
108 954 1
109 163 1
109 173 1
109 181 1
109 186 1
109 216 1
109 270 1
109 306 1
109 391 1
109 400 1
109 508 1
109 847 1
109 918 1
109 985 1
110 329 1
110 383 1
110 451 1
110 455 1
110 685 1
110 775 1
110 982 1
111 132 1
111 134 1
111 135 1
111 228 1
111 260 1
111 274 1
111 303 1
111 313 1
111 425 1
111 442 1
111 464 1
111 549 1
111 626 1
111 648 1
111 745 1
111 823 1
111 895 1
111 906 1
111 950 1
112 194 1
112 237 1
112 238 1
112 249 1
112 685 1
112 802 1
112 956 1
112 970 1
112 977 1
112 979 1
112 995 1
113 151 1
113 309 1
113 462 1
113 528 1
113 596 1
113 676 1
113 781 1
113 825 1
113 948 1
113 960 1
113 963 1
114 118 1
114 245 1
114 383 1
114 448 1
114 494 1
114 606 1
114 702 1
114 990 1
115 204 1
115 238 1
115 253 1
115 322 1
115 688 1
115 707 1
115 751 1
115 887 1
115 940 1
116 304 1
116 547 1
116 611 1
116 650 1
116 796 1
116 901 1
116 977 1
117 479 1
117 556 1
117 576 1
117 678 1
117 770 1
117 845 1
117 921 1
118 169 1
118 209 1
118 282 1
118 322 1
118 330 1
118 611 1
118 809 1
118 844 1
118 910 1
119 258 1
119 261 1
119 697 1
119 890 1
119 977 1
120 313 1
120 320 1
120 437 1
120 467 1
120 582 1
120 669 1
120 755 1
120 858 1
120 892 1
120 957 1
120 959 1
120 985 1
120 993 1
121 168 1
121 248 1
121 314 1
121 337 1
121 349 1
121 418 1
121 427 1
121 457 1
121 461 1
121 566 1
121 589 1
121 677 1
121 894 1
121 915 1
121 951 1
121 969 1
122 320 1
122 383 1
122 415 1
122 637 1
122 741 1
122 770 1
122 808 1
122 879 1
122 959 1
123 711 1
123 853 1
123 962 1
124 138 1
124 180 1
124 201 1
124 494 1
124 579 1
124 658 1
124 801 1
124 847 1
124 899 1
124 969 1
124 981 1
125 238 1
125 265 1
125 271 1
125 322 1
125 719 1
125 942 1
125 999 1
126 348 1
126 745 1
126 753 1
127 149 1
127 343 1
127 551 1
127 554 1
127 733 1
127 779 1
128 277 1
128 318 1
128 387 1
128 533 1
128 755 1
128 828 1
128 870 1
129 165 1
129 584 1
129 635 1
129 742 1
129 983 1
129 986 1
130 172 1
130 281 1
130 355 1
130 442 1
130 530 1
130 598 1
130 603 1
130 664 1
130 725 1
130 803 1
130 946 1
131 151 1
131 237 1
131 397 1
131 611 1
131 816 1
131 956 1
131 961 1
132 153 1
132 192 1
132 260 1
132 308 1
132 360 1
132 426 1
132 517 1
132 572 1
132 671 1
132 689 1
132 759 1
133 187 1
133 212 1
133 254 1
133 449 1
133 538 1
133 556 1
133 617 1
133 795 1
133 803 1
133 817 1
133 818 1
133 892 1
133 963 1
134 209 1
134 211 1
134 411 1
134 515 1
134 549 1
134 628 1
134 633 1
134 663 1
134 740 1
134 749 1
134 832 1
134 1000 1
135 230 1
135 283 1
135 332 1
135 424 1
135 442 1
135 513 1
135 691 1
135 856 1
135 918 1
135 956 1
136 298 1
136 318 1
136 535 1
136 626 1
136 681 1
136 683 1
136 775 1
136 776 1
136 814 1
136 915 1
136 919 1
137 273 1
137 287 1
137 356 1
137 370 1
137 429 1
137 443 1
137 458 1
137 668 1
137 842 1
138 155 1
138 172 1
138 443 1
138 487 1
138 570 1
138 692 1
138 751 1
138 773 1
138 970 1
139 225 1
139 239 1
139 318 1
139 398 1
139 400 1
139 410 1
139 554 1
139 807 1
140 309 1
140 582 1
140 607 1
140 632 1
140 715 1
140 785 1
141 214 1
141 308 1
141 463 1
141 474 1
141 539 1
141 629 1
141 692 1
141 712 1
141 772 1
141 818 1
141 824 1
141 897 1
141 936 1
141 964 1
142 627 1
142 702 1
142 836 1
142 979 1
143 297 1
143 316 1
143 354 1
143 393 1
143 435 1
143 448 1
143 476 1
143 547 1
143 567 1
143 578 1
143 657 1
143 700 1
143 844 1
143 882 1
144 300 1
144 327 1
144 405 1
144 456 1
144 735 1
144 780 1
144 818 1
144 855 1
145 346 1
145 350 1
145 355 1
145 356 1
145 409 1
145 467 1
145 472 1
145 567 1
145 638 1
145 661 1
145 698 1
145 752 1
145 756 1
145 881 1
145 985 1
145 994 1
146 238 1
146 484 1
146 542 1
146 872 1
147 471 1
147 561 1
147 766 1
147 779 1
148 206 1
148 398 1
148 623 1
148 762 1
148 928 1
149 181 1
149 206 1
149 512 1
149 600 1
149 741 1
149 744 1
149 810 1
149 829 1
149 885 1
149 998 1
150 213 1
150 238 1
150 259 1
150 548 1
150 756 1
150 769 1
150 814 1
150 830 1
150 934 1
151 235 1
151 435 1
151 453 1
151 630 1
151 861 1
151 924 1
152 174 1
152 241 1
152 295 1
152 462 1
152 509 1
152 660 1
152 688 1
152 696 1
152 757 1
152 823 1
152 845 1
152 846 1
152 896 1
152 916 1
152 935 1
153 249 1
153 398 1
153 783 1
154 178 1
154 424 1
154 518 1
154 588 1
154 722 1
154 818 1
154 886 1
154 895 1
154 938 1
155 245 1
155 397 1
155 407 1
155 417 1
155 474 1
155 568 1
155 664 1
155 745 1
155 802 1
155 984 1
156 209 1
156 362 1
156 550 1
156 554 1
156 706 1
156 717 1
156 809 1
157 170 1
157 204 1
157 283 1
157 293 1
157 590 1
157 629 1
158 202 1
158 253 1
158 264 1
158 331 1
158 665 1
158 700 1
158 722 1
158 753 1
158 761 1
158 796 1
159 361 1
159 424 1
159 470 1
159 573 1
159 581 1
159 785 1
159 805 1
159 895 1
160 242 1
160 421 1
160 428 1
160 466 1
160 714 1
160 721 1
160 764 1
160 807 1
160 880 1
161 231 1
161 401 1
161 664 1
161 712 1
161 882 1
161 924 1
162 214 1
162 293 1
162 299 1
162 441 1
162 496 1
162 609 1
162 689 1
162 700 1
162 730 1
162 871 1
162 929 1
162 971 1
163 393 1
163 400 1
163 491 1
163 567 1
163 631 1
163 855 1
163 896 1
164 219 1
164 315 1
164 651 1
164 692 1
164 779 1
164 794 1
164 869 1
164 895 1
164 904 1
164 982 1
165 189 1
165 404 1
165 475 1
165 502 1
165 659 1
165 721 1
165 903 1
165 920 1
165 969 1
165 993 1
166 268 1
166 304 1
166 680 1
167 234 1
167 285 1
167 345 1
167 469 1
167 532 1
167 584 1
167 682 1
167 733 1
167 795 1
167 830 1
167 853 1
168 181 1
168 210 1
168 261 1
168 417 1
168 439 1
168 596 1
168 636 1
168 669 1
168 796 1
168 799 1
168 869 1
169 223 1
169 257 1
169 514 1
169 523 1
169 579 1
169 608 1
169 666 1
169 702 1
169 703 1
169 706 1
169 757 1
169 856 1
170 186 1
170 301 1
170 331 1
170 336 1
170 419 1
170 446 1
170 569 1
170 595 1
170 605 1
170 630 1
170 770 1
170 790 1
170 971 1
171 202 1
171 377 1
171 391 1
171 395 1
171 460 1
171 695 1
171 706 1
171 740 1
171 831 1
172 180 1
172 329 1
172 442 1
172 506 1
172 666 1
172 673 1
172 697 1
172 744 1
172 809 1
172 859 1
172 931 1
172 944 1
172 962 1
172 970 1
173 184 1
173 218 1
173 247 1
173 292 1
173 296 1
173 376 1
173 381 1
173 458 1
173 504 1
173 602 1
173 798 1
173 841 1
173 852 1
174 184 1
174 228 1
174 305 1
174 428 1
174 453 1
174 527 1
174 531 1
174 573 1
174 721 1
174 881 1
174 917 1
174 980 1
175 236 1
175 332 1
175 358 1
175 474 1
175 523 1
175 551 1
175 566 1
175 613 1
175 624 1
175 655 1
175 686 1
175 717 1
175 741 1
175 761 1
175 783 1
175 983 1
176 240 1
176 241 1
176 460 1
176 533 1
176 588 1
177 230 1
177 285 1
177 319 1
177 588 1
177 606 1
177 759 1
177 764 1
177 809 1
177 840 1
178 216 1
178 276 1
178 367 1
178 390 1
178 413 1
178 444 1
178 475 1
178 651 1
178 707 1
178 749 1
178 757 1
178 804 1
178 806 1
178 877 1
178 979 1
179 403 1
179 505 1
179 510 1
179 665 1
179 842 1
179 861 1
179 911 1
179 927 1
179 953 1
179 967 1
180 232 1
180 533 1
181 474 1
181 538 1
181 540 1
181 696 1
181 926 1
181 931 1
182 241 1
182 315 1
182 619 1
182 828 1
182 851 1
182 854 1
182 935 1
182 959 1
182 973 1
183 197 1
183 221 1
183 434 1
183 518 1
183 523 1
183 559 1
183 605 1
183 616 1
183 619 1
183 632 1
184 194 1
184 205 1
184 380 1
184 630 1
184 640 1
184 732 1
184 749 1
184 752 1
184 874 1
184 919 1
185 252 1
185 277 1
185 525 1
185 558 1
185 647 1
185 668 1
185 671 1
185 752 1
185 873 1
185 892 1
186 202 1
186 278 1
186 335 1
186 359 1
186 517 1
186 604 1
186 686 1
186 715 1
186 747 1
187 256 1
187 291 1
187 297 1
187 366 1
187 406 1
187 540 1
187 679 1
187 724 1
187 810 1
187 905 1
187 936 1
188 289 1
188 414 1
188 438 1
188 534 1
188 578 1
188 637 1
188 718 1
188 730 1
188 738 1
188 847 1
188 928 1
189 228 1
189 242 1
189 267 1
189 440 1
189 719 1
189 903 1
190 230 1
190 279 1
190 476 1
190 544 1
190 554 1
190 670 1
191 601 1
191 632 1
191 634 1
191 641 1
191 704 1
191 741 1
191 769 1
192 217 1
192 308 1
192 552 1
192 986 1
193 251 1
193 253 1
193 290 1
193 352 1
193 418 1
193 478 1
193 544 1
193 645 1
193 721 1
193 722 1
193 739 1
193 887 1
193 899 1
193 952 1
193 957 1
194 221 1
194 432 1
194 562 1
194 592 1
194 613 1
194 725 1
194 836 1
194 855 1
194 990 1
195 355 1
195 497 1
195 578 1
195 600 1
195 791 1
195 967 1
196 354 1
196 393 1
196 473 1
197 408 1
197 587 1
197 642 1
197 811 1
197 914 1
198 243 1
198 371 1
198 515 1
198 710 1
198 774 1
199 447 1
199 468 1
199 527 1
199 547 1
199 574 1
199 783 1
200 290 1
200 303 1
200 331 1
200 332 1
200 387 1
200 474 1
200 704 1
200 705 1
200 725 1
200 754 1
200 757 1
200 780 1
200 856 1
200 922 1
200 932 1
201 212 1
201 397 1
201 412 1
201 481 1
201 509 1
201 690 1
201 804 1
201 823 1
201 849 1
201 864 1
201 950 1
201 980 1
202 219 1
202 340 1
202 475 1
202 478 1
202 776 1
202 795 1
202 815 1
203 210 1
203 225 1
203 361 1
203 370 1
203 414 1
203 604 1
203 748 1
203 766 1
203 967 1
204 269 1
204 683 1
204 719 1
204 897 1
205 211 1
205 230 1
205 339 1
205 474 1
205 489 1
205 534 1
205 662 1
205 809 1
205 894 1
205 897 1
205 908 1
205 935 1
205 972 1
206 218 1
206 227 1
206 384 1
206 414 1
206 435 1
206 437 1
206 471 1
206 547 1
206 581 1
206 936 1
206 966 1
207 446 1
207 574 1
207 691 1
207 754 1
207 821 1
208 259 1
208 327 1
208 333 1
208 521 1
208 548 1
208 559 1
208 806 1
208 888 1
209 225 1
209 246 1
209 322 1
209 341 1
209 482 1
209 557 1
209 626 1
209 719 1
209 880 1
209 979 1
209 981 1
210 274 1
210 278 1
210 311 1
210 411 1
210 470 1
210 915 1
211 281 1
211 450 1
211 558 1
211 625 1
211 820 1
211 965 1
212 222 1
212 376 1
212 397 1
212 436 1
212 532 1
212 860 1
213 257 1
213 518 1
213 523 1
213 553 1
213 685 1
213 781 1
213 941 1
214 258 1
214 383 1
214 525 1
214 535 1
214 563 1
214 633 1
214 815 1
214 847 1
214 885 1
214 945 1
214 970 1
214 978 1
215 261 1
215 519 1
215 520 1
215 625 1
215 663 1
215 676 1
215 931 1
216 224 1
216 270 1
216 407 1
216 559 1
216 687 1
216 766 1
216 973 1
216 990 1
217 254 1
217 362 1
217 504 1
217 729 1
217 793 1
218 240 1
218 396 1
218 470 1
218 611 1
218 618 1
218 620 1
218 792 1
218 830 1
218 960 1
218 965 1
219 246 1
219 253 1
219 441 1
219 459 1
219 577 1
219 644 1
219 711 1
219 719 1
219 872 1
220 237 1
220 264 1
220 379 1
220 636 1
220 735 1
220 826 1
220 842 1
220 889 1
220 954 1
221 275 1
221 284 1
221 458 1
221 469 1
221 593 1
221 682 1
221 800 1
221 828 1
222 543 1
222 657 1
222 848 1
222 947 1
223 333 1
223 345 1
223 440 1
223 538 1
223 715 1
223 791 1
223 935 1
223 941 1
224 267 1
224 434 1
224 633 1
224 701 1
224 772 1
224 930 1
225 233 1
225 381 1
225 473 1
225 563 1
225 619 1
225 688 1
225 821 1
226 245 1
226 768 1
226 813 1
226 825 1
226 933 1
227 434 1
227 534 1
227 654 1
227 664 1
227 763 1
227 779 1
227 887 1
227 911 1
227 985 1
228 248 1
228 250 1
228 314 1
228 319 1
228 347 1
228 507 1
228 631 1
228 741 1
228 847 1
228 906 1
229 262 1
229 449 1
229 542 1
229 572 1
229 694 1
229 775 1
229 844 1
229 921 1
230 268 1
230 272 1
230 393 1
230 698 1
230 819 1
230 874 1
230 888 1
230 962 1
230 983 1
231 250 1
231 303 1
231 380 1
231 457 1
231 585 1
231 909 1
231 912 1
231 980 1
231 981 1
231 996 1
232 332 1
232 348 1
232 457 1
232 493 1
232 871 1
232 915 1
233 349 1
233 401 1
233 429 1
233 505 1
233 512 1
233 750 1
233 843 1
233 856 1
233 882 1
233 948 1
234 285 1
234 362 1
234 390 1
234 711 1
234 751 1
234 810 1
234 822 1
235 257 1
235 401 1
235 472 1
235 670 1
235 693 1
235 707 1
235 715 1
235 743 1
236 267 1
236 343 1
236 536 1
236 872 1
236 896 1
237 347 1
237 383 1
237 430 1
237 477 1
237 666 1
237 938 1
237 955 1
237 970 1
237 981 1
238 326 1
238 423 1
238 424 1
238 535 1
238 636 1
238 721 1
238 723 1
238 849 1
238 918 1
238 934 1
239 337 1
239 343 1
239 413 1
239 521 1
239 529 1
239 579 1
239 717 1
239 814 1
240 258 1
240 341 1
240 609 1
240 661 1
240 724 1
240 864 1
240 939 1
241 611 1
241 735 1
241 992 1
242 356 1
242 376 1
242 550 1
242 680 1
242 708 1
242 731 1
242 786 1
242 868 1
242 871 1
242 917 1
243 347 1
243 411 1
243 460 1
243 559 1
243 601 1
243 653 1
243 776 1
244 246 1
244 253 1
244 284 1
244 438 1
244 493 1
244 564 1
244 670 1
244 737 1
244 758 1
245 271 1
245 583 1
245 626 1
245 703 1
245 707 1
245 715 1
245 863 1
245 913 1
246 347 1
246 479 1
246 640 1
246 720 1
246 732 1
246 854 1
246 949 1
246 962 1
246 1000 1
247 413 1
247 518 1
247 824 1
247 879 1
247 958 1
248 289 1
248 538 1
248 623 1
248 712 1
248 872 1
248 903 1
249 518 1
249 672 1
249 680 1
249 703 1
249 748 1
249 839 1
249 900 1
249 917 1
250 311 1
250 338 1
250 558 1
250 559 1
250 572 1
250 638 1
250 772 1
250 964 1
250 970 1
251 343 1
251 482 1
251 648 1
251 888 1
251 904 1
252 323 1
252 370 1
252 547 1
252 557 1
252 604 1
252 913 1
253 286 1
253 369 1
253 451 1
253 515 1
253 821 1
253 844 1
253 998 1
254 301 1
254 769 1
254 781 1
254 872 1
254 904 1
254 980 1
255 346 1
255 370 1
255 380 1
255 484 1
255 756 1
256 268 1
256 462 1
256 505 1
256 509 1
256 514 1
256 548 1
256 566 1
256 629 1
256 769 1
256 962 1
256 999 1
257 287 1
257 311 1
257 327 1
257 459 1
257 516 1
257 523 1
257 526 1
257 576 1
257 714 1
257 716 1
257 789 1
257 849 1
257 929 1
258 295 1
258 310 1
258 343 1
258 386 1
258 406 1
258 487 1
258 583 1
258 668 1
259 301 1
259 391 1
259 538 1
259 591 1
259 760 1
259 808 1
259 923 1
260 320 1
260 450 1
260 556 1
260 558 1
260 583 1
260 787 1
260 858 1
260 882 1
261 317 1
261 340 1
261 454 1
261 586 1
261 677 1
261 883 1
262 263 1
262 359 1
262 382 1
262 416 1
262 444 1
262 512 1
262 575 1
262 607 1
262 667 1
262 719 1
262 813 1
262 986 1
263 461 1
263 522 1
263 643 1
263 742 1
263 863 1
263 867 1
263 986 1
264 314 1
264 357 1
264 429 1
264 433 1
264 460 1
264 542 1
264 573 1
264 724 1
264 966 1
265 366 1
265 404 1
265 542 1
265 550 1
265 661 1
265 746 1
265 896 1
266 800 1
266 820 1
266 833 1
266 959 1
267 285 1
267 289 1
267 347 1
267 430 1
267 505 1
267 589 1
267 693 1
267 719 1
267 728 1
267 846 1
267 941 1
267 978 1
268 269 1
268 307 1
268 323 1
268 329 1
268 447 1
268 470 1
268 509 1
268 520 1
268 626 1
268 650 1
268 701 1
268 804 1
268 855 1
269 381 1
269 590 1
269 625 1
269 827 1
269 874 1
269 887 1
269 993 1
270 291 1
270 334 1
270 535 1
270 620 1
270 668 1
270 838 1
270 864 1
270 938 1
271 427 1
271 484 1
271 529 1
271 625 1
271 645 1
271 769 1
271 804 1
271 958 1
271 979 1
272 822 1
272 903 1
272 974 1
272 978 1
273 296 1
273 335 1
273 340 1
273 679 1
273 682 1
273 738 1
273 885 1
273 898 1
273 998 1
274 443 1
274 571 1
274 626 1
274 650 1
274 803 1
274 831 1
274 849 1
274 886 1
274 903 1
274 942 1
275 708 1
275 867 1
276 379 1
276 438 1
276 446 1
276 777 1
276 838 1
276 842 1
276 861 1
276 970 1
277 537 1
277 590 1
277 632 1
277 770 1
277 884 1
277 922 1
278 342 1
278 445 1
278 528 1
278 743 1
278 769 1
278 819 1
279 544 1
279 611 1
279 780 1
279 887 1
279 960 1
280 341 1
280 490 1
280 634 1
280 737 1
280 920 1
280 952 1
281 317 1
281 344 1
281 396 1
281 923 1
282 353 1
282 363 1
282 375 1
282 599 1
282 635 1
282 685 1
282 794 1
282 808 1
282 810 1
283 301 1
283 371 1
283 488 1
283 531 1
283 689 1
283 692 1
283 749 1
284 391 1
284 410 1
284 412 1
284 442 1
284 515 1
284 549 1
284 550 1
284 565 1
284 655 1
284 663 1
284 710 1
284 819 1
284 861 1
284 940 1
285 361 1
285 381 1
285 446 1
285 590 1
285 638 1
285 786 1
285 930 1
285 936 1
286 405 1
286 491 1
286 838 1
286 923 1
286 978 1
287 294 1
287 364 1
287 370 1
287 516 1
287 532 1
287 562 1
287 608 1
287 646 1
287 691 1
287 802 1
287 960 1
288 404 1
288 867 1
288 876 1
288 955 1
288 981 1
289 384 1
289 473 1
289 620 1
290 507 1
290 531 1
290 587 1
290 686 1
290 886 1
290 920 1
290 933 1
291 406 1
291 411 1
291 703 1
292 363 1
292 396 1
292 622 1
292 663 1
293 367 1
293 422 1
293 467 1
293 522 1
293 654 1
293 691 1
293 730 1
293 986 1
294 313 1
294 450 1
294 891 1
294 911 1
295 523 1
295 600 1
295 697 1
295 755 1
295 882 1
295 963 1
295 964 1
296 361 1
296 409 1
296 527 1
296 565 1
296 793 1
296 870 1
297 511 1
297 588 1
297 747 1
297 878 1
297 913 1
298 595 1
298 624 1
298 769 1
298 865 1
298 886 1
298 889 1
298 942 1
298 950 1
299 388 1
299 430 1
299 566 1
299 610 1
299 679 1
299 681 1
299 761 1
299 955 1
300 335 1
300 565 1
300 582 1
300 602 1
300 812 1
300 882 1
300 938 1
300 977 1
301 371 1
301 424 1
301 503 1
301 537 1
301 585 1
301 611 1
301 631 1
301 705 1
301 719 1
301 844 1
301 904 1
302 460 1
302 578 1
302 628 1
302 686 1
302 723 1
302 814 1
302 830 1
303 500 1
303 704 1
303 718 1
303 807 1
303 987 1
304 375 1
304 477 1
304 506 1
304 567 1
304 573 1
304 725 1
304 826 1
304 925 1
304 956 1
305 361 1
305 419 1
305 566 1
305 599 1
305 756 1
305 772 1
305 790 1
305 859 1
305 860 1
306 399 1
306 856 1
306 878 1
306 941 1
306 985 1
306 999 1
307 399 1
307 615 1
307 810 1
307 949 1
308 419 1
309 353 1
309 358 1
309 399 1
309 485 1
309 578 1
309 720 1
309 811 1
309 847 1
309 929 1
309 935 1
310 415 1
310 431 1
310 455 1
310 715 1
310 968 1
311 468 1
311 563 1
311 794 1
311 837 1
312 357 1
312 438 1
312 492 1
312 521 1
312 596 1
312 777 1
312 820 1
312 838 1
312 841 1
312 943 1
312 979 1
313 379 1
313 507 1
313 592 1
313 722 1
313 724 1
313 757 1
313 773 1
313 778 1
313 843 1
313 939 1
314 710 1
314 876 1
314 905 1
314 909 1
314 951 1
315 657 1
315 736 1
315 992 1
316 359 1
316 424 1
316 439 1
316 549 1
316 584 1
316 691 1
316 972 1
316 989 1
317 340 1
317 625 1
317 654 1
317 679 1
317 703 1
317 720 1
318 494 1
318 546 1
318 576 1
318 884 1
318 941 1
318 947 1
319 438 1
319 448 1
319 464 1
319 552 1
319 578 1
319 748 1
319 770 1
319 894 1
319 909 1
320 329 1
320 375 1
320 466 1
320 523 1
320 600 1
320 629 1
320 679 1
320 707 1
320 832 1
320 856 1
320 951 1
320 979 1
321 324 1
321 367 1
321 455 1
321 483 1
321 543 1
321 774 1
321 783 1
321 803 1
322 347 1
322 360 1
322 485 1
322 513 1
322 557 1
322 560 1
322 589 1
322 600 1
322 656 1
322 836 1
322 883 1
323 396 1
323 771 1
324 404 1
324 416 1
324 631 1
325 381 1
325 424 1
325 478 1
325 521 1
325 535 1
325 550 1
325 560 1
325 647 1
325 659 1
325 869 1
326 582 1
326 586 1
326 853 1
326 859 1
326 887 1
326 888 1
326 920 1
326 947 1
326 965 1
327 342 1
327 356 1
327 522 1
327 600 1
327 654 1
327 670 1
327 733 1
327 843 1
327 912 1
328 344 1
328 410 1
328 464 1
328 473 1
328 482 1
328 710 1
328 741 1
328 860 1
328 966 1
329 451 1
329 488 1
329 502 1
329 535 1
329 673 1
329 707 1
329 720 1
329 750 1
329 997 1
330 334 1
330 347 1
330 377 1
330 378 1
330 394 1
330 634 1
330 886 1
331 523 1
331 532 1
331 553 1
331 740 1
331 742 1
331 752 1
331 893 1
332 337 1
332 353 1
332 365 1
332 394 1
332 433 1
332 509 1
332 559 1
332 585 1
332 741 1
332 916 1
333 377 1
333 479 1
333 489 1
333 571 1
333 584 1
333 656 1
333 739 1
333 837 1
333 882 1
333 883 1
334 379 1
334 509 1
334 543 1
334 919 1
334 941 1
334 976 1
335 362 1
335 541 1
335 626 1
335 634 1
335 693 1
335 728 1
335 798 1
335 854 1
336 394 1
336 531 1
336 684 1
336 749 1
336 766 1
337 407 1
337 588 1
337 726 1
338 375 1
338 509 1
338 703 1
339 389 1
339 463 1
339 531 1
339 550 1
339 590 1
339 631 1
339 970 1
340 457 1
340 673 1
341 479 1
341 542 1
341 671 1
341 777 1
342 466 1
342 760 1
342 967 1
343 621 1
343 625 1
343 730 1
343 800 1
343 801 1
343 844 1
343 908 1
344 424 1
344 467 1
344 761 1
344 768 1
344 948 1
344 963 1
345 508 1
345 540 1
345 579 1
345 720 1
345 809 1
345 817 1
345 836 1
345 853 1
345 984 1
345 996 1
346 357 1
346 360 1
346 529 1
346 547 1
346 690 1
346 853 1
347 437 1
347 549 1
347 552 1
347 554 1
347 703 1
348 380 1
348 406 1
348 578 1
348 618 1
348 742 1
348 883 1
348 924 1
349 528 1
349 530 1
349 762 1
349 773 1
349 793 1
349 811 1
349 826 1
349 851 1
349 983 1
350 393 1
350 399 1
350 481 1
350 605 1
350 615 1
350 929 1
350 944 1
351 663 1
351 844 1
351 884 1
352 426 1
352 667 1
352 865 1
352 954 1
353 558 1
353 609 1
353 877 1
354 411 1
354 546 1
354 550 1
354 806 1
354 815 1
354 946 1
355 418 1
355 715 1
355 761 1
355 814 1
355 928 1
355 990 1
356 395 1
356 451 1
356 475 1
356 488 1
356 500 1
356 773 1
356 778 1
357 400 1
357 425 1
357 486 1
357 609 1
357 723 1
357 744 1
357 812 1
357 822 1
357 997 1
358 467 1
358 628 1
358 633 1
358 834 1
359 363 1
359 739 1
359 873 1
360 374 1
360 421 1
360 626 1
360 663 1
360 709 1
360 720 1
361 410 1
361 464 1
361 485 1
361 726 1
361 991 1
362 429 1
362 532 1
362 838 1
362 881 1
363 411 1
363 489 1
363 526 1
363 553 1
363 592 1
363 773 1
363 795 1
364 508 1
364 681 1
364 827 1
364 880 1
364 906 1
365 436 1
365 480 1
365 509 1
365 510 1
365 581 1
365 664 1
365 672 1
365 693 1
365 707 1
365 827 1
366 448 1
366 486 1
366 722 1
366 800 1
366 906 1
366 950 1
367 507 1
367 630 1
367 666 1
367 879 1
368 603 1
368 658 1
368 778 1
368 992 1
369 427 1
369 648 1
369 661 1
369 747 1
369 795 1
369 830 1
369 878 1
370 508 1
370 534 1
370 580 1
370 601 1
370 684 1
370 779 1
370 879 1
371 442 1
371 578 1
371 593 1
371 644 1
371 696 1
371 773 1
371 775 1
372 394 1
372 627 1
372 745 1
373 448 1
373 621 1
373 630 1
373 660 1
373 734 1
373 816 1
373 828 1
373 898 1
373 944 1
374 655 1
374 795 1
374 952 1
375 502 1
375 548 1
375 644 1
375 683 1
375 687 1
375 718 1
375 872 1
375 957 1
376 578 1
376 604 1
376 807 1
376 861 1
377 444 1
377 459 1
377 471 1
377 484 1
377 496 1
377 581 1
377 727 1
377 840 1
377 919 1
377 941 1
378 435 1
378 614 1
378 744 1
378 914 1
379 407 1
379 428 1
379 454 1
379 455 1
379 478 1
379 534 1
379 551 1
379 579 1
379 621 1
379 660 1
379 676 1
379 812 1
379 961 1
380 563 1
380 657 1
380 693 1
380 730 1
380 807 1
380 892 1
380 967 1
381 589 1
381 847 1
382 385 1
382 511 1
382 712 1
382 744 1
383 397 1
383 404 1
383 699 1
383 907 1
384 397 1
384 543 1
384 549 1
384 647 1
384 773 1
384 828 1
384 904 1
384 997 1
385 531 1
385 702 1
385 707 1
385 785 1
385 834 1
385 849 1
385 858 1
386 646 1
386 706 1
387 547 1
387 694 1
387 695 1
387 744 1
387 811 1
388 448 1
388 455 1
388 470 1
388 492 1
388 549 1
388 552 1
388 910 1
389 398 1
389 457 1
389 814 1
389 881 1
389 906 1
390 412 1
390 545 1
390 659 1
390 753 1
390 779 1
390 932 1
390 970 1
391 492 1
391 495 1
391 586 1
391 598 1
391 796 1
391 862 1
391 983 1
392 413 1
392 415 1
392 458 1
392 606 1
392 640 1
392 733 1
392 784 1
392 845 1
392 862 1
392 978 1
393 419 1
393 566 1
393 573 1
393 770 1
393 804 1
393 955 1
394 434 1
394 624 1
394 687 1
394 768 1
394 934 1
394 989 1
394 998 1
395 459 1
395 535 1
395 545 1
395 679 1
395 721 1
395 987 1
396 527 1
396 645 1
396 780 1
396 808 1
396 830 1
396 859 1
396 943 1
396 957 1
396 981 1
397 514 1
397 539 1
397 607 1
397 829 1
397 889 1
398 504 1
398 509 1
398 643 1
398 654 1
398 736 1
398 741 1
398 840 1
398 945 1
399 450 1
399 490 1
399 613 1
399 778 1
399 862 1
399 985 1
400 435 1
400 532 1
400 573 1
400 664 1
400 665 1
400 715 1
400 871 1
400 984 1
401 544 1
401 890 1
401 917 1
401 959 1
402 501 1
402 895 1
402 903 1
402 913 1
402 915 1
402 935 1
402 948 1
403 433 1
403 473 1
403 545 1
403 664 1
403 716 1
403 790 1
403 806 1
403 810 1
403 881 1
403 916 1
403 933 1
403 955 1
404 500 1
404 508 1
404 713 1
404 833 1
404 864 1
404 907 1
404 955 1
404 994 1
405 469 1
405 556 1
405 625 1
405 859 1
406 583 1
406 636 1
406 794 1
406 818 1
406 874 1
406 875 1
407 453 1
407 997 1
408 435 1
408 498 1
408 520 1
408 888 1
408 917 1
408 988 1
409 448 1
409 509 1
409 518 1
409 529 1
409 546 1
409 570 1
409 711 1
409 981 1
410 432 1
410 473 1
410 511 1
410 558 1
410 816 1
410 910 1
411 431 1
411 596 1
411 738 1
411 913 1
411 980 1
412 427 1
412 489 1
412 530 1
412 561 1
412 592 1
412 758 1
413 558 1
413 563 1
413 621 1
413 845 1
413 896 1
414 423 1
414 454 1
414 701 1
414 709 1
414 714 1
415 544 1
415 615 1
415 772 1
415 792 1
415 901 1
415 963 1
416 589 1
416 671 1
416 706 1
416 819 1
416 850 1
417 444 1
417 631 1
417 713 1
417 749 1
417 863 1
417 887 1
417 901 1
417 904 1
418 486 1
418 535 1
418 848 1
418 876 1
419 612 1
419 763 1
419 953 1
419 955 1
420 537 1
420 604 1
420 778 1
420 843 1
421 524 1
421 885 1
421 941 1
422 559 1
422 931 1
423 466 1
423 626 1
423 654 1
423 659 1
423 714 1
423 757 1
423 908 1
424 508 1
424 521 1
424 605 1
424 699 1
424 709 1
424 720 1
424 969 1
425 465 1
425 522 1
425 615 1
425 692 1
426 581 1
426 935 1
427 623 1
427 724 1
427 888 1
427 890 1
427 944 1
428 513 1
428 539 1
428 580 1
428 600 1
428 616 1
428 651 1
428 775 1
428 804 1
428 817 1
428 833 1
428 876 1
428 937 1
429 473 1
429 692 1
429 781 1
429 794 1
429 799 1
429 802 1
430 456 1
430 531 1
430 676 1
430 697 1
430 731 1
430 738 1
430 775 1
430 814 1
430 815 1
431 675 1
431 777 1
431 811 1
431 930 1
432 519 1
432 607 1
432 681 1
432 766 1
432 855 1
432 865 1
432 938 1
433 486 1
433 654 1
433 671 1
433 744 1
433 838 1
433 990 1
434 675 1
434 683 1
434 790 1
434 968 1
435 490 1
435 503 1
435 509 1
435 572 1
435 677 1
435 834 1
435 892 1
435 899 1
435 911 1
436 744 1
436 766 1
436 983 1
437 486 1
437 606 1
437 769 1
437 803 1
437 817 1
437 958 1
438 605 1
438 675 1
438 773 1
438 798 1
438 829 1
438 842 1
438 961 1
438 973 1
438 988 1
439 629 1
439 647 1
439 684 1
439 974 1
439 975 1
440 443 1
440 459 1
440 560 1
440 678 1
440 730 1
440 775 1
440 870 1
441 468 1
441 523 1
441 704 1
441 834 1
441 838 1
441 867 1
441 924 1
441 983 1
442 516 1
442 692 1
442 728 1
442 910 1
442 978 1
443 847 1
444 569 1
444 628 1
444 657 1
444 763 1
444 876 1
445 640 1
445 794 1
445 868 1
445 917 1
445 918 1
446 492 1
446 504 1
446 592 1
446 598 1
446 630 1
446 707 1
446 712 1
446 832 1
446 883 1
447 467 1
447 551 1
447 695 1
448 518 1
448 554 1
448 612 1
448 650 1
448 710 1
448 751 1
448 779 1
448 818 1
448 906 1
448 942 1
449 783 1
449 785 1
449 833 1
449 901 1
449 916 1
449 940 1
449 956 1
450 612 1
450 692 1
450 762 1
450 829 1
450 946 1
451 469 1
451 648 1
451 700 1
451 997 1
452 601 1
452 767 1
453 495 1
453 676 1
453 706 1
453 723 1
454 671 1
454 701 1
454 758 1
454 834 1
454 935 1
454 956 1
455 666 1
455 704 1
455 796 1
456 580 1
456 590 1
456 626 1
456 659 1
456 725 1
456 843 1
456 870 1
457 604 1
457 869 1
457 948 1
457 972 1
458 585 1
458 639 1
458 823 1
458 840 1
458 946 1
459 498 1
459 513 1
459 515 1
459 592 1
459 701 1
459 707 1
459 756 1
459 857 1
459 861 1
460 488 1
460 500 1
460 516 1
460 550 1
460 764 1
460 928 1
461 527 1
461 561 1
461 827 1
461 960 1
462 468 1
462 492 1
462 669 1
463 467 1
463 867 1
463 966 1
464 520 1
464 524 1
464 535 1
464 789 1
464 881 1
464 929 1
464 980 1
465 508 1
465 574 1
465 605 1
465 818 1
465 923 1
465 961 1
466 516 1
466 531 1
466 571 1
466 667 1
466 913 1
467 501 1
467 614 1
467 695 1
467 849 1
467 920 1
467 972 1
468 493 1
468 517 1
468 712 1
468 850 1
468 887 1
468 956 1
469 521 1
469 555 1
469 732 1
469 831 1
469 888 1
469 985 1
469 999 1
470 561 1
470 678 1
470 798 1
470 985 1
471 582 1
471 651 1
471 743 1
471 761 1
471 772 1
471 806 1
471 876 1
472 535 1
472 623 1
472 624 1
472 626 1
472 702 1
472 745 1
472 749 1
472 806 1
472 866 1
472 906 1
472 910 1
472 915 1
472 965 1
473 693 1
473 783 1
473 822 1
473 875 1
473 880 1
473 920 1
473 927 1
474 517 1
474 602 1
474 614 1
474 900 1
474 933 1
474 949 1
474 975 1
475 498 1
475 638 1
475 731 1
475 795 1
475 915 1
475 997 1
476 485 1
476 564 1
476 603 1
476 644 1
476 827 1
476 847 1
477 508 1
477 578 1
477 600 1
477 696 1
477 753 1
477 786 1
477 864 1
478 564 1
478 737 1
478 817 1
478 903 1
478 928 1
479 485 1
479 488 1
479 549 1
479 652 1
479 735 1
480 508 1
480 635 1
480 646 1
480 657 1
481 543 1
481 643 1
481 686 1
481 754 1
481 871 1
481 889 1
481 933 1
482 703 1
482 886 1
483 520 1
483 616 1
483 661 1
483 665 1
483 809 1
483 811 1
484 551 1
484 558 1
484 792 1
485 546 1
485 643 1
485 682 1
485 842 1
485 985 1
486 544 1
486 615 1
486 665 1
486 671 1
486 876 1
486 894 1
486 994 1
487 728 1
487 938 1
488 559 1
488 605 1
488 641 1
488 775 1
489 684 1
489 795 1
489 964 1
489 982 1
490 535 1
490 656 1
490 698 1
490 736 1
490 924 1
490 984 1
491 594 1
491 621 1
491 844 1
492 647 1
492 669 1
492 688 1
492 891 1
492 991 1
493 673 1
493 674 1
493 697 1
493 794 1
493 922 1
494 543 1
494 552 1
494 827 1
494 902 1
495 536 1
495 675 1
495 687 1
495 781 1
495 858 1
495 995 1
496 613 1
496 618 1
496 664 1
496 733 1
496 768 1
496 815 1
496 928 1
496 948 1
496 992 1
497 733 1
497 791 1
497 883 1
498 545 1
498 595 1
498 676 1
498 715 1
498 832 1
498 923 1
498 940 1
499 675 1
499 753 1
499 934 1
499 970 1
500 574 1
500 612 1
500 638 1
500 699 1
500 702 1
500 724 1
500 743 1
500 745 1
500 855 1
500 861 1
501 773 1
502 561 1
502 646 1
502 721 1
502 763 1
502 838 1
502 869 1
502 878 1
503 523 1
503 529 1
503 538 1
503 574 1
503 632 1
503 710 1
503 848 1
504 511 1
504 556 1
504 650 1
504 734 1
504 759 1
504 919 1
505 555 1
505 675 1
505 687 1
505 717 1
505 850 1
506 679 1
506 789 1
506 796 1
507 629 1
507 743 1
507 982 1
507 992 1
508 515 1
508 593 1
508 772 1
508 913 1
508 976 1
509 727 1
509 954 1
509 957 1
510 592 1
510 603 1
510 671 1
510 672 1
510 765 1
510 876 1
511 566 1
511 707 1
511 756 1
512 517 1
512 540 1
512 613 1
512 673 1
512 675 1
512 995 1
513 594 1
513 727 1
513 837 1
513 977 1
513 989 1
514 580 1
514 701 1
514 705 1
514 707 1
514 839 1
515 736 1
515 894 1
515 948 1
516 564 1
516 622 1
516 749 1
516 841 1
517 975 1
518 577 1
518 606 1
518 771 1
518 842 1
518 919 1
518 923 1
519 617 1
519 632 1
519 661 1
519 678 1
519 962 1
519 994 1
520 671 1
520 680 1
520 805 1
520 859 1
520 895 1
520 955 1
520 960 1
520 996 1
521 700 1
521 861 1
522 545 1
522 780 1
522 795 1
522 804 1
522 855 1
522 866 1
522 928 1
522 972 1
522 999 1
523 727 1
524 554 1
524 654 1
524 715 1
524 831 1
524 861 1
525 899 1
526 560 1
526 630 1
526 678 1
526 708 1
526 790 1
526 990 1
527 530 1
527 736 1
527 755 1
527 827 1
527 873 1
527 896 1
527 899 1
527 954 1
528 620 1
528 681 1
528 694 1
528 739 1
528 807 1
528 899 1
529 649 1
529 829 1
530 612 1
530 630 1
530 814 1
531 548 1
531 607 1
531 789 1
531 903 1
531 940 1
531 967 1
531 983 1
532 599 1
532 839 1
532 847 1
532 940 1
533 564 1
533 587 1
533 785 1
533 842 1
533 931 1
533 935 1
533 952 1
534 565 1
534 593 1
534 854 1
534 911 1
534 934 1
535 622 1
535 802 1
535 893 1
535 894 1
535 913 1
535 946 1
535 997 1
536 585 1
536 731 1
536 812 1
536 851 1
536 890 1
536 955 1
536 992 1
537 546 1
537 564 1
537 639 1
537 716 1
537 770 1
537 822 1
538 696 1
538 781 1
538 792 1
538 870 1
538 950 1
539 613 1
539 661 1
539 696 1
539 745 1
539 749 1
539 901 1
539 956 1
539 961 1
540 573 1
540 598 1
540 611 1
540 726 1
540 866 1
541 655 1
541 671 1
541 829 1
541 846 1
541 948 1
541 960 1
542 627 1
542 858 1
542 882 1
542 909 1
542 933 1
542 945 1
543 569 1
543 635 1
543 786 1
543 829 1
543 847 1
544 586 1
544 591 1
544 849 1
544 921 1
545 588 1
546 925 1
547 678 1
547 735 1
547 778 1
547 916 1
548 584 1
548 758 1
548 985 1
549 731 1
549 812 1
549 917 1
549 949 1
549 954 1
550 628 1
550 640 1
550 983 1
551 575 1
551 582 1
551 638 1
551 815 1
551 933 1
551 970 1
552 636 1
552 679 1
552 710 1
552 736 1
552 797 1
553 672 1
553 752 1
554 592 1
554 733 1
554 752 1
555 591 1
555 652 1
555 679 1
555 871 1
555 912 1
555 973 1
556 597 1
556 648 1
557 995 1
558 682 1
558 687 1
558 703 1
558 947 1
558 956 1
559 573 1
559 693 1
559 807 1
559 855 1
559 968 1
560 623 1
560 698 1
560 708 1
560 768 1
561 603 1
561 607 1
561 646 1
561 699 1
561 731 1
561 856 1
561 913 1
562 606 1
562 619 1
562 749 1
562 836 1
562 879 1
562 967 1
563 748 1
563 832 1
563 898 1
563 936 1
563 970 1
564 623 1
564 644 1
564 735 1
564 772 1
564 910 1
564 969 1
564 970 1
564 975 1
565 891 1
565 947 1
565 993 1
566 573 1
566 587 1
566 620 1
566 747 1
566 828 1
566 849 1
566 909 1
566 925 1
567 777 1
567 786 1
567 940 1
568 628 1
568 739 1
568 905 1
568 952 1
569 640 1
569 644 1
570 573 1
570 599 1
570 631 1
570 820 1
571 631 1
572 834 1
572 906 1
572 967 1
573 638 1
573 728 1
573 733 1
573 743 1
573 751 1
574 611 1
574 638 1
574 651 1
574 818 1
574 819 1
574 930 1
575 649 1
576 582 1
576 611 1
576 643 1
576 793 1
577 585 1
577 592 1
577 693 1
577 850 1
577 869 1
577 920 1
577 957 1
579 602 1
579 619 1
579 634 1
579 642 1
579 763 1
579 807 1
579 867 1
579 909 1
579 918 1
579 993 1
580 786 1
580 829 1
581 583 1
581 618 1
581 667 1
581 694 1
581 716 1
581 805 1
581 806 1
581 853 1
581 870 1
581 925 1
582 615 1
582 656 1
582 787 1
582 867 1
582 942 1
582 947 1
583 598 1
583 716 1
583 719 1
583 754 1
583 783 1
584 641 1
584 868 1
584 928 1
585 594 1
586 597 1
586 760 1
586 761 1
586 797 1
586 874 1
586 913 1
586 971 1
587 762 1
587 838 1
587 867 1
587 904 1
587 990 1
588 589 1
588 980 1
589 596 1
589 612 1
589 654 1
589 882 1
589 944 1
590 712 1
590 924 1
590 981 1
591 661 1
591 751 1
591 812 1
591 833 1
591 899 1
592 635 1
592 652 1
592 759 1
592 879 1
593 623 1
593 797 1
593 972 1
594 700 1
594 713 1
594 878 1
594 896 1
595 746 1
595 781 1
595 805 1
595 867 1
596 763 1
596 791 1
596 883 1
596 902 1
596 978 1
597 659 1
597 847 1
597 975 1
597 999 1
598 859 1
598 931 1
599 731 1
599 768 1
599 797 1
599 881 1
600 734 1
600 818 1
600 924 1
600 930 1
600 951 1
601 609 1
601 619 1
601 849 1
601 887 1
601 950 1
602 625 1
602 810 1
602 819 1
602 845 1
602 910 1
602 938 1
603 646 1
603 674 1
603 680 1
603 709 1
603 918 1
603 938 1
604 609 1
604 620 1
604 672 1
605 863 1
605 912 1
605 971 1
606 741 1
606 778 1
606 907 1
606 991 1
607 824 1
607 879 1
608 833 1
608 882 1
608 903 1
608 967 1
609 683 1
609 944 1
609 982 1
610 629 1
610 744 1
610 801 1
610 881 1
610 937 1
611 737 1
611 771 1
612 723 1
613 623 1
614 623 1
614 668 1
614 731 1
615 715 1
615 865 1
615 886 1
616 844 1
616 869 1
616 977 1
616 997 1
617 628 1
617 896 1
618 642 1
618 818 1
618 824 1
618 989 1
619 700 1
619 716 1
620 810 1
620 826 1
620 917 1
620 948 1
620 989 1
621 851 1
622 793 1
622 851 1
622 884 1
623 980 1
624 659 1
624 664 1
624 672 1
624 686 1
624 694 1
624 753 1
624 808 1
624 987 1
625 629 1
625 780 1
625 851 1
625 895 1
626 811 1
626 821 1
626 880 1
626 970 1
627 892 1
627 952 1
628 747 1
628 906 1
629 647 1
629 693 1
629 765 1
629 810 1
629 933 1
629 995 1
630 664 1
630 666 1
630 677 1
630 812 1
631 658 1
631 715 1
631 716 1
631 744 1
631 955 1
631 985 1
632 644 1
632 807 1
633 640 1
633 662 1
633 685 1
633 695 1
633 815 1
633 842 1
633 873 1
633 880 1
634 723 1
634 866 1
634 931 1
634 941 1
634 997 1
635 689 1
635 863 1
635 887 1
635 971 1
636 683 1
636 686 1
636 852 1
636 860 1
636 963 1
636 985 1
637 722 1
637 829 1
637 960 1
638 646 1
638 740 1
638 784 1
638 860 1
638 919 1
638 932 1
638 939 1
639 689 1
639 844 1
639 986 1
640 741 1
640 944 1
641 910 1
641 911 1
641 990 1
642 829 1
642 872 1
642 982 1
643 699 1
643 808 1
644 646 1
644 864 1
644 901 1
644 946 1
645 697 1
645 763 1
645 808 1
645 820 1
645 838 1
646 648 1
646 706 1
646 714 1
646 941 1
646 982 1
647 685 1
647 704 1
647 720 1
647 753 1
647 779 1
647 849 1
647 885 1
647 912 1
647 952 1
647 958 1
647 990 1
648 820 1
648 907 1
648 966 1
649 719 1
649 751 1
649 920 1
649 923 1
649 990 1
650 758 1
650 792 1
651 680 1
651 701 1
651 751 1
651 887 1
652 661 1
652 684 1
652 828 1
652 830 1
652 929 1
652 939 1
652 965 1
653 684 1
653 757 1
653 807 1
654 754 1
654 841 1
655 683 1
655 694 1
655 695 1
656 909 1
657 724 1
657 978 1
658 735 1
658 752 1
658 801 1
658 881 1
658 1000 1
659 987 1
659 990 1
660 775 1
661 717 1
661 805 1
662 713 1
662 719 1
662 884 1
663 712 1
663 719 1
663 750 1
663 774 1
663 853 1
663 986 1
664 787 1
664 862 1
664 883 1
664 903 1
664 926 1
665 797 1
665 890 1
665 976 1
666 883 1
666 897 1
666 916 1
667 683 1
668 731 1
668 904 1
669 677 1
669 684 1
669 709 1
669 811 1
669 875 1
669 926 1
669 946 1
671 761 1
671 769 1
671 938 1
672 732 1
673 679 1
673 921 1
674 995 1
675 835 1
676 905 1
677 712 1
677 821 1
677 881 1
677 882 1
677 912 1
677 971 1
678 991 1
679 984 1
680 698 1
680 703 1
680 762 1
681 992 1
682 711 1
682 878 1
682 890 1
682 894 1
683 980 1
683 985 1
684 702 1
684 808 1
684 956 1
684 996 1
685 813 1
686 798 1
686 840 1
686 959 1
689 752 1
689 810 1
689 909 1
689 926 1
691 731 1
691 794 1
691 831 1
692 869 1
692 879 1
692 932 1
693 828 1
693 985 1
694 785 1
694 835 1
694 836 1
694 874 1
694 889 1
694 892 1
694 976 1
695 802 1
695 838 1
695 857 1
695 945 1
695 984 1
696 815 1
696 931 1
697 725 1
697 760 1
697 893 1
697 912 1
698 765 1
698 940 1
699 824 1
700 846 1
700 863 1
700 882 1
701 702 1
701 819 1
701 868 1
701 894 1
701 953 1
701 972 1
703 744 1
703 894 1
703 949 1
704 745 1
705 895 1
706 739 1
706 835 1
706 897 1
707 711 1
707 758 1
707 904 1
707 927 1
707 958 1
708 736 1
708 842 1
708 847 1
708 970 1
708 979 1
708 995 1
709 953 1
711 731 1
711 954 1
712 766 1
712 778 1
712 986 1
713 757 1
713 844 1
714 813 1
714 878 1
715 747 1
715 996 1
716 720 1
716 922 1
717 941 1
718 811 1
718 933 1
719 973 1
720 728 1
720 825 1
720 857 1
721 728 1
721 927 1
721 971 1
722 983 1
723 742 1
723 744 1
723 771 1
723 802 1
723 928 1
723 965 1
724 751 1
724 910 1
724 980 1
726 755 1
726 821 1
727 960 1
728 851 1
728 862 1
728 915 1
728 995 1
729 798 1
730 945 1
731 815 1
731 837 1
731 942 1
731 984 1
732 794 1
732 915 1
733 763 1
733 905 1
734 791 1
734 883 1
735 824 1
736 903 1
736 915 1
736 940 1
737 807 1
737 828 1
737 979 1
738 806 1
738 837 1
739 834 1
739 856 1
739 937 1
740 845 1
742 832 1
743 757 1
743 922 1
743 944 1
743 994 1
744 752 1
745 945 1
746 759 1
746 844 1
746 863 1
746 869 1
747 866 1
747 939 1
747 958 1
747 973 1
749 796 1
749 875 1
749 948 1
750 992 1
751 922 1
751 954 1
752 800 1
752 842 1
752 920 1
752 975 1
753 906 1
753 960 1
754 793 1
754 906 1
754 944 1
755 815 1
755 834 1
755 872 1
756 772 1
756 819 1
756 939 1
757 848 1
757 864 1
757 897 1
757 944 1
757 945 1
757 982 1
758 798 1
758 815 1
758 864 1
758 871 1
760 890 1
760 966 1
761 792 1
761 853 1
762 972 1
763 825 1
763 922 1
764 810 1
764 880 1
764 914 1
765 860 1
767 896 1
768 853 1
768 862 1
768 953 1
770 783 1
770 804 1
770 818 1
770 906 1
770 937 1
770 963 1
771 886 1
771 928 1
772 806 1
772 821 1
772 887 1
772 980 1
772 996 1
773 889 1
774 929 1
774 940 1
775 898 1
776 984 1
777 798 1
777 829 1
777 892 1
778 946 1
778 979 1
779 859 1
780 813 1
780 907 1
780 976 1
780 979 1
780 998 1
782 815 1
782 924 1
782 964 1
782 979 1
783 804 1
783 834 1
783 850 1
783 858 1
783 905 1
783 913 1
783 963 1
783 979 1
784 789 1
784 836 1
784 863 1
784 988 1
785 843 1
786 800 1
786 957 1
786 978 1
787 842 1
787 912 1
789 843 1
789 902 1
789 937 1
790 855 1
790 863 1
790 866 1
790 946 1
790 980 1
791 877 1
791 980 1
792 818 1
792 851 1
792 853 1
792 942 1
794 830 1
795 856 1
796 853 1
797 836 1
797 864 1
797 878 1
798 803 1
798 887 1
799 830 1
799 934 1
800 813 1
800 897 1
800 953 1
801 846 1
802 845 1
802 907 1
803 825 1
803 833 1
803 841 1
803 851 1
803 852 1
803 896 1
803 959 1
803 968 1
803 985 1
804 809 1
804 815 1
804 818 1
804 895 1
804 921 1
806 955 1
807 835 1
807 837 1
807 918 1
807 945 1
807 977 1
807 996 1
808 966 1
810 812 1
810 858 1
812 869 1
812 947 1
813 820 1
813 834 1
813 944 1
814 891 1
814 926 1
815 889 1
815 908 1
816 856 1
816 985 1
818 945 1
818 979 1
820 848 1
820 962 1
821 826 1
821 924 1
824 874 1
824 912 1
824 974 1
825 891 1
825 912 1
825 931 1
827 980 1
828 995 1
829 957 1
831 936 1
831 959 1
832 992 1
833 872 1
833 898 1
834 846 1
834 850 1
834 851 1
834 900 1
834 912 1
834 931 1
835 873 1
835 937 1
835 996 1
837 841 1
840 859 1
840 962 1
840 978 1
841 860 1
841 945 1
842 918 1
843 872 1
844 860 1
845 879 1
845 898 1
848 971 1
849 989 1
851 886 1
852 936 1
852 957 1
853 908 1
854 907 1
857 859 1
859 975 1
860 871 1
861 926 1
861 990 1
862 953 1
863 919 1
863 931 1
863 973 1
865 866 1
865 991 1
866 960 1
866 962 1
866 992 1
867 904 1
867 932 1
868 934 1
870 975 1
872 906 1
872 930 1
872 978 1
873 877 1
873 983 1
875 960 1
876 916 1
876 936 1
876 937 1
877 906 1
877 986 1
877 997 1
878 979 1
879 887 1
880 934 1
880 984 1
882 915 1
882 979 1
884 894 1
884 925 1
884 933 1
884 963 1
885 900 1
885 953 1
886 896 1
887 982 1
887 988 1
889 917 1
890 930 1
890 932 1
892 973 1
895 962 1
896 901 1
896 935 1
896 995 1
898 985 1
898 993 1
900 914 1
901 969 1
901 995 1
902 996 1
904 910 1
906 938 1
906 964 1
908 922 1
909 933 1
912 918 1
912 933 1
913 918 1
913 926 1
913 960 1
913 998 1
914 985 1
914 987 1
916 948 1
917 943 1
917 953 1
918 943 1
918 993 1
919 936 1
919 956 1
920 985 1
921 949 1
922 950 1
924 978 1
924 996 1
926 986 1
927 940 1
927 998 1
928 964 1
929 975 1
933 957 1
934 993 1
935 971 1
936 948 1
936 949 1
937 941 1
937 971 1
939 996 1
940 947 1
940 955 1
940 962 1
941 959 1
941 973 1
942 983 1
943 988 1
944 993 1
951 953 1
952 989 1
956 995 1
957 972 1
957 993 1
961 968 1
962 995 1
966 975 1
967 978 1
970 996 1
971 988 1
976 996 1
977 997 1
981 987 1
981 990 1
982 991 1
991 998 1
