1000 5078
1 44 1
1 90 1
1 126 1
1 272 1
1 280 1
1 336 1
1 366 1
1 475 1
1 576 1
1 608 1
1 650 1
1 789 1
1 996 1
2 113 1
2 134 1
2 168 1
2 284 1
2 572 1
2 669 1
2 972 1
2 974 1
2 992 1
3 65 1
3 145 1
3 166 1
3 218 1
3 267 1
3 316 1
3 429 1
3 530 1
3 644 1
3 776 1
3 829 1
3 928 1
3 943 1
3 964 1
4 66 1
4 113 1
4 229 1
4 296 1
4 323 1
4 342 1
4 350 1
4 379 1
4 401 1
4 631 1
4 636 1
4 799 1
4 980 1
5 13 1
5 172 1
5 229 1
5 346 1
5 675 1
5 705 1
5 841 1
5 925 1
5 974 1
6 126 1
6 155 1
6 248 1
6 384 1
6 448 1
6 522 1
6 732 1
7 87 1
7 88 1
7 95 1
7 251 1
7 340 1
7 450 1
7 495 1
7 500 1
7 630 1
7 655 1
7 670 1
7 768 1
7 870 1
8 31 1
8 68 1
8 107 1
8 351 1
8 409 1
8 428 1
8 497 1
8 500 1
8 587 1
8 592 1
8 670 1
8 911 1
9 42 1
9 91 1
9 104 1
9 129 1
9 370 1
9 595 1
9 647 1
9 669 1
9 702 1
9 711 1
9 741 1
9 870 1
9 899 1
9 901 1
9 918 1
9 999 1
10 12 1
10 86 1
10 164 1
10 223 1
10 453 1
10 641 1
10 885 1
10 989 1
10 996 1
11 147 1
11 231 1
11 347 1
11 391 1
11 439 1
11 445 1
11 570 1
11 624 1
11 970 1
11 978 1
12 47 1
12 75 1
12 130 1
12 249 1
12 470 1
12 657 1
12 855 1
12 891 1
13 248 1
13 275 1
13 373 1
13 466 1
13 468 1
13 665 1
13 886 1
13 968 1
14 56 1
14 70 1
14 231 1
14 259 1
14 294 1
14 349 1
14 465 1
14 484 1
14 506 1
14 536 1
14 757 1
15 80 1
15 263 1
15 371 1
15 391 1
15 424 1
15 430 1
15 452 1
15 517 1
15 599 1
15 866 1
15 975 1
15 995 1
16 169 1
16 456 1
16 504 1
16 547 1
16 591 1
16 710 1
16 794 1
16 796 1
16 882 1
16 972 1
17 47 1
17 177 1
17 187 1
17 266 1
17 287 1
17 291 1
17 363 1
17 497 1
17 511 1
17 532 1
17 581 1
17 623 1
17 649 1
17 698 1
17 703 1
17 776 1
17 786 1
17 797 1
18 164 1
18 386 1
18 495 1
18 510 1
18 735 1
18 746 1
18 762 1
18 819 1
18 831 1
18 851 1
18 890 1
18 895 1
18 923 1
18 989 1
18 1000 1
19 150 1
19 192 1
19 422 1
19 463 1
19 496 1
19 608 1
19 660 1
19 681 1
19 784 1
20 77 1
20 88 1
20 95 1
20 161 1
20 228 1
20 275 1
20 345 1
20 367 1
20 578 1
20 582 1
20 586 1
20 613 1
20 622 1
20 995 1
21 72 1
21 123 1
21 200 1
21 404 1
21 691 1
21 796 1
21 894 1
22 135 1
22 204 1
22 389 1
22 507 1
22 688 1
22 719 1
22 953 1
23 28 1
23 132 1
23 152 1
23 209 1
23 290 1
23 455 1
23 514 1
23 524 1
23 597 1
24 121 1
24 155 1
24 215 1
24 399 1
24 435 1
24 681 1
24 836 1
24 970 1
25 120 1
25 131 1
25 148 1
25 287 1
25 323 1
25 507 1
25 607 1
25 647 1
25 680 1
25 778 1
25 833 1
25 907 1
25 981 1
26 71 1
26 145 1
26 194 1
26 358 1
26 421 1
26 686 1
26 874 1
26 906 1
26 915 1
26 959 1
27 97 1
27 156 1
27 638 1
27 819 1
27 840 1
27 851 1
27 853 1
27 908 1
27 955 1
27 974 1
28 61 1
28 229 1
28 307 1
28 371 1
28 392 1
28 542 1
28 543 1
28 707 1
28 874 1
28 916 1
28 973 1
29 291 1
29 316 1
29 349 1
29 446 1
29 516 1
29 533 1
29 572 1
29 592 1
29 642 1
29 689 1
29 721 1
29 989 1
30 253 1
30 267 1
30 333 1
30 424 1
30 437 1
30 773 1
30 905 1
30 934 1
30 975 1
30 987 1
31 110 1
31 177 1
31 276 1
31 299 1
31 344 1
31 375 1
31 414 1
31 615 1
31 622 1
31 652 1
31 684 1
31 831 1
32 37 1
32 150 1
32 322 1
32 331 1
32 410 1
32 469 1
32 508 1
32 592 1
32 748 1
32 797 1
32 984 1
33 129 1
33 144 1
33 238 1
33 287 1
33 294 1
33 295 1
33 558 1
33 658 1
33 806 1
33 899 1
34 49 1
34 150 1
34 316 1
34 469 1
34 601 1
34 729 1
34 824 1
34 883 1
35 175 1
35 246 1
35 254 1
35 433 1
35 484 1
35 563 1
35 579 1
35 680 1
35 796 1
35 860 1
35 989 1
35 995 1
36 428 1
36 430 1
36 642 1
36 759 1
36 786 1
37 271 1
37 326 1
37 338 1
37 357 1
37 389 1
37 835 1
37 927 1
37 984 1
38 294 1
38 345 1
38 662 1
38 667 1
38 674 1
38 807 1
38 908 1
39 81 1
39 144 1
39 313 1
39 402 1
39 584 1
39 588 1
39 618 1
39 642 1
39 802 1
39 856 1
40 65 1
40 136 1
40 416 1
40 421 1
40 616 1
40 684 1
40 694 1
40 948 1
40 950 1
41 69 1
41 157 1
41 481 1
41 496 1
41 510 1
41 595 1
41 824 1
42 174 1
42 465 1
42 573 1
42 717 1
43 142 1
43 230 1
43 248 1
43 426 1
43 430 1
43 479 1
43 481 1
43 556 1
43 713 1
43 846 1
44 408 1
44 415 1
44 542 1
44 742 1
44 760 1
44 820 1
44 834 1
44 965 1
44 997 1
45 80 1
45 197 1
45 250 1
45 298 1
45 316 1
45 328 1
45 367 1
45 389 1
45 412 1
45 421 1
45 467 1
45 489 1
45 549 1
45 563 1
45 623 1
45 655 1
45 784 1
45 805 1
45 810 1
45 919 1
45 997 1
46 177 1
46 194 1
46 240 1
46 495 1
46 846 1
46 848 1
47 72 1
47 92 1
47 335 1
47 400 1
47 408 1
47 498 1
47 586 1
47 617 1
47 721 1
47 787 1
47 891 1
47 971 1
48 154 1
48 335 1
48 536 1
48 664 1
48 781 1
48 942 1
49 76 1
49 138 1
49 151 1
49 252 1
49 527 1
49 567 1
49 605 1
49 673 1
49 732 1
49 798 1
49 855 1
49 881 1
50 90 1
50 95 1
50 137 1
50 258 1
50 287 1
50 473 1
50 491 1
50 627 1
50 651 1
50 748 1
50 835 1
50 874 1
50 881 1
50 896 1
51 100 1
51 348 1
51 473 1
52 213 1
52 260 1
52 609 1
52 824 1
52 842 1
52 905 1
52 931 1
53 208 1
53 381 1
53 776 1
53 895 1
53 916 1
54 90 1
54 153 1
54 258 1
54 295 1
55 57 1
55 97 1
55 799 1
55 864 1
55 897 1
55 910 1
55 937 1
55 982 1
56 186 1
56 414 1
56 679 1
56 738 1
56 805 1
56 848 1
57 164 1
57 175 1
57 241 1
57 487 1
57 683 1
57 736 1
57 781 1
57 787 1
57 893 1
58 172 1
58 300 1
58 306 1
58 473 1
58 475 1
58 607 1
58 675 1
58 679 1
58 760 1
58 909 1
58 984 1
59 272 1
59 287 1
59 369 1
59 501 1
59 589 1
59 612 1
59 704 1
59 795 1
59 827 1
59 918 1
60 123 1
60 370 1
60 416 1
60 494 1
60 685 1
60 706 1
60 713 1
60 822 1
60 828 1
60 881 1
60 949 1
61 71 1
61 181 1
61 228 1
61 257 1
61 328 1
61 351 1
61 386 1
61 398 1
61 422 1
61 470 1
61 579 1
61 637 1
61 766 1
61 810 1
61 850 1
62 230 1
62 255 1
62 378 1
62 388 1
62 443 1
62 580 1
62 616 1
62 685 1
62 689 1
62 798 1
62 809 1
62 868 1
63 82 1
63 130 1
63 232 1
63 243 1
63 396 1
63 555 1
63 566 1
63 997 1
64 830 1
64 966 1
64 974 1
65 234 1
65 375 1
65 544 1
65 634 1
66 68 1
66 79 1
66 304 1
66 322 1
66 404 1
66 684 1
66 714 1
66 715 1
66 749 1
66 866 1
67 254 1
67 272 1
67 458 1
67 478 1
67 699 1
67 748 1
67 759 1
67 801 1
67 831 1
67 971 1
68 133 1
68 232 1
68 377 1
68 405 1
68 489 1
68 735 1
68 812 1
68 820 1
69 79 1
69 82 1
69 143 1
69 327 1
69 342 1
69 514 1
69 530 1
69 706 1
69 833 1
69 834 1
70 76 1
70 159 1
70 257 1
70 342 1
70 459 1
70 523 1
70 581 1
70 668 1
70 716 1
70 722 1
70 770 1
70 883 1
70 978 1
71 240 1
71 269 1
71 474 1
71 534 1
71 535 1
71 784 1
71 854 1
71 875 1
71 919 1
71 981 1
72 98 1
72 171 1
72 235 1
72 416 1
72 493 1
72 531 1
72 684 1
72 686 1
72 900 1
73 224 1
73 508 1
73 565 1
73 618 1
73 684 1
73 735 1
73 923 1
73 933 1
74 334 1
74 451 1
74 752 1
74 812 1
74 852 1
74 973 1
75 297 1
75 605 1
75 659 1
75 772 1
76 104 1
76 157 1
76 201 1
76 215 1
76 233 1
76 247 1
76 274 1
76 364 1
76 420 1
76 574 1
76 616 1
76 878 1
76 895 1
77 157 1
77 317 1
77 436 1
77 486 1
77 492 1
77 699 1
77 871 1
77 986 1
78 140 1
78 299 1
78 310 1
78 323 1
78 324 1
78 415 1
78 535 1
78 573 1
78 588 1
78 593 1
78 642 1
78 769 1
78 788 1
78 864 1
78 893 1
79 205 1
79 304 1
79 310 1
79 336 1
79 340 1
79 457 1
79 505 1
79 685 1
79 745 1
79 781 1
79 963 1
80 242 1
80 299 1
80 314 1
80 358 1
80 421 1
80 422 1
80 472 1
80 759 1
80 805 1
80 825 1
80 827 1
80 917 1
81 242 1
81 274 1
81 314 1
81 383 1
81 534 1
81 542 1
81 939 1
82 99 1
82 140 1
82 153 1
82 388 1
82 434 1
82 532 1
82 570 1
82 576 1
82 642 1
82 712 1
83 148 1
83 262 1
83 265 1
83 288 1
83 347 1
83 387 1
83 395 1
83 414 1
83 456 1
83 555 1
83 967 1
84 435 1
84 436 1
84 445 1
84 449 1
84 506 1
84 570 1
84 593 1
84 627 1
85 270 1
85 283 1
85 374 1
85 430 1
85 485 1
85 658 1
85 686 1
85 698 1
85 987 1
86 169 1
86 300 1
86 399 1
86 470 1
86 569 1
86 643 1
87 141 1
87 166 1
87 313 1
87 358 1
87 635 1
87 662 1
87 669 1
87 730 1
87 804 1
87 944 1
88 92 1
88 152 1
88 194 1
88 225 1
88 281 1
88 292 1
88 322 1
88 323 1
88 327 1
88 334 1
88 337 1
88 373 1
88 404 1
88 511 1
88 661 1
88 769 1
88 822 1
88 886 1
89 201 1
89 276 1
89 328 1
89 372 1
89 509 1
89 803 1
89 941 1
89 954 1
90 114 1
90 172 1
90 258 1
90 270 1
90 356 1
90 498 1
90 587 1
90 745 1
90 758 1
90 878 1
90 932 1
90 971 1
91 263 1
91 478 1
91 479 1
91 494 1
91 536 1
91 559 1
91 615 1
91 742 1
92 142 1
92 167 1
92 204 1
92 883 1
92 912 1
92 954 1
93 104 1
93 328 1
93 343 1
93 457 1
93 508 1
93 530 1
93 690 1
94 189 1
94 309 1
94 332 1
94 361 1
94 384 1
94 441 1
94 666 1
94 793 1
94 834 1
95 119 1
95 250 1
95 554 1
95 670 1
95 708 1
95 880 1
95 910 1
95 970 1
96 155 1
96 210 1
96 770 1
96 849 1
96 923 1
96 925 1
97 205 1
97 288 1
97 414 1
97 458 1
97 506 1
97 644 1
97 805 1
97 867 1
97 906 1
98 125 1
98 319 1
98 340 1
98 371 1
98 377 1
98 479 1
98 504 1
98 551 1
98 623 1
98 648 1
98 652 1
98 781 1
98 849 1
98 908 1
99 149 1
99 165 1
99 282 1
99 296 1
99 460 1
99 562 1
99 991 1
100 138 1
100 171 1
100 315 1
100 481 1
100 656 1
100 673 1
100 704 1
100 729 1
100 780 1
100 836 1
100 880 1
100 968 1
101 122 1
101 162 1
101 337 1
101 351 1
101 556 1
101 857 1
101 928 1
102 196 1
102 356 1
102 383 1
102 404 1
102 595 1
102 694 1
102 854 1
102 881 1
103 157 1
103 161 1
103 171 1
103 226 1
103 546 1
103 549 1
103 826 1
103 919 1
103 996 1
104 216 1
104 328 1
104 347 1
104 434 1
104 441 1
104 730 1
104 831 1
104 863 1
104 911 1
104 942 1
105 160 1
105 186 1
105 208 1
105 217 1
105 295 1
105 344 1
105 379 1
105 481 1
105 546 1
105 703 1
105 757 1
105 860 1
106 215 1
106 396 1
106 416 1
106 439 1
106 471 1
106 559 1
106 737 1
106 879 1
106 889 1
107 168 1
107 340 1
107 410 1
107 414 1
107 432 1
107 673 1
107 896 1
107 972 1
108 229 1
108 456 1
108 493 1
108 604 1
108 697 1
108 864 1
109 265 1
109 266 1
109 434 1
109 438 1
109 597 1
110 418 1
110 445 1
110 496 1
110 608 1
110 679 1
110 762 1
110 800 1
110 838 1
111 313 1
111 516 1
111 558 1
111 880 1
111 891 1
111 925 1
111 992 1
112 459 1
112 519 1
112 596 1
112 659 1
112 666 1
112 732 1
112 800 1
112 813 1
112 832 1
113 155 1
113 278 1
113 335 1
113 367 1
113 477 1
113 478 1
113 533 1
113 562 1
113 688 1
113 801 1
113 831 1
113 950 1
114 429 1
114 513 1
114 547 1
114 640 1
114 826 1
115 233 1
115 430 1
115 544 1
115 642 1
115 807 1
115 989 1
116 211 1
116 240 1
116 248 1
116 302 1
116 409 1
116 665 1
117 284 1
117 545 1
117 847 1
117 848 1
117 971 1
118 139 1
118 258 1
118 269 1
118 479 1
118 510 1
118 641 1
118 668 1
118 797 1
118 918 1
119 128 1
119 133 1
119 155 1
119 200 1
119 273 1
119 287 1
119 293 1
119 345 1
119 433 1
119 454 1
119 638 1
119 707 1
119 776 1
119 828 1
119 848 1
119 975 1
120 302 1
120 704 1
120 745 1
120 777 1
120 790 1
120 823 1
120 911 1
120 945 1
121 340 1
121 384 1
121 394 1
121 483 1
121 598 1
121 850 1
121 896 1
122 169 1
122 175 1
122 385 1
122 441 1
122 617 1
122 716 1
122 783 1
122 810 1
122 833 1
122 888 1
123 141 1
123 232 1
123 392 1
123 443 1
123 500 1
123 556 1
123 657 1
123 705 1
123 835 1
124 154 1
124 178 1
124 347 1
124 488 1
124 553 1
124 558 1
124 863 1
124 899 1
124 983 1
125 157 1
125 288 1
125 334 1
125 335 1
125 579 1
125 584 1
126 148 1
126 184 1
126 195 1
126 252 1
126 307 1
126 368 1
126 494 1
126 518 1
126 756 1
126 906 1
126 964 1
127 399 1
127 413 1
127 649 1
127 665 1
127 783 1
127 837 1
127 890 1
128 167 1
128 399 1
128 477 1
128 505 1
128 510 1
128 526 1
128 569 1
128 631 1
128 651 1
128 673 1
128 719 1
128 797 1
128 869 1
128 906 1
128 941 1
129 186 1
129 191 1
129 251 1
129 344 1
129 345 1
129 453 1
129 461 1
129 473 1
129 558 1
129 599 1
129 615 1
129 705 1
129 867 1
130 162 1
130 312 1
130 384 1
130 423 1
130 428 1
130 472 1
130 584 1
130 587 1
130 643 1
130 738 1
130 750 1
131 150 1
131 290 1
131 297 1
131 323 1
131 326 1
131 357 1
131 359 1
131 370 1
131 553 1
131 555 1
131 566 1
131 577 1
131 652 1
131 732 1
131 787 1
131 800 1
131 894 1
132 281 1
132 350 1
132 424 1
132 463 1
132 494 1
132 577 1
132 644 1
132 768 1
132 950 1
132 967 1
133 149 1
133 193 1
133 216 1
133 286 1
133 399 1
133 412 1
133 422 1
133 543 1
133 730 1
133 860 1
133 946 1
133 963 1
134 324 1
134 463 1
134 470 1
134 636 1
134 737 1
134 802 1
134 820 1
135 176 1
135 291 1
135 361 1
135 435 1
135 462 1
135 483 1
135 678 1
135 905 1
135 995 1
136 167 1
136 235 1
136 590 1
136 675 1
136 843 1
136 885 1
137 262 1
137 294 1
137 549 1
137 557 1
137 801 1
137 812 1
138 159 1
138 177 1
138 195 1
138 272 1
138 291 1
138 392 1
138 424 1
138 555 1
138 577 1
138 603 1
138 803 1
138 813 1
138 947 1
139 182 1
139 277 1
139 378 1
139 775 1
139 801 1
139 847 1
139 913 1
140 175 1
140 337 1
140 390 1
140 409 1
140 686 1
140 981 1
140 986 1
141 313 1
141 408 1
141 466 1
141 581 1
141 686 1
141 759 1
141 784 1
141 866 1
141 917 1
141 982 1
141 996 1
142 328 1
142 422 1
142 539 1
142 622 1
142 804 1
142 892 1
142 994 1
143 148 1
143 202 1
143 234 1
143 380 1
143 534 1
143 569 1
143 658 1
143 715 1
143 863 1
143 949 1
144 555 1
144 574 1
144 645 1
144 700 1
144 795 1
144 911 1
144 977 1
145 261 1
145 407 1
145 481 1
145 590 1
145 773 1
145 975 1
146 430 1
146 528 1
146 645 1
146 793 1
146 884 1
146 901 1
146 918 1
146 955 1
147 225 1
147 262 1
147 298 1
147 491 1
147 512 1
147 540 1
147 561 1
147 804 1
147 960 1
147 969 1
147 998 1
148 216 1
148 351 1
148 456 1
148 458 1
148 605 1
148 701 1
148 736 1
149 281 1
149 286 1
149 451 1
149 594 1
149 797 1
150 202 1
150 589 1
150 599 1
150 622 1
150 652 1
150 865 1
150 906 1
150 926 1
150 931 1
151 228 1
151 365 1
151 574 1
151 607 1
151 821 1
151 912 1
151 976 1
152 202 1
152 262 1
152 392 1
152 480 1
152 548 1
152 599 1
152 701 1
152 776 1
152 839 1
153 645 1
153 659 1
153 835 1
153 875 1
153 964 1
154 165 1
154 386 1
154 414 1
154 421 1
154 604 1
154 611 1
154 622 1
154 625 1
154 798 1
154 808 1
154 961 1
155 229 1
155 374 1
155 417 1
155 457 1
155 851 1
155 970 1
156 419 1
156 661 1
156 906 1
157 217 1
157 276 1
157 305 1
157 427 1
157 542 1
157 683 1
157 720 1
157 806 1
157 870 1
157 943 1
157 944 1
158 235 1
158 352 1
158 377 1
158 427 1
158 439 1
158 600 1
158 653 1
158 686 1
159 344 1
159 368 1
159 466 1
159 529 1
159 684 1
159 752 1
159 822 1
159 902 1
160 280 1
160 540 1
160 896 1
160 899 1
160 908 1
161 167 1
161 329 1
161 399 1
161 502 1
161 616 1
161 854 1
161 904 1
161 996 1
162 449 1
162 466 1
162 508 1
162 518 1
162 574 1
162 599 1
162 729 1
162 848 1
163 216 1
163 418 1
163 430 1
163 448 1
163 546 1
163 549 1
163 555 1
163 623 1
163 655 1
163 657 1
163 809 1
163 952 1
163 988 1
164 206 1
164 227 1
164 234 1
164 257 1
164 262 1
164 263 1
164 287 1
164 337 1
164 600 1
164 820 1
164 835 1
164 884 1
165 240 1
165 439 1
165 695 1
165 837 1
165 900 1
166 205 1
166 287 1
166 430 1
166 459 1
166 471 1
166 502 1
166 563 1
166 756 1
166 983 1
167 264 1
167 331 1
167 483 1
167 619 1
167 641 1
167 650 1
167 686 1
167 829 1
168 182 1
168 194 1
168 235 1
168 377 1
168 505 1
168 812 1
168 965 1
169 234 1
169 297 1
169 413 1
169 449 1
169 479 1
169 555 1
169 570 1
169 830 1
169 932 1
169 939 1
169 974 1
170 173 1
170 230 1
170 259 1
170 261 1
170 339 1
170 343 1
170 442 1
170 558 1
170 586 1
170 676 1
170 685 1
170 703 1
170 725 1
170 795 1
170 871 1
170 873 1
170 908 1
170 928 1
170 967 1
170 968 1
171 176 1
171 281 1
171 423 1
171 551 1
171 563 1
171 626 1
171 696 1
171 756 1
171 846 1
171 962 1
171 988 1
172 304 1
172 348 1
172 402 1
172 485 1
172 500 1
172 538 1
172 748 1
172 756 1
172 822 1
172 850 1
173 226 1
173 310 1
173 316 1
173 480 1
173 566 1
173 858 1
173 986 1
173 989 1
174 200 1
174 208 1
174 338 1
174 397 1
174 548 1
174 958 1
175 201 1
175 346 1
175 399 1
175 425 1
175 610 1
175 778 1
175 821 1
175 918 1
176 249 1
176 483 1
176 667 1
176 712 1
176 759 1
176 967 1
177 285 1
177 367 1
177 414 1
177 556 1
177 586 1
177 604 1
177 644 1
177 682 1
177 717 1
177 807 1
177 956 1
177 984 1
178 282 1
178 335 1
178 423 1
178 508 1
178 774 1
178 816 1
178 982 1
179 473 1
179 516 1
179 635 1
179 665 1
179 694 1
179 854 1
179 864 1
180 191 1
180 206 1
180 244 1
180 397 1
180 426 1
180 503 1
180 580 1
180 754 1
180 943 1
180 988 1
181 198 1
181 217 1
181 403 1
181 409 1
181 516 1
181 543 1
181 685 1
181 945 1
181 976 1
182 293 1
182 341 1
182 412 1
182 414 1
182 453 1
182 765 1
182 843 1
182 856 1
182 880 1
182 887 1
182 919 1
182 944 1
182 971 1
182 983 1
183 350 1
183 415 1
183 419 1
183 460 1
183 664 1
183 693 1
183 736 1
184 277 1
184 356 1
184 665 1
185 349 1
185 405 1
185 480 1
185 725 1
185 727 1
185 751 1
185 758 1
185 894 1
185 935 1
185 941 1
186 537 1
186 549 1
186 554 1
186 623 1
186 641 1
186 717 1
186 961 1
187 227 1
187 272 1
187 406 1
187 454 1
187 456 1
187 458 1
187 476 1
187 550 1
187 567 1
187 738 1
187 790 1
187 954 1
187 971 1
187 980 1
187 997 1
188 420 1
188 439 1
188 607 1
188 677 1
188 688 1
188 768 1
188 928 1
189 362 1
189 414 1
189 472 1
189 601 1
189 622 1
189 635 1
189 799 1
189 833 1
189 993 1
190 378 1
190 453 1
190 596 1
190 987 1
191 421 1
191 505 1
191 601 1
191 713 1
191 931 1
191 938 1
191 959 1
192 310 1
192 342 1
192 418 1
192 519 1
192 539 1
192 572 1
192 578 1
192 658 1
192 690 1
192 693 1
193 254 1
193 348 1
193 437 1
193 454 1
193 469 1
193 667 1
193 842 1
193 905 1
193 934 1
193 994 1
194 389 1
194 495 1
194 502 1
194 660 1
194 675 1
194 776 1
195 263 1
195 303 1
195 447 1
195 536 1
195 730 1
195 988 1
195 996 1
196 220 1
196 561 1
196 568 1
196 602 1
196 623 1
196 691 1
196 899 1
196 923 1
197 228 1
197 323 1
197 336 1
197 366 1
197 547 1
197 618 1
197 746 1
197 787 1
197 790 1
197 881 1
197 983 1
198 200 1
198 287 1
198 391 1
198 505 1
198 536 1
198 701 1
198 828 1
198 843 1
199 255 1
199 278 1
199 341 1
199 349 1
199 357 1
199 940 1
200 539 1
200 660 1
200 738 1
200 788 1
200 820 1
201 203 1
201 220 1
201 393 1
201 431 1
201 466 1
201 573 1
201 661 1
201 807 1
202 210 1
202 290 1
202 314 1
202 542 1
202 620 1
202 677 1
202 715 1
202 724 1
202 889 1
203 279 1
203 283 1
203 421 1
203 452 1
203 789 1
203 849 1
203 988 1
204 253 1
204 261 1
204 287 1
204 347 1
204 552 1
204 558 1
204 665 1
204 730 1
204 852 1
204 981 1
205 408 1
205 627 1
205 874 1
205 914 1
205 936 1
206 491 1
206 512 1
206 542 1
206 659 1
206 683 1
206 853 1
206 889 1
206 924 1
207 210 1
207 262 1
207 371 1
207 406 1
207 602 1
207 629 1
207 636 1
207 796 1
207 810 1
207 818 1
208 473 1
208 530 1
208 538 1
208 648 1
208 687 1
208 977 1
208 983 1
208 991 1
209 271 1
209 278 1
209 311 1
209 439 1
209 688 1
209 697 1
209 806 1
209 910 1
210 354 1
210 388 1
210 391 1
210 452 1
210 569 1
210 586 1
210 799 1
210 865 1
210 965 1
210 1000 1
211 393 1
211 394 1
211 581 1
211 598 1
211 655 1
211 774 1
211 780 1
211 847 1
212 366 1
212 466 1
212 513 1
212 533 1
212 767 1
212 805 1
212 870 1
212 979 1
213 239 1
213 325 1
213 404 1
213 476 1
213 527 1
213 862 1
213 927 1
213 981 1
214 302 1
214 329 1
214 338 1
214 396 1
214 510 1
214 527 1
214 642 1
214 887 1
214 933 1
215 338 1
215 403 1
215 440 1
215 449 1
215 606 1
215 706 1
215 742 1
215 809 1
215 841 1
216 261 1
216 289 1
216 496 1
216 498 1
216 501 1
216 737 1
216 767 1
216 991 1
217 226 1
217 360 1
217 499 1
217 522 1
217 683 1
217 789 1
217 854 1
217 882 1
217 901 1
217 964 1
217 983 1
218 225 1
218 411 1
218 576 1
218 622 1
218 726 1
218 801 1
218 848 1
218 888 1
218 932 1
219 274 1
219 289 1
219 328 1
219 418 1
219 428 1
219 520 1
219 550 1
219 580 1
219 671 1
219 812 1
219 930 1
219 981 1
220 428 1
220 469 1
220 607 1
220 881 1
220 977 1
221 228 1
221 231 1
221 430 1
221 546 1
221 565 1
221 582 1
221 699 1
221 781 1
221 902 1
222 310 1
222 316 1
222 361 1
222 372 1
222 421 1
222 639 1
222 692 1
222 765 1
223 242 1
223 431 1
223 478 1
223 649 1
223 676 1
223 753 1
223 878 1
223 950 1
224 243 1
224 244 1
224 405 1
224 432 1
224 449 1
224 469 1
224 592 1
224 868 1
224 894 1
224 950 1
225 243 1
225 394 1
225 425 1
225 438 1
225 456 1
225 481 1
225 516 1
225 644 1
225 726 1
225 830 1
225 843 1
225 961 1
225 967 1
225 994 1
226 264 1
226 307 1
226 317 1
226 448 1
226 530 1
226 613 1
226 824 1
227 285 1
227 379 1
227 604 1
227 731 1
227 843 1
227 950 1
227 958 1
228 387 1
228 415 1
228 492 1
228 545 1
228 563 1
228 714 1
228 742 1
228 847 1
229 314 1
229 357 1
229 546 1
229 677 1
229 827 1
229 863 1
229 970 1
230 423 1
230 448 1
230 460 1
230 648 1
230 663 1
230 731 1
230 740 1
230 910 1
230 988 1
230 999 1
231 328 1
231 500 1
231 560 1
231 590 1
231 686 1
231 755 1
231 769 1
231 828 1
231 888 1
232 479 1
232 505 1
232 656 1
232 726 1
232 748 1
232 749 1
232 751 1
232 786 1
232 834 1
233 359 1
233 366 1
233 406 1
233 443 1
233 654 1
233 879 1
233 912 1
234 493 1
234 505 1
234 603 1
234 738 1
234 756 1
234 809 1
234 976 1
235 345 1
235 520 1
235 590 1
235 759 1
235 871 1
235 905 1
235 929 1
235 990 1
236 299 1
236 542 1
236 740 1
236 773 1
236 915 1
236 929 1
237 340 1
237 378 1
237 468 1
237 472 1
237 650 1
237 832 1
237 954 1
239 387 1
239 417 1
239 664 1
239 714 1
239 787 1
240 390 1
240 511 1
240 569 1
240 664 1
240 710 1
240 818 1
240 873 1
241 253 1
241 591 1
241 636 1
241 703 1
241 821 1
241 906 1
242 328 1
242 429 1
242 694 1
242 934 1
242 967 1
242 978 1
243 256 1
243 292 1
243 380 1
243 450 1
243 847 1
243 913 1
243 1000 1
244 252 1
244 319 1
244 428 1
244 538 1
244 773 1
245 626 1
245 647 1
245 660 1
245 665 1
245 711 1
245 821 1
245 853 1
246 252 1
246 462 1
246 539 1
246 594 1
246 694 1
246 782 1
246 783 1
246 844 1
247 355 1
247 370 1
247 495 1
247 607 1
247 645 1
247 740 1
247 831 1
247 847 1
247 861 1
248 393 1
248 442 1
248 455 1
248 579 1
248 735 1
248 773 1
248 777 1
248 938 1
249 360 1
249 376 1
249 477 1
249 548 1
249 758 1
249 884 1
249 912 1
249 997 1
250 366 1
250 513 1
250 573 1
250 814 1
251 573 1
251 674 1
251 676 1
251 789 1
251 945 1
252 304 1
252 338 1
252 810 1
252 933 1
253 317 1
253 686 1
253 704 1
254 298 1
254 388 1
254 408 1
254 636 1
254 688 1
254 728 1
254 742 1
254 743 1
254 750 1
254 801 1
254 833 1
254 959 1
255 362 1
255 610 1
255 865 1
255 866 1
255 910 1
256 282 1
256 301 1
256 334 1
256 467 1
256 560 1
256 586 1
256 724 1
256 739 1
256 763 1
256 774 1
256 805 1
256 806 1
256 908 1
256 913 1
257 279 1
257 504 1
257 627 1
258 338 1
258 481 1
258 530 1
258 609 1
258 793 1
258 900 1
259 469 1
259 482 1
259 772 1
259 823 1
260 274 1
260 303 1
260 312 1
260 350 1
260 377 1
260 386 1
260 506 1
260 613 1
260 766 1
260 931 1
261 293 1
261 551 1
261 612 1
261 714 1
261 987 1
262 289 1
262 307 1
262 443 1
262 560 1
262 565 1
262 668 1
262 669 1
262 739 1
262 851 1
262 992 1
263 337 1
263 609 1
263 646 1
263 710 1
263 715 1
263 963 1
264 457 1
264 550 1
264 676 1
264 714 1
264 756 1
264 780 1
264 940 1
265 281 1
265 308 1
265 323 1
265 344 1
265 417 1
265 485 1
265 545 1
265 578 1
265 842 1
266 589 1
266 711 1
266 845 1
266 921 1
266 922 1
266 929 1
267 435 1
267 574 1
267 628 1
267 697 1
267 702 1
267 731 1
267 916 1
267 920 1
267 927 1
268 446 1
268 488 1
268 701 1
268 959 1
268 976 1
268 984 1
269 367 1
269 520 1
269 546 1
269 610 1
269 760 1
270 446 1
270 699 1
270 870 1
271 517 1
271 619 1
271 652 1
271 675 1
271 709 1
271 741 1
271 826 1
271 902 1
271 922 1
271 931 1
271 971 1
272 521 1
272 702 1
272 752 1
272 948 1
272 953 1
273 498 1
273 618 1
273 891 1
273 894 1
273 897 1
274 478 1
274 495 1
274 795 1
274 802 1
274 832 1
274 912 1
275 347 1
275 409 1
275 609 1
275 745 1
275 776 1
276 571 1
276 610 1
276 613 1
276 749 1
276 833 1
276 858 1
276 885 1
277 409 1
277 488 1
277 603 1
278 364 1
278 430 1
278 507 1
278 613 1
278 647 1
278 674 1
278 723 1
278 737 1
278 787 1
278 816 1
278 845 1
278 953 1
279 337 1
279 675 1
279 763 1
279 974 1
280 326 1
280 431 1
280 480 1
280 732 1
280 745 1
280 813 1
280 951 1
280 993 1
281 304 1
281 330 1
281 350 1
281 836 1
281 860 1
281 881 1
282 456 1
282 562 1
282 584 1
282 628 1
282 727 1
282 762 1
282 804 1
283 352 1
283 398 1
283 505 1
283 642 1
283 780 1
283 818 1
283 974 1
284 333 1
284 340 1
284 411 1
284 421 1
284 500 1
284 576 1
284 664 1
284 900 1
284 950 1
284 988 1
285 292 1
285 494 1
285 659 1
285 682 1
285 716 1
285 743 1
285 758 1
285 900 1
285 911 1
286 350 1
286 396 1
286 408 1
286 410 1
286 427 1
286 435 1
286 484 1
286 607 1
286 903 1
287 295 1
287 342 1
287 373 1
287 506 1
287 573 1
287 742 1
287 748 1
287 770 1
287 850 1
287 931 1
287 953 1
288 373 1
288 617 1
288 625 1
288 716 1
288 952 1
288 955 1
288 961 1
289 294 1
289 305 1
289 389 1
289 398 1
289 420 1
289 479 1
289 492 1
289 586 1
289 645 1
289 672 1
289 722 1
289 885 1
290 309 1
290 467 1
290 505 1
290 646 1
290 702 1
290 747 1
290 816 1
290 920 1
291 421 1
291 489 1
291 750 1
291 754 1
291 805 1
291 858 1
291 860 1
291 988 1
292 298 1
292 487 1
292 560 1
292 727 1
292 734 1
292 781 1
292 857 1
292 876 1
292 962 1
293 407 1
293 490 1
293 504 1
293 580 1
293 866 1
293 894 1
293 965 1
294 393 1
294 498 1
294 549 1
294 638 1
294 676 1
294 918 1
295 331 1
295 518 1
295 538 1
295 772 1
295 891 1
296 333 1
296 473 1
296 514 1
296 718 1
296 727 1
296 762 1
296 958 1
297 671 1
297 851 1
297 861 1
297 888 1
297 944 1
297 972 1
298 613 1
298 662 1
299 348 1
299 438 1
299 502 1
299 503 1
299 555 1
299 639 1
299 822 1
299 850 1
300 309 1
300 493 1
300 537 1
300 723 1
300 802 1
300 841 1
300 860 1
301 379 1
301 516 1
301 602 1
301 729 1
301 946 1
301 969 1
301 990 1
302 340 1
302 366 1
302 418 1
302 448 1
302 530 1
302 558 1
302 574 1
302 705 1
302 755 1
302 872 1
302 874 1
303 360 1
303 394 1
303 430 1
303 621 1
303 813 1
303 930 1
303 932 1
303 935 1
303 976 1
304 533 1
304 640 1
304 812 1
304 826 1
304 836 1
304 847 1
304 953 1
305 568 1
305 766 1
305 852 1
305 904 1
306 362 1
306 403 1
306 469 1
306 536 1
306 614 1
306 619 1
306 839 1
307 354 1
307 360 1
307 493 1
307 642 1
307 660 1
307 888 1
307 893 1
307 991 1
308 709 1
308 753 1
308 887 1
308 958 1
309 362 1
309 399 1
309 465 1
309 498 1
309 808 1
309 912 1
309 979 1
310 436 1
310 441 1
310 501 1
310 587 1
310 593 1
310 621 1
310 671 1
310 675 1
310 722 1
310 861 1
310 881 1
310 978 1
311 389 1
311 544 1
311 653 1
311 732 1
311 749 1
311 817 1
311 882 1
311 943 1
311 963 1
312 440 1
312 605 1
312 816 1
312 898 1
313 472 1
313 587 1
313 833 1
313 997 1
314 316 1
314 398 1
314 578 1
314 646 1
314 677 1
314 684 1
314 749 1
314 912 1
314 932 1
314 969 1
315 320 1
315 391 1
315 392 1
315 410 1
315 421 1
315 805 1
315 840 1
315 868 1
315 934 1
315 950 1
315 967 1
316 347 1
316 509 1
316 574 1
316 761 1
316 881 1
316 948 1
317 340 1
317 382 1
317 743 1
317 946 1
318 359 1
318 534 1
318 563 1
318 601 1
318 674 1
318 681 1
318 692 1
318 725 1
318 754 1
318 819 1
318 878 1
318 918 1
318 940 1
319 658 1
319 684 1
319 698 1
319 699 1
319 917 1
320 441 1
320 561 1
320 641 1
320 923 1
321 613 1
321 679 1
321 786 1
321 946 1
322 529 1
322 564 1
322 693 1
322 713 1
322 885 1
323 420 1
323 455 1
323 536 1
323 631 1
323 642 1
323 650 1
323 690 1
323 753 1
323 864 1
324 367 1
324 470 1
324 626 1
324 651 1
324 715 1
324 796 1
325 383 1
325 429 1
325 478 1
325 702 1
325 719 1
325 810 1
326 558 1
326 647 1
326 754 1
326 837 1
326 845 1
326 917 1
327 592 1
327 764 1
327 830 1
327 881 1
327 946 1
328 417 1
328 425 1
328 523 1
328 530 1
328 594 1
328 636 1
328 682 1
328 912 1
328 997 1
329 343 1
329 373 1
329 687 1
329 793 1
329 869 1
330 394 1
330 480 1
330 531 1
330 548 1
330 643 1
330 944 1
330 972 1
331 446 1
331 592 1
331 698 1
331 781 1
331 958 1
331 974 1
331 990 1
332 344 1
332 391 1
332 401 1
332 628 1
332 757 1
332 758 1
332 847 1
332 927 1
333 488 1
333 523 1
333 567 1
333 670 1
333 714 1
333 882 1
333 954 1
333 987 1
334 344 1
334 384 1
334 513 1
334 560 1
334 658 1
334 727 1
334 932 1
335 619 1
335 761 1
335 919 1
336 344 1
336 414 1
336 471 1
336 529 1
336 653 1
336 832 1
337 868 1
337 870 1
338 438 1
338 703 1
338 939 1
338 971 1
339 423 1
339 541 1
339 643 1
339 712 1
340 593 1
340 603 1
340 673 1
340 807 1
340 910 1
340 1000 1
341 350 1
341 438 1
341 445 1
341 534 1
341 630 1
341 668 1
341 712 1
342 599 1
342 740 1
342 842 1
342 866 1
342 885 1
343 344 1
343 384 1
343 392 1
343 400 1
343 446 1
343 485 1
343 812 1
344 562 1
344 682 1
344 683 1
344 687 1
344 864 1
344 891 1
344 894 1
344 967 1
345 561 1
345 564 1
345 640 1
345 833 1
345 923 1
345 951 1
346 429 1
346 524 1
346 720 1
346 730 1
346 800 1
346 815 1
346 888 1
346 972 1
347 373 1
347 441 1
347 501 1
347 817 1
347 856 1
347 903 1
348 385 1
348 425 1
348 537 1
348 613 1
348 671 1
348 687 1
348 783 1
348 795 1
348 904 1
348 980 1
349 437 1
349 604 1
349 644 1
349 661 1
349 717 1
349 728 1
349 883 1
349 884 1
349 912 1
349 989 1
350 387 1
350 424 1
350 460 1
350 572 1
350 667 1
350 681 1
350 801 1
350 818 1
350 910 1
350 931 1
350 934 1
351 394 1
351 493 1
351 496 1
351 592 1
351 612 1
351 753 1
351 876 1
351 987 1
352 514 1
352 569 1
352 580 1
353 581 1
353 710 1
353 854 1
353 967 1
354 515 1
354 640 1
354 683 1
354 877 1
354 925 1
355 502 1
355 589 1
355 743 1
355 962 1
356 357 1
356 386 1
356 547 1
356 584 1
356 634 1
356 880 1
356 894 1
356 980 1
357 492 1
357 611 1
357 674 1
357 765 1
357 941 1
357 972 1
357 991 1
358 377 1
358 378 1
358 673 1
358 717 1
358 936 1
358 961 1
358 974 1
358 1000 1
359 391 1
359 413 1
359 738 1
359 864 1
359 891 1
360 412 1
360 448 1
360 746 1
360 897 1
360 922 1
360 977 1
361 374 1
361 403 1
361 556 1
361 621 1
361 787 1
361 810 1
361 811 1
361 824 1
362 713 1
362 719 1
362 783 1
362 809 1
363 378 1
363 455 1
363 558 1
363 582 1
363 642 1
363 802 1
364 432 1
364 476 1
364 983 1
364 988 1
365 492 1
365 647 1
365 670 1
365 789 1
365 947 1
365 979 1
366 385 1
366 685 1
366 873 1
366 881 1
366 939 1
367 368 1
367 427 1
367 694 1
367 725 1
368 429 1
368 447 1
368 528 1
368 541 1
368 684 1
368 739 1
368 780 1
368 897 1
368 927 1
368 952 1
368 996 1
369 455 1
369 530 1
369 803 1
370 394 1
370 399 1
370 509 1
370 542 1
370 550 1
370 602 1
370 742 1
370 766 1
370 943 1
370 982 1
371 402 1
371 686 1
371 807 1
372 387 1
372 414 1
372 425 1
372 446 1
372 480 1
372 502 1
372 562 1
372 639 1
373 617 1
373 810 1
373 858 1
373 893 1
373 894 1
373 927 1
373 984 1
374 510 1
374 550 1
374 582 1
374 646 1
374 807 1
374 836 1
374 890 1
374 908 1
374 979 1
374 984 1
375 428 1
375 626 1
375 772 1
375 886 1
375 908 1
375 937 1
376 384 1
376 385 1
376 515 1
376 529 1
376 605 1
376 709 1
376 728 1
376 827 1
376 864 1
376 934 1
376 942 1
376 973 1
377 514 1
377 551 1
377 643 1
377 665 1
377 783 1
377 784 1
377 877 1
377 951 1
378 415 1
378 416 1
378 625 1
378 650 1
378 720 1
378 860 1
379 416 1
379 463 1
379 551 1
379 585 1
379 600 1
379 603 1
379 671 1
379 815 1
379 849 1
380 407 1
380 476 1
380 480 1
380 656 1
380 682 1
380 701 1
380 934 1
380 985 1
381 382 1
381 429 1
381 565 1
381 574 1
381 589 1
381 989 1
382 414 1
382 518 1
382 694 1
382 742 1
382 756 1
382 859 1
382 923 1
383 401 1
383 651 1
383 765 1
383 783 1
383 940 1
383 968 1
384 426 1
384 511 1
384 587 1
384 599 1
384 644 1
384 648 1
384 740 1
385 643 1
385 654 1
386 776 1
386 930 1
386 953 1
387 449 1
387 453 1
387 509 1
387 600 1
387 664 1
387 760 1
387 806 1
387 929 1
388 423 1
388 467 1
388 612 1
388 706 1
388 748 1
388 836 1
388 875 1
388 993 1
389 470 1
389 541 1
389 552 1
389 606 1
389 681 1
389 714 1
389 779 1
389 887 1
389 914 1
389 960 1
390 467 1
390 500 1
390 523 1
390 541 1
390 550 1
390 602 1
390 658 1
390 859 1
390 902 1
391 536 1
391 714 1
391 866 1
391 885 1
391 916 1
392 451 1
392 456 1
392 697 1
392 784 1
392 858 1
393 581 1
393 606 1
393 622 1
393 660 1
393 835 1
394 625 1
394 798 1
394 937 1
394 961 1
394 988 1
395 449 1
395 476 1
395 489 1
395 498 1
395 562 1
395 572 1
395 628 1
395 809 1
395 846 1
395 922 1
395 964 1
396 991 1
397 652 1
397 656 1
397 932 1
397 946 1
398 417 1
398 473 1
398 563 1
398 592 1
398 744 1
398 888 1
398 937 1
398 965 1
399 422 1
399 600 1
399 780 1
399 871 1
400 536 1
400 586 1
400 653 1
400 656 1
400 857 1
401 426 1
401 428 1
401 490 1
401 549 1
401 639 1
401 650 1
401 755 1
401 762 1
401 780 1
401 973 1
401 988 1
402 447 1
402 766 1
402 809 1
402 830 1
402 863 1
402 957 1
402 972 1
402 990 1
403 514 1
403 544 1
403 719 1
403 871 1
403 974 1
404 416 1
404 551 1
404 578 1
404 668 1
404 852 1
404 983 1
405 462 1
405 512 1
405 543 1
405 586 1
405 643 1
405 771 1
405 989 1
406 531 1
406 635 1
406 955 1
407 602 1
407 650 1
407 823 1
407 861 1
407 967 1
408 506 1
408 587 1
408 633 1
408 719 1
408 760 1
408 834 1
408 857 1
408 860 1
408 921 1
409 757 1
409 788 1
409 800 1
409 871 1
409 877 1
410 613 1
410 692 1
410 726 1
410 829 1
410 897 1
410 958 1
411 437 1
411 503 1
411 566 1
411 878 1
412 419 1
412 668 1
412 776 1
412 802 1
412 879 1
412 929 1
412 941 1
413 421 1
413 424 1
413 470 1
413 487 1
413 508 1
413 639 1
413 678 1
413 798 1
413 836 1
413 880 1
414 561 1
414 691 1
414 764 1
415 518 1
415 531 1
415 583 1
415 656 1
415 752 1
415 822 1
415 859 1
415 894 1
415 898 1
415 901 1
415 914 1
415 960 1
416 619 1
416 785 1
416 834 1
417 427 1
417 438 1
417 527 1
417 564 1
417 569 1
417 631 1
417 656 1
417 894 1
417 899 1
418 423 1
418 426 1
418 603 1
418 623 1
418 926 1
419 455 1
419 575 1
419 655 1
419 674 1
419 714 1
419 732 1
419 792 1
419 808 1
419 821 1
419 976 1
420 683 1
420 896 1
420 944 1
420 981 1
421 429 1
421 760 1
421 867 1
421 970 1
422 448 1
422 487 1
422 499 1
422 599 1
422 684 1
422 874 1
423 516 1
423 571 1
423 830 1
423 877 1
424 511 1
424 770 1
424 872 1
424 936 1
425 645 1
425 684 1
425 756 1
426 677 1
426 710 1
426 759 1
426 790 1
426 900 1
427 517 1
427 579 1
427 690 1
427 800 1
427 802 1
427 911 1
428 453 1
428 576 1
428 742 1
428 773 1
428 788 1
428 830 1
428 832 1
428 871 1
428 877 1
428 903 1
428 965 1
428 969 1
429 516 1
429 668 1
429 738 1
429 942 1
429 968 1
430 458 1
430 499 1
430 579 1
430 606 1
430 677 1
430 750 1
430 773 1
430 911 1
431 626 1
431 652 1
431 680 1
431 775 1
431 826 1
431 836 1
431 927 1
431 985 1
432 515 1
432 605 1
432 707 1
432 740 1
432 866 1
433 467 1
433 512 1
433 652 1
433 703 1
433 826 1
433 862 1
433 890 1
433 978 1
434 526 1
434 555 1
434 594 1
434 702 1
434 890 1
434 934 1
435 490 1
435 615 1
435 660 1
435 708 1
435 736 1
435 819 1
435 955 1
436 479 1
436 631 1
436 653 1
436 757 1
437 590 1
437 611 1
438 446 1
438 487 1
438 541 1
438 690 1
438 875 1
438 940 1
439 474 1
439 582 1
439 676 1
439 737 1
439 929 1
440 461 1
440 479 1
440 505 1
440 528 1
440 609 1
440 693 1
440 695 1
440 764 1
441 500 1
441 738 1
441 798 1
442 665 1
442 708 1
442 709 1
442 773 1
442 885 1
442 908 1
443 772 1
443 829 1
443 831 1
443 885 1
444 464 1
444 534 1
444 579 1
444 625 1
444 657 1
444 662 1
444 894 1
445 473 1
445 722 1
445 768 1
445 895 1
445 917 1
446 450 1
446 497 1
446 705 1
446 770 1
446 820 1
446 839 1
446 950 1
446 978 1
447 796 1
447 871 1
448 512 1
448 586 1
448 598 1
448 737 1
448 755 1
448 762 1
448 893 1
448 917 1
448 919 1
448 933 1
448 953 1
448 981 1
449 725 1
449 793 1
449 799 1
449 956 1
450 451 1
450 771 1
450 862 1
450 902 1
451 553 1
451 578 1
451 925 1
452 466 1
452 472 1
452 477 1
452 531 1
452 536 1
452 896 1
452 908 1
452 958 1
453 469 1
453 473 1
453 587 1
453 714 1
453 768 1
453 820 1
453 844 1
453 995 1
454 591 1
454 606 1
454 673 1
454 712 1
454 713 1
454 739 1
454 745 1
454 781 1
454 838 1
454 840 1
454 883 1
455 510 1
455 563 1
455 623 1
455 743 1
455 883 1
455 909 1
455 918 1
456 851 1
456 856 1
456 880 1
456 912 1
457 707 1
457 724 1
457 743 1
457 873 1
458 492 1
458 497 1
458 516 1
458 914 1
458 951 1
459 493 1
459 544 1
459 767 1
459 905 1
459 936 1
459 957 1
460 505 1
460 546 1
460 811 1
461 471 1
461 534 1
461 560 1
461 636 1
461 971 1
462 537 1
462 812 1
462 990 1
463 484 1
463 566 1
463 667 1
463 754 1
463 786 1
463 917 1
464 485 1
464 590 1
464 664 1
464 786 1
464 829 1
464 887 1
465 552 1
465 680 1
465 705 1
465 764 1
465 803 1
465 972 1
465 986 1
466 645 1
466 703 1
466 707 1
466 824 1
466 840 1
466 922 1
467 534 1
467 542 1
467 570 1
467 588 1
467 668 1
467 927 1
467 973 1
468 806 1
468 823 1
468 981 1
469 573 1
469 805 1
470 511 1
470 706 1
470 886 1
471 596 1
471 798 1
471 909 1
471 916 1
472 509 1
472 591 1
472 611 1
472 697 1
472 709 1
472 806 1
472 836 1
472 921 1
472 993 1
473 700 1
473 843 1
473 887 1
473 891 1
473 918 1
473 966 1
474 486 1
474 544 1
474 593 1
474 815 1
474 825 1
475 500 1
475 520 1
475 542 1
475 593 1
475 603 1
475 824 1
475 885 1
475 982 1
476 807 1
477 513 1
477 578 1
477 595 1
477 773 1
477 814 1
477 839 1
477 956 1
478 864 1
478 909 1
478 963 1
479 502 1
479 532 1
479 563 1
479 586 1
479 646 1
479 799 1
480 511 1
480 548 1
480 665 1
480 748 1
480 759 1
480 940 1
480 961 1
481 542 1
481 697 1
481 746 1
481 938 1
482 534 1
482 606 1
482 615 1
482 717 1
482 728 1
482 941 1
482 946 1
482 974 1
483 665 1
483 728 1
483 766 1
483 806 1
483 886 1
484 507 1
484 624 1
484 648 1
484 703 1
484 715 1
484 811 1
484 813 1
484 889 1
485 531 1
485 581 1
485 657 1
485 826 1
485 878 1
485 886 1
486 493 1
486 529 1
486 619 1
486 726 1
486 771 1
486 802 1
487 920 1
487 944 1
487 950 1
488 643 1
488 701 1
488 773 1
488 872 1
488 882 1
488 964 1
489 703 1
489 718 1
489 774 1
489 792 1
490 592 1
490 595 1
490 795 1
490 849 1
490 880 1
490 919 1
491 625 1
491 642 1
491 657 1
491 662 1
491 711 1
491 792 1
491 883 1
492 496 1
492 747 1
492 798 1
492 894 1
493 505 1
493 664 1
493 713 1
493 795 1
494 520 1
494 586 1
494 624 1
494 667 1
494 760 1
495 531 1
495 750 1
495 775 1
495 875 1
495 880 1
496 537 1
496 620 1
496 628 1
496 750 1
496 765 1
496 832 1
496 850 1
497 514 1
497 675 1
497 738 1
498 507 1
498 668 1
498 817 1
498 858 1
498 948 1
499 545 1
499 570 1
499 624 1
499 627 1
499 827 1
499 840 1
499 973 1
499 999 1
500 508 1
500 555 1
500 691 1
500 937 1
500 959 1
500 981 1
500 985 1
501 660 1
501 676 1
501 679 1
501 807 1
501 971 1
502 527 1
502 543 1
502 606 1
502 817 1
502 819 1
503 515 1
503 617 1
503 664 1
503 717 1
503 795 1
503 817 1
504 715 1
504 786 1
504 937 1
505 546 1
505 597 1
505 718 1
505 855 1
505 883 1
505 885 1
505 947 1
506 549 1
506 569 1
506 641 1
506 662 1
506 720 1
506 841 1
506 886 1
506 989 1
507 796 1
507 843 1
507 931 1
507 934 1
507 951 1
507 976 1
508 543 1
508 594 1
508 685 1
508 782 1
508 930 1
509 617 1
509 699 1
509 763 1
509 769 1
509 777 1
509 829 1
509 879 1
509 908 1
509 910 1
509 995 1
510 731 1
510 808 1
510 856 1
510 860 1
510 885 1
510 915 1
511 816 1
511 856 1
511 860 1
511 901 1
512 558 1
512 689 1
512 743 1
512 868 1
512 979 1
513 566 1
513 586 1
513 659 1
513 720 1
513 724 1
513 918 1
514 528 1
514 664 1
515 571 1
515 846 1
515 931 1
515 995 1
516 540 1
516 562 1
516 708 1
516 819 1
516 909 1
516 966 1
516 976 1
517 531 1
517 594 1
517 695 1
517 861 1
518 650 1
518 943 1
519 613 1
519 777 1
520 544 1
520 564 1
520 598 1
520 608 1
520 676 1
520 723 1
520 933 1
520 959 1
521 728 1
521 767 1
521 808 1
521 836 1
521 991 1
522 712 1
522 827 1
522 913 1
522 917 1
522 940 1
522 962 1
523 819 1
523 858 1
524 576 1
524 586 1
524 795 1
524 849 1
524 996 1
525 566 1
525 580 1
525 611 1
526 673 1
526 740 1
526 759 1
526 807 1
526 830 1
526 845 1
526 860 1
526 866 1
526 925 1
527 603 1
527 742 1
527 793 1
527 868 1
528 745 1
528 789 1
529 548 1
529 617 1
529 675 1
529 747 1
529 905 1
530 534 1
530 687 1
530 813 1
530 955 1
530 966 1
531 631 1
531 739 1
531 741 1
531 853 1
532 547 1
532 576 1
532 590 1
532 625 1
532 645 1
532 853 1
533 584 1
533 629 1
533 657 1
533 690 1
533 696 1
533 864 1
533 865 1
533 906 1
533 995 1
534 606 1
534 616 1
534 652 1
534 663 1
534 897 1
534 912 1
535 537 1
535 746 1
536 598 1
536 604 1
536 735 1
536 748 1
537 657 1
537 715 1
537 778 1
537 921 1
537 934 1
538 601 1
538 794 1
538 913 1
539 609 1
539 619 1
539 678 1
539 859 1
539 868 1
540 808 1
540 854 1
540 872 1
540 893 1
540 901 1
540 962 1
540 999 1
541 558 1
541 591 1
541 605 1
541 658 1
541 728 1
541 743 1
541 777 1
541 841 1
541 850 1
541 914 1
541 996 1
542 582 1
542 596 1
542 766 1
542 851 1
543 767 1
543 782 1
543 916 1
543 992 1
543 999 1
544 674 1
544 690 1
544 799 1
544 887 1
545 561 1
545 655 1
545 699 1
545 711 1
545 781 1
545 959 1
546 792 1
546 864 1
546 865 1
546 982 1
547 696 1
547 758 1
547 800 1
547 962 1
547 975 1
548 588 1
548 624 1
548 844 1
548 857 1
549 790 1
549 812 1
549 927 1
549 981 1
550 709 1
550 972 1
551 783 1
551 786 1
551 948 1
551 960 1
551 991 1
552 632 1
552 670 1
552 802 1
552 913 1
552 979 1
553 651 1
553 735 1
553 828 1
553 998 1
554 584 1
554 590 1
555 682 1
556 564 1
556 646 1
556 684 1
556 714 1
556 732 1
556 744 1
556 872 1
556 886 1
556 903 1
556 906 1
557 588 1
557 645 1
557 647 1
557 648 1
557 744 1
557 850 1
557 962 1
558 583 1
558 636 1
558 748 1
558 896 1
558 941 1
558 945 1
558 967 1
559 576 1
559 612 1
559 639 1
559 726 1
559 747 1
559 868 1
560 616 1
560 617 1
560 762 1
560 788 1
560 800 1
560 920 1
560 927 1
560 937 1
560 949 1
560 997 1
561 837 1
561 912 1
561 987 1
562 740 1
562 774 1
562 878 1
562 883 1
562 893 1
562 970 1
563 648 1
563 852 1
564 714 1
564 782 1
564 944 1
565 651 1
565 695 1
565 704 1
565 758 1
566 636 1
566 686 1
566 713 1
566 731 1
567 718 1
567 761 1
567 811 1
567 819 1
567 903 1
567 912 1
567 945 1
567 982 1
568 570 1
568 827 1
568 926 1
568 983 1
569 676 1
569 982 1
570 668 1
570 690 1
570 747 1
570 755 1
570 842 1
571 787 1
571 851 1
571 896 1
571 944 1
572 656 1
572 696 1
572 969 1
573 633 1
573 697 1
573 705 1
573 804 1
573 973 1
574 583 1
574 627 1
574 796 1
574 835 1
574 994 1
575 968 1
576 661 1
576 943 1
577 581 1
577 596 1
577 718 1
577 766 1
577 808 1
577 852 1
577 865 1
578 614 1
578 634 1
578 725 1
578 743 1
578 752 1
578 776 1
579 617 1
579 633 1
579 677 1
579 995 1
580 632 1
580 680 1
580 701 1
580 750 1
581 603 1
581 957 1
582 591 1
582 664 1
582 667 1
582 765 1
582 787 1
582 802 1
582 865 1
582 921 1
582 940 1
582 949 1
582 977 1
582 980 1
582 989 1
584 625 1
584 628 1
584 701 1
584 725 1
584 729 1
584 825 1
585 590 1
585 756 1
585 888 1
585 961 1
585 977 1
586 745 1
587 635 1
587 668 1
587 818 1
587 967 1
588 723 1
588 740 1
588 787 1
588 820 1
588 873 1
589 678 1
589 680 1
589 753 1
589 786 1
589 922 1
590 629 1
590 705 1
590 842 1
590 892 1
591 608 1
591 661 1
591 678 1
591 820 1
591 830 1
591 908 1
592 680 1
592 910 1
593 601 1
593 756 1
593 770 1
593 819 1
595 780 1
596 696 1
596 722 1
596 776 1
596 784 1
596 793 1
596 826 1
596 959 1
596 968 1
596 983 1
597 615 1
597 624 1
597 653 1
597 656 1
597 689 1
597 697 1
597 916 1
597 929 1
597 999 1
598 652 1
598 716 1
599 613 1
599 630 1
599 658 1
599 682 1
599 779 1
599 784 1
599 837 1
599 841 1
599 882 1
600 762 1
600 882 1
600 968 1
601 807 1
601 820 1
601 829 1
601 952 1
601 983 1
602 621 1
602 648 1
602 772 1
602 932 1
603 654 1
604 732 1
604 848 1
605 624 1
605 667 1
605 738 1
605 750 1
605 905 1
605 963 1
606 791 1
606 827 1
607 731 1
607 777 1
607 806 1
607 821 1
608 674 1
608 719 1
608 774 1
608 808 1
608 861 1
608 882 1
608 960 1
609 652 1
609 722 1
609 745 1
609 765 1
609 981 1
610 814 1
610 892 1
610 928 1
610 957 1
610 975 1
610 993 1
611 875 1
611 908 1
611 961 1
611 973 1
611 975 1
612 733 1
612 815 1
612 961 1
612 982 1
613 789 1
613 912 1
614 724 1
614 745 1
614 853 1
614 963 1
615 653 1
615 662 1
615 838 1
615 900 1
616 775 1
616 890 1
616 900 1
616 959 1
616 997 1
617 667 1
617 822 1
617 894 1
617 925 1
618 685 1
618 746 1
618 777 1
618 853 1
618 897 1
618 999 1
619 781 1
619 836 1
619 942 1
620 643 1
620 872 1
620 947 1
621 659 1
621 661 1
621 739 1
621 765 1
622 811 1
622 818 1
622 819 1
622 835 1
622 963 1
623 712 1
623 753 1
623 844 1
623 894 1
623 980 1
624 723 1
624 819 1
625 759 1
625 790 1
625 847 1
625 885 1
626 672 1
626 709 1
626 758 1
626 926 1
626 972 1
627 724 1
627 755 1
627 841 1
627 860 1
628 723 1
628 755 1
628 795 1
629 646 1
629 853 1
630 639 1
630 659 1
630 664 1
630 856 1
630 993 1
631 682 1
631 860 1
631 885 1
631 898 1
632 931 1
633 727 1
633 822 1
634 838 1
634 854 1
634 982 1
635 727 1
635 729 1
635 757 1
635 760 1
636 682 1
636 708 1
636 727 1
636 865 1
636 927 1
636 933 1
636 965 1
637 786 1
638 649 1
638 751 1
638 886 1
639 713 1
639 722 1
639 743 1
639 758 1
639 788 1
639 890 1
639 923 1
639 968 1
640 850 1
640 898 1
640 987 1
641 688 1
641 699 1
641 706 1
641 796 1
641 858 1
642 678 1
642 836 1
642 999 1
643 646 1
643 708 1
643 719 1
643 751 1
643 777 1
643 825 1
643 865 1
644 771 1
644 805 1
644 806 1
644 851 1
644 893 1
644 975 1
644 982 1
645 690 1
645 836 1
645 868 1
646 780 1
646 846 1
646 963 1
646 985 1
647 673 1
647 725 1
647 801 1
647 940 1
648 912 1
649 721 1
649 802 1
649 887 1
649 904 1
651 706 1
651 726 1
651 788 1
651 835 1
652 653 1
652 707 1
652 934 1
652 979 1
653 695 1
653 805 1
653 925 1
653 944 1
653 976 1
653 986 1
653 993 1
654 854 1
654 895 1
654 943 1
655 659 1
655 688 1
655 716 1
655 853 1
655 951 1
656 663 1
656 778 1
656 887 1
657 734 1
657 739 1
658 972 1
659 860 1
659 877 1
660 856 1
660 911 1
661 797 1
661 868 1
662 693 1
662 741 1
662 880 1
662 956 1
663 721 1
663 761 1
664 695 1
664 771 1
664 776 1
664 800 1
664 815 1
664 842 1
664 891 1
664 993 1
665 698 1
665 706 1
665 887 1
665 994 1
666 747 1
666 810 1
667 673 1
667 695 1
667 726 1
667 803 1
667 962 1
667 970 1
668 675 1
668 818 1
668 899 1
669 671 1
669 731 1
669 808 1
669 932 1
669 968 1
670 673 1
670 760 1
670 821 1
670 865 1
670 932 1
670 994 1
671 831 1
671 835 1
671 913 1
671 915 1
672 761 1
672 815 1
672 850 1
672 979 1
673 715 1
673 720 1
673 829 1
673 889 1
673 955 1
674 783 1
675 745 1
675 876 1
675 903 1
675 994 1
676 880 1
677 726 1
678 811 1
678 878 1
679 748 1
679 909 1
679 920 1
679 988 1
680 685 1
680 746 1
680 777 1
680 882 1
680 963 1
681 746 1
681 759 1
681 809 1
681 817 1
682 726 1
682 728 1
682 733 1
682 1000 1
683 765 1
683 810 1
683 923 1
683 979 1
683 991 1
684 698 1
684 730 1
684 776 1
684 784 1
684 796 1
684 800 1
684 921 1
684 989 1
684 994 1
685 797 1
685 840 1
685 908 1
685 913 1
686 869 1
687 713 1
687 725 1
687 878 1
687 911 1
687 938 1
687 970 1
688 805 1
689 702 1
689 746 1
689 789 1
689 849 1
690 735 1
690 781 1
690 807 1
690 813 1
690 834 1
690 882 1
690 953 1
691 695 1
691 761 1
691 770 1
691 776 1
691 814 1
691 830 1
691 839 1
691 876 1
691 896 1
692 708 1
692 886 1
693 840 1
693 916 1
694 813 1
696 742 1
697 817 1
698 806 1
700 746 1
700 828 1
700 888 1
701 755 1
702 803 1
703 894 1
703 934 1
703 971 1
704 764 1
704 890 1
704 962 1
705 754 1
705 797 1
705 821 1
706 708 1
706 715 1
706 765 1
706 852 1
706 962 1
706 986 1
707 845 1
708 763 1
708 770 1
708 802 1
708 902 1
709 975 1
710 732 1
710 741 1
710 822 1
710 973 1
711 772 1
711 987 1
712 803 1
712 969 1
713 735 1
713 785 1
713 804 1
713 852 1
714 804 1
714 808 1
714 895 1
714 926 1
715 779 1
715 798 1
715 823 1
715 876 1
716 733 1
716 774 1
716 857 1
716 979 1
717 935 1
718 779 1
718 889 1
718 901 1
719 744 1
719 764 1
719 804 1
719 814 1
719 824 1
719 866 1
719 986 1
719 1000 1
720 806 1
722 735 1
722 836 1
722 910 1
722 968 1
722 978 1
723 742 1
723 864 1
724 945 1
725 842 1
725 849 1
725 857 1
726 735 1
726 999 1
727 756 1
727 924 1
727 928 1
728 764 1
728 983 1
729 826 1
730 776 1
731 775 1
733 790 1
733 823 1
733 894 1
733 953 1
734 737 1
735 853 1
735 876 1
735 895 1
735 958 1
736 945 1
736 946 1
737 896 1
737 998 1
738 951 1
740 794 1
740 891 1
740 908 1
740 922 1
742 933 1
743 756 1
743 819 1
743 985 1
744 804 1
745 796 1
746 814 1
746 850 1
746 880 1
746 947 1
747 780 1
747 831 1
747 870 1
747 894 1
748 883 1
748 912 1
748 987 1
749 753 1
749 761 1
749 915 1
749 917 1
750 781 1
751 794 1
751 854 1
751 869 1
751 973 1
751 998 1
752 761 1
752 957 1
753 803 1
754 819 1
754 922 1
755 776 1
755 834 1
756 883 1
756 919 1
756 951 1
757 922 1
757 940 1
757 999 1
758 814 1
758 819 1
758 985 1
759 878 1
760 781 1
760 847 1
760 949 1
762 992 1
763 832 1
764 774 1
765 786 1
765 874 1
765 890 1
766 924 1
766 978 1
767 802 1
767 958 1
767 982 1
768 809 1
768 919 1
768 954 1
768 960 1
768 996 1
770 818 1
770 841 1
770 845 1
770 878 1
770 887 1
771 799 1
771 802 1
771 853 1
772 803 1
772 889 1
772 970 1
772 982 1
773 923 1
773 975 1
773 986 1
774 777 1
774 904 1
774 951 1
774 969 1
775 796 1
775 812 1
775 832 1
775 964 1
776 840 1
776 871 1
776 899 1
777 780 1
777 889 1
778 836 1
778 882 1
778 900 1
779 843 1
779 956 1
780 842 1
781 886 1
782 861 1
783 840 1
783 912 1
784 859 1
785 856 1
785 873 1
785 936 1
785 995 1
786 826 1
786 878 1
786 981 1
787 919 1
787 927 1
788 835 1
788 862 1
788 930 1
789 900 1
789 959 1
791 795 1
791 799 1
791 837 1
791 856 1
791 890 1
792 841 1
793 888 1
793 911 1
793 935 1
794 875 1
795 864 1
795 964 1
796 824 1
796 911 1
797 950 1
798 825 1
798 859 1
798 891 1
798 946 1
798 989 1
799 940 1
801 890 1
801 901 1
804 965 1
806 865 1
806 962 1
807 842 1
807 893 1
807 954 1
807 997 1
808 825 1
808 948 1
809 821 1
809 842 1
809 862 1
809 958 1
810 942 1
810 981 1
811 824 1
811 917 1
811 950 1
811 968 1
812 835 1
812 949 1
813 914 1
813 943 1
813 1000 1
815 841 1
815 930 1
816 983 1
816 991 1
817 827 1
817 898 1
818 841 1
818 893 1
818 956 1
818 975 1
818 994 1
820 885 1
821 859 1
821 901 1
821 910 1
821 975 1
822 913 1
824 966 1
825 857 1
825 863 1
825 969 1
825 972 1
826 836 1
826 844 1
826 881 1
826 894 1
827 862 1
827 899 1
827 978 1
828 968 1
828 987 1
829 853 1
829 865 1
829 894 1
829 930 1
829 956 1
829 963 1
830 905 1
830 966 1
831 935 1
832 875 1
832 925 1
833 913 1
833 925 1
833 960 1
833 975 1
834 843 1
834 854 1
834 934 1
834 969 1
834 985 1
835 848 1
835 929 1
835 941 1
835 942 1
835 954 1
835 964 1
836 881 1
836 909 1
837 867 1
837 916 1
838 892 1
839 951 1
840 933 1
840 935 1
840 976 1
842 894 1
842 903 1
844 935 1
844 937 1
844 968 1
845 881 1
845 903 1
846 941 1
847 903 1
847 918 1
848 879 1
849 912 1
849 969 1
849 971 1
851 913 1
851 992 1
853 869 1
853 917 1
853 999 1
854 886 1
855 957 1
855 973 1
856 941 1
857 873 1
857 895 1
857 908 1
857 985 1
858 942 1
862 960 1
862 990 1
864 907 1
864 998 1
866 976 1
868 964 1
868 976 1
871 905 1
871 906 1
871 916 1
872 973 1
873 907 1
874 972 1
875 932 1
877 923 1
878 978 1
882 935 1
882 998 1
886 936 1
886 963 1
887 991 1
889 964 1
889 994 1
890 914 1
890 973 1
892 955 1
892 981 1
893 963 1
895 982 1
898 977 1
899 935 1
900 936 1
901 902 1
903 984 1
904 914 1
904 976 1
905 948 1
905 977 1
906 947 1
906 969 1
908 997 1
912 918 1
912 954 1
912 987 1
915 917 1
915 950 1
916 936 1
917 950 1
918 929 1
918 982 1
918 995 1
919 997 1
920 944 1
921 997 1
922 967 1
922 997 1
926 943 1
932 959 1
936 979 1
937 983 1
942 993 1
944 948 1
945 963 1
948 983 1
951 977 1
951 989 1
953 957 1
954 955 1
961 978 1
965 969 1
970 986 1
971 990 1
979 999 1
981 985 1
984 1000 1
