1000 5029
1 6 1
1 144 1
1 546 1
1 595 1
1 652 1
1 683 1
1 686 1
1 820 1
2 50 1
2 62 1
2 150 1
2 164 1
2 267 1
2 337 1
2 510 1
2 540 1
2 601 1
2 670 1
2 801 1
2 809 1
2 856 1
2 978 1
3 169 1
3 171 1
3 245 1
3 299 1
3 307 1
3 459 1
3 463 1
3 551 1
3 608 1
3 644 1
3 671 1
3 866 1
3 921 1
4 62 1
4 69 1
4 366 1
4 508 1
4 521 1
4 636 1
4 728 1
4 793 1
4 794 1
5 58 1
5 397 1
5 724 1
5 757 1
5 787 1
6 129 1
6 204 1
6 273 1
6 588 1
6 622 1
6 786 1
6 791 1
6 898 1
7 99 1
7 120 1
7 349 1
7 414 1
7 427 1
7 431 1
7 446 1
7 514 1
7 664 1
7 815 1
7 842 1
7 902 1
8 120 1
8 217 1
8 341 1
8 351 1
8 472 1
8 625 1
8 665 1
8 718 1
8 725 1
9 22 1
9 107 1
9 181 1
9 352 1
9 433 1
9 439 1
9 492 1
9 521 1
9 650 1
9 668 1
9 680 1
9 687 1
9 762 1
9 828 1
9 866 1
9 906 1
9 966 1
10 80 1
10 143 1
10 164 1
10 198 1
10 218 1
10 236 1
10 412 1
10 510 1
10 545 1
10 585 1
10 657 1
10 821 1
10 852 1
10 934 1
10 966 1
11 290 1
11 304 1
11 388 1
11 497 1
11 503 1
11 536 1
11 663 1
11 839 1
11 856 1
11 908 1
12 69 1
12 339 1
12 353 1
12 613 1
12 797 1
12 892 1
12 953 1
13 310 1
13 418 1
13 619 1
13 828 1
14 28 1
14 100 1
14 103 1
14 125 1
14 208 1
14 232 1
14 258 1
14 268 1
14 401 1
14 558 1
14 627 1
14 635 1
14 733 1
14 742 1
14 908 1
15 63 1
15 116 1
15 128 1
15 180 1
15 303 1
15 325 1
15 402 1
15 807 1
15 815 1
15 902 1
15 994 1
16 56 1
16 222 1
16 411 1
16 473 1
16 670 1
16 681 1
16 870 1
16 871 1
16 874 1
16 904 1
17 82 1
17 352 1
17 403 1
17 604 1
17 632 1
17 649 1
17 773 1
17 951 1
17 984 1
18 92 1
18 112 1
18 121 1
18 149 1
18 297 1
18 299 1
18 350 1
18 405 1
18 422 1
18 515 1
18 637 1
18 800 1
18 838 1
18 898 1
18 966 1
19 238 1
19 267 1
19 375 1
19 400 1
19 468 1
19 604 1
19 680 1
19 882 1
19 929 1
20 143 1
20 368 1
20 375 1
20 407 1
20 588 1
20 616 1
20 655 1
20 698 1
20 766 1
20 826 1
20 916 1
20 979 1
21 240 1
21 286 1
21 407 1
21 416 1
21 471 1
21 725 1
21 778 1
21 811 1
21 900 1
21 978 1
22 50 1
22 95 1
22 130 1
22 273 1
22 372 1
22 440 1
22 459 1
22 468 1
22 543 1
22 803 1
22 891 1
23 76 1
23 169 1
23 171 1
23 305 1
23 362 1
23 384 1
23 459 1
23 505 1
23 521 1
23 523 1
23 580 1
23 760 1
23 867 1
23 902 1
24 54 1
24 121 1
24 162 1
24 197 1
24 229 1
24 522 1
24 544 1
24 556 1
24 591 1
24 634 1
24 992 1
25 447 1
25 588 1
25 801 1
25 901 1
25 998 1
26 175 1
26 267 1
26 587 1
26 766 1
26 797 1
26 865 1
27 142 1
27 404 1
27 487 1
27 553 1
27 676 1
27 810 1
27 820 1
27 876 1
28 127 1
28 171 1
28 175 1
28 264 1
28 408 1
28 472 1
28 544 1
28 630 1
28 649 1
28 692 1
28 826 1
28 905 1
28 926 1
29 50 1
29 215 1
29 222 1
29 405 1
29 472 1
29 640 1
29 682 1
29 759 1
29 773 1
29 775 1
29 810 1
30 47 1
30 75 1
30 76 1
30 253 1
30 260 1
30 266 1
30 340 1
30 363 1
30 553 1
30 593 1
30 610 1
30 734 1
30 761 1
30 989 1
31 87 1
31 232 1
31 272 1
31 273 1
31 357 1
31 442 1
31 633 1
31 762 1
31 864 1
31 890 1
31 966 1
31 987 1
32 128 1
32 277 1
32 315 1
32 320 1
32 379 1
32 559 1
32 590 1
32 636 1
32 701 1
32 702 1
32 827 1
32 949 1
33 101 1
33 172 1
33 514 1
33 519 1
33 788 1
33 793 1
33 819 1
33 855 1
33 985 1
34 48 1
34 255 1
34 277 1
34 398 1
34 697 1
34 752 1
34 830 1
34 919 1
35 119 1
35 212 1
35 238 1
35 282 1
35 294 1
35 373 1
35 416 1
35 466 1
35 483 1
35 506 1
35 599 1
35 755 1
36 76 1
36 132 1
36 223 1
36 285 1
36 355 1
36 574 1
36 638 1
36 849 1
36 941 1
37 38 1
37 52 1
37 113 1
37 195 1
37 203 1
37 299 1
37 325 1
37 616 1
37 667 1
37 980 1
38 197 1
38 333 1
38 520 1
38 615 1
38 642 1
38 865 1
38 991 1
39 528 1
39 656 1
39 849 1
39 877 1
39 941 1
39 950 1
40 309 1
40 312 1
40 459 1
40 602 1
40 627 1
40 661 1
40 696 1
40 745 1
40 872 1
40 882 1
40 987 1
41 347 1
41 736 1
41 828 1
41 852 1
41 962 1
42 279 1
42 493 1
42 536 1
42 686 1
42 711 1
42 748 1
43 218 1
43 261 1
43 354 1
43 477 1
43 612 1
43 654 1
43 678 1
43 841 1
44 97 1
44 121 1
44 176 1
44 196 1
44 339 1
44 617 1
44 662 1
44 988 1
44 991 1
45 139 1
45 178 1
45 181 1
45 273 1
45 302 1
45 350 1
45 411 1
45 417 1
45 562 1
45 761 1
45 865 1
46 50 1
46 130 1
46 154 1
46 235 1
46 388 1
46 419 1
46 579 1
46 698 1
46 709 1
46 797 1
46 825 1
47 107 1
47 313 1
47 328 1
47 507 1
47 543 1
47 930 1
48 141 1
48 158 1
48 286 1
48 373 1
48 461 1
48 624 1
48 641 1
48 650 1
48 656 1
48 675 1
48 825 1
48 982 1
48 993 1
49 161 1
49 195 1
49 245 1
49 273 1
49 307 1
49 356 1
49 567 1
49 744 1
49 988 1
50 103 1
50 418 1
50 459 1
50 647 1
50 652 1
50 693 1
50 858 1
50 878 1
51 124 1
51 141 1
51 293 1
51 456 1
51 480 1
51 633 1
51 755 1
51 862 1
52 65 1
52 228 1
52 318 1
52 394 1
52 621 1
52 696 1
52 725 1
52 730 1
52 769 1
52 820 1
53 57 1
53 202 1
53 304 1
53 400 1
53 594 1
53 741 1
53 769 1
54 130 1
54 139 1
54 159 1
54 169 1
54 183 1
54 187 1
54 374 1
54 450 1
54 508 1
54 631 1
54 680 1
54 706 1
54 725 1
54 750 1
54 787 1
54 810 1
54 970 1
54 984 1
55 71 1
55 134 1
55 190 1
55 207 1
55 264 1
55 378 1
55 420 1
55 557 1
55 620 1
55 636 1
55 705 1
55 732 1
55 866 1
55 882 1
56 59 1
56 308 1
56 369 1
56 456 1
56 474 1
56 479 1
56 511 1
56 611 1
56 690 1
56 707 1
56 760 1
56 946 1
57 100 1
57 270 1
57 353 1
57 365 1
57 739 1
58 126 1
58 162 1
58 248 1
58 253 1
58 302 1
58 429 1
58 451 1
58 668 1
59 145 1
59 469 1
59 514 1
59 559 1
59 577 1
59 623 1
59 672 1
59 711 1
59 857 1
59 913 1
59 927 1
59 977 1
60 86 1
60 134 1
60 168 1
60 259 1
60 640 1
60 731 1
60 746 1
61 271 1
61 297 1
61 317 1
61 363 1
61 602 1
61 659 1
61 819 1
61 924 1
61 968 1
61 969 1
62 151 1
62 198 1
62 211 1
62 306 1
62 426 1
62 500 1
62 515 1
62 523 1
62 585 1
62 792 1
62 907 1
63 165 1
63 227 1
63 236 1
63 531 1
63 699 1
63 876 1
64 129 1
64 221 1
64 282 1
64 323 1
64 488 1
64 497 1
64 506 1
64 529 1
64 579 1
64 626 1
64 673 1
64 786 1
64 833 1
64 861 1
64 888 1
65 104 1
65 107 1
65 153 1
65 244 1
65 307 1
65 486 1
65 694 1
65 816 1
66 162 1
66 167 1
66 219 1
66 310 1
66 406 1
66 413 1
66 448 1
66 604 1
67 116 1
67 319 1
67 852 1
67 863 1
68 331 1
68 439 1
68 609 1
68 857 1
68 867 1
68 925 1
68 977 1
69 269 1
69 276 1
69 892 1
69 987 1
70 174 1
70 300 1
70 421 1
70 519 1
70 573 1
70 575 1
70 925 1
71 138 1
71 167 1
71 191 1
71 268 1
71 369 1
71 379 1
71 413 1
71 439 1
71 534 1
71 549 1
71 582 1
71 631 1
71 632 1
71 726 1
71 731 1
71 738 1
71 822 1
72 120 1
72 349 1
72 540 1
72 543 1
72 653 1
72 811 1
72 862 1
72 877 1
72 882 1
72 907 1
72 917 1
73 123 1
73 133 1
73 183 1
73 232 1
73 235 1
73 448 1
73 461 1
73 489 1
73 497 1
73 511 1
73 531 1
73 578 1
73 768 1
73 987 1
74 87 1
74 491 1
74 545 1
75 167 1
75 262 1
75 452 1
75 660 1
75 764 1
75 773 1
75 774 1
76 235 1
76 294 1
76 350 1
76 352 1
76 520 1
76 677 1
76 886 1
76 893 1
77 423 1
77 453 1
77 500 1
77 698 1
77 702 1
77 845 1
77 958 1
78 240 1
78 300 1
78 516 1
78 519 1
78 717 1
78 885 1
78 900 1
79 155 1
79 165 1
79 290 1
79 296 1
79 360 1
79 467 1
79 480 1
79 696 1
79 912 1
79 952 1
80 117 1
80 123 1
80 278 1
80 354 1
80 439 1
80 487 1
80 550 1
80 657 1
80 780 1
80 841 1
80 854 1
80 863 1
80 899 1
80 900 1
80 931 1
81 129 1
81 185 1
81 391 1
81 402 1
81 437 1
81 474 1
81 599 1
81 608 1
81 662 1
81 784 1
81 813 1
81 864 1
81 865 1
81 888 1
81 944 1
81 993 1
82 205 1
82 557 1
82 574 1
82 699 1
82 712 1
82 856 1
82 956 1
83 540 1
83 674 1
83 883 1
84 184 1
84 214 1
84 255 1
84 341 1
84 412 1
84 483 1
84 518 1
84 636 1
84 638 1
84 760 1
84 976 1
85 279 1
85 405 1
85 504 1
85 566 1
85 569 1
85 621 1
85 635 1
85 694 1
85 788 1
85 865 1
85 894 1
85 940 1
85 961 1
86 125 1
86 240 1
86 448 1
86 475 1
86 590 1
86 684 1
86 731 1
86 784 1
86 823 1
87 128 1
87 249 1
87 299 1
87 354 1
87 453 1
87 828 1
87 935 1
88 129 1
88 167 1
88 215 1
88 262 1
88 384 1
88 411 1
88 438 1
89 496 1
89 645 1
89 665 1
89 814 1
89 835 1
89 906 1
89 999 1
90 208 1
90 379 1
90 409 1
90 428 1
90 446 1
90 558 1
90 585 1
90 668 1
90 706 1
90 756 1
90 844 1
90 934 1
91 187 1
91 346 1
91 619 1
91 775 1
91 870 1
92 262 1
92 374 1
92 392 1
92 588 1
92 620 1
92 943 1
93 97 1
93 224 1
93 782 1
93 871 1
94 110 1
94 123 1
94 185 1
94 187 1
94 288 1
94 345 1
94 406 1
94 485 1
94 555 1
94 594 1
94 636 1
94 707 1
94 713 1
94 725 1
94 943 1
95 140 1
95 198 1
95 253 1
95 273 1
95 813 1
95 896 1
95 958 1
96 144 1
96 393 1
96 479 1
96 537 1
96 598 1
96 630 1
96 723 1
96 972 1
96 995 1
97 113 1
97 238 1
97 503 1
97 531 1
97 665 1
97 756 1
97 786 1
97 801 1
97 901 1
97 926 1
98 135 1
98 232 1
98 406 1
98 429 1
98 583 1
98 589 1
98 635 1
98 767 1
98 906 1
98 971 1
99 109 1
99 233 1
99 250 1
99 287 1
99 536 1
99 583 1
99 736 1
99 815 1
99 859 1
99 875 1
99 920 1
100 267 1
100 275 1
100 323 1
100 424 1
100 426 1
100 448 1
100 503 1
100 516 1
100 742 1
100 997 1
101 434 1
101 448 1
101 721 1
101 916 1
101 931 1
102 226 1
102 313 1
102 665 1
102 710 1
102 739 1
102 747 1
102 999 1
103 133 1
103 291 1
103 372 1
103 424 1
103 484 1
103 508 1
104 123 1
104 212 1
104 248 1
104 352 1
104 391 1
104 460 1
104 546 1
104 571 1
104 596 1
104 781 1
104 827 1
104 910 1
104 950 1
105 149 1
105 249 1
105 250 1
105 285 1
105 294 1
105 304 1
105 352 1
105 410 1
105 473 1
105 484 1
105 527 1
105 629 1
105 675 1
105 746 1
105 780 1
105 800 1
106 159 1
106 254 1
106 329 1
106 333 1
106 335 1
106 384 1
106 587 1
106 672 1
106 724 1
106 748 1
106 786 1
106 807 1
106 878 1
106 901 1
107 150 1
107 211 1
107 223 1
107 460 1
107 554 1
107 644 1
108 270 1
108 400 1
108 423 1
108 454 1
108 536 1
108 594 1
108 708 1
108 786 1
108 858 1
109 145 1
109 230 1
109 235 1
109 535 1
109 575 1
109 648 1
109 781 1
109 803 1
109 1000 1
110 177 1
110 183 1
110 281 1
110 306 1
110 607 1
110 688 1
110 693 1
110 747 1
110 762 1
110 772 1
110 856 1
111 136 1
111 225 1
111 377 1
111 403 1
111 932 1
112 148 1
112 170 1
112 240 1
112 295 1
112 325 1
112 429 1
112 512 1
112 567 1
112 569 1
112 633 1
113 229 1
113 328 1
113 388 1
113 549 1
113 564 1
113 689 1
113 796 1
113 851 1
113 856 1
114 293 1
114 432 1
114 452 1
114 478 1
114 725 1
114 881 1
114 953 1
115 129 1
115 154 1
115 341 1
115 495 1
115 633 1
115 665 1
115 804 1
115 808 1
115 855 1
115 988 1
116 211 1
116 321 1
116 504 1
116 566 1
116 629 1
116 713 1
116 751 1
116 906 1
116 924 1
117 131 1
117 222 1
117 453 1
117 590 1
117 633 1
117 659 1
117 691 1
117 715 1
117 946 1
117 987 1
118 136 1
118 189 1
118 394 1
118 405 1
118 439 1
118 498 1
118 566 1
118 680 1
118 717 1
118 757 1
118 765 1
118 874 1
119 250 1
119 554 1
119 598 1
119 966 1
119 989 1
120 146 1
120 222 1
120 321 1
120 431 1
120 574 1
120 642 1
120 755 1
120 825 1
120 850 1
120 945 1
121 501 1
121 605 1
121 620 1
121 927 1
122 147 1
122 175 1
122 364 1
122 467 1
122 514 1
122 603 1
122 821 1
123 181 1
123 293 1
123 324 1
123 349 1
123 400 1
123 541 1
123 585 1
123 601 1
123 620 1
124 126 1
124 176 1
124 287 1
124 450 1
124 565 1
124 614 1
124 718 1
124 724 1
124 906 1
124 975 1
125 135 1
125 171 1
125 182 1
125 372 1
125 463 1
125 478 1
125 574 1
125 711 1
125 753 1
125 916 1
126 247 1
126 319 1
126 517 1
126 751 1
126 795 1
126 844 1
126 851 1
126 854 1
127 129 1
127 135 1
127 223 1
127 224 1
127 230 1
127 263 1
127 296 1
127 643 1
127 941 1
127 947 1
127 959 1
129 351 1
129 491 1
129 494 1
129 591 1
129 776 1
129 810 1
129 884 1
130 230 1
130 633 1
130 651 1
130 774 1
130 908 1
130 909 1
131 203 1
131 286 1
131 290 1
131 378 1
131 451 1
131 565 1
131 802 1
131 860 1
132 314 1
132 395 1
132 440 1
132 479 1
132 552 1
132 634 1
132 692 1
132 733 1
132 825 1
132 872 1
132 887 1
133 537 1
133 582 1
133 790 1
133 830 1
133 876 1
134 148 1
134 310 1
134 388 1
134 407 1
134 524 1
134 550 1
134 625 1
134 737 1
135 140 1
135 180 1
135 261 1
135 294 1
135 371 1
135 378 1
135 401 1
135 430 1
135 455 1
135 466 1
135 561 1
135 643 1
135 830 1
135 900 1
135 930 1
135 952 1
136 166 1
136 356 1
136 508 1
136 585 1
136 648 1
136 751 1
136 809 1
136 951 1
136 978 1
137 397 1
137 426 1
137 438 1
137 468 1
137 738 1
138 535 1
138 591 1
138 664 1
138 675 1
138 807 1
138 823 1
138 888 1
138 952 1
138 978 1
139 304 1
139 713 1
139 716 1
139 751 1
139 798 1
139 817 1
139 853 1
139 861 1
139 936 1
140 159 1
140 172 1
140 176 1
140 178 1
140 202 1
140 245 1
140 453 1
140 480 1
140 491 1
140 559 1
140 742 1
140 958 1
140 987 1
141 472 1
141 539 1
141 652 1
141 672 1
141 673 1
141 794 1
141 832 1
141 991 1
142 166 1
142 236 1
142 279 1
142 290 1
142 475 1
142 485 1
142 834 1
142 915 1
143 471 1
143 479 1
143 483 1
143 634 1
143 948 1
144 147 1
144 457 1
144 462 1
144 503 1
144 541 1
144 571 1
144 659 1
144 763 1
144 793 1
144 848 1
145 306 1
145 615 1
145 626 1
145 635 1
145 789 1
145 909 1
145 927 1
146 178 1
146 362 1
146 430 1
146 565 1
146 600 1
147 169 1
147 226 1
147 243 1
147 406 1
147 535 1
147 619 1
147 661 1
147 733 1
147 752 1
147 830 1
147 844 1
148 199 1
148 218 1
148 347 1
148 418 1
148 545 1
148 685 1
148 686 1
148 736 1
148 786 1
148 851 1
148 864 1
148 993 1
149 155 1
149 406 1
149 410 1
149 625 1
149 779 1
149 911 1
150 198 1
150 242 1
150 534 1
150 549 1
150 619 1
150 731 1
150 782 1
150 900 1
150 901 1
151 156 1
151 207 1
151 226 1
151 294 1
151 408 1
151 549 1
151 618 1
151 660 1
151 868 1
152 221 1
152 310 1
152 338 1
152 438 1
152 696 1
152 771 1
152 776 1
152 865 1
153 179 1
153 391 1
153 408 1
153 710 1
153 766 1
153 921 1
154 224 1
154 237 1
154 341 1
154 375 1
154 380 1
154 424 1
154 440 1
154 480 1
154 699 1
154 858 1
154 865 1
155 180 1
155 225 1
155 273 1
155 456 1
155 461 1
155 565 1
155 619 1
155 928 1
155 929 1
155 964 1
156 191 1
156 227 1
156 268 1
156 280 1
156 336 1
156 461 1
156 462 1
156 544 1
156 596 1
156 622 1
156 773 1
156 845 1
156 854 1
156 995 1
157 185 1
157 270 1
157 318 1
157 371 1
157 525 1
157 618 1
157 898 1
157 955 1
158 337 1
158 422 1
158 495 1
158 841 1
158 890 1
159 161 1
159 198 1
159 873 1
160 219 1
160 256 1
160 448 1
160 479 1
160 671 1
160 696 1
160 746 1
160 790 1
160 827 1
160 909 1
160 987 1
161 171 1
161 374 1
161 391 1
161 711 1
161 761 1
161 937 1
161 953 1
162 222 1
162 289 1
162 379 1
162 451 1
162 546 1
162 612 1
162 819 1
162 932 1
162 989 1
163 409 1
163 419 1
163 428 1
163 556 1
163 790 1
163 899 1
163 905 1
163 969 1
164 220 1
164 233 1
164 379 1
164 391 1
164 513 1
164 600 1
164 834 1
164 853 1
164 937 1
165 268 1
165 289 1
165 811 1
165 922 1
165 976 1
166 186 1
166 248 1
166 299 1
166 300 1
166 676 1
166 759 1
166 790 1
166 819 1
167 326 1
167 385 1
167 405 1
167 460 1
167 472 1
167 838 1
167 902 1
167 913 1
167 975 1
168 311 1
168 326 1
168 372 1
168 382 1
168 539 1
168 587 1
168 590 1
168 689 1
168 713 1
168 786 1
168 860 1
168 904 1
169 441 1
169 545 1
169 550 1
169 665 1
169 780 1
169 833 1
170 202 1
170 276 1
170 435 1
170 532 1
170 653 1
170 767 1
170 784 1
170 937 1
171 330 1
171 360 1
171 396 1
171 448 1
171 694 1
171 763 1
171 919 1
172 309 1
172 432 1
172 518 1
172 522 1
172 546 1
172 615 1
172 780 1
172 801 1
172 814 1
172 825 1
172 845 1
173 262 1
173 303 1
173 405 1
173 459 1
173 523 1
173 768 1
173 864 1
173 865 1
173 934 1
174 362 1
174 433 1
174 504 1
174 547 1
174 574 1
174 590 1
174 637 1
174 674 1
174 845 1
174 866 1
175 185 1
175 230 1
175 426 1
175 447 1
175 452 1
175 498 1
175 626 1
175 694 1
175 727 1
175 849 1
176 274 1
176 281 1
176 398 1
176 512 1
176 566 1
176 574 1
176 613 1
176 669 1
176 745 1
176 780 1
176 791 1
177 221 1
177 255 1
177 502 1
177 563 1
177 758 1
177 825 1
177 850 1
177 932 1
177 935 1
178 461 1
178 610 1
178 632 1
178 744 1
178 839 1
178 888 1
179 203 1
179 214 1
179 337 1
179 495 1
179 567 1
179 617 1
179 667 1
179 706 1
179 781 1
179 817 1
179 825 1
179 845 1
179 878 1
179 984 1
180 209 1
180 378 1
180 412 1
180 545 1
180 627 1
180 925 1
181 221 1
181 348 1
181 506 1
181 530 1
181 677 1
181 970 1
182 389 1
182 440 1
182 677 1
182 737 1
182 742 1
182 775 1
182 780 1
182 934 1
183 395 1
183 575 1
183 627 1
183 669 1
183 680 1
183 790 1
183 904 1
183 984 1
184 354 1
184 425 1
184 819 1
184 926 1
184 940 1
184 972 1
185 266 1
185 277 1
185 399 1
185 432 1
185 645 1
185 890 1
185 901 1
185 926 1
185 968 1
185 1000 1
186 284 1
186 285 1
186 327 1
186 574 1
186 648 1
186 712 1
186 764 1
186 994 1
187 276 1
187 342 1
187 373 1
187 524 1
187 730 1
188 298 1
188 332 1
188 391 1
188 396 1
188 696 1
188 698 1
189 311 1
189 434 1
189 633 1
189 823 1
189 913 1
190 223 1
190 310 1
190 347 1
190 348 1
190 400 1
190 431 1
190 547 1
190 583 1
190 709 1
190 931 1
190 939 1
190 950 1
191 507 1
191 732 1
191 906 1
191 999 1
192 247 1
192 277 1
192 338 1
192 587 1
192 704 1
192 887 1
193 200 1
193 330 1
193 389 1
193 451 1
193 579 1
193 584 1
193 769 1
193 862 1
194 229 1
194 257 1
194 396 1
194 401 1
194 402 1
194 470 1
194 556 1
194 614 1
194 616 1
194 859 1
194 913 1
194 951 1
194 961 1
194 998 1
195 262 1
195 400 1
195 534 1
195 658 1
195 690 1
195 801 1
196 307 1
196 316 1
196 643 1
196 650 1
196 690 1
196 723 1
196 750 1
196 801 1
196 912 1
196 938 1
197 258 1
197 301 1
197 314 1
197 387 1
197 452 1
197 565 1
197 659 1
197 710 1
197 838 1
197 848 1
197 872 1
198 501 1
198 530 1
198 772 1
198 821 1
198 855 1
198 946 1
198 975 1
199 227 1
199 281 1
199 329 1
199 414 1
199 553 1
199 866 1
199 933 1
199 961 1
200 223 1
200 297 1
200 487 1
200 593 1
200 811 1
200 872 1
201 292 1
201 389 1
201 454 1
201 517 1
201 717 1
201 836 1
201 840 1
202 341 1
202 385 1
202 455 1
202 510 1
202 706 1
202 962 1
202 968 1
202 983 1
203 430 1
203 501 1
203 518 1
203 588 1
203 623 1
203 710 1
203 766 1
203 901 1
203 928 1
203 983 1
204 257 1
204 297 1
204 382 1
204 449 1
204 520 1
204 577 1
204 629 1
204 650 1
204 657 1
204 672 1
204 749 1
204 777 1
204 823 1
204 925 1
204 926 1
205 229 1
205 329 1
205 606 1
205 667 1
205 711 1
205 808 1
205 848 1
205 981 1
206 259 1
206 300 1
206 483 1
206 487 1
206 513 1
206 515 1
206 631 1
206 641 1
207 306 1
207 433 1
207 558 1
207 772 1
207 775 1
208 297 1
208 367 1
208 421 1
208 465 1
208 509 1
208 569 1
208 607 1
208 643 1
208 693 1
208 748 1
208 893 1
208 901 1
209 231 1
209 319 1
209 617 1
209 638 1
209 680 1
209 804 1
209 896 1
210 429 1
210 606 1
210 770 1
210 948 1
211 243 1
211 418 1
211 519 1
211 531 1
211 579 1
211 595 1
211 723 1
211 753 1
212 328 1
212 360 1
212 374 1
212 395 1
212 445 1
212 587 1
212 708 1
212 879 1
212 914 1
212 934 1
213 266 1
213 283 1
213 358 1
213 535 1
213 603 1
213 623 1
213 687 1
213 712 1
213 749 1
213 816 1
213 886 1
214 343 1
214 454 1
214 513 1
214 579 1
214 643 1
214 946 1
215 254 1
215 330 1
215 412 1
215 444 1
215 691 1
215 819 1
216 297 1
216 317 1
216 355 1
216 501 1
216 674 1
216 689 1
216 909 1
217 448 1
217 470 1
217 859 1
217 927 1
218 458 1
218 606 1
218 953 1
219 281 1
219 392 1
219 575 1
219 627 1
219 813 1
219 849 1
219 912 1
220 221 1
220 229 1
220 271 1
220 430 1
220 444 1
220 585 1
220 687 1
220 723 1
220 736 1
220 848 1
221 246 1
221 273 1
221 373 1
221 582 1
221 686 1
221 937 1
222 225 1
222 427 1
222 451 1
222 489 1
222 563 1
222 585 1
222 592 1
222 629 1
222 815 1
222 846 1
222 972 1
223 297 1
223 737 1
223 910 1
224 337 1
224 371 1
224 390 1
224 563 1
224 650 1
224 787 1
224 812 1
224 970 1
225 273 1
225 285 1
225 436 1
225 716 1
226 324 1
226 331 1
226 384 1
226 389 1
226 557 1
226 737 1
226 870 1
227 315 1
227 383 1
227 429 1
227 472 1
227 626 1
227 730 1
227 775 1
227 785 1
227 801 1
227 821 1
227 978 1
228 311 1
228 360 1
228 436 1
228 582 1
229 414 1
230 231 1
230 245 1
230 276 1
230 340 1
230 347 1
230 399 1
230 641 1
230 774 1
230 932 1
231 269 1
231 281 1
231 461 1
231 595 1
231 700 1
231 786 1
231 827 1
231 898 1
231 952 1
232 482 1
232 525 1
232 542 1
232 670 1
232 698 1
232 780 1
232 858 1
232 859 1
233 283 1
233 400 1
233 472 1
233 591 1
233 660 1
233 710 1
233 798 1
234 237 1
234 331 1
234 340 1
234 582 1
234 646 1
234 678 1
234 690 1
234 800 1
234 854 1
235 268 1
235 490 1
235 559 1
235 646 1
235 654 1
235 695 1
235 720 1
235 874 1
235 875 1
235 910 1
235 964 1
235 994 1
236 347 1
236 600 1
236 645 1
236 701 1
236 705 1
236 791 1
236 856 1
236 999 1
237 249 1
237 372 1
237 390 1
237 446 1
237 639 1
237 817 1
237 830 1
237 907 1
237 952 1
238 280 1
238 536 1
238 586 1
238 599 1
238 723 1
238 782 1
238 876 1
239 373 1
239 504 1
239 885 1
240 250 1
240 394 1
240 482 1
240 598 1
240 631 1
240 657 1
240 787 1
240 825 1
240 910 1
240 912 1
240 944 1
240 972 1
241 366 1
241 412 1
241 435 1
241 582 1
241 638 1
241 732 1
241 771 1
242 250 1
242 398 1
242 768 1
242 856 1
242 972 1
243 248 1
243 261 1
243 324 1
243 383 1
243 482 1
243 643 1
243 681 1
243 871 1
243 921 1
244 308 1
244 312 1
244 712 1
244 730 1
244 731 1
244 922 1
244 982 1
245 463 1
245 616 1
245 692 1
245 783 1
245 848 1
246 383 1
246 677 1
246 822 1
246 828 1
247 275 1
247 320 1
247 364 1
247 373 1
247 409 1
247 506 1
247 527 1
247 680 1
247 735 1
247 763 1
247 770 1
247 801 1
247 945 1
247 997 1
248 393 1
248 431 1
248 896 1
248 904 1
248 945 1
249 307 1
249 367 1
249 502 1
249 674 1
249 970 1
249 989 1
250 273 1
250 391 1
250 455 1
250 505 1
250 575 1
250 621 1
250 721 1
250 796 1
250 862 1
250 891 1
250 914 1
251 310 1
251 342 1
251 494 1
251 673 1
251 900 1
251 956 1
251 995 1
252 312 1
252 543 1
252 545 1
252 767 1
252 918 1
253 666 1
253 784 1
253 884 1
253 986 1
254 356 1
254 361 1
254 562 1
254 615 1
254 875 1
254 945 1
254 978 1
255 277 1
255 369 1
255 605 1
255 742 1
255 909 1
255 945 1
256 266 1
256 330 1
256 413 1
256 430 1
256 591 1
256 687 1
256 819 1
257 419 1
257 463 1
257 684 1
257 789 1
257 953 1
258 307 1
258 486 1
258 844 1
258 914 1
259 422 1
259 423 1
259 508 1
259 511 1
259 532 1
259 732 1
260 298 1
260 317 1
260 384 1
260 400 1
260 410 1
260 420 1
260 814 1
261 279 1
261 434 1
261 562 1
261 725 1
261 891 1
262 475 1
262 528 1
262 565 1
262 577 1
263 407 1
263 434 1
263 451 1
263 475 1
263 699 1
263 786 1
263 889 1
263 929 1
264 266 1
264 286 1
264 309 1
264 404 1
264 605 1
264 721 1
264 795 1
265 267 1
265 382 1
265 472 1
265 522 1
265 623 1
265 644 1
265 675 1
265 678 1
265 710 1
265 753 1
265 798 1
265 859 1
265 909 1
266 311 1
266 440 1
266 468 1
266 480 1
266 564 1
266 781 1
266 889 1
267 458 1
267 692 1
267 907 1
267 941 1
268 371 1
268 410 1
268 441 1
268 661 1
268 722 1
268 746 1
268 806 1
268 861 1
268 895 1
268 926 1
268 936 1
269 569 1
269 754 1
269 791 1
269 847 1
269 890 1
269 919 1
270 343 1
270 449 1
270 646 1
270 667 1
270 679 1
270 787 1
270 799 1
270 815 1
270 928 1
271 354 1
271 442 1
271 576 1
271 599 1
271 870 1
271 878 1
272 502 1
272 854 1
272 875 1
272 928 1
273 299 1
273 426 1
273 464 1
273 595 1
273 722 1
274 280 1
274 299 1
274 459 1
274 640 1
274 650 1
274 662 1
274 714 1
274 919 1
275 376 1
275 381 1
275 448 1
275 534 1
275 689 1
275 712 1
275 758 1
275 796 1
275 897 1
276 345 1
276 497 1
276 750 1
277 331 1
277 640 1
277 703 1
277 723 1
277 749 1
277 863 1
277 881 1
277 937 1
278 292 1
278 363 1
278 431 1
278 595 1
278 698 1
278 757 1
278 787 1
278 863 1
279 518 1
279 619 1
279 648 1
279 667 1
279 763 1
279 863 1
280 333 1
280 343 1
280 389 1
280 631 1
280 649 1
280 686 1
280 702 1
280 757 1
280 782 1
280 792 1
280 936 1
280 995 1
281 476 1
281 543 1
281 562 1
281 783 1
281 836 1
281 930 1
281 968 1
281 987 1
282 315 1
282 346 1
282 395 1
282 492 1
282 505 1
282 506 1
282 611 1
282 629 1
282 678 1
282 725 1
283 516 1
283 530 1
283 552 1
283 648 1
283 651 1
283 657 1
283 887 1
283 998 1
284 617 1
284 678 1
284 686 1
284 860 1
284 941 1
285 303 1
285 309 1
285 392 1
285 400 1
285 432 1
285 597 1
285 599 1
285 621 1
285 644 1
285 862 1
285 937 1
285 966 1
286 516 1
286 707 1
286 738 1
286 750 1
286 785 1
286 972 1
287 327 1
287 352 1
287 702 1
287 791 1
288 414 1
288 429 1
288 630 1
288 684 1
288 737 1
288 835 1
288 876 1
288 877 1
288 907 1
288 966 1
289 440 1
289 465 1
289 604 1
289 629 1
289 678 1
289 766 1
289 884 1
289 911 1
289 939 1
290 404 1
290 439 1
290 464 1
290 530 1
290 562 1
290 565 1
290 572 1
290 589 1
290 677 1
290 684 1
290 783 1
290 865 1
290 873 1
290 961 1
291 328 1
291 394 1
291 488 1
291 524 1
291 889 1
291 916 1
292 307 1
292 506 1
292 798 1
292 918 1
292 966 1
293 496 1
293 690 1
293 882 1
293 951 1
294 391 1
294 425 1
294 558 1
294 569 1
294 763 1
294 785 1
294 828 1
294 957 1
295 309 1
295 407 1
295 512 1
295 571 1
295 689 1
295 803 1
295 806 1
295 823 1
296 581 1
296 686 1
296 945 1
296 960 1
297 315 1
297 451 1
297 550 1
297 586 1
297 590 1
297 603 1
297 681 1
297 773 1
297 806 1
297 857 1
297 868 1
297 897 1
298 370 1
298 506 1
298 516 1
298 547 1
298 608 1
298 694 1
298 729 1
298 756 1
298 780 1
298 978 1
299 434 1
299 546 1
299 627 1
299 662 1
299 701 1
299 813 1
299 919 1
299 973 1
300 563 1
300 575 1
300 690 1
300 701 1
300 789 1
300 849 1
300 881 1
300 893 1
300 894 1
300 953 1
300 961 1
301 317 1
301 478 1
301 481 1
301 515 1
301 597 1
301 649 1
301 731 1
302 448 1
302 535 1
302 583 1
302 617 1
302 648 1
302 821 1
302 872 1
302 988 1
303 626 1
303 717 1
303 740 1
303 930 1
304 350 1
304 654 1
304 944 1
305 478 1
305 533 1
305 563 1
305 589 1
305 624 1
305 634 1
305 683 1
305 746 1
305 910 1
306 374 1
306 378 1
306 476 1
306 730 1
306 920 1
306 971 1
307 533 1
307 643 1
307 922 1
307 932 1
308 380 1
308 389 1
308 534 1
308 646 1
308 836 1
309 362 1
309 425 1
309 426 1
309 591 1
309 761 1
309 791 1
309 895 1
309 985 1
310 647 1
310 669 1
310 735 1
310 783 1
310 901 1
310 948 1
310 963 1
310 969 1
311 343 1
311 352 1
311 455 1
311 795 1
311 876 1
311 877 1
311 909 1
312 333 1
312 406 1
312 511 1
312 540 1
312 630 1
312 651 1
312 663 1
313 322 1
313 390 1
313 579 1
313 652 1
313 767 1
313 979 1
313 990 1
313 998 1
314 364 1
314 464 1
314 506 1
314 546 1
314 622 1
314 652 1
314 687 1
314 703 1
314 777 1
315 376 1
315 430 1
315 477 1
315 549 1
315 629 1
315 795 1
315 914 1
316 435 1
316 450 1
316 573 1
316 692 1
316 799 1
316 834 1
316 838 1
317 363 1
317 391 1
317 398 1
317 453 1
317 515 1
317 517 1
317 588 1
317 597 1
317 598 1
317 688 1
317 850 1
317 926 1
317 937 1
317 978 1
318 331 1
318 372 1
318 373 1
318 494 1
318 634 1
318 682 1
318 877 1
319 400 1
319 516 1
319 555 1
319 694 1
319 703 1
319 911 1
319 942 1
320 359 1
320 388 1
320 511 1
320 564 1
320 626 1
320 676 1
320 887 1
321 368 1
321 373 1
321 490 1
321 574 1
321 733 1
321 778 1
321 806 1
321 820 1
321 840 1
321 862 1
322 515 1
322 582 1
322 658 1
322 844 1
323 380 1
323 409 1
323 789 1
323 884 1
323 885 1
323 969 1
324 342 1
324 346 1
324 658 1
324 798 1
324 916 1
325 525 1
325 550 1
325 553 1
325 629 1
325 782 1
325 832 1
325 848 1
325 955 1
326 381 1
326 566 1
326 949 1
326 993 1
327 371 1
327 750 1
327 902 1
327 916 1
328 486 1
328 608 1
328 743 1
328 746 1
328 922 1
328 971 1
329 410 1
329 503 1
329 737 1
329 844 1
329 878 1
329 943 1
329 964 1
330 595 1
330 616 1
330 640 1
330 874 1
330 968 1
331 389 1
331 425 1
331 427 1
331 520 1
331 599 1
331 796 1
331 865 1
331 893 1
331 900 1
331 953 1
331 973 1
332 345 1
332 353 1
332 358 1
332 398 1
332 413 1
332 520 1
332 530 1
332 607 1
332 711 1
332 738 1
333 605 1
333 805 1
333 890 1
333 957 1
333 964 1
333 999 1
334 369 1
334 478 1
334 572 1
334 634 1
334 641 1
334 671 1
334 726 1
334 872 1
334 966 1
334 979 1
335 471 1
335 680 1
335 784 1
335 787 1
335 831 1
335 856 1
335 958 1
336 339 1
336 585 1
336 623 1
336 739 1
336 999 1
337 388 1
337 411 1
337 463 1
337 557 1
337 684 1
337 760 1
337 849 1
337 875 1
338 494 1
338 512 1
338 583 1
338 590 1
338 688 1
338 789 1
338 792 1
338 833 1
338 863 1
339 364 1
339 814 1
339 829 1
340 343 1
340 438 1
340 449 1
340 466 1
340 614 1
340 626 1
340 727 1
340 890 1
340 999 1
341 436 1
341 745 1
341 866 1
341 887 1
341 987 1
342 345 1
342 534 1
342 574 1
342 638 1
342 729 1
343 444 1
343 485 1
343 496 1
343 537 1
343 764 1
343 821 1
343 904 1
343 994 1
344 379 1
344 504 1
344 527 1
344 577 1
344 859 1
344 939 1
344 998 1
345 401 1
345 498 1
345 590 1
345 915 1
345 961 1
345 962 1
346 599 1
346 704 1
346 714 1
346 721 1
346 797 1
346 963 1
347 407 1
347 475 1
347 484 1
347 502 1
347 581 1
347 584 1
347 676 1
347 817 1
347 894 1
347 902 1
347 971 1
348 536 1
348 704 1
348 722 1
349 560 1
349 657 1
349 832 1
349 949 1
350 398 1
350 574 1
350 962 1
351 361 1
351 688 1
351 753 1
351 806 1
351 881 1
351 885 1
351 889 1
352 449 1
352 475 1
352 512 1
352 605 1
352 829 1
353 377 1
353 472 1
353 497 1
353 575 1
353 783 1
353 966 1
354 502 1
354 538 1
354 574 1
354 708 1
354 866 1
354 973 1
355 621 1
355 774 1
355 792 1
355 817 1
356 430 1
356 445 1
356 453 1
356 553 1
356 605 1
356 693 1
357 379 1
357 445 1
357 494 1
357 524 1
357 528 1
357 529 1
357 576 1
357 687 1
357 696 1
357 950 1
357 986 1
358 496 1
358 542 1
358 644 1
358 765 1
358 843 1
358 853 1
358 960 1
358 977 1
359 383 1
359 416 1
359 455 1
359 532 1
359 581 1
359 594 1
359 751 1
359 763 1
359 866 1
359 892 1
359 943 1
360 623 1
360 627 1
360 717 1
360 768 1
360 874 1
360 877 1
361 516 1
361 680 1
361 702 1
361 819 1
361 877 1
361 886 1
361 938 1
361 976 1
362 591 1
362 633 1
362 894 1
362 902 1
362 906 1
363 436 1
363 455 1
363 496 1
363 616 1
363 621 1
363 667 1
363 905 1
364 427 1
364 445 1
364 810 1
364 849 1
364 941 1
364 992 1
365 589 1
365 658 1
366 419 1
366 656 1
366 719 1
366 784 1
366 901 1
366 969 1
367 381 1
367 510 1
367 545 1
367 735 1
367 744 1
367 790 1
367 796 1
368 452 1
368 464 1
368 474 1
368 638 1
368 689 1
368 710 1
368 897 1
368 901 1
369 377 1
369 391 1
369 449 1
369 470 1
369 499 1
369 518 1
369 591 1
369 625 1
369 632 1
369 671 1
369 738 1
369 803 1
369 822 1
370 497 1
370 534 1
370 635 1
370 683 1
370 729 1
370 755 1
370 830 1
370 962 1
370 981 1
371 391 1
371 427 1
371 509 1
371 631 1
371 654 1
371 838 1
371 944 1
372 405 1
372 452 1
372 520 1
372 538 1
372 740 1
372 840 1
372 929 1
373 464 1
373 580 1
373 716 1
373 783 1
373 891 1
373 895 1
374 381 1
374 392 1
374 583 1
374 607 1
374 842 1
374 876 1
374 987 1
375 453 1
375 483 1
375 618 1
375 661 1
375 846 1
376 403 1
376 421 1
376 422 1
376 430 1
376 444 1
376 685 1
376 702 1
376 958 1
376 961 1
377 398 1
377 742 1
377 758 1
377 861 1
377 936 1
378 598 1
378 711 1
378 758 1
378 832 1
378 877 1
378 896 1
378 950 1
378 982 1
379 482 1
379 597 1
379 620 1
379 674 1
379 752 1
379 940 1
379 977 1
380 389 1
380 432 1
380 466 1
380 505 1
380 514 1
380 695 1
380 813 1
380 862 1
380 964 1
380 996 1
381 388 1
381 577 1
381 622 1
381 753 1
382 852 1
382 922 1
383 397 1
383 438 1
383 721 1
383 748 1
383 807 1
383 925 1
384 399 1
384 523 1
384 714 1
384 874 1
385 565 1
385 602 1
385 698 1
385 768 1
385 877 1
385 909 1
385 964 1
386 390 1
386 406 1
386 426 1
386 454 1
386 531 1
386 586 1
386 620 1
386 657 1
386 758 1
386 859 1
386 884 1
386 943 1
387 484 1
387 645 1
387 679 1
387 690 1
387 695 1
387 735 1
387 741 1
387 832 1
387 870 1
387 971 1
388 424 1
388 468 1
388 674 1
388 697 1
388 699 1
388 860 1
388 911 1
389 521 1
389 554 1
389 595 1
389 686 1
389 705 1
389 758 1
389 964 1
390 525 1
390 563 1
390 609 1
390 674 1
390 768 1
390 787 1
390 814 1
390 870 1
390 942 1
391 589 1
391 665 1
391 908 1
392 533 1
392 538 1
392 776 1
392 778 1
392 782 1
392 801 1
392 804 1
392 821 1
392 916 1
393 484 1
393 607 1
393 630 1
393 720 1
393 809 1
393 887 1
393 939 1
394 548 1
394 568 1
394 661 1
394 718 1
394 727 1
394 731 1
394 801 1
394 805 1
394 806 1
394 845 1
394 872 1
394 873 1
394 876 1
394 915 1
394 930 1
394 965 1
395 536 1
395 609 1
395 633 1
395 796 1
395 827 1
395 876 1
395 992 1
395 998 1
396 508 1
396 535 1
396 950 1
396 970 1
397 399 1
397 424 1
397 469 1
397 670 1
397 675 1
397 685 1
397 825 1
399 595 1
399 683 1
399 734 1
399 802 1
399 809 1
399 956 1
399 994 1
400 431 1
400 639 1
400 655 1
400 895 1
400 954 1
400 972 1
401 441 1
401 579 1
401 668 1
401 682 1
401 823 1
401 885 1
401 929 1
402 446 1
402 452 1
402 624 1
402 686 1
402 692 1
402 733 1
402 781 1
402 828 1
403 518 1
403 558 1
403 572 1
403 591 1
403 598 1
403 613 1
403 950 1
404 645 1
405 523 1
405 534 1
405 598 1
405 624 1
405 675 1
405 732 1
405 751 1
405 886 1
406 411 1
406 651 1
406 811 1
406 849 1
406 982 1
407 529 1
407 536 1
407 556 1
407 799 1
407 855 1
407 975 1
409 417 1
409 630 1
409 657 1
409 672 1
409 690 1
409 703 1
409 821 1
410 510 1
410 616 1
410 650 1
410 677 1
410 775 1
410 818 1
410 911 1
410 941 1
411 781 1
411 784 1
411 942 1
411 953 1
412 483 1
412 521 1
412 522 1
412 667 1
412 826 1
412 973 1
413 419 1
413 560 1
413 599 1
413 675 1
413 751 1
413 808 1
413 946 1
413 983 1
414 524 1
414 582 1
414 727 1
414 779 1
414 827 1
414 867 1
415 669 1
415 702 1
415 709 1
415 984 1
416 431 1
416 725 1
416 807 1
417 442 1
417 446 1
417 464 1
417 486 1
417 587 1
417 603 1
417 886 1
418 612 1
418 745 1
418 929 1
418 969 1
418 971 1
418 993 1
419 476 1
419 694 1
419 748 1
419 805 1
419 903 1
420 564 1
420 566 1
420 753 1
420 779 1
420 784 1
420 813 1
420 948 1
421 456 1
421 522 1
421 685 1
421 686 1
421 701 1
421 888 1
422 447 1
422 500 1
422 616 1
422 707 1
422 742 1
422 816 1
422 966 1
423 481 1
423 654 1
423 708 1
423 755 1
423 796 1
424 509 1
424 566 1
424 630 1
424 801 1
424 838 1
425 598 1
425 643 1
425 802 1
425 974 1
426 458 1
426 575 1
426 685 1
426 739 1
426 741 1
427 705 1
428 640 1
428 704 1
428 744 1
428 876 1
428 928 1
429 430 1
429 835 1
429 850 1
429 882 1
429 909 1
430 517 1
430 571 1
430 620 1
430 932 1
430 938 1
430 949 1
430 967 1
431 502 1
431 964 1
431 981 1
432 462 1
432 541 1
432 674 1
432 737 1
432 854 1
432 915 1
433 538 1
433 835 1
433 861 1
433 894 1
434 534 1
434 539 1
434 716 1
434 901 1
434 930 1
435 448 1
435 528 1
435 607 1
435 714 1
435 731 1
435 799 1
435 815 1
435 864 1
435 929 1
436 482 1
436 489 1
436 514 1
436 542 1
436 549 1
436 574 1
436 593 1
436 617 1
436 651 1
436 767 1
436 806 1
436 958 1
437 780 1
437 829 1
437 845 1
438 470 1
438 583 1
438 827 1
438 900 1
438 939 1
439 542 1
439 590 1
439 848 1
439 917 1
440 544 1
440 790 1
440 805 1
440 897 1
441 531 1
441 642 1
441 729 1
441 789 1
441 858 1
441 977 1
442 462 1
442 521 1
442 546 1
442 550 1
442 552 1
442 696 1
442 728 1
442 943 1
443 498 1
443 565 1
443 611 1
443 612 1
443 652 1
443 751 1
443 753 1
443 799 1
443 816 1
443 849 1
443 865 1
443 982 1
443 985 1
444 544 1
444 714 1
444 920 1
444 929 1
445 453 1
445 465 1
445 547 1
445 564 1
445 584 1
445 768 1
445 817 1
445 902 1
445 906 1
445 910 1
446 510 1
446 583 1
446 740 1
446 860 1
446 959 1
447 656 1
447 840 1
447 950 1
448 521 1
448 599 1
448 623 1
448 750 1
448 804 1
448 835 1
448 937 1
448 941 1
449 601 1
449 642 1
449 828 1
449 898 1
450 465 1
450 488 1
450 535 1
450 616 1
450 837 1
450 865 1
450 890 1
451 474 1
451 561 1
451 800 1
451 921 1
452 500 1
452 642 1
452 670 1
452 679 1
452 684 1
453 509 1
453 690 1
453 701 1
453 733 1
453 740 1
453 840 1
453 842 1
453 991 1
454 473 1
454 502 1
454 542 1
454 683 1
455 632 1
455 763 1
455 805 1
455 937 1
455 991 1
455 995 1
456 546 1
456 674 1
456 717 1
456 745 1
456 884 1
456 915 1
456 973 1
457 529 1
457 657 1
458 532 1
458 546 1
458 560 1
458 589 1
458 630 1
458 639 1
458 827 1
458 903 1
459 555 1
459 694 1
459 873 1
459 898 1
460 466 1
460 496 1
460 665 1
460 696 1
460 792 1
460 857 1
461 502 1
461 563 1
461 703 1
461 752 1
461 804 1
461 938 1
461 951 1
462 603 1
462 713 1
462 726 1
462 729 1
462 793 1
462 889 1
462 921 1
462 993 1
463 642 1
463 754 1
463 858 1
463 877 1
464 761 1
464 887 1
464 974 1
465 691 1
465 793 1
465 906 1
466 556 1
466 557 1
466 605 1
466 812 1
466 891 1
467 507 1
467 512 1
467 631 1
467 644 1
467 650 1
467 671 1
467 672 1
467 840 1
468 498 1
468 505 1
468 789 1
468 909 1
469 527 1
469 571 1
469 845 1
469 883 1
469 884 1
470 481 1
470 765 1
471 693 1
472 475 1
472 562 1
472 620 1
472 667 1
472 689 1
472 784 1
472 926 1
472 996 1
473 500 1
473 513 1
473 683 1
473 696 1
473 705 1
473 846 1
473 885 1
473 995 1
474 516 1
474 594 1
474 630 1
474 711 1
474 898 1
475 498 1
475 553 1
475 687 1
475 691 1
475 721 1
476 491 1
476 762 1
476 950 1
477 481 1
477 541 1
477 580 1
477 582 1
477 662 1
477 839 1
477 915 1
478 504 1
478 538 1
478 543 1
478 554 1
478 700 1
478 728 1
478 749 1
479 522 1
479 615 1
479 642 1
479 677 1
480 500 1
480 597 1
480 623 1
480 637 1
480 729 1
481 502 1
481 863 1
482 504 1
482 573 1
482 732 1
482 741 1
483 504 1
483 507 1
483 633 1
483 658 1
483 666 1
483 694 1
483 793 1
483 852 1
483 853 1
483 856 1
483 860 1
483 873 1
483 903 1
484 520 1
484 684 1
484 758 1
484 799 1
484 922 1
484 952 1
485 637 1
485 712 1
485 981 1
486 487 1
486 790 1
486 821 1
486 888 1
487 538 1
487 574 1
487 633 1
487 713 1
487 767 1
487 885 1
487 924 1
488 521 1
488 548 1
488 590 1
488 592 1
488 684 1
488 747 1
488 792 1
488 911 1
488 927 1
488 973 1
489 535 1
489 546 1
489 576 1
489 579 1
489 599 1
489 662 1
489 734 1
489 745 1
489 833 1
489 846 1
489 879 1
489 992 1
490 521 1
490 731 1
490 981 1
491 721 1
491 824 1
491 911 1
491 982 1
492 594 1
492 823 1
493 498 1
493 870 1
493 941 1
494 556 1
494 622 1
494 768 1
494 836 1
494 843 1
494 882 1
494 885 1
495 508 1
495 523 1
495 527 1
495 625 1
495 784 1
495 951 1
496 643 1
496 660 1
497 507 1
497 609 1
497 647 1
497 659 1
497 695 1
497 716 1
498 635 1
498 698 1
498 750 1
498 755 1
498 760 1
498 762 1
498 804 1
498 940 1
498 990 1
499 531 1
499 715 1
499 819 1
499 958 1
500 614 1
500 671 1
500 741 1
500 927 1
500 974 1
500 985 1
501 652 1
501 708 1
501 774 1
501 906 1
501 929 1
502 837 1
502 866 1
503 621 1
503 655 1
503 889 1
503 897 1
503 983 1
504 571 1
504 929 1
505 566 1
505 678 1
505 745 1
505 805 1
505 808 1
505 837 1
505 882 1
506 559 1
506 762 1
506 782 1
506 819 1
506 889 1
506 975 1
507 944 1
508 541 1
508 590 1
508 591 1
508 735 1
508 747 1
508 939 1
509 612 1
509 640 1
509 875 1
509 884 1
509 891 1
510 577 1
510 834 1
510 905 1
511 562 1
511 966 1
512 615 1
512 691 1
512 773 1
512 977 1
513 634 1
514 611 1
514 678 1
514 729 1
514 748 1
514 897 1
514 957 1
515 793 1
515 825 1
515 897 1
516 593 1
516 636 1
516 690 1
516 765 1
516 867 1
516 881 1
517 684 1
517 689 1
517 694 1
517 700 1
517 717 1
517 834 1
517 872 1
517 981 1
518 520 1
518 615 1
518 675 1
518 875 1
518 897 1
518 920 1
519 676 1
519 896 1
520 626 1
520 632 1
520 896 1
520 918 1
521 576 1
521 601 1
521 630 1
521 727 1
522 672 1
522 807 1
522 900 1
523 529 1
523 684 1
523 903 1
523 913 1
524 800 1
524 813 1
524 820 1
524 828 1
524 850 1
524 942 1
524 961 1
524 990 1
525 543 1
525 618 1
525 663 1
525 880 1
525 951 1
526 781 1
526 804 1
526 864 1
526 973 1
527 547 1
527 594 1
527 600 1
527 885 1
528 536 1
528 546 1
528 925 1
528 964 1
529 676 1
529 689 1
529 818 1
529 832 1
529 968 1
529 995 1
530 768 1
530 968 1
530 992 1
530 998 1
531 561 1
531 632 1
531 797 1
531 889 1
531 970 1
532 572 1
532 589 1
532 857 1
533 555 1
534 649 1
534 815 1
534 823 1
534 846 1
534 932 1
535 566 1
535 741 1
535 979 1
536 558 1
536 638 1
536 694 1
536 906 1
537 758 1
537 801 1
537 951 1
537 964 1
537 976 1
538 683 1
538 712 1
538 723 1
538 749 1
538 835 1
538 843 1
538 917 1
539 588 1
539 617 1
539 658 1
539 691 1
539 719 1
539 942 1
540 614 1
540 776 1
540 810 1
540 846 1
541 799 1
542 761 1
542 975 1
543 588 1
543 667 1
543 755 1
543 772 1
543 785 1
543 814 1
543 859 1
543 999 1
544 548 1
544 572 1
544 663 1
544 773 1
545 576 1
546 649 1
546 777 1
546 882 1
546 937 1
547 799 1
547 958 1
547 970 1
548 794 1
548 817 1
548 969 1
549 694 1
549 874 1
549 922 1
550 586 1
550 809 1
550 971 1
551 603 1
551 930 1
551 932 1
551 973 1
552 615 1
552 711 1
552 811 1
552 961 1
552 967 1
553 716 1
553 851 1
553 856 1
553 860 1
553 881 1
553 915 1
553 918 1
554 673 1
554 924 1
555 558 1
555 589 1
555 702 1
555 731 1
555 801 1
555 869 1
556 568 1
556 688 1
556 825 1
557 683 1
557 691 1
557 934 1
557 942 1
557 968 1
558 570 1
558 578 1
558 668 1
558 711 1
558 779 1
558 793 1
558 804 1
558 872 1
558 987 1
559 606 1
559 648 1
559 918 1
559 957 1
560 922 1
561 898 1
561 899 1
562 623 1
562 682 1
562 893 1
562 894 1
562 916 1
562 957 1
563 749 1
563 758 1
563 768 1
563 887 1
563 941 1
563 953 1
564 652 1
564 737 1
564 779 1
564 866 1
565 651 1
565 778 1
565 842 1
565 950 1
566 965 1
566 986 1
567 589 1
567 680 1
567 790 1
567 859 1
568 656 1
568 710 1
568 711 1
568 839 1
569 772 1
569 807 1
569 971 1
569 984 1
570 649 1
570 683 1
570 710 1
570 969 1
570 979 1
570 999 1
571 600 1
571 721 1
571 748 1
571 814 1
571 828 1
571 875 1
571 964 1
572 662 1
572 750 1
572 935 1
573 621 1
573 677 1
573 688 1
573 758 1
573 769 1
573 848 1
573 912 1
573 963 1
574 696 1
574 906 1
574 926 1
575 641 1
575 700 1
575 707 1
575 719 1
576 715 1
577 701 1
577 707 1
577 793 1
577 819 1
578 776 1
578 782 1
578 788 1
578 861 1
578 917 1
579 628 1
579 740 1
579 910 1
580 649 1
580 707 1
580 880 1
580 944 1
580 956 1
581 678 1
581 797 1
581 887 1
581 943 1
582 624 1
582 784 1
582 905 1
582 958 1
583 697 1
583 748 1
583 888 1
583 995 1
584 614 1
585 588 1
585 903 1
585 946 1
586 636 1
586 656 1
586 923 1
586 946 1
586 961 1
587 639 1
587 647 1
587 650 1
587 762 1
587 863 1
587 918 1
587 942 1
588 699 1
588 906 1
589 697 1
589 741 1
589 760 1
589 766 1
589 963 1
590 635 1
590 769 1
591 891 1
591 995 1
592 709 1
592 754 1
592 760 1
592 761 1
592 802 1
593 666 1
593 707 1
593 742 1
593 778 1
593 807 1
593 977 1
594 658 1
594 757 1
594 759 1
594 933 1
595 663 1
595 708 1
595 723 1
595 733 1
595 939 1
596 674 1
597 763 1
597 780 1
597 838 1
597 953 1
598 732 1
598 865 1
598 898 1
599 617 1
599 660 1
599 812 1
599 818 1
599 885 1
599 886 1
599 915 1
600 762 1
600 797 1
600 820 1
600 919 1
600 922 1
601 693 1
601 743 1
601 972 1
602 624 1
602 667 1
602 745 1
602 943 1
603 614 1
603 615 1
603 673 1
603 753 1
603 839 1
603 917 1
604 789 1
604 801 1
604 827 1
604 955 1
604 985 1
605 650 1
605 709 1
605 711 1
605 716 1
605 739 1
605 789 1
605 922 1
606 611 1
606 845 1
606 956 1
607 747 1
607 815 1
607 891 1
607 924 1
607 1000 1
608 623 1
608 758 1
608 760 1
608 905 1
608 927 1
608 940 1
609 812 1
609 921 1
610 801 1
610 896 1
611 647 1
611 700 1
611 738 1
611 764 1
612 625 1
612 633 1
612 634 1
612 650 1
612 661 1
612 687 1
612 693 1
612 714 1
612 757 1
613 615 1
613 710 1
613 772 1
613 846 1
613 895 1
613 938 1
614 773 1
614 958 1
615 723 1
615 839 1
615 876 1
615 926 1
615 933 1
616 747 1
616 951 1
616 973 1
617 621 1
618 848 1
619 829 1
619 905 1
620 651 1
620 672 1
620 777 1
620 938 1
621 744 1
621 764 1
621 782 1
621 908 1
621 988 1
623 724 1
623 758 1
623 836 1
623 882 1
623 970 1
624 727 1
624 989 1
625 752 1
625 862 1
625 947 1
625 958 1
625 996 1
626 827 1
626 926 1
627 669 1
627 828 1
627 941 1
628 702 1
628 907 1
629 764 1
629 843 1
629 975 1
630 670 1
630 741 1
630 790 1
630 995 1
631 795 1
631 810 1
631 971 1
631 980 1
632 663 1
632 826 1
632 842 1
632 888 1
632 958 1
633 684 1
633 735 1
634 644 1
634 837 1
634 979 1
635 646 1
635 772 1
635 804 1
635 899 1
636 667 1
636 775 1
636 873 1
636 950 1
637 725 1
637 777 1
637 849 1
637 939 1
637 997 1
638 678 1
638 760 1
638 853 1
639 678 1
640 820 1
641 650 1
642 650 1
642 732 1
642 757 1
642 842 1
642 880 1
642 885 1
643 679 1
643 784 1
643 929 1
644 814 1
644 829 1
644 943 1
645 657 1
645 741 1
645 861 1
645 882 1
646 771 1
646 799 1
646 815 1
646 844 1
646 957 1
646 968 1
648 680 1
648 726 1
648 838 1
649 703 1
649 737 1
649 849 1
650 675 1
650 808 1
650 992 1
651 955 1
651 956 1
652 692 1
652 704 1
652 897 1
652 941 1
652 954 1
652 981 1
652 987 1
653 802 1
653 848 1
654 759 1
654 769 1
654 803 1
654 836 1
654 965 1
654 975 1
655 665 1
655 674 1
655 928 1
655 966 1
656 830 1
656 847 1
656 852 1
657 699 1
657 888 1
657 954 1
657 966 1
658 675 1
658 726 1
658 732 1
658 768 1
658 779 1
658 877 1
659 669 1
659 847 1
659 869 1
659 872 1
659 892 1
660 796 1
660 838 1
660 958 1
661 690 1
661 704 1
661 850 1
661 865 1
661 923 1
662 705 1
662 769 1
662 801 1
662 809 1
662 927 1
662 982 1
662 988 1
662 992 1
663 825 1
663 973 1
665 695 1
665 853 1
665 987 1
666 883 1
666 938 1
667 726 1
667 744 1
667 815 1
667 853 1
667 953 1
668 760 1
668 889 1
668 971 1
669 713 1
669 843 1
669 890 1
669 985 1
670 672 1
670 695 1
670 819 1
670 948 1
670 985 1
671 688 1
671 713 1
672 681 1
672 728 1
672 848 1
672 903 1
673 695 1
673 826 1
673 831 1
673 884 1
674 728 1
674 804 1
674 825 1
674 843 1
674 912 1
675 782 1
675 817 1
675 913 1
675 963 1
675 970 1
676 770 1
676 967 1
677 780 1
677 819 1
677 857 1
677 943 1
678 777 1
678 798 1
678 800 1
678 897 1
678 898 1
678 956 1
679 719 1
679 767 1
679 869 1
680 796 1
680 835 1
680 967 1
680 971 1
681 693 1
681 868 1
681 917 1
681 952 1
682 812 1
683 779 1
683 809 1
683 851 1
683 855 1
683 894 1
683 926 1
683 947 1
684 819 1
684 982 1
685 858 1
685 865 1
685 867 1
685 883 1
685 895 1
685 985 1
685 988 1
686 706 1
686 797 1
686 905 1
686 930 1
686 968 1
686 982 1
686 989 1
687 720 1
687 767 1
687 779 1
687 920 1
687 945 1
688 722 1
689 842 1
689 930 1
689 960 1
690 754 1
690 789 1
690 860 1
690 867 1
690 903 1
690 963 1
691 698 1
691 843 1
691 929 1
692 705 1
692 937 1
692 940 1
693 818 1
694 705 1
694 725 1
694 750 1
694 937 1
694 951 1
694 952 1
695 757 1
695 797 1
695 865 1
697 698 1
697 740 1
697 830 1
697 839 1
697 943 1
697 976 1
697 992 1
699 714 1
699 800 1
699 892 1
700 747 1
700 955 1
701 906 1
702 877 1
703 751 1
703 801 1
703 812 1
704 876 1
704 1000 1
705 723 1
705 897 1
705 966 1
706 867 1
706 888 1
706 899 1
706 945 1
706 966 1
706 991 1
707 734 1
707 828 1
707 932 1
708 864 1
708 939 1
710 777 1
710 853 1
711 729 1
711 876 1
711 900 1
711 916 1
712 722 1
713 715 1
713 736 1
713 740 1
713 787 1
714 975 1
715 742 1
715 796 1
715 848 1
715 887 1
715 895 1
715 997 1
716 823 1
716 890 1
716 924 1
716 987 1
717 727 1
717 751 1
717 797 1
717 808 1
717 816 1
717 946 1
718 810 1
718 828 1
718 886 1
719 726 1
719 790 1
719 809 1
719 960 1
720 937 1
720 980 1
721 747 1
721 811 1
721 915 1
721 938 1
721 995 1
721 999 1
722 826 1
722 905 1
722 958 1
723 774 1
725 989 1
726 792 1
727 741 1
727 872 1
728 733 1
728 833 1
728 875 1
729 773 1
729 895 1
730 746 1
730 770 1
730 785 1
731 806 1
731 895 1
732 789 1
732 818 1
732 923 1
732 928 1
732 939 1
732 953 1
733 738 1
733 759 1
733 764 1
733 897 1
733 958 1
734 824 1
734 985 1
735 937 1
737 796 1
737 808 1
737 833 1
737 972 1
738 770 1
738 918 1
739 883 1
739 948 1
739 953 1
740 838 1
740 927 1
740 936 1
741 795 1
741 863 1
741 936 1
741 984 1
742 795 1
742 952 1
742 979 1
742 1000 1
743 871 1
743 889 1
744 745 1
744 936 1
744 978 1
744 990 1
746 964 1
746 975 1
747 830 1
747 907 1
747 943 1
747 971 1
748 846 1
748 861 1
748 880 1
748 904 1
749 812 1
749 813 1
749 831 1
749 921 1
749 981 1
750 855 1
750 875 1
751 791 1
751 812 1
751 859 1
752 823 1
752 904 1
752 996 1
753 967 1
753 994 1
754 876 1
755 800 1
755 822 1
755 885 1
755 929 1
756 885 1
757 983 1
758 787 1
758 801 1
758 924 1
758 967 1
758 981 1
759 988 1
760 805 1
760 974 1
761 799 1
761 977 1
762 820 1
762 860 1
762 876 1
763 785 1
763 789 1
763 896 1
763 993 1
764 850 1
765 812 1
765 815 1
765 835 1
765 847 1
765 860 1
765 936 1
766 823 1
766 840 1
767 799 1
767 804 1
768 836 1
768 898 1
770 802 1
770 825 1
770 946 1
770 947 1
770 952 1
770 969 1
770 992 1
771 828 1
771 859 1
771 982 1
772 832 1
772 964 1
773 906 1
774 833 1
774 837 1
774 839 1
775 800 1
775 924 1
775 931 1
776 862 1
776 900 1
776 903 1
776 936 1
777 828 1
777 856 1
777 983 1
779 819 1
779 968 1
780 941 1
780 954 1
781 795 1
783 804 1
783 896 1
783 912 1
784 854 1
784 936 1
784 996 1
785 830 1
785 878 1
785 907 1
785 952 1
786 804 1
786 942 1
786 953 1
787 832 1
787 884 1
788 903 1
790 866 1
790 975 1
790 998 1
790 1000 1
791 973 1
791 982 1
792 873 1
793 880 1
793 890 1
794 861 1
794 902 1
794 956 1
795 886 1
795 905 1
796 803 1
796 818 1
796 962 1
797 882 1
797 918 1
798 838 1
798 841 1
799 838 1
799 903 1
800 943 1
800 966 1
800 970 1
801 892 1
801 895 1
801 983 1
803 822 1
803 841 1
803 901 1
804 813 1
804 968 1
805 838 1
805 954 1
807 981 1
808 840 1
808 903 1
809 825 1
809 867 1
809 926 1
810 884 1
810 978 1
811 819 1
811 868 1
811 879 1
811 924 1
811 948 1
811 978 1
813 903 1
813 924 1
813 965 1
813 998 1
814 816 1
816 909 1
816 930 1
816 932 1
816 978 1
817 882 1
819 892 1
821 837 1
821 843 1
822 846 1
822 987 1
824 863 1
825 847 1
825 907 1
827 874 1
827 884 1
828 843 1
828 861 1
828 889 1
828 927 1
828 968 1
829 845 1
829 966 1
829 974 1
830 934 1
830 936 1
831 842 1
831 874 1
831 966 1
832 850 1
833 849 1
833 978 1
834 912 1
834 919 1
834 973 1
834 997 1
836 910 1
836 991 1
837 886 1
838 868 1
838 958 1
838 969 1
839 929 1
839 992 1
841 938 1
842 934 1
843 924 1
843 961 1
845 867 1
845 902 1
845 965 1
845 997 1
846 936 1
848 884 1
848 947 1
848 954 1
849 859 1
849 936 1
849 941 1
850 873 1
851 938 1
851 988 1
852 928 1
855 872 1
855 877 1
856 937 1
857 896 1
857 980 1
858 899 1
858 916 1
858 947 1
859 883 1
859 885 1
859 904 1
859 920 1
860 902 1
860 980 1
861 897 1
861 919 1
862 987 1
863 875 1
864 950 1
866 874 1
866 895 1
866 931 1
867 934 1
870 878 1
870 955 1
870 971 1
871 929 1
871 951 1
872 879 1
872 963 1
872 980 1
873 958 1
873 992 1
874 946 1
874 975 1
875 900 1
875 958 1
875 968 1
876 894 1
876 941 1
876 953 1
877 891 1
878 960 1
879 906 1
879 949 1
879 985 1
880 881 1
880 920 1
882 965 1
882 999 1
887 956 1
888 988 1
889 948 1
891 934 1
893 915 1
893 928 1
893 940 1
893 949 1
893 972 1
893 995 1
895 924 1
896 910 1
896 953 1
897 925 1
897 939 1
898 966 1
899 978 1
901 902 1
901 938 1
901 996 1
902 908 1
902 962 1
902 963 1
905 914 1
905 962 1
906 937 1
907 909 1
908 912 1
911 974 1
911 983 1
912 985 1
912 993 1
913 924 1
913 949 1
915 959 1
917 943 1
918 996 1
919 927 1
920 935 1
920 994 1
921 965 1
921 985 1
923 951 1
924 937 1
925 985 1
930 939 1
930 947 1
933 959 1
934 941 1
935 988 1
935 997 1
938 987 1
941 970 1
944 978 1
947 948 1
948 989 1
952 991 1
954 970 1
954 975 1
954 979 1
955 986 1
960 976 1
960 986 1
961 999 1
963 991 1
964 965 1
966 969 1
969 977 1
969 986 1
970 986 1
976 989 1
978 984 1
979 994 1
988 992 1
990 1000 1
