1000 5127
1 4 1
1 121 1
1 134 1
1 136 1
1 190 1
1 238 1
1 273 1
1 563 1
1 780 1
2 125 1
2 182 1
2 237 1
2 502 1
2 557 1
2 670 1
2 772 1
3 115 1
3 123 1
3 132 1
3 295 1
3 309 1
3 359 1
3 402 1
3 405 1
3 514 1
3 530 1
3 543 1
3 709 1
3 730 1
3 746 1
3 774 1
3 881 1
4 67 1
4 165 1
4 292 1
4 308 1
4 425 1
4 435 1
4 513 1
4 598 1
4 805 1
4 835 1
5 157 1
5 529 1
5 591 1
5 708 1
5 806 1
6 133 1
6 138 1
6 166 1
6 197 1
6 250 1
6 332 1
6 505 1
6 507 1
6 640 1
6 722 1
6 860 1
6 871 1
6 887 1
6 897 1
7 8 1
7 28 1
7 116 1
7 272 1
7 316 1
7 361 1
7 419 1
7 492 1
7 673 1
7 691 1
7 827 1
8 93 1
8 121 1
8 139 1
8 605 1
8 617 1
8 706 1
8 729 1
8 743 1
8 830 1
8 870 1
8 940 1
9 22 1
9 245 1
9 275 1
9 278 1
9 290 1
9 407 1
9 542 1
9 587 1
9 675 1
9 702 1
9 795 1
10 56 1
10 72 1
10 121 1
10 247 1
10 298 1
10 354 1
10 772 1
10 939 1
11 53 1
11 164 1
11 212 1
11 342 1
11 483 1
11 739 1
11 768 1
11 826 1
11 839 1
11 845 1
12 122 1
12 153 1
12 192 1
12 359 1
12 455 1
12 501 1
12 621 1
12 667 1
13 42 1
13 150 1
13 178 1
13 439 1
13 463 1
13 498 1
13 786 1
13 984 1
14 94 1
14 115 1
14 209 1
14 279 1
14 305 1
14 415 1
14 701 1
14 767 1
15 117 1
15 252 1
15 350 1
15 595 1
15 679 1
15 738 1
15 769 1
15 773 1
15 792 1
16 355 1
16 414 1
16 687 1
16 688 1
16 781 1
17 41 1
17 93 1
17 227 1
17 410 1
17 561 1
17 738 1
17 780 1
18 42 1
18 65 1
18 119 1
18 284 1
18 366 1
18 515 1
18 603 1
18 729 1
18 963 1
19 450 1
19 630 1
19 692 1
19 775 1
19 799 1
19 886 1
20 54 1
20 286 1
20 312 1
20 374 1
20 532 1
20 604 1
20 683 1
20 719 1
20 837 1
20 914 1
20 978 1
21 23 1
21 200 1
21 297 1
21 466 1
21 556 1
21 733 1
21 750 1
21 848 1
21 865 1
21 892 1
21 894 1
22 144 1
22 260 1
22 368 1
22 455 1
22 549 1
22 721 1
22 799 1
22 916 1
23 221 1
23 252 1
23 399 1
23 673 1
23 693 1
23 785 1
23 921 1
24 205 1
24 295 1
24 590 1
24 640 1
24 680 1
24 869 1
24 924 1
25 175 1
25 243 1
25 499 1
25 517 1
25 558 1
25 564 1
25 658 1
25 753 1
25 756 1
25 811 1
25 841 1
25 996 1
26 131 1
26 168 1
26 300 1
26 319 1
26 327 1
26 361 1
26 412 1
26 449 1
26 565 1
26 617 1
26 725 1
27 359 1
27 606 1
27 693 1
27 814 1
27 834 1
27 926 1
27 930 1
27 937 1
28 54 1
28 86 1
28 242 1
28 275 1
28 314 1
28 381 1
28 653 1
28 686 1
28 752 1
29 202 1
29 440 1
29 471 1
29 524 1
29 542 1
29 912 1
29 971 1
30 57 1
30 84 1
30 138 1
30 144 1
30 169 1
30 283 1
30 302 1
30 404 1
30 495 1
30 514 1
30 612 1
30 641 1
30 669 1
30 818 1
31 54 1
31 318 1
31 392 1
31 418 1
31 639 1
31 652 1
31 676 1
31 730 1
31 769 1
31 788 1
31 835 1
31 864 1
31 958 1
32 192 1
32 282 1
32 569 1
32 615 1
32 719 1
32 723 1
32 725 1
32 852 1
33 233 1
33 306 1
33 323 1
33 324 1
33 487 1
33 547 1
33 587 1
33 741 1
33 774 1
34 69 1
34 234 1
34 294 1
34 502 1
34 581 1
34 832 1
34 886 1
35 177 1
35 252 1
35 365 1
35 430 1
35 466 1
35 569 1
35 607 1
35 666 1
35 814 1
35 833 1
35 957 1
35 970 1
36 63 1
36 130 1
36 135 1
36 168 1
36 476 1
36 531 1
36 580 1
36 647 1
36 697 1
37 632 1
37 831 1
37 839 1
37 899 1
38 101 1
38 136 1
38 140 1
38 148 1
38 493 1
38 617 1
38 621 1
38 640 1
38 891 1
39 143 1
39 188 1
39 331 1
39 494 1
39 559 1
39 575 1
39 729 1
39 731 1
39 799 1
39 863 1
39 901 1
40 88 1
40 123 1
40 185 1
40 251 1
40 256 1
40 324 1
40 342 1
40 358 1
40 407 1
40 779 1
41 57 1
41 200 1
41 466 1
41 535 1
41 540 1
41 614 1
41 640 1
41 872 1
41 927 1
42 81 1
42 160 1
42 201 1
42 212 1
42 451 1
42 571 1
42 584 1
42 591 1
42 597 1
42 598 1
42 623 1
42 812 1
42 836 1
42 984 1
43 82 1
43 198 1
43 260 1
43 441 1
43 470 1
43 513 1
43 665 1
43 670 1
43 759 1
44 60 1
44 66 1
44 114 1
44 142 1
44 178 1
44 198 1
44 223 1
44 336 1
44 357 1
44 497 1
44 710 1
44 750 1
44 770 1
44 820 1
45 135 1
45 334 1
45 367 1
45 484 1
45 811 1
46 179 1
46 329 1
46 454 1
46 477 1
46 478 1
46 744 1
46 901 1
46 904 1
47 78 1
47 87 1
47 162 1
47 225 1
47 553 1
47 706 1
47 790 1
47 859 1
47 975 1
47 991 1
48 229 1
48 393 1
48 457 1
48 728 1
48 969 1
49 171 1
49 289 1
49 526 1
49 669 1
49 708 1
49 750 1
49 772 1
49 888 1
49 995 1
50 147 1
50 230 1
50 273 1
50 318 1
50 361 1
50 362 1
50 403 1
50 518 1
50 551 1
50 607 1
50 673 1
50 717 1
50 764 1
50 805 1
50 843 1
50 944 1
50 982 1
51 143 1
51 353 1
51 449 1
51 772 1
51 910 1
51 976 1
52 75 1
52 77 1
52 368 1
52 465 1
52 497 1
52 506 1
52 522 1
52 720 1
52 791 1
52 838 1
53 85 1
53 176 1
53 284 1
53 338 1
53 352 1
53 492 1
53 593 1
53 676 1
53 964 1
54 64 1
54 67 1
54 347 1
54 411 1
54 441 1
54 474 1
54 741 1
54 758 1
54 915 1
54 948 1
55 116 1
55 335 1
55 550 1
55 691 1
55 966 1
55 980 1
56 142 1
56 186 1
56 194 1
56 436 1
56 471 1
56 493 1
56 598 1
56 782 1
56 799 1
56 813 1
57 179 1
57 210 1
57 223 1
57 449 1
57 567 1
57 811 1
57 861 1
57 889 1
57 917 1
57 979 1
58 106 1
58 108 1
58 169 1
58 192 1
58 225 1
58 227 1
58 354 1
58 408 1
58 435 1
58 582 1
58 651 1
58 858 1
58 901 1
58 937 1
58 984 1
59 123 1
59 189 1
59 212 1
59 275 1
59 418 1
59 461 1
59 486 1
59 587 1
59 618 1
59 948 1
60 94 1
60 103 1
60 278 1
60 579 1
60 639 1
60 674 1
60 678 1
60 703 1
60 737 1
60 741 1
60 781 1
60 947 1
60 974 1
61 172 1
61 208 1
61 246 1
61 296 1
61 482 1
61 537 1
61 588 1
61 898 1
62 187 1
62 259 1
62 448 1
62 498 1
62 760 1
62 781 1
63 73 1
63 594 1
63 641 1
63 693 1
63 790 1
64 170 1
64 203 1
64 799 1
64 986 1
65 67 1
65 193 1
65 283 1
65 288 1
65 374 1
65 425 1
65 426 1
65 431 1
65 477 1
65 508 1
65 707 1
65 813 1
65 877 1
65 989 1
66 136 1
66 201 1
66 219 1
66 339 1
66 357 1
66 376 1
66 430 1
66 516 1
66 526 1
66 541 1
66 787 1
66 869 1
66 990 1
67 389 1
67 405 1
67 434 1
67 572 1
67 577 1
67 587 1
67 657 1
67 666 1
67 672 1
67 696 1
67 733 1
67 759 1
67 974 1
68 303 1
68 369 1
68 471 1
68 689 1
69 115 1
69 344 1
69 393 1
69 545 1
69 629 1
69 807 1
69 900 1
70 134 1
70 135 1
70 176 1
70 201 1
70 242 1
70 297 1
70 367 1
70 577 1
70 644 1
71 142 1
71 230 1
71 332 1
71 627 1
71 702 1
71 753 1
72 121 1
72 152 1
72 257 1
72 274 1
72 376 1
72 461 1
72 500 1
72 762 1
72 804 1
72 870 1
72 884 1
72 937 1
73 93 1
73 286 1
73 366 1
73 434 1
73 439 1
73 493 1
73 525 1
73 748 1
73 751 1
73 767 1
73 815 1
73 892 1
73 991 1
74 412 1
74 531 1
74 539 1
74 611 1
74 652 1
74 655 1
74 736 1
74 783 1
74 837 1
75 242 1
75 246 1
75 287 1
75 324 1
75 644 1
75 852 1
75 864 1
75 964 1
76 91 1
76 107 1
76 196 1
76 301 1
76 382 1
76 429 1
76 633 1
76 676 1
76 767 1
77 81 1
77 152 1
77 156 1
77 291 1
77 365 1
77 617 1
77 788 1
77 842 1
77 974 1
77 997 1
77 999 1
78 141 1
78 183 1
78 261 1
78 296 1
78 351 1
78 353 1
78 366 1
78 374 1
78 482 1
78 510 1
78 541 1
78 659 1
78 725 1
78 822 1
79 108 1
79 349 1
79 374 1
79 413 1
79 428 1
79 434 1
79 463 1
79 499 1
79 610 1
79 619 1
79 636 1
79 963 1
80 200 1
80 358 1
80 398 1
80 411 1
80 434 1
80 467 1
80 470 1
80 492 1
80 498 1
80 561 1
80 596 1
80 616 1
80 842 1
81 147 1
81 167 1
81 289 1
81 509 1
81 642 1
81 668 1
81 824 1
81 935 1
81 979 1
82 180 1
82 261 1
82 386 1
82 471 1
82 705 1
82 711 1
82 792 1
82 880 1
82 892 1
82 924 1
82 987 1
82 988 1
83 172 1
83 174 1
83 183 1
83 229 1
83 496 1
83 533 1
83 629 1
83 638 1
83 653 1
83 872 1
83 884 1
83 990 1
84 195 1
84 240 1
84 619 1
84 707 1
84 755 1
84 992 1
85 181 1
85 338 1
85 468 1
85 574 1
85 781 1
85 788 1
85 824 1
85 857 1
85 904 1
85 915 1
86 118 1
86 140 1
86 212 1
86 598 1
86 744 1
86 762 1
86 782 1
86 867 1
86 885 1
86 888 1
86 990 1
87 376 1
87 479 1
87 592 1
87 823 1
87 830 1
88 114 1
88 120 1
88 265 1
88 451 1
88 493 1
88 603 1
88 742 1
88 858 1
88 859 1
88 966 1
89 135 1
89 193 1
89 232 1
89 511 1
89 531 1
89 532 1
89 551 1
89 584 1
89 602 1
89 641 1
89 739 1
89 898 1
89 979 1
90 110 1
90 254 1
90 393 1
90 439 1
90 532 1
90 567 1
90 624 1
90 722 1
91 135 1
91 137 1
91 140 1
91 145 1
91 150 1
91 162 1
91 236 1
91 550 1
91 705 1
91 825 1
91 970 1
91 995 1
92 100 1
92 124 1
92 143 1
92 298 1
92 391 1
92 393 1
92 460 1
92 543 1
92 642 1
92 766 1
92 893 1
92 947 1
92 960 1
93 133 1
93 173 1
93 529 1
93 537 1
93 588 1
93 629 1
93 640 1
93 691 1
93 852 1
93 856 1
93 969 1
94 278 1
94 329 1
94 497 1
94 502 1
94 625 1
94 648 1
94 697 1
94 842 1
94 926 1
94 956 1
95 187 1
95 192 1
95 205 1
95 270 1
95 374 1
95 391 1
95 448 1
95 514 1
95 538 1
95 636 1
95 717 1
95 791 1
95 856 1
95 904 1
96 108 1
96 134 1
96 194 1
96 327 1
96 480 1
96 514 1
96 559 1
96 567 1
96 655 1
96 792 1
96 867 1
96 948 1
97 112 1
97 113 1
97 309 1
97 580 1
97 669 1
97 987 1
98 104 1
98 418 1
98 495 1
98 594 1
98 635 1
98 667 1
98 848 1
98 896 1
98 970 1
98 985 1
99 203 1
99 323 1
99 358 1
99 408 1
99 643 1
99 686 1
99 721 1
100 159 1
100 453 1
100 536 1
100 537 1
100 631 1
100 727 1
100 768 1
100 829 1
100 902 1
101 188 1
101 351 1
101 547 1
101 715 1
101 801 1
101 982 1
102 593 1
102 676 1
102 724 1
102 765 1
102 820 1
103 117 1
103 232 1
103 248 1
103 255 1
103 335 1
103 351 1
103 517 1
103 549 1
103 554 1
103 572 1
103 703 1
103 749 1
103 766 1
103 889 1
103 927 1
103 931 1
104 189 1
104 201 1
104 410 1
104 598 1
104 663 1
104 819 1
104 848 1
104 856 1
105 136 1
105 238 1
105 243 1
105 287 1
105 313 1
105 474 1
105 575 1
105 711 1
105 804 1
105 827 1
106 320 1
106 389 1
106 407 1
106 584 1
106 665 1
106 672 1
106 750 1
106 821 1
106 859 1
106 967 1
106 997 1
107 256 1
107 263 1
107 369 1
107 582 1
107 644 1
107 708 1
107 726 1
107 790 1
107 849 1
107 856 1
107 882 1
107 956 1
108 453 1
108 591 1
108 740 1
108 820 1
108 976 1
109 194 1
109 218 1
109 255 1
109 278 1
109 360 1
109 518 1
109 565 1
109 663 1
109 776 1
109 882 1
109 910 1
109 922 1
110 170 1
110 190 1
110 215 1
110 243 1
110 480 1
110 582 1
110 593 1
110 613 1
110 700 1
110 780 1
110 800 1
110 870 1
110 984 1
110 987 1
111 138 1
111 152 1
111 263 1
111 301 1
111 393 1
111 506 1
111 515 1
111 638 1
111 689 1
111 772 1
111 797 1
111 811 1
111 826 1
111 859 1
111 954 1
112 155 1
112 158 1
112 571 1
112 572 1
112 856 1
112 991 1
113 409 1
113 411 1
113 616 1
113 617 1
113 634 1
113 671 1
113 774 1
113 782 1
113 819 1
113 880 1
113 948 1
113 958 1
114 148 1
114 341 1
114 392 1
114 454 1
114 458 1
114 642 1
114 857 1
114 858 1
114 863 1
114 912 1
114 928 1
115 276 1
115 334 1
115 381 1
115 575 1
115 714 1
115 739 1
115 757 1
115 814 1
116 132 1
116 317 1
116 500 1
116 604 1
116 649 1
116 879 1
117 506 1
117 529 1
117 651 1
117 658 1
117 714 1
118 350 1
118 491 1
118 492 1
118 497 1
118 539 1
118 591 1
118 702 1
118 707 1
118 768 1
118 948 1
118 979 1
118 998 1
119 129 1
119 240 1
119 242 1
119 314 1
119 359 1
119 482 1
119 649 1
119 961 1
119 977 1
120 154 1
120 289 1
120 380 1
120 478 1
120 498 1
120 538 1
120 629 1
120 794 1
120 805 1
120 961 1
120 998 1
121 354 1
121 483 1
121 547 1
121 568 1
121 660 1
121 932 1
122 155 1
122 162 1
122 394 1
122 428 1
122 461 1
122 567 1
122 637 1
122 652 1
122 657 1
122 831 1
123 246 1
123 414 1
123 512 1
123 579 1
123 697 1
124 154 1
124 339 1
124 663 1
124 858 1
124 922 1
124 995 1
124 999 1
125 188 1
125 351 1
125 553 1
125 575 1
125 708 1
125 825 1
125 830 1
126 136 1
126 158 1
126 198 1
126 254 1
126 719 1
126 816 1
127 262 1
127 473 1
127 478 1
127 526 1
127 684 1
127 712 1
127 723 1
127 787 1
127 838 1
128 411 1
128 531 1
128 534 1
128 614 1
128 632 1
128 764 1
128 769 1
129 191 1
129 215 1
129 398 1
129 411 1
129 517 1
129 529 1
129 575 1
129 666 1
129 823 1
130 338 1
130 347 1
130 672 1
130 794 1
130 815 1
130 848 1
130 856 1
130 876 1
130 978 1
131 156 1
131 371 1
131 499 1
131 525 1
131 547 1
131 982 1
132 153 1
132 156 1
132 226 1
132 277 1
132 395 1
132 489 1
132 509 1
132 565 1
132 714 1
132 994 1
133 298 1
133 345 1
133 372 1
133 402 1
133 428 1
133 643 1
133 652 1
133 818 1
133 912 1
133 924 1
133 926 1
134 155 1
134 162 1
134 165 1
134 187 1
134 240 1
134 257 1
134 292 1
134 331 1
134 335 1
134 541 1
134 665 1
134 737 1
134 802 1
134 822 1
134 902 1
134 935 1
135 163 1
135 164 1
135 173 1
135 326 1
135 386 1
135 414 1
135 608 1
135 731 1
135 746 1
135 804 1
135 813 1
135 828 1
135 886 1
135 951 1
136 324 1
136 482 1
136 495 1
136 637 1
136 731 1
136 748 1
136 801 1
136 990 1
136 1000 1
137 163 1
137 403 1
137 451 1
137 570 1
137 704 1
137 766 1
137 856 1
137 862 1
137 891 1
137 968 1
137 992 1
138 562 1
138 804 1
138 869 1
138 934 1
138 976 1
139 218 1
139 260 1
139 415 1
139 766 1
139 808 1
139 937 1
139 991 1
140 239 1
140 264 1
140 382 1
140 393 1
140 514 1
140 564 1
140 618 1
140 713 1
140 739 1
140 741 1
140 765 1
140 917 1
141 142 1
141 152 1
141 260 1
141 424 1
141 430 1
141 467 1
141 599 1
141 743 1
141 942 1
141 945 1
142 364 1
142 368 1
142 379 1
142 415 1
142 529 1
142 541 1
142 667 1
142 709 1
142 929 1
143 273 1
143 293 1
143 442 1
143 810 1
143 812 1
143 822 1
144 184 1
144 233 1
144 304 1
144 385 1
144 487 1
144 491 1
144 541 1
144 685 1
144 763 1
144 787 1
144 790 1
144 968 1
145 260 1
145 459 1
145 517 1
145 549 1
145 565 1
145 611 1
145 716 1
145 945 1
146 309 1
146 393 1
146 444 1
146 450 1
146 588 1
146 705 1
146 785 1
146 941 1
147 189 1
147 225 1
147 320 1
147 431 1
147 467 1
147 552 1
147 612 1
147 656 1
147 746 1
147 792 1
147 981 1
148 300 1
148 359 1
148 369 1
148 593 1
148 836 1
149 340 1
149 344 1
149 373 1
149 471 1
149 479 1
149 504 1
149 525 1
149 599 1
149 633 1
149 639 1
149 664 1
149 781 1
149 787 1
149 908 1
149 992 1
150 206 1
150 309 1
150 357 1
150 464 1
150 530 1
150 658 1
150 750 1
150 814 1
150 842 1
150 894 1
150 918 1
151 195 1
151 349 1
151 620 1
151 750 1
151 860 1
152 194 1
152 292 1
152 329 1
152 433 1
152 549 1
152 576 1
152 639 1
152 816 1
152 844 1
152 857 1
152 890 1
153 425 1
153 522 1
153 653 1
153 763 1
154 245 1
154 287 1
154 511 1
154 514 1
154 636 1
154 676 1
154 714 1
154 787 1
154 845 1
154 907 1
155 212 1
155 222 1
155 270 1
155 390 1
155 482 1
155 506 1
155 527 1
155 540 1
155 553 1
155 588 1
155 593 1
155 621 1
155 623 1
155 636 1
155 802 1
155 982 1
156 236 1
156 261 1
156 332 1
156 679 1
156 729 1
156 946 1
156 962 1
157 240 1
157 309 1
157 520 1
157 632 1
157 752 1
157 797 1
157 850 1
158 175 1
158 248 1
158 296 1
158 441 1
158 541 1
158 603 1
158 813 1
158 883 1
158 930 1
159 268 1
159 305 1
159 454 1
159 493 1
159 548 1
159 596 1
159 712 1
160 161 1
160 224 1
160 241 1
160 553 1
160 649 1
160 766 1
160 778 1
160 814 1
160 845 1
160 850 1
161 289 1
161 340 1
161 341 1
161 429 1
161 620 1
161 677 1
161 790 1
161 869 1
161 908 1
161 971 1
161 974 1
162 251 1
162 257 1
162 327 1
162 439 1
162 706 1
162 781 1
162 800 1
162 887 1
162 971 1
163 198 1
163 297 1
163 419 1
163 530 1
163 585 1
163 682 1
163 687 1
163 696 1
164 190 1
164 259 1
164 269 1
164 462 1
164 589 1
164 671 1
164 772 1
164 808 1
164 837 1
164 925 1
164 939 1
164 959 1
165 401 1
165 433 1
165 475 1
165 489 1
165 542 1
165 581 1
165 596 1
165 702 1
165 824 1
165 829 1
166 226 1
166 420 1
166 498 1
166 523 1
166 568 1
166 737 1
166 810 1
166 824 1
166 852 1
166 897 1
166 946 1
167 177 1
167 261 1
167 512 1
167 789 1
167 796 1
167 809 1
168 392 1
168 477 1
168 487 1
168 587 1
168 630 1
168 678 1
168 737 1
169 393 1
169 615 1
170 202 1
170 314 1
170 346 1
170 568 1
170 686 1
170 723 1
170 770 1
171 474 1
171 587 1
171 615 1
171 670 1
171 828 1
171 992 1
172 316 1
172 365 1
172 582 1
172 592 1
172 633 1
172 701 1
172 719 1
172 720 1
172 754 1
172 831 1
172 915 1
173 253 1
173 262 1
173 317 1
173 794 1
173 806 1
173 903 1
174 262 1
174 334 1
174 407 1
174 417 1
174 455 1
174 482 1
174 708 1
175 187 1
175 231 1
175 296 1
175 303 1
175 608 1
175 663 1
175 767 1
175 842 1
176 214 1
176 268 1
176 591 1
176 763 1
177 226 1
177 235 1
177 260 1
177 277 1
177 350 1
177 358 1
177 497 1
177 656 1
177 668 1
177 915 1
177 916 1
178 212 1
178 234 1
178 299 1
178 526 1
178 582 1
178 593 1
178 625 1
178 659 1
178 679 1
178 760 1
178 838 1
178 999 1
179 185 1
179 353 1
179 435 1
179 549 1
179 577 1
179 650 1
179 830 1
179 879 1
179 909 1
179 920 1
180 353 1
180 479 1
180 483 1
180 522 1
180 525 1
180 733 1
180 853 1
180 966 1
181 240 1
181 243 1
181 399 1
181 449 1
182 220 1
182 262 1
182 295 1
182 380 1
182 731 1
182 938 1
183 234 1
183 371 1
183 390 1
183 391 1
183 404 1
183 474 1
183 531 1
183 577 1
183 803 1
183 907 1
184 236 1
184 248 1
184 262 1
184 301 1
184 387 1
184 412 1
184 651 1
184 683 1
184 689 1
184 760 1
184 787 1
184 801 1
184 927 1
185 240 1
185 257 1
185 296 1
185 355 1
185 373 1
185 446 1
185 459 1
185 520 1
185 645 1
185 799 1
185 859 1
185 965 1
186 205 1
186 209 1
186 228 1
186 256 1
186 351 1
186 425 1
186 443 1
186 462 1
186 892 1
187 223 1
187 305 1
187 383 1
187 397 1
187 462 1
187 753 1
187 848 1
187 865 1
188 237 1
188 238 1
188 263 1
188 357 1
188 378 1
188 572 1
188 618 1
188 825 1
188 832 1
188 885 1
189 238 1
189 256 1
189 344 1
189 374 1
189 453 1
189 514 1
189 566 1
189 665 1
189 711 1
189 807 1
189 874 1
190 256 1
190 301 1
190 411 1
190 452 1
190 483 1
190 819 1
190 864 1
190 931 1
190 978 1
191 338 1
191 364 1
191 580 1
191 675 1
191 703 1
191 750 1
191 758 1
191 820 1
191 897 1
192 232 1
192 308 1
192 446 1
192 691 1
192 742 1
192 887 1
193 280 1
193 433 1
193 541 1
193 604 1
193 641 1
193 697 1
193 723 1
193 735 1
193 961 1
194 210 1
194 241 1
194 708 1
194 724 1
194 764 1
194 886 1
195 284 1
195 466 1
195 614 1
195 670 1
195 802 1
195 864 1
195 888 1
195 909 1
196 321 1
196 376 1
196 401 1
196 417 1
196 423 1
196 429 1
196 609 1
196 670 1
196 834 1
197 275 1
197 389 1
197 613 1
197 655 1
197 803 1
197 825 1
197 886 1
197 904 1
197 952 1
198 233 1
198 493 1
198 562 1
198 625 1
198 878 1
199 213 1
199 228 1
199 256 1
199 393 1
199 703 1
199 801 1
199 859 1
200 389 1
200 431 1
200 434 1
200 639 1
200 656 1
200 707 1
200 767 1
200 891 1
201 267 1
201 276 1
201 318 1
201 605 1
201 627 1
201 795 1
202 402 1
202 546 1
202 801 1
202 815 1
202 834 1
203 265 1
203 353 1
203 418 1
203 426 1
203 475 1
203 530 1
203 532 1
203 596 1
203 743 1
203 906 1
204 210 1
204 336 1
204 489 1
204 579 1
204 605 1
204 683 1
204 705 1
204 756 1
204 835 1
205 227 1
205 260 1
205 372 1
205 556 1
205 582 1
205 681 1
205 699 1
205 724 1
205 793 1
205 923 1
206 238 1
206 353 1
206 418 1
206 965 1
206 968 1
207 280 1
207 283 1
207 370 1
207 391 1
207 399 1
207 419 1
207 420 1
207 451 1
207 488 1
207 887 1
208 261 1
208 352 1
208 431 1
208 496 1
208 838 1
209 472 1
209 535 1
209 571 1
209 709 1
209 918 1
210 235 1
210 268 1
210 316 1
210 385 1
210 390 1
210 470 1
210 491 1
210 716 1
210 759 1
210 835 1
211 218 1
211 289 1
211 361 1
211 392 1
211 424 1
211 632 1
211 642 1
211 686 1
211 907 1
211 940 1
212 255 1
212 264 1
212 427 1
212 457 1
212 526 1
212 649 1
212 671 1
212 692 1
212 767 1
212 780 1
212 790 1
213 235 1
213 401 1
213 511 1
213 519 1
213 525 1
213 555 1
213 565 1
213 692 1
213 741 1
213 794 1
213 839 1
213 894 1
213 989 1
213 999 1
214 241 1
214 328 1
214 522 1
214 523 1
214 604 1
214 636 1
214 760 1
214 775 1
214 961 1
215 216 1
215 513 1
215 524 1
215 704 1
215 733 1
215 816 1
215 848 1
215 851 1
215 938 1
215 975 1
216 266 1
216 291 1
216 409 1
216 444 1
216 504 1
216 654 1
216 760 1
216 875 1
216 931 1
217 302 1
217 489 1
217 567 1
217 631 1
217 697 1
217 841 1
217 863 1
218 224 1
218 257 1
218 266 1
218 268 1
218 355 1
218 492 1
218 531 1
218 566 1
218 623 1
218 783 1
218 828 1
218 838 1
218 991 1
219 552 1
219 580 1
219 937 1
220 427 1
220 453 1
220 509 1
220 511 1
220 592 1
220 707 1
220 808 1
220 913 1
221 246 1
221 268 1
221 306 1
221 338 1
221 447 1
221 520 1
221 615 1
221 859 1
222 442 1
222 492 1
222 507 1
222 611 1
222 742 1
222 749 1
222 755 1
222 779 1
222 811 1
222 830 1
222 859 1
223 232 1
223 261 1
223 498 1
223 658 1
223 831 1
223 856 1
224 331 1
224 541 1
224 624 1
224 697 1
224 952 1
224 973 1
225 283 1
225 707 1
225 806 1
225 932 1
225 996 1
226 490 1
226 523 1
226 534 1
226 573 1
226 741 1
226 767 1
227 302 1
227 305 1
227 380 1
227 613 1
227 614 1
227 817 1
228 276 1
228 330 1
228 338 1
228 584 1
228 586 1
228 630 1
228 633 1
228 662 1
228 723 1
228 778 1
228 867 1
228 904 1
229 247 1
229 349 1
229 429 1
229 436 1
229 455 1
229 526 1
229 609 1
229 672 1
229 779 1
230 261 1
230 270 1
230 306 1
230 457 1
230 839 1
230 946 1
231 241 1
231 315 1
231 316 1
231 337 1
231 340 1
231 394 1
231 460 1
231 480 1
231 605 1
231 659 1
231 801 1
231 834 1
232 614 1
232 828 1
232 982 1
232 983 1
233 339 1
233 429 1
233 436 1
233 637 1
233 665 1
233 804 1
233 887 1
234 300 1
234 338 1
234 645 1
234 962 1
235 313 1
235 477 1
235 500 1
235 521 1
235 715 1
235 876 1
235 975 1
235 976 1
236 304 1
236 495 1
236 625 1
236 865 1
236 931 1
237 306 1
237 655 1
237 668 1
237 707 1
237 733 1
237 775 1
237 841 1
237 877 1
237 881 1
238 258 1
238 468 1
238 481 1
238 624 1
238 918 1
239 243 1
239 363 1
239 485 1
239 621 1
239 664 1
239 741 1
239 982 1
240 549 1
240 565 1
240 736 1
240 824 1
240 851 1
240 882 1
240 979 1
241 327 1
241 368 1
241 382 1
241 424 1
241 610 1
241 613 1
241 638 1
241 659 1
242 256 1
242 268 1
242 288 1
242 355 1
242 601 1
242 621 1
242 693 1
242 882 1
242 974 1
243 364 1
243 372 1
243 415 1
243 540 1
243 598 1
243 638 1
243 660 1
243 716 1
243 730 1
243 735 1
243 851 1
243 875 1
243 928 1
243 949 1
243 977 1
243 989 1
244 339 1
244 575 1
244 688 1
244 803 1
244 868 1
244 897 1
244 903 1
245 274 1
245 429 1
245 510 1
245 714 1
245 886 1
245 967 1
246 499 1
246 511 1
246 704 1
246 722 1
246 726 1
246 911 1
246 926 1
246 941 1
247 385 1
247 601 1
247 619 1
247 690 1
247 955 1
247 973 1
248 332 1
248 372 1
248 585 1
248 627 1
248 703 1
248 919 1
248 955 1
248 973 1
248 976 1
249 369 1
249 383 1
249 468 1
249 479 1
249 621 1
249 702 1
250 387 1
250 476 1
250 525 1
250 783 1
251 327 1
251 338 1
251 501 1
251 514 1
251 767 1
251 773 1
251 782 1
252 441 1
252 673 1
252 677 1
252 732 1
252 817 1
252 854 1
252 871 1
253 369 1
253 598 1
253 675 1
253 909 1
254 315 1
254 568 1
254 619 1
254 859 1
254 996 1
255 263 1
255 297 1
255 301 1
255 398 1
255 411 1
255 485 1
255 511 1
255 596 1
255 624 1
255 823 1
255 947 1
256 284 1
256 415 1
256 457 1
256 574 1
257 538 1
257 590 1
257 629 1
257 721 1
257 752 1
257 925 1
258 302 1
258 388 1
258 559 1
258 577 1
258 609 1
258 677 1
258 881 1
258 917 1
258 966 1
259 367 1
259 521 1
259 644 1
259 706 1
259 740 1
259 812 1
259 901 1
260 305 1
260 380 1
260 509 1
260 531 1
260 533 1
260 615 1
260 650 1
260 687 1
260 714 1
260 752 1
260 789 1
260 955 1
261 382 1
261 396 1
261 474 1
261 508 1
261 567 1
261 699 1
261 737 1
261 914 1
261 961 1
262 408 1
262 611 1
263 370 1
263 375 1
263 561 1
263 575 1
263 625 1
263 670 1
263 693 1
264 356 1
264 395 1
264 627 1
264 676 1
264 780 1
264 786 1
264 873 1
265 285 1
265 759 1
265 927 1
265 947 1
265 972 1
266 292 1
266 338 1
266 526 1
266 748 1
266 769 1
266 991 1
267 331 1
267 404 1
267 450 1
267 461 1
267 500 1
267 624 1
267 890 1
267 990 1
268 382 1
268 813 1
268 827 1
268 833 1
268 887 1
269 383 1
269 566 1
269 630 1
269 651 1
269 875 1
269 985 1
270 425 1
270 560 1
270 596 1
270 724 1
270 834 1
270 866 1
270 877 1
270 883 1
270 899 1
271 867 1
271 886 1
271 908 1
272 280 1
272 399 1
272 555 1
272 592 1
272 673 1
272 711 1
272 881 1
272 890 1
273 347 1
273 381 1
273 469 1
273 701 1
273 794 1
273 843 1
274 297 1
274 320 1
274 555 1
274 633 1
274 669 1
274 714 1
274 808 1
274 811 1
274 855 1
274 925 1
274 934 1
275 488 1
275 695 1
275 759 1
275 789 1
275 892 1
275 925 1
275 926 1
275 942 1
276 322 1
276 509 1
276 810 1
276 832 1
276 903 1
277 303 1
277 606 1
277 639 1
277 666 1
277 691 1
277 708 1
277 709 1
278 362 1
278 376 1
278 452 1
278 454 1
278 470 1
278 478 1
278 624 1
278 748 1
278 771 1
278 778 1
278 815 1
278 988 1
279 350 1
279 585 1
279 597 1
279 616 1
279 736 1
279 819 1
279 850 1
279 884 1
279 904 1
280 320 1
280 343 1
280 475 1
280 632 1
280 694 1
280 700 1
280 744 1
280 799 1
281 321 1
281 434 1
281 530 1
281 533 1
281 643 1
281 658 1
281 731 1
281 812 1
281 845 1
281 986 1
281 994 1
282 292 1
282 426 1
282 428 1
282 641 1
282 707 1
282 847 1
282 878 1
283 412 1
283 463 1
283 521 1
283 569 1
283 630 1
284 452 1
284 473 1
284 562 1
284 823 1
284 915 1
285 403 1
285 432 1
285 454 1
285 607 1
285 685 1
285 825 1
285 878 1
286 348 1
286 670 1
286 964 1
287 403 1
287 575 1
287 716 1
287 783 1
287 829 1
287 842 1
288 344 1
288 469 1
288 498 1
288 556 1
288 878 1
288 987 1
289 387 1
289 442 1
289 556 1
289 578 1
289 648 1
289 662 1
289 698 1
289 706 1
289 811 1
289 966 1
289 974 1
290 384 1
290 485 1
290 551 1
290 960 1
291 466 1
291 476 1
291 721 1
291 755 1
291 944 1
291 998 1
292 302 1
292 316 1
292 414 1
292 445 1
292 683 1
292 794 1
292 926 1
293 302 1
293 568 1
293 578 1
293 708 1
293 862 1
293 977 1
294 328 1
294 517 1
294 525 1
294 702 1
295 366 1
295 518 1
295 629 1
295 643 1
295 672 1
295 708 1
295 740 1
295 770 1
295 807 1
295 901 1
295 909 1
295 955 1
296 328 1
296 414 1
296 470 1
296 548 1
296 649 1
296 723 1
296 732 1
296 742 1
296 919 1
297 568 1
297 613 1
297 721 1
297 811 1
297 987 1
298 319 1
298 448 1
298 548 1
298 660 1
298 673 1
298 682 1
298 770 1
298 878 1
298 896 1
298 910 1
299 328 1
299 669 1
299 747 1
299 815 1
300 381 1
300 554 1
300 645 1
300 919 1
301 408 1
301 469 1
301 515 1
301 516 1
301 683 1
301 844 1
301 862 1
301 959 1
301 973 1
302 380 1
302 401 1
302 626 1
302 643 1
302 722 1
302 840 1
302 895 1
302 985 1
303 356 1
303 415 1
303 456 1
303 484 1
303 569 1
303 581 1
303 639 1
303 659 1
303 846 1
303 950 1
304 324 1
304 509 1
304 668 1
305 359 1
305 372 1
305 675 1
305 739 1
306 468 1
306 483 1
306 597 1
306 615 1
306 642 1
306 651 1
306 801 1
306 835 1
306 912 1
306 952 1
307 497 1
307 604 1
307 652 1
307 663 1
307 668 1
307 895 1
307 908 1
308 391 1
308 668 1
308 738 1
308 824 1
309 504 1
309 669 1
309 672 1
309 677 1
309 871 1
309 953 1
309 975 1
310 392 1
310 825 1
310 969 1
311 324 1
311 339 1
311 377 1
311 609 1
311 636 1
311 662 1
311 834 1
311 865 1
311 897 1
311 956 1
312 326 1
312 404 1
312 527 1
312 573 1
312 740 1
312 771 1
312 775 1
312 883 1
312 924 1
313 372 1
313 444 1
313 653 1
313 734 1
313 857 1
313 895 1
313 914 1
314 470 1
314 629 1
314 728 1
314 730 1
314 791 1
314 810 1
314 829 1
314 882 1
314 892 1
314 992 1
315 383 1
315 566 1
315 618 1
315 621 1
315 663 1
315 865 1
315 935 1
315 991 1
316 340 1
316 371 1
316 590 1
316 602 1
316 687 1
316 756 1
316 800 1
316 863 1
316 867 1
316 949 1
316 952 1
317 428 1
317 470 1
317 485 1
317 497 1
317 580 1
317 604 1
317 650 1
317 734 1
317 778 1
317 887 1
318 385 1
318 485 1
318 909 1
318 927 1
318 940 1
318 946 1
318 948 1
318 995 1
319 542 1
319 571 1
319 587 1
319 637 1
319 664 1
319 809 1
320 384 1
320 461 1
320 484 1
320 604 1
320 790 1
320 895 1
320 916 1
320 944 1
321 349 1
321 382 1
321 489 1
321 531 1
321 650 1
321 748 1
321 870 1
322 407 1
322 471 1
322 596 1
322 597 1
322 607 1
322 643 1
322 665 1
322 780 1
322 921 1
322 946 1
323 363 1
323 523 1
323 612 1
323 613 1
324 392 1
324 414 1
324 427 1
324 629 1
324 786 1
324 848 1
324 897 1
324 910 1
325 331 1
325 376 1
325 496 1
325 707 1
325 790 1
325 796 1
325 811 1
325 978 1
326 374 1
326 385 1
326 444 1
326 561 1
326 814 1
326 823 1
326 847 1
327 475 1
327 543 1
327 578 1
327 580 1
327 955 1
327 983 1
328 353 1
328 372 1
328 575 1
328 596 1
328 695 1
328 802 1
328 828 1
328 904 1
328 955 1
329 352 1
329 380 1
329 612 1
329 706 1
329 740 1
329 948 1
329 962 1
329 988 1
330 438 1
330 459 1
330 462 1
330 569 1
330 680 1
330 755 1
330 757 1
330 793 1
330 842 1
331 377 1
331 413 1
331 885 1
332 498 1
332 571 1
332 650 1
332 685 1
332 728 1
332 847 1
332 903 1
332 926 1
332 991 1
333 518 1
333 577 1
333 602 1
333 648 1
333 661 1
333 740 1
333 768 1
333 905 1
334 386 1
334 471 1
334 526 1
334 626 1
334 716 1
334 727 1
334 746 1
334 801 1
334 855 1
335 381 1
335 624 1
335 800 1
335 870 1
335 938 1
336 385 1
336 481 1
336 538 1
336 542 1
336 561 1
336 791 1
336 852 1
336 960 1
336 971 1
336 979 1
337 415 1
337 488 1
337 639 1
337 915 1
338 488 1
338 508 1
338 523 1
338 613 1
338 661 1
338 816 1
338 852 1
338 864 1
338 971 1
339 420 1
339 421 1
339 469 1
339 619 1
339 729 1
339 893 1
340 530 1
340 715 1
340 756 1
340 812 1
340 817 1
340 934 1
341 578 1
341 707 1
341 731 1
342 383 1
342 511 1
342 538 1
342 643 1
342 971 1
342 998 1
343 450 1
343 474 1
343 606 1
343 619 1
343 680 1
343 846 1
343 957 1
344 373 1
344 411 1
344 429 1
344 487 1
344 522 1
344 768 1
344 770 1
345 582 1
345 630 1
345 906 1
346 597 1
346 616 1
346 644 1
346 711 1
346 895 1
346 962 1
346 994 1
347 422 1
347 473 1
347 539 1
347 548 1
347 615 1
347 637 1
347 674 1
347 859 1
347 929 1
347 951 1
347 966 1
348 464 1
348 539 1
348 669 1
348 735 1
348 886 1
349 404 1
349 424 1
349 426 1
349 486 1
349 542 1
349 569 1
349 972 1
350 419 1
350 421 1
350 611 1
350 655 1
350 791 1
350 900 1
351 398 1
351 507 1
351 529 1
351 654 1
351 684 1
351 693 1
351 732 1
351 767 1
351 783 1
351 832 1
351 909 1
352 383 1
352 507 1
352 594 1
352 837 1
353 685 1
353 783 1
353 836 1
353 905 1
353 930 1
354 393 1
354 422 1
354 462 1
354 656 1
354 663 1
354 679 1
354 724 1
354 837 1
354 955 1
355 387 1
355 496 1
355 633 1
355 751 1
355 794 1
355 855 1
355 952 1
355 966 1
356 415 1
356 486 1
356 649 1
356 666 1
356 777 1
356 838 1
356 966 1
356 982 1
357 404 1
357 568 1
357 602 1
357 605 1
357 624 1
357 703 1
357 931 1
358 390 1
358 432 1
358 630 1
358 692 1
358 713 1
358 799 1
358 905 1
358 976 1
359 461 1
359 500 1
359 561 1
359 610 1
359 835 1
360 405 1
360 431 1
360 582 1
360 769 1
360 795 1
360 804 1
360 946 1
360 955 1
360 970 1
360 998 1
361 486 1
361 488 1
361 544 1
361 613 1
361 632 1
361 690 1
361 935 1
362 698 1
362 901 1
362 996 1
363 823 1
363 921 1
363 926 1
364 505 1
364 557 1
364 601 1
364 608 1
364 839 1
364 878 1
364 893 1
364 1000 1
365 627 1
365 723 1
365 832 1
365 835 1
365 837 1
365 874 1
365 884 1
366 376 1
366 473 1
366 566 1
366 733 1
366 738 1
366 775 1
366 850 1
366 933 1
366 957 1
367 389 1
367 501 1
367 636 1
367 688 1
367 765 1
367 885 1
367 925 1
367 997 1
368 394 1
368 501 1
368 532 1
368 771 1
368 779 1
368 785 1
368 790 1
368 918 1
369 548 1
369 566 1
369 614 1
369 758 1
369 811 1
370 688 1
370 863 1
370 929 1
371 382 1
371 598 1
371 769 1
371 815 1
371 895 1
371 941 1
372 554 1
372 730 1
372 805 1
372 891 1
372 920 1
372 982 1
373 383 1
373 446 1
373 507 1
373 517 1
373 648 1
373 675 1
373 676 1
373 824 1
373 865 1
373 957 1
374 378 1
374 385 1
374 407 1
374 469 1
374 471 1
374 525 1
374 534 1
374 560 1
374 608 1
374 684 1
374 715 1
374 723 1
374 835 1
374 867 1
374 910 1
375 453 1
375 699 1
375 700 1
375 785 1
375 854 1
375 960 1
375 963 1
375 992 1
376 412 1
376 505 1
376 814 1
376 849 1
376 874 1
376 882 1
376 948 1
376 977 1
376 990 1
377 873 1
377 886 1
377 927 1
378 412 1
378 468 1
378 559 1
378 737 1
378 789 1
379 529 1
379 641 1
379 658 1
379 726 1
379 762 1
379 953 1
380 399 1
380 576 1
380 669 1
380 923 1
381 545 1
381 576 1
381 689 1
381 797 1
381 956 1
381 966 1
381 979 1
382 466 1
382 525 1
382 531 1
382 535 1
382 549 1
382 936 1
383 431 1
383 530 1
383 567 1
383 872 1
383 990 1
384 411 1
384 711 1
384 781 1
384 815 1
384 989 1
385 389 1
385 390 1
385 441 1
385 662 1
385 866 1
386 400 1
386 425 1
386 448 1
386 495 1
386 607 1
386 737 1
386 787 1
386 938 1
386 959 1
387 445 1
387 466 1
387 521 1
387 607 1
387 615 1
387 649 1
387 656 1
387 714 1
387 837 1
387 940 1
388 651 1
388 831 1
389 538 1
389 668 1
389 675 1
389 833 1
389 872 1
389 895 1
389 956 1
389 974 1
390 600 1
390 664 1
390 690 1
390 849 1
391 590 1
391 663 1
391 775 1
391 907 1
391 965 1
392 424 1
392 468 1
392 528 1
392 743 1
392 766 1
392 793 1
392 804 1
392 833 1
392 952 1
393 554 1
393 610 1
393 672 1
393 781 1
393 875 1
393 990 1
394 467 1
394 526 1
394 615 1
394 783 1
394 801 1
394 828 1
394 912 1
395 430 1
395 490 1
395 495 1
395 693 1
395 750 1
395 866 1
395 878 1
396 408 1
396 414 1
396 436 1
396 573 1
396 684 1
396 721 1
396 854 1
397 504 1
397 512 1
397 852 1
398 399 1
398 681 1
398 834 1
398 846 1
399 475 1
399 574 1
399 636 1
399 747 1
399 789 1
399 810 1
399 907 1
400 442 1
400 580 1
400 631 1
400 806 1
400 853 1
400 886 1
400 918 1
400 968 1
401 685 1
401 768 1
402 415 1
402 435 1
402 633 1
402 672 1
402 701 1
402 840 1
402 867 1
402 908 1
403 461 1
403 491 1
403 680 1
403 703 1
403 775 1
403 836 1
404 632 1
404 698 1
404 722 1
404 736 1
404 909 1
404 945 1
405 632 1
405 683 1
405 790 1
405 870 1
405 973 1
406 613 1
406 659 1
406 721 1
406 815 1
406 881 1
406 912 1
406 927 1
407 408 1
407 494 1
407 883 1
407 962 1
408 573 1
408 590 1
408 720 1
408 725 1
408 744 1
408 756 1
408 847 1
408 930 1
409 753 1
409 764 1
409 796 1
409 885 1
409 916 1
409 929 1
410 678 1
410 684 1
410 779 1
410 883 1
410 936 1
411 469 1
411 604 1
411 676 1
411 766 1
411 964 1
412 432 1
412 509 1
412 537 1
412 566 1
412 791 1
413 535 1
413 635 1
413 736 1
413 989 1
414 523 1
415 759 1
415 909 1
415 960 1
416 520 1
416 730 1
416 833 1
417 507 1
417 563 1
417 674 1
417 721 1
417 775 1
417 791 1
418 515 1
418 527 1
418 870 1
418 963 1
419 566 1
419 577 1
419 627 1
419 766 1
419 806 1
420 553 1
420 707 1
420 805 1
420 886 1
421 444 1
421 490 1
421 502 1
421 724 1
421 814 1
421 849 1
421 914 1
421 971 1
422 447 1
422 593 1
422 594 1
422 667 1
422 893 1
422 927 1
423 560 1
423 582 1
423 724 1
423 744 1
423 781 1
423 783 1
423 823 1
423 904 1
423 952 1
424 441 1
424 475 1
424 600 1
424 646 1
424 792 1
424 917 1
424 976 1
425 533 1
425 880 1
425 911 1
425 928 1
425 988 1
426 440 1
426 477 1
426 506 1
426 904 1
426 944 1
426 957 1
426 975 1
427 563 1
427 573 1
427 574 1
427 580 1
427 801 1
427 807 1
427 811 1
427 889 1
428 682 1
428 778 1
428 841 1
428 909 1
429 473 1
429 603 1
429 680 1
429 745 1
429 886 1
430 703 1
430 808 1
431 663 1
431 664 1
431 721 1
431 818 1
431 920 1
431 969 1
432 519 1
432 520 1
432 581 1
432 674 1
432 725 1
432 734 1
432 890 1
432 903 1
433 453 1
433 589 1
433 621 1
433 747 1
433 769 1
433 787 1
433 838 1
433 886 1
433 887 1
434 445 1
434 458 1
434 594 1
434 681 1
434 742 1
435 517 1
435 685 1
435 774 1
435 919 1
436 545 1
436 589 1
436 595 1
436 705 1
436 728 1
436 789 1
437 615 1
437 799 1
437 912 1
437 968 1
437 984 1
438 609 1
438 621 1
438 847 1
438 877 1
438 878 1
438 911 1
438 996 1
439 523 1
439 639 1
439 762 1
439 976 1
440 711 1
440 713 1
441 520 1
441 674 1
441 706 1
441 728 1
441 738 1
441 812 1
442 544 1
442 734 1
442 801 1
442 840 1
443 551 1
443 746 1
443 815 1
443 959 1
443 961 1
444 483 1
444 493 1
444 558 1
444 895 1
444 959 1
444 970 1
445 601 1
445 677 1
445 730 1
446 483 1
446 494 1
446 650 1
446 668 1
446 671 1
447 515 1
447 603 1
447 638 1
447 781 1
447 798 1
448 457 1
448 483 1
448 542 1
448 568 1
448 578 1
448 598 1
448 671 1
448 699 1
448 737 1
448 773 1
448 805 1
448 886 1
448 939 1
448 969 1
449 643 1
449 648 1
449 684 1
449 771 1
449 810 1
449 851 1
449 920 1
449 944 1
449 959 1
450 536 1
450 539 1
450 543 1
450 615 1
450 665 1
450 727 1
450 753 1
450 835 1
450 927 1
451 514 1
451 721 1
451 766 1
451 934 1
451 936 1
451 973 1
452 542 1
452 543 1
452 547 1
452 557 1
452 663 1
452 791 1
452 949 1
453 460 1
453 487 1
453 589 1
453 760 1
453 787 1
453 894 1
453 935 1
454 463 1
454 734 1
454 892 1
455 640 1
455 688 1
455 696 1
455 730 1
455 757 1
455 790 1
455 844 1
455 866 1
455 943 1
456 556 1
456 629 1
456 750 1
456 871 1
456 913 1
456 976 1
457 502 1
457 504 1
457 580 1
457 631 1
457 636 1
457 664 1
458 492 1
458 927 1
458 979 1
459 602 1
459 893 1
460 507 1
460 529 1
460 543 1
460 545 1
460 568 1
460 774 1
460 834 1
460 853 1
460 887 1
460 990 1
461 566 1
461 886 1
462 476 1
462 494 1
462 575 1
462 609 1
462 742 1
462 792 1
463 651 1
463 661 1
463 669 1
463 775 1
463 800 1
463 820 1
463 849 1
463 899 1
463 902 1
463 989 1
464 726 1
464 935 1
464 948 1
464 970 1
465 543 1
465 580 1
465 698 1
465 888 1
465 915 1
465 960 1
466 591 1
466 599 1
466 635 1
466 655 1
466 823 1
466 825 1
466 861 1
466 965 1
468 484 1
468 500 1
468 537 1
468 561 1
468 675 1
468 749 1
468 786 1
468 794 1
468 845 1
468 993 1
469 680 1
469 732 1
469 742 1
469 755 1
469 789 1
469 955 1
470 819 1
471 590 1
471 621 1
471 791 1
471 990 1
472 558 1
472 572 1
472 575 1
472 738 1
472 977 1
473 500 1
473 970 1
473 996 1
474 568 1
474 598 1
474 609 1
474 644 1
474 683 1
474 748 1
474 786 1
474 796 1
474 811 1
474 926 1
475 626 1
475 702 1
475 722 1
475 770 1
475 780 1
475 807 1
475 859 1
475 992 1
476 491 1
476 553 1
476 618 1
476 713 1
476 809 1
476 855 1
476 905 1
477 760 1
477 781 1
477 792 1
477 863 1
477 945 1
477 963 1
477 971 1
478 489 1
478 517 1
478 573 1
478 717 1
478 751 1
478 775 1
479 574 1
479 646 1
479 735 1
479 775 1
479 947 1
480 556 1
480 569 1
480 592 1
480 619 1
480 633 1
480 765 1
480 769 1
480 782 1
480 786 1
480 892 1
480 972 1
480 978 1
480 999 1
481 604 1
481 615 1
481 626 1
481 654 1
481 709 1
481 722 1
481 953 1
482 592 1
482 813 1
482 870 1
482 888 1
483 611 1
483 873 1
483 874 1
484 485 1
484 738 1
484 851 1
484 913 1
484 914 1
485 494 1
485 683 1
485 694 1
485 721 1
485 824 1
485 827 1
485 891 1
486 553 1
486 828 1
486 917 1
486 979 1
487 588 1
487 595 1
487 875 1
487 961 1
488 700 1
488 849 1
488 992 1
488 993 1
489 707 1
489 773 1
489 776 1
489 782 1
489 801 1
489 816 1
489 820 1
490 501 1
490 603 1
490 699 1
490 825 1
490 881 1
491 541 1
491 580 1
491 845 1
491 880 1
491 910 1
491 946 1
491 961 1
492 555 1
492 783 1
492 824 1
493 585 1
493 591 1
493 667 1
493 695 1
493 716 1
493 881 1
493 907 1
494 632 1
494 642 1
494 646 1
494 842 1
494 888 1
494 913 1
495 764 1
495 783 1
495 930 1
495 969 1
495 992 1
496 504 1
496 575 1
496 746 1
496 765 1
496 794 1
496 877 1
496 918 1
497 517 1
497 548 1
497 754 1
497 811 1
497 987 1
498 617 1
498 628 1
498 662 1
498 751 1
498 806 1
498 839 1
498 895 1
499 554 1
499 632 1
499 650 1
499 709 1
499 748 1
499 749 1
499 785 1
499 811 1
499 822 1
500 515 1
500 546 1
500 683 1
501 585 1
501 726 1
501 774 1
502 552 1
502 564 1
502 662 1
502 734 1
502 798 1
502 827 1
502 913 1
502 949 1
502 969 1
503 701 1
503 805 1
503 826 1
503 911 1
503 967 1
503 1000 1
504 521 1
504 535 1
504 620 1
504 705 1
504 708 1
504 957 1
504 962 1
504 966 1
505 708 1
505 843 1
505 881 1
505 890 1
506 510 1
506 516 1
506 728 1
506 817 1
506 938 1
507 562 1
507 564 1
507 666 1
507 707 1
507 757 1
507 765 1
507 822 1
507 889 1
508 634 1
508 727 1
508 787 1
508 864 1
508 968 1
508 983 1
509 542 1
509 580 1
510 540 1
510 567 1
510 578 1
510 643 1
510 691 1
510 714 1
510 734 1
510 738 1
510 772 1
511 543 1
511 865 1
511 878 1
511 904 1
512 555 1
512 594 1
512 624 1
512 683 1
512 822 1
512 855 1
513 525 1
513 542 1
513 575 1
513 627 1
513 628 1
513 703 1
513 794 1
513 909 1
513 936 1
513 966 1
514 534 1
514 536 1
514 790 1
514 978 1
515 645 1
515 771 1
515 780 1
515 836 1
515 902 1
516 518 1
516 531 1
516 568 1
516 573 1
516 587 1
516 800 1
516 846 1
516 850 1
516 886 1
517 633 1
517 786 1
517 790 1
517 981 1
518 626 1
518 702 1
518 793 1
518 826 1
518 982 1
519 560 1
519 616 1
519 635 1
519 719 1
519 972 1
520 586 1
521 600 1
521 609 1
521 614 1
521 679 1
521 722 1
521 883 1
521 994 1
522 543 1
522 915 1
523 553 1
523 688 1
523 898 1
523 912 1
524 886 1
524 934 1
525 529 1
525 553 1
525 556 1
525 682 1
525 798 1
525 864 1
525 978 1
526 675 1
526 811 1
526 848 1
527 569 1
527 611 1
527 640 1
527 644 1
527 855 1
527 900 1
528 642 1
528 737 1
528 791 1
528 818 1
528 882 1
529 599 1
529 629 1
529 681 1
529 766 1
529 996 1
530 655 1
530 734 1
530 753 1
530 782 1
530 799 1
530 844 1
530 925 1
530 927 1
531 713 1
531 750 1
531 826 1
531 895 1
531 908 1
531 964 1
532 700 1
532 773 1
532 926 1
532 949 1
532 986 1
533 570 1
533 854 1
533 919 1
534 597 1
534 659 1
534 755 1
534 841 1
534 897 1
534 945 1
535 606 1
535 767 1
535 829 1
535 835 1
535 860 1
535 868 1
535 972 1
536 590 1
536 755 1
536 874 1
537 603 1
537 667 1
537 729 1
537 778 1
537 861 1
538 585 1
538 701 1
538 706 1
538 723 1
538 875 1
538 953 1
539 669 1
539 765 1
539 872 1
539 960 1
539 991 1
540 616 1
540 886 1
540 925 1
541 591 1
541 655 1
541 989 1
542 591 1
542 646 1
542 755 1
542 833 1
542 835 1
542 854 1
542 917 1
543 670 1
543 818 1
543 978 1
544 571 1
544 653 1
544 664 1
545 700 1
545 878 1
545 898 1
546 703 1
546 825 1
546 852 1
546 996 1
547 583 1
547 592 1
547 699 1
547 772 1
547 842 1
547 891 1
548 675 1
548 701 1
548 790 1
548 935 1
549 595 1
549 687 1
549 713 1
549 850 1
550 638 1
550 668 1
550 780 1
550 919 1
550 996 1
551 848 1
552 613 1
552 620 1
552 758 1
552 776 1
552 923 1
552 996 1
553 716 1
553 925 1
554 796 1
555 557 1
555 561 1
555 602 1
555 763 1
555 767 1
555 820 1
555 838 1
555 874 1
555 906 1
555 936 1
555 966 1
556 568 1
556 571 1
556 586 1
556 842 1
556 874 1
556 921 1
557 736 1
557 888 1
557 946 1
557 965 1
558 565 1
558 665 1
558 741 1
558 841 1
559 628 1
559 726 1
559 745 1
559 793 1
559 826 1
559 977 1
560 584 1
560 701 1
560 850 1
561 607 1
561 641 1
561 681 1
561 698 1
561 831 1
561 884 1
561 990 1
562 648 1
562 712 1
562 719 1
562 850 1
562 870 1
562 878 1
563 628 1
563 729 1
563 766 1
563 948 1
563 980 1
564 672 1
564 802 1
564 953 1
565 787 1
565 927 1
566 683 1
566 722 1
566 776 1
566 992 1
567 952 1
568 640 1
568 915 1
568 932 1
569 620 1
569 683 1
569 707 1
570 703 1
570 721 1
570 777 1
570 832 1
570 842 1
570 907 1
570 913 1
570 975 1
571 579 1
571 719 1
571 761 1
571 784 1
571 814 1
571 828 1
571 833 1
571 872 1
571 981 1
572 606 1
572 630 1
572 668 1
572 685 1
572 695 1
572 717 1
572 986 1
573 669 1
573 708 1
573 992 1
574 578 1
574 588 1
574 644 1
574 648 1
574 839 1
574 842 1
574 962 1
575 706 1
575 749 1
575 833 1
575 877 1
575 934 1
575 949 1
577 620 1
577 947 1
578 601 1
578 616 1
578 818 1
578 906 1
578 925 1
579 734 1
579 765 1
579 890 1
579 960 1
579 966 1
580 599 1
580 620 1
580 632 1
580 833 1
580 960 1
581 683 1
581 743 1
581 819 1
581 824 1
581 849 1
581 963 1
581 980 1
582 587 1
582 679 1
582 690 1
582 895 1
583 650 1
583 721 1
583 740 1
583 761 1
584 644 1
584 679 1
584 680 1
584 814 1
585 610 1
585 644 1
585 711 1
585 714 1
585 750 1
585 771 1
585 808 1
586 597 1
586 610 1
586 742 1
586 832 1
586 844 1
586 965 1
587 668 1
587 777 1
587 828 1
587 846 1
587 854 1
587 995 1
588 755 1
588 845 1
588 901 1
588 969 1
589 612 1
589 688 1
589 726 1
589 889 1
590 609 1
590 696 1
590 793 1
590 810 1
590 879 1
590 995 1
591 660 1
591 754 1
591 778 1
591 824 1
591 893 1
592 641 1
592 731 1
592 793 1
592 802 1
592 830 1
592 868 1
594 785 1
594 808 1
594 839 1
594 934 1
595 740 1
595 922 1
596 644 1
596 703 1
596 772 1
596 957 1
597 639 1
597 705 1
597 802 1
597 852 1
598 685 1
598 714 1
598 920 1
599 642 1
599 761 1
600 738 1
600 817 1
600 845 1
601 687 1
601 710 1
601 715 1
602 647 1
602 696 1
602 726 1
602 842 1
602 861 1
602 961 1
602 993 1
603 776 1
603 834 1
604 697 1
604 851 1
604 909 1
605 701 1
605 765 1
605 944 1
606 675 1
606 735 1
607 692 1
607 733 1
607 836 1
608 702 1
609 718 1
609 741 1
609 940 1
610 827 1
611 795 1
611 909 1
611 973 1
612 682 1
612 690 1
612 726 1
612 823 1
612 833 1
612 867 1
612 974 1
612 978 1
613 637 1
613 641 1
613 738 1
613 792 1
614 736 1
614 755 1
614 759 1
615 619 1
615 641 1
615 666 1
615 684 1
615 704 1
615 729 1
616 623 1
616 669 1
616 729 1
617 661 1
617 692 1
617 737 1
617 948 1
618 679 1
618 835 1
619 620 1
619 866 1
619 992 1
620 621 1
620 652 1
620 663 1
620 732 1
620 775 1
620 843 1
620 857 1
620 943 1
620 947 1
621 634 1
621 753 1
621 794 1
622 675 1
622 683 1
622 737 1
622 900 1
622 902 1
622 978 1
623 701 1
623 790 1
624 629 1
624 686 1
624 775 1
624 865 1
625 662 1
625 706 1
625 924 1
626 663 1
626 690 1
626 774 1
626 778 1
626 947 1
627 687 1
627 739 1
627 784 1
627 820 1
627 846 1
627 876 1
627 898 1
627 915 1
628 642 1
628 644 1
628 656 1
628 706 1
628 717 1
629 686 1
629 818 1
629 854 1
629 856 1
629 861 1
630 796 1
630 913 1
630 979 1
631 752 1
631 954 1
631 962 1
632 914 1
633 669 1
633 846 1
633 905 1
633 963 1
633 987 1
634 746 1
634 793 1
635 720 1
635 759 1
635 776 1
635 902 1
636 744 1
636 872 1
636 1000 1
637 649 1
637 751 1
637 860 1
637 964 1
638 673 1
638 717 1
639 674 1
639 744 1
639 787 1
639 891 1
640 702 1
640 704 1
640 773 1
640 790 1
641 685 1
641 724 1
641 875 1
641 970 1
641 975 1
641 991 1
642 787 1
642 811 1
643 647 1
643 795 1
643 799 1
643 965 1
644 655 1
644 660 1
644 731 1
645 691 1
645 907 1
645 915 1
645 927 1
646 686 1
646 896 1
646 958 1
646 968 1
647 685 1
647 702 1
647 856 1
648 659 1
648 779 1
648 788 1
648 805 1
648 892 1
648 900 1
648 904 1
648 914 1
648 928 1
649 674 1
649 686 1
649 712 1
649 846 1
649 882 1
649 890 1
649 990 1
650 776 1
650 814 1
650 838 1
650 879 1
651 690 1
651 800 1
651 803 1
651 891 1
651 973 1
651 1000 1
652 750 1
652 765 1
652 770 1
652 937 1
652 994 1
653 673 1
653 739 1
653 758 1
654 754 1
654 790 1
654 793 1
654 939 1
654 990 1
655 729 1
655 759 1
655 761 1
655 869 1
656 671 1
656 678 1
656 697 1
656 705 1
656 930 1
656 933 1
656 953 1
657 774 1
657 899 1
658 688 1
658 826 1
658 964 1
658 981 1
658 993 1
659 688 1
659 806 1
659 981 1
660 758 1
660 783 1
660 923 1
660 995 1
661 814 1
661 842 1
662 672 1
662 675 1
662 860 1
662 968 1
663 683 1
663 701 1
663 746 1
663 892 1
664 695 1
664 707 1
664 791 1
664 859 1
664 951 1
664 985 1
665 746 1
665 774 1
665 821 1
665 879 1
666 888 1
667 733 1
667 916 1
668 705 1
668 780 1
668 964 1
669 943 1
670 734 1
670 739 1
670 951 1
671 766 1
671 820 1
672 730 1
672 869 1
672 926 1
673 883 1
673 925 1
673 954 1
673 980 1
674 714 1
674 738 1
674 844 1
674 876 1
675 911 1
676 678 1
676 691 1
676 798 1
676 837 1
676 875 1
676 943 1
676 983 1
677 680 1
677 730 1
677 813 1
677 959 1
678 686 1
679 724 1
679 888 1
679 896 1
679 988 1
680 698 1
680 722 1
680 764 1
681 710 1
681 811 1
681 832 1
681 913 1
682 725 1
682 726 1
682 763 1
683 736 1
684 779 1
684 825 1
684 878 1
684 911 1
684 931 1
685 730 1
685 853 1
685 876 1
685 933 1
685 999 1
686 780 1
686 943 1
686 990 1
687 830 1
687 961 1
688 849 1
688 935 1
689 745 1
689 839 1
689 986 1
690 719 1
690 824 1
690 843 1
690 852 1
690 930 1
690 973 1
692 730 1
692 786 1
692 918 1
692 935 1
692 999 1
693 785 1
693 855 1
695 747 1
695 892 1
695 974 1
695 998 1
696 829 1
696 917 1
696 993 1
697 711 1
697 839 1
697 996 1
698 764 1
698 856 1
698 869 1
698 871 1
698 879 1
698 904 1
699 813 1
699 860 1
699 926 1
699 974 1
699 988 1
700 736 1
700 779 1
700 866 1
700 894 1
700 938 1
700 966 1
700 991 1
701 793 1
702 709 1
702 813 1
702 889 1
702 893 1
702 990 1
702 1000 1
703 769 1
703 985 1
704 785 1
704 836 1
704 952 1
705 728 1
705 742 1
705 859 1
705 943 1
706 742 1
706 774 1
706 877 1
706 964 1
707 828 1
708 712 1
708 756 1
708 822 1
708 938 1
708 977 1
709 980 1
710 772 1
710 797 1
710 818 1
710 819 1
710 823 1
711 734 1
711 944 1
712 781 1
712 856 1
712 889 1
712 992 1
713 787 1
713 836 1
713 873 1
714 893 1
714 940 1
714 946 1
715 868 1
715 938 1
715 971 1
715 980 1
716 802 1
716 810 1
716 862 1
716 915 1
717 756 1
717 877 1
717 884 1
717 917 1
717 943 1
718 949 1
719 808 1
719 856 1
720 816 1
720 870 1
720 872 1
720 893 1
721 733 1
721 978 1
722 729 1
722 799 1
722 819 1
722 838 1
722 842 1
722 849 1
723 730 1
723 751 1
723 868 1
723 921 1
723 952 1
723 999 1
724 838 1
724 940 1
724 988 1
725 763 1
725 793 1
725 948 1
726 733 1
726 770 1
726 796 1
726 863 1
727 850 1
727 859 1
727 916 1
727 984 1
728 739 1
728 807 1
729 818 1
730 836 1
730 905 1
730 952 1
731 793 1
731 902 1
732 875 1
733 815 1
733 956 1
733 983 1
734 914 1
734 933 1
734 949 1
734 959 1
734 997 1
735 790 1
735 966 1
736 737 1
736 925 1
736 932 1
737 760 1
737 896 1
737 982 1
738 740 1
738 745 1
738 783 1
738 853 1
738 856 1
738 861 1
738 933 1
738 998 1
739 749 1
739 931 1
740 922 1
741 801 1
741 829 1
741 919 1
743 889 1
744 779 1
744 821 1
744 929 1
745 821 1
745 860 1
746 795 1
746 843 1
746 900 1
746 958 1
747 812 1
747 970 1
748 876 1
749 845 1
749 847 1
749 865 1
749 926 1
750 819 1
750 900 1
750 917 1
750 957 1
751 791 1
752 796 1
752 992 1
753 835 1
753 934 1
753 968 1
754 880 1
756 959 1
756 982 1
757 795 1
757 975 1
757 977 1
758 789 1
758 898 1
759 835 1
759 851 1
759 878 1
759 884 1
759 942 1
759 980 1
760 768 1
760 811 1
760 827 1
760 925 1
760 972 1
760 973 1
761 909 1
762 778 1
762 847 1
762 894 1
762 977 1
764 779 1
764 840 1
764 954 1
764 985 1
764 1000 1
765 844 1
765 845 1
765 877 1
765 940 1
766 895 1
766 897 1
767 959 1
768 814 1
769 828 1
769 875 1
769 892 1
769 897 1
769 926 1
769 928 1
769 980 1
770 924 1
771 913 1
771 934 1
771 979 1
772 864 1
773 924 1
773 973 1
773 989 1
774 778 1
774 820 1
775 887 1
776 964 1
776 970 1
777 800 1
777 841 1
777 964 1
777 994 1
778 837 1
778 846 1
778 891 1
778 895 1
778 925 1
778 929 1
778 952 1
779 813 1
780 865 1
780 936 1
781 831 1
781 920 1
781 956 1
781 994 1
782 844 1
783 906 1
783 907 1
783 923 1
783 982 1
784 968 1
784 971 1
785 837 1
785 940 1
785 944 1
785 970 1
786 893 1
787 900 1
788 836 1
788 918 1
788 944 1
788 988 1
789 896 1
790 877 1
790 914 1
791 972 1
792 824 1
792 911 1
792 976 1
793 933 1
793 982 1
794 839 1
794 894 1
794 927 1
794 965 1
794 982 1
795 864 1
796 938 1
796 987 1
797 887 1
797 945 1
798 809 1
798 813 1
798 846 1
798 876 1
800 829 1
800 937 1
801 845 1
801 938 1
802 861 1
802 866 1
802 907 1
802 929 1
803 867 1
805 829 1
806 944 1
807 996 1
808 832 1
808 850 1
808 852 1
809 855 1
810 988 1
811 873 1
811 881 1
811 955 1
812 913 1
812 937 1
812 942 1
813 948 1
814 840 1
814 934 1
815 982 1
816 832 1
816 968 1
817 998 1
818 863 1
819 830 1
819 898 1
819 917 1
821 892 1
822 896 1
823 897 1
823 938 1
826 906 1
826 944 1
826 960 1
827 925 1
827 928 1
827 970 1
829 848 1
829 936 1
830 877 1
830 890 1
830 938 1
831 943 1
832 907 1
832 936 1
833 892 1
833 906 1
833 914 1
833 937 1
834 945 1
835 915 1
835 949 1
837 883 1
837 948 1
838 938 1
839 866 1
840 856 1
840 866 1
842 928 1
842 956 1
843 854 1
843 975 1
846 863 1
846 946 1
847 966 1
847 992 1
848 881 1
848 957 1
850 880 1
851 979 1
852 868 1
852 969 1
853 872 1
854 878 1
854 957 1
854 963 1
855 964 1
856 866 1
856 945 1
856 952 1
857 987 1
859 888 1
859 916 1
860 902 1
861 905 1
862 979 1
863 899 1
864 926 1
864 957 1
865 912 1
865 974 1
866 938 1
866 978 1
868 983 1
869 888 1
869 965 1
871 902 1
873 909 1
873 919 1
874 947 1
875 969 1
876 936 1
879 915 1
881 945 1
881 975 1
882 936 1
882 954 1
884 887 1
884 893 1
884 905 1
887 935 1
889 960 1
890 942 1
894 989 1
895 944 1
895 945 1
895 972 1
895 985 1
896 929 1
898 959 1
898 988 1
899 948 1
901 945 1
902 985 1
903 931 1
904 918 1
905 944 1
906 931 1
906 964 1
907 913 1
907 932 1
908 911 1
908 916 1
913 944 1
914 950 1
915 929 1
920 953 1
921 948 1
921 982 1
923 981 1
925 928 1
928 980 1
928 981 1
933 936 1
934 937 1
936 938 1
936 947 1
936 965 1
937 938 1
949 970 1
955 969 1
960 988 1
961 991 1
962 986 1
964 973 1
965 993 1
968 971 1
968 983 1
971 973 1
972 974 1
972 997 1
974 982 1
979 984 1
