1000 5014
1 380 1
1 504 1
1 655 1
1 701 1
1 908 1
2 195 1
2 239 1
2 276 1
2 571 1
2 805 1
3 99 1
3 202 1
3 360 1
3 399 1
3 650 1
3 709 1
3 716 1
4 45 1
4 113 1
4 350 1
4 362 1
4 366 1
4 475 1
4 549 1
4 550 1
4 615 1
4 711 1
4 729 1
4 730 1
4 741 1
4 767 1
4 804 1
4 842 1
5 291 1
5 446 1
5 540 1
5 672 1
5 674 1
5 786 1
5 789 1
5 990 1
6 100 1
6 227 1
6 229 1
6 562 1
6 578 1
6 599 1
6 642 1
6 786 1
6 898 1
6 956 1
7 71 1
7 353 1
7 396 1
7 515 1
7 582 1
7 606 1
7 632 1
7 648 1
7 689 1
7 758 1
7 789 1
7 854 1
8 96 1
8 346 1
8 373 1
8 397 1
8 597 1
8 611 1
8 966 1
8 993 1
8 999 1
9 310 1
9 347 1
9 566 1
9 612 1
9 628 1
9 652 1
9 695 1
9 779 1
10 49 1
10 64 1
10 154 1
10 180 1
10 195 1
10 207 1
10 224 1
10 385 1
10 409 1
10 623 1
10 701 1
10 729 1
10 781 1
10 785 1
10 787 1
10 887 1
11 61 1
11 168 1
11 303 1
11 309 1
11 497 1
11 595 1
11 868 1
11 921 1
11 936 1
12 116 1
12 223 1
12 464 1
12 514 1
12 629 1
12 666 1
12 729 1
12 844 1
12 958 1
12 969 1
13 146 1
13 177 1
13 259 1
13 331 1
13 441 1
13 542 1
13 577 1
13 636 1
13 638 1
13 696 1
13 874 1
13 879 1
13 920 1
14 56 1
14 79 1
14 103 1
14 123 1
14 526 1
14 586 1
14 873 1
14 885 1
14 964 1
14 968 1
14 986 1
15 93 1
15 458 1
15 538 1
15 567 1
15 680 1
15 908 1
15 923 1
16 321 1
16 388 1
16 399 1
16 460 1
16 505 1
16 863 1
16 935 1
16 956 1
17 33 1
17 79 1
17 237 1
17 407 1
17 726 1
17 763 1
17 840 1
17 874 1
17 986 1
18 72 1
18 135 1
18 140 1
18 227 1
18 270 1
18 392 1
18 547 1
18 558 1
18 574 1
18 600 1
18 710 1
18 935 1
19 38 1
19 118 1
19 177 1
19 181 1
19 220 1
19 430 1
19 616 1
19 657 1
19 728 1
19 763 1
19 839 1
19 845 1
20 39 1
20 69 1
20 101 1
20 143 1
20 145 1
20 270 1
20 302 1
20 436 1
20 566 1
20 591 1
20 777 1
20 842 1
20 908 1
20 925 1
20 994 1
21 262 1
21 520 1
21 522 1
21 588 1
21 781 1
21 787 1
21 832 1
21 919 1
21 929 1
22 165 1
22 263 1
22 390 1
22 406 1
22 463 1
22 512 1
22 527 1
22 565 1
22 763 1
22 781 1
22 838 1
22 969 1
23 148 1
23 151 1
23 156 1
23 294 1
23 461 1
23 513 1
23 526 1
23 717 1
23 816 1
23 827 1
23 830 1
24 64 1
24 65 1
24 76 1
24 89 1
24 217 1
24 283 1
24 511 1
24 529 1
24 722 1
24 937 1
24 950 1
24 994 1
25 128 1
25 176 1
25 205 1
25 244 1
25 473 1
25 775 1
26 353 1
26 527 1
26 606 1
26 610 1
26 934 1
26 983 1
26 1000 1
27 95 1
27 217 1
27 326 1
27 571 1
27 624 1
27 717 1
27 908 1
28 138 1
28 152 1
28 339 1
28 524 1
28 585 1
28 602 1
28 704 1
28 966 1
28 969 1
29 31 1
29 45 1
29 86 1
29 178 1
29 220 1
29 397 1
29 422 1
29 454 1
29 463 1
29 547 1
29 604 1
29 914 1
30 194 1
30 455 1
30 525 1
30 535 1
30 633 1
30 827 1
30 841 1
30 965 1
31 217 1
31 275 1
31 302 1
31 313 1
31 498 1
31 520 1
31 715 1
31 746 1
32 122 1
32 293 1
32 430 1
32 612 1
32 781 1
32 994 1
33 178 1
33 311 1
33 563 1
33 592 1
33 618 1
33 872 1
33 892 1
33 929 1
34 66 1
34 79 1
34 157 1
34 563 1
34 849 1
35 45 1
35 60 1
35 230 1
35 240 1
35 419 1
35 508 1
35 521 1
35 544 1
35 661 1
35 716 1
35 973 1
35 986 1
36 288 1
36 358 1
36 442 1
36 568 1
36 591 1
36 635 1
36 725 1
36 773 1
36 809 1
36 932 1
36 996 1
37 139 1
37 289 1
37 831 1
37 852 1
37 872 1
37 952 1
38 39 1
38 303 1
38 372 1
38 406 1
38 428 1
38 692 1
38 866 1
39 97 1
39 162 1
39 205 1
39 217 1
39 277 1
39 291 1
39 307 1
39 341 1
39 817 1
40 190 1
40 300 1
40 362 1
40 703 1
40 752 1
40 882 1
40 943 1
41 137 1
41 191 1
41 327 1
41 365 1
41 428 1
41 481 1
41 520 1
41 582 1
41 631 1
41 873 1
42 138 1
42 230 1
42 298 1
42 308 1
42 404 1
42 433 1
42 477 1
42 526 1
42 670 1
42 720 1
42 802 1
43 49 1
43 131 1
43 192 1
43 283 1
43 582 1
43 750 1
43 907 1
44 157 1
44 219 1
44 259 1
44 312 1
44 346 1
44 388 1
44 422 1
44 432 1
44 691 1
44 789 1
44 901 1
45 93 1
45 131 1
45 135 1
45 140 1
45 151 1
45 234 1
45 359 1
45 387 1
45 635 1
45 787 1
45 880 1
45 930 1
45 989 1
46 91 1
46 95 1
46 128 1
46 134 1
46 161 1
46 171 1
46 186 1
46 216 1
46 221 1
46 274 1
46 300 1
46 308 1
46 323 1
46 531 1
46 596 1
46 763 1
46 816 1
46 881 1
46 883 1
46 936 1
46 942 1
46 989 1
47 108 1
47 190 1
47 389 1
47 512 1
47 543 1
47 570 1
47 590 1
47 665 1
47 789 1
47 799 1
47 896 1
48 252 1
48 259 1
48 396 1
48 467 1
48 598 1
48 706 1
48 783 1
48 899 1
48 981 1
48 989 1
49 236 1
49 265 1
49 347 1
49 396 1
49 758 1
50 193 1
50 239 1
50 287 1
50 391 1
50 543 1
50 643 1
50 656 1
50 690 1
50 886 1
50 994 1
50 999 1
51 169 1
51 306 1
51 425 1
51 600 1
51 641 1
51 801 1
51 817 1
51 844 1
51 888 1
52 90 1
52 492 1
52 694 1
52 904 1
52 963 1
52 971 1
53 386 1
53 392 1
53 629 1
53 637 1
53 661 1
53 722 1
53 757 1
53 980 1
54 138 1
54 242 1
54 360 1
54 395 1
54 615 1
54 687 1
54 986 1
55 659 1
55 720 1
55 925 1
55 943 1
55 962 1
55 969 1
56 63 1
56 133 1
56 294 1
56 496 1
56 514 1
56 742 1
57 197 1
57 292 1
57 395 1
57 404 1
57 434 1
57 458 1
57 506 1
57 524 1
57 628 1
57 706 1
57 749 1
57 991 1
58 210 1
58 224 1
58 274 1
58 323 1
58 592 1
58 604 1
58 632 1
58 687 1
58 841 1
58 886 1
58 918 1
58 949 1
59 60 1
59 119 1
59 288 1
59 519 1
59 693 1
59 860 1
60 166 1
60 345 1
60 358 1
60 686 1
60 842 1
61 71 1
61 220 1
61 241 1
61 290 1
61 359 1
61 382 1
61 394 1
61 492 1
61 609 1
61 677 1
61 793 1
61 821 1
62 81 1
62 112 1
62 205 1
62 284 1
62 324 1
62 373 1
62 421 1
62 444 1
62 650 1
62 767 1
62 977 1
63 226 1
63 354 1
63 399 1
63 500 1
63 505 1
63 554 1
63 796 1
63 813 1
63 914 1
63 924 1
64 65 1
64 299 1
64 451 1
64 465 1
64 501 1
64 613 1
64 708 1
64 920 1
65 161 1
65 170 1
65 188 1
65 317 1
65 366 1
65 556 1
65 947 1
66 358 1
66 489 1
66 631 1
66 644 1
66 721 1
66 862 1
66 866 1
66 945 1
66 978 1
67 132 1
67 187 1
67 266 1
67 398 1
67 443 1
67 496 1
67 626 1
67 807 1
67 852 1
68 87 1
68 140 1
68 171 1
68 570 1
68 686 1
68 688 1
68 717 1
68 779 1
68 892 1
68 966 1
69 130 1
69 147 1
69 223 1
69 309 1
69 361 1
69 517 1
69 657 1
69 849 1
69 997 1
70 182 1
70 299 1
70 436 1
70 502 1
70 505 1
70 587 1
70 588 1
70 615 1
70 631 1
70 719 1
70 906 1
70 963 1
71 74 1
71 89 1
71 609 1
71 732 1
72 187 1
72 204 1
72 345 1
72 527 1
72 619 1
72 697 1
72 831 1
72 891 1
73 118 1
73 179 1
73 349 1
73 352 1
73 535 1
73 565 1
73 705 1
73 737 1
73 813 1
73 890 1
74 101 1
74 167 1
74 259 1
74 298 1
74 416 1
74 452 1
74 497 1
74 509 1
74 513 1
74 550 1
74 617 1
74 638 1
74 653 1
74 876 1
74 931 1
75 114 1
75 169 1
75 326 1
75 701 1
75 761 1
75 820 1
75 852 1
75 853 1
75 978 1
76 484 1
76 503 1
76 540 1
76 582 1
76 589 1
76 636 1
76 645 1
76 649 1
76 704 1
76 730 1
76 769 1
76 964 1
77 142 1
77 156 1
77 225 1
77 369 1
77 454 1
77 516 1
77 583 1
77 828 1
77 862 1
77 886 1
77 892 1
78 172 1
78 197 1
78 271 1
78 322 1
78 539 1
78 570 1
78 581 1
78 810 1
78 814 1
78 914 1
79 194 1
79 273 1
79 356 1
79 410 1
79 849 1
79 909 1
80 96 1
80 277 1
80 414 1
80 449 1
80 456 1
80 498 1
80 690 1
80 691 1
80 731 1
80 840 1
81 160 1
81 173 1
81 184 1
81 540 1
81 609 1
81 954 1
81 967 1
82 139 1
82 222 1
82 661 1
82 706 1
82 772 1
82 801 1
82 883 1
82 979 1
82 986 1
82 987 1
83 136 1
83 405 1
83 542 1
83 659 1
84 112 1
84 118 1
84 329 1
84 390 1
84 414 1
84 430 1
84 455 1
84 507 1
85 308 1
85 348 1
85 362 1
85 433 1
85 486 1
85 576 1
85 675 1
85 848 1
85 967 1
86 90 1
86 962 1
86 964 1
87 125 1
87 170 1
87 329 1
87 389 1
87 616 1
87 683 1
87 863 1
87 911 1
88 399 1
88 550 1
88 613 1
88 680 1
88 779 1
89 97 1
89 327 1
89 516 1
89 648 1
89 683 1
89 783 1
89 796 1
89 885 1
89 905 1
89 919 1
89 992 1
90 232 1
90 237 1
90 312 1
90 529 1
90 620 1
90 758 1
90 769 1
90 844 1
90 846 1
91 394 1
91 416 1
91 496 1
91 605 1
91 610 1
91 647 1
91 672 1
91 713 1
91 717 1
91 789 1
91 822 1
91 944 1
92 169 1
92 212 1
92 307 1
92 330 1
92 350 1
92 417 1
92 564 1
92 697 1
92 700 1
92 851 1
93 165 1
93 391 1
93 527 1
94 168 1
94 239 1
94 341 1
94 528 1
94 817 1
94 996 1
95 160 1
95 278 1
95 324 1
95 453 1
95 542 1
95 585 1
95 784 1
95 821 1
95 896 1
95 921 1
95 922 1
95 980 1
95 993 1
96 119 1
96 132 1
96 269 1
96 425 1
96 570 1
96 578 1
96 604 1
96 713 1
97 243 1
97 265 1
97 353 1
97 410 1
97 414 1
97 517 1
97 519 1
97 528 1
97 614 1
97 746 1
97 931 1
97 941 1
97 943 1
97 975 1
98 104 1
98 113 1
98 282 1
98 298 1
98 450 1
98 456 1
98 574 1
98 597 1
98 619 1
98 788 1
98 993 1
99 209 1
99 327 1
99 364 1
99 610 1
99 807 1
99 889 1
100 223 1
100 309 1
100 334 1
100 558 1
100 585 1
100 622 1
100 724 1
100 778 1
100 799 1
100 851 1
101 177 1
101 235 1
101 253 1
101 641 1
101 793 1
101 849 1
101 955 1
102 299 1
102 554 1
102 583 1
102 748 1
102 806 1
102 843 1
102 882 1
103 143 1
103 239 1
103 327 1
103 488 1
103 523 1
103 569 1
103 622 1
103 658 1
103 661 1
103 751 1
103 778 1
103 981 1
103 992 1
104 110 1
104 121 1
104 136 1
104 142 1
104 215 1
104 311 1
104 397 1
104 594 1
104 728 1
104 741 1
104 783 1
104 827 1
104 846 1
104 914 1
104 931 1
104 966 1
105 255 1
105 377 1
105 553 1
105 711 1
105 742 1
105 804 1
105 825 1
105 861 1
105 937 1
105 954 1
106 149 1
106 205 1
106 315 1
106 337 1
106 377 1
106 392 1
106 410 1
106 549 1
106 929 1
107 153 1
107 216 1
107 305 1
107 393 1
107 564 1
107 848 1
107 927 1
107 986 1
108 342 1
108 399 1
108 604 1
108 607 1
108 677 1
108 757 1
108 778 1
108 825 1
109 133 1
109 140 1
109 544 1
109 545 1
109 766 1
109 793 1
109 915 1
110 159 1
110 275 1
110 531 1
110 648 1
110 951 1
110 992 1
111 286 1
111 406 1
111 434 1
111 468 1
111 552 1
111 843 1
111 863 1
111 961 1
111 985 1
112 179 1
112 266 1
112 323 1
112 512 1
112 640 1
112 717 1
112 769 1
112 795 1
112 870 1
112 898 1
113 243 1
113 291 1
113 322 1
113 580 1
113 598 1
113 631 1
113 781 1
113 913 1
113 926 1
113 952 1
114 380 1
114 497 1
114 818 1
114 885 1
114 904 1
115 266 1
115 489 1
115 564 1
115 581 1
115 761 1
116 148 1
116 250 1
116 288 1
116 378 1
116 401 1
116 540 1
116 609 1
116 697 1
116 805 1
116 819 1
116 894 1
116 901 1
117 178 1
117 372 1
117 439 1
117 470 1
117 482 1
117 523 1
117 680 1
117 742 1
117 803 1
117 856 1
117 886 1
117 981 1
117 993 1
118 122 1
118 134 1
118 163 1
118 276 1
118 485 1
118 594 1
118 664 1
119 156 1
119 246 1
119 376 1
119 434 1
119 490 1
119 497 1
119 617 1
119 676 1
120 165 1
120 231 1
120 356 1
120 388 1
120 512 1
120 565 1
120 718 1
120 752 1
120 780 1
120 838 1
120 842 1
120 858 1
120 933 1
121 717 1
121 807 1
121 813 1
121 818 1
121 897 1
122 467 1
122 610 1
122 679 1
122 714 1
122 760 1
122 795 1
122 818 1
122 915 1
123 135 1
123 243 1
123 298 1
123 312 1
123 494 1
123 640 1
123 703 1
123 747 1
123 753 1
123 885 1
123 923 1
123 989 1
124 534 1
124 796 1
124 888 1
124 898 1
124 944 1
125 183 1
125 257 1
125 289 1
125 378 1
125 448 1
125 666 1
125 685 1
125 723 1
125 771 1
125 797 1
126 146 1
126 381 1
126 412 1
126 639 1
126 668 1
126 797 1
126 998 1
127 159 1
127 197 1
127 355 1
127 469 1
127 498 1
127 542 1
127 584 1
127 595 1
127 765 1
127 796 1
127 971 1
128 317 1
128 334 1
128 343 1
128 350 1
128 443 1
128 528 1
128 547 1
128 577 1
128 614 1
128 690 1
128 764 1
128 934 1
129 261 1
129 352 1
129 430 1
129 684 1
129 814 1
129 873 1
129 951 1
129 971 1
130 207 1
130 435 1
130 543 1
130 572 1
130 628 1
130 709 1
130 902 1
130 987 1
131 200 1
131 329 1
131 359 1
131 500 1
131 521 1
131 704 1
131 706 1
131 764 1
131 804 1
131 934 1
131 974 1
132 269 1
132 441 1
132 496 1
132 618 1
132 640 1
132 652 1
132 875 1
132 998 1
133 145 1
133 192 1
133 385 1
133 477 1
133 569 1
133 740 1
133 785 1
134 497 1
134 541 1
134 630 1
134 760 1
134 893 1
134 930 1
135 153 1
135 296 1
135 417 1
135 455 1
135 483 1
135 539 1
135 786 1
135 802 1
135 822 1
135 875 1
136 152 1
136 160 1
136 190 1
136 266 1
136 372 1
136 414 1
136 483 1
136 561 1
136 613 1
136 615 1
137 486 1
137 487 1
137 502 1
137 614 1
137 772 1
137 996 1
138 203 1
138 253 1
138 264 1
138 305 1
138 456 1
138 461 1
138 462 1
138 521 1
138 698 1
138 784 1
138 812 1
138 1000 1
139 184 1
139 215 1
139 322 1
139 348 1
139 357 1
139 448 1
139 508 1
139 889 1
140 288 1
140 315 1
140 428 1
140 845 1
140 858 1
140 887 1
140 910 1
141 161 1
141 166 1
141 177 1
141 287 1
141 328 1
141 364 1
141 395 1
141 464 1
141 518 1
141 531 1
141 581 1
141 775 1
141 972 1
142 210 1
142 511 1
142 665 1
142 718 1
142 738 1
142 751 1
142 777 1
142 832 1
142 983 1
143 405 1
143 543 1
143 545 1
143 563 1
143 623 1
143 645 1
143 680 1
143 698 1
143 812 1
143 866 1
143 896 1
144 497 1
144 652 1
144 654 1
144 751 1
144 825 1
144 847 1
145 163 1
145 395 1
145 502 1
145 722 1
145 731 1
145 810 1
145 899 1
145 949 1
146 195 1
146 321 1
146 353 1
146 491 1
146 596 1
146 650 1
146 667 1
146 676 1
146 783 1
146 791 1
146 835 1
146 866 1
146 901 1
147 276 1
147 628 1
147 673 1
147 739 1
147 767 1
147 904 1
148 257 1
148 273 1
148 275 1
148 325 1
148 444 1
148 644 1
148 731 1
148 774 1
148 857 1
148 970 1
148 986 1
149 166 1
149 179 1
149 195 1
149 620 1
149 721 1
149 739 1
149 964 1
150 229 1
150 311 1
150 382 1
150 493 1
150 555 1
150 583 1
150 769 1
150 974 1
150 987 1
151 187 1
151 284 1
151 324 1
151 544 1
151 562 1
151 615 1
151 692 1
151 900 1
152 247 1
152 354 1
152 495 1
152 544 1
152 556 1
152 618 1
152 638 1
152 658 1
152 793 1
152 857 1
152 876 1
152 954 1
153 497 1
153 574 1
153 625 1
153 781 1
153 868 1
153 948 1
153 953 1
153 959 1
154 162 1
154 460 1
154 486 1
154 543 1
154 560 1
154 635 1
154 685 1
154 836 1
154 892 1
154 964 1
155 301 1
155 651 1
155 824 1
155 900 1
155 916 1
156 212 1
156 235 1
156 286 1
156 296 1
156 377 1
156 652 1
156 774 1
156 789 1
156 836 1
156 954 1
157 235 1
157 450 1
157 735 1
157 754 1
157 761 1
157 959 1
157 996 1
157 998 1
158 180 1
158 288 1
158 410 1
158 431 1
158 520 1
158 734 1
158 904 1
159 191 1
159 258 1
159 320 1
159 347 1
159 505 1
159 846 1
159 987 1
160 161 1
160 170 1
160 255 1
160 366 1
160 474 1
160 737 1
160 779 1
160 814 1
160 908 1
160 977 1
161 185 1
161 302 1
161 305 1
161 335 1
161 382 1
161 400 1
161 596 1
161 808 1
161 820 1
161 880 1
161 990 1
162 425 1
162 477 1
162 543 1
162 669 1
162 714 1
162 800 1
162 823 1
162 950 1
162 957 1
163 189 1
163 333 1
163 350 1
163 427 1
163 478 1
163 481 1
163 580 1
163 596 1
163 602 1
163 824 1
163 871 1
163 925 1
163 980 1
164 302 1
164 448 1
164 533 1
164 611 1
164 691 1
165 340 1
165 489 1
165 523 1
165 539 1
165 602 1
165 616 1
165 709 1
165 779 1
165 812 1
165 857 1
165 879 1
166 219 1
166 278 1
166 367 1
166 584 1
166 619 1
166 748 1
166 766 1
166 825 1
166 888 1
166 996 1
167 323 1
167 363 1
167 413 1
167 481 1
167 502 1
167 602 1
167 659 1
167 680 1
167 702 1
167 799 1
167 866 1
167 904 1
167 957 1
168 208 1
168 222 1
168 331 1
168 372 1
168 533 1
168 587 1
168 762 1
168 929 1
168 976 1
168 981 1
169 210 1
169 397 1
169 440 1
169 468 1
169 689 1
169 718 1
169 753 1
169 776 1
169 892 1
169 995 1
170 252 1
170 264 1
170 551 1
170 663 1
170 750 1
170 767 1
170 770 1
170 837 1
171 189 1
171 596 1
171 622 1
171 629 1
171 731 1
171 928 1
171 944 1
172 192 1
172 344 1
172 400 1
172 690 1
172 836 1
172 906 1
172 949 1
172 955 1
173 181 1
173 248 1
173 388 1
173 550 1
173 562 1
173 598 1
173 751 1
173 773 1
174 198 1
174 263 1
174 291 1
174 361 1
174 573 1
174 611 1
174 803 1
174 806 1
174 820 1
174 920 1
174 968 1
174 993 1
175 420 1
175 434 1
175 524 1
175 580 1
175 651 1
175 803 1
176 332 1
176 584 1
176 599 1
176 637 1
176 644 1
176 667 1
176 721 1
176 772 1
176 856 1
176 888 1
176 894 1
176 914 1
176 976 1
177 201 1
177 238 1
177 240 1
177 310 1
177 335 1
177 451 1
177 481 1
177 513 1
177 776 1
177 936 1
177 942 1
177 970 1
178 300 1
178 438 1
178 439 1
178 898 1
178 921 1
178 923 1
179 315 1
179 334 1
179 512 1
179 537 1
179 587 1
179 622 1
180 257 1
180 292 1
180 339 1
180 390 1
180 420 1
180 454 1
180 464 1
180 520 1
180 570 1
180 635 1
180 742 1
180 743 1
180 782 1
180 852 1
180 943 1
181 193 1
181 230 1
181 313 1
181 375 1
181 457 1
181 596 1
181 649 1
181 730 1
181 758 1
181 853 1
182 210 1
182 246 1
182 273 1
182 310 1
182 315 1
182 584 1
182 844 1
182 939 1
183 270 1
183 304 1
183 500 1
183 560 1
183 693 1
183 811 1
183 978 1
184 257 1
184 337 1
184 444 1
184 533 1
184 655 1
184 683 1
184 699 1
184 775 1
184 948 1
184 973 1
184 995 1
185 272 1
185 275 1
185 639 1
185 751 1
185 781 1
185 786 1
186 236 1
186 251 1
186 437 1
186 605 1
186 624 1
186 651 1
186 671 1
186 727 1
186 828 1
186 837 1
186 907 1
186 924 1
187 238 1
187 325 1
187 372 1
187 446 1
187 534 1
187 611 1
187 741 1
187 759 1
187 861 1
187 933 1
188 223 1
188 237 1
188 251 1
188 332 1
188 352 1
188 534 1
188 749 1
188 750 1
188 798 1
188 874 1
188 909 1
188 945 1
188 977 1
189 306 1
189 331 1
189 374 1
189 528 1
189 650 1
189 731 1
189 987 1
189 992 1
190 204 1
190 217 1
190 319 1
190 395 1
190 425 1
190 594 1
190 680 1
190 830 1
190 849 1
190 896 1
190 956 1
191 467 1
191 652 1
191 771 1
191 783 1
191 794 1
191 932 1
192 207 1
192 437 1
192 623 1
192 682 1
192 748 1
193 262 1
193 460 1
193 667 1
193 722 1
193 828 1
193 842 1
193 933 1
193 995 1
194 249 1
194 288 1
194 386 1
194 458 1
194 496 1
194 641 1
194 657 1
194 688 1
194 701 1
194 712 1
194 732 1
194 740 1
194 748 1
194 842 1
195 240 1
195 307 1
195 594 1
195 675 1
195 710 1
195 779 1
196 235 1
196 247 1
196 435 1
196 467 1
196 585 1
196 839 1
196 967 1
197 348 1
197 375 1
197 540 1
197 748 1
197 987 1
198 547 1
198 744 1
198 835 1
198 859 1
199 262 1
199 638 1
199 696 1
199 795 1
199 857 1
199 884 1
199 966 1
200 201 1
200 231 1
200 393 1
200 788 1
200 877 1
200 982 1
201 284 1
201 334 1
201 656 1
201 673 1
201 674 1
201 819 1
201 901 1
201 972 1
202 329 1
202 592 1
202 822 1
202 903 1
202 944 1
202 972 1
203 365 1
203 822 1
203 827 1
204 241 1
204 261 1
204 371 1
204 408 1
204 481 1
204 520 1
205 256 1
205 410 1
205 420 1
205 576 1
205 767 1
205 799 1
205 870 1
206 244 1
206 461 1
206 499 1
206 578 1
206 619 1
206 677 1
206 755 1
206 914 1
207 280 1
207 751 1
207 779 1
207 828 1
207 945 1
208 331 1
208 431 1
208 459 1
208 464 1
208 506 1
208 618 1
208 639 1
208 700 1
208 724 1
208 922 1
208 971 1
208 973 1
208 987 1
209 366 1
209 410 1
209 423 1
209 449 1
209 465 1
209 468 1
209 477 1
209 547 1
209 731 1
209 764 1
210 341 1
210 343 1
210 528 1
210 573 1
210 574 1
210 770 1
210 806 1
210 906 1
210 979 1
211 309 1
211 514 1
211 718 1
211 745 1
211 930 1
212 369 1
212 449 1
212 676 1
212 747 1
212 922 1
212 925 1
213 279 1
213 386 1
213 624 1
213 776 1
213 853 1
214 228 1
214 233 1
214 433 1
214 713 1
214 775 1
214 783 1
214 936 1
215 227 1
215 342 1
215 397 1
215 406 1
215 425 1
215 589 1
215 624 1
215 672 1
215 768 1
215 861 1
215 889 1
216 523 1
216 623 1
217 236 1
217 294 1
217 969 1
218 276 1
218 405 1
218 444 1
218 924 1
219 318 1
219 665 1
219 758 1
219 777 1
219 943 1
220 245 1
220 297 1
220 311 1
220 314 1
220 347 1
220 504 1
220 589 1
220 798 1
220 855 1
220 943 1
221 294 1
221 591 1
221 884 1
221 888 1
221 984 1
222 324 1
222 326 1
222 558 1
222 563 1
222 665 1
222 680 1
222 743 1
222 858 1
222 914 1
222 966 1
223 257 1
223 308 1
223 377 1
223 441 1
223 495 1
223 580 1
223 624 1
223 742 1
223 871 1
223 873 1
223 951 1
224 516 1
224 548 1
224 894 1
224 949 1
225 297 1
225 330 1
225 617 1
225 652 1
226 313 1
226 357 1
226 433 1
226 506 1
226 516 1
226 581 1
226 636 1
226 722 1
226 965 1
226 995 1
227 480 1
227 608 1
227 813 1
227 896 1
228 303 1
228 354 1
228 379 1
228 428 1
228 689 1
228 809 1
228 917 1
229 249 1
229 374 1
229 536 1
229 682 1
229 745 1
229 926 1
229 945 1
229 963 1
230 306 1
230 514 1
230 651 1
230 670 1
230 701 1
230 713 1
230 814 1
230 870 1
231 342 1
231 508 1
231 517 1
231 539 1
231 891 1
232 259 1
232 273 1
232 305 1
232 483 1
232 552 1
232 555 1
232 620 1
232 653 1
232 666 1
232 691 1
232 988 1
233 338 1
233 520 1
233 545 1
233 569 1
233 660 1
233 720 1
233 739 1
233 854 1
233 858 1
234 375 1
234 457 1
234 639 1
234 767 1
235 392 1
235 406 1
235 493 1
235 498 1
235 677 1
235 822 1
235 866 1
235 922 1
235 979 1
236 367 1
236 459 1
236 537 1
236 543 1
236 572 1
236 598 1
236 603 1
236 668 1
236 679 1
236 784 1
237 303 1
237 387 1
237 409 1
237 435 1
237 479 1
237 599 1
237 653 1
237 683 1
237 692 1
237 984 1
237 996 1
238 731 1
238 767 1
238 772 1
238 993 1
239 411 1
239 511 1
239 514 1
239 877 1
239 896 1
240 450 1
240 522 1
240 527 1
240 682 1
240 685 1
240 719 1
240 726 1
240 738 1
240 775 1
240 782 1
240 939 1
241 508 1
241 641 1
241 690 1
241 760 1
241 786 1
241 951 1
242 246 1
242 594 1
242 598 1
242 705 1
242 713 1
242 771 1
242 863 1
242 872 1
242 909 1
242 910 1
242 925 1
242 995 1
243 406 1
243 424 1
243 474 1
243 623 1
243 624 1
243 636 1
243 642 1
243 688 1
243 855 1
243 887 1
243 950 1
244 548 1
244 592 1
244 710 1
244 777 1
244 779 1
244 916 1
244 967 1
245 551 1
245 600 1
245 610 1
245 894 1
246 253 1
246 263 1
246 384 1
246 432 1
246 456 1
246 485 1
246 535 1
246 630 1
246 642 1
246 692 1
246 799 1
246 888 1
246 990 1
247 253 1
247 425 1
247 686 1
247 756 1
247 886 1
247 951 1
247 963 1
248 347 1
248 383 1
248 402 1
248 505 1
248 575 1
248 652 1
248 987 1
249 331 1
249 411 1
249 440 1
249 553 1
249 886 1
250 294 1
250 435 1
250 634 1
250 695 1
250 767 1
250 869 1
250 935 1
250 948 1
250 987 1
251 348 1
251 524 1
251 537 1
251 628 1
251 643 1
252 280 1
252 352 1
252 379 1
252 415 1
252 495 1
252 572 1
252 675 1
252 869 1
252 892 1
253 263 1
253 288 1
253 519 1
253 593 1
253 624 1
253 684 1
253 696 1
253 707 1
253 772 1
253 843 1
253 868 1
253 896 1
254 411 1
254 658 1
254 666 1
254 726 1
254 829 1
255 406 1
255 448 1
255 476 1
255 495 1
255 612 1
255 617 1
255 707 1
255 815 1
255 817 1
255 825 1
256 396 1
256 536 1
256 709 1
256 788 1
256 816 1
256 819 1
257 516 1
257 848 1
257 997 1
258 289 1
258 337 1
258 362 1
258 392 1
258 441 1
258 571 1
258 626 1
258 653 1
258 692 1
258 708 1
258 737 1
258 753 1
258 780 1
258 922 1
258 939 1
259 349 1
259 534 1
259 727 1
259 838 1
259 964 1
260 316 1
260 425 1
260 563 1
260 703 1
260 914 1
260 992 1
261 352 1
261 377 1
261 381 1
261 456 1
261 597 1
261 632 1
261 780 1
261 872 1
262 625 1
262 658 1
262 674 1
262 750 1
262 751 1
262 772 1
262 835 1
263 499 1
263 522 1
263 605 1
263 747 1
263 920 1
263 938 1
263 990 1
264 600 1
264 607 1
264 921 1
265 346 1
265 426 1
265 674 1
265 770 1
265 901 1
266 289 1
266 384 1
266 394 1
266 430 1
266 440 1
266 456 1
266 542 1
266 551 1
266 722 1
266 723 1
266 775 1
266 914 1
266 973 1
266 993 1
266 994 1
267 454 1
267 477 1
267 584 1
267 639 1
267 668 1
267 814 1
267 843 1
267 867 1
267 884 1
268 702 1
268 792 1
268 837 1
268 872 1
268 934 1
268 985 1
269 281 1
269 359 1
269 424 1
269 727 1
269 746 1
270 295 1
270 481 1
270 551 1
270 825 1
270 941 1
270 971 1
270 984 1
271 690 1
271 777 1
272 460 1
272 479 1
272 562 1
272 586 1
272 788 1
272 925 1
272 989 1
272 991 1
273 303 1
273 325 1
273 352 1
273 383 1
273 410 1
273 575 1
273 592 1
273 619 1
274 372 1
274 454 1
274 466 1
274 503 1
274 534 1
274 576 1
274 687 1
274 692 1
275 487 1
275 492 1
275 567 1
275 618 1
275 781 1
275 939 1
276 333 1
276 448 1
276 564 1
276 645 1
276 693 1
276 746 1
276 766 1
276 858 1
276 864 1
276 887 1
276 954 1
277 339 1
277 404 1
277 455 1
277 476 1
277 715 1
277 744 1
277 799 1
277 889 1
277 891 1
278 435 1
278 466 1
278 480 1
278 522 1
278 694 1
278 704 1
278 789 1
278 952 1
279 436 1
279 536 1
279 566 1
279 573 1
279 609 1
279 617 1
279 795 1
279 910 1
280 338 1
280 355 1
280 408 1
280 413 1
280 491 1
280 529 1
280 563 1
280 748 1
280 869 1
280 922 1
281 317 1
281 372 1
281 395 1
281 410 1
281 461 1
281 763 1
281 767 1
281 809 1
281 811 1
281 879 1
281 915 1
282 305 1
282 491 1
282 494 1
282 515 1
282 627 1
282 703 1
282 755 1
282 851 1
282 857 1
282 983 1
282 996 1
283 363 1
283 429 1
283 435 1
283 632 1
283 640 1
283 670 1
284 332 1
284 350 1
284 358 1
284 525 1
284 536 1
284 645 1
284 651 1
284 926 1
285 469 1
285 622 1
285 626 1
285 714 1
285 781 1
285 821 1
285 858 1
285 951 1
286 366 1
286 430 1
286 504 1
286 755 1
286 795 1
286 811 1
286 850 1
286 878 1
287 299 1
287 516 1
287 548 1
287 692 1
287 704 1
287 729 1
287 757 1
287 885 1
287 893 1
287 991 1
288 408 1
288 568 1
288 606 1
288 736 1
289 563 1
289 646 1
289 675 1
289 833 1
289 840 1
289 926 1
289 949 1
290 303 1
290 476 1
290 603 1
290 612 1
290 757 1
291 373 1
291 498 1
291 686 1
291 917 1
291 967 1
291 1000 1
292 368 1
292 574 1
292 628 1
292 648 1
293 373 1
293 512 1
293 524 1
293 604 1
293 627 1
293 811 1
294 346 1
294 544 1
294 548 1
294 590 1
294 778 1
294 785 1
294 887 1
294 923 1
295 316 1
295 470 1
295 572 1
295 580 1
295 793 1
295 974 1
295 997 1
296 304 1
296 325 1
296 347 1
296 367 1
296 474 1
296 636 1
296 649 1
296 715 1
296 801 1
296 958 1
297 316 1
297 317 1
297 421 1
297 468 1
297 499 1
297 505 1
297 527 1
297 552 1
297 680 1
297 848 1
297 990 1
298 309 1
298 352 1
298 377 1
298 588 1
298 610 1
298 759 1
298 834 1
298 962 1
299 347 1
299 353 1
299 364 1
299 420 1
299 442 1
299 444 1
299 453 1
299 630 1
299 756 1
299 806 1
299 861 1
299 873 1
300 476 1
300 597 1
300 703 1
300 704 1
300 730 1
300 829 1
300 931 1
301 409 1
302 320 1
302 374 1
302 494 1
302 532 1
302 596 1
302 716 1
302 808 1
302 858 1
302 957 1
303 383 1
303 431 1
303 462 1
303 538 1
303 682 1
303 794 1
304 358 1
304 437 1
304 455 1
304 504 1
304 721 1
305 466 1
305 681 1
305 682 1
305 879 1
305 974 1
306 445 1
306 559 1
306 580 1
306 813 1
306 818 1
306 849 1
306 913 1
306 932 1
306 960 1
307 379 1
307 393 1
307 493 1
307 495 1
307 547 1
307 564 1
307 635 1
307 653 1
307 699 1
307 985 1
308 361 1
308 923 1
309 359 1
309 380 1
309 448 1
309 676 1
309 865 1
310 364 1
310 842 1
310 886 1
311 343 1
311 437 1
311 549 1
311 625 1
311 691 1
311 692 1
312 373 1
312 531 1
312 880 1
313 341 1
313 521 1
313 564 1
313 582 1
313 606 1
313 814 1
313 963 1
314 327 1
314 354 1
314 489 1
314 531 1
314 616 1
314 656 1
314 728 1
314 762 1
314 913 1
314 964 1
314 967 1
314 971 1
314 974 1
315 336 1
315 527 1
315 664 1
315 900 1
316 321 1
316 446 1
316 468 1
316 532 1
316 562 1
316 582 1
316 736 1
316 929 1
316 942 1
317 586 1
317 606 1
317 736 1
317 817 1
317 829 1
318 629 1
318 678 1
318 858 1
318 888 1
319 468 1
319 558 1
319 764 1
319 768 1
320 371 1
320 893 1
320 986 1
321 340 1
321 440 1
321 610 1
321 691 1
321 805 1
321 806 1
321 811 1
321 892 1
321 958 1
322 458 1
322 564 1
322 833 1
322 878 1
323 385 1
323 488 1
323 495 1
323 557 1
323 623 1
323 661 1
323 804 1
323 814 1
323 850 1
323 1000 1
324 800 1
324 881 1
324 905 1
324 951 1
325 347 1
325 481 1
325 934 1
326 359 1
326 374 1
326 430 1
326 476 1
326 479 1
326 812 1
326 869 1
327 379 1
327 446 1
327 542 1
327 841 1
328 357 1
328 470 1
328 545 1
328 636 1
328 757 1
328 970 1
328 1000 1
329 418 1
329 449 1
329 539 1
329 600 1
329 691 1
329 901 1
330 463 1
330 490 1
330 503 1
330 715 1
330 816 1
330 851 1
331 428 1
331 492 1
332 392 1
332 405 1
332 544 1
332 573 1
332 607 1
332 608 1
332 617 1
333 348 1
333 365 1
333 437 1
333 494 1
333 516 1
333 565 1
333 595 1
334 358 1
334 476 1
334 572 1
334 614 1
334 999 1
335 361 1
335 470 1
335 533 1
335 543 1
335 552 1
335 609 1
335 664 1
335 679 1
335 745 1
335 790 1
335 794 1
336 446 1
336 469 1
336 476 1
336 723 1
336 816 1
336 851 1
337 372 1
337 383 1
337 477 1
337 722 1
337 728 1
337 871 1
337 951 1
338 365 1
338 590 1
338 676 1
338 861 1
339 484 1
339 486 1
339 546 1
339 617 1
339 773 1
339 811 1
339 970 1
339 990 1
340 474 1
340 582 1
340 583 1
340 645 1
340 682 1
340 734 1
340 735 1
340 900 1
341 368 1
341 639 1
341 750 1
341 781 1
341 792 1
341 987 1
341 999 1
342 407 1
342 438 1
342 603 1
342 634 1
342 643 1
342 703 1
342 758 1
342 776 1
342 777 1
342 847 1
342 853 1
343 358 1
343 372 1
343 775 1
343 907 1
343 972 1
344 387 1
344 494 1
344 662 1
344 665 1
344 692 1
344 734 1
344 961 1
345 451 1
345 493 1
345 613 1
345 677 1
345 748 1
345 872 1
345 927 1
345 998 1
346 523 1
346 524 1
346 587 1
346 633 1
346 759 1
346 842 1
346 889 1
346 949 1
346 967 1
347 350 1
347 358 1
347 484 1
347 523 1
347 671 1
347 676 1
347 732 1
347 747 1
347 849 1
347 915 1
348 398 1
348 577 1
348 637 1
348 681 1
348 691 1
348 888 1
349 365 1
349 478 1
349 496 1
349 881 1
349 952 1
350 456 1
350 517 1
350 660 1
350 793 1
350 857 1
351 419 1
351 504 1
351 673 1
351 791 1
351 799 1
351 811 1
351 816 1
352 567 1
352 569 1
352 587 1
352 616 1
352 776 1
352 823 1
352 861 1
352 881 1
352 987 1
353 357 1
353 388 1
353 556 1
353 590 1
353 645 1
353 702 1
353 718 1
353 747 1
353 779 1
353 801 1
353 893 1
354 378 1
354 641 1
354 675 1
354 702 1
354 732 1
354 907 1
354 997 1
355 580 1
355 749 1
355 827 1
355 849 1
355 858 1
355 976 1
356 514 1
356 782 1
356 884 1
357 459 1
357 528 1
357 753 1
357 802 1
359 437 1
359 483 1
359 497 1
359 618 1
359 830 1
359 873 1
359 891 1
359 961 1
359 998 1
360 421 1
360 759 1
360 807 1
360 817 1
360 984 1
361 366 1
361 386 1
361 468 1
361 469 1
361 481 1
361 585 1
361 604 1
361 642 1
361 720 1
361 833 1
361 860 1
361 925 1
362 587 1
362 693 1
362 727 1
362 833 1
362 903 1
363 470 1
363 528 1
363 611 1
363 799 1
363 916 1
363 1000 1
364 462 1
364 568 1
364 679 1
364 990 1
365 559 1
365 581 1
365 632 1
365 639 1
365 689 1
365 699 1
365 802 1
365 838 1
365 929 1
365 973 1
366 520 1
366 739 1
366 775 1
366 903 1
366 925 1
366 963 1
366 983 1
367 507 1
367 570 1
367 576 1
367 750 1
367 829 1
367 882 1
368 443 1
368 476 1
368 496 1
368 614 1
368 619 1
368 749 1
368 805 1
368 822 1
368 829 1
368 979 1
369 435 1
369 618 1
369 728 1
369 992 1
370 452 1
370 463 1
370 498 1
370 723 1
370 735 1
370 857 1
370 910 1
370 933 1
370 989 1
371 397 1
371 480 1
371 486 1
371 546 1
371 674 1
371 726 1
371 760 1
371 919 1
371 933 1
371 944 1
371 979 1
372 409 1
372 495 1
372 554 1
372 589 1
372 600 1
372 744 1
372 776 1
372 820 1
372 917 1
372 966 1
373 375 1
373 394 1
373 574 1
373 579 1
373 659 1
373 717 1
373 796 1
373 864 1
373 906 1
374 398 1
374 427 1
374 445 1
374 516 1
374 552 1
374 568 1
374 594 1
374 662 1
374 702 1
374 748 1
374 762 1
374 792 1
374 804 1
374 814 1
375 445 1
375 565 1
375 630 1
375 730 1
375 862 1
376 424 1
376 445 1
376 471 1
376 602 1
376 668 1
376 789 1
377 488 1
377 569 1
377 571 1
377 722 1
378 387 1
378 428 1
378 763 1
378 865 1
378 870 1
378 970 1
379 627 1
379 670 1
379 870 1
380 448 1
380 482 1
380 859 1
380 911 1
380 923 1
380 962 1
381 416 1
381 468 1
381 497 1
381 501 1
381 504 1
381 527 1
381 537 1
381 612 1
381 824 1
381 912 1
381 917 1
381 977 1
381 987 1
382 687 1
382 695 1
382 710 1
382 919 1
383 411 1
383 537 1
383 680 1
383 719 1
383 796 1
383 814 1
383 895 1
383 955 1
383 990 1
384 996 1
385 647 1
385 710 1
385 862 1
385 868 1
386 396 1
386 398 1
386 426 1
386 485 1
386 536 1
386 805 1
386 825 1
386 827 1
387 663 1
387 773 1
387 933 1
387 983 1
388 429 1
388 784 1
388 801 1
388 833 1
388 996 1
389 429 1
389 573 1
389 645 1
389 650 1
389 698 1
389 761 1
389 767 1
389 920 1
390 445 1
390 495 1
390 519 1
390 611 1
390 638 1
390 697 1
390 720 1
390 805 1
390 816 1
390 863 1
390 961 1
391 406 1
391 407 1
391 427 1
391 438 1
391 527 1
391 538 1
391 543 1
391 544 1
391 550 1
391 602 1
391 643 1
391 710 1
391 852 1
391 947 1
392 397 1
392 682 1
392 699 1
392 743 1
392 750 1
392 782 1
392 803 1
392 817 1
392 884 1
392 934 1
392 952 1
393 541 1
393 569 1
393 677 1
393 684 1
393 726 1
393 822 1
393 831 1
393 864 1
393 937 1
394 598 1
394 717 1
394 742 1
394 777 1
394 787 1
394 918 1
394 967 1
395 537 1
395 624 1
395 721 1
395 852 1
395 969 1
396 431 1
396 799 1
396 915 1
397 571 1
397 807 1
397 820 1
397 913 1
398 413 1
398 604 1
398 631 1
398 632 1
398 655 1
398 690 1
398 695 1
398 871 1
398 921 1
398 963 1
399 424 1
399 492 1
399 892 1
400 652 1
400 737 1
400 795 1
400 964 1
401 431 1
401 689 1
402 417 1
402 472 1
402 506 1
402 584 1
402 602 1
402 906 1
403 471 1
404 844 1
404 896 1
404 949 1
405 429 1
405 545 1
405 597 1
405 815 1
406 483 1
406 484 1
406 645 1
406 674 1
406 717 1
406 871 1
406 994 1
407 554 1
407 577 1
407 631 1
407 814 1
407 962 1
407 971 1
408 513 1
408 557 1
408 803 1
408 847 1
408 886 1
409 532 1
409 547 1
409 566 1
409 576 1
409 803 1
409 840 1
410 533 1
410 991 1
411 472 1
411 636 1
411 726 1
411 731 1
411 756 1
411 823 1
411 911 1
411 953 1
412 444 1
412 519 1
412 520 1
412 528 1
412 701 1
412 751 1
412 928 1
412 954 1
413 429 1
413 527 1
413 755 1
413 774 1
413 802 1
413 954 1
414 453 1
414 554 1
414 611 1
414 630 1
414 632 1
414 815 1
415 598 1
415 788 1
416 549 1
416 565 1
416 568 1
416 592 1
416 596 1
416 605 1
416 671 1
417 435 1
417 443 1
417 596 1
417 654 1
417 679 1
417 701 1
417 790 1
417 972 1
418 576 1
418 743 1
418 844 1
418 893 1
419 698 1
419 716 1
419 832 1
419 839 1
419 947 1
420 463 1
420 552 1
420 619 1
420 712 1
420 777 1
420 810 1
420 862 1
420 972 1
421 550 1
421 580 1
422 729 1
422 835 1
423 508 1
423 522 1
423 528 1
423 558 1
423 576 1
424 439 1
424 528 1
424 585 1
424 648 1
424 713 1
424 845 1
424 879 1
424 998 1
425 470 1
425 477 1
425 630 1
425 872 1
426 433 1
426 447 1
426 600 1
426 657 1
426 676 1
426 868 1
426 1000 1
427 433 1
427 547 1
427 589 1
427 811 1
427 930 1
427 939 1
427 948 1
427 994 1
428 658 1
428 674 1
428 714 1
428 762 1
428 808 1
428 820 1
428 836 1
428 960 1
428 986 1
429 584 1
429 596 1
429 651 1
429 676 1
430 671 1
430 899 1
431 449 1
431 571 1
431 747 1
431 770 1
431 776 1
431 854 1
431 969 1
432 703 1
432 768 1
433 547 1
433 558 1
433 653 1
433 826 1
434 455 1
434 763 1
434 806 1
434 990 1
435 599 1
435 685 1
435 773 1
435 786 1
436 511 1
436 563 1
436 698 1
436 728 1
436 816 1
436 986 1
437 508 1
437 571 1
437 587 1
437 594 1
437 599 1
437 697 1
437 722 1
437 741 1
437 767 1
437 800 1
437 809 1
438 625 1
438 637 1
438 652 1
438 724 1
438 755 1
438 768 1
438 978 1
439 447 1
439 490 1
439 491 1
439 519 1
439 539 1
439 589 1
439 729 1
439 807 1
439 841 1
440 637 1
440 682 1
440 882 1
441 442 1
441 463 1
441 554 1
441 743 1
441 806 1
441 922 1
442 480 1
442 486 1
442 522 1
442 599 1
442 914 1
442 975 1
443 549 1
443 582 1
443 670 1
443 747 1
443 754 1
443 821 1
443 839 1
443 874 1
443 902 1
443 999 1
444 481 1
444 539 1
444 587 1
444 643 1
444 690 1
444 749 1
444 780 1
444 827 1
445 474 1
445 586 1
445 731 1
445 744 1
445 783 1
445 808 1
445 931 1
446 892 1
447 588 1
447 625 1
447 697 1
447 751 1
447 803 1
447 845 1
448 572 1
448 638 1
448 696 1
448 799 1
448 852 1
448 918 1
449 636 1
449 694 1
449 880 1
449 917 1
449 984 1
450 755 1
450 836 1
450 863 1
450 990 1
451 582 1
451 594 1
451 616 1
452 624 1
452 643 1
452 700 1
452 715 1
452 811 1
452 858 1
452 877 1
452 893 1
453 500 1
453 661 1
453 929 1
453 963 1
453 974 1
453 998 1
454 468 1
454 488 1
454 600 1
454 610 1
454 805 1
454 878 1
455 518 1
455 624 1
455 845 1
455 876 1
455 904 1
456 482 1
456 623 1
456 683 1
456 718 1
456 858 1
456 883 1
456 945 1
457 539 1
457 567 1
457 667 1
457 756 1
457 850 1
457 898 1
458 617 1
458 742 1
458 819 1
458 831 1
458 906 1
458 911 1
458 935 1
459 515 1
459 544 1
459 672 1
459 743 1
459 759 1
459 827 1
460 461 1
460 570 1
460 619 1
460 755 1
460 866 1
460 891 1
461 599 1
461 612 1
461 683 1
461 714 1
461 772 1
461 875 1
461 890 1
462 502 1
462 602 1
462 807 1
462 925 1
463 514 1
463 565 1
463 668 1
463 837 1
463 972 1
464 498 1
464 501 1
464 589 1
464 788 1
464 909 1
464 960 1
465 658 1
465 665 1
465 754 1
465 791 1
465 922 1
465 946 1
466 473 1
466 488 1
466 742 1
466 970 1
467 738 1
467 978 1
468 520 1
468 524 1
468 571 1
468 635 1
468 682 1
468 686 1
468 819 1
468 882 1
469 542 1
469 750 1
469 901 1
469 943 1
470 481 1
470 509 1
470 750 1
470 904 1
470 973 1
470 997 1
471 497 1
471 601 1
471 740 1
471 758 1
471 803 1
471 823 1
471 826 1
471 920 1
471 926 1
472 495 1
472 518 1
472 610 1
472 944 1
473 513 1
473 621 1
473 820 1
473 952 1
473 956 1
474 576 1
474 808 1
474 840 1
475 711 1
475 842 1
476 532 1
476 645 1
476 828 1
476 946 1
476 975 1
477 574 1
477 596 1
477 608 1
477 637 1
477 737 1
477 784 1
477 990 1
478 541 1
478 631 1
478 729 1
478 789 1
478 917 1
478 969 1
479 527 1
479 598 1
479 922 1
479 980 1
480 614 1
480 699 1
480 814 1
480 864 1
480 930 1
481 501 1
481 537 1
481 718 1
481 721 1
481 833 1
481 944 1
481 945 1
481 953 1
481 967 1
482 510 1
482 553 1
482 663 1
482 666 1
482 750 1
482 956 1
483 512 1
483 540 1
483 829 1
483 875 1
483 902 1
484 503 1
484 703 1
484 706 1
485 525 1
485 676 1
485 944 1
485 980 1
486 565 1
486 597 1
486 607 1
486 616 1
486 659 1
486 839 1
486 858 1
486 911 1
486 917 1
486 980 1
487 767 1
487 790 1
487 800 1
487 915 1
487 921 1
487 964 1
488 936 1
488 937 1
489 565 1
489 593 1
489 765 1
489 953 1
489 979 1
490 500 1
490 556 1
490 562 1
490 631 1
490 713 1
490 772 1
490 824 1
490 919 1
491 619 1
491 802 1
491 874 1
491 937 1
492 563 1
492 608 1
492 660 1
492 705 1
493 500 1
493 523 1
493 564 1
493 576 1
493 842 1
493 861 1
493 999 1
494 571 1
494 989 1
494 992 1
495 518 1
495 549 1
495 570 1
495 621 1
495 631 1
495 737 1
495 767 1
495 840 1
495 925 1
495 985 1
496 510 1
496 598 1
496 729 1
496 995 1
497 562 1
497 577 1
497 695 1
497 861 1
497 977 1
498 576 1
498 595 1
498 670 1
498 692 1
498 721 1
498 722 1
498 752 1
498 953 1
499 573 1
499 601 1
499 627 1
499 677 1
499 742 1
499 837 1
499 877 1
499 995 1
500 843 1
500 920 1
500 946 1
500 974 1
500 984 1
500 997 1
501 537 1
501 570 1
501 667 1
501 669 1
501 717 1
501 804 1
501 868 1
501 882 1
501 965 1
502 530 1
502 708 1
502 877 1
503 513 1
503 528 1
503 648 1
503 766 1
503 768 1
503 781 1
503 847 1
503 946 1
503 959 1
504 522 1
504 538 1
504 592 1
504 663 1
504 705 1
504 864 1
505 506 1
505 575 1
505 703 1
505 710 1
505 730 1
505 737 1
505 880 1
506 589 1
506 764 1
506 789 1
506 875 1
506 879 1
507 563 1
507 709 1
507 914 1
507 941 1
507 960 1
508 533 1
508 584 1
508 657 1
508 728 1
509 518 1
509 589 1
509 716 1
509 765 1
510 588 1
510 788 1
510 844 1
510 868 1
510 878 1
511 522 1
511 666 1
511 689 1
512 557 1
512 720 1
512 852 1
512 988 1
513 564 1
513 693 1
513 771 1
513 845 1
513 984 1
514 533 1
514 540 1
514 801 1
515 686 1
515 765 1
515 770 1
515 802 1
516 841 1
516 885 1
516 900 1
516 969 1
517 525 1
517 643 1
517 885 1
517 893 1
518 621 1
518 660 1
518 714 1
518 730 1
518 792 1
518 909 1
518 920 1
518 950 1
519 521 1
519 616 1
519 657 1
519 661 1
519 767 1
519 794 1
520 575 1
520 667 1
520 696 1
520 761 1
520 800 1
520 945 1
520 957 1
521 596 1
521 604 1
521 792 1
521 954 1
522 605 1
522 815 1
522 851 1
522 958 1
523 663 1
523 841 1
523 986 1
524 531 1
524 535 1
524 601 1
524 668 1
524 690 1
524 691 1
524 738 1
524 910 1
524 921 1
524 929 1
524 968 1
524 973 1
525 709 1
525 791 1
525 818 1
525 894 1
525 898 1
525 969 1
526 602 1
526 636 1
526 656 1
526 785 1
526 869 1
527 593 1
527 680 1
527 685 1
527 805 1
527 826 1
527 946 1
528 751 1
528 796 1
528 812 1
529 703 1
529 766 1
529 878 1
529 932 1
530 598 1
530 833 1
530 923 1
530 932 1
531 577 1
531 624 1
531 627 1
531 928 1
532 563 1
532 849 1
533 534 1
533 775 1
533 802 1
533 829 1
533 887 1
533 931 1
534 663 1
534 681 1
534 920 1
535 536 1
535 645 1
535 686 1
535 714 1
535 723 1
536 888 1
537 558 1
537 585 1
537 598 1
537 676 1
537 941 1
538 587 1
538 982 1
539 583 1
539 636 1
539 666 1
539 692 1
539 714 1
539 718 1
539 799 1
539 868 1
540 689 1
540 743 1
540 761 1
540 837 1
540 964 1
541 819 1
541 935 1
541 947 1
542 555 1
542 663 1
542 813 1
542 858 1
543 605 1
543 708 1
543 892 1
544 571 1
544 738 1
544 857 1
544 925 1
545 737 1
545 898 1
546 589 1
546 629 1
546 634 1
546 761 1
546 846 1
546 883 1
546 902 1
546 985 1
547 629 1
547 780 1
547 844 1
547 987 1
548 649 1
548 734 1
548 816 1
548 853 1
548 923 1
549 582 1
549 683 1
549 770 1
549 823 1
550 606 1
550 673 1
550 742 1
550 763 1
551 680 1
551 718 1
551 892 1
551 953 1
552 580 1
553 764 1
553 807 1
553 821 1
553 827 1
553 931 1
554 602 1
554 739 1
554 819 1
554 906 1
555 577 1
555 607 1
555 627 1
555 749 1
555 780 1
555 957 1
556 649 1
556 652 1
556 686 1
556 751 1
557 585 1
557 740 1
557 783 1
557 882 1
558 594 1
558 697 1
558 700 1
558 808 1
558 979 1
558 999 1
559 758 1
559 851 1
559 976 1
561 656 1
561 768 1
561 997 1
562 600 1
562 812 1
562 826 1
562 876 1
562 912 1
563 675 1
563 769 1
563 886 1
563 908 1
564 647 1
564 904 1
565 632 1
565 864 1
565 921 1
566 789 1
566 806 1
566 821 1
566 905 1
566 918 1
566 940 1
567 610 1
567 662 1
567 672 1
567 771 1
567 826 1
567 854 1
568 610 1
568 689 1
568 806 1
568 866 1
568 888 1
568 993 1
569 630 1
569 702 1
569 745 1
570 589 1
570 616 1
570 717 1
571 580 1
571 675 1
571 828 1
571 843 1
571 862 1
571 899 1
571 923 1
571 924 1
573 626 1
573 680 1
573 702 1
573 713 1
573 714 1
573 756 1
573 784 1
573 942 1
574 617 1
574 700 1
574 883 1
574 904 1
575 578 1
575 869 1
576 646 1
576 657 1
576 748 1
576 831 1
577 731 1
577 762 1
577 833 1
578 685 1
578 739 1
578 820 1
578 846 1
578 922 1
579 643 1
579 694 1
579 723 1
579 773 1
579 855 1
579 988 1
580 613 1
580 857 1
581 603 1
581 607 1
581 693 1
581 893 1
582 763 1
582 788 1
582 930 1
583 725 1
583 768 1
583 807 1
583 885 1
584 700 1
584 706 1
584 771 1
584 860 1
584 920 1
585 636 1
585 679 1
585 813 1
585 818 1
585 882 1
586 757 1
586 894 1
587 620 1
587 781 1
587 872 1
588 737 1
588 936 1
588 956 1
589 686 1
589 744 1
589 767 1
589 892 1
590 695 1
590 723 1
590 873 1
590 939 1
590 955 1
590 970 1
591 852 1
591 914 1
591 959 1
592 666 1
592 734 1
592 770 1
592 837 1
592 859 1
592 901 1
592 988 1
593 732 1
593 816 1
593 841 1
593 927 1
593 994 1
594 641 1
594 659 1
594 920 1
594 986 1
595 826 1
595 866 1
595 910 1
595 953 1
596 663 1
596 915 1
596 944 1
596 956 1
597 615 1
597 636 1
597 877 1
597 996 1
598 620 1
598 708 1
598 713 1
599 744 1
599 917 1
599 942 1
599 945 1
600 798 1
600 806 1
600 898 1
601 921 1
601 956 1
601 973 1
602 724 1
602 911 1
602 914 1
602 920 1
603 650 1
603 692 1
603 787 1
603 889 1
604 635 1
604 651 1
604 932 1
605 716 1
605 796 1
606 678 1
606 920 1
606 925 1
607 679 1
607 846 1
607 984 1
608 650 1
608 654 1
608 708 1
608 728 1
608 752 1
608 790 1
608 944 1
609 694 1
609 715 1
609 789 1
609 863 1
609 924 1
610 685 1
610 759 1
611 660 1
611 801 1
611 959 1
612 814 1
613 712 1
613 720 1
613 762 1
613 903 1
614 625 1
614 626 1
614 677 1
614 917 1
615 763 1
615 821 1
615 827 1
616 667 1
616 719 1
616 723 1
616 867 1
616 889 1
617 644 1
617 767 1
617 833 1
617 850 1
617 897 1
618 695 1
618 715 1
618 844 1
618 884 1
618 974 1
619 661 1
619 691 1
619 771 1
619 838 1
619 950 1
619 965 1
619 972 1
620 761 1
620 941 1
620 979 1
621 629 1
621 659 1
621 667 1
621 742 1
621 762 1
621 784 1
621 805 1
621 851 1
621 869 1
622 780 1
622 964 1
623 665 1
623 896 1
623 914 1
623 949 1
624 813 1
624 988 1
625 645 1
625 736 1
625 771 1
625 838 1
625 917 1
626 684 1
626 814 1
627 767 1
627 837 1
628 760 1
628 863 1
629 633 1
629 708 1
629 737 1
629 783 1
629 963 1
630 660 1
630 735 1
630 770 1
630 773 1
630 874 1
630 958 1
630 972 1
631 716 1
631 931 1
632 895 1
632 911 1
632 937 1
633 651 1
633 705 1
633 754 1
633 822 1
633 838 1
633 932 1
633 965 1
634 723 1
634 728 1
634 766 1
634 943 1
634 960 1
635 764 1
635 971 1
636 747 1
636 991 1
637 812 1
637 967 1
638 716 1
638 731 1
638 854 1
638 864 1
638 886 1
639 696 1
639 760 1
639 810 1
639 828 1
639 876 1
639 886 1
639 910 1
639 983 1
640 694 1
640 808 1
640 1000 1
641 661 1
641 670 1
641 693 1
641 732 1
641 843 1
641 891 1
642 714 1
642 719 1
642 748 1
642 958 1
643 650 1
643 772 1
643 825 1
644 882 1
645 656 1
645 709 1
645 953 1
645 962 1
645 981 1
646 680 1
646 741 1
646 785 1
646 818 1
646 821 1
646 990 1
647 739 1
647 822 1
648 694 1
648 796 1
648 831 1
648 845 1
649 684 1
649 685 1
649 727 1
649 855 1
649 902 1
650 776 1
650 846 1
650 885 1
650 898 1
650 987 1
651 840 1
651 913 1
651 962 1
652 904 1
652 952 1
652 966 1
652 972 1
652 980 1
652 983 1
653 725 1
653 740 1
654 744 1
654 936 1
655 838 1
655 897 1
655 994 1
655 999 1
656 766 1
656 895 1
656 962 1
656 985 1
657 841 1
657 855 1
657 938 1
658 684 1
658 913 1
658 948 1
658 985 1
659 707 1
660 683 1
660 747 1
660 890 1
660 906 1
660 931 1
660 965 1
660 997 1
661 668 1
661 696 1
662 911 1
662 925 1
662 931 1
663 695 1
663 893 1
663 996 1
664 925 1
665 685 1
665 860 1
665 890 1
666 736 1
666 823 1
666 888 1
666 907 1
667 694 1
667 697 1
667 998 1
668 727 1
668 926 1
668 976 1
669 693 1
669 699 1
669 778 1
669 797 1
669 977 1
670 896 1
670 899 1
670 960 1
670 983 1
670 988 1
671 836 1
672 718 1
672 879 1
672 908 1
672 910 1
673 679 1
673 691 1
673 706 1
673 740 1
673 838 1
674 678 1
674 679 1
674 751 1
674 767 1
674 773 1
674 831 1
674 948 1
675 914 1
675 920 1
676 920 1
677 696 1
677 890 1
677 943 1
677 951 1
678 721 1
678 791 1
678 820 1
679 704 1
679 877 1
679 884 1
679 996 1
680 885 1
680 941 1
680 965 1
681 683 1
681 718 1
681 888 1
682 736 1
682 793 1
682 829 1
682 880 1
682 931 1
683 836 1
684 795 1
684 801 1
684 807 1
684 854 1
684 915 1
684 967 1
684 990 1
685 708 1
686 703 1
686 782 1
686 804 1
686 879 1
686 945 1
686 997 1
687 752 1
687 852 1
688 860 1
689 765 1
689 785 1
689 818 1
691 792 1
691 833 1
692 756 1
692 787 1
692 804 1
692 882 1
692 891 1
694 810 1
694 928 1
695 713 1
695 785 1
695 795 1
695 879 1
696 739 1
696 822 1
696 931 1
696 951 1
697 961 1
698 834 1
698 839 1
698 929 1
699 797 1
699 915 1
700 885 1
700 911 1
701 738 1
701 743 1
701 751 1
701 757 1
701 765 1
701 829 1
702 715 1
702 849 1
702 857 1
702 860 1
702 983 1
703 879 1
704 706 1
704 912 1
704 956 1
705 955 1
705 995 1
706 863 1
707 839 1
707 873 1
707 905 1
707 937 1
707 940 1
708 710 1
708 784 1
708 794 1
708 818 1
708 829 1
708 850 1
708 977 1
709 730 1
709 764 1
709 785 1
709 797 1
709 867 1
709 984 1
709 990 1
710 766 1
710 986 1
711 775 1
711 820 1
711 843 1
711 990 1
712 895 1
712 918 1
712 978 1
712 986 1
712 990 1
712 1000 1
713 757 1
713 842 1
714 756 1
714 838 1
714 849 1
715 723 1
715 747 1
715 757 1
715 887 1
715 917 1
716 785 1
716 816 1
716 852 1
716 868 1
717 748 1
717 976 1
718 798 1
718 827 1
718 911 1
719 745 1
720 870 1
720 894 1
720 899 1
720 932 1
721 814 1
721 904 1
721 958 1
721 1000 1
722 872 1
722 934 1
723 996 1
724 753 1
724 820 1
724 841 1
724 895 1
724 911 1
724 974 1
725 745 1
725 766 1
725 950 1
725 954 1
726 745 1
726 796 1
726 815 1
726 895 1
726 964 1
727 837 1
727 978 1
728 738 1
728 903 1
729 745 1
729 799 1
729 816 1
729 936 1
730 741 1
730 936 1
730 991 1
731 770 1
732 804 1
732 850 1
732 903 1
732 906 1
733 781 1
733 924 1
734 815 1
734 880 1
734 903 1
734 968 1
735 745 1
735 810 1
735 896 1
735 903 1
735 923 1
735 945 1
736 748 1
736 920 1
736 927 1
736 932 1
737 772 1
737 815 1
737 994 1
738 753 1
738 792 1
738 843 1
738 847 1
738 973 1
738 980 1
739 862 1
740 774 1
740 880 1
740 918 1
741 807 1
741 967 1
742 843 1
742 915 1
742 921 1
743 755 1
744 826 1
744 859 1
744 873 1
744 881 1
744 1000 1
745 800 1
745 837 1
745 838 1
745 841 1
745 963 1
746 787 1
747 749 1
747 821 1
747 824 1
748 967 1
749 861 1
749 924 1
749 971 1
750 874 1
751 842 1
751 874 1
751 883 1
752 770 1
752 837 1
752 929 1
752 980 1
753 888 1
753 925 1
754 760 1
754 781 1
754 904 1
754 958 1
755 977 1
756 916 1
756 941 1
757 807 1
758 769 1
758 793 1
758 914 1
759 780 1
759 865 1
759 926 1
760 765 1
760 807 1
760 898 1
761 971 1
762 845 1
762 851 1
762 862 1
762 878 1
762 957 1
763 799 1
763 855 1
763 889 1
763 968 1
764 898 1
765 908 1
766 850 1
766 902 1
767 803 1
767 830 1
767 906 1
767 980 1
768 831 1
768 887 1
768 891 1
768 979 1
769 954 1
770 977 1
771 835 1
771 889 1
771 979 1
772 825 1
772 945 1
772 988 1
773 965 1
774 974 1
775 843 1
775 886 1
775 949 1
776 872 1
776 886 1
778 988 1
778 994 1
779 904 1
779 990 1
780 786 1
781 789 1
782 987 1
783 800 1
783 865 1
783 871 1
783 888 1
784 890 1
784 939 1
785 851 1
785 854 1
786 889 1
786 923 1
786 927 1
786 935 1
786 995 1
787 801 1
787 829 1
787 855 1
788 845 1
788 848 1
789 807 1
790 935 1
791 812 1
791 930 1
791 941 1
793 810 1
793 914 1
794 952 1
795 909 1
797 799 1
798 848 1
799 829 1
799 982 1
800 830 1
800 929 1
801 813 1
801 968 1
802 814 1
802 869 1
802 896 1
803 858 1
803 986 1
804 891 1
804 996 1
805 825 1
806 814 1
806 830 1
806 857 1
806 879 1
808 827 1
808 981 1
808 988 1
809 819 1
809 890 1
809 932 1
809 937 1
809 938 1
810 859 1
811 944 1
812 863 1
812 949 1
813 836 1
813 966 1
814 977 1
815 946 1
816 851 1
817 829 1
817 983 1
818 897 1
818 954 1
819 850 1
820 872 1
821 919 1
821 924 1
821 968 1
822 941 1
823 837 1
823 867 1
823 974 1
824 836 1
824 901 1
824 952 1
825 826 1
825 950 1
826 908 1
827 906 1
829 896 1
829 918 1
830 837 1
830 959 1
831 842 1
831 951 1
831 990 1
832 884 1
832 953 1
832 993 1
833 878 1
833 996 1
834 935 1
835 869 1
835 966 1
835 967 1
836 865 1
836 905 1
836 907 1
838 965 1
838 970 1
839 908 1
840 892 1
840 903 1
840 970 1
840 993 1
842 867 1
842 884 1
842 887 1
842 966 1
844 861 1
845 927 1
846 908 1
847 900 1
847 952 1
848 877 1
849 924 1
849 955 1
850 852 1
850 907 1
850 917 1
851 872 1
851 903 1
851 914 1
852 950 1
853 909 1
853 945 1
854 896 1
856 869 1
856 897 1
856 951 1
856 979 1
858 965 1
861 939 1
862 984 1
864 941 1
864 960 1
865 929 1
865 952 1
865 953 1
866 966 1
866 997 1
871 958 1
872 987 1
873 989 1
876 995 1
877 904 1
879 895 1
879 935 1
880 887 1
880 946 1
880 984 1
881 901 1
881 932 1
882 974 1
883 885 1
883 993 1
886 976 1
887 946 1
890 966 1
890 975 1
892 900 1
892 930 1
892 959 1
894 899 1
894 962 1
896 950 1
896 951 1
898 973 1
901 928 1
902 995 1
902 1000 1
903 966 1
904 961 1
904 994 1
905 967 1
907 913 1
909 912 1
910 927 1
911 996 1
912 948 1
912 951 1
912 959 1
912 969 1
915 990 1
920 946 1
922 933 1
922 977 1
922 993 1
924 931 1
925 976 1
926 935 1
927 980 1
928 936 1
932 943 1
933 974 1
934 935 1
934 980 1
935 975 1
936 970 1
937 980 1
938 983 1
940 985 1
941 979 1
942 945 1
942 959 1
942 961 1
944 1000 1
945 951 1
945 983 1
948 949 1
948 974 1
952 953 1
954 960 1
958 982 1
959 966 1
959 969 1
964 983 1
968 978 1
969 996 1
975 977 1
979 985 1
