1000 5014
1 13 1
1 59 1
1 134 1
1 136 1
1 153 1
1 161 1
1 212 1
1 261 1
1 523 1
1 593 1
1 678 1
1 793 1
1 885 1
1 917 1
1 965 1
2 234 1
2 359 1
2 384 1
2 420 1
2 470 1
2 548 1
2 627 1
2 661 1
2 807 1
2 812 1
2 815 1
2 823 1
2 839 1
2 996 1
3 20 1
3 43 1
3 134 1
3 252 1
3 440 1
3 462 1
3 675 1
4 143 1
4 154 1
4 196 1
4 270 1
4 642 1
4 838 1
4 875 1
4 890 1
4 912 1
4 979 1
4 982 1
5 60 1
5 207 1
5 303 1
5 337 1
5 393 1
5 406 1
5 587 1
5 588 1
5 616 1
5 804 1
5 977 1
6 11 1
6 89 1
6 194 1
6 372 1
6 410 1
6 455 1
6 490 1
6 572 1
6 580 1
6 605 1
6 687 1
6 733 1
6 969 1
7 292 1
7 314 1
7 414 1
7 442 1
7 516 1
7 573 1
7 751 1
7 900 1
8 59 1
8 68 1
8 115 1
8 231 1
8 474 1
8 475 1
8 563 1
8 671 1
8 765 1
8 798 1
8 835 1
8 996 1
9 213 1
9 264 1
9 330 1
9 355 1
9 430 1
9 550 1
9 992 1
10 74 1
10 237 1
10 297 1
10 324 1
10 334 1
10 625 1
10 672 1
10 732 1
10 737 1
10 855 1
11 65 1
11 84 1
11 106 1
11 245 1
11 265 1
11 322 1
11 387 1
11 664 1
11 756 1
12 56 1
12 131 1
12 316 1
12 337 1
12 449 1
12 454 1
12 480 1
12 511 1
12 527 1
12 542 1
12 751 1
12 855 1
12 888 1
13 69 1
13 328 1
13 427 1
13 535 1
13 556 1
13 564 1
13 592 1
13 728 1
13 840 1
14 31 1
14 135 1
14 292 1
14 298 1
14 475 1
14 584 1
14 730 1
14 820 1
14 904 1
14 948 1
14 989 1
15 127 1
15 144 1
15 159 1
15 187 1
15 304 1
15 394 1
15 443 1
15 486 1
15 552 1
15 667 1
15 944 1
15 973 1
15 1000 1
16 68 1
16 123 1
16 333 1
16 343 1
16 368 1
16 399 1
16 483 1
16 521 1
16 552 1
16 572 1
16 613 1
16 668 1
16 679 1
16 693 1
16 722 1
16 818 1
16 885 1
17 199 1
17 217 1
17 294 1
17 345 1
17 367 1
17 392 1
17 431 1
17 450 1
17 494 1
17 979 1
18 73 1
18 180 1
18 702 1
18 815 1
18 880 1
18 920 1
18 951 1
19 22 1
19 24 1
19 62 1
19 76 1
19 155 1
19 242 1
19 339 1
19 416 1
19 462 1
19 531 1
19 541 1
19 572 1
19 574 1
19 797 1
19 903 1
20 88 1
20 221 1
20 429 1
20 463 1
20 503 1
20 505 1
20 846 1
21 181 1
21 333 1
21 371 1
21 398 1
21 446 1
21 461 1
21 688 1
21 797 1
21 816 1
21 974 1
22 46 1
22 59 1
22 188 1
22 284 1
22 580 1
22 624 1
22 636 1
22 712 1
22 727 1
22 775 1
22 856 1
23 34 1
23 61 1
23 124 1
23 135 1
23 233 1
23 366 1
23 412 1
23 501 1
23 508 1
23 522 1
23 754 1
23 756 1
23 769 1
24 178 1
24 209 1
24 261 1
24 552 1
24 701 1
24 907 1
25 104 1
25 475 1
25 522 1
25 595 1
25 723 1
25 742 1
25 787 1
25 950 1
25 975 1
25 995 1
26 47 1
26 154 1
26 214 1
26 255 1
26 529 1
26 565 1
26 663 1
26 701 1
26 927 1
26 932 1
27 490 1
27 549 1
27 550 1
27 601 1
27 664 1
27 732 1
27 948 1
28 68 1
28 73 1
28 156 1
28 224 1
28 277 1
28 329 1
28 361 1
28 389 1
28 399 1
28 684 1
28 755 1
28 990 1
29 55 1
29 175 1
29 324 1
29 386 1
29 399 1
29 425 1
29 453 1
29 482 1
29 735 1
29 838 1
29 852 1
30 80 1
30 106 1
30 108 1
30 109 1
30 294 1
30 331 1
30 366 1
30 472 1
30 525 1
30 673 1
30 682 1
30 737 1
30 760 1
30 887 1
31 44 1
31 189 1
31 416 1
31 419 1
31 425 1
31 560 1
31 804 1
31 846 1
31 912 1
31 994 1
32 182 1
32 268 1
32 281 1
32 418 1
32 788 1
32 822 1
32 873 1
32 909 1
33 445 1
33 451 1
33 473 1
33 720 1
33 998 1
34 46 1
34 99 1
34 199 1
34 360 1
34 508 1
34 591 1
34 704 1
34 862 1
34 882 1
34 896 1
34 940 1
35 56 1
35 302 1
35 319 1
35 411 1
35 478 1
35 486 1
35 656 1
35 762 1
35 918 1
35 947 1
35 968 1
36 75 1
36 116 1
36 200 1
36 310 1
36 543 1
36 634 1
36 690 1
36 728 1
36 785 1
36 806 1
36 881 1
36 883 1
36 934 1
36 984 1
36 985 1
37 317 1
37 370 1
37 473 1
37 594 1
37 672 1
37 697 1
37 719 1
37 771 1
37 804 1
37 881 1
37 926 1
38 99 1
38 223 1
38 402 1
38 794 1
38 920 1
38 969 1
39 48 1
39 165 1
39 201 1
39 293 1
39 425 1
39 722 1
39 741 1
39 806 1
40 455 1
40 492 1
40 531 1
40 557 1
40 646 1
41 233 1
41 268 1
41 289 1
41 459 1
41 508 1
41 521 1
41 889 1
42 169 1
42 266 1
42 335 1
42 454 1
42 476 1
42 490 1
42 608 1
42 621 1
42 730 1
42 738 1
42 893 1
43 47 1
43 116 1
43 124 1
43 129 1
43 322 1
43 596 1
43 640 1
43 706 1
43 769 1
43 792 1
43 827 1
44 61 1
44 73 1
44 377 1
44 493 1
44 534 1
44 658 1
44 858 1
44 870 1
44 952 1
45 114 1
45 200 1
45 226 1
45 467 1
45 514 1
45 570 1
45 623 1
45 760 1
45 804 1
45 840 1
45 956 1
46 91 1
46 144 1
46 470 1
46 641 1
46 856 1
46 999 1
47 182 1
47 221 1
47 234 1
47 245 1
47 405 1
47 548 1
47 697 1
47 716 1
47 888 1
47 962 1
48 200 1
48 203 1
48 730 1
48 789 1
48 836 1
48 900 1
49 86 1
49 284 1
49 368 1
49 378 1
49 392 1
49 454 1
49 497 1
49 514 1
49 518 1
49 553 1
49 643 1
49 650 1
49 738 1
49 768 1
49 873 1
49 936 1
50 62 1
50 69 1
50 78 1
50 138 1
50 175 1
50 339 1
50 401 1
50 463 1
50 642 1
50 643 1
50 796 1
50 837 1
50 863 1
50 871 1
50 904 1
51 73 1
51 74 1
51 175 1
51 238 1
51 526 1
51 730 1
51 733 1
51 749 1
51 847 1
52 53 1
52 122 1
52 231 1
52 251 1
52 292 1
52 361 1
52 377 1
52 428 1
52 442 1
52 578 1
52 606 1
52 617 1
52 695 1
52 698 1
52 807 1
52 893 1
52 982 1
53 83 1
53 234 1
53 307 1
53 414 1
53 470 1
53 514 1
53 538 1
53 541 1
53 589 1
53 717 1
53 786 1
53 826 1
53 949 1
54 124 1
54 138 1
54 208 1
54 287 1
54 378 1
54 394 1
54 424 1
54 549 1
54 736 1
54 750 1
54 837 1
54 859 1
55 59 1
55 224 1
55 235 1
55 321 1
55 339 1
55 582 1
55 822 1
55 851 1
55 863 1
56 124 1
56 324 1
56 425 1
56 457 1
56 514 1
56 548 1
56 558 1
56 661 1
56 739 1
56 833 1
57 64 1
57 99 1
57 103 1
57 311 1
57 519 1
57 561 1
57 621 1
57 890 1
57 970 1
57 981 1
58 222 1
58 237 1
58 378 1
58 488 1
58 542 1
58 556 1
58 600 1
58 739 1
58 853 1
58 928 1
58 992 1
59 88 1
59 136 1
59 332 1
59 341 1
59 361 1
59 464 1
59 515 1
59 540 1
59 762 1
59 987 1
60 86 1
60 169 1
60 273 1
60 397 1
61 80 1
61 370 1
61 469 1
61 561 1
61 613 1
61 622 1
61 768 1
61 890 1
61 967 1
62 151 1
62 572 1
62 622 1
62 647 1
62 811 1
62 835 1
63 268 1
63 333 1
63 465 1
63 733 1
63 890 1
64 226 1
64 245 1
64 247 1
64 295 1
64 406 1
64 448 1
64 474 1
64 487 1
64 690 1
64 988 1
65 118 1
65 128 1
65 148 1
65 209 1
65 251 1
65 462 1
65 506 1
65 531 1
65 608 1
65 612 1
65 652 1
65 670 1
65 739 1
65 817 1
65 841 1
66 451 1
66 603 1
66 605 1
66 713 1
66 754 1
66 760 1
66 908 1
66 917 1
66 932 1
67 197 1
67 281 1
67 556 1
67 577 1
67 592 1
67 685 1
67 834 1
68 84 1
68 245 1
68 250 1
68 325 1
68 671 1
68 698 1
68 730 1
68 912 1
69 77 1
69 90 1
69 396 1
69 843 1
69 880 1
69 939 1
70 155 1
70 397 1
70 670 1
70 723 1
70 882 1
70 892 1
71 82 1
71 147 1
71 213 1
71 255 1
71 412 1
71 438 1
71 445 1
71 454 1
71 509 1
71 621 1
71 735 1
71 807 1
71 975 1
71 988 1
72 78 1
72 89 1
72 322 1
72 490 1
72 539 1
72 612 1
72 648 1
72 666 1
72 707 1
72 934 1
72 949 1
72 963 1
73 76 1
73 82 1
73 122 1
73 289 1
73 693 1
73 721 1
73 811 1
73 827 1
73 898 1
74 90 1
74 93 1
74 253 1
74 267 1
74 384 1
74 471 1
74 627 1
74 678 1
74 682 1
74 725 1
75 96 1
75 114 1
75 240 1
75 354 1
75 385 1
75 407 1
75 555 1
75 563 1
75 741 1
75 795 1
75 885 1
76 156 1
76 212 1
76 218 1
76 446 1
76 626 1
76 835 1
77 88 1
77 90 1
77 100 1
77 250 1
77 254 1
77 273 1
77 370 1
77 448 1
77 463 1
77 468 1
77 522 1
77 711 1
77 749 1
77 846 1
77 977 1
77 978 1
78 167 1
78 541 1
78 594 1
78 618 1
78 651 1
78 687 1
78 857 1
78 949 1
79 532 1
79 534 1
79 565 1
79 571 1
79 626 1
79 671 1
79 910 1
80 123 1
80 227 1
80 334 1
80 372 1
80 430 1
80 462 1
80 706 1
80 716 1
80 842 1
80 943 1
81 94 1
81 106 1
81 144 1
81 183 1
81 211 1
81 229 1
81 249 1
81 471 1
81 561 1
81 687 1
81 793 1
81 969 1
82 207 1
82 259 1
82 313 1
82 380 1
82 442 1
82 451 1
82 720 1
82 755 1
82 756 1
82 769 1
82 949 1
82 950 1
83 91 1
83 227 1
83 237 1
83 255 1
83 399 1
83 599 1
83 760 1
83 944 1
83 946 1
84 101 1
84 133 1
84 327 1
84 352 1
84 488 1
84 544 1
84 562 1
84 610 1
84 721 1
84 777 1
84 908 1
84 913 1
84 941 1
84 987 1
85 99 1
85 225 1
85 258 1
85 791 1
85 874 1
85 886 1
85 939 1
86 125 1
86 155 1
86 267 1
86 340 1
86 612 1
86 785 1
86 821 1
86 864 1
86 893 1
86 918 1
86 945 1
86 966 1
87 117 1
87 143 1
87 238 1
87 628 1
87 709 1
87 734 1
87 896 1
87 959 1
88 105 1
88 162 1
88 320 1
88 396 1
88 672 1
88 701 1
88 771 1
88 825 1
88 876 1
89 147 1
89 219 1
89 262 1
89 539 1
89 573 1
89 585 1
89 636 1
89 660 1
89 687 1
89 692 1
89 762 1
89 833 1
90 103 1
90 199 1
90 345 1
90 454 1
90 684 1
90 723 1
90 972 1
91 219 1
91 332 1
91 347 1
91 410 1
91 478 1
91 677 1
91 708 1
91 837 1
91 838 1
91 872 1
91 957 1
92 242 1
92 407 1
92 508 1
92 647 1
92 708 1
92 764 1
92 879 1
92 972 1
93 183 1
93 200 1
93 432 1
93 598 1
93 606 1
93 733 1
93 801 1
93 825 1
93 904 1
94 270 1
94 412 1
94 443 1
94 505 1
94 723 1
94 776 1
94 794 1
94 869 1
95 368 1
95 442 1
95 452 1
95 789 1
95 801 1
95 848 1
95 999 1
96 346 1
96 365 1
96 409 1
96 495 1
96 647 1
96 822 1
96 911 1
97 210 1
97 358 1
97 517 1
97 592 1
97 596 1
97 678 1
97 709 1
97 837 1
97 846 1
97 943 1
98 179 1
98 182 1
98 251 1
98 319 1
98 392 1
98 524 1
98 630 1
99 127 1
99 164 1
99 216 1
99 409 1
99 448 1
99 490 1
99 536 1
99 580 1
99 618 1
99 910 1
99 945 1
100 134 1
100 324 1
100 335 1
100 380 1
100 397 1
100 475 1
100 809 1
100 817 1
100 890 1
100 954 1
101 208 1
101 283 1
101 341 1
101 472 1
101 533 1
101 572 1
101 629 1
101 842 1
101 853 1
102 201 1
102 202 1
102 255 1
102 300 1
102 405 1
102 540 1
102 541 1
102 547 1
102 597 1
102 624 1
102 721 1
102 726 1
102 813 1
102 835 1
102 921 1
102 922 1
103 137 1
103 400 1
103 654 1
103 781 1
103 818 1
104 171 1
104 202 1
104 232 1
104 316 1
104 463 1
104 585 1
104 670 1
104 722 1
104 916 1
104 950 1
104 978 1
105 130 1
105 131 1
105 166 1
105 169 1
105 501 1
105 530 1
105 558 1
105 630 1
105 680 1
105 764 1
105 789 1
105 801 1
105 810 1
105 888 1
106 191 1
106 235 1
106 392 1
106 899 1
107 116 1
107 238 1
107 262 1
107 433 1
107 483 1
107 702 1
107 774 1
107 776 1
108 134 1
108 334 1
108 354 1
108 419 1
108 519 1
108 572 1
108 732 1
108 794 1
109 139 1
109 564 1
109 658 1
109 808 1
109 966 1
109 967 1
109 976 1
110 505 1
110 575 1
110 643 1
110 720 1
110 745 1
110 779 1
110 783 1
110 797 1
110 822 1
110 914 1
110 993 1
111 155 1
111 180 1
111 392 1
111 402 1
111 504 1
111 552 1
111 592 1
112 270 1
112 311 1
112 312 1
112 324 1
112 340 1
112 424 1
112 514 1
112 643 1
112 860 1
112 884 1
113 221 1
113 224 1
113 560 1
113 588 1
113 638 1
113 692 1
113 827 1
113 981 1
114 202 1
114 245 1
114 252 1
114 296 1
114 433 1
114 471 1
114 495 1
114 583 1
114 711 1
114 713 1
114 792 1
114 793 1
115 213 1
115 403 1
115 452 1
115 515 1
115 727 1
115 779 1
115 837 1
115 915 1
115 917 1
116 274 1
116 292 1
116 320 1
116 499 1
116 827 1
116 964 1
116 996 1
117 144 1
117 207 1
117 253 1
117 263 1
117 278 1
117 416 1
117 431 1
117 435 1
117 557 1
117 591 1
117 733 1
117 756 1
117 904 1
117 914 1
118 235 1
118 362 1
118 398 1
118 475 1
118 502 1
118 517 1
118 537 1
118 604 1
118 619 1
118 712 1
118 851 1
118 889 1
119 187 1
119 194 1
119 319 1
119 396 1
119 686 1
119 850 1
119 856 1
120 125 1
120 127 1
120 242 1
120 308 1
120 651 1
120 804 1
120 818 1
120 930 1
121 432 1
121 710 1
121 749 1
121 771 1
121 783 1
121 906 1
121 924 1
121 999 1
122 223 1
122 226 1
122 630 1
122 676 1
122 687 1
122 736 1
122 791 1
122 864 1
122 929 1
122 939 1
123 228 1
123 581 1
123 701 1
123 746 1
123 821 1
123 889 1
123 906 1
123 955 1
124 517 1
124 641 1
124 759 1
124 781 1
124 808 1
124 831 1
124 866 1
125 339 1
125 419 1
125 505 1
125 595 1
125 669 1
125 901 1
126 137 1
126 186 1
126 276 1
126 303 1
126 309 1
126 538 1
126 555 1
126 666 1
126 677 1
126 889 1
126 921 1
126 987 1
127 154 1
127 265 1
127 272 1
127 367 1
127 433 1
127 629 1
127 714 1
128 251 1
128 266 1
128 309 1
128 670 1
128 678 1
128 705 1
129 230 1
129 236 1
129 577 1
129 594 1
129 649 1
129 704 1
129 971 1
130 136 1
130 215 1
130 444 1
130 456 1
130 500 1
130 510 1
130 772 1
130 973 1
131 253 1
131 468 1
131 524 1
131 783 1
132 212 1
132 227 1
132 463 1
132 501 1
132 573 1
132 835 1
132 899 1
133 211 1
133 235 1
133 267 1
133 286 1
133 298 1
133 440 1
133 452 1
133 465 1
133 683 1
133 970 1
133 988 1
134 208 1
134 365 1
134 449 1
134 508 1
134 584 1
134 676 1
134 694 1
134 715 1
134 796 1
134 811 1
134 913 1
135 290 1
135 414 1
135 645 1
135 845 1
136 149 1
136 171 1
136 526 1
136 633 1
136 657 1
136 684 1
136 850 1
136 930 1
136 990 1
137 724 1
137 819 1
137 912 1
138 149 1
138 468 1
138 506 1
138 572 1
138 616 1
138 808 1
138 847 1
138 954 1
139 160 1
139 162 1
139 423 1
139 532 1
139 548 1
139 579 1
139 603 1
139 737 1
139 804 1
140 523 1
140 565 1
140 612 1
140 625 1
140 840 1
140 856 1
140 971 1
141 156 1
141 205 1
141 232 1
141 328 1
141 351 1
141 844 1
141 886 1
141 929 1
142 231 1
142 370 1
142 549 1
142 617 1
142 742 1
142 747 1
142 828 1
142 892 1
142 922 1
142 926 1
142 930 1
143 233 1
143 488 1
143 612 1
143 691 1
143 887 1
143 911 1
143 923 1
144 332 1
144 439 1
144 523 1
144 585 1
144 733 1
144 824 1
144 899 1
144 910 1
144 923 1
144 957 1
145 357 1
145 363 1
145 463 1
145 526 1
145 708 1
145 758 1
145 798 1
145 807 1
146 202 1
146 211 1
146 296 1
146 356 1
146 399 1
146 588 1
146 705 1
147 202 1
147 212 1
147 240 1
147 322 1
147 358 1
147 579 1
147 597 1
147 606 1
147 714 1
147 891 1
148 218 1
148 464 1
148 555 1
148 709 1
148 803 1
148 806 1
148 818 1
148 826 1
148 895 1
148 944 1
148 996 1
149 179 1
149 362 1
149 385 1
149 405 1
149 486 1
149 495 1
149 576 1
149 700 1
149 772 1
149 799 1
149 875 1
150 184 1
150 264 1
150 348 1
150 416 1
150 445 1
150 792 1
150 807 1
150 815 1
150 819 1
150 911 1
150 993 1
151 301 1
151 331 1
151 397 1
151 452 1
151 508 1
151 567 1
151 745 1
152 418 1
152 568 1
152 575 1
152 637 1
152 734 1
152 740 1
152 918 1
152 926 1
152 946 1
152 989 1
153 213 1
153 217 1
153 335 1
153 511 1
153 684 1
153 915 1
153 970 1
154 177 1
154 181 1
154 192 1
154 246 1
154 272 1
154 394 1
154 597 1
154 690 1
154 714 1
154 789 1
154 820 1
154 872 1
154 954 1
155 251 1
155 369 1
155 397 1
155 593 1
155 594 1
155 627 1
156 232 1
156 369 1
156 376 1
156 559 1
156 723 1
156 819 1
157 241 1
157 351 1
157 406 1
157 528 1
157 604 1
157 804 1
158 234 1
158 341 1
158 434 1
158 597 1
158 634 1
158 885 1
159 392 1
159 669 1
159 762 1
159 782 1
159 910 1
160 352 1
160 396 1
160 457 1
160 756 1
160 790 1
160 843 1
160 948 1
160 976 1
161 289 1
161 393 1
161 406 1
161 690 1
161 772 1
161 898 1
161 954 1
162 300 1
162 354 1
162 386 1
162 634 1
162 757 1
162 761 1
162 933 1
163 273 1
163 285 1
163 436 1
163 543 1
163 597 1
163 733 1
163 792 1
163 799 1
163 889 1
163 961 1
163 999 1
164 211 1
164 340 1
164 591 1
164 602 1
164 784 1
164 863 1
164 872 1
164 930 1
164 932 1
165 338 1
165 373 1
165 570 1
165 620 1
165 738 1
165 866 1
165 913 1
166 303 1
166 466 1
166 469 1
166 613 1
166 711 1
166 807 1
166 836 1
166 842 1
166 944 1
166 947 1
166 970 1
166 972 1
167 205 1
167 285 1
167 324 1
167 539 1
167 674 1
167 726 1
167 756 1
167 776 1
167 817 1
167 962 1
167 977 1
168 218 1
168 220 1
168 337 1
168 828 1
168 837 1
168 847 1
168 857 1
168 874 1
168 892 1
168 897 1
168 944 1
168 997 1
169 196 1
169 480 1
169 657 1
169 762 1
169 785 1
169 844 1
169 932 1
169 958 1
170 229 1
170 274 1
170 399 1
170 520 1
170 644 1
170 762 1
170 858 1
170 929 1
170 977 1
171 178 1
171 237 1
171 276 1
171 373 1
171 567 1
171 607 1
171 641 1
171 768 1
172 203 1
172 244 1
172 295 1
172 305 1
172 333 1
172 467 1
172 563 1
172 734 1
172 870 1
172 902 1
172 903 1
172 978 1
173 325 1
173 563 1
173 654 1
173 808 1
173 914 1
173 974 1
174 281 1
174 375 1
174 379 1
174 458 1
174 490 1
174 528 1
174 591 1
174 598 1
174 685 1
174 713 1
174 739 1
175 269 1
175 533 1
175 572 1
175 892 1
175 896 1
175 999 1
176 180 1
176 307 1
176 341 1
176 421 1
176 610 1
176 892 1
176 954 1
177 339 1
177 498 1
177 563 1
177 633 1
177 650 1
177 761 1
177 903 1
177 976 1
178 274 1
178 286 1
178 508 1
178 679 1
178 704 1
178 818 1
179 224 1
179 270 1
179 465 1
179 507 1
179 510 1
179 587 1
179 589 1
179 594 1
179 723 1
179 769 1
179 926 1
180 262 1
180 311 1
180 375 1
180 900 1
180 980 1
181 197 1
181 437 1
181 609 1
181 922 1
182 197 1
182 233 1
182 315 1
182 371 1
182 454 1
182 485 1
182 577 1
182 602 1
182 635 1
182 723 1
182 802 1
183 326 1
183 353 1
183 649 1
184 288 1
184 362 1
184 392 1
184 403 1
184 468 1
184 513 1
184 536 1
185 186 1
185 249 1
185 315 1
185 369 1
185 370 1
185 463 1
185 660 1
185 758 1
185 804 1
185 916 1
186 507 1
186 562 1
187 373 1
187 429 1
187 519 1
187 727 1
187 777 1
187 856 1
188 461 1
188 543 1
188 802 1
188 891 1
189 480 1
189 693 1
189 822 1
189 886 1
189 983 1
190 193 1
190 230 1
190 655 1
190 725 1
190 821 1
190 852 1
190 954 1
191 271 1
191 338 1
191 397 1
191 555 1
191 708 1
191 832 1
191 897 1
191 963 1
192 250 1
192 469 1
192 472 1
192 709 1
192 729 1
192 785 1
192 793 1
192 800 1
192 915 1
193 226 1
193 320 1
193 330 1
193 333 1
193 362 1
193 392 1
193 497 1
193 528 1
193 747 1
193 858 1
194 278 1
194 572 1
194 623 1
194 724 1
194 728 1
194 795 1
194 956 1
194 973 1
195 334 1
195 352 1
195 389 1
195 435 1
195 603 1
195 655 1
195 662 1
195 727 1
195 745 1
195 752 1
195 753 1
195 833 1
195 851 1
196 266 1
196 387 1
196 565 1
196 596 1
196 638 1
196 726 1
196 831 1
196 916 1
196 980 1
197 359 1
197 576 1
197 857 1
197 889 1
198 254 1
198 522 1
198 685 1
198 807 1
198 849 1
198 901 1
198 992 1
199 227 1
199 265 1
199 280 1
199 298 1
199 305 1
199 609 1
199 610 1
199 670 1
199 804 1
199 961 1
199 1000 1
200 276 1
200 316 1
200 437 1
200 476 1
200 590 1
200 759 1
200 900 1
201 399 1
201 442 1
201 590 1
201 609 1
201 624 1
201 628 1
201 630 1
201 649 1
201 721 1
201 915 1
201 949 1
202 236 1
202 242 1
202 434 1
202 509 1
202 650 1
202 689 1
202 870 1
203 300 1
203 341 1
203 433 1
203 434 1
203 447 1
203 504 1
203 821 1
203 824 1
203 836 1
203 971 1
204 206 1
204 354 1
204 389 1
204 398 1
204 465 1
204 830 1
205 326 1
205 388 1
205 428 1
205 796 1
205 835 1
205 946 1
205 958 1
206 281 1
206 408 1
206 596 1
206 604 1
206 993 1
207 237 1
207 564 1
207 586 1
207 747 1
207 944 1
207 989 1
208 269 1
208 338 1
208 434 1
208 502 1
208 643 1
208 699 1
208 799 1
208 975 1
209 240 1
209 319 1
209 456 1
209 551 1
209 593 1
209 640 1
209 646 1
209 744 1
209 753 1
209 821 1
209 843 1
210 282 1
210 339 1
210 421 1
210 504 1
210 558 1
210 580 1
210 846 1
211 240 1
211 352 1
211 559 1
211 569 1
211 646 1
211 754 1
211 829 1
211 924 1
211 931 1
212 275 1
212 677 1
212 722 1
212 758 1
212 886 1
212 945 1
212 992 1
212 999 1
213 225 1
213 413 1
213 613 1
213 624 1
213 838 1
213 944 1
214 299 1
214 516 1
214 525 1
214 566 1
215 297 1
215 382 1
215 383 1
215 737 1
215 780 1
215 869 1
215 947 1
216 310 1
216 356 1
216 374 1
216 672 1
216 901 1
217 218 1
217 437 1
217 450 1
217 475 1
217 561 1
217 722 1
217 750 1
217 900 1
217 915 1
218 229 1
218 329 1
218 532 1
218 651 1
218 695 1
218 710 1
218 720 1
218 743 1
218 798 1
218 842 1
218 927 1
218 951 1
219 251 1
219 398 1
219 476 1
220 335 1
220 471 1
220 566 1
220 665 1
220 804 1
221 413 1
221 461 1
221 470 1
221 761 1
221 773 1
221 811 1
221 823 1
221 981 1
222 299 1
222 307 1
222 361 1
222 377 1
222 399 1
222 472 1
222 633 1
222 712 1
223 289 1
223 322 1
223 329 1
223 557 1
223 619 1
223 675 1
223 962 1
223 997 1
224 276 1
224 414 1
224 419 1
224 725 1
224 825 1
224 835 1
224 867 1
225 468 1
225 499 1
225 564 1
225 761 1
225 808 1
225 810 1
226 270 1
226 476 1
226 640 1
226 734 1
226 780 1
226 870 1
226 920 1
226 945 1
226 977 1
227 261 1
227 331 1
227 442 1
227 561 1
227 712 1
227 851 1
227 890 1
227 987 1
227 988 1
228 328 1
228 430 1
228 438 1
228 572 1
228 604 1
228 740 1
228 891 1
229 235 1
229 291 1
229 311 1
229 416 1
229 505 1
229 608 1
229 656 1
229 722 1
229 833 1
229 834 1
229 916 1
230 375 1
230 385 1
230 405 1
230 475 1
230 554 1
230 596 1
230 930 1
230 947 1
230 953 1
231 232 1
231 261 1
231 306 1
231 321 1
231 340 1
231 425 1
231 427 1
231 433 1
231 518 1
231 718 1
231 821 1
231 892 1
232 529 1
232 657 1
232 855 1
232 859 1
233 242 1
233 285 1
233 323 1
233 356 1
233 419 1
233 437 1
233 529 1
233 575 1
233 576 1
233 588 1
234 304 1
234 313 1
234 486 1
234 488 1
234 501 1
234 555 1
234 665 1
234 709 1
234 774 1
234 792 1
234 806 1
234 895 1
234 975 1
235 270 1
235 648 1
235 699 1
236 300 1
236 440 1
236 455 1
236 461 1
236 486 1
236 597 1
236 664 1
236 703 1
236 708 1
236 797 1
237 343 1
237 455 1
237 484 1
237 616 1
237 674 1
237 698 1
237 751 1
237 840 1
238 249 1
238 343 1
238 963 1
238 971 1
238 985 1
239 370 1
239 471 1
239 585 1
239 667 1
239 675 1
239 768 1
239 804 1
239 811 1
239 902 1
239 946 1
240 270 1
240 296 1
240 369 1
240 386 1
240 476 1
240 484 1
240 491 1
240 868 1
240 899 1
240 936 1
240 987 1
241 363 1
241 500 1
241 739 1
241 823 1
241 945 1
241 989 1
242 309 1
242 694 1
242 710 1
242 877 1
242 984 1
243 246 1
243 438 1
243 526 1
243 600 1
243 633 1
243 722 1
243 878 1
243 881 1
244 286 1
244 452 1
244 465 1
244 467 1
244 509 1
244 608 1
244 635 1
244 852 1
244 944 1
244 966 1
244 997 1
245 309 1
245 384 1
245 411 1
245 430 1
245 434 1
245 482 1
245 547 1
245 556 1
245 564 1
245 603 1
245 613 1
245 774 1
245 893 1
245 915 1
246 532 1
246 533 1
246 537 1
246 631 1
246 698 1
246 747 1
246 827 1
246 861 1
246 905 1
246 994 1
247 258 1
247 295 1
247 317 1
247 319 1
247 382 1
247 538 1
247 541 1
247 919 1
247 989 1
248 297 1
248 432 1
248 434 1
248 442 1
248 443 1
248 595 1
248 716 1
248 853 1
248 953 1
249 254 1
249 292 1
249 617 1
249 635 1
249 712 1
249 733 1
249 855 1
249 983 1
250 448 1
250 462 1
250 601 1
250 717 1
250 739 1
250 853 1
251 279 1
251 324 1
251 366 1
251 451 1
251 580 1
251 635 1
251 858 1
251 888 1
251 981 1
252 332 1
252 364 1
252 447 1
252 488 1
252 593 1
252 671 1
252 847 1
252 857 1
252 900 1
252 927 1
252 929 1
253 268 1
253 439 1
253 557 1
253 589 1
253 676 1
253 720 1
253 766 1
253 778 1
254 297 1
254 302 1
254 346 1
254 395 1
254 745 1
255 275 1
255 327 1
255 457 1
255 486 1
255 490 1
255 722 1
255 837 1
255 858 1
255 860 1
255 868 1
255 966 1
256 268 1
256 470 1
256 486 1
256 848 1
257 329 1
257 592 1
257 735 1
257 743 1
257 979 1
258 274 1
258 368 1
258 382 1
258 403 1
258 565 1
258 676 1
258 692 1
258 827 1
258 846 1
258 976 1
259 309 1
259 386 1
259 621 1
259 790 1
260 285 1
260 335 1
260 434 1
260 443 1
260 465 1
260 509 1
260 659 1
260 845 1
260 950 1
260 995 1
261 283 1
261 550 1
261 584 1
261 766 1
261 826 1
261 830 1
261 897 1
262 610 1
262 697 1
262 749 1
262 788 1
262 917 1
262 994 1
262 1000 1
263 296 1
263 417 1
263 726 1
263 821 1
264 388 1
264 583 1
264 657 1
264 765 1
264 841 1
264 859 1
264 868 1
264 917 1
264 926 1
265 358 1
265 381 1
265 384 1
265 539 1
265 704 1
265 734 1
265 842 1
266 361 1
266 562 1
266 855 1
266 903 1
267 490 1
267 647 1
267 699 1
267 723 1
267 748 1
267 950 1
267 964 1
268 431 1
268 525 1
268 580 1
268 663 1
268 807 1
268 903 1
268 960 1
269 329 1
269 612 1
269 685 1
269 764 1
269 799 1
269 891 1
270 301 1
270 342 1
270 474 1
270 702 1
270 778 1
270 867 1
270 926 1
270 986 1
271 299 1
271 705 1
271 754 1
271 898 1
271 920 1
272 441 1
272 466 1
272 498 1
272 508 1
272 576 1
272 612 1
272 745 1
272 862 1
272 950 1
272 955 1
273 333 1
273 497 1
273 520 1
273 554 1
273 586 1
273 718 1
273 785 1
273 924 1
273 942 1
273 957 1
273 975 1
273 979 1
274 307 1
274 347 1
274 369 1
274 420 1
274 442 1
274 511 1
274 572 1
274 626 1
274 698 1
274 948 1
274 960 1
275 444 1
275 674 1
275 902 1
276 609 1
276 671 1
276 743 1
276 859 1
276 983 1
277 282 1
277 460 1
277 579 1
277 765 1
277 768 1
278 291 1
278 327 1
278 553 1
278 623 1
278 723 1
278 771 1
278 852 1
278 867 1
278 878 1
279 307 1
279 340 1
279 378 1
279 638 1
279 682 1
279 800 1
279 829 1
279 904 1
280 294 1
280 373 1
280 392 1
280 436 1
280 558 1
280 629 1
280 772 1
281 573 1
281 620 1
281 638 1
281 832 1
281 900 1
281 974 1
282 319 1
282 363 1
282 413 1
282 599 1
282 648 1
282 650 1
282 673 1
282 718 1
282 884 1
282 960 1
283 305 1
283 330 1
283 347 1
283 377 1
283 384 1
283 621 1
283 660 1
283 777 1
283 908 1
283 961 1
284 285 1
284 436 1
284 654 1
284 736 1
284 744 1
284 832 1
284 846 1
284 946 1
285 331 1
285 342 1
285 654 1
285 693 1
285 817 1
286 349 1
286 400 1
286 482 1
286 493 1
286 524 1
286 656 1
286 762 1
286 860 1
286 966 1
287 335 1
287 401 1
287 715 1
287 857 1
287 893 1
287 914 1
287 972 1
288 398 1
288 471 1
288 521 1
288 593 1
288 642 1
288 756 1
288 768 1
288 774 1
288 776 1
288 870 1
288 872 1
289 380 1
289 866 1
289 993 1
290 428 1
290 486 1
290 607 1
290 664 1
290 670 1
290 699 1
290 700 1
290 795 1
291 538 1
291 549 1
291 567 1
291 573 1
291 653 1
291 743 1
291 744 1
291 802 1
291 839 1
291 844 1
291 905 1
291 917 1
292 467 1
292 685 1
292 706 1
292 761 1
292 866 1
292 905 1
292 955 1
292 992 1
293 400 1
293 431 1
293 488 1
293 671 1
294 377 1
294 470 1
294 502 1
294 525 1
294 790 1
294 938 1
294 955 1
294 964 1
295 365 1
295 400 1
295 539 1
295 708 1
295 757 1
295 809 1
295 885 1
295 890 1
295 984 1
296 369 1
296 763 1
296 915 1
296 926 1
296 998 1
297 321 1
297 394 1
297 468 1
297 634 1
297 654 1
297 664 1
297 827 1
297 842 1
297 884 1
297 885 1
298 325 1
298 425 1
298 458 1
298 585 1
298 718 1
298 828 1
298 833 1
298 993 1
299 542 1
299 556 1
299 751 1
300 442 1
300 524 1
300 539 1
300 726 1
300 739 1
300 846 1
300 916 1
301 329 1
301 397 1
301 500 1
301 514 1
301 594 1
301 671 1
301 979 1
302 307 1
302 473 1
302 711 1
302 866 1
302 990 1
303 434 1
303 439 1
303 598 1
303 706 1
303 895 1
303 985 1
303 987 1
303 990 1
304 626 1
304 627 1
304 801 1
304 939 1
305 486 1
305 522 1
305 884 1
305 903 1
305 912 1
306 406 1
306 443 1
306 637 1
306 767 1
306 846 1
306 850 1
306 914 1
306 966 1
306 993 1
306 996 1
307 318 1
307 426 1
307 470 1
307 557 1
307 622 1
307 674 1
307 720 1
307 771 1
307 872 1
307 964 1
307 981 1
308 312 1
308 353 1
308 406 1
308 435 1
308 436 1
308 608 1
308 646 1
308 752 1
308 859 1
308 948 1
309 328 1
309 386 1
309 426 1
309 667 1
309 687 1
309 1000 1
310 394 1
310 402 1
310 534 1
310 678 1
310 714 1
310 742 1
310 748 1
310 847 1
311 405 1
311 513 1
311 552 1
311 746 1
311 895 1
311 936 1
312 388 1
312 405 1
312 554 1
312 569 1
312 602 1
312 924 1
312 962 1
313 577 1
313 857 1
313 859 1
313 892 1
313 974 1
314 380 1
314 463 1
314 549 1
314 571 1
314 606 1
314 842 1
314 921 1
314 957 1
315 491 1
315 896 1
315 909 1
315 949 1
316 452 1
316 540 1
316 594 1
316 622 1
316 726 1
316 764 1
316 846 1
316 850 1
316 929 1
316 950 1
316 968 1
317 441 1
317 539 1
317 709 1
317 838 1
318 375 1
318 399 1
318 459 1
318 510 1
318 805 1
318 840 1
319 352 1
319 371 1
319 920 1
320 532 1
320 583 1
320 750 1
320 806 1
320 811 1
320 813 1
320 923 1
320 974 1
320 1000 1
321 377 1
321 394 1
321 471 1
321 501 1
321 566 1
321 927 1
321 995 1
322 423 1
322 429 1
322 652 1
322 690 1
322 722 1
323 373 1
323 377 1
323 380 1
323 434 1
323 513 1
323 827 1
323 847 1
323 964 1
324 602 1
324 674 1
324 785 1
324 866 1
324 960 1
325 392 1
325 535 1
325 546 1
325 898 1
325 951 1
326 412 1
326 499 1
326 558 1
326 563 1
326 868 1
327 342 1
327 474 1
327 682 1
327 753 1
327 791 1
327 815 1
327 865 1
327 871 1
327 900 1
327 914 1
327 918 1
327 953 1
328 361 1
328 479 1
328 643 1
328 670 1
328 771 1
328 912 1
328 946 1
328 992 1
329 506 1
329 602 1
329 603 1
329 662 1
329 743 1
329 783 1
329 815 1
329 982 1
330 481 1
330 518 1
330 553 1
330 646 1
330 697 1
330 717 1
330 886 1
331 528 1
331 691 1
331 806 1
331 815 1
331 857 1
331 993 1
332 384 1
332 509 1
332 590 1
332 809 1
332 889 1
333 363 1
333 400 1
333 532 1
333 543 1
333 582 1
333 599 1
333 781 1
333 958 1
334 758 1
334 858 1
334 883 1
334 897 1
334 941 1
334 974 1
335 513 1
335 581 1
335 731 1
335 847 1
335 870 1
336 342 1
336 382 1
336 457 1
336 528 1
336 598 1
336 631 1
336 690 1
336 902 1
336 948 1
337 459 1
337 460 1
337 556 1
337 574 1
337 635 1
337 771 1
337 894 1
337 898 1
337 952 1
337 972 1
337 984 1
338 423 1
338 438 1
338 486 1
338 694 1
338 780 1
339 349 1
339 389 1
339 499 1
339 560 1
339 674 1
339 799 1
339 812 1
339 814 1
339 828 1
339 955 1
339 988 1
340 398 1
340 439 1
340 457 1
340 490 1
340 498 1
340 519 1
340 566 1
340 806 1
340 942 1
341 364 1
341 549 1
341 600 1
341 681 1
341 789 1
341 869 1
341 971 1
341 979 1
342 348 1
342 505 1
342 599 1
342 753 1
342 862 1
342 900 1
342 964 1
343 538 1
343 700 1
343 779 1
343 792 1
343 966 1
343 967 1
343 980 1
344 384 1
344 417 1
344 588 1
344 628 1
344 871 1
345 400 1
345 554 1
345 765 1
345 770 1
345 809 1
345 867 1
346 511 1
346 567 1
346 608 1
346 692 1
346 788 1
346 835 1
346 891 1
347 382 1
347 417 1
347 474 1
347 508 1
347 517 1
347 524 1
347 552 1
347 616 1
347 637 1
347 807 1
347 842 1
347 920 1
347 985 1
347 1000 1
348 356 1
348 375 1
348 658 1
349 411 1
349 671 1
349 779 1
349 923 1
350 376 1
350 495 1
350 536 1
350 557 1
350 604 1
350 608 1
350 684 1
350 741 1
350 835 1
350 942 1
350 994 1
350 998 1
351 425 1
351 552 1
351 577 1
351 863 1
351 917 1
352 431 1
352 500 1
352 579 1
352 590 1
352 696 1
352 709 1
352 734 1
352 823 1
353 376 1
353 389 1
353 445 1
353 467 1
353 473 1
353 493 1
353 497 1
353 599 1
353 641 1
353 652 1
353 766 1
353 820 1
353 840 1
353 898 1
354 467 1
354 613 1
354 866 1
355 385 1
355 603 1
355 803 1
355 969 1
355 973 1
356 467 1
356 668 1
356 725 1
356 800 1
357 358 1
357 390 1
357 416 1
357 508 1
357 520 1
357 586 1
357 607 1
357 662 1
357 742 1
357 896 1
358 435 1
358 438 1
358 440 1
358 510 1
358 524 1
358 577 1
358 585 1
358 618 1
358 732 1
359 394 1
359 489 1
359 552 1
359 578 1
359 782 1
359 919 1
359 920 1
359 975 1
359 980 1
360 365 1
360 420 1
360 502 1
360 723 1
360 845 1
361 685 1
361 689 1
361 702 1
361 713 1
361 943 1
361 996 1
361 997 1
362 425 1
362 658 1
362 806 1
362 852 1
362 883 1
362 938 1
363 366 1
363 369 1
363 384 1
363 526 1
363 555 1
363 738 1
363 911 1
363 982 1
364 583 1
364 917 1
364 945 1
364 983 1
365 482 1
365 657 1
365 709 1
366 370 1
366 406 1
366 564 1
366 638 1
366 732 1
366 902 1
366 956 1
367 468 1
367 644 1
367 649 1
367 782 1
367 864 1
367 957 1
368 582 1
368 607 1
368 647 1
368 952 1
369 373 1
369 742 1
369 792 1
369 878 1
369 936 1
369 950 1
370 427 1
370 499 1
370 959 1
371 664 1
371 711 1
371 881 1
371 891 1
371 990 1
372 432 1
372 513 1
372 576 1
372 626 1
372 934 1
372 970 1
372 972 1
373 455 1
373 521 1
373 559 1
373 610 1
374 379 1
374 507 1
374 558 1
374 760 1
375 594 1
375 690 1
375 949 1
375 978 1
376 386 1
376 434 1
376 576 1
376 670 1
376 777 1
376 955 1
377 423 1
377 460 1
377 498 1
377 668 1
377 917 1
378 521 1
378 620 1
378 646 1
378 680 1
378 686 1
378 801 1
378 848 1
378 883 1
378 934 1
379 395 1
379 479 1
379 837 1
379 844 1
380 421 1
380 426 1
380 615 1
380 882 1
381 550 1
381 733 1
382 458 1
382 600 1
382 973 1
383 523 1
383 534 1
383 599 1
383 624 1
383 663 1
383 809 1
383 810 1
384 424 1
384 525 1
384 674 1
384 730 1
384 765 1
384 861 1
384 909 1
385 449 1
385 450 1
385 559 1
385 612 1
385 711 1
385 943 1
386 437 1
386 460 1
386 566 1
386 599 1
386 670 1
386 866 1
386 867 1
386 897 1
386 977 1
387 528 1
387 536 1
387 718 1
387 888 1
388 455 1
388 462 1
388 662 1
388 866 1
388 932 1
389 616 1
389 696 1
389 754 1
390 424 1
390 496 1
390 524 1
390 592 1
390 694 1
390 735 1
390 751 1
391 394 1
391 410 1
391 558 1
391 564 1
391 581 1
391 662 1
391 874 1
392 573 1
392 741 1
392 762 1
392 850 1
392 899 1
392 961 1
393 489 1
393 643 1
393 829 1
393 883 1
393 912 1
394 554 1
394 562 1
394 652 1
394 670 1
394 715 1
394 972 1
395 497 1
395 731 1
395 842 1
395 956 1
395 991 1
396 399 1
396 467 1
396 480 1
396 500 1
396 579 1
396 674 1
396 691 1
396 703 1
396 830 1
396 833 1
396 835 1
396 980 1
397 510 1
397 515 1
397 543 1
397 599 1
397 780 1
397 977 1
398 540 1
398 670 1
398 700 1
398 920 1
398 1000 1
399 415 1
399 446 1
399 457 1
399 604 1
399 608 1
399 929 1
400 457 1
400 489 1
400 514 1
400 714 1
400 814 1
400 880 1
400 903 1
401 423 1
401 437 1
401 713 1
401 833 1
401 978 1
402 504 1
402 565 1
402 586 1
402 598 1
402 800 1
402 936 1
403 585 1
403 682 1
403 692 1
403 731 1
403 813 1
403 919 1
404 473 1
404 563 1
404 742 1
404 991 1
405 470 1
405 517 1
405 665 1
405 910 1
406 513 1
406 795 1
406 985 1
407 477 1
407 481 1
407 495 1
407 613 1
407 679 1
407 784 1
408 884 1
408 984 1
409 477 1
409 505 1
409 601 1
409 659 1
409 660 1
409 826 1
409 969 1
410 660 1
410 672 1
410 700 1
410 805 1
410 877 1
410 901 1
411 424 1
411 465 1
411 503 1
411 760 1
411 790 1
411 928 1
411 931 1
411 955 1
412 418 1
412 685 1
412 694 1
413 512 1
413 513 1
413 803 1
414 537 1
414 729 1
414 750 1
414 935 1
414 976 1
414 977 1
415 566 1
415 569 1
415 776 1
415 809 1
415 957 1
415 1000 1
416 575 1
416 750 1
416 751 1
416 839 1
416 842 1
416 921 1
416 950 1
417 436 1
417 483 1
417 861 1
417 869 1
417 928 1
417 937 1
418 420 1
418 463 1
418 512 1
418 524 1
418 792 1
418 852 1
418 884 1
419 476 1
419 482 1
419 657 1
419 767 1
419 958 1
420 438 1
420 597 1
421 506 1
421 674 1
422 454 1
422 478 1
422 499 1
422 528 1
422 618 1
422 739 1
422 924 1
423 435 1
424 469 1
424 594 1
424 760 1
424 802 1
424 811 1
424 818 1
425 472 1
425 845 1
425 905 1
426 440 1
426 698 1
426 701 1
426 900 1
426 925 1
427 471 1
427 517 1
427 590 1
427 810 1
427 828 1
427 887 1
428 847 1
428 973 1
429 641 1
429 684 1
429 721 1
429 895 1
429 932 1
429 971 1
430 624 1
430 709 1
430 722 1
430 867 1
430 986 1
431 546 1
431 660 1
431 692 1
431 696 1
431 824 1
431 898 1
432 614 1
432 703 1
432 713 1
432 819 1
433 491 1
433 512 1
433 693 1
433 696 1
433 748 1
433 927 1
434 687 1
434 710 1
434 753 1
434 761 1
434 783 1
434 806 1
435 445 1
435 653 1
435 999 1
436 589 1
436 682 1
436 684 1
436 906 1
436 977 1
436 986 1
437 531 1
437 609 1
437 705 1
437 916 1
438 443 1
438 464 1
438 677 1
438 683 1
438 731 1
438 782 1
438 784 1
438 942 1
438 956 1
438 960 1
439 979 1
440 475 1
440 500 1
440 605 1
440 637 1
440 741 1
440 861 1
440 867 1
440 978 1
441 453 1
441 466 1
441 519 1
441 640 1
441 729 1
441 751 1
441 790 1
441 810 1
441 831 1
441 938 1
442 444 1
442 478 1
442 549 1
442 571 1
442 676 1
442 681 1
442 872 1
442 966 1
443 501 1
443 636 1
443 637 1
443 712 1
443 890 1
443 949 1
444 506 1
444 606 1
444 640 1
444 653 1
444 674 1
444 725 1
444 759 1
444 837 1
444 943 1
445 603 1
445 734 1
445 739 1
445 748 1
445 761 1
445 985 1
446 510 1
446 604 1
446 757 1
446 780 1
446 855 1
446 876 1
446 963 1
447 478 1
447 538 1
447 646 1
447 734 1
447 784 1
447 896 1
447 898 1
448 520 1
448 557 1
448 730 1
448 749 1
449 554 1
449 620 1
449 621 1
449 632 1
449 893 1
449 986 1
450 531 1
450 533 1
450 542 1
450 652 1
450 680 1
450 690 1
450 712 1
450 826 1
450 893 1
450 913 1
451 504 1
451 713 1
451 723 1
451 893 1
452 470 1
452 481 1
452 517 1
452 546 1
452 586 1
452 813 1
452 882 1
453 570 1
453 697 1
453 740 1
453 837 1
453 972 1
454 470 1
454 509 1
454 601 1
454 679 1
454 991 1
455 466 1
455 474 1
455 574 1
455 666 1
455 705 1
455 771 1
455 841 1
455 975 1
456 546 1
456 677 1
456 680 1
456 686 1
456 694 1
457 515 1
457 660 1
457 675 1
457 734 1
457 744 1
457 815 1
457 870 1
458 483 1
458 532 1
458 561 1
458 577 1
458 880 1
458 912 1
459 494 1
459 532 1
459 540 1
459 575 1
459 614 1
459 625 1
459 648 1
459 669 1
459 762 1
459 856 1
459 870 1
459 951 1
460 485 1
460 662 1
460 686 1
460 703 1
460 704 1
460 794 1
460 800 1
461 513 1
461 592 1
461 638 1
461 744 1
461 800 1
461 801 1
461 849 1
462 505 1
462 594 1
462 669 1
462 769 1
462 822 1
462 868 1
463 625 1
463 672 1
463 710 1
463 714 1
463 724 1
463 735 1
463 855 1
463 904 1
463 942 1
464 691 1
464 722 1
464 849 1
464 898 1
465 490 1
465 579 1
465 680 1
465 860 1
465 995 1
466 573 1
466 764 1
466 767 1
467 549 1
467 658 1
467 801 1
467 899 1
468 530 1
468 615 1
468 638 1
468 686 1
468 756 1
468 767 1
468 876 1
469 483 1
469 503 1
469 694 1
469 805 1
469 903 1
469 982 1
470 756 1
470 802 1
471 731 1
471 765 1
471 815 1
471 845 1
471 873 1
471 926 1
472 516 1
472 699 1
472 874 1
472 1000 1
473 507 1
473 559 1
473 650 1
473 762 1
473 771 1
473 864 1
474 479 1
474 578 1
474 708 1
474 795 1
474 850 1
474 904 1
475 556 1
475 653 1
475 755 1
475 771 1
475 893 1
475 962 1
476 489 1
476 751 1
476 776 1
476 784 1
476 808 1
477 511 1
477 663 1
477 750 1
478 542 1
478 600 1
478 656 1
478 740 1
478 773 1
478 801 1
478 851 1
478 859 1
478 918 1
478 975 1
479 523 1
479 572 1
479 642 1
479 643 1
479 719 1
479 794 1
479 909 1
479 933 1
480 485 1
480 556 1
480 627 1
481 507 1
481 812 1
482 760 1
483 578 1
483 646 1
483 656 1
483 847 1
483 890 1
484 489 1
484 645 1
485 505 1
485 581 1
485 596 1
485 628 1
485 674 1
485 925 1
485 960 1
486 645 1
486 754 1
486 801 1
486 820 1
486 931 1
486 934 1
487 606 1
487 815 1
487 856 1
487 919 1
488 734 1
488 773 1
488 882 1
488 934 1
489 535 1
489 568 1
489 661 1
489 671 1
489 725 1
489 894 1
490 521 1
490 792 1
490 904 1
491 521 1
492 801 1
493 511 1
493 513 1
493 592 1
493 675 1
493 683 1
493 797 1
494 509 1
494 596 1
494 703 1
494 730 1
494 750 1
494 816 1
495 543 1
495 592 1
495 651 1
495 866 1
495 895 1
495 968 1
495 976 1
496 551 1
496 721 1
496 753 1
496 853 1
497 844 1
497 870 1
497 884 1
497 972 1
497 987 1
498 522 1
498 546 1
498 629 1
498 669 1
498 794 1
498 898 1
499 604 1
499 649 1
499 686 1
499 781 1
499 883 1
500 521 1
500 522 1
500 562 1
500 781 1
500 868 1
501 513 1
501 557 1
501 587 1
501 745 1
501 788 1
501 857 1
502 656 1
502 830 1
502 853 1
502 863 1
502 869 1
503 697 1
503 722 1
503 866 1
503 961 1
503 982 1
503 983 1
504 516 1
504 574 1
504 615 1
504 621 1
504 675 1
504 765 1
504 945 1
505 535 1
505 626 1
505 839 1
506 615 1
506 928 1
507 588 1
507 619 1
507 681 1
507 928 1
507 941 1
508 656 1
508 861 1
508 886 1
509 567 1
509 576 1
509 772 1
509 894 1
509 959 1
509 984 1
510 579 1
510 668 1
510 689 1
510 736 1
510 739 1
510 835 1
511 573 1
511 609 1
511 779 1
511 878 1
511 960 1
511 968 1
511 988 1
511 993 1
511 997 1
512 745 1
512 756 1
512 857 1
513 528 1
513 637 1
513 672 1
513 913 1
514 561 1
514 652 1
514 752 1
514 777 1
514 826 1
515 529 1
515 608 1
515 669 1
515 762 1
515 877 1
515 933 1
516 587 1
516 631 1
516 729 1
516 805 1
516 807 1
516 931 1
517 550 1
517 793 1
517 824 1
517 843 1
517 866 1
518 659 1
518 684 1
518 709 1
518 891 1
518 931 1
519 532 1
519 581 1
519 692 1
519 778 1
519 831 1
519 925 1
519 987 1
520 577 1
520 655 1
520 719 1
520 781 1
520 888 1
521 535 1
521 574 1
521 726 1
521 755 1
521 837 1
521 903 1
522 534 1
522 616 1
522 661 1
522 784 1
522 794 1
522 806 1
523 704 1
523 781 1
523 824 1
524 906 1
526 613 1
526 682 1
526 922 1
527 676 1
527 708 1
527 847 1
527 855 1
527 929 1
528 596 1
528 681 1
528 847 1
528 905 1
528 985 1
529 542 1
529 711 1
529 747 1
529 785 1
529 927 1
529 957 1
530 560 1
530 722 1
530 773 1
530 967 1
531 618 1
531 854 1
531 927 1
531 993 1
532 721 1
532 810 1
532 836 1
532 848 1
532 956 1
532 976 1
532 980 1
532 991 1
533 664 1
533 821 1
533 870 1
533 883 1
534 631 1
534 727 1
534 847 1
535 681 1
535 695 1
535 707 1
535 775 1
535 777 1
536 680 1
536 693 1
537 619 1
537 866 1
538 543 1
538 769 1
538 809 1
538 818 1
538 889 1
538 900 1
538 925 1
538 934 1
538 980 1
539 645 1
539 655 1
539 780 1
539 976 1
539 982 1
540 604 1
540 719 1
540 895 1
540 975 1
541 564 1
541 684 1
541 732 1
542 546 1
542 662 1
542 801 1
542 808 1
543 547 1
543 578 1
543 610 1
543 679 1
543 700 1
543 767 1
543 773 1
543 896 1
543 930 1
544 601 1
544 696 1
544 945 1
545 653 1
546 564 1
546 613 1
546 634 1
546 705 1
546 766 1
546 923 1
547 765 1
547 849 1
547 867 1
547 905 1
548 553 1
548 675 1
548 712 1
549 573 1
549 814 1
549 957 1
550 663 1
550 700 1
551 556 1
551 564 1
551 611 1
551 698 1
551 710 1
551 735 1
552 632 1
552 857 1
552 863 1
553 621 1
553 629 1
553 904 1
554 556 1
554 567 1
554 611 1
554 627 1
554 697 1
554 882 1
555 596 1
555 615 1
555 698 1
555 837 1
555 895 1
555 978 1
555 982 1
555 991 1
556 560 1
556 594 1
556 714 1
556 733 1
556 804 1
556 861 1
556 939 1
557 608 1
557 668 1
557 753 1
557 909 1
557 945 1
557 968 1
557 975 1
558 724 1
558 725 1
558 752 1
558 953 1
559 939 1
560 563 1
560 636 1
560 693 1
560 849 1
560 948 1
561 590 1
561 740 1
561 785 1
561 797 1
561 836 1
561 871 1
562 734 1
562 740 1
562 831 1
563 659 1
563 713 1
563 723 1
563 771 1
563 829 1
563 879 1
563 910 1
564 583 1
564 616 1
564 710 1
564 828 1
565 568 1
565 627 1
565 653 1
565 742 1
565 778 1
565 837 1
565 872 1
565 927 1
565 971 1
566 699 1
566 836 1
566 844 1
567 724 1
568 987 1
569 650 1
570 723 1
570 728 1
570 748 1
570 764 1
570 773 1
570 807 1
571 691 1
571 858 1
571 900 1
571 913 1
571 922 1
572 628 1
572 632 1
572 703 1
572 856 1
572 964 1
573 883 1
574 579 1
574 586 1
574 617 1
574 644 1
574 784 1
574 867 1
574 912 1
574 975 1
575 740 1
575 781 1
575 906 1
576 612 1
576 999 1
577 655 1
577 726 1
577 788 1
577 811 1
577 820 1
577 877 1
577 944 1
577 946 1
577 989 1
578 690 1
578 830 1
579 776 1
579 896 1
580 683 1
580 730 1
581 957 1
581 988 1
582 744 1
582 784 1
582 806 1
582 870 1
582 883 1
582 975 1
583 628 1
583 786 1
583 858 1
583 912 1
584 611 1
584 683 1
584 695 1
584 731 1
584 919 1
585 598 1
585 628 1
585 668 1
585 787 1
585 844 1
586 593 1
586 603 1
586 804 1
586 874 1
586 994 1
587 673 1
587 688 1
587 712 1
587 778 1
588 733 1
588 856 1
588 933 1
588 946 1
588 956 1
589 654 1
589 727 1
590 672 1
590 680 1
590 782 1
590 909 1
590 936 1
591 702 1
591 814 1
591 880 1
591 917 1
592 795 1
592 981 1
593 759 1
593 916 1
593 944 1
593 982 1
594 621 1
594 705 1
594 749 1
594 760 1
594 909 1
594 964 1
595 761 1
595 865 1
595 908 1
596 681 1
596 820 1
596 821 1
596 827 1
596 854 1
596 906 1
597 681 1
597 844 1
598 605 1
598 693 1
598 703 1
598 827 1
598 928 1
599 748 1
599 783 1
599 890 1
600 698 1
600 758 1
600 930 1
600 942 1
600 979 1
601 699 1
601 748 1
601 765 1
601 864 1
601 897 1
601 935 1
602 727 1
602 767 1
602 799 1
602 828 1
602 877 1
602 887 1
602 983 1
602 984 1
603 721 1
603 752 1
603 789 1
603 804 1
603 809 1
603 832 1
603 972 1
604 613 1
604 616 1
604 655 1
604 694 1
604 848 1
604 966 1
605 607 1
605 842 1
605 998 1
606 744 1
606 749 1
606 850 1
606 870 1
606 891 1
606 993 1
607 680 1
607 757 1
607 873 1
608 895 1
608 928 1
609 727 1
609 735 1
609 843 1
609 856 1
609 895 1
610 625 1
610 786 1
611 789 1
611 982 1
612 651 1
612 899 1
612 929 1
612 936 1
612 938 1
613 615 1
613 672 1
613 694 1
613 701 1
613 768 1
614 682 1
614 758 1
614 766 1
615 619 1
615 699 1
616 677 1
616 830 1
616 841 1
616 878 1
616 920 1
616 926 1
617 668 1
617 748 1
617 756 1
617 866 1
618 738 1
618 931 1
618 961 1
618 978 1
619 633 1
619 714 1
619 753 1
619 774 1
619 868 1
619 878 1
620 642 1
620 663 1
620 667 1
620 732 1
620 756 1
621 830 1
621 832 1
621 940 1
622 633 1
622 748 1
623 686 1
623 891 1
623 921 1
623 929 1
623 964 1
624 657 1
624 902 1
625 862 1
625 884 1
625 942 1
626 651 1
626 776 1
626 784 1
626 841 1
626 963 1
627 707 1
627 708 1
627 747 1
627 900 1
627 975 1
628 730 1
628 924 1
629 945 1
629 1000 1
630 662 1
630 808 1
630 827 1
630 839 1
630 866 1
630 917 1
630 940 1
631 809 1
631 826 1
632 717 1
632 775 1
632 830 1
632 862 1
632 872 1
632 926 1
632 972 1
633 862 1
634 901 1
634 960 1
635 653 1
635 685 1
635 721 1
635 778 1
635 833 1
636 770 1
636 779 1
636 867 1
637 744 1
637 772 1
637 813 1
637 858 1
637 860 1
638 709 1
638 768 1
638 778 1
638 833 1
638 866 1
638 906 1
638 913 1
638 963 1
638 974 1
639 736 1
639 743 1
639 956 1
640 886 1
641 819 1
641 840 1
641 886 1
641 950 1
642 648 1
643 803 1
644 685 1
644 713 1
644 804 1
644 815 1
644 897 1
645 694 1
645 835 1
645 873 1
645 953 1
645 956 1
646 651 1
646 941 1
647 699 1
648 978 1
649 978 1
649 987 1
650 792 1
652 765 1
652 917 1
652 927 1
652 962 1
653 670 1
653 726 1
653 825 1
654 773 1
654 853 1
654 917 1
654 984 1
655 676 1
655 752 1
655 850 1
655 922 1
656 830 1
657 705 1
657 800 1
657 847 1
657 852 1
657 864 1
657 970 1
658 722 1
658 738 1
658 759 1
658 827 1
658 879 1
658 894 1
658 902 1
659 681 1
659 759 1
659 769 1
659 843 1
660 676 1
660 693 1
660 825 1
660 966 1
662 720 1
662 731 1
662 900 1
662 973 1
663 680 1
663 736 1
663 779 1
663 933 1
663 960 1
664 677 1
664 747 1
664 782 1
664 811 1
664 841 1
664 921 1
665 852 1
665 864 1
665 944 1
666 873 1
667 769 1
668 738 1
668 830 1
668 857 1
668 983 1
669 743 1
669 796 1
669 911 1
669 921 1
669 935 1
669 981 1
670 995 1
671 811 1
671 837 1
671 842 1
672 813 1
672 852 1
672 863 1
672 876 1
673 764 1
673 854 1
673 868 1
673 958 1
674 813 1
674 815 1
674 922 1
674 924 1
674 969 1
674 996 1
675 841 1
675 855 1
676 679 1
676 785 1
677 700 1
677 754 1
677 775 1
677 819 1
677 853 1
678 945 1
679 785 1
679 971 1
680 726 1
680 778 1
681 693 1
681 750 1
681 827 1
681 845 1
681 869 1
681 893 1
681 998 1
682 703 1
682 739 1
682 757 1
682 824 1
682 825 1
682 936 1
682 959 1
683 917 1
684 723 1
684 733 1
684 794 1
684 961 1
686 811 1
686 920 1
687 752 1
687 882 1
687 922 1
687 926 1
687 935 1
688 690 1
688 730 1
688 869 1
688 941 1
688 943 1
688 984 1
689 814 1
689 942 1
690 827 1
691 791 1
691 808 1
691 819 1
691 875 1
691 904 1
692 722 1
693 775 1
693 999 1
694 889 1
694 954 1
694 957 1
695 738 1
695 814 1
695 985 1
696 750 1
696 962 1
696 991 1
697 846 1
697 890 1
697 935 1
697 991 1
698 711 1
698 776 1
698 828 1
698 928 1
699 727 1
699 746 1
699 881 1
699 968 1
700 849 1
700 869 1
701 799 1
701 822 1
701 952 1
702 812 1
702 974 1
703 734 1
703 784 1
703 873 1
703 900 1
703 938 1
704 792 1
704 865 1
704 930 1
705 797 1
705 856 1
705 941 1
707 787 1
707 806 1
707 927 1
707 943 1
708 797 1
708 873 1
708 982 1
709 926 1
710 785 1
710 849 1
710 940 1
710 993 1
711 943 1
711 966 1
712 788 1
712 936 1
713 763 1
713 828 1
714 725 1
714 899 1
714 982 1
716 734 1
716 735 1
716 851 1
716 855 1
716 929 1
716 963 1
717 747 1
717 985 1
717 993 1
717 998 1
718 929 1
718 965 1
719 780 1
719 883 1
719 908 1
719 998 1
720 736 1
720 896 1
720 959 1
720 970 1
721 735 1
721 777 1
721 795 1
721 806 1
721 849 1
721 906 1
721 927 1
722 759 1
722 954 1
722 956 1
722 963 1
723 762 1
723 815 1
723 877 1
724 807 1
724 823 1
724 961 1
725 797 1
725 801 1
725 822 1
725 923 1
725 947 1
725 998 1
726 777 1
726 854 1
726 923 1
726 985 1
727 748 1
727 879 1
727 930 1
728 843 1
728 893 1
729 774 1
729 945 1
730 788 1
730 819 1
730 858 1
730 951 1
731 875 1
731 914 1
731 957 1
731 981 1
732 740 1
732 759 1
732 931 1
733 777 1
733 810 1
735 755 1
735 767 1
735 804 1
735 819 1
735 835 1
735 904 1
736 747 1
737 923 1
738 831 1
738 983 1
739 836 1
739 861 1
739 914 1
739 977 1
740 831 1
741 755 1
741 826 1
741 924 1
741 983 1
742 796 1
742 892 1
743 929 1
743 946 1
744 982 1
745 783 1
745 835 1
745 889 1
746 765 1
746 806 1
746 832 1
746 877 1
746 912 1
746 913 1
746 989 1
747 796 1
747 885 1
747 978 1
748 767 1
748 816 1
748 829 1
748 878 1
748 935 1
749 764 1
749 785 1
749 934 1
749 997 1
750 816 1
750 946 1
750 999 1
752 931 1
752 958 1
753 804 1
753 833 1
753 843 1
753 853 1
753 962 1
754 802 1
755 766 1
755 793 1
756 878 1
756 974 1
757 976 1
758 777 1
758 855 1
758 874 1
759 876 1
759 895 1
760 825 1
760 881 1
762 832 1
763 984 1
764 857 1
764 859 1
764 911 1
764 971 1
765 838 1
765 992 1
766 854 1
767 803 1
767 859 1
768 888 1
768 903 1
768 950 1
769 802 1
770 771 1
770 838 1
770 847 1
770 866 1
773 888 1
774 792 1
774 855 1
774 888 1
774 975 1
775 865 1
775 924 1
775 925 1
775 961 1
776 851 1
776 981 1
777 873 1
777 963 1
777 985 1
778 791 1
778 803 1
778 817 1
779 930 1
780 784 1
780 832 1
781 884 1
781 973 1
782 805 1
782 871 1
782 885 1
782 936 1
783 820 1
783 831 1
783 937 1
784 812 1
784 887 1
784 916 1
784 960 1
785 985 1
786 803 1
786 881 1
786 902 1
786 989 1
789 931 1
790 852 1
790 874 1
790 893 1
790 955 1
792 878 1
792 910 1
792 992 1
793 794 1
794 871 1
794 911 1
795 965 1
796 854 1
797 833 1
797 985 1
798 825 1
799 844 1
799 878 1
800 830 1
800 870 1
800 961 1
800 971 1
800 995 1
801 857 1
801 891 1
801 959 1
802 895 1
802 986 1
803 965 1
804 872 1
804 943 1
804 977 1
805 945 1
806 877 1
806 924 1
807 990 1
808 890 1
809 857 1
809 889 1
809 895 1
809 994 1
810 822 1
810 827 1
810 856 1
810 872 1
811 1000 1
812 999 1
813 986 1
814 833 1
814 858 1
814 975 1
815 867 1
815 948 1
817 822 1
817 830 1
817 861 1
817 927 1
817 994 1
818 859 1
819 970 1
819 978 1
820 909 1
820 912 1
821 909 1
821 955 1
821 969 1
822 920 1
822 935 1
825 995 1
826 835 1
826 961 1
827 849 1
827 900 1
827 977 1
829 999 1
830 891 1
831 908 1
831 945 1
831 974 1
831 989 1
832 956 1
833 877 1
833 894 1
833 945 1
834 903 1
835 893 1
835 900 1
835 985 1
836 940 1
837 854 1
837 963 1
839 852 1
839 858 1
840 899 1
840 910 1
843 877 1
843 988 1
844 992 1
845 858 1
845 942 1
845 998 1
846 849 1
847 858 1
847 961 1
849 859 1
850 984 1
851 943 1
851 1000 1
852 877 1
852 923 1
853 873 1
853 969 1
854 890 1
854 964 1
855 918 1
855 919 1
855 974 1
856 954 1
857 898 1
859 864 1
859 885 1
859 921 1
860 891 1
860 943 1
861 979 1
861 1000 1
862 877 1
863 904 1
863 920 1
863 951 1
864 865 1
866 949 1
867 996 1
868 874 1
869 905 1
869 908 1
869 941 1
869 960 1
869 978 1
870 885 1
871 942 1
873 956 1
875 888 1
875 942 1
875 947 1
875 997 1
877 908 1
878 978 1
879 933 1
881 969 1
881 970 1
883 947 1
884 921 1
885 920 1
886 890 1
886 896 1
886 900 1
887 898 1
888 935 1
889 936 1
889 953 1
890 916 1
890 994 1
891 975 1
891 984 1
892 946 1
893 949 1
894 909 1
894 963 1
895 914 1
895 928 1
897 974 1
899 977 1
900 922 1
900 992 1
902 942 1
903 944 1
904 909 1
904 990 1
905 918 1
905 994 1
906 907 1
906 942 1
906 983 1
907 998 1
909 974 1
909 981 1
910 929 1
915 988 1
917 954 1
922 988 1
923 957 1
923 991 1
925 976 1
926 996 1
928 976 1
930 952 1
932 945 1
932 946 1
932 962 1
932 986 1
936 947 1
937 952 1
940 969 1
941 1000 1
942 944 1
945 997 1
946 993 1
948 957 1
948 997 1
950 974 1
952 973 1
960 966 1
963 972 1
964 967 1
965 979 1
966 967 1
968 998 1
979 993 1
