1000 4914
1 99 1
1 383 1
1 384 1
1 569 1
1 637 1
1 782 1
2 120 1
2 171 1
2 243 1
2 464 1
2 716 1
2 874 1
2 970 1
3 96 1
3 228 1
3 285 1
3 359 1
3 463 1
3 539 1
3 687 1
3 744 1
3 767 1
3 805 1
3 916 1
3 977 1
4 130 1
4 160 1
4 522 1
4 599 1
4 760 1
4 837 1
4 851 1
4 977 1
5 37 1
5 177 1
5 422 1
5 506 1
5 522 1
5 525 1
5 543 1
5 836 1
5 966 1
5 979 1
6 85 1
6 116 1
6 124 1
6 181 1
6 354 1
6 404 1
6 583 1
6 584 1
6 602 1
6 735 1
6 807 1
6 817 1
6 900 1
7 106 1
7 341 1
7 387 1
7 425 1
7 580 1
7 688 1
7 691 1
8 112 1
8 197 1
8 347 1
8 480 1
8 516 1
8 518 1
8 587 1
8 621 1
8 921 1
8 927 1
8 947 1
9 65 1
9 191 1
9 236 1
9 379 1
9 699 1
9 766 1
10 23 1
10 163 1
10 253 1
10 294 1
10 371 1
10 458 1
10 498 1
10 516 1
10 848 1
10 891 1
10 935 1
10 956 1
11 18 1
11 23 1
11 463 1
11 608 1
11 755 1
11 775 1
11 920 1
11 967 1
11 978 1
12 16 1
12 62 1
12 181 1
12 234 1
12 241 1
12 248 1
12 335 1
12 450 1
13 22 1
13 423 1
13 441 1
13 500 1
13 565 1
13 591 1
13 604 1
13 720 1
13 806 1
13 860 1
13 875 1
13 880 1
14 24 1
14 56 1
14 80 1
14 82 1
14 137 1
14 203 1
14 218 1
14 261 1
14 342 1
14 388 1
14 392 1
14 464 1
14 838 1
14 908 1
14 965 1
15 21 1
15 97 1
15 101 1
15 103 1
15 173 1
15 314 1
15 351 1
15 368 1
15 514 1
16 30 1
16 55 1
16 87 1
16 106 1
16 110 1
16 151 1
16 193 1
16 210 1
16 398 1
16 640 1
16 653 1
16 677 1
16 752 1
16 808 1
16 922 1
16 984 1
17 33 1
17 355 1
17 417 1
17 466 1
17 641 1
17 760 1
17 879 1
18 137 1
18 147 1
18 160 1
18 170 1
18 220 1
18 273 1
18 358 1
18 549 1
18 572 1
18 616 1
18 775 1
19 24 1
19 137 1
19 154 1
19 292 1
19 357 1
19 402 1
19 548 1
19 766 1
20 217 1
20 236 1
20 390 1
20 392 1
20 395 1
20 534 1
20 548 1
20 666 1
20 683 1
20 732 1
20 763 1
21 25 1
21 291 1
21 301 1
21 438 1
21 499 1
21 521 1
21 770 1
21 868 1
21 898 1
22 33 1
22 66 1
22 98 1
22 162 1
22 167 1
22 249 1
22 348 1
22 421 1
22 557 1
22 600 1
22 631 1
22 738 1
22 770 1
22 843 1
22 858 1
22 874 1
23 163 1
23 216 1
23 253 1
23 346 1
23 356 1
23 401 1
23 425 1
23 502 1
23 788 1
23 966 1
23 977 1
24 102 1
24 114 1
24 127 1
24 246 1
24 324 1
24 491 1
24 569 1
24 666 1
24 732 1
24 824 1
25 38 1
25 79 1
25 91 1
25 202 1
25 203 1
25 219 1
25 404 1
25 419 1
25 510 1
25 541 1
25 576 1
25 593 1
25 791 1
25 799 1
25 804 1
25 884 1
25 911 1
26 35 1
26 151 1
26 298 1
26 299 1
26 399 1
26 508 1
26 552 1
26 722 1
26 770 1
26 771 1
26 825 1
26 928 1
26 995 1
27 103 1
27 132 1
27 146 1
27 159 1
27 319 1
27 332 1
27 349 1
27 612 1
27 678 1
27 736 1
27 749 1
27 754 1
27 825 1
27 887 1
28 126 1
28 240 1
28 298 1
28 338 1
28 368 1
28 386 1
28 550 1
28 598 1
28 684 1
28 792 1
28 999 1
29 51 1
29 53 1
29 83 1
29 423 1
29 650 1
29 744 1
29 759 1
29 772 1
29 855 1
29 859 1
29 941 1
30 73 1
30 244 1
30 340 1
30 348 1
30 378 1
30 561 1
30 775 1
30 987 1
31 52 1
31 189 1
31 264 1
31 462 1
31 553 1
31 573 1
31 695 1
31 736 1
31 901 1
31 949 1
32 55 1
32 67 1
32 202 1
32 502 1
32 505 1
32 565 1
32 661 1
32 670 1
32 680 1
32 894 1
32 983 1
33 146 1
33 201 1
33 381 1
33 422 1
33 789 1
33 940 1
33 977 1
34 63 1
34 374 1
34 397 1
34 407 1
34 413 1
34 474 1
34 637 1
34 679 1
34 697 1
34 744 1
34 820 1
34 981 1
34 987 1
35 171 1
35 200 1
35 258 1
35 285 1
35 341 1
35 486 1
35 630 1
35 719 1
35 783 1
35 920 1
36 212 1
36 328 1
36 342 1
36 480 1
36 629 1
36 689 1
36 723 1
36 809 1
36 979 1
37 72 1
37 77 1
37 192 1
37 205 1
37 312 1
37 322 1
37 370 1
37 451 1
37 797 1
37 852 1
37 875 1
37 876 1
37 949 1
38 252 1
38 287 1
38 320 1
38 322 1
38 456 1
38 541 1
38 646 1
38 926 1
39 58 1
39 386 1
39 667 1
39 860 1
39 958 1
40 322 1
40 335 1
40 359 1
40 413 1
40 420 1
40 613 1
40 779 1
40 843 1
40 929 1
41 183 1
41 199 1
41 235 1
41 283 1
41 328 1
41 418 1
41 510 1
41 686 1
41 698 1
41 724 1
41 784 1
41 790 1
41 792 1
41 833 1
41 911 1
41 991 1
42 68 1
42 191 1
42 396 1
42 440 1
42 538 1
42 539 1
42 575 1
42 732 1
42 792 1
42 805 1
42 914 1
43 63 1
43 103 1
43 109 1
43 146 1
43 282 1
43 545 1
43 592 1
43 803 1
43 830 1
43 853 1
43 878 1
44 488 1
44 628 1
44 812 1
44 825 1
44 886 1
45 56 1
45 60 1
45 65 1
45 114 1
45 213 1
45 396 1
45 478 1
45 527 1
45 629 1
45 804 1
45 925 1
46 91 1
46 206 1
46 280 1
46 317 1
46 435 1
46 587 1
46 632 1
46 828 1
46 993 1
46 996 1
47 334 1
47 336 1
47 370 1
47 392 1
47 726 1
47 942 1
47 969 1
48 299 1
48 427 1
48 569 1
48 619 1
48 716 1
48 924 1
48 952 1
49 248 1
49 623 1
49 681 1
49 701 1
49 754 1
49 811 1
49 839 1
49 924 1
50 119 1
50 162 1
50 177 1
50 184 1
50 213 1
50 349 1
50 368 1
50 433 1
50 531 1
50 552 1
50 747 1
50 814 1
50 837 1
51 56 1
51 72 1
51 90 1
51 92 1
51 326 1
51 498 1
51 511 1
51 945 1
52 95 1
52 267 1
52 382 1
52 545 1
52 564 1
52 665 1
52 692 1
52 764 1
52 810 1
52 844 1
53 228 1
53 397 1
53 404 1
53 644 1
53 691 1
53 695 1
53 731 1
54 161 1
54 196 1
54 219 1
54 235 1
54 309 1
54 343 1
54 359 1
54 377 1
54 380 1
54 423 1
54 729 1
54 795 1
54 838 1
54 893 1
54 989 1
55 68 1
55 129 1
55 270 1
55 357 1
55 363 1
55 410 1
55 582 1
55 606 1
55 724 1
55 812 1
55 946 1
56 435 1
56 447 1
56 588 1
56 626 1
56 894 1
56 967 1
56 999 1
57 101 1
57 106 1
57 259 1
57 305 1
57 404 1
57 457 1
57 724 1
57 744 1
57 864 1
57 887 1
57 963 1
58 59 1
58 100 1
58 185 1
58 193 1
58 483 1
58 506 1
58 809 1
58 864 1
59 64 1
59 135 1
59 285 1
59 306 1
59 316 1
59 340 1
59 389 1
59 403 1
59 459 1
59 510 1
59 523 1
59 596 1
59 768 1
59 903 1
59 952 1
59 960 1
60 99 1
60 295 1
60 390 1
60 489 1
60 703 1
61 289 1
61 629 1
61 667 1
61 860 1
61 911 1
62 139 1
62 349 1
62 464 1
62 547 1
62 600 1
62 633 1
62 666 1
62 749 1
62 904 1
63 481 1
63 493 1
63 544 1
63 565 1
63 664 1
63 698 1
63 735 1
63 821 1
63 924 1
63 999 1
64 65 1
64 159 1
64 187 1
64 264 1
64 295 1
64 427 1
64 448 1
64 456 1
64 458 1
64 465 1
64 690 1
64 711 1
64 809 1
64 851 1
64 856 1
64 889 1
64 948 1
64 973 1
65 91 1
65 117 1
65 129 1
65 252 1
65 274 1
65 339 1
65 442 1
65 574 1
65 682 1
65 740 1
65 786 1
65 858 1
66 210 1
66 387 1
66 426 1
66 469 1
66 487 1
66 498 1
66 685 1
66 698 1
66 718 1
66 812 1
66 814 1
67 115 1
67 129 1
67 137 1
67 646 1
67 715 1
67 755 1
67 780 1
67 905 1
68 126 1
68 166 1
68 279 1
68 282 1
68 356 1
68 486 1
68 524 1
68 770 1
69 117 1
69 465 1
69 737 1
69 798 1
69 860 1
69 883 1
70 122 1
70 249 1
70 271 1
70 429 1
71 180 1
71 335 1
71 423 1
71 519 1
71 558 1
71 687 1
71 713 1
71 721 1
71 759 1
72 182 1
72 205 1
72 207 1
72 300 1
72 354 1
72 358 1
72 600 1
72 620 1
72 711 1
73 94 1
73 248 1
73 536 1
73 862 1
73 933 1
74 224 1
74 275 1
74 301 1
74 351 1
74 429 1
74 744 1
74 799 1
74 823 1
74 844 1
74 908 1
74 976 1
75 114 1
75 147 1
75 167 1
75 193 1
75 237 1
75 277 1
75 473 1
75 487 1
75 518 1
75 568 1
75 822 1
76 100 1
76 104 1
76 264 1
76 475 1
76 554 1
76 712 1
76 917 1
76 942 1
77 84 1
77 228 1
77 298 1
77 628 1
77 696 1
77 727 1
77 829 1
77 965 1
78 481 1
78 678 1
78 970 1
78 974 1
79 80 1
79 115 1
79 152 1
79 169 1
79 320 1
79 345 1
79 532 1
79 761 1
79 901 1
80 167 1
80 233 1
80 238 1
80 274 1
80 346 1
80 401 1
80 894 1
81 127 1
81 162 1
81 163 1
81 260 1
81 408 1
81 426 1
81 570 1
81 604 1
81 659 1
81 739 1
81 819 1
81 958 1
82 187 1
82 251 1
82 273 1
82 435 1
82 439 1
82 620 1
82 678 1
82 725 1
82 947 1
83 121 1
83 213 1
83 281 1
83 492 1
83 551 1
83 582 1
83 706 1
83 796 1
83 826 1
84 119 1
84 192 1
84 202 1
84 405 1
84 406 1
84 542 1
84 587 1
84 666 1
84 704 1
84 772 1
84 784 1
84 842 1
84 988 1
85 107 1
85 249 1
85 257 1
85 298 1
85 303 1
85 400 1
85 523 1
85 567 1
85 585 1
85 717 1
85 749 1
85 778 1
85 802 1
85 997 1
86 115 1
86 169 1
86 281 1
86 336 1
86 402 1
86 459 1
86 624 1
86 652 1
86 659 1
86 672 1
86 703 1
86 728 1
86 812 1
87 220 1
87 276 1
87 323 1
87 435 1
87 706 1
87 799 1
87 806 1
87 898 1
87 922 1
88 119 1
88 208 1
88 328 1
88 526 1
88 776 1
88 816 1
89 192 1
89 260 1
89 528 1
89 556 1
89 594 1
89 818 1
89 868 1
89 995 1
90 133 1
90 285 1
90 334 1
90 439 1
90 508 1
90 611 1
90 684 1
91 103 1
91 157 1
91 215 1
91 441 1
91 462 1
91 488 1
91 605 1
91 837 1
91 881 1
91 998 1
92 290 1
92 292 1
92 399 1
92 415 1
92 532 1
92 541 1
92 585 1
92 607 1
92 623 1
93 105 1
93 145 1
93 233 1
93 327 1
93 445 1
93 619 1
93 708 1
93 788 1
93 841 1
93 940 1
94 172 1
94 183 1
94 468 1
94 486 1
94 499 1
94 629 1
94 861 1
94 907 1
95 114 1
95 220 1
95 284 1
95 302 1
95 313 1
95 409 1
95 434 1
95 479 1
95 521 1
95 537 1
95 660 1
95 826 1
95 862 1
95 892 1
96 322 1
96 403 1
96 483 1
96 613 1
96 688 1
96 690 1
96 694 1
96 699 1
96 827 1
96 906 1
97 229 1
97 503 1
97 554 1
97 654 1
97 657 1
97 749 1
98 295 1
98 454 1
98 519 1
98 570 1
98 591 1
98 723 1
98 903 1
98 967 1
98 972 1
99 145 1
99 164 1
99 303 1
99 365 1
99 780 1
99 836 1
99 842 1
99 861 1
99 863 1
99 882 1
99 990 1
100 132 1
100 161 1
100 173 1
100 178 1
100 344 1
100 600 1
100 604 1
100 616 1
100 665 1
100 703 1
101 144 1
101 387 1
101 655 1
101 790 1
101 846 1
102 109 1
102 281 1
102 368 1
102 549 1
102 588 1
102 591 1
102 651 1
102 822 1
102 904 1
102 944 1
102 997 1
103 183 1
103 291 1
103 447 1
103 542 1
103 563 1
103 658 1
103 793 1
103 802 1
104 347 1
104 428 1
104 551 1
104 565 1
104 600 1
104 614 1
104 618 1
104 846 1
105 482 1
105 517 1
105 567 1
105 575 1
105 609 1
105 661 1
106 112 1
106 152 1
106 179 1
106 219 1
106 278 1
106 287 1
106 301 1
106 346 1
106 386 1
106 442 1
106 459 1
106 688 1
106 690 1
106 695 1
106 826 1
106 838 1
107 563 1
107 648 1
107 653 1
107 736 1
107 965 1
107 968 1
107 978 1
108 187 1
108 628 1
108 677 1
108 731 1
108 757 1
108 784 1
109 122 1
109 140 1
109 160 1
109 203 1
109 373 1
109 391 1
109 404 1
109 432 1
109 699 1
109 806 1
109 930 1
110 160 1
110 196 1
110 223 1
110 561 1
110 629 1
110 810 1
110 981 1
111 118 1
111 420 1
111 614 1
111 670 1
111 676 1
111 747 1
111 828 1
111 903 1
111 925 1
111 970 1
112 252 1
112 280 1
112 431 1
112 510 1
112 629 1
113 458 1
113 495 1
113 505 1
113 611 1
113 645 1
113 659 1
113 667 1
113 700 1
113 814 1
113 848 1
113 851 1
113 892 1
114 333 1
114 387 1
114 674 1
114 681 1
114 972 1
115 305 1
115 331 1
115 399 1
115 469 1
115 761 1
115 897 1
116 177 1
116 362 1
116 423 1
116 490 1
116 547 1
116 620 1
116 746 1
116 750 1
116 768 1
117 440 1
117 597 1
117 666 1
117 820 1
117 917 1
117 956 1
117 987 1
118 167 1
118 528 1
118 722 1
118 895 1
118 935 1
118 947 1
119 123 1
119 142 1
119 153 1
119 339 1
119 457 1
119 555 1
119 650 1
119 678 1
119 798 1
119 874 1
120 242 1
120 262 1
120 278 1
120 357 1
120 384 1
120 444 1
120 512 1
120 843 1
120 921 1
120 981 1
121 226 1
121 321 1
121 334 1
121 448 1
121 627 1
121 752 1
121 793 1
121 949 1
122 487 1
122 508 1
122 1000 1
123 201 1
123 328 1
123 492 1
123 633 1
123 858 1
124 248 1
124 283 1
124 340 1
124 393 1
124 419 1
124 424 1
124 687 1
124 913 1
124 926 1
125 166 1
125 224 1
125 230 1
125 252 1
125 322 1
125 325 1
125 568 1
125 605 1
125 639 1
125 697 1
125 761 1
125 928 1
126 205 1
126 216 1
126 217 1
126 274 1
126 351 1
126 600 1
126 633 1
126 718 1
126 785 1
126 898 1
127 138 1
127 206 1
127 237 1
127 394 1
127 479 1
127 501 1
127 540 1
127 697 1
127 755 1
127 823 1
127 826 1
127 906 1
128 147 1
128 430 1
128 524 1
128 614 1
128 756 1
129 162 1
129 211 1
129 315 1
129 480 1
129 518 1
129 651 1
129 699 1
129 881 1
130 233 1
130 535 1
130 590 1
130 674 1
130 705 1
130 739 1
130 742 1
130 881 1
130 962 1
131 221 1
131 516 1
131 549 1
131 655 1
131 797 1
131 920 1
132 231 1
132 266 1
132 315 1
132 431 1
132 518 1
132 560 1
132 643 1
132 770 1
132 835 1
132 926 1
133 230 1
133 595 1
133 645 1
133 651 1
133 853 1
133 963 1
134 288 1
134 299 1
134 466 1
134 471 1
134 629 1
134 798 1
134 831 1
134 887 1
135 319 1
135 775 1
135 869 1
136 197 1
136 208 1
136 409 1
136 410 1
136 497 1
136 569 1
136 841 1
137 148 1
137 235 1
137 263 1
137 396 1
137 470 1
137 472 1
137 830 1
138 243 1
138 261 1
138 302 1
138 360 1
138 647 1
138 651 1
138 717 1
138 792 1
138 850 1
138 864 1
138 973 1
139 237 1
139 329 1
139 420 1
139 500 1
139 544 1
139 574 1
139 610 1
139 732 1
139 752 1
139 790 1
139 926 1
139 972 1
140 183 1
140 397 1
140 493 1
140 515 1
140 831 1
141 225 1
141 228 1
141 295 1
141 766 1
141 909 1
141 963 1
141 993 1
142 284 1
142 371 1
142 374 1
142 473 1
142 476 1
142 524 1
142 675 1
142 696 1
142 827 1
142 909 1
143 203 1
143 289 1
143 332 1
143 336 1
143 510 1
143 723 1
143 751 1
143 857 1
143 895 1
144 204 1
144 602 1
144 796 1
144 810 1
144 892 1
145 930 1
145 968 1
146 264 1
146 573 1
146 955 1
147 194 1
147 242 1
147 252 1
147 441 1
147 569 1
147 737 1
147 793 1
147 796 1
148 255 1
148 257 1
148 416 1
148 543 1
148 566 1
148 655 1
148 735 1
148 880 1
148 897 1
148 899 1
148 939 1
148 961 1
149 162 1
149 180 1
149 255 1
149 354 1
149 379 1
149 587 1
149 678 1
150 256 1
150 323 1
150 413 1
150 445 1
150 534 1
150 596 1
150 604 1
150 652 1
150 665 1
150 692 1
150 762 1
150 918 1
150 946 1
150 977 1
151 278 1
151 284 1
151 309 1
151 351 1
151 397 1
151 437 1
151 508 1
151 554 1
151 590 1
151 742 1
151 744 1
151 770 1
151 837 1
151 928 1
151 988 1
152 214 1
152 401 1
152 468 1
152 679 1
152 700 1
152 763 1
152 865 1
152 895 1
152 916 1
153 232 1
153 263 1
153 346 1
153 420 1
153 518 1
153 639 1
153 703 1
153 758 1
153 806 1
154 181 1
154 369 1
154 412 1
154 426 1
154 448 1
154 552 1
154 722 1
154 944 1
154 959 1
155 243 1
155 259 1
155 416 1
155 448 1
155 483 1
155 586 1
155 839 1
155 861 1
155 974 1
156 166 1
156 199 1
156 309 1
156 414 1
156 744 1
156 797 1
156 849 1
157 175 1
157 552 1
157 837 1
157 856 1
157 877 1
158 187 1
158 263 1
158 438 1
158 481 1
158 595 1
158 692 1
158 711 1
158 761 1
158 769 1
158 815 1
158 939 1
159 439 1
159 605 1
159 929 1
160 200 1
160 269 1
160 283 1
160 397 1
160 437 1
160 485 1
160 567 1
160 700 1
160 704 1
160 799 1
160 850 1
160 910 1
161 355 1
161 503 1
161 750 1
161 918 1
162 230 1
162 279 1
162 442 1
162 472 1
162 475 1
162 575 1
162 671 1
162 793 1
162 803 1
162 903 1
162 914 1
163 237 1
163 520 1
163 606 1
163 705 1
164 301 1
164 341 1
164 414 1
164 442 1
164 482 1
164 509 1
164 601 1
164 900 1
164 930 1
165 190 1
165 303 1
165 345 1
165 390 1
165 447 1
165 467 1
165 540 1
165 543 1
165 711 1
165 736 1
165 918 1
165 975 1
166 176 1
166 321 1
166 605 1
166 678 1
166 756 1
166 835 1
166 918 1
167 241 1
167 265 1
167 272 1
167 316 1
167 525 1
167 601 1
167 615 1
167 686 1
167 692 1
167 765 1
167 836 1
167 897 1
168 251 1
168 298 1
168 309 1
168 327 1
168 534 1
168 732 1
168 844 1
168 980 1
169 224 1
169 228 1
169 253 1
169 287 1
169 368 1
169 434 1
169 481 1
169 504 1
169 517 1
169 725 1
169 746 1
170 263 1
170 374 1
170 493 1
170 549 1
170 608 1
170 647 1
170 744 1
170 794 1
170 828 1
170 917 1
170 934 1
171 398 1
171 510 1
171 536 1
171 628 1
171 649 1
171 743 1
171 852 1
171 942 1
172 421 1
172 441 1
172 587 1
172 829 1
172 833 1
172 917 1
172 969 1
173 211 1
173 223 1
173 240 1
173 244 1
173 574 1
173 668 1
173 692 1
173 709 1
173 806 1
173 820 1
173 822 1
173 974 1
174 211 1
174 284 1
174 503 1
174 595 1
174 819 1
174 867 1
174 883 1
174 915 1
174 953 1
174 960 1
174 971 1
174 989 1
175 264 1
175 637 1
175 662 1
175 679 1
175 736 1
175 770 1
175 792 1
175 793 1
175 969 1
176 341 1
176 365 1
176 494 1
176 566 1
176 574 1
176 704 1
176 834 1
176 934 1
177 366 1
177 408 1
177 440 1
177 466 1
177 564 1
177 569 1
177 592 1
177 669 1
177 741 1
177 785 1
177 792 1
178 217 1
178 368 1
178 376 1
178 578 1
178 589 1
178 599 1
178 655 1
178 740 1
178 921 1
179 219 1
179 277 1
179 359 1
179 676 1
179 686 1
179 734 1
179 776 1
179 863 1
179 992 1
180 202 1
180 399 1
180 437 1
180 644 1
180 782 1
180 816 1
180 898 1
180 989 1
181 273 1
181 383 1
181 412 1
181 470 1
181 485 1
181 697 1
181 827 1
182 805 1
182 820 1
182 973 1
183 276 1
183 556 1
183 812 1
184 511 1
184 690 1
184 734 1
184 773 1
184 939 1
184 980 1
185 220 1
185 440 1
185 461 1
185 541 1
185 553 1
185 589 1
185 819 1
185 993 1
186 233 1
186 264 1
186 273 1
186 320 1
186 329 1
186 350 1
186 364 1
186 480 1
186 790 1
186 832 1
186 867 1
186 872 1
186 887 1
186 943 1
187 193 1
187 205 1
187 279 1
187 284 1
187 358 1
187 415 1
187 463 1
187 474 1
187 496 1
187 521 1
187 522 1
187 763 1
187 914 1
187 984 1
188 517 1
188 519 1
188 573 1
188 823 1
188 835 1
188 837 1
188 869 1
188 892 1
189 603 1
189 640 1
189 766 1
189 793 1
189 849 1
189 865 1
189 886 1
189 890 1
190 277 1
190 666 1
190 707 1
190 771 1
190 934 1
190 936 1
191 235 1
191 325 1
191 389 1
191 509 1
191 601 1
191 663 1
191 694 1
191 832 1
191 897 1
191 949 1
192 210 1
192 297 1
192 330 1
192 384 1
192 396 1
192 559 1
192 672 1
192 725 1
192 805 1
193 534 1
193 607 1
193 624 1
193 695 1
193 755 1
193 906 1
193 964 1
194 205 1
194 368 1
194 395 1
194 615 1
194 681 1
194 828 1
195 408 1
195 425 1
195 461 1
195 468 1
195 553 1
195 569 1
195 736 1
195 744 1
195 837 1
195 915 1
195 926 1
196 199 1
196 353 1
196 568 1
196 632 1
196 689 1
196 804 1
196 883 1
196 885 1
196 949 1
197 383 1
197 444 1
197 562 1
197 694 1
198 276 1
198 456 1
198 524 1
198 555 1
198 608 1
198 718 1
198 810 1
198 936 1
199 301 1
199 400 1
199 473 1
199 477 1
199 524 1
199 540 1
199 544 1
200 302 1
200 303 1
200 376 1
200 396 1
200 439 1
200 495 1
200 536 1
200 625 1
200 631 1
201 271 1
201 885 1
202 328 1
202 475 1
202 584 1
202 804 1
202 859 1
203 289 1
203 670 1
203 691 1
203 789 1
203 830 1
203 907 1
203 957 1
203 980 1
204 316 1
204 328 1
204 374 1
204 386 1
204 491 1
204 547 1
204 559 1
204 652 1
204 789 1
204 933 1
205 224 1
205 367 1
205 972 1
205 978 1
206 235 1
206 329 1
206 355 1
206 381 1
206 617 1
206 709 1
206 855 1
207 284 1
207 659 1
207 679 1
207 838 1
207 868 1
208 304 1
208 481 1
208 856 1
208 968 1
209 245 1
209 247 1
209 297 1
209 431 1
209 549 1
209 711 1
209 768 1
209 852 1
209 874 1
210 376 1
210 469 1
210 567 1
210 576 1
210 594 1
210 877 1
210 995 1
211 219 1
211 304 1
211 418 1
211 488 1
211 519 1
211 590 1
211 690 1
211 741 1
211 749 1
211 791 1
211 957 1
211 986 1
212 321 1
212 326 1
212 333 1
212 383 1
212 429 1
212 512 1
212 528 1
212 538 1
212 560 1
212 712 1
212 867 1
212 981 1
213 401 1
213 462 1
213 561 1
213 806 1
214 327 1
214 566 1
214 733 1
214 783 1
214 813 1
214 963 1
215 473 1
215 505 1
215 513 1
215 641 1
215 782 1
215 865 1
216 250 1
216 278 1
216 389 1
216 390 1
216 526 1
216 564 1
216 572 1
216 648 1
216 790 1
216 865 1
216 912 1
217 226 1
217 287 1
217 346 1
217 375 1
217 400 1
217 517 1
217 753 1
217 920 1
217 931 1
217 971 1
218 222 1
218 380 1
218 594 1
218 725 1
218 744 1
218 781 1
218 899 1
218 901 1
218 974 1
219 286 1
219 310 1
219 329 1
219 374 1
219 417 1
219 443 1
219 570 1
219 590 1
219 745 1
219 838 1
219 907 1
220 266 1
220 274 1
220 392 1
220 467 1
220 479 1
220 695 1
220 710 1
220 723 1
220 852 1
220 971 1
221 307 1
221 360 1
221 405 1
221 677 1
221 901 1
221 980 1
222 238 1
222 391 1
222 406 1
222 430 1
222 540 1
222 707 1
222 752 1
222 868 1
222 991 1
223 253 1
223 271 1
223 421 1
223 487 1
223 610 1
223 793 1
223 812 1
223 855 1
223 874 1
223 918 1
223 950 1
223 981 1
224 262 1
224 284 1
224 330 1
224 362 1
224 444 1
224 567 1
224 606 1
224 610 1
224 684 1
224 758 1
224 853 1
225 226 1
225 405 1
225 443 1
225 524 1
225 699 1
225 782 1
225 909 1
226 283 1
226 323 1
226 338 1
226 439 1
226 519 1
226 531 1
226 614 1
226 635 1
226 747 1
226 752 1
226 973 1
226 992 1
227 308 1
227 320 1
227 436 1
227 858 1
227 873 1
227 900 1
228 233 1
228 255 1
228 286 1
228 288 1
228 380 1
228 635 1
228 714 1
228 760 1
228 772 1
229 277 1
229 304 1
229 331 1
229 517 1
229 524 1
229 536 1
229 651 1
229 921 1
229 987 1
230 417 1
230 497 1
230 514 1
230 560 1
230 591 1
230 607 1
230 662 1
230 688 1
230 758 1
230 995 1
231 245 1
231 325 1
231 328 1
231 336 1
231 363 1
231 422 1
231 438 1
231 548 1
231 586 1
231 770 1
231 928 1
232 502 1
232 578 1
232 765 1
232 837 1
232 894 1
232 896 1
233 329 1
233 330 1
233 363 1
233 394 1
233 505 1
233 529 1
233 883 1
234 290 1
234 326 1
234 568 1
234 580 1
234 769 1
234 981 1
235 269 1
235 477 1
235 530 1
235 542 1
235 559 1
235 726 1
235 743 1
235 841 1
236 440 1
236 646 1
237 304 1
237 494 1
237 552 1
237 855 1
237 966 1
238 284 1
238 287 1
238 358 1
238 365 1
238 665 1
238 718 1
238 866 1
238 876 1
238 1000 1
239 286 1
239 500 1
239 515 1
239 532 1
239 629 1
239 697 1
239 773 1
240 267 1
240 276 1
240 321 1
240 345 1
240 360 1
240 385 1
240 460 1
240 688 1
240 698 1
240 758 1
240 820 1
240 839 1
240 903 1
240 942 1
241 495 1
241 588 1
241 720 1
241 777 1
241 909 1
242 409 1
242 419 1
242 443 1
242 486 1
242 694 1
242 703 1
242 985 1
243 451 1
243 506 1
243 605 1
243 739 1
244 402 1
244 476 1
244 583 1
244 590 1
244 682 1
245 604 1
245 655 1
245 834 1
246 436 1
246 481 1
246 793 1
246 939 1
246 981 1
246 988 1
246 992 1
247 279 1
247 788 1
247 872 1
247 925 1
247 955 1
247 987 1
248 335 1
248 338 1
248 363 1
248 378 1
248 404 1
248 477 1
248 486 1
248 525 1
248 537 1
248 553 1
248 570 1
248 745 1
248 818 1
248 845 1
248 855 1
248 892 1
249 275 1
249 451 1
249 574 1
249 810 1
249 818 1
249 924 1
249 925 1
249 952 1
250 341 1
250 718 1
250 855 1
250 866 1
251 307 1
251 309 1
251 540 1
251 561 1
251 933 1
252 449 1
252 495 1
252 500 1
252 531 1
252 542 1
252 606 1
252 887 1
253 259 1
253 276 1
253 282 1
253 377 1
253 553 1
253 719 1
253 837 1
253 979 1
254 255 1
254 362 1
254 558 1
254 612 1
254 856 1
254 887 1
254 904 1
254 948 1
255 284 1
255 311 1
255 381 1
255 595 1
255 835 1
255 884 1
255 920 1
255 976 1
256 301 1
256 312 1
256 407 1
256 492 1
256 501 1
256 724 1
256 744 1
256 922 1
256 936 1
257 289 1
257 413 1
257 472 1
257 509 1
257 645 1
257 678 1
257 680 1
257 967 1
258 317 1
258 327 1
258 356 1
258 539 1
258 662 1
258 701 1
258 718 1
258 794 1
258 815 1
258 950 1
259 325 1
259 382 1
259 586 1
259 790 1
259 817 1
259 949 1
260 293 1
260 344 1
260 371 1
260 374 1
260 471 1
260 489 1
260 601 1
260 622 1
260 849 1
260 859 1
260 909 1
261 428 1
261 463 1
261 796 1
261 822 1
261 882 1
261 996 1
262 500 1
262 553 1
262 883 1
262 901 1
263 280 1
263 497 1
263 710 1
263 818 1
263 885 1
263 895 1
264 358 1
264 599 1
264 644 1
264 750 1
264 914 1
265 406 1
265 528 1
265 548 1
265 710 1
266 500 1
266 580 1
266 825 1
266 867 1
266 948 1
266 959 1
267 438 1
267 563 1
268 294 1
268 302 1
268 362 1
268 410 1
268 503 1
268 652 1
268 753 1
268 787 1
268 861 1
268 934 1
269 312 1
269 509 1
269 569 1
269 576 1
269 607 1
269 704 1
269 720 1
269 787 1
269 829 1
269 835 1
269 867 1
269 956 1
270 397 1
270 441 1
270 554 1
270 615 1
270 631 1
270 856 1
270 967 1
271 558 1
271 592 1
271 668 1
271 818 1
271 822 1
271 919 1
272 309 1
272 332 1
272 492 1
272 553 1
272 713 1
272 871 1
273 327 1
273 439 1
273 510 1
273 679 1
273 988 1
273 998 1
274 308 1
274 355 1
274 389 1
274 430 1
274 484 1
274 679 1
274 802 1
274 960 1
275 317 1
275 324 1
275 345 1
275 353 1
275 386 1
275 476 1
275 728 1
275 759 1
275 840 1
275 942 1
275 995 1
276 327 1
276 386 1
276 391 1
276 421 1
276 424 1
276 720 1
276 849 1
276 883 1
276 998 1
277 294 1
277 345 1
277 381 1
277 632 1
277 689 1
277 708 1
277 765 1
277 766 1
277 780 1
277 834 1
277 915 1
277 976 1
278 334 1
278 426 1
278 608 1
278 981 1
278 984 1
279 383 1
279 414 1
279 432 1
279 556 1
279 607 1
279 612 1
279 726 1
279 742 1
279 745 1
279 927 1
279 948 1
279 996 1
280 398 1
280 452 1
280 582 1
280 638 1
280 817 1
280 864 1
280 873 1
281 490 1
281 722 1
281 790 1
281 852 1
281 914 1
281 946 1
282 400 1
283 284 1
283 502 1
283 656 1
283 696 1
283 740 1
283 897 1
283 926 1
284 447 1
284 635 1
284 818 1
284 937 1
285 378 1
285 637 1
285 650 1
285 669 1
285 959 1
286 304 1
286 422 1
286 452 1
286 476 1
286 880 1
286 919 1
286 940 1
287 289 1
287 294 1
287 342 1
287 398 1
287 526 1
287 561 1
287 578 1
287 639 1
287 691 1
287 874 1
287 921 1
288 369 1
288 408 1
288 493 1
288 593 1
288 676 1
288 701 1
288 811 1
288 832 1
289 389 1
289 505 1
289 544 1
289 799 1
290 317 1
290 529 1
290 530 1
290 598 1
290 618 1
290 771 1
290 802 1
290 924 1
290 998 1
291 320 1
291 492 1
291 667 1
291 668 1
291 862 1
291 923 1
291 936 1
292 474 1
292 520 1
292 761 1
292 795 1
292 965 1
293 296 1
293 369 1
293 420 1
293 439 1
293 536 1
293 864 1
294 584 1
294 974 1
295 297 1
295 806 1
295 938 1
296 394 1
296 578 1
296 959 1
296 996 1
297 342 1
297 415 1
297 478 1
297 813 1
297 843 1
297 897 1
297 907 1
297 988 1
298 360 1
298 454 1
298 471 1
298 521 1
298 693 1
298 730 1
298 861 1
299 463 1
299 578 1
299 603 1
299 795 1
299 926 1
300 333 1
300 388 1
300 412 1
300 430 1
300 594 1
300 737 1
300 834 1
300 985 1
301 322 1
301 401 1
301 424 1
301 509 1
301 556 1
301 663 1
301 829 1
301 867 1
302 320 1
302 327 1
302 356 1
302 591 1
302 691 1
302 693 1
302 934 1
302 961 1
302 966 1
303 327 1
303 419 1
303 433 1
303 505 1
303 521 1
303 786 1
303 833 1
303 931 1
304 511 1
304 565 1
304 687 1
304 887 1
304 944 1
305 310 1
305 317 1
305 497 1
305 551 1
305 634 1
305 771 1
305 872 1
305 918 1
306 329 1
306 341 1
306 347 1
306 372 1
306 445 1
306 557 1
306 645 1
306 722 1
306 908 1
306 942 1
306 964 1
307 502 1
307 516 1
307 673 1
307 678 1
307 683 1
307 694 1
308 548 1
308 733 1
309 379 1
309 529 1
309 605 1
309 637 1
309 717 1
309 858 1
310 507 1
310 508 1
310 861 1
310 991 1
311 435 1
311 659 1
311 666 1
311 722 1
311 779 1
311 967 1
312 387 1
312 429 1
312 552 1
312 611 1
312 617 1
312 682 1
312 739 1
312 885 1
312 983 1
313 389 1
313 397 1
313 525 1
313 582 1
313 813 1
313 835 1
313 873 1
314 337 1
314 358 1
314 359 1
314 602 1
314 841 1
315 805 1
315 850 1
315 908 1
316 452 1
316 555 1
316 563 1
316 703 1
316 746 1
316 882 1
316 888 1
317 356 1
317 407 1
317 568 1
317 660 1
317 685 1
317 767 1
317 866 1
318 327 1
318 497 1
318 564 1
318 665 1
318 701 1
318 759 1
318 763 1
318 806 1
318 908 1
318 947 1
318 977 1
319 397 1
319 431 1
319 720 1
319 868 1
319 959 1
320 434 1
320 494 1
320 523 1
320 597 1
320 709 1
320 863 1
320 999 1
321 489 1
321 497 1
321 512 1
321 746 1
321 840 1
321 856 1
322 364 1
322 379 1
322 574 1
322 660 1
322 676 1
322 714 1
322 724 1
322 743 1
323 333 1
323 354 1
323 371 1
323 392 1
323 556 1
323 614 1
323 663 1
323 720 1
323 777 1
323 786 1
324 428 1
324 430 1
324 549 1
324 879 1
324 881 1
324 911 1
324 954 1
325 398 1
325 546 1
325 999 1
326 509 1
326 580 1
326 777 1
326 829 1
326 876 1
326 921 1
326 937 1
326 960 1
327 443 1
327 819 1
327 903 1
327 975 1
328 351 1
328 357 1
328 451 1
328 763 1
328 772 1
328 795 1
328 864 1
329 562 1
329 592 1
329 957 1
330 366 1
330 402 1
330 403 1
330 798 1
330 829 1
331 493 1
331 786 1
331 908 1
332 347 1
332 368 1
332 372 1
332 383 1
332 415 1
332 510 1
332 551 1
332 581 1
332 757 1
332 805 1
332 890 1
332 892 1
332 945 1
332 966 1
332 996 1
333 356 1
333 473 1
333 534 1
333 541 1
333 647 1
333 769 1
333 785 1
334 345 1
334 393 1
334 485 1
334 734 1
335 465 1
335 547 1
335 673 1
335 884 1
335 939 1
336 500 1
336 526 1
336 577 1
336 713 1
336 934 1
337 486 1
337 553 1
337 628 1
337 645 1
337 729 1
337 840 1
338 424 1
338 542 1
338 580 1
338 938 1
339 394 1
339 413 1
339 533 1
339 703 1
339 727 1
339 753 1
339 824 1
339 874 1
339 923 1
339 943 1
340 427 1
340 453 1
340 506 1
340 688 1
340 718 1
341 687 1
341 733 1
341 739 1
341 770 1
341 892 1
342 679 1
342 752 1
342 929 1
342 987 1
343 414 1
343 475 1
343 479 1
343 589 1
343 635 1
343 741 1
343 884 1
343 885 1
343 958 1
344 391 1
344 512 1
344 560 1
344 621 1
344 969 1
345 401 1
345 434 1
345 604 1
345 911 1
345 996 1
346 358 1
346 422 1
346 584 1
346 610 1
346 923 1
347 385 1
347 454 1
347 542 1
347 639 1
347 752 1
347 941 1
347 997 1
348 416 1
348 471 1
348 487 1
348 628 1
348 775 1
348 986 1
349 519 1
349 855 1
349 888 1
349 894 1
350 503 1
350 648 1
350 731 1
351 484 1
351 497 1
351 526 1
351 559 1
351 692 1
351 895 1
352 434 1
352 483 1
352 632 1
352 668 1
352 736 1
352 898 1
353 361 1
353 396 1
353 465 1
353 667 1
353 707 1
353 709 1
353 774 1
353 793 1
353 837 1
353 880 1
353 946 1
353 971 1
353 981 1
353 983 1
354 513 1
354 536 1
354 613 1
354 698 1
354 805 1
354 950 1
354 965 1
355 389 1
355 553 1
355 625 1
355 775 1
355 844 1
355 875 1
356 552 1
356 557 1
356 558 1
356 634 1
356 643 1
356 664 1
356 698 1
356 748 1
356 767 1
356 879 1
356 987 1
357 380 1
357 565 1
357 699 1
357 739 1
357 906 1
357 968 1
358 389 1
358 395 1
358 555 1
358 558 1
358 696 1
358 738 1
358 780 1
358 864 1
358 867 1
358 897 1
358 900 1
359 361 1
359 438 1
359 498 1
359 517 1
359 723 1
359 746 1
360 455 1
360 499 1
360 611 1
360 651 1
361 409 1
361 494 1
361 503 1
361 602 1
361 692 1
361 740 1
361 808 1
361 877 1
362 417 1
362 464 1
362 716 1
362 894 1
362 915 1
362 1000 1
363 401 1
363 550 1
363 692 1
363 727 1
363 728 1
363 803 1
363 806 1
363 915 1
364 413 1
364 445 1
364 470 1
364 565 1
364 620 1
364 646 1
364 683 1
365 754 1
365 828 1
366 397 1
366 583 1
366 584 1
366 590 1
366 827 1
367 693 1
367 798 1
367 972 1
368 493 1
368 513 1
368 558 1
368 603 1
368 752 1
368 999 1
369 435 1
369 532 1
369 602 1
369 629 1
369 727 1
369 791 1
369 801 1
369 881 1
369 970 1
370 430 1
370 433 1
370 482 1
370 541 1
370 584 1
370 805 1
370 957 1
371 429 1
371 473 1
371 480 1
371 650 1
371 834 1
372 452 1
372 551 1
372 575 1
372 779 1
372 834 1
372 860 1
372 906 1
372 992 1
373 474 1
373 475 1
373 483 1
373 615 1
373 616 1
373 638 1
373 666 1
373 770 1
373 835 1
373 892 1
373 937 1
374 505 1
374 529 1
374 580 1
374 603 1
374 604 1
374 664 1
375 429 1
375 464 1
375 517 1
375 666 1
375 794 1
375 934 1
375 937 1
376 410 1
376 623 1
376 651 1
376 929 1
377 434 1
377 518 1
377 625 1
377 896 1
377 943 1
377 967 1
378 384 1
378 420 1
378 540 1
378 705 1
378 709 1
378 805 1
378 895 1
378 947 1
379 499 1
379 507 1
379 632 1
379 659 1
379 769 1
379 850 1
379 930 1
379 970 1
380 486 1
380 627 1
380 935 1
381 552 1
381 598 1
381 651 1
381 656 1
381 707 1
381 761 1
381 966 1
381 998 1
382 730 1
382 835 1
382 939 1
382 962 1
383 839 1
383 999 1
384 451 1
384 488 1
384 496 1
384 549 1
384 624 1
384 661 1
384 737 1
384 941 1
385 445 1
385 485 1
385 686 1
385 694 1
385 763 1
385 811 1
385 827 1
385 853 1
385 890 1
385 905 1
385 978 1
386 412 1
386 445 1
386 470 1
386 814 1
386 847 1
386 955 1
386 995 1
387 501 1
387 517 1
387 521 1
387 739 1
387 969 1
388 403 1
388 404 1
388 490 1
388 503 1
388 546 1
388 553 1
388 578 1
388 687 1
388 821 1
388 914 1
388 930 1
388 974 1
388 989 1
389 553 1
389 556 1
389 627 1
389 642 1
389 729 1
389 910 1
389 949 1
390 458 1
390 530 1
390 588 1
390 724 1
390 801 1
390 878 1
391 626 1
391 821 1
392 438 1
392 446 1
392 564 1
392 649 1
392 876 1
392 900 1
392 949 1
393 586 1
393 786 1
393 829 1
393 887 1
393 992 1
394 451 1
394 481 1
394 547 1
394 658 1
394 701 1
394 785 1
394 816 1
394 860 1
395 572 1
395 757 1
395 823 1
395 827 1
396 419 1
396 430 1
396 583 1
396 593 1
396 820 1
396 844 1
396 880 1
396 979 1
397 452 1
397 467 1
397 503 1
397 568 1
397 569 1
397 749 1
397 821 1
397 823 1
397 898 1
397 961 1
398 510 1
398 592 1
398 823 1
398 850 1
398 984 1
399 495 1
399 681 1
399 682 1
399 784 1
399 868 1
399 918 1
399 990 1
400 544 1
400 700 1
400 724 1
400 780 1
400 878 1
400 891 1
400 924 1
401 428 1
401 690 1
401 720 1
401 837 1
403 552 1
403 621 1
403 632 1
403 886 1
404 516 1
404 667 1
404 703 1
405 456 1
405 527 1
405 759 1
405 820 1
405 899 1
405 905 1
406 521 1
406 555 1
406 569 1
407 462 1
407 502 1
407 530 1
407 636 1
407 692 1
407 716 1
407 912 1
407 997 1
408 450 1
408 567 1
408 838 1
408 884 1
408 920 1
408 970 1
408 982 1
409 435 1
409 568 1
409 916 1
409 939 1
410 576 1
410 759 1
410 778 1
410 797 1
410 800 1
410 826 1
410 848 1
410 898 1
411 497 1
411 537 1
411 569 1
411 714 1
411 835 1
411 868 1
411 891 1
411 964 1
412 426 1
412 582 1
412 720 1
412 779 1
412 913 1
413 588 1
413 963 1
413 988 1
414 420 1
414 440 1
414 820 1
415 496 1
415 624 1
415 683 1
415 766 1
415 787 1
415 833 1
415 857 1
415 963 1
415 992 1
416 695 1
416 807 1
417 548 1
417 592 1
417 782 1
417 901 1
418 450 1
418 482 1
418 483 1
418 502 1
418 511 1
418 613 1
418 628 1
418 752 1
418 777 1
418 809 1
418 842 1
419 558 1
419 683 1
419 720 1
419 764 1
419 778 1
419 874 1
419 922 1
419 968 1
419 982 1
420 648 1
420 721 1
420 741 1
420 774 1
420 879 1
420 891 1
420 996 1
421 521 1
421 619 1
421 898 1
421 961 1
422 449 1
422 620 1
422 632 1
422 727 1
422 811 1
423 465 1
423 473 1
423 477 1
423 487 1
423 692 1
423 695 1
423 731 1
423 739 1
423 819 1
424 559 1
424 607 1
424 709 1
424 912 1
424 997 1
425 496 1
425 695 1
425 829 1
426 540 1
426 586 1
426 629 1
426 740 1
426 895 1
427 750 1
428 651 1
428 706 1
428 712 1
428 745 1
428 798 1
428 884 1
429 451 1
429 490 1
429 533 1
429 748 1
429 776 1
429 862 1
429 921 1
430 452 1
430 495 1
430 512 1
430 533 1
430 710 1
431 445 1
431 484 1
431 511 1
431 600 1
431 854 1
432 433 1
432 560 1
432 584 1
432 691 1
432 768 1
432 797 1
432 851 1
432 885 1
432 891 1
432 915 1
433 540 1
433 686 1
433 713 1
433 840 1
433 868 1
433 891 1
433 924 1
434 789 1
435 637 1
435 645 1
435 656 1
435 735 1
435 876 1
436 523 1
436 710 1
436 812 1
436 823 1
436 837 1
436 941 1
436 959 1
436 995 1
437 669 1
437 760 1
437 906 1
437 927 1
438 502 1
438 604 1
438 697 1
438 707 1
438 888 1
438 926 1
439 463 1
439 619 1
439 913 1
439 969 1
440 479 1
440 483 1
440 546 1
440 643 1
440 687 1
440 710 1
440 735 1
440 856 1
440 920 1
440 939 1
440 964 1
441 709 1
441 728 1
441 923 1
442 610 1
442 794 1
442 825 1
442 973 1
442 989 1
443 496 1
443 592 1
443 898 1
443 921 1
444 456 1
444 602 1
444 613 1
444 881 1
444 890 1
444 903 1
445 633 1
445 653 1
445 870 1
446 483 1
446 588 1
446 593 1
446 628 1
446 700 1
446 861 1
447 453 1
447 469 1
447 597 1
447 697 1
447 777 1
447 825 1
447 921 1
448 512 1
448 572 1
448 662 1
448 687 1
448 940 1
448 961 1
449 451 1
449 631 1
450 495 1
450 615 1
450 768 1
450 873 1
451 633 1
451 721 1
451 999 1
452 545 1
452 754 1
452 788 1
452 814 1
452 901 1
452 964 1
453 719 1
453 893 1
454 601 1
454 795 1
454 814 1
454 961 1
454 993 1
455 537 1
455 677 1
455 787 1
455 808 1
455 871 1
455 874 1
456 808 1
456 855 1
457 555 1
457 675 1
457 758 1
457 819 1
457 856 1
457 902 1
458 723 1
458 764 1
458 899 1
458 932 1
458 945 1
458 970 1
459 462 1
459 479 1
459 548 1
459 580 1
459 624 1
459 712 1
459 884 1
460 569 1
460 759 1
460 934 1
460 954 1
461 641 1
461 771 1
461 965 1
461 969 1
462 700 1
462 759 1
462 910 1
462 924 1
462 949 1
463 486 1
463 516 1
463 591 1
463 680 1
463 820 1
463 926 1
464 467 1
464 598 1
464 929 1
464 977 1
465 746 1
465 751 1
465 775 1
465 885 1
465 917 1
465 992 1
466 530 1
466 536 1
466 568 1
466 584 1
466 741 1
467 558 1
467 692 1
467 779 1
467 790 1
467 828 1
467 887 1
467 895 1
468 562 1
468 763 1
468 831 1
468 841 1
469 553 1
469 725 1
469 850 1
469 984 1
470 661 1
470 684 1
470 796 1
470 873 1
470 886 1
470 911 1
470 999 1
471 539 1
471 812 1
471 888 1
472 507 1
472 549 1
472 602 1
472 655 1
473 738 1
473 829 1
473 904 1
473 932 1
474 483 1
474 685 1
474 871 1
474 914 1
474 964 1
474 993 1
474 998 1
475 677 1
475 739 1
475 740 1
476 482 1
476 524 1
476 650 1
477 525 1
477 591 1
477 608 1
478 515 1
478 570 1
478 626 1
478 894 1
478 935 1
478 970 1
478 983 1
479 559 1
479 614 1
479 645 1
479 725 1
479 769 1
479 814 1
479 868 1
479 915 1
479 927 1
480 518 1
480 811 1
480 818 1
480 869 1
480 874 1
480 950 1
480 994 1
481 782 1
481 961 1
481 991 1
482 484 1
482 505 1
482 519 1
482 547 1
482 712 1
482 732 1
482 860 1
482 890 1
482 915 1
482 920 1
483 852 1
483 897 1
484 678 1
484 730 1
484 857 1
484 890 1
486 697 1
487 564 1
487 574 1
487 597 1
487 624 1
487 665 1
487 820 1
487 879 1
487 891 1
488 505 1
488 544 1
488 696 1
488 744 1
488 826 1
488 850 1
489 557 1
489 598 1
489 600 1
490 545 1
490 553 1
490 973 1
491 525 1
491 558 1
491 586 1
491 760 1
491 994 1
492 498 1
492 531 1
492 565 1
492 693 1
492 964 1
492 967 1
493 495 1
493 512 1
493 566 1
493 649 1
493 665 1
493 765 1
493 766 1
494 517 1
494 586 1
494 657 1
494 717 1
494 990 1
495 601 1
495 772 1
495 786 1
496 615 1
496 617 1
496 671 1
496 885 1
497 676 1
497 690 1
497 734 1
497 873 1
497 934 1
498 642 1
498 685 1
498 719 1
498 852 1
498 934 1
499 619 1
499 874 1
499 875 1
500 538 1
500 545 1
500 611 1
500 670 1
500 918 1
501 562 1
501 603 1
501 610 1
501 820 1
501 890 1
501 916 1
501 963 1
502 512 1
502 655 1
502 677 1
502 718 1
502 738 1
502 818 1
502 849 1
502 953 1
503 551 1
503 698 1
503 728 1
503 803 1
503 938 1
503 977 1
504 553 1
504 681 1
504 744 1
504 871 1
504 872 1
504 962 1
505 565 1
505 651 1
506 623 1
506 691 1
506 701 1
506 793 1
506 843 1
506 854 1
506 968 1
507 705 1
507 783 1
507 870 1
507 889 1
508 517 1
508 726 1
508 924 1
508 942 1
509 532 1
509 608 1
509 620 1
509 796 1
509 883 1
509 925 1
510 567 1
510 570 1
510 646 1
510 665 1
510 668 1
510 867 1
510 870 1
510 873 1
511 663 1
511 944 1
511 957 1
512 651 1
512 773 1
512 779 1
512 912 1
513 771 1
513 922 1
513 951 1
514 590 1
514 616 1
514 643 1
514 729 1
514 801 1
514 819 1
514 866 1
514 943 1
514 951 1
515 525 1
515 657 1
515 660 1
515 769 1
516 583 1
516 641 1
516 687 1
516 753 1
516 833 1
516 879 1
516 882 1
516 888 1
516 905 1
516 929 1
516 998 1
517 652 1
517 663 1
517 691 1
517 854 1
517 921 1
517 962 1
518 612 1
518 774 1
518 894 1
518 899 1
518 910 1
518 935 1
518 981 1
519 534 1
519 600 1
519 714 1
519 970 1
520 634 1
520 649 1
520 690 1
520 756 1
520 760 1
520 876 1
520 966 1
520 974 1
520 984 1
521 601 1
521 620 1
521 757 1
521 801 1
521 842 1
521 947 1
521 975 1
522 705 1
523 553 1
523 681 1
523 683 1
523 687 1
524 803 1
524 871 1
524 882 1
525 594 1
525 641 1
525 892 1
526 548 1
526 599 1
526 832 1
526 924 1
527 579 1
527 594 1
527 645 1
527 675 1
527 896 1
527 897 1
529 616 1
529 738 1
529 781 1
529 974 1
530 531 1
530 708 1
530 787 1
530 851 1
530 922 1
530 976 1
531 576 1
531 694 1
531 734 1
532 610 1
532 644 1
532 708 1
532 816 1
533 756 1
533 966 1
533 999 1
534 571 1
534 668 1
534 707 1
534 964 1
535 572 1
535 660 1
535 661 1
535 845 1
535 902 1
535 991 1
536 753 1
536 905 1
536 910 1
536 942 1
536 966 1
536 998 1
537 575 1
537 779 1
537 906 1
537 913 1
538 552 1
538 564 1
538 691 1
538 939 1
539 643 1
539 700 1
539 704 1
539 889 1
540 701 1
540 847 1
540 990 1
541 565 1
541 763 1
541 767 1
541 841 1
541 898 1
541 943 1
542 627 1
542 732 1
542 783 1
543 753 1
543 764 1
543 827 1
544 563 1
544 660 1
544 685 1
544 754 1
544 846 1
544 939 1
544 976 1
545 570 1
545 583 1
545 779 1
545 837 1
545 922 1
546 792 1
546 820 1
546 905 1
546 947 1
547 591 1
547 678 1
547 911 1
547 940 1
548 581 1
548 609 1
548 653 1
548 721 1
549 554 1
549 598 1
549 652 1
549 842 1
549 874 1
550 632 1
550 739 1
550 747 1
550 920 1
551 975 1
552 759 1
552 942 1
553 608 1
553 698 1
553 788 1
553 926 1
553 981 1
554 648 1
554 682 1
554 780 1
554 858 1
554 988 1
555 665 1
555 722 1
555 837 1
555 876 1
555 991 1
556 700 1
556 865 1
557 633 1
557 666 1
557 694 1
557 728 1
557 762 1
557 902 1
558 659 1
558 825 1
558 842 1
558 861 1
558 964 1
558 969 1
559 708 1
559 724 1
559 852 1
560 626 1
560 641 1
561 570 1
561 652 1
561 869 1
562 571 1
562 607 1
562 714 1
562 875 1
562 990 1
563 724 1
563 946 1
563 957 1
563 997 1
564 623 1
564 667 1
564 830 1
564 844 1
565 630 1
565 695 1
565 802 1
565 970 1
566 579 1
566 710 1
566 791 1
567 593 1
567 650 1
567 651 1
567 767 1
567 815 1
567 879 1
567 897 1
567 989 1
567 996 1
568 772 1
568 865 1
569 581 1
569 606 1
569 693 1
569 711 1
569 714 1
569 730 1
569 820 1
569 910 1
569 937 1
570 594 1
570 692 1
570 875 1
571 739 1
571 898 1
571 991 1
572 729 1
572 776 1
572 847 1
572 855 1
572 911 1
572 961 1
572 967 1
573 595 1
573 714 1
573 784 1
573 798 1
573 801 1
573 811 1
574 895 1
575 667 1
575 915 1
575 999 1
576 661 1
576 790 1
576 813 1
576 866 1
576 912 1
576 985 1
577 658 1
577 670 1
577 714 1
577 780 1
577 805 1
577 815 1
577 848 1
577 850 1
578 794 1
578 882 1
579 652 1
579 815 1
579 895 1
579 945 1
580 753 1
580 823 1
580 920 1
580 940 1
581 593 1
581 680 1
581 745 1
581 772 1
581 870 1
581 924 1
581 934 1
582 671 1
582 712 1
582 882 1
582 988 1
583 615 1
583 738 1
583 835 1
583 868 1
583 877 1
583 929 1
584 811 1
584 871 1
584 979 1
585 774 1
586 683 1
586 695 1
586 833 1
586 860 1
586 907 1
587 635 1
587 889 1
587 910 1
587 927 1
587 948 1
588 596 1
588 742 1
588 873 1
588 874 1
588 942 1
589 597 1
589 736 1
589 913 1
589 986 1
590 636 1
590 692 1
590 751 1
590 837 1
590 851 1
590 938 1
591 614 1
591 666 1
591 938 1
591 947 1
592 834 1
592 844 1
592 855 1
592 900 1
593 641 1
593 658 1
593 749 1
593 821 1
593 856 1
593 905 1
593 946 1
593 987 1
594 631 1
594 647 1
594 947 1
595 615 1
595 708 1
595 780 1
595 835 1
595 863 1
595 996 1
596 689 1
596 830 1
596 860 1
596 867 1
597 737 1
598 774 1
598 872 1
598 873 1
598 933 1
598 945 1
599 604 1
599 661 1
599 826 1
599 869 1
599 887 1
599 895 1
599 967 1
600 637 1
600 857 1
600 963 1
601 644 1
601 766 1
602 768 1
602 939 1
602 965 1
603 741 1
603 807 1
603 898 1
604 715 1
604 718 1
604 751 1
604 784 1
604 814 1
604 870 1
604 875 1
604 984 1
604 996 1
605 685 1
605 791 1
606 753 1
606 780 1
607 720 1
607 725 1
607 894 1
607 909 1
607 970 1
607 979 1
608 625 1
608 671 1
608 913 1
608 989 1
608 996 1
609 904 1
610 645 1
610 744 1
610 812 1
610 831 1
610 880 1
611 747 1
611 896 1
611 977 1
612 678 1
612 785 1
612 891 1
613 622 1
613 644 1
613 704 1
613 717 1
613 755 1
613 763 1
613 838 1
613 982 1
614 835 1
615 890 1
615 986 1
616 655 1
616 782 1
616 814 1
616 844 1
616 921 1
617 827 1
617 870 1
617 917 1
618 701 1
618 845 1
618 853 1
618 874 1
619 949 1
620 663 1
620 688 1
620 696 1
620 707 1
620 795 1
620 801 1
620 897 1
620 941 1
621 666 1
622 655 1
622 669 1
622 705 1
622 757 1
622 857 1
623 720 1
623 779 1
623 817 1
623 895 1
623 974 1
624 671 1
624 824 1
624 864 1
624 962 1
625 698 1
625 959 1
626 676 1
626 684 1
626 705 1
626 801 1
626 834 1
626 904 1
626 983 1
627 656 1
627 751 1
627 807 1
627 916 1
627 958 1
628 668 1
628 751 1
628 985 1
629 706 1
629 942 1
630 668 1
630 795 1
630 992 1
631 762 1
631 771 1
631 782 1
631 830 1
631 896 1
632 844 1
633 707 1
633 827 1
633 829 1
634 646 1
634 837 1
634 864 1
634 919 1
634 967 1
635 642 1
635 672 1
635 754 1
636 722 1
636 732 1
636 761 1
636 993 1
637 661 1
637 811 1
637 822 1
637 862 1
637 994 1
638 770 1
639 709 1
639 784 1
639 847 1
639 868 1
639 873 1
640 673 1
640 715 1
640 838 1
641 738 1
641 797 1
643 745 1
643 842 1
643 929 1
643 972 1
643 994 1
644 657 1
644 772 1
644 790 1
644 949 1
645 660 1
645 718 1
645 846 1
645 920 1
645 972 1
645 996 1
646 745 1
646 925 1
647 649 1
647 774 1
647 842 1
647 951 1
648 798 1
648 813 1
649 846 1
650 736 1
650 803 1
650 828 1
651 752 1
651 901 1
652 877 1
652 917 1
652 933 1
652 954 1
653 657 1
653 744 1
653 774 1
653 780 1
654 749 1
654 779 1
654 866 1
654 892 1
654 938 1
655 722 1
655 723 1
655 858 1
655 898 1
655 909 1
655 989 1
656 671 1
656 867 1
656 958 1
658 706 1
658 816 1
658 822 1
658 878 1
658 997 1
659 869 1
659 895 1
661 668 1
661 703 1
661 710 1
661 744 1
661 818 1
662 728 1
662 776 1
662 875 1
662 937 1
662 950 1
662 995 1
663 812 1
663 935 1
663 982 1
664 665 1
664 783 1
665 780 1
665 836 1
665 972 1
665 982 1
666 686 1
666 705 1
666 757 1
666 945 1
667 728 1
667 805 1
667 895 1
667 909 1
668 743 1
669 688 1
669 812 1
669 817 1
669 833 1
670 824 1
670 854 1
670 919 1
671 791 1
671 795 1
671 882 1
671 899 1
671 970 1
673 718 1
673 814 1
673 920 1
674 769 1
674 964 1
675 771 1
675 798 1
675 837 1
676 682 1
676 793 1
677 679 1
677 782 1
677 841 1
677 858 1
678 694 1
678 871 1
679 725 1
679 744 1
680 685 1
681 713 1
681 823 1
681 829 1
681 903 1
681 904 1
682 697 1
682 762 1
682 782 1
682 800 1
682 809 1
682 827 1
682 965 1
683 690 1
683 764 1
683 897 1
684 747 1
684 757 1
684 777 1
684 857 1
684 975 1
684 977 1
685 930 1
685 997 1
686 699 1
686 788 1
686 832 1
687 870 1
688 766 1
688 790 1
688 805 1
688 845 1
688 868 1
688 899 1
689 810 1
689 999 1
690 869 1
691 751 1
691 786 1
691 840 1
691 976 1
692 741 1
692 811 1
692 836 1
692 902 1
693 756 1
693 833 1
693 945 1
694 773 1
695 729 1
695 890 1
696 768 1
696 907 1
697 741 1
697 840 1
697 878 1
698 903 1
698 1000 1
699 790 1
699 817 1
699 986 1
699 993 1
700 712 1
700 779 1
700 833 1
700 876 1
701 725 1
701 775 1
701 989 1
702 715 1
702 789 1
702 879 1
702 916 1
702 974 1
703 901 1
703 997 1
704 908 1
704 955 1
705 747 1
706 830 1
706 841 1
706 922 1
708 903 1
708 946 1
708 962 1
708 972 1
708 998 1
709 829 1
709 903 1
710 726 1
710 827 1
710 870 1
710 956 1
711 719 1
711 745 1
711 759 1
711 822 1
711 871 1
712 804 1
712 836 1
712 965 1
712 980 1
712 999 1
713 836 1
714 866 1
715 743 1
715 772 1
716 806 1
717 743 1
717 765 1
717 784 1
717 832 1
717 921 1
718 784 1
718 831 1
718 951 1
719 725 1
719 727 1
719 798 1
719 972 1
719 999 1
720 727 1
720 998 1
721 735 1
722 868 1
722 872 1
722 881 1
722 941 1
722 948 1
723 759 1
723 894 1
724 867 1
724 928 1
724 948 1
725 730 1
725 936 1
725 961 1
725 993 1
726 728 1
726 918 1
726 974 1
726 986 1
727 767 1
727 949 1
728 805 1
729 867 1
729 962 1
730 782 1
730 924 1
730 974 1
731 891 1
731 997 1
732 789 1
732 813 1
732 896 1
734 814 1
734 939 1
735 738 1
735 783 1
735 935 1
735 968 1
735 981 1
736 915 1
736 929 1
736 949 1
736 999 1
737 826 1
737 995 1
738 743 1
738 892 1
738 909 1
739 800 1
739 809 1
739 873 1
739 875 1
739 969 1
741 959 1
742 925 1
742 986 1
743 868 1
744 872 1
744 890 1
744 921 1
745 801 1
745 810 1
746 805 1
746 957 1
746 985 1
747 758 1
747 870 1
747 948 1
748 849 1
748 880 1
748 893 1
748 925 1
749 799 1
749 875 1
749 898 1
749 915 1
750 754 1
750 864 1
751 903 1
751 925 1
752 873 1
752 906 1
753 841 1
753 879 1
753 988 1
753 995 1
754 814 1
754 970 1
754 978 1
755 767 1
755 780 1
755 796 1
755 861 1
755 978 1
756 821 1
756 929 1
757 857 1
758 973 1
759 931 1
759 941 1
760 883 1
761 813 1
761 815 1
762 784 1
762 854 1
762 992 1
763 794 1
763 833 1
764 844 1
765 893 1
765 897 1
765 977 1
766 769 1
766 786 1
766 986 1
766 992 1
767 920 1
767 932 1
767 936 1
767 977 1
768 773 1
768 940 1
770 895 1
770 928 1
770 947 1
770 955 1
771 802 1
772 807 1
772 884 1
773 778 1
773 919 1
774 859 1
774 932 1
775 927 1
776 811 1
776 916 1
777 871 1
778 823 1
778 959 1
778 964 1
780 798 1
780 891 1
781 824 1
782 807 1
782 809 1
782 811 1
782 814 1
782 927 1
782 937 1
783 804 1
783 868 1
783 959 1
784 797 1
785 874 1
785 927 1
786 984 1
787 806 1
787 978 1
788 984 1
790 818 1
791 964 1
791 997 1
792 901 1
792 927 1
792 933 1
793 917 1
793 982 1
795 846 1
795 877 1
796 826 1
796 863 1
796 883 1
797 811 1
797 936 1
798 916 1
799 893 1
799 907 1
799 923 1
800 835 1
800 956 1
801 858 1
802 871 1
803 896 1
803 913 1
803 972 1
804 840 1
804 945 1
804 959 1
805 867 1
805 994 1
806 819 1
807 874 1
807 914 1
807 954 1
807 967 1
808 829 1
808 964 1
811 835 1
812 962 1
813 840 1
813 885 1
813 914 1
814 859 1
814 996 1
815 851 1
815 976 1
816 875 1
816 957 1
817 824 1
817 859 1
817 907 1
817 952 1
817 990 1
818 836 1
818 943 1
818 968 1
819 945 1
819 953 1
820 984 1
820 993 1
821 917 1
821 958 1
822 863 1
822 965 1
823 848 1
823 917 1
823 921 1
824 837 1
824 889 1
825 998 1
826 889 1
826 978 1
827 839 1
827 846 1
828 853 1
828 886 1
829 849 1
829 889 1
829 890 1
830 925 1
830 988 1
831 967 1
832 856 1
832 924 1
834 884 1
834 927 1
834 978 1
834 982 1
835 862 1
836 905 1
838 847 1
838 938 1
838 962 1
840 957 1
840 990 1
841 917 1
841 924 1
842 927 1
843 984 1
846 931 1
846 959 1
847 848 1
847 868 1
847 898 1
847 957 1
848 917 1
848 954 1
849 915 1
849 976 1
849 986 1
849 993 1
850 950 1
850 961 1
852 995 1
854 927 1
854 960 1
854 969 1
857 878 1
857 997 1
859 911 1
860 975 1
861 972 1
862 893 1
863 890 1
864 915 1
865 916 1
866 903 1
867 968 1
867 977 1
867 998 1
868 932 1
868 958 1
868 994 1
868 1000 1
869 921 1
869 980 1
869 998 1
870 889 1
870 967 1
872 882 1
872 918 1
872 932 1
872 969 1
873 1000 1
875 883 1
875 894 1
875 943 1
876 905 1
877 975 1
878 937 1
878 993 1
879 997 1
880 891 1
881 908 1
881 987 1
882 934 1
884 909 1
884 991 1
885 951 1
887 957 1
888 974 1
888 980 1
888 1000 1
889 907 1
889 911 1
893 925 1
894 938 1
894 948 1
894 982 1
895 940 1
896 946 1
899 918 1
900 986 1
901 906 1
901 992 1
902 953 1
903 906 1
904 910 1
904 932 1
904 950 1
906 919 1
910 962 1
910 999 1
911 984 1
911 990 1
912 925 1
914 938 1
916 943 1
916 964 1
919 946 1
919 957 1
922 942 1
922 971 1
925 947 1
926 955 1
926 999 1
927 977 1
928 976 1
930 942 1
933 974 1
934 944 1
934 947 1
935 948 1
936 980 1
937 946 1
939 955 1
941 944 1
944 945 1
944 976 1
946 985 1
946 986 1
948 953 1
951 965 1
957 998 1
963 973 1
965 985 1
967 969 1
968 993 1
974 990 1
981 999 1
987 990 1
991 999 1
992 997 1
