1000 4994
1 90 1
1 113 1
1 503 1
1 548 1
1 652 1
1 683 1
1 982 1
2 224 1
2 330 1
2 349 1
2 359 1
2 365 1
2 457 1
2 521 1
2 774 1
2 783 1
3 16 1
3 62 1
3 161 1
3 190 1
3 291 1
3 463 1
4 8 1
4 33 1
4 119 1
4 218 1
4 598 1
4 603 1
4 608 1
4 654 1
4 685 1
4 687 1
4 880 1
5 93 1
5 111 1
5 135 1
5 221 1
5 324 1
5 349 1
5 437 1
5 466 1
5 618 1
5 627 1
5 777 1
5 906 1
6 118 1
6 150 1
6 343 1
6 397 1
6 400 1
6 655 1
6 729 1
6 793 1
6 824 1
7 61 1
7 73 1
7 150 1
7 266 1
7 317 1
7 452 1
7 641 1
7 649 1
7 844 1
7 862 1
8 21 1
8 58 1
8 253 1
8 448 1
8 452 1
8 536 1
8 644 1
8 734 1
8 740 1
8 839 1
8 857 1
8 871 1
9 60 1
9 159 1
9 218 1
9 414 1
9 558 1
9 561 1
9 594 1
9 596 1
9 642 1
9 853 1
9 918 1
9 999 1
10 164 1
10 257 1
10 259 1
10 373 1
10 447 1
10 584 1
10 611 1
10 642 1
10 762 1
10 781 1
10 799 1
11 56 1
11 86 1
11 94 1
11 261 1
11 263 1
11 348 1
11 400 1
11 428 1
11 447 1
11 516 1
11 549 1
11 747 1
11 782 1
11 794 1
11 887 1
11 892 1
12 125 1
12 130 1
12 173 1
12 263 1
12 479 1
12 609 1
12 635 1
12 650 1
12 725 1
12 861 1
12 862 1
12 866 1
12 909 1
13 30 1
13 254 1
13 351 1
13 496 1
13 497 1
13 500 1
13 517 1
13 523 1
13 827 1
13 836 1
13 856 1
13 896 1
13 919 1
14 33 1
14 66 1
14 246 1
14 437 1
14 439 1
14 493 1
14 613 1
14 618 1
14 621 1
14 622 1
14 795 1
14 911 1
14 973 1
14 1000 1
15 262 1
15 315 1
15 576 1
15 609 1
15 990 1
16 116 1
16 187 1
16 279 1
16 433 1
16 766 1
16 792 1
16 840 1
16 944 1
17 55 1
17 64 1
17 85 1
17 88 1
17 98 1
17 189 1
17 205 1
17 244 1
17 368 1
17 408 1
17 496 1
17 557 1
17 680 1
17 721 1
17 742 1
17 951 1
18 208 1
18 356 1
18 489 1
18 714 1
18 861 1
19 42 1
19 231 1
19 265 1
19 286 1
19 375 1
19 543 1
19 553 1
19 839 1
19 965 1
20 98 1
20 117 1
20 149 1
20 151 1
20 164 1
20 220 1
20 265 1
20 286 1
20 345 1
20 676 1
20 758 1
21 134 1
21 241 1
21 317 1
21 333 1
21 363 1
21 469 1
21 578 1
21 626 1
21 673 1
21 882 1
21 920 1
21 942 1
22 187 1
22 224 1
22 233 1
22 244 1
22 316 1
22 393 1
22 488 1
22 538 1
22 584 1
22 610 1
22 739 1
22 762 1
22 806 1
22 862 1
22 937 1
23 164 1
23 294 1
23 381 1
23 409 1
23 425 1
23 627 1
23 673 1
23 749 1
23 777 1
23 847 1
23 868 1
23 929 1
23 941 1
24 47 1
24 54 1
24 81 1
24 283 1
24 397 1
24 406 1
24 508 1
24 812 1
24 970 1
24 977 1
25 342 1
25 501 1
25 849 1
25 854 1
25 942 1
26 83 1
26 168 1
26 174 1
26 256 1
26 346 1
26 411 1
26 600 1
26 632 1
26 830 1
26 905 1
27 66 1
27 72 1
27 86 1
27 445 1
27 677 1
27 699 1
27 727 1
27 734 1
27 932 1
27 946 1
28 192 1
28 245 1
28 388 1
28 408 1
28 547 1
28 629 1
28 759 1
28 794 1
29 89 1
29 171 1
29 223 1
29 393 1
29 414 1
29 507 1
29 601 1
29 866 1
29 874 1
29 891 1
29 937 1
30 48 1
30 629 1
30 649 1
30 704 1
31 99 1
31 101 1
31 128 1
31 169 1
31 224 1
31 340 1
31 432 1
31 505 1
31 530 1
31 673 1
31 893 1
31 904 1
31 933 1
31 970 1
32 98 1
32 101 1
32 397 1
32 414 1
32 645 1
32 760 1
32 762 1
32 849 1
33 97 1
33 123 1
33 368 1
33 546 1
33 636 1
33 782 1
33 834 1
33 846 1
33 973 1
34 269 1
34 300 1
34 306 1
34 425 1
34 607 1
34 643 1
34 679 1
34 778 1
34 831 1
34 895 1
34 965 1
34 974 1
35 133 1
35 703 1
35 721 1
35 947 1
35 985 1
36 70 1
36 179 1
36 221 1
36 292 1
36 423 1
36 526 1
36 675 1
36 696 1
36 919 1
37 370 1
37 436 1
37 578 1
37 930 1
38 49 1
38 111 1
38 146 1
38 151 1
38 169 1
38 193 1
38 200 1
38 241 1
38 287 1
38 743 1
38 823 1
38 966 1
39 182 1
39 195 1
39 217 1
39 250 1
39 268 1
39 367 1
39 665 1
39 686 1
39 711 1
39 856 1
39 859 1
39 866 1
39 886 1
40 185 1
40 293 1
40 519 1
40 627 1
40 657 1
40 684 1
40 810 1
40 847 1
40 985 1
41 172 1
41 330 1
41 371 1
41 479 1
41 494 1
41 506 1
41 586 1
41 765 1
41 893 1
41 913 1
42 73 1
42 225 1
42 249 1
42 387 1
42 388 1
42 400 1
42 467 1
42 487 1
42 519 1
42 589 1
42 637 1
42 807 1
42 851 1
42 871 1
42 945 1
43 89 1
43 112 1
43 187 1
43 188 1
43 239 1
43 345 1
43 465 1
43 497 1
43 498 1
43 585 1
43 680 1
43 730 1
43 861 1
43 965 1
44 52 1
44 318 1
44 405 1
44 572 1
44 612 1
44 714 1
44 719 1
44 830 1
44 900 1
44 978 1
45 159 1
45 398 1
45 532 1
45 560 1
45 735 1
45 815 1
45 936 1
46 291 1
46 314 1
46 343 1
46 400 1
46 411 1
46 561 1
46 671 1
46 673 1
46 674 1
46 761 1
46 809 1
46 871 1
47 61 1
47 84 1
47 124 1
47 151 1
47 168 1
47 255 1
48 131 1
48 255 1
48 547 1
48 817 1
48 864 1
49 280 1
49 726 1
49 739 1
49 753 1
49 796 1
49 881 1
50 80 1
50 177 1
50 273 1
50 391 1
50 427 1
50 458 1
50 477 1
50 626 1
50 634 1
50 722 1
51 98 1
51 217 1
51 277 1
51 526 1
51 593 1
51 614 1
51 687 1
51 690 1
51 696 1
51 704 1
51 762 1
51 960 1
51 994 1
52 121 1
52 139 1
52 398 1
52 472 1
52 513 1
52 536 1
52 619 1
52 660 1
52 727 1
52 748 1
52 752 1
52 849 1
52 948 1
53 86 1
53 115 1
53 173 1
53 215 1
53 252 1
53 276 1
53 384 1
53 477 1
53 566 1
53 575 1
53 598 1
53 684 1
53 758 1
54 95 1
54 303 1
54 314 1
54 359 1
54 649 1
54 664 1
54 803 1
54 975 1
54 980 1
55 94 1
55 187 1
55 207 1
55 270 1
55 386 1
55 454 1
55 644 1
55 752 1
55 820 1
55 962 1
55 999 1
56 243 1
56 304 1
56 309 1
56 434 1
56 463 1
56 464 1
56 895 1
56 983 1
57 61 1
57 146 1
57 379 1
57 411 1
57 497 1
57 556 1
57 651 1
57 797 1
57 858 1
57 899 1
58 70 1
58 104 1
58 179 1
58 193 1
58 205 1
58 239 1
58 279 1
58 354 1
58 386 1
58 513 1
58 572 1
58 604 1
58 609 1
58 728 1
58 749 1
59 115 1
59 265 1
59 362 1
59 371 1
59 573 1
59 745 1
59 858 1
59 863 1
59 904 1
59 910 1
59 926 1
59 931 1
60 148 1
60 254 1
60 320 1
60 425 1
60 479 1
60 654 1
60 927 1
61 62 1
61 79 1
61 81 1
61 103 1
61 384 1
61 543 1
61 562 1
61 576 1
61 608 1
61 640 1
61 664 1
61 745 1
61 827 1
61 878 1
61 940 1
62 69 1
62 90 1
62 149 1
62 322 1
62 416 1
62 444 1
62 462 1
62 609 1
62 762 1
62 776 1
62 780 1
62 783 1
62 996 1
63 110 1
63 154 1
63 323 1
63 399 1
63 409 1
63 553 1
63 571 1
63 688 1
63 727 1
63 994 1
64 73 1
64 178 1
64 220 1
64 500 1
64 594 1
64 597 1
64 676 1
64 722 1
64 969 1
65 180 1
65 260 1
65 303 1
65 330 1
65 796 1
65 801 1
65 876 1
65 948 1
66 257 1
66 311 1
66 325 1
66 340 1
66 396 1
66 578 1
66 658 1
66 881 1
66 970 1
66 981 1
67 183 1
67 334 1
67 465 1
67 472 1
67 503 1
67 605 1
67 705 1
67 942 1
67 966 1
67 985 1
68 145 1
68 274 1
68 449 1
68 662 1
68 744 1
68 935 1
69 114 1
69 154 1
69 206 1
69 450 1
69 537 1
69 544 1
69 702 1
69 863 1
69 909 1
69 965 1
70 133 1
70 196 1
70 482 1
70 533 1
70 551 1
70 717 1
70 790 1
70 822 1
70 874 1
70 879 1
70 910 1
70 977 1
71 161 1
71 323 1
71 381 1
71 387 1
71 621 1
71 836 1
71 943 1
71 958 1
72 307 1
72 445 1
72 569 1
72 601 1
72 708 1
72 817 1
73 88 1
73 104 1
73 311 1
73 329 1
73 339 1
73 358 1
73 410 1
73 593 1
73 647 1
73 759 1
73 817 1
74 81 1
74 83 1
74 216 1
74 368 1
74 397 1
74 411 1
74 471 1
74 749 1
74 755 1
74 824 1
74 848 1
74 931 1
75 263 1
75 435 1
75 475 1
75 496 1
75 506 1
75 617 1
75 672 1
75 729 1
75 741 1
76 86 1
76 141 1
76 311 1
76 588 1
76 650 1
76 790 1
76 816 1
76 857 1
77 344 1
77 474 1
77 587 1
77 624 1
77 734 1
77 794 1
77 964 1
78 109 1
78 275 1
78 550 1
78 831 1
78 876 1
78 935 1
78 940 1
79 217 1
79 276 1
79 468 1
79 622 1
79 693 1
79 762 1
79 967 1
79 997 1
80 129 1
80 267 1
80 299 1
80 402 1
80 478 1
80 518 1
80 586 1
80 683 1
81 517 1
81 936 1
82 170 1
82 191 1
82 249 1
82 252 1
82 401 1
82 413 1
82 465 1
82 482 1
82 522 1
82 607 1
82 699 1
82 920 1
82 996 1
83 247 1
83 444 1
83 474 1
83 522 1
83 645 1
83 711 1
83 728 1
83 794 1
83 815 1
83 842 1
83 920 1
84 248 1
84 461 1
84 508 1
84 530 1
84 743 1
84 820 1
84 821 1
85 155 1
85 264 1
85 312 1
85 430 1
85 672 1
85 767 1
85 769 1
86 255 1
86 315 1
86 345 1
86 370 1
86 566 1
86 573 1
86 576 1
86 594 1
86 661 1
86 776 1
86 971 1
87 163 1
87 279 1
87 606 1
87 627 1
87 630 1
87 813 1
88 152 1
88 217 1
88 239 1
88 347 1
88 412 1
88 476 1
88 561 1
88 612 1
88 690 1
88 734 1
89 100 1
89 171 1
89 473 1
89 515 1
89 599 1
89 790 1
89 872 1
89 993 1
89 997 1
90 163 1
90 315 1
90 591 1
90 719 1
90 721 1
90 725 1
90 748 1
90 766 1
90 813 1
90 817 1
90 996 1
91 128 1
91 129 1
91 304 1
91 377 1
91 422 1
91 453 1
91 484 1
91 505 1
91 685 1
91 762 1
91 925 1
91 958 1
92 125 1
92 269 1
92 279 1
92 283 1
92 375 1
92 536 1
92 696 1
92 732 1
92 752 1
92 770 1
92 849 1
92 874 1
92 894 1
93 134 1
93 144 1
93 313 1
93 347 1
93 413 1
93 458 1
93 522 1
93 581 1
93 598 1
93 775 1
93 780 1
93 842 1
93 882 1
93 902 1
94 168 1
94 173 1
94 268 1
94 417 1
94 681 1
94 700 1
94 877 1
94 988 1
95 177 1
95 312 1
95 611 1
96 184 1
96 193 1
96 501 1
96 621 1
96 638 1
96 676 1
96 900 1
96 977 1
96 994 1
96 997 1
97 579 1
97 659 1
97 691 1
97 701 1
98 106 1
98 208 1
98 392 1
98 431 1
98 463 1
98 577 1
98 675 1
98 770 1
98 793 1
98 833 1
98 869 1
99 272 1
99 449 1
99 681 1
99 856 1
100 118 1
100 282 1
100 415 1
100 478 1
100 490 1
100 599 1
100 690 1
100 923 1
101 306 1
101 391 1
102 147 1
102 220 1
102 627 1
102 698 1
102 725 1
102 844 1
103 410 1
103 421 1
103 434 1
103 632 1
104 145 1
104 167 1
104 265 1
104 446 1
104 553 1
104 669 1
104 853 1
104 909 1
104 961 1
105 148 1
105 238 1
105 654 1
105 659 1
105 811 1
105 858 1
105 980 1
106 325 1
106 516 1
106 665 1
106 757 1
107 289 1
107 306 1
107 336 1
107 400 1
107 529 1
107 557 1
107 609 1
107 677 1
107 714 1
108 408 1
108 781 1
108 952 1
109 222 1
109 275 1
109 360 1
109 399 1
109 584 1
109 811 1
109 850 1
109 885 1
109 974 1
110 244 1
110 426 1
110 577 1
110 854 1
110 932 1
111 132 1
111 150 1
111 161 1
111 224 1
111 242 1
111 269 1
111 348 1
111 484 1
111 525 1
111 622 1
111 682 1
111 717 1
111 936 1
111 954 1
111 980 1
111 992 1
112 160 1
112 238 1
112 363 1
112 396 1
112 543 1
112 691 1
112 857 1
112 898 1
113 135 1
113 156 1
113 282 1
113 286 1
113 512 1
113 697 1
113 740 1
113 874 1
113 935 1
114 155 1
114 299 1
114 449 1
114 487 1
114 627 1
114 633 1
114 676 1
114 758 1
114 871 1
114 926 1
114 967 1
115 125 1
115 468 1
115 519 1
115 647 1
115 655 1
115 824 1
115 849 1
115 1000 1
116 212 1
116 269 1
116 321 1
116 356 1
116 456 1
116 484 1
116 707 1
116 747 1
116 756 1
117 178 1
117 495 1
117 557 1
117 624 1
117 759 1
117 849 1
117 959 1
118 268 1
118 315 1
118 409 1
118 541 1
118 572 1
118 573 1
118 576 1
118 799 1
118 884 1
118 908 1
118 914 1
118 958 1
119 170 1
119 272 1
119 326 1
119 499 1
119 587 1
119 617 1
119 630 1
119 642 1
119 754 1
120 271 1
120 357 1
120 375 1
120 713 1
120 755 1
120 779 1
121 125 1
121 144 1
121 325 1
121 495 1
121 679 1
121 769 1
122 172 1
122 363 1
122 488 1
122 641 1
122 708 1
122 882 1
122 922 1
122 946 1
123 129 1
123 421 1
123 511 1
123 669 1
123 747 1
123 847 1
124 448 1
124 454 1
124 703 1
124 797 1
124 948 1
124 958 1
125 178 1
125 244 1
125 245 1
125 687 1
125 931 1
125 975 1
126 258 1
126 369 1
126 395 1
126 470 1
126 604 1
126 724 1
126 792 1
126 800 1
126 911 1
126 957 1
126 978 1
127 234 1
127 389 1
127 499 1
127 524 1
127 542 1
127 571 1
127 723 1
127 753 1
127 788 1
127 858 1
127 995 1
128 134 1
128 237 1
128 302 1
128 325 1
128 481 1
128 483 1
128 603 1
128 664 1
128 780 1
128 830 1
128 849 1
128 924 1
128 995 1
129 138 1
129 383 1
129 540 1
129 616 1
129 681 1
129 759 1
129 995 1
130 134 1
130 353 1
130 549 1
130 701 1
130 751 1
130 769 1
130 886 1
131 362 1
131 469 1
131 553 1
131 586 1
131 593 1
131 613 1
131 724 1
131 733 1
131 923 1
131 929 1
131 983 1
132 262 1
132 375 1
132 426 1
132 461 1
132 488 1
132 603 1
132 673 1
132 681 1
132 683 1
132 722 1
132 962 1
133 182 1
133 205 1
133 404 1
133 438 1
133 612 1
133 620 1
133 705 1
133 722 1
133 759 1
133 927 1
133 943 1
134 167 1
134 329 1
134 552 1
134 587 1
134 703 1
134 808 1
134 999 1
135 488 1
135 521 1
135 727 1
136 210 1
136 327 1
136 330 1
136 354 1
136 360 1
136 431 1
136 460 1
136 657 1
136 740 1
136 761 1
136 776 1
136 790 1
136 810 1
136 828 1
136 893 1
137 156 1
137 484 1
137 487 1
137 580 1
137 650 1
137 721 1
137 748 1
137 774 1
137 800 1
137 825 1
137 980 1
138 182 1
138 187 1
138 221 1
138 478 1
138 543 1
138 545 1
138 568 1
138 703 1
138 743 1
138 988 1
139 387 1
139 508 1
139 597 1
139 938 1
140 333 1
140 397 1
140 718 1
140 862 1
140 996 1
141 217 1
141 267 1
141 293 1
141 296 1
141 341 1
141 396 1
141 497 1
141 673 1
141 737 1
141 777 1
141 817 1
142 177 1
142 185 1
142 192 1
142 333 1
142 656 1
142 808 1
142 811 1
142 866 1
142 997 1
143 161 1
143 188 1
143 548 1
143 594 1
143 601 1
143 646 1
143 670 1
143 848 1
144 356 1
144 483 1
144 702 1
144 723 1
144 754 1
144 777 1
144 838 1
145 154 1
145 162 1
145 220 1
145 510 1
145 519 1
145 673 1
145 689 1
145 690 1
145 761 1
146 179 1
146 243 1
146 250 1
146 502 1
146 699 1
146 810 1
147 153 1
147 250 1
147 264 1
147 379 1
147 706 1
147 755 1
147 794 1
147 851 1
147 863 1
147 882 1
147 948 1
148 603 1
148 657 1
148 744 1
148 781 1
148 785 1
148 913 1
148 936 1
148 949 1
148 998 1
149 532 1
149 815 1
149 869 1
149 929 1
150 233 1
150 235 1
150 258 1
150 565 1
150 807 1
150 890 1
151 177 1
151 223 1
151 287 1
151 302 1
151 339 1
151 352 1
151 365 1
151 436 1
151 640 1
151 782 1
152 164 1
152 228 1
152 552 1
152 592 1
152 638 1
152 660 1
152 694 1
152 705 1
152 873 1
152 877 1
153 452 1
153 581 1
153 739 1
153 763 1
153 789 1
153 917 1
153 960 1
154 169 1
154 173 1
154 363 1
154 496 1
154 584 1
154 619 1
154 651 1
154 719 1
154 831 1
155 223 1
155 295 1
155 307 1
155 310 1
155 524 1
155 537 1
155 635 1
155 705 1
155 822 1
156 165 1
156 291 1
156 538 1
156 556 1
156 561 1
156 635 1
156 805 1
156 898 1
156 934 1
156 990 1
157 193 1
157 522 1
157 590 1
157 601 1
157 718 1
157 765 1
157 857 1
157 876 1
158 213 1
158 250 1
158 315 1
158 391 1
158 394 1
158 434 1
158 498 1
158 568 1
158 646 1
158 654 1
158 886 1
158 931 1
159 160 1
159 258 1
159 448 1
159 469 1
159 547 1
159 611 1
159 618 1
159 668 1
159 748 1
159 846 1
159 906 1
159 949 1
159 980 1
160 176 1
160 322 1
160 366 1
160 384 1
160 447 1
160 775 1
161 404 1
161 489 1
161 674 1
161 800 1
161 886 1
161 954 1
161 963 1
162 176 1
162 277 1
162 309 1
162 551 1
162 580 1
162 622 1
162 630 1
162 644 1
162 671 1
162 701 1
162 789 1
162 903 1
162 955 1
163 167 1
163 254 1
163 408 1
163 443 1
163 823 1
163 859 1
163 1000 1
164 254 1
164 465 1
164 510 1
164 523 1
164 531 1
164 584 1
164 599 1
164 617 1
164 815 1
164 997 1
165 178 1
165 388 1
165 399 1
165 401 1
165 441 1
165 591 1
165 648 1
165 880 1
165 968 1
165 971 1
165 996 1
166 174 1
166 381 1
166 555 1
166 613 1
166 752 1
166 893 1
166 962 1
167 255 1
167 289 1
167 387 1
167 548 1
167 561 1
167 845 1
167 846 1
167 854 1
167 910 1
168 225 1
168 445 1
168 498 1
168 841 1
168 898 1
169 253 1
169 279 1
169 411 1
169 495 1
169 550 1
169 597 1
169 653 1
169 978 1
170 363 1
170 515 1
170 540 1
170 767 1
170 809 1
170 848 1
170 879 1
170 921 1
171 225 1
171 247 1
171 368 1
171 373 1
171 380 1
171 421 1
171 455 1
171 540 1
171 601 1
171 676 1
171 776 1
171 823 1
171 899 1
172 293 1
172 357 1
172 374 1
172 499 1
172 958 1
172 984 1
173 322 1
173 339 1
173 363 1
173 440 1
173 510 1
173 701 1
173 704 1
173 715 1
173 796 1
173 970 1
173 994 1
174 215 1
174 269 1
174 284 1
174 316 1
174 365 1
174 521 1
174 576 1
174 818 1
174 819 1
174 955 1
175 203 1
175 241 1
175 251 1
175 296 1
175 302 1
175 369 1
175 500 1
175 613 1
175 820 1
175 864 1
175 905 1
176 219 1
176 241 1
176 293 1
176 356 1
176 503 1
176 569 1
176 590 1
176 669 1
176 759 1
176 780 1
176 895 1
177 217 1
177 260 1
177 292 1
177 368 1
177 452 1
177 462 1
177 554 1
177 590 1
177 821 1
177 837 1
177 862 1
177 883 1
177 926 1
177 991 1
178 216 1
178 242 1
178 262 1
178 263 1
178 370 1
178 466 1
178 488 1
178 513 1
178 543 1
178 615 1
178 655 1
178 826 1
178 941 1
178 947 1
179 224 1
179 379 1
179 386 1
179 797 1
179 830 1
180 203 1
180 404 1
180 467 1
180 527 1
180 929 1
180 973 1
181 360 1
181 581 1
181 733 1
181 965 1
181 975 1
181 992 1
182 336 1
182 548 1
182 598 1
182 607 1
182 630 1
182 798 1
182 884 1
182 958 1
182 994 1
183 303 1
183 438 1
183 477 1
183 600 1
183 643 1
183 692 1
183 945 1
184 239 1
184 373 1
184 390 1
184 776 1
184 983 1
185 280 1
185 297 1
185 663 1
185 699 1
185 730 1
186 263 1
186 377 1
186 411 1
186 494 1
186 676 1
186 768 1
186 797 1
186 827 1
186 981 1
187 627 1
187 643 1
187 674 1
187 786 1
187 787 1
187 906 1
187 961 1
188 365 1
188 410 1
188 415 1
188 446 1
188 496 1
188 594 1
188 658 1
188 663 1
188 666 1
188 672 1
188 714 1
188 866 1
188 890 1
188 910 1
189 328 1
189 476 1
189 480 1
189 535 1
189 559 1
189 572 1
189 746 1
189 747 1
189 850 1
189 885 1
190 384 1
190 750 1
190 777 1
190 878 1
190 953 1
191 562 1
191 667 1
191 812 1
192 263 1
192 267 1
192 293 1
192 362 1
192 390 1
192 422 1
192 515 1
192 564 1
192 693 1
192 923 1
192 992 1
193 224 1
193 376 1
193 742 1
193 995 1
194 198 1
194 230 1
194 257 1
194 385 1
194 431 1
194 630 1
194 897 1
194 950 1
195 226 1
195 242 1
195 524 1
195 683 1
195 727 1
195 814 1
195 849 1
196 237 1
196 342 1
196 365 1
196 404 1
196 694 1
196 734 1
196 765 1
196 879 1
197 325 1
197 405 1
197 596 1
197 641 1
197 742 1
197 989 1
198 466 1
198 558 1
198 574 1
198 764 1
198 843 1
198 985 1
198 986 1
199 383 1
199 395 1
199 430 1
199 459 1
199 470 1
199 607 1
199 690 1
199 771 1
199 842 1
199 899 1
199 909 1
200 271 1
200 302 1
200 355 1
201 283 1
201 471 1
201 522 1
201 593 1
201 600 1
201 942 1
201 943 1
201 963 1
202 212 1
202 253 1
202 294 1
202 318 1
202 399 1
202 685 1
202 693 1
202 732 1
203 210 1
203 229 1
203 509 1
203 690 1
203 841 1
204 370 1
204 400 1
204 424 1
204 457 1
204 529 1
204 619 1
204 628 1
204 645 1
204 682 1
204 740 1
204 775 1
204 924 1
205 214 1
205 351 1
205 475 1
205 640 1
205 671 1
205 705 1
205 732 1
206 396 1
206 462 1
206 521 1
206 582 1
206 710 1
206 789 1
206 959 1
207 334 1
207 385 1
207 678 1
207 783 1
207 875 1
207 902 1
207 978 1
208 299 1
208 556 1
209 321 1
209 372 1
209 600 1
209 783 1
209 897 1
209 993 1
210 262 1
210 309 1
210 405 1
210 438 1
210 657 1
210 718 1
210 743 1
210 759 1
210 790 1
210 859 1
211 413 1
211 442 1
211 471 1
211 475 1
211 514 1
211 610 1
211 918 1
212 217 1
212 221 1
212 453 1
212 698 1
212 805 1
212 997 1
213 364 1
213 397 1
213 415 1
213 544 1
213 794 1
213 805 1
213 949 1
214 345 1
214 363 1
214 432 1
214 438 1
214 572 1
214 827 1
214 883 1
214 951 1
214 969 1
215 245 1
215 300 1
215 357 1
215 360 1
215 443 1
215 449 1
215 678 1
215 742 1
216 454 1
216 576 1
216 596 1
216 660 1
216 661 1
216 845 1
216 876 1
217 227 1
217 390 1
217 496 1
217 622 1
217 666 1
217 696 1
217 699 1
217 791 1
217 839 1
218 275 1
218 425 1
218 581 1
218 908 1
218 922 1
219 237 1
219 345 1
219 665 1
219 950 1
220 268 1
220 300 1
220 320 1
220 402 1
220 624 1
220 725 1
220 735 1
220 891 1
220 919 1
220 946 1
221 424 1
221 469 1
221 580 1
221 707 1
222 423 1
222 434 1
222 453 1
222 487 1
222 538 1
222 625 1
222 780 1
222 965 1
222 969 1
223 332 1
223 492 1
223 633 1
223 816 1
223 843 1
223 991 1
224 266 1
224 314 1
224 329 1
224 362 1
224 513 1
224 595 1
224 632 1
224 639 1
224 730 1
224 807 1
224 812 1
224 991 1
225 530 1
225 565 1
225 884 1
225 925 1
226 249 1
226 250 1
226 350 1
226 473 1
226 480 1
226 657 1
226 658 1
226 779 1
226 804 1
226 841 1
226 961 1
226 964 1
227 254 1
227 389 1
227 398 1
227 493 1
227 601 1
227 614 1
227 693 1
227 745 1
227 819 1
227 848 1
227 993 1
228 338 1
228 742 1
229 268 1
229 330 1
229 346 1
229 447 1
229 524 1
229 608 1
229 626 1
229 970 1
230 387 1
230 390 1
230 463 1
230 539 1
230 654 1
230 669 1
230 813 1
230 836 1
230 978 1
231 249 1
231 286 1
231 362 1
231 385 1
231 706 1
231 781 1
231 813 1
231 875 1
231 926 1
232 265 1
232 291 1
232 311 1
232 336 1
232 436 1
232 456 1
232 463 1
232 472 1
232 519 1
232 533 1
232 740 1
233 318 1
233 582 1
233 656 1
233 667 1
233 675 1
233 802 1
234 279 1
234 315 1
234 345 1
234 394 1
234 396 1
234 504 1
234 582 1
234 603 1
234 680 1
234 975 1
235 284 1
235 342 1
235 344 1
235 444 1
235 565 1
235 765 1
235 813 1
235 841 1
235 889 1
235 897 1
235 921 1
236 258 1
236 270 1
236 305 1
236 326 1
236 536 1
236 746 1
236 773 1
236 851 1
236 896 1
236 915 1
237 445 1
237 471 1
237 494 1
237 686 1
237 694 1
237 851 1
237 861 1
238 375 1
238 412 1
238 437 1
238 496 1
238 607 1
238 654 1
238 720 1
238 805 1
238 858 1
239 251 1
239 341 1
239 570 1
239 598 1
239 669 1
239 759 1
239 959 1
239 980 1
240 276 1
240 360 1
240 383 1
240 417 1
240 463 1
240 556 1
240 769 1
241 489 1
241 625 1
241 651 1
241 823 1
242 373 1
242 624 1
242 693 1
242 721 1
242 812 1
243 281 1
243 388 1
243 504 1
243 515 1
243 585 1
243 663 1
243 689 1
243 747 1
243 780 1
243 829 1
243 922 1
244 363 1
244 713 1
244 752 1
244 950 1
245 370 1
245 619 1
245 779 1
245 872 1
245 973 1
246 310 1
246 445 1
246 471 1
246 560 1
246 602 1
246 678 1
246 779 1
246 822 1
246 914 1
247 701 1
247 790 1
247 809 1
248 404 1
248 453 1
248 773 1
249 617 1
249 640 1
249 663 1
249 787 1
249 955 1
249 970 1
249 971 1
250 264 1
250 375 1
250 383 1
250 408 1
250 490 1
250 633 1
250 706 1
250 769 1
250 786 1
250 848 1
250 897 1
250 945 1
251 277 1
251 298 1
251 460 1
251 463 1
251 607 1
251 749 1
251 819 1
251 879 1
251 901 1
251 921 1
252 275 1
252 363 1
252 558 1
252 570 1
252 678 1
252 787 1
252 960 1
253 298 1
253 391 1
253 678 1
253 794 1
253 867 1
254 323 1
254 537 1
254 656 1
254 659 1
254 922 1
254 929 1
254 987 1
255 336 1
255 532 1
255 677 1
255 766 1
255 784 1
255 804 1
255 891 1
255 969 1
256 341 1
256 526 1
256 777 1
256 858 1
256 893 1
256 920 1
256 950 1
256 957 1
256 968 1
257 576 1
257 679 1
257 813 1
257 838 1
257 867 1
258 414 1
258 530 1
258 586 1
258 618 1
258 668 1
258 753 1
258 794 1
259 285 1
259 403 1
259 620 1
259 686 1
259 718 1
259 728 1
259 847 1
259 918 1
260 278 1
260 408 1
260 417 1
260 676 1
260 686 1
261 377 1
261 386 1
261 560 1
261 789 1
261 900 1
262 276 1
262 332 1
262 431 1
262 492 1
262 589 1
262 714 1
262 716 1
262 822 1
262 861 1
263 269 1
263 375 1
263 579 1
263 645 1
263 647 1
263 689 1
263 721 1
263 785 1
263 898 1
264 293 1
264 343 1
264 371 1
264 380 1
264 382 1
264 428 1
264 727 1
264 935 1
264 995 1
265 284 1
265 289 1
265 479 1
265 481 1
265 548 1
265 552 1
265 625 1
265 633 1
265 792 1
265 799 1
266 282 1
266 640 1
266 707 1
266 709 1
266 726 1
266 762 1
266 777 1
266 866 1
266 947 1
267 275 1
267 333 1
267 457 1
267 462 1
267 485 1
267 523 1
267 680 1
267 706 1
267 769 1
267 778 1
267 823 1
267 859 1
267 866 1
267 916 1
267 919 1
267 946 1
267 959 1
268 460 1
268 555 1
268 968 1
269 285 1
269 486 1
269 524 1
270 359 1
270 416 1
270 789 1
270 856 1
271 300 1
271 348 1
271 393 1
271 484 1
271 565 1
271 721 1
272 294 1
272 461 1
272 484 1
272 598 1
272 888 1
273 315 1
273 354 1
273 424 1
273 489 1
273 663 1
273 798 1
273 901 1
274 294 1
274 425 1
274 605 1
274 751 1
274 941 1
274 964 1
275 540 1
275 560 1
275 881 1
275 893 1
276 497 1
276 523 1
276 579 1
276 590 1
276 645 1
276 795 1
277 320 1
277 359 1
277 682 1
277 791 1
278 299 1
278 316 1
278 378 1
278 392 1
278 451 1
278 492 1
278 511 1
278 547 1
278 551 1
278 641 1
278 685 1
278 741 1
278 779 1
278 943 1
278 952 1
279 381 1
279 556 1
279 566 1
279 617 1
279 735 1
280 357 1
280 460 1
280 464 1
280 538 1
280 624 1
280 667 1
280 853 1
280 859 1
280 965 1
281 331 1
281 401 1
281 422 1
281 565 1
281 631 1
281 682 1
281 695 1
281 830 1
281 949 1
282 372 1
282 608 1
282 627 1
282 837 1
282 909 1
282 956 1
283 286 1
283 526 1
283 787 1
283 872 1
283 983 1
284 311 1
284 410 1
284 414 1
284 489 1
284 491 1
284 583 1
284 633 1
284 727 1
284 803 1
284 965 1
284 986 1
285 980 1
286 373 1
286 427 1
286 463 1
286 550 1
286 618 1
286 665 1
286 686 1
287 304 1
287 338 1
287 343 1
287 422 1
287 453 1
287 504 1
287 507 1
287 787 1
287 962 1
288 741 1
288 782 1
289 292 1
289 375 1
289 430 1
289 504 1
289 655 1
289 705 1
289 799 1
289 817 1
289 887 1
290 381 1
290 501 1
290 563 1
290 608 1
290 867 1
290 886 1
290 910 1
290 941 1
291 415 1
291 479 1
291 489 1
291 501 1
291 631 1
291 677 1
291 678 1
291 843 1
291 864 1
291 874 1
292 543 1
292 560 1
292 589 1
292 615 1
292 666 1
292 828 1
292 969 1
292 985 1
293 403 1
293 454 1
293 530 1
293 533 1
293 534 1
293 731 1
293 823 1
293 835 1
293 912 1
294 372 1
294 397 1
294 470 1
294 541 1
294 666 1
294 698 1
294 728 1
294 855 1
294 912 1
295 353 1
295 471 1
295 490 1
295 510 1
295 537 1
295 700 1
295 860 1
295 891 1
295 984 1
296 306 1
296 324 1
296 377 1
296 433 1
296 472 1
296 518 1
296 588 1
296 730 1
296 745 1
296 834 1
296 889 1
297 394 1
297 482 1
297 641 1
297 917 1
297 931 1
297 977 1
297 978 1
298 409 1
298 448 1
298 576 1
298 669 1
298 705 1
298 823 1
298 832 1
298 928 1
299 401 1
299 566 1
299 586 1
299 729 1
299 809 1
299 979 1
300 353 1
300 573 1
300 699 1
300 737 1
300 936 1
300 997 1
301 340 1
301 345 1
301 386 1
301 393 1
301 409 1
301 577 1
301 669 1
301 732 1
301 934 1
302 311 1
302 345 1
302 427 1
302 650 1
302 674 1
302 729 1
303 385 1
303 522 1
303 545 1
303 618 1
303 627 1
303 642 1
303 706 1
303 731 1
303 747 1
304 501 1
304 507 1
304 779 1
304 994 1
305 320 1
305 452 1
305 666 1
305 928 1
305 950 1
305 983 1
306 325 1
306 483 1
306 489 1
306 559 1
306 645 1
306 744 1
306 770 1
306 925 1
306 966 1
307 331 1
307 431 1
307 471 1
307 605 1
307 636 1
307 672 1
307 824 1
307 892 1
307 924 1
307 959 1
308 448 1
308 705 1
308 755 1
308 883 1
309 342 1
309 348 1
309 359 1
309 427 1
309 460 1
309 500 1
309 583 1
309 587 1
309 731 1
309 982 1
310 399 1
310 518 1
310 691 1
310 695 1
310 715 1
310 744 1
310 833 1
310 915 1
310 951 1
310 958 1
311 323 1
311 439 1
311 441 1
311 506 1
311 559 1
311 588 1
311 631 1
311 677 1
311 765 1
311 846 1
312 361 1
312 449 1
312 467 1
312 475 1
312 510 1
312 532 1
312 838 1
312 998 1
313 418 1
313 745 1
313 798 1
313 836 1
314 520 1
314 525 1
314 550 1
314 743 1
314 910 1
314 919 1
314 942 1
315 550 1
315 610 1
315 708 1
316 369 1
316 586 1
316 751 1
316 779 1
316 807 1
316 871 1
317 374 1
317 640 1
317 764 1
317 868 1
317 928 1
317 951 1
318 533 1
318 538 1
318 543 1
318 646 1
318 758 1
319 337 1
319 382 1
319 467 1
319 475 1
319 477 1
319 600 1
319 708 1
319 727 1
319 777 1
319 811 1
319 924 1
319 930 1
319 935 1
319 977 1
320 453 1
320 625 1
320 854 1
320 919 1
321 530 1
321 724 1
321 757 1
321 796 1
321 837 1
321 997 1
322 731 1
322 910 1
322 930 1
323 435 1
323 458 1
323 499 1
323 695 1
323 711 1
323 761 1
323 767 1
323 797 1
323 906 1
323 939 1
323 971 1
324 375 1
324 525 1
324 734 1
324 778 1
324 781 1
324 920 1
325 345 1
325 610 1
325 676 1
325 824 1
325 832 1
325 906 1
326 345 1
326 354 1
326 374 1
326 399 1
326 515 1
326 575 1
326 596 1
326 781 1
327 452 1
327 468 1
327 672 1
327 675 1
327 720 1
327 731 1
327 742 1
327 791 1
327 946 1
328 392 1
328 519 1
328 535 1
328 590 1
328 631 1
328 857 1
329 478 1
329 489 1
329 511 1
329 572 1
329 595 1
329 665 1
329 705 1
329 752 1
330 458 1
330 460 1
330 487 1
330 688 1
330 781 1
330 876 1
330 879 1
330 976 1
330 992 1
331 371 1
331 381 1
331 500 1
331 724 1
331 906 1
331 931 1
332 407 1
332 442 1
332 455 1
332 526 1
332 556 1
332 558 1
332 593 1
332 663 1
332 736 1
332 778 1
332 882 1
333 373 1
333 470 1
333 643 1
333 678 1
333 718 1
333 903 1
333 950 1
334 345 1
334 453 1
334 538 1
334 616 1
334 634 1
334 696 1
334 845 1
334 893 1
334 898 1
334 958 1
335 414 1
335 419 1
335 484 1
335 522 1
335 594 1
335 618 1
335 677 1
335 804 1
335 849 1
335 968 1
336 475 1
336 601 1
336 645 1
336 796 1
336 871 1
336 958 1
336 994 1
337 432 1
337 455 1
337 478 1
337 546 1
337 561 1
337 636 1
337 654 1
337 905 1
337 918 1
337 939 1
337 993 1
337 999 1
338 416 1
338 533 1
338 608 1
338 612 1
338 677 1
338 688 1
338 923 1
339 391 1
339 441 1
339 549 1
339 600 1
339 669 1
339 877 1
339 897 1
340 409 1
340 554 1
340 609 1
340 734 1
340 752 1
340 846 1
340 914 1
341 352 1
341 372 1
341 467 1
341 472 1
341 770 1
341 792 1
341 797 1
341 801 1
341 923 1
341 984 1
342 357 1
342 466 1
342 497 1
342 607 1
342 624 1
342 680 1
343 455 1
343 470 1
343 540 1
343 669 1
343 783 1
343 912 1
343 923 1
344 494 1
344 561 1
344 567 1
344 653 1
344 736 1
344 740 1
344 752 1
345 442 1
345 642 1
345 699 1
345 730 1
345 744 1
345 773 1
345 901 1
345 933 1
345 967 1
346 466 1
346 469 1
346 735 1
346 765 1
346 895 1
346 942 1
347 454 1
347 540 1
347 676 1
347 768 1
347 939 1
347 963 1
348 382 1
348 576 1
348 667 1
348 732 1
348 767 1
349 403 1
349 445 1
349 471 1
349 497 1
349 500 1
349 547 1
349 690 1
349 818 1
349 861 1
349 871 1
349 899 1
349 940 1
349 1000 1
350 363 1
350 506 1
350 582 1
350 795 1
350 973 1
351 357 1
351 468 1
351 544 1
351 791 1
351 795 1
351 983 1
352 636 1
352 732 1
352 855 1
353 375 1
353 505 1
353 601 1
353 739 1
353 830 1
353 924 1
354 548 1
354 685 1
355 520 1
355 818 1
355 887 1
355 931 1
355 989 1
356 400 1
356 477 1
356 661 1
356 699 1
356 725 1
356 733 1
356 886 1
356 931 1
357 560 1
357 651 1
357 691 1
357 695 1
357 779 1
357 864 1
357 909 1
358 401 1
358 448 1
358 474 1
358 657 1
358 664 1
358 688 1
358 717 1
358 743 1
358 822 1
358 852 1
358 858 1
359 370 1
359 374 1
359 403 1
359 412 1
359 494 1
359 514 1
359 629 1
359 639 1
359 817 1
359 888 1
359 957 1
360 522 1
360 532 1
360 679 1
360 792 1
360 980 1
361 371 1
361 673 1
361 822 1
361 958 1
361 979 1
362 482 1
362 486 1
362 496 1
362 575 1
362 690 1
362 719 1
362 814 1
362 927 1
363 388 1
363 432 1
363 470 1
363 708 1
363 766 1
363 774 1
363 851 1
363 963 1
364 416 1
364 575 1
364 696 1
364 774 1
365 495 1
365 496 1
365 519 1
365 554 1
365 628 1
365 648 1
365 853 1
366 426 1
366 518 1
366 607 1
366 615 1
366 838 1
367 458 1
367 481 1
367 488 1
367 605 1
367 706 1
367 753 1
367 829 1
367 892 1
367 940 1
368 374 1
368 457 1
368 479 1
368 561 1
368 603 1
368 629 1
368 890 1
368 894 1
368 927 1
368 984 1
368 988 1
369 395 1
369 404 1
369 496 1
369 686 1
369 721 1
369 849 1
370 466 1
370 468 1
370 563 1
370 578 1
370 989 1
371 377 1
371 477 1
371 490 1
371 506 1
371 949 1
372 412 1
372 475 1
372 503 1
372 525 1
372 740 1
372 764 1
372 816 1
372 828 1
372 869 1
372 905 1
372 934 1
372 941 1
373 477 1
373 489 1
373 706 1
373 953 1
373 999 1
374 387 1
374 512 1
374 667 1
374 846 1
374 929 1
374 939 1
375 430 1
375 440 1
375 593 1
375 804 1
375 825 1
375 970 1
376 407 1
376 436 1
376 461 1
376 473 1
376 493 1
376 495 1
376 791 1
376 805 1
376 924 1
377 449 1
377 744 1
377 841 1
377 860 1
377 864 1
378 403 1
378 452 1
378 692 1
378 842 1
378 885 1
378 931 1
378 985 1
378 998 1
379 428 1
379 509 1
379 614 1
379 693 1
379 765 1
379 830 1
379 834 1
379 880 1
379 947 1
380 424 1
380 681 1
380 696 1
380 731 1
380 862 1
381 452 1
381 475 1
381 722 1
381 838 1
382 386 1
382 803 1
382 895 1
382 942 1
382 990 1
383 566 1
384 561 1
384 576 1
384 600 1
384 842 1
384 846 1
384 941 1
385 424 1
385 456 1
385 462 1
385 563 1
385 672 1
385 736 1
385 787 1
385 789 1
386 465 1
386 491 1
386 589 1
386 664 1
386 731 1
386 801 1
386 816 1
387 464 1
387 511 1
387 655 1
387 714 1
387 772 1
387 886 1
387 994 1
387 995 1
388 437 1
388 638 1
388 834 1
388 938 1
389 390 1
389 409 1
389 646 1
389 673 1
389 716 1
389 811 1
389 932 1
390 421 1
390 627 1
390 678 1
390 784 1
390 795 1
390 808 1
391 414 1
391 437 1
391 632 1
391 642 1
392 505 1
392 549 1
392 583 1
392 716 1
392 768 1
392 775 1
392 943 1
392 988 1
393 524 1
393 571 1
393 601 1
393 730 1
393 890 1
393 994 1
394 681 1
394 684 1
394 756 1
394 777 1
394 879 1
394 929 1
395 432 1
395 500 1
395 513 1
395 669 1
395 706 1
395 808 1
395 981 1
396 453 1
396 457 1
396 508 1
396 680 1
396 727 1
396 876 1
397 418 1
397 496 1
397 621 1
397 639 1
397 763 1
397 888 1
397 931 1
397 976 1
397 997 1
398 420 1
398 536 1
398 558 1
398 659 1
398 880 1
398 890 1
398 915 1
398 937 1
398 996 1
399 411 1
399 514 1
399 526 1
399 749 1
399 836 1
399 861 1
399 887 1
400 479 1
400 555 1
400 724 1
400 740 1
400 846 1
400 858 1
400 874 1
400 997 1
401 428 1
401 594 1
401 625 1
401 654 1
401 814 1
401 867 1
401 923 1
401 937 1
401 998 1
402 458 1
402 466 1
402 522 1
402 625 1
402 964 1
402 977 1
403 422 1
403 657 1
403 769 1
403 794 1
403 958 1
403 996 1
404 431 1
404 563 1
404 679 1
404 791 1
404 912 1
405 451 1
405 680 1
405 727 1
405 755 1
405 762 1
405 849 1
405 931 1
405 983 1
406 555 1
406 597 1
406 633 1
406 724 1
406 928 1
407 445 1
407 651 1
407 846 1
407 880 1
407 963 1
407 971 1
408 443 1
408 450 1
408 497 1
408 603 1
408 737 1
408 760 1
408 859 1
408 945 1
409 496 1
409 592 1
409 747 1
409 945 1
409 983 1
410 435 1
410 526 1
410 559 1
410 564 1
410 853 1
410 936 1
411 441 1
411 848 1
411 951 1
412 450 1
412 683 1
412 724 1
412 776 1
412 851 1
413 422 1
413 438 1
413 496 1
413 544 1
413 816 1
413 963 1
413 998 1
414 475 1
414 539 1
414 626 1
414 709 1
415 831 1
415 862 1
415 893 1
416 477 1
416 525 1
416 775 1
417 475 1
417 532 1
417 593 1
417 725 1
417 857 1
418 473 1
418 500 1
418 557 1
418 698 1
418 800 1
418 866 1
418 882 1
418 967 1
418 997 1
419 520 1
420 577 1
420 633 1
420 769 1
420 890 1
421 447 1
421 456 1
421 672 1
421 704 1
421 709 1
421 919 1
421 931 1
421 940 1
421 952 1
421 961 1
422 445 1
422 606 1
422 760 1
422 926 1
423 475 1
423 977 1
423 997 1
424 588 1
424 734 1
424 809 1
424 990 1
425 493 1
425 547 1
425 570 1
425 668 1
425 716 1
425 736 1
425 809 1
425 945 1
425 966 1
426 535 1
426 723 1
426 741 1
426 812 1
427 495 1
427 661 1
427 773 1
427 786 1
427 797 1
428 436 1
428 461 1
428 589 1
428 702 1
428 812 1
428 920 1
428 999 1
429 431 1
429 563 1
429 572 1
429 576 1
429 603 1
429 626 1
429 634 1
429 930 1
430 560 1
431 650 1
431 917 1
431 971 1
432 437 1
432 718 1
432 730 1
433 715 1
433 735 1
433 757 1
433 862 1
434 609 1
434 910 1
434 935 1
434 944 1
434 973 1
435 449 1
435 653 1
435 724 1
435 786 1
435 821 1
435 987 1
436 548 1
436 570 1
436 621 1
436 684 1
436 779 1
436 783 1
437 446 1
437 534 1
437 573 1
437 582 1
439 471 1
439 537 1
439 649 1
439 727 1
440 509 1
440 780 1
440 829 1
441 488 1
441 490 1
441 606 1
441 878 1
441 943 1
442 540 1
442 677 1
442 715 1
443 556 1
443 659 1
443 662 1
443 752 1
443 802 1
443 933 1
444 545 1
444 550 1
444 557 1
444 571 1
444 635 1
444 747 1
444 915 1
445 468 1
445 569 1
445 610 1
445 651 1
445 662 1
445 684 1
445 711 1
445 823 1
445 967 1
445 970 1
446 535 1
446 679 1
446 747 1
446 957 1
447 667 1
447 786 1
447 804 1
447 908 1
447 910 1
448 454 1
448 492 1
448 535 1
448 538 1
448 618 1
448 635 1
448 648 1
448 725 1
448 766 1
449 563 1
449 598 1
449 713 1
449 779 1
449 935 1
449 974 1
449 978 1
450 920 1
450 949 1
451 482 1
451 499 1
451 529 1
451 585 1
451 597 1
451 607 1
451 775 1
451 976 1
452 587 1
452 678 1
452 701 1
452 839 1
452 874 1
453 699 1
453 889 1
454 588 1
454 771 1
454 772 1
455 495 1
455 576 1
455 627 1
455 725 1
455 891 1
456 499 1
456 571 1
456 635 1
456 666 1
456 696 1
456 747 1
456 836 1
457 530 1
457 541 1
457 815 1
457 836 1
458 525 1
458 655 1
458 688 1
458 695 1
458 985 1
459 632 1
459 685 1
459 742 1
459 746 1
459 818 1
459 907 1
460 552 1
460 638 1
460 789 1
461 476 1
461 484 1
461 725 1
461 729 1
461 734 1
461 787 1
462 618 1
462 790 1
462 931 1
463 529 1
463 545 1
463 608 1
463 809 1
463 872 1
464 812 1
464 887 1
464 892 1
464 913 1
464 928 1
464 959 1
464 972 1
465 545 1
465 576 1
465 678 1
465 730 1
465 776 1
465 843 1
465 846 1
466 514 1
466 538 1
466 565 1
466 596 1
466 666 1
466 700 1
466 797 1
466 839 1
466 850 1
466 965 1
466 971 1
467 704 1
467 758 1
467 761 1
468 507 1
468 535 1
468 596 1
468 645 1
468 682 1
468 867 1
468 923 1
469 518 1
469 603 1
469 675 1
469 754 1
469 794 1
469 955 1
469 982 1
470 479 1
470 517 1
470 564 1
470 584 1
470 703 1
470 792 1
470 817 1
470 869 1
470 918 1
470 976 1
471 507 1
471 546 1
471 608 1
471 773 1
471 799 1
471 806 1
471 822 1
471 831 1
471 853 1
471 925 1
471 943 1
472 518 1
472 640 1
472 776 1
472 909 1
472 958 1
473 509 1
473 512 1
473 532 1
473 653 1
473 815 1
473 877 1
473 915 1
473 989 1
474 575 1
474 620 1
474 624 1
474 641 1
474 776 1
474 899 1
474 912 1
474 939 1
475 489 1
475 516 1
475 621 1
475 711 1
475 716 1
475 873 1
475 888 1
475 909 1
475 955 1
475 966 1
476 500 1
476 617 1
476 626 1
476 691 1
476 855 1
476 857 1
476 919 1
477 623 1
477 632 1
477 712 1
477 852 1
477 889 1
478 505 1
478 798 1
478 860 1
478 891 1
478 926 1
479 597 1
479 691 1
479 710 1
479 801 1
479 807 1
480 499 1
480 635 1
480 688 1
480 697 1
480 900 1
480 935 1
481 595 1
481 697 1
481 743 1
481 773 1
481 816 1
481 817 1
481 841 1
481 976 1
482 505 1
482 569 1
482 788 1
482 834 1
482 943 1
482 954 1
483 649 1
483 707 1
483 711 1
483 715 1
483 820 1
483 831 1
483 834 1
484 534 1
484 620 1
484 623 1
484 740 1
484 895 1
484 901 1
484 907 1
484 939 1
484 991 1
485 593 1
485 819 1
486 784 1
486 803 1
487 518 1
487 557 1
487 602 1
487 605 1
487 646 1
487 716 1
487 868 1
487 880 1
487 995 1
488 499 1
488 577 1
488 667 1
488 722 1
488 740 1
488 752 1
488 800 1
488 876 1
489 517 1
489 685 1
489 779 1
490 586 1
491 632 1
491 867 1
491 875 1
491 904 1
492 771 1
492 788 1
492 849 1
492 932 1
492 957 1
493 594 1
493 670 1
493 706 1
493 727 1
493 764 1
493 898 1
493 939 1
494 741 1
494 769 1
494 787 1
494 833 1
495 500 1
495 522 1
495 609 1
495 696 1
495 784 1
495 792 1
495 831 1
495 848 1
495 901 1
496 539 1
496 666 1
496 713 1
496 867 1
496 999 1
497 532 1
497 566 1
497 600 1
497 631 1
497 645 1
497 732 1
497 755 1
497 848 1
498 551 1
498 578 1
498 741 1
498 751 1
498 815 1
498 940 1
499 586 1
499 747 1
499 752 1
499 823 1
499 876 1
499 924 1
499 962 1
499 968 1
501 513 1
501 573 1
501 579 1
501 740 1
501 745 1
501 979 1
502 714 1
502 749 1
502 778 1
502 835 1
502 850 1
502 875 1
502 896 1
502 979 1
503 538 1
503 543 1
503 627 1
503 802 1
503 804 1
503 833 1
503 950 1
504 637 1
504 830 1
504 877 1
504 955 1
504 1000 1
505 534 1
505 538 1
505 807 1
505 843 1
505 949 1
506 515 1
507 670 1
507 704 1
507 722 1
508 927 1
508 971 1
508 983 1
509 657 1
509 836 1
509 898 1
509 993 1
510 527 1
510 570 1
510 717 1
510 803 1
510 907 1
511 514 1
511 566 1
511 644 1
511 674 1
511 690 1
511 708 1
511 763 1
511 765 1
511 927 1
512 880 1
512 899 1
513 592 1
513 640 1
513 739 1
513 819 1
513 844 1
513 893 1
513 940 1
514 555 1
514 561 1
514 795 1
514 833 1
514 881 1
515 657 1
515 787 1
515 860 1
516 761 1
516 930 1
517 534 1
517 637 1
517 687 1
517 872 1
518 622 1
518 851 1
519 545 1
519 549 1
519 578 1
519 778 1
519 849 1
520 672 1
520 705 1
520 905 1
520 942 1
521 550 1
521 622 1
521 660 1
521 797 1
521 807 1
521 887 1
522 657 1
522 787 1
522 928 1
522 963 1
522 981 1
523 628 1
523 687 1
523 852 1
524 564 1
524 734 1
524 788 1
524 863 1
524 962 1
525 573 1
525 761 1
525 876 1
525 922 1
525 963 1
526 708 1
526 751 1
526 961 1
526 992 1
527 605 1
527 746 1
527 967 1
528 787 1
528 876 1
528 897 1
528 943 1
528 998 1
529 566 1
529 653 1
529 758 1
529 962 1
530 606 1
530 614 1
530 649 1
530 797 1
530 907 1
530 925 1
530 965 1
530 980 1
531 551 1
531 735 1
531 904 1
531 919 1
531 965 1
531 982 1
532 668 1
532 751 1
533 698 1
533 785 1
534 725 1
534 821 1
534 828 1
534 846 1
534 957 1
535 649 1
535 667 1
535 704 1
535 750 1
535 830 1
535 932 1
536 618 1
536 619 1
536 856 1
536 874 1
536 934 1
536 987 1
537 746 1
537 806 1
537 807 1
537 904 1
538 570 1
538 827 1
538 925 1
539 634 1
539 637 1
539 667 1
539 703 1
539 706 1
540 676 1
540 860 1
540 937 1
541 570 1
541 620 1
541 719 1
541 766 1
541 791 1
541 864 1
541 887 1
541 999 1
542 597 1
542 641 1
542 815 1
543 569 1
543 636 1
543 681 1
543 921 1
544 685 1
544 825 1
544 954 1
545 671 1
545 905 1
545 985 1
546 667 1
546 669 1
546 671 1
546 822 1
546 906 1
546 915 1
547 981 1
548 653 1
548 875 1
549 727 1
549 823 1
549 917 1
549 952 1
549 986 1
550 817 1
550 970 1
551 552 1
551 672 1
551 695 1
551 701 1
551 851 1
551 909 1
551 1000 1
552 560 1
552 597 1
552 760 1
552 766 1
552 787 1
552 803 1
552 875 1
552 887 1
552 929 1
553 602 1
553 622 1
553 811 1
553 819 1
554 613 1
554 785 1
554 980 1
555 808 1
556 634 1
556 640 1
556 717 1
556 791 1
556 863 1
556 878 1
556 938 1
557 609 1
557 766 1
557 795 1
557 826 1
557 957 1
558 733 1
558 790 1
558 925 1
559 639 1
559 758 1
559 970 1
560 660 1
560 802 1
560 832 1
560 928 1
560 958 1
560 965 1
561 568 1
561 582 1
561 661 1
561 816 1
561 830 1
561 947 1
562 567 1
562 587 1
562 816 1
563 568 1
563 591 1
563 685 1
563 687 1
563 992 1
564 605 1
564 701 1
564 827 1
564 862 1
564 966 1
565 743 1
565 889 1
565 893 1
565 924 1
566 592 1
566 745 1
566 755 1
566 898 1
567 734 1
567 908 1
568 640 1
568 732 1
568 764 1
569 570 1
569 590 1
569 915 1
570 954 1
570 987 1
571 595 1
571 641 1
571 694 1
571 737 1
571 771 1
571 791 1
571 843 1
571 976 1
571 994 1
572 623 1
572 635 1
572 649 1
572 877 1
572 932 1
573 643 1
573 753 1
573 837 1
573 893 1
574 596 1
574 870 1
575 607 1
575 725 1
575 755 1
575 842 1
575 991 1
576 583 1
576 584 1
576 714 1
576 849 1
577 592 1
577 647 1
577 799 1
577 937 1
577 988 1
578 596 1
578 683 1
578 726 1
578 734 1
578 819 1
578 836 1
578 938 1
579 693 1
579 726 1
579 759 1
579 786 1
579 854 1
579 955 1
580 841 1
581 763 1
581 792 1
581 853 1
582 890 1
582 916 1
582 925 1
582 988 1
583 843 1
584 805 1
584 940 1
585 622 1
585 762 1
585 868 1
585 985 1
586 685 1
586 897 1
587 851 1
588 756 1
588 857 1
588 970 1
589 950 1
590 609 1
590 623 1
590 684 1
590 705 1
590 787 1
590 877 1
591 787 1
591 799 1
591 812 1
591 841 1
591 898 1
592 624 1
592 683 1
592 707 1
592 893 1
593 782 1
594 703 1
594 753 1
595 717 1
595 728 1
595 790 1
595 873 1
595 989 1
596 726 1
596 755 1
596 853 1
596 867 1
597 609 1
597 612 1
597 684 1
597 758 1
597 942 1
597 971 1
598 677 1
598 836 1
599 661 1
599 759 1
599 808 1
599 888 1
599 915 1
600 771 1
600 821 1
600 899 1
600 957 1
601 848 1
601 966 1
601 981 1
601 997 1
602 680 1
602 782 1
603 801 1
603 827 1
604 614 1
604 642 1
604 697 1
604 797 1
604 893 1
605 669 1
606 644 1
606 722 1
606 788 1
606 962 1
607 649 1
607 664 1
607 666 1
607 987 1
607 996 1
608 649 1
608 658 1
609 613 1
609 626 1
609 713 1
609 716 1
609 732 1
609 928 1
610 639 1
610 650 1
610 887 1
611 849 1
611 881 1
612 648 1
612 812 1
612 878 1
612 936 1
613 730 1
614 660 1
614 709 1
614 848 1
614 858 1
615 748 1
615 779 1
615 845 1
615 897 1
616 686 1
616 932 1
616 936 1
616 979 1
617 666 1
617 696 1
617 703 1
617 860 1
617 947 1
617 966 1
618 737 1
618 757 1
618 781 1
618 848 1
618 850 1
619 910 1
619 937 1
619 965 1
619 983 1
619 986 1
620 636 1
620 649 1
620 680 1
620 777 1
620 814 1
620 852 1
620 915 1
620 952 1
621 773 1
621 909 1
621 999 1
622 719 1
622 746 1
622 754 1
622 778 1
622 825 1
622 862 1
623 800 1
623 856 1
623 893 1
623 908 1
623 955 1
624 718 1
624 721 1
624 736 1
624 962 1
624 991 1
625 638 1
625 670 1
625 745 1
625 815 1
625 869 1
625 939 1
626 682 1
626 703 1
626 762 1
626 969 1
627 646 1
627 650 1
627 812 1
627 856 1
627 920 1
627 948 1
628 697 1
628 706 1
628 740 1
628 803 1
628 833 1
628 885 1
628 992 1
629 732 1
629 763 1
629 850 1
629 854 1
629 922 1
630 674 1
630 926 1
630 988 1
631 722 1
631 839 1
631 931 1
631 953 1
632 687 1
632 700 1
632 706 1
632 799 1
632 920 1
633 830 1
634 662 1
634 685 1
634 712 1
634 771 1
634 813 1
635 660 1
635 791 1
635 812 1
635 951 1
636 639 1
636 705 1
636 985 1
637 837 1
637 844 1
637 934 1
637 966 1
638 691 1
638 867 1
638 870 1
638 963 1
639 896 1
639 968 1
639 990 1
639 995 1
640 809 1
640 863 1
641 685 1
641 757 1
641 815 1
641 872 1
641 936 1
642 690 1
642 712 1
642 733 1
642 763 1
642 940 1
642 946 1
642 965 1
643 994 1
644 990 1
645 705 1
645 776 1
645 886 1
646 811 1
646 844 1
646 900 1
649 860 1
649 896 1
649 931 1
649 987 1
649 991 1
650 687 1
650 796 1
650 895 1
650 953 1
651 658 1
651 918 1
651 957 1
652 818 1
652 846 1
652 847 1
653 775 1
653 824 1
653 831 1
653 918 1
654 812 1
654 834 1
654 836 1
654 879 1
655 669 1
655 832 1
655 965 1
656 701 1
656 735 1
656 858 1
656 966 1
657 904 1
657 939 1
658 795 1
658 817 1
658 842 1
658 933 1
658 954 1
659 750 1
659 824 1
659 882 1
660 675 1
661 673 1
661 925 1
662 931 1
662 933 1
662 940 1
663 729 1
663 863 1
664 742 1
664 771 1
664 796 1
664 799 1
664 958 1
665 835 1
665 971 1
666 744 1
666 997 1
667 755 1
667 843 1
667 875 1
667 922 1
667 985 1
668 670 1
668 752 1
668 778 1
668 793 1
668 794 1
668 932 1
669 716 1
669 851 1
669 921 1
670 674 1
670 681 1
670 701 1
670 938 1
671 680 1
671 687 1
671 909 1
671 955 1
671 962 1
671 973 1
672 771 1
672 907 1
673 898 1
673 935 1
673 971 1
674 830 1
674 970 1
675 971 1
676 731 1
676 876 1
676 879 1
677 751 1
677 770 1
677 865 1
678 686 1
678 787 1
678 880 1
679 683 1
679 943 1
680 681 1
680 767 1
680 802 1
680 962 1
680 969 1
681 697 1
681 725 1
681 778 1
682 827 1
682 986 1
682 989 1
683 709 1
684 730 1
684 756 1
684 797 1
684 950 1
685 699 1
685 949 1
686 713 1
686 771 1
686 992 1
687 800 1
687 802 1
687 860 1
687 873 1
687 884 1
687 885 1
687 969 1
688 878 1
688 923 1
689 699 1
689 984 1
689 994 1
690 783 1
690 839 1
690 863 1
690 874 1
691 883 1
693 779 1
693 840 1
693 846 1
693 877 1
694 845 1
694 876 1
694 961 1
695 740 1
695 824 1
695 832 1
695 873 1
695 931 1
696 726 1
696 875 1
697 718 1
697 861 1
697 898 1
698 739 1
698 775 1
698 799 1
698 905 1
698 997 1
699 808 1
700 777 1
700 907 1
700 919 1
700 964 1
701 972 1
703 739 1
703 772 1
703 779 1
703 981 1
704 709 1
704 743 1
704 820 1
704 844 1
704 926 1
704 928 1
704 951 1
705 709 1
705 770 1
705 810 1
705 867 1
705 920 1
705 949 1
705 972 1
706 790 1
706 809 1
707 946 1
708 831 1
708 990 1
709 773 1
709 894 1
710 956 1
711 844 1
712 799 1
712 815 1
712 994 1
713 724 1
713 732 1
713 753 1
713 846 1
713 848 1
714 852 1
714 892 1
714 997 1
715 879 1
715 992 1
716 728 1
716 910 1
717 908 1
717 954 1
718 885 1
718 984 1
718 996 1
719 747 1
719 923 1
719 993 1
720 747 1
720 882 1
721 730 1
721 766 1
721 810 1
721 927 1
721 939 1
722 729 1
722 753 1
722 793 1
722 805 1
723 740 1
723 886 1
723 945 1
724 905 1
725 734 1
725 815 1
725 869 1
726 729 1
726 792 1
726 843 1
726 919 1
727 816 1
727 821 1
727 834 1
727 839 1
729 824 1
730 843 1
730 924 1
730 975 1
731 742 1
731 906 1
731 973 1
732 797 1
732 837 1
732 943 1
733 788 1
733 961 1
733 980 1
734 990 1
735 856 1
736 795 1
736 916 1
736 988 1
737 890 1
737 965 1
738 953 1
739 900 1
739 912 1
741 775 1
741 966 1
742 753 1
742 821 1
742 887 1
742 958 1
743 797 1
743 832 1
743 878 1
743 891 1
743 892 1
744 863 1
744 882 1
744 933 1
744 986 1
745 913 1
745 919 1
745 949 1
745 952 1
746 767 1
746 836 1
746 872 1
746 873 1
746 916 1
746 975 1
747 816 1
747 892 1
747 922 1
747 950 1
748 757 1
748 871 1
748 876 1
748 968 1
749 791 1
749 809 1
750 943 1
751 823 1
751 854 1
751 881 1
753 899 1
753 915 1
753 928 1
753 943 1
754 923 1
755 778 1
756 891 1
756 910 1
756 996 1
758 805 1
758 816 1
758 905 1
758 919 1
759 894 1
759 940 1
759 967 1
759 972 1
760 803 1
762 884 1
762 980 1
763 904 1
765 893 1
766 788 1
766 952 1
766 973 1
768 789 1
769 950 1
770 861 1
770 913 1
771 794 1
771 989 1
771 999 1
772 810 1
772 842 1
772 943 1
774 857 1
774 912 1
774 963 1
775 802 1
775 861 1
775 912 1
775 913 1
775 947 1
777 792 1
777 853 1
778 851 1
778 890 1
779 838 1
779 904 1
779 994 1
780 803 1
780 967 1
781 864 1
782 970 1
782 979 1
783 967 1
784 858 1
785 809 1
785 969 1
785 994 1
786 879 1
786 931 1
787 866 1
788 989 1
789 993 1
790 811 1
791 821 1
792 895 1
793 797 1
795 854 1
795 856 1
795 858 1
795 867 1
795 993 1
796 810 1
796 913 1
796 951 1
797 872 1
797 973 1
798 855 1
798 889 1
799 825 1
799 902 1
799 918 1
800 852 1
800 956 1
800 962 1
801 803 1
801 804 1
801 883 1
802 873 1
803 816 1
803 886 1
804 856 1
804 936 1
805 816 1
807 915 1
807 987 1
808 861 1
809 929 1
809 949 1
809 950 1
811 837 1
811 896 1
812 949 1
814 876 1
815 968 1
816 854 1
816 894 1
816 905 1
817 853 1
817 914 1
818 873 1
818 889 1
820 822 1
820 836 1
820 871 1
821 977 1
822 885 1
823 835 1
823 954 1
824 887 1
824 892 1
824 923 1
825 829 1
826 829 1
826 970 1
827 884 1
827 957 1
828 902 1
828 911 1
828 987 1
829 978 1
830 853 1
830 993 1
831 865 1
831 920 1
831 964 1
832 886 1
832 938 1
832 958 1
832 984 1
833 912 1
833 924 1
834 861 1
834 987 1
834 996 1
836 913 1
836 937 1
838 953 1
840 932 1
841 951 1
841 976 1
842 976 1
843 935 1
843 958 1
844 856 1
844 872 1
844 973 1
845 940 1
845 956 1
846 913 1
846 929 1
846 956 1
847 906 1
847 991 1
847 996 1
848 907 1
848 965 1
850 878 1
851 857 1
851 932 1
852 855 1
853 900 1
853 936 1
853 968 1
854 879 1
854 882 1
854 896 1
854 925 1
855 957 1
856 977 1
857 987 1
858 958 1
858 987 1
859 894 1
859 976 1
860 907 1
860 921 1
860 941 1
860 974 1
861 862 1
861 900 1
861 907 1
862 942 1
862 943 1
863 883 1
863 998 1
864 901 1
865 934 1
866 913 1
866 922 1
866 938 1
868 899 1
869 944 1
870 885 1
870 896 1
870 919 1
871 985 1
872 897 1
872 936 1
872 947 1
876 972 1
876 973 1
878 904 1
878 970 1
879 903 1
879 925 1
879 999 1
880 977 1
881 894 1
881 987 1
882 888 1
882 924 1
882 940 1
883 948 1
884 927 1
884 932 1
884 993 1
885 977 1
885 994 1
890 918 1
891 907 1
893 933 1
896 935 1
896 969 1
897 931 1
898 968 1
899 957 1
899 976 1
899 989 1
900 912 1
902 985 1
903 984 1
904 982 1
905 962 1
906 907 1
906 934 1
906 966 1
907 920 1
907 953 1
907 957 1
908 943 1
908 960 1
908 965 1
908 977 1
908 997 1
909 974 1
913 993 1
915 926 1
915 959 1
916 929 1
918 933 1
918 964 1
920 998 1
921 923 1
922 958 1
924 976 1
926 953 1
927 971 1
929 962 1
930 937 1
930 938 1
930 962 1
931 946 1
931 958 1
931 994 1
932 959 1
933 980 1
936 941 1
937 971 1
937 988 1
940 950 1
940 991 1
941 996 1
942 973 1
944 975 1
945 950 1
947 988 1
949 965 1
949 981 1
949 988 1
952 973 1
957 962 1
960 985 1
962 981 1
964 998 1
969 984 1
972 996 1
975 977 1
975 984 1
978 994 1
