1000 5005
1 84 1
1 123 1
1 183 1
1 276 1
1 539 1
1 583 1
1 697 1
1 703 1
1 749 1
1 911 1
1 956 1
2 37 1
2 39 1
2 90 1
2 123 1
2 215 1
2 315 1
2 326 1
2 420 1
2 535 1
2 564 1
2 730 1
2 850 1
3 310 1
3 758 1
3 941 1
4 21 1
4 125 1
4 247 1
4 423 1
4 542 1
4 754 1
4 770 1
4 811 1
5 319 1
5 439 1
5 467 1
5 536 1
5 681 1
5 685 1
5 749 1
5 781 1
5 835 1
5 963 1
6 28 1
6 166 1
6 218 1
6 250 1
6 307 1
6 336 1
6 447 1
6 463 1
6 495 1
6 555 1
6 959 1
7 18 1
7 28 1
7 292 1
7 305 1
7 634 1
7 668 1
7 879 1
7 923 1
7 988 1
7 994 1
8 153 1
8 175 1
8 294 1
8 496 1
8 678 1
8 739 1
8 826 1
8 886 1
8 911 1
9 12 1
9 25 1
9 248 1
9 253 1
9 289 1
9 353 1
9 370 1
9 383 1
9 697 1
9 733 1
9 784 1
9 797 1
9 835 1
10 126 1
10 157 1
10 212 1
10 222 1
10 417 1
10 474 1
10 488 1
10 774 1
10 821 1
10 826 1
11 118 1
11 307 1
11 343 1
11 406 1
11 575 1
11 617 1
11 698 1
11 715 1
11 790 1
11 950 1
12 378 1
12 384 1
12 423 1
12 712 1
12 787 1
12 935 1
13 38 1
13 344 1
13 555 1
13 627 1
13 827 1
13 905 1
13 964 1
13 970 1
14 66 1
14 153 1
14 156 1
14 230 1
14 243 1
14 552 1
14 793 1
15 163 1
15 231 1
15 258 1
15 361 1
15 549 1
15 558 1
15 703 1
15 783 1
15 810 1
15 846 1
15 976 1
16 143 1
16 178 1
16 215 1
16 338 1
16 613 1
16 663 1
16 709 1
16 820 1
16 949 1
17 131 1
17 206 1
17 310 1
17 655 1
17 701 1
17 752 1
17 816 1
17 834 1
18 137 1
18 247 1
18 319 1
18 355 1
18 372 1
18 394 1
18 411 1
18 709 1
18 840 1
18 853 1
18 896 1
19 34 1
19 133 1
19 188 1
19 322 1
19 443 1
19 511 1
19 517 1
19 720 1
19 978 1
20 34 1
20 56 1
20 158 1
20 340 1
20 389 1
20 517 1
20 727 1
20 828 1
21 139 1
21 498 1
21 602 1
21 745 1
21 816 1
21 954 1
21 956 1
22 62 1
22 291 1
22 293 1
22 512 1
22 582 1
22 608 1
22 981 1
23 53 1
23 298 1
23 329 1
23 332 1
23 371 1
23 503 1
23 549 1
23 603 1
23 611 1
23 702 1
23 763 1
23 889 1
23 944 1
23 998 1
24 63 1
24 278 1
24 454 1
24 673 1
24 761 1
24 780 1
24 868 1
24 914 1
25 44 1
25 117 1
25 420 1
25 521 1
25 701 1
25 714 1
25 948 1
25 984 1
26 89 1
26 129 1
26 196 1
26 339 1
26 383 1
26 399 1
26 577 1
26 593 1
26 615 1
26 881 1
26 917 1
26 921 1
27 187 1
27 321 1
27 326 1
27 411 1
27 558 1
27 640 1
27 648 1
27 672 1
27 737 1
27 787 1
27 912 1
28 73 1
28 144 1
28 172 1
28 183 1
28 403 1
28 422 1
28 472 1
28 503 1
28 517 1
28 623 1
28 655 1
28 686 1
28 733 1
28 750 1
28 830 1
28 838 1
28 908 1
28 926 1
28 989 1
29 255 1
29 332 1
29 533 1
29 552 1
29 553 1
29 576 1
29 656 1
29 770 1
29 854 1
29 902 1
30 38 1
30 458 1
30 626 1
30 662 1
30 721 1
30 827 1
30 892 1
30 916 1
30 959 1
31 134 1
31 374 1
31 566 1
31 603 1
31 617 1
31 621 1
31 636 1
31 696 1
31 745 1
31 900 1
31 954 1
31 959 1
32 85 1
32 340 1
32 452 1
32 552 1
32 871 1
33 108 1
33 287 1
33 408 1
33 641 1
33 703 1
33 728 1
33 920 1
34 129 1
34 142 1
34 206 1
34 210 1
34 233 1
34 272 1
34 353 1
34 383 1
34 394 1
34 475 1
34 584 1
34 684 1
34 764 1
34 816 1
34 986 1
35 67 1
35 73 1
35 213 1
35 372 1
35 405 1
35 693 1
35 723 1
36 155 1
36 178 1
36 363 1
36 419 1
36 546 1
36 708 1
36 720 1
36 853 1
37 157 1
37 308 1
37 424 1
37 610 1
37 714 1
37 859 1
37 931 1
38 53 1
38 124 1
38 165 1
38 188 1
38 340 1
38 367 1
38 440 1
38 513 1
38 572 1
38 675 1
38 941 1
39 124 1
39 146 1
39 272 1
39 349 1
39 423 1
39 832 1
39 837 1
39 893 1
39 982 1
40 47 1
40 129 1
40 340 1
40 555 1
40 633 1
40 823 1
41 57 1
41 345 1
41 444 1
41 482 1
41 693 1
41 859 1
42 98 1
42 116 1
42 130 1
42 257 1
42 322 1
42 378 1
42 388 1
42 516 1
42 585 1
42 827 1
42 845 1
42 867 1
43 123 1
43 178 1
43 215 1
43 257 1
43 335 1
43 402 1
43 425 1
43 427 1
43 455 1
43 486 1
43 644 1
43 717 1
43 759 1
43 784 1
44 174 1
44 269 1
44 289 1
44 611 1
44 629 1
44 980 1
45 147 1
45 184 1
45 230 1
45 245 1
45 477 1
45 620 1
45 673 1
45 910 1
46 144 1
46 178 1
46 225 1
46 289 1
46 340 1
46 364 1
46 515 1
46 531 1
46 546 1
46 665 1
46 707 1
46 711 1
46 764 1
46 774 1
46 841 1
47 135 1
47 237 1
47 559 1
47 611 1
47 670 1
47 701 1
47 747 1
47 755 1
47 777 1
48 304 1
48 355 1
48 452 1
48 713 1
48 715 1
48 782 1
48 819 1
49 156 1
49 163 1
49 234 1
49 251 1
49 268 1
49 453 1
49 585 1
49 707 1
49 940 1
50 431 1
50 441 1
50 549 1
50 609 1
50 684 1
50 700 1
50 749 1
50 852 1
50 899 1
50 984 1
51 239 1
51 395 1
51 804 1
51 902 1
51 910 1
51 969 1
52 108 1
52 178 1
52 265 1
52 308 1
52 533 1
52 562 1
52 688 1
52 741 1
52 926 1
52 977 1
53 145 1
53 156 1
53 432 1
53 447 1
53 530 1
53 598 1
53 614 1
53 646 1
53 682 1
53 737 1
53 803 1
54 269 1
54 278 1
54 391 1
54 411 1
54 603 1
54 609 1
54 883 1
54 955 1
55 120 1
55 138 1
55 186 1
55 189 1
55 267 1
55 292 1
55 374 1
55 548 1
55 573 1
55 703 1
55 855 1
55 936 1
56 132 1
56 226 1
56 242 1
56 299 1
56 395 1
56 518 1
56 631 1
56 701 1
56 752 1
56 828 1
57 273 1
57 502 1
57 577 1
57 596 1
57 996 1
58 108 1
58 343 1
58 616 1
58 849 1
58 866 1
59 160 1
59 339 1
59 414 1
59 431 1
59 456 1
59 630 1
59 684 1
59 785 1
59 801 1
60 109 1
60 161 1
60 370 1
60 404 1
60 535 1
60 659 1
60 713 1
60 872 1
61 179 1
61 214 1
61 235 1
61 316 1
61 363 1
61 481 1
61 580 1
61 669 1
61 789 1
61 822 1
61 899 1
61 906 1
61 933 1
62 129 1
62 196 1
62 316 1
62 503 1
62 520 1
62 732 1
62 790 1
62 939 1
63 87 1
63 98 1
63 277 1
63 527 1
63 542 1
63 612 1
63 849 1
63 855 1
63 914 1
63 984 1
63 1000 1
64 106 1
64 121 1
64 204 1
64 253 1
64 258 1
64 444 1
64 505 1
64 799 1
64 884 1
64 934 1
64 981 1
65 131 1
65 408 1
65 420 1
65 543 1
65 592 1
65 657 1
65 691 1
65 741 1
65 773 1
66 76 1
66 164 1
66 344 1
66 429 1
66 447 1
66 519 1
66 672 1
66 678 1
66 816 1
66 866 1
66 953 1
67 263 1
67 677 1
67 747 1
67 766 1
67 791 1
68 87 1
68 96 1
68 492 1
68 540 1
68 594 1
68 762 1
68 793 1
68 851 1
68 979 1
69 216 1
69 325 1
69 513 1
69 570 1
69 596 1
69 868 1
69 965 1
70 87 1
70 315 1
70 361 1
70 479 1
70 632 1
70 664 1
70 686 1
70 744 1
70 946 1
70 976 1
71 116 1
71 419 1
71 433 1
71 510 1
71 568 1
71 595 1
71 708 1
71 791 1
71 809 1
71 878 1
71 960 1
72 83 1
72 161 1
72 192 1
72 205 1
72 242 1
72 308 1
72 401 1
72 496 1
72 577 1
72 591 1
72 594 1
72 607 1
72 615 1
72 703 1
72 728 1
72 771 1
73 215 1
73 372 1
73 434 1
73 619 1
73 651 1
74 219 1
74 227 1
74 279 1
74 426 1
74 464 1
74 480 1
74 493 1
74 659 1
74 748 1
74 769 1
74 802 1
75 247 1
75 322 1
75 519 1
75 533 1
75 585 1
75 741 1
75 748 1
75 825 1
75 888 1
75 968 1
76 156 1
76 272 1
76 286 1
76 296 1
76 306 1
76 513 1
76 571 1
76 690 1
76 746 1
76 828 1
76 915 1
77 158 1
77 206 1
77 225 1
77 226 1
77 227 1
77 626 1
77 659 1
78 269 1
78 513 1
78 593 1
78 746 1
78 914 1
78 976 1
79 80 1
79 90 1
79 352 1
79 472 1
79 477 1
79 552 1
79 601 1
79 734 1
79 764 1
79 822 1
79 845 1
79 867 1
80 200 1
80 245 1
80 290 1
80 307 1
80 505 1
80 552 1
80 756 1
80 777 1
80 795 1
80 902 1
80 914 1
81 534 1
81 544 1
81 715 1
81 731 1
81 739 1
81 783 1
81 811 1
81 844 1
81 907 1
82 328 1
82 582 1
82 634 1
82 924 1
82 971 1
83 84 1
83 102 1
83 117 1
83 136 1
83 153 1
83 159 1
83 350 1
83 707 1
83 844 1
83 854 1
83 920 1
83 956 1
83 994 1
84 173 1
84 305 1
84 319 1
84 405 1
84 535 1
84 637 1
85 239 1
85 295 1
85 323 1
85 440 1
85 671 1
85 711 1
86 205 1
86 246 1
86 256 1
86 283 1
86 410 1
86 421 1
86 578 1
86 771 1
86 783 1
86 884 1
86 938 1
86 965 1
87 152 1
87 163 1
87 328 1
87 353 1
87 663 1
87 808 1
87 871 1
87 959 1
88 102 1
88 161 1
88 292 1
88 451 1
88 564 1
88 566 1
88 829 1
89 201 1
89 399 1
89 531 1
89 546 1
89 635 1
89 716 1
89 809 1
89 837 1
89 869 1
89 981 1
90 183 1
90 194 1
90 239 1
90 260 1
90 279 1
90 283 1
90 338 1
90 447 1
90 458 1
90 471 1
90 630 1
90 643 1
90 741 1
90 931 1
90 975 1
91 103 1
91 178 1
91 179 1
91 190 1
91 270 1
91 439 1
91 549 1
91 553 1
91 943 1
91 997 1
92 179 1
92 235 1
92 277 1
92 344 1
92 404 1
92 537 1
92 547 1
92 628 1
92 683 1
92 940 1
92 941 1
93 315 1
93 358 1
93 643 1
93 690 1
93 776 1
93 951 1
94 238 1
94 484 1
94 487 1
94 528 1
94 547 1
94 656 1
94 897 1
94 978 1
94 986 1
94 992 1
95 320 1
95 384 1
95 447 1
95 879 1
95 889 1
95 971 1
95 982 1
96 114 1
96 215 1
96 385 1
96 562 1
96 611 1
96 767 1
96 786 1
96 790 1
96 819 1
96 820 1
96 906 1
96 941 1
97 196 1
97 219 1
97 246 1
97 259 1
97 383 1
97 453 1
97 512 1
97 632 1
97 759 1
97 824 1
97 898 1
98 211 1
98 333 1
98 524 1
98 884 1
99 104 1
99 193 1
99 362 1
99 372 1
99 380 1
99 383 1
99 533 1
99 622 1
99 651 1
99 698 1
99 779 1
99 927 1
100 178 1
100 266 1
100 298 1
100 315 1
100 453 1
100 480 1
100 579 1
100 654 1
100 659 1
100 665 1
100 809 1
100 846 1
100 917 1
100 925 1
100 940 1
101 122 1
101 137 1
101 147 1
101 305 1
101 470 1
101 572 1
101 654 1
101 771 1
101 915 1
102 287 1
102 418 1
102 472 1
102 486 1
102 504 1
102 519 1
102 538 1
102 747 1
102 780 1
102 812 1
103 114 1
103 116 1
103 296 1
103 402 1
103 582 1
103 619 1
103 677 1
104 122 1
104 213 1
104 314 1
104 321 1
104 340 1
104 368 1
104 826 1
104 843 1
105 238 1
105 383 1
105 417 1
105 440 1
105 604 1
105 616 1
105 694 1
105 750 1
105 819 1
105 894 1
106 133 1
106 163 1
106 214 1
106 536 1
106 563 1
106 729 1
106 739 1
106 784 1
106 885 1
106 920 1
107 118 1
107 247 1
107 255 1
107 318 1
107 349 1
107 453 1
107 463 1
107 500 1
107 528 1
107 563 1
107 797 1
107 862 1
107 892 1
108 256 1
108 359 1
108 489 1
108 491 1
108 632 1
108 782 1
108 857 1
109 335 1
109 414 1
109 465 1
109 601 1
109 620 1
109 803 1
109 848 1
109 954 1
110 140 1
110 190 1
110 378 1
110 387 1
110 530 1
110 694 1
110 732 1
110 771 1
110 775 1
110 794 1
110 838 1
110 887 1
110 939 1
111 166 1
111 343 1
111 370 1
111 483 1
111 650 1
111 971 1
111 978 1
112 355 1
112 463 1
112 544 1
112 693 1
112 756 1
112 856 1
112 954 1
112 985 1
113 117 1
113 152 1
113 482 1
113 531 1
113 611 1
113 714 1
113 790 1
113 861 1
113 868 1
113 967 1
113 979 1
114 295 1
114 464 1
114 630 1
114 681 1
114 796 1
114 972 1
115 210 1
115 224 1
115 336 1
115 389 1
115 686 1
115 765 1
115 861 1
116 184 1
116 198 1
116 436 1
116 492 1
116 568 1
116 653 1
116 688 1
116 808 1
117 134 1
117 146 1
117 210 1
117 363 1
117 380 1
117 430 1
117 521 1
117 583 1
117 605 1
117 965 1
117 993 1
118 135 1
118 219 1
118 227 1
118 270 1
118 315 1
118 343 1
118 518 1
118 600 1
118 875 1
118 949 1
119 157 1
119 227 1
119 607 1
119 703 1
120 297 1
120 306 1
120 434 1
120 435 1
120 602 1
120 754 1
121 146 1
121 172 1
121 210 1
121 239 1
121 483 1
121 524 1
121 689 1
121 925 1
121 983 1
122 338 1
122 440 1
122 503 1
122 583 1
122 590 1
122 618 1
122 854 1
122 896 1
123 137 1
123 148 1
123 333 1
123 484 1
123 518 1
123 572 1
123 573 1
123 628 1
123 920 1
123 945 1
124 510 1
124 580 1
124 650 1
124 654 1
124 709 1
124 817 1
124 869 1
125 157 1
125 322 1
125 406 1
125 793 1
125 890 1
125 950 1
126 158 1
126 200 1
126 218 1
126 265 1
126 355 1
126 376 1
126 517 1
127 153 1
127 308 1
127 394 1
127 408 1
127 419 1
127 668 1
127 713 1
127 735 1
127 791 1
127 812 1
127 865 1
127 871 1
128 177 1
128 228 1
128 296 1
128 357 1
128 358 1
128 416 1
128 476 1
128 486 1
128 551 1
128 770 1
128 817 1
129 254 1
129 344 1
129 361 1
129 362 1
129 529 1
129 686 1
129 735 1
129 847 1
130 158 1
130 159 1
130 212 1
130 217 1
130 871 1
131 189 1
131 451 1
131 579 1
131 700 1
131 728 1
131 755 1
131 801 1
131 996 1
132 195 1
132 298 1
132 325 1
132 377 1
132 389 1
132 431 1
132 536 1
132 576 1
132 716 1
132 788 1
132 793 1
132 807 1
132 865 1
132 906 1
133 193 1
133 423 1
133 558 1
133 638 1
133 696 1
133 848 1
134 228 1
134 476 1
134 479 1
134 517 1
134 537 1
134 546 1
134 727 1
134 848 1
135 139 1
135 412 1
135 433 1
135 439 1
135 452 1
135 564 1
135 665 1
135 966 1
136 158 1
136 182 1
136 236 1
136 264 1
136 712 1
136 778 1
136 819 1
136 892 1
137 305 1
137 432 1
137 642 1
137 645 1
137 678 1
137 749 1
137 862 1
137 902 1
138 183 1
138 226 1
138 277 1
138 291 1
138 349 1
138 707 1
138 768 1
138 816 1
138 872 1
138 898 1
138 899 1
138 926 1
138 930 1
139 163 1
139 189 1
139 299 1
139 332 1
139 418 1
139 483 1
139 574 1
139 662 1
139 671 1
139 787 1
139 807 1
139 840 1
140 184 1
140 218 1
140 286 1
140 436 1
140 449 1
140 517 1
140 654 1
140 863 1
140 914 1
141 905 1
142 281 1
142 610 1
142 735 1
142 744 1
142 770 1
143 398 1
143 466 1
143 555 1
143 633 1
143 723 1
143 800 1
144 218 1
144 270 1
144 336 1
144 351 1
144 470 1
144 497 1
144 998 1
145 672 1
145 688 1
145 877 1
146 517 1
146 552 1
146 564 1
146 584 1
146 836 1
146 918 1
146 951 1
147 467 1
147 639 1
147 703 1
147 770 1
147 849 1
147 912 1
147 943 1
148 582 1
148 669 1
148 735 1
148 833 1
148 928 1
149 165 1
149 465 1
149 665 1
149 911 1
149 946 1
149 966 1
150 198 1
150 351 1
150 462 1
150 567 1
150 574 1
150 578 1
150 603 1
150 652 1
150 812 1
151 165 1
151 208 1
151 385 1
151 508 1
151 547 1
151 710 1
151 781 1
152 176 1
152 803 1
152 837 1
152 888 1
152 900 1
153 185 1
153 272 1
153 306 1
153 460 1
153 560 1
153 580 1
153 590 1
153 633 1
153 642 1
153 662 1
153 744 1
153 859 1
153 978 1
154 238 1
154 321 1
154 337 1
154 338 1
154 370 1
154 383 1
154 416 1
154 555 1
154 579 1
154 649 1
154 744 1
154 817 1
155 169 1
155 396 1
155 478 1
155 561 1
155 832 1
155 957 1
156 282 1
156 329 1
156 385 1
156 390 1
156 465 1
156 632 1
156 655 1
156 672 1
156 702 1
156 771 1
156 795 1
156 898 1
157 175 1
157 260 1
157 344 1
157 368 1
157 436 1
157 444 1
157 519 1
157 533 1
157 620 1
157 639 1
157 707 1
157 745 1
157 781 1
157 851 1
157 970 1
157 975 1
158 185 1
158 263 1
158 288 1
158 342 1
158 656 1
158 688 1
158 912 1
158 947 1
159 169 1
159 238 1
159 375 1
159 528 1
159 602 1
159 849 1
159 925 1
160 187 1
160 200 1
160 202 1
160 233 1
160 682 1
160 696 1
160 753 1
160 769 1
160 872 1
161 318 1
161 519 1
161 884 1
161 905 1
162 281 1
162 347 1
162 356 1
162 412 1
162 535 1
162 677 1
163 176 1
163 245 1
163 256 1
163 299 1
163 486 1
163 619 1
163 632 1
163 644 1
163 682 1
163 789 1
163 809 1
163 951 1
164 463 1
164 482 1
164 599 1
164 956 1
165 222 1
165 242 1
165 272 1
165 432 1
165 578 1
165 665 1
166 226 1
166 238 1
166 302 1
166 327 1
166 371 1
166 492 1
166 560 1
166 581 1
166 599 1
166 610 1
166 713 1
166 827 1
166 950 1
166 951 1
167 276 1
167 533 1
167 579 1
167 587 1
167 634 1
167 685 1
167 694 1
167 816 1
167 976 1
168 218 1
168 314 1
168 402 1
168 425 1
168 478 1
168 516 1
168 527 1
168 704 1
168 738 1
168 800 1
169 213 1
169 279 1
169 284 1
169 575 1
169 838 1
169 851 1
170 393 1
170 517 1
170 556 1
170 636 1
170 640 1
170 798 1
170 813 1
170 825 1
170 831 1
170 845 1
170 863 1
171 294 1
171 483 1
171 506 1
171 554 1
171 738 1
171 752 1
171 919 1
171 921 1
171 922 1
172 435 1
172 606 1
172 667 1
172 720 1
172 807 1
172 936 1
173 264 1
173 318 1
173 327 1
173 366 1
173 469 1
173 548 1
173 664 1
173 719 1
173 847 1
173 858 1
173 975 1
174 248 1
174 479 1
174 558 1
174 675 1
174 709 1
174 820 1
174 893 1
174 934 1
174 963 1
175 494 1
175 677 1
175 765 1
175 913 1
175 918 1
176 452 1
176 534 1
176 537 1
176 541 1
176 618 1
176 682 1
176 733 1
176 777 1
177 422 1
177 445 1
177 462 1
177 501 1
177 594 1
177 810 1
177 827 1
177 957 1
178 387 1
178 400 1
178 514 1
178 580 1
178 671 1
178 915 1
179 252 1
179 284 1
179 354 1
179 372 1
179 630 1
179 636 1
179 675 1
179 696 1
179 713 1
179 862 1
179 877 1
179 912 1
179 921 1
180 207 1
180 254 1
180 320 1
180 379 1
180 478 1
180 604 1
180 613 1
180 763 1
180 776 1
180 806 1
180 829 1
180 958 1
181 213 1
181 326 1
181 414 1
181 448 1
181 566 1
181 619 1
181 821 1
181 895 1
182 238 1
182 361 1
182 367 1
182 431 1
182 586 1
182 664 1
182 960 1
183 374 1
183 557 1
183 792 1
183 821 1
183 854 1
183 875 1
184 189 1
184 479 1
184 516 1
184 631 1
184 685 1
184 778 1
184 906 1
185 376 1
185 406 1
185 737 1
185 793 1
185 906 1
185 924 1
186 253 1
186 444 1
186 468 1
186 593 1
186 599 1
187 211 1
187 224 1
187 244 1
187 301 1
187 310 1
187 402 1
187 601 1
187 782 1
187 805 1
187 917 1
188 227 1
188 341 1
188 361 1
188 387 1
188 434 1
188 515 1
188 535 1
188 555 1
188 573 1
188 658 1
188 729 1
188 754 1
188 810 1
188 834 1
188 849 1
188 867 1
188 896 1
188 903 1
189 242 1
189 295 1
189 312 1
189 729 1
189 732 1
189 791 1
190 323 1
190 501 1
190 511 1
190 512 1
190 577 1
190 603 1
190 684 1
190 862 1
190 883 1
190 901 1
190 903 1
190 977 1
191 332 1
191 379 1
191 405 1
191 442 1
191 563 1
191 698 1
191 809 1
191 850 1
192 289 1
192 379 1
192 650 1
192 770 1
192 773 1
192 827 1
192 864 1
192 903 1
192 955 1
192 967 1
193 234 1
193 274 1
193 395 1
193 418 1
193 593 1
193 623 1
193 645 1
193 726 1
193 890 1
193 946 1
193 949 1
193 974 1
194 358 1
194 454 1
194 546 1
194 563 1
194 588 1
194 766 1
194 922 1
195 203 1
195 219 1
195 242 1
195 450 1
195 469 1
195 838 1
195 854 1
195 922 1
195 931 1
196 247 1
196 309 1
196 310 1
196 332 1
196 614 1
196 620 1
196 699 1
196 701 1
196 784 1
196 799 1
197 283 1
197 316 1
197 373 1
197 436 1
197 559 1
197 560 1
197 620 1
197 640 1
198 212 1
198 676 1
198 911 1
199 277 1
199 366 1
199 512 1
199 556 1
199 625 1
200 223 1
200 271 1
200 514 1
200 570 1
200 611 1
200 623 1
200 693 1
200 802 1
200 828 1
200 988 1
201 356 1
201 359 1
201 382 1
201 523 1
201 524 1
201 563 1
201 587 1
201 606 1
201 656 1
201 954 1
201 966 1
201 973 1
201 984 1
202 242 1
202 436 1
202 506 1
202 695 1
202 701 1
202 961 1
202 993 1
203 232 1
203 386 1
203 507 1
203 525 1
203 580 1
203 587 1
203 701 1
203 937 1
203 951 1
203 981 1
203 984 1
204 420 1
204 489 1
204 529 1
204 679 1
204 872 1
204 919 1
205 442 1
205 477 1
205 546 1
205 606 1
205 628 1
205 635 1
205 798 1
205 961 1
206 218 1
206 344 1
206 581 1
206 627 1
206 632 1
206 731 1
206 770 1
206 786 1
206 853 1
206 921 1
207 318 1
207 343 1
207 476 1
207 577 1
207 655 1
207 673 1
207 680 1
207 688 1
207 775 1
207 845 1
207 943 1
208 331 1
208 468 1
208 476 1
208 621 1
208 625 1
208 674 1
208 727 1
208 844 1
209 256 1
209 435 1
209 526 1
209 547 1
209 745 1
209 848 1
209 978 1
210 218 1
210 377 1
210 406 1
210 446 1
210 547 1
210 653 1
210 947 1
211 222 1
211 331 1
211 604 1
211 753 1
212 268 1
212 294 1
212 403 1
212 623 1
212 656 1
212 756 1
212 786 1
212 959 1
213 234 1
213 260 1
213 344 1
213 369 1
213 435 1
213 464 1
213 530 1
213 569 1
213 754 1
213 981 1
213 988 1
214 363 1
214 412 1
214 467 1
214 793 1
215 272 1
215 312 1
215 364 1
215 445 1
215 450 1
215 580 1
215 624 1
215 928 1
215 947 1
216 268 1
216 277 1
216 315 1
216 334 1
216 366 1
216 440 1
216 475 1
216 773 1
216 961 1
217 355 1
217 447 1
217 648 1
217 830 1
217 868 1
218 357 1
218 534 1
218 707 1
218 831 1
219 256 1
219 364 1
219 365 1
219 396 1
219 705 1
219 778 1
219 867 1
219 922 1
220 307 1
220 347 1
220 406 1
220 433 1
220 459 1
220 844 1
220 960 1
221 735 1
221 814 1
221 933 1
222 478 1
222 502 1
222 699 1
222 710 1
223 344 1
223 486 1
223 681 1
223 741 1
223 754 1
223 937 1
224 284 1
224 346 1
224 473 1
224 539 1
224 589 1
224 605 1
224 707 1
224 767 1
224 920 1
224 954 1
225 294 1
225 333 1
225 369 1
225 408 1
225 444 1
225 489 1
225 495 1
225 674 1
225 682 1
225 694 1
225 716 1
225 722 1
225 782 1
225 880 1
225 934 1
225 957 1
225 994 1
226 510 1
226 614 1
226 682 1
226 731 1
226 820 1
226 839 1
226 892 1
226 903 1
227 294 1
227 433 1
227 570 1
227 633 1
227 661 1
227 773 1
227 874 1
227 920 1
227 965 1
227 967 1
228 240 1
228 430 1
228 557 1
228 599 1
228 680 1
228 956 1
229 349 1
229 456 1
229 459 1
229 465 1
229 472 1
229 496 1
229 634 1
229 642 1
229 712 1
229 802 1
229 875 1
229 953 1
230 322 1
230 512 1
230 721 1
230 824 1
230 845 1
230 972 1
231 277 1
231 287 1
231 352 1
231 467 1
231 688 1
231 773 1
231 824 1
231 885 1
231 993 1
232 242 1
232 785 1
233 254 1
233 375 1
233 470 1
233 532 1
233 570 1
233 579 1
233 612 1
233 920 1
233 967 1
234 356 1
234 451 1
234 503 1
234 504 1
234 560 1
234 592 1
234 642 1
234 655 1
234 699 1
234 723 1
234 804 1
234 922 1
234 940 1
234 949 1
235 252 1
235 254 1
235 493 1
235 701 1
235 755 1
236 253 1
236 283 1
236 301 1
236 304 1
236 776 1
236 821 1
236 835 1
236 954 1
236 983 1
237 337 1
237 461 1
237 520 1
237 591 1
237 679 1
237 815 1
238 374 1
238 405 1
238 436 1
238 478 1
238 494 1
238 510 1
238 577 1
238 622 1
238 628 1
238 885 1
238 967 1
239 274 1
239 431 1
239 507 1
239 548 1
239 704 1
239 708 1
239 726 1
239 909 1
240 428 1
240 512 1
240 533 1
240 636 1
240 761 1
240 767 1
240 774 1
241 269 1
241 308 1
241 381 1
241 434 1
241 702 1
241 731 1
241 801 1
241 811 1
241 850 1
241 852 1
242 268 1
242 496 1
242 640 1
242 702 1
242 813 1
242 849 1
242 926 1
243 573 1
243 710 1
243 754 1
243 852 1
243 900 1
243 944 1
243 995 1
244 275 1
244 341 1
244 689 1
244 740 1
244 821 1
244 910 1
244 986 1
245 312 1
245 355 1
245 478 1
245 545 1
245 569 1
245 653 1
245 757 1
245 846 1
245 850 1
245 889 1
246 497 1
246 631 1
246 732 1
246 772 1
246 940 1
247 477 1
247 521 1
247 560 1
247 768 1
247 851 1
247 921 1
248 258 1
248 696 1
248 716 1
248 729 1
248 745 1
248 836 1
248 956 1
249 444 1
249 516 1
249 637 1
249 804 1
249 932 1
249 945 1
249 982 1
250 426 1
251 295 1
251 350 1
251 830 1
251 832 1
251 969 1
251 993 1
252 262 1
252 472 1
252 500 1
252 507 1
252 634 1
252 646 1
252 695 1
252 888 1
252 989 1
253 272 1
253 294 1
253 366 1
253 441 1
253 809 1
253 902 1
253 943 1
253 944 1
253 956 1
254 335 1
254 352 1
254 470 1
254 589 1
254 618 1
254 642 1
254 695 1
254 762 1
254 840 1
254 936 1
254 994 1
255 287 1
255 290 1
255 330 1
255 360 1
255 505 1
255 596 1
255 647 1
255 997 1
256 262 1
256 264 1
256 265 1
256 492 1
256 510 1
256 649 1
256 818 1
256 832 1
256 855 1
256 901 1
257 384 1
257 531 1
258 370 1
258 405 1
258 496 1
258 887 1
259 270 1
259 357 1
259 414 1
259 539 1
259 605 1
259 706 1
259 776 1
259 840 1
259 986 1
260 419 1
260 556 1
260 572 1
260 707 1
260 754 1
260 782 1
260 856 1
260 930 1
261 358 1
261 378 1
261 548 1
261 943 1
262 431 1
262 450 1
262 701 1
262 814 1
262 818 1
262 902 1
262 919 1
263 510 1
263 584 1
263 735 1
263 837 1
263 950 1
264 565 1
264 704 1
264 760 1
265 269 1
265 390 1
265 439 1
265 824 1
265 898 1
266 283 1
266 418 1
266 504 1
266 595 1
266 849 1
266 867 1
266 875 1
267 291 1
267 417 1
267 471 1
267 566 1
267 632 1
267 780 1
267 836 1
268 374 1
268 435 1
268 624 1
268 660 1
269 651 1
269 737 1
269 954 1
270 353 1
270 389 1
270 514 1
270 661 1
270 767 1
270 887 1
270 938 1
271 398 1
271 454 1
271 512 1
271 648 1
271 902 1
272 279 1
272 292 1
272 293 1
272 478 1
272 607 1
272 662 1
272 665 1
272 730 1
272 778 1
272 830 1
272 930 1
273 325 1
273 378 1
273 445 1
273 527 1
273 610 1
273 945 1
274 356 1
274 560 1
274 603 1
274 671 1
274 679 1
274 704 1
274 747 1
274 832 1
274 863 1
275 638 1
275 697 1
275 762 1
275 764 1
275 768 1
275 893 1
275 944 1
276 510 1
276 605 1
276 614 1
276 652 1
276 752 1
276 754 1
276 822 1
276 884 1
276 924 1
276 970 1
277 574 1
277 638 1
277 768 1
277 775 1
277 823 1
277 838 1
277 887 1
277 982 1
278 522 1
278 575 1
278 823 1
278 892 1
278 966 1
278 1000 1
279 331 1
279 635 1
279 891 1
279 918 1
280 308 1
280 319 1
280 445 1
280 555 1
280 715 1
280 983 1
281 320 1
281 416 1
281 433 1
281 445 1
281 592 1
281 627 1
281 846 1
281 979 1
282 284 1
282 370 1
282 386 1
282 442 1
282 456 1
282 541 1
282 549 1
282 555 1
282 594 1
282 774 1
282 792 1
282 868 1
282 923 1
282 976 1
282 1000 1
283 361 1
283 411 1
283 510 1
283 532 1
283 562 1
283 771 1
283 932 1
284 340 1
284 379 1
284 480 1
284 523 1
284 787 1
284 909 1
285 338 1
285 625 1
285 801 1
286 289 1
286 300 1
286 311 1
286 330 1
286 343 1
286 348 1
286 434 1
286 514 1
286 653 1
286 688 1
286 737 1
286 780 1
286 907 1
287 435 1
287 665 1
287 732 1
287 793 1
288 354 1
288 425 1
288 496 1
288 535 1
288 552 1
288 594 1
288 724 1
288 975 1
289 298 1
289 316 1
289 388 1
289 396 1
289 433 1
289 517 1
289 612 1
289 703 1
289 748 1
289 988 1
290 568 1
290 656 1
290 698 1
290 781 1
290 848 1
291 296 1
291 316 1
291 370 1
291 723 1
291 978 1
292 453 1
292 566 1
292 592 1
292 605 1
292 802 1
292 861 1
292 987 1
293 414 1
293 627 1
293 775 1
293 993 1
294 717 1
294 719 1
294 776 1
294 828 1
294 860 1
294 922 1
295 397 1
295 471 1
295 517 1
295 597 1
295 852 1
295 906 1
295 910 1
295 985 1
296 533 1
296 582 1
296 604 1
296 790 1
296 894 1
296 918 1
296 928 1
297 487 1
297 614 1
297 708 1
297 718 1
297 728 1
297 832 1
297 836 1
297 968 1
297 973 1
298 337 1
298 385 1
298 396 1
298 519 1
298 929 1
298 938 1
298 952 1
299 359 1
299 449 1
299 474 1
299 541 1
299 548 1
299 588 1
299 621 1
299 627 1
299 693 1
299 749 1
299 955 1
300 423 1
300 587 1
300 592 1
300 648 1
300 685 1
300 686 1
300 858 1
300 917 1
301 357 1
301 390 1
301 476 1
301 557 1
301 581 1
301 596 1
301 738 1
301 887 1
302 303 1
302 416 1
302 432 1
302 526 1
302 716 1
302 906 1
303 448 1
303 514 1
303 693 1
303 711 1
303 770 1
303 864 1
304 413 1
304 505 1
304 602 1
304 648 1
304 689 1
304 828 1
304 935 1
305 374 1
305 487 1
305 532 1
305 574 1
305 822 1
305 831 1
305 869 1
305 974 1
306 381 1
306 451 1
306 474 1
306 510 1
306 796 1
307 507 1
307 576 1
307 578 1
307 594 1
307 692 1
308 314 1
308 357 1
308 432 1
308 842 1
308 967 1
309 429 1
309 682 1
309 771 1
309 926 1
310 657 1
310 693 1
310 874 1
310 917 1
310 934 1
310 1000 1
311 354 1
311 421 1
311 487 1
311 524 1
311 560 1
311 799 1
312 366 1
312 438 1
312 440 1
312 491 1
312 494 1
312 495 1
312 500 1
312 507 1
312 544 1
312 577 1
312 622 1
312 645 1
312 669 1
312 736 1
312 738 1
312 783 1
312 797 1
313 486 1
313 498 1
313 563 1
313 615 1
313 804 1
313 986 1
314 329 1
314 370 1
314 425 1
314 509 1
314 587 1
314 617 1
314 645 1
314 732 1
314 861 1
315 334 1
315 356 1
315 442 1
315 450 1
315 516 1
315 617 1
315 775 1
315 941 1
316 379 1
316 474 1
316 666 1
316 772 1
316 787 1
316 805 1
316 837 1
316 883 1
317 337 1
317 345 1
317 589 1
317 595 1
317 668 1
317 751 1
317 759 1
318 431 1
318 472 1
318 479 1
318 536 1
318 690 1
318 837 1
318 851 1
318 919 1
318 981 1
319 363 1
319 401 1
319 472 1
319 532 1
319 533 1
319 581 1
319 797 1
320 326 1
320 383 1
320 506 1
320 533 1
320 555 1
320 665 1
320 847 1
320 862 1
320 866 1
320 970 1
320 977 1
321 323 1
321 449 1
321 555 1
321 626 1
321 725 1
321 740 1
321 998 1
322 330 1
322 347 1
322 387 1
322 531 1
322 554 1
322 680 1
322 730 1
322 804 1
322 907 1
323 527 1
323 620 1
323 876 1
324 373 1
324 457 1
324 545 1
324 555 1
324 632 1
324 919 1
324 922 1
325 734 1
325 810 1
325 972 1
325 986 1
325 992 1
326 473 1
326 495 1
326 708 1
326 782 1
326 786 1
326 897 1
326 900 1
326 905 1
326 925 1
327 417 1
327 527 1
327 543 1
327 889 1
327 935 1
327 964 1
328 543 1
328 575 1
328 673 1
328 701 1
328 721 1
328 787 1
328 969 1
329 402 1
329 667 1
329 687 1
329 718 1
329 750 1
329 767 1
329 790 1
330 408 1
330 532 1
330 631 1
330 665 1
330 704 1
330 730 1
330 832 1
330 903 1
330 943 1
331 337 1
331 414 1
331 451 1
331 488 1
331 493 1
331 501 1
331 618 1
331 634 1
331 653 1
331 699 1
331 704 1
331 754 1
331 842 1
331 945 1
331 952 1
331 956 1
331 989 1
332 591 1
332 677 1
332 784 1
332 894 1
332 933 1
332 954 1
332 955 1
333 384 1
333 563 1
333 803 1
333 952 1
334 375 1
334 438 1
334 477 1
334 486 1
334 495 1
334 521 1
334 538 1
334 543 1
334 625 1
334 713 1
335 830 1
335 901 1
335 967 1
335 969 1
336 385 1
336 479 1
336 576 1
336 583 1
336 819 1
336 827 1
336 964 1
337 370 1
337 377 1
337 435 1
337 570 1
337 670 1
337 742 1
337 849 1
338 508 1
338 612 1
338 689 1
338 797 1
338 799 1
338 803 1
338 880 1
338 891 1
339 478 1
339 548 1
339 558 1
339 605 1
339 722 1
340 353 1
340 532 1
340 640 1
340 730 1
341 676 1
341 690 1
341 784 1
342 432 1
342 482 1
342 621 1
342 692 1
343 510 1
343 647 1
343 799 1
343 842 1
343 868 1
343 924 1
344 520 1
344 546 1
344 624 1
344 905 1
344 906 1
344 921 1
345 367 1
345 591 1
345 676 1
345 782 1
345 870 1
346 353 1
346 397 1
346 531 1
346 612 1
346 775 1
346 907 1
347 520 1
347 573 1
347 624 1
347 643 1
347 724 1
347 755 1
348 431 1
348 460 1
348 463 1
348 623 1
348 634 1
348 646 1
348 716 1
348 736 1
349 464 1
349 467 1
349 477 1
349 554 1
349 566 1
349 634 1
349 644 1
349 689 1
349 944 1
350 376 1
350 433 1
350 572 1
350 584 1
350 645 1
350 655 1
350 659 1
350 707 1
350 751 1
350 954 1
350 995 1
351 487 1
351 514 1
351 581 1
351 592 1
351 671 1
351 729 1
351 749 1
351 804 1
351 844 1
351 919 1
351 922 1
351 926 1
352 659 1
352 775 1
352 813 1
352 823 1
352 847 1
353 622 1
353 733 1
353 906 1
353 912 1
353 940 1
354 363 1
354 514 1
354 650 1
354 710 1
354 906 1
355 365 1
355 482 1
355 635 1
355 666 1
355 751 1
355 856 1
355 887 1
355 1000 1
356 368 1
356 391 1
356 437 1
356 440 1
356 537 1
356 560 1
356 600 1
356 694 1
356 728 1
356 979 1
357 394 1
357 418 1
357 601 1
357 636 1
358 373 1
358 441 1
358 621 1
358 637 1
358 755 1
358 876 1
358 928 1
358 979 1
359 373 1
359 804 1
359 850 1
359 878 1
360 389 1
360 396 1
360 582 1
360 639 1
360 677 1
360 845 1
360 846 1
361 568 1
361 683 1
361 821 1
361 870 1
361 887 1
362 379 1
362 395 1
362 471 1
362 546 1
362 590 1
362 599 1
362 613 1
362 877 1
363 424 1
363 479 1
363 678 1
363 762 1
363 785 1
364 410 1
364 736 1
364 747 1
364 775 1
364 787 1
364 878 1
365 382 1
365 428 1
365 440 1
365 651 1
365 797 1
365 842 1
365 916 1
366 467 1
366 690 1
366 721 1
366 803 1
366 939 1
367 379 1
367 527 1
367 575 1
367 589 1
367 651 1
367 679 1
367 971 1
368 392 1
368 426 1
368 540 1
368 754 1
368 827 1
368 913 1
369 387 1
369 418 1
369 426 1
369 523 1
369 592 1
369 636 1
369 646 1
369 681 1
370 669 1
370 729 1
371 392 1
371 514 1
371 556 1
371 587 1
371 627 1
371 628 1
371 734 1
371 780 1
371 806 1
371 812 1
372 517 1
372 566 1
372 713 1
372 775 1
372 864 1
372 881 1
372 918 1
373 411 1
373 443 1
373 469 1
373 507 1
373 561 1
373 745 1
374 434 1
374 456 1
374 612 1
374 744 1
374 754 1
374 787 1
374 848 1
374 896 1
374 910 1
374 953 1
374 971 1
374 977 1
375 566 1
375 579 1
375 580 1
375 664 1
375 678 1
375 929 1
375 940 1
375 941 1
376 398 1
376 414 1
376 591 1
376 600 1
376 685 1
376 687 1
376 739 1
376 808 1
376 881 1
376 917 1
376 976 1
377 452 1
377 496 1
377 594 1
377 598 1
377 954 1
378 520 1
378 560 1
378 618 1
378 625 1
378 658 1
378 793 1
378 817 1
378 908 1
379 443 1
379 445 1
379 508 1
379 556 1
379 592 1
379 771 1
379 895 1
379 958 1
380 433 1
380 478 1
380 553 1
380 589 1
380 607 1
380 757 1
380 892 1
381 405 1
381 438 1
381 483 1
381 559 1
381 581 1
381 695 1
381 792 1
381 800 1
381 804 1
381 897 1
381 939 1
381 941 1
381 947 1
381 953 1
381 987 1
382 616 1
382 780 1
382 836 1
382 860 1
382 864 1
383 474 1
383 502 1
383 809 1
383 862 1
383 908 1
383 917 1
384 771 1
384 778 1
384 805 1
385 552 1
385 577 1
385 669 1
385 733 1
385 826 1
385 977 1
386 413 1
386 878 1
386 893 1
387 456 1
387 524 1
387 663 1
387 724 1
388 399 1
388 417 1
388 452 1
388 498 1
388 603 1
388 769 1
388 854 1
389 449 1
389 512 1
389 809 1
389 945 1
390 443 1
390 521 1
390 538 1
390 700 1
390 724 1
390 742 1
390 788 1
390 812 1
390 847 1
391 401 1
391 477 1
391 758 1
391 879 1
391 942 1
391 959 1
392 558 1
392 644 1
393 475 1
393 483 1
393 824 1
393 896 1
393 981 1
393 994 1
394 533 1
394 609 1
394 648 1
394 685 1
394 895 1
395 399 1
395 579 1
395 871 1
395 947 1
396 485 1
396 707 1
396 786 1
396 945 1
397 423 1
397 557 1
397 637 1
397 684 1
397 751 1
397 756 1
397 936 1
398 501 1
398 703 1
398 706 1
398 816 1
398 885 1
398 970 1
398 992 1
399 448 1
399 708 1
399 717 1
399 725 1
399 860 1
399 886 1
399 970 1
400 405 1
400 415 1
400 605 1
400 653 1
400 716 1
400 823 1
401 435 1
401 459 1
401 478 1
401 578 1
401 596 1
401 631 1
401 800 1
401 858 1
401 992 1
402 529 1
402 601 1
402 614 1
402 659 1
402 774 1
402 876 1
402 898 1
402 911 1
402 998 1
403 429 1
403 595 1
403 698 1
403 747 1
403 786 1
404 467 1
404 531 1
404 670 1
404 730 1
405 488 1
405 542 1
405 712 1
405 868 1
406 447 1
406 551 1
406 677 1
406 682 1
406 713 1
406 730 1
406 920 1
406 945 1
406 991 1
407 649 1
407 666 1
407 719 1
408 584 1
408 797 1
408 822 1
408 918 1
409 441 1
409 629 1
409 766 1
409 790 1
409 810 1
410 453 1
410 832 1
410 841 1
410 843 1
410 850 1
411 509 1
411 632 1
411 649 1
411 741 1
411 747 1
411 903 1
411 977 1
412 651 1
412 685 1
412 713 1
412 800 1
412 816 1
412 943 1
413 706 1
413 797 1
413 838 1
413 845 1
413 861 1
413 957 1
413 970 1
413 986 1
413 1000 1
414 496 1
414 536 1
414 574 1
414 668 1
414 726 1
415 479 1
415 532 1
415 597 1
415 681 1
415 702 1
415 794 1
415 914 1
416 429 1
416 523 1
416 791 1
416 871 1
416 995 1
417 465 1
417 546 1
417 609 1
417 666 1
417 671 1
417 918 1
418 456 1
418 556 1
418 930 1
419 571 1
419 653 1
420 438 1
420 576 1
420 619 1
420 659 1
420 715 1
420 764 1
420 826 1
420 882 1
420 976 1
421 562 1
421 605 1
421 648 1
421 745 1
421 921 1
422 473 1
422 609 1
422 621 1
422 758 1
422 894 1
423 582 1
423 650 1
423 759 1
423 821 1
423 899 1
423 913 1
424 744 1
424 914 1
424 946 1
424 971 1
425 552 1
425 606 1
425 760 1
425 952 1
425 979 1
426 435 1
426 578 1
426 640 1
426 814 1
426 838 1
427 493 1
427 525 1
427 804 1
427 924 1
427 926 1
427 945 1
428 487 1
428 516 1
428 621 1
428 717 1
428 721 1
428 777 1
428 869 1
428 939 1
429 431 1
429 511 1
429 685 1
429 736 1
429 755 1
430 503 1
430 628 1
430 669 1
430 827 1
431 449 1
431 469 1
431 537 1
431 594 1
431 647 1
431 659 1
431 660 1
431 713 1
431 771 1
431 895 1
431 989 1
431 994 1
432 464 1
432 480 1
432 754 1
432 843 1
432 942 1
433 862 1
433 883 1
434 537 1
434 613 1
434 734 1
434 755 1
434 787 1
434 806 1
434 993 1
435 602 1
435 718 1
435 800 1
435 826 1
435 878 1
435 925 1
436 448 1
436 610 1
436 841 1
436 942 1
436 995 1
437 833 1
437 949 1
437 966 1
438 463 1
438 502 1
438 632 1
438 756 1
438 977 1
438 998 1
439 597 1
439 797 1
439 921 1
440 465 1
440 588 1
440 678 1
440 785 1
440 807 1
440 920 1
440 958 1
441 588 1
441 682 1
441 757 1
441 823 1
441 896 1
441 916 1
442 516 1
442 565 1
442 763 1
442 790 1
442 996 1
443 463 1
443 536 1
443 667 1
443 699 1
443 962 1
443 964 1
443 977 1
444 464 1
444 650 1
444 936 1
444 958 1
445 607 1
445 631 1
445 653 1
445 671 1
445 956 1
446 528 1
446 620 1
446 725 1
446 743 1
446 763 1
446 848 1
447 463 1
447 467 1
447 516 1
447 669 1
447 813 1
448 504 1
448 549 1
448 632 1
448 948 1
449 541 1
449 594 1
449 621 1
449 692 1
449 703 1
449 799 1
450 458 1
450 691 1
450 938 1
451 532 1
451 936 1
451 950 1
451 954 1
452 706 1
452 826 1
452 921 1
452 935 1
452 945 1
453 504 1
453 675 1
453 907 1
454 547 1
454 606 1
454 651 1
454 780 1
454 917 1
454 998 1
455 745 1
455 973 1
456 530 1
456 542 1
456 703 1
456 733 1
456 776 1
456 823 1
456 832 1
456 847 1
456 986 1
457 488 1
457 587 1
457 602 1
457 824 1
458 465 1
458 619 1
458 702 1
458 956 1
459 505 1
459 536 1
459 546 1
459 562 1
459 645 1
459 758 1
459 794 1
459 948 1
459 961 1
459 972 1
459 981 1
460 470 1
460 584 1
460 772 1
460 867 1
461 524 1
461 605 1
461 713 1
461 715 1
461 752 1
461 866 1
461 919 1
462 483 1
462 548 1
462 602 1
462 811 1
462 838 1
462 858 1
462 892 1
462 897 1
462 920 1
463 468 1
463 505 1
463 586 1
463 875 1
464 561 1
464 666 1
464 723 1
464 815 1
464 876 1
464 930 1
464 970 1
465 777 1
465 941 1
466 469 1
466 588 1
466 674 1
466 717 1
466 764 1
466 768 1
466 879 1
466 958 1
466 981 1
467 517 1
467 583 1
467 631 1
467 929 1
468 479 1
468 502 1
468 855 1
468 908 1
468 988 1
468 993 1
469 551 1
469 559 1
469 688 1
469 749 1
469 753 1
469 803 1
469 830 1
469 876 1
470 520 1
470 618 1
470 649 1
470 757 1
470 801 1
470 889 1
470 906 1
471 526 1
471 545 1
471 771 1
471 807 1
471 975 1
472 477 1
472 633 1
472 676 1
472 691 1
472 696 1
472 813 1
472 858 1
472 916 1
473 621 1
473 710 1
474 476 1
474 692 1
474 719 1
475 521 1
475 664 1
475 852 1
475 890 1
476 565 1
476 609 1
476 713 1
476 755 1
476 859 1
476 936 1
477 483 1
477 515 1
477 722 1
477 753 1
477 826 1
478 527 1
478 591 1
478 685 1
478 721 1
478 746 1
478 768 1
478 884 1
478 966 1
479 515 1
479 613 1
479 760 1
479 787 1
479 849 1
479 915 1
480 733 1
480 751 1
480 775 1
480 892 1
480 911 1
480 933 1
481 488 1
481 575 1
481 630 1
481 672 1
481 710 1
481 746 1
481 766 1
481 768 1
481 791 1
481 801 1
481 826 1
481 836 1
481 868 1
481 903 1
482 561 1
482 649 1
482 962 1
483 502 1
483 546 1
483 892 1
483 893 1
484 508 1
484 676 1
484 732 1
484 863 1
485 612 1
485 625 1
485 650 1
485 907 1
485 963 1
486 656 1
486 691 1
486 698 1
486 719 1
486 777 1
486 817 1
487 696 1
487 849 1
487 967 1
488 699 1
488 756 1
488 794 1
488 795 1
488 818 1
488 877 1
488 965 1
489 524 1
489 545 1
489 733 1
490 538 1
490 564 1
490 569 1
490 644 1
490 686 1
491 648 1
491 919 1
492 528 1
492 566 1
492 681 1
492 690 1
492 700 1
492 766 1
492 869 1
493 505 1
493 588 1
493 724 1
493 758 1
493 981 1
494 548 1
494 570 1
494 618 1
494 674 1
494 701 1
494 788 1
494 937 1
495 592 1
495 894 1
495 913 1
496 547 1
496 749 1
496 817 1
496 834 1
496 883 1
497 555 1
497 565 1
497 593 1
497 644 1
497 828 1
497 831 1
497 882 1
498 673 1
498 730 1
498 751 1
498 891 1
498 892 1
498 946 1
499 603 1
499 609 1
499 634 1
499 673 1
499 692 1
499 772 1
499 803 1
499 831 1
499 918 1
499 942 1
500 523 1
500 609 1
500 696 1
500 738 1
500 785 1
500 837 1
500 916 1
501 650 1
501 651 1
501 933 1
501 979 1
501 992 1
502 524 1
502 639 1
502 670 1
503 624 1
503 700 1
503 714 1
503 718 1
503 747 1
503 768 1
503 833 1
503 884 1
503 938 1
504 572 1
504 778 1
504 869 1
504 964 1
505 576 1
505 609 1
505 618 1
505 620 1
505 741 1
505 774 1
505 897 1
505 962 1
506 754 1
506 775 1
506 792 1
506 842 1
507 559 1
507 564 1
507 662 1
507 682 1
507 706 1
507 749 1
507 778 1
507 799 1
507 902 1
507 930 1
507 949 1
507 999 1
508 711 1
508 886 1
508 966 1
509 536 1
509 659 1
509 898 1
509 922 1
510 539 1
510 550 1
510 581 1
510 662 1
510 759 1
510 774 1
510 888 1
510 895 1
510 983 1
510 987 1
511 520 1
511 540 1
511 769 1
511 960 1
512 603 1
512 604 1
512 696 1
512 768 1
512 940 1
513 817 1
513 839 1
513 976 1
514 640 1
514 713 1
514 743 1
514 774 1
514 787 1
514 788 1
514 816 1
515 599 1
515 678 1
515 719 1
515 732 1
515 775 1
516 669 1
516 696 1
516 809 1
516 905 1
516 980 1
517 710 1
517 711 1
517 740 1
517 917 1
517 963 1
517 994 1
518 649 1
518 697 1
518 737 1
518 751 1
518 775 1
518 995 1
519 612 1
519 635 1
519 700 1
519 913 1
520 600 1
520 678 1
520 707 1
520 708 1
520 731 1
520 737 1
521 606 1
522 545 1
522 619 1
522 663 1
522 729 1
522 731 1
522 747 1
522 785 1
522 876 1
522 894 1
522 945 1
523 567 1
523 733 1
523 900 1
524 535 1
524 688 1
524 710 1
524 822 1
524 887 1
524 934 1
525 555 1
525 663 1
525 846 1
525 908 1
526 545 1
526 568 1
526 592 1
526 674 1
526 721 1
526 732 1
526 742 1
526 857 1
526 873 1
527 620 1
527 696 1
527 713 1
527 777 1
527 946 1
527 963 1
528 601 1
528 701 1
528 717 1
528 890 1
528 900 1
529 595 1
529 741 1
529 763 1
529 790 1
529 947 1
529 1000 1
530 580 1
530 596 1
530 733 1
530 762 1
530 971 1
531 552 1
531 799 1
531 995 1
532 816 1
532 880 1
532 977 1
533 674 1
533 744 1
533 796 1
533 899 1
533 987 1
534 978 1
534 997 1
535 565 1
535 846 1
535 859 1
536 633 1
536 803 1
536 910 1
537 750 1
537 808 1
537 923 1
537 944 1
538 817 1
538 914 1
539 554 1
539 738 1
539 829 1
539 918 1
539 967 1
539 994 1
540 555 1
540 730 1
540 995 1
541 570 1
541 707 1
541 897 1
542 569 1
542 592 1
542 826 1
543 554 1
543 653 1
543 737 1
543 834 1
543 871 1
543 911 1
543 925 1
544 630 1
544 650 1
544 747 1
544 792 1
544 794 1
544 896 1
544 905 1
544 916 1
545 598 1
545 983 1
546 570 1
546 605 1
546 774 1
546 894 1
546 979 1
547 617 1
547 752 1
548 589 1
548 608 1
548 628 1
548 714 1
548 768 1
548 772 1
548 948 1
548 999 1
549 695 1
549 771 1
549 823 1
549 904 1
549 921 1
550 766 1
550 784 1
550 796 1
550 857 1
550 861 1
550 878 1
550 913 1
550 948 1
551 606 1
551 690 1
551 775 1
551 952 1
552 570 1
552 577 1
552 583 1
552 630 1
552 741 1
552 754 1
552 786 1
553 785 1
553 793 1
553 871 1
553 952 1
554 692 1
554 720 1
554 886 1
554 914 1
555 628 1
555 931 1
556 734 1
556 776 1
558 769 1
558 794 1
559 640 1
559 710 1
559 847 1
559 849 1
560 710 1
560 931 1
561 613 1
561 679 1
561 696 1
561 700 1
561 734 1
561 767 1
561 824 1
561 837 1
561 886 1
561 959 1
562 582 1
562 647 1
562 762 1
562 932 1
563 638 1
563 707 1
563 773 1
563 830 1
564 601 1
564 790 1
564 938 1
565 733 1
565 746 1
565 834 1
565 883 1
566 629 1
566 774 1
567 725 1
567 781 1
567 888 1
567 981 1
568 614 1
568 659 1
568 712 1
568 854 1
568 872 1
568 956 1
568 961 1
568 993 1
568 995 1
569 777 1
569 796 1
569 802 1
569 836 1
569 991 1
570 634 1
570 772 1
570 874 1
570 927 1
570 997 1
571 891 1
571 912 1
571 958 1
572 579 1
572 584 1
572 594 1
572 651 1
572 863 1
572 876 1
572 960 1
573 734 1
573 776 1
573 856 1
573 876 1
573 880 1
574 648 1
574 749 1
574 865 1
575 962 1
576 712 1
576 891 1
577 608 1
577 648 1
577 651 1
577 694 1
577 739 1
577 761 1
577 805 1
578 601 1
578 650 1
578 653 1
578 693 1
578 850 1
579 594 1
579 840 1
579 937 1
579 971 1
579 995 1
579 996 1
580 618 1
580 638 1
580 811 1
580 840 1
580 928 1
580 943 1
581 617 1
581 776 1
582 710 1
582 769 1
582 980 1
583 683 1
583 733 1
583 965 1
583 977 1
584 593 1
584 605 1
584 670 1
584 815 1
584 857 1
585 704 1
585 794 1
585 804 1
585 898 1
585 921 1
586 779 1
586 994 1
587 720 1
587 799 1
587 857 1
587 860 1
587 950 1
588 923 1
588 983 1
589 600 1
589 611 1
589 740 1
589 821 1
589 870 1
590 623 1
590 668 1
590 821 1
590 845 1
590 963 1
591 628 1
591 828 1
592 638 1
592 655 1
592 708 1
592 746 1
592 944 1
592 972 1
592 976 1
592 978 1
593 758 1
593 800 1
593 858 1
593 868 1
593 974 1
593 987 1
593 988 1
594 678 1
594 780 1
594 792 1
595 671 1
595 693 1
595 840 1
595 855 1
595 864 1
595 895 1
595 957 1
596 598 1
596 606 1
596 665 1
596 725 1
596 736 1
597 873 1
597 875 1
598 703 1
598 848 1
598 854 1
598 921 1
598 956 1
598 997 1
599 825 1
599 828 1
599 847 1
599 899 1
599 923 1
599 941 1
599 970 1
600 651 1
600 703 1
600 708 1
600 868 1
601 624 1
601 694 1
601 717 1
601 746 1
601 850 1
602 724 1
602 868 1
602 892 1
602 940 1
603 721 1
603 757 1
603 788 1
603 829 1
603 845 1
603 941 1
603 967 1
604 864 1
604 997 1
605 647 1
605 736 1
605 765 1
605 876 1
605 939 1
606 962 1
606 974 1
607 654 1
607 676 1
607 719 1
607 851 1
607 929 1
608 651 1
608 784 1
609 726 1
609 770 1
609 780 1
609 799 1
609 938 1
609 952 1
610 718 1
610 758 1
611 948 1
612 765 1
612 851 1
612 911 1
612 990 1
613 699 1
613 729 1
613 794 1
613 975 1
614 622 1
614 663 1
614 892 1
615 661 1
615 781 1
615 807 1
615 867 1
615 915 1
615 930 1
616 680 1
616 702 1
616 753 1
616 875 1
617 795 1
617 839 1
618 643 1
618 701 1
618 848 1
618 877 1
618 1000 1
619 850 1
619 887 1
619 922 1
620 665 1
620 668 1
620 740 1
620 767 1
620 791 1
620 939 1
621 625 1
621 648 1
621 702 1
621 721 1
621 747 1
621 778 1
621 785 1
621 812 1
622 726 1
622 741 1
622 985 1
622 991 1
623 748 1
623 920 1
624 909 1
624 951 1
625 660 1
625 666 1
625 684 1
625 771 1
625 859 1
625 962 1
626 664 1
626 677 1
626 682 1
626 809 1
626 895 1
626 919 1
627 839 1
627 850 1
627 868 1
627 871 1
627 900 1
627 989 1
628 760 1
628 814 1
628 885 1
628 893 1
628 939 1
628 966 1
629 652 1
629 664 1
629 749 1
629 764 1
629 777 1
629 995 1
630 817 1
630 916 1
631 775 1
631 831 1
631 921 1
632 790 1
633 656 1
633 666 1
633 728 1
633 756 1
633 773 1
633 802 1
633 808 1
633 922 1
633 942 1
633 969 1
633 990 1
634 638 1
634 697 1
634 700 1
634 883 1
635 745 1
635 898 1
636 708 1
636 758 1
636 885 1
636 962 1
637 744 1
637 745 1
638 648 1
638 692 1
638 916 1
641 686 1
641 752 1
641 811 1
641 927 1
642 662 1
642 728 1
642 822 1
643 753 1
643 930 1
643 983 1
644 794 1
644 880 1
644 965 1
645 766 1
645 929 1
646 702 1
646 875 1
646 921 1
647 656 1
647 696 1
647 762 1
647 791 1
647 844 1
648 722 1
648 952 1
649 657 1
649 992 1
651 892 1
651 909 1
652 675 1
652 688 1
652 833 1
652 856 1
653 761 1
653 774 1
653 804 1
653 840 1
654 836 1
655 780 1
655 914 1
655 978 1
656 735 1
656 807 1
656 852 1
657 714 1
657 727 1
657 832 1
657 838 1
657 942 1
658 671 1
658 679 1
658 795 1
658 969 1
659 673 1
659 714 1
659 875 1
659 894 1
659 929 1
660 676 1
660 733 1
660 753 1
660 881 1
660 896 1
660 958 1
660 980 1
661 772 1
662 682 1
662 723 1
662 857 1
662 993 1
663 874 1
663 883 1
664 735 1
664 798 1
665 723 1
666 676 1
666 947 1
667 687 1
667 728 1
667 814 1
668 793 1
668 817 1
668 985 1
669 835 1
669 871 1
670 823 1
670 855 1
670 925 1
670 961 1
671 751 1
671 870 1
671 926 1
672 680 1
672 764 1
672 776 1
672 906 1
673 836 1
673 845 1
674 727 1
674 949 1
674 973 1
675 777 1
675 778 1
675 815 1
675 956 1
676 677 1
676 725 1
676 1000 1
677 756 1
677 776 1
677 812 1
677 859 1
677 964 1
678 756 1
678 760 1
678 829 1
679 856 1
679 860 1
679 879 1
679 959 1
680 772 1
680 787 1
680 897 1
680 922 1
680 961 1
681 760 1
681 969 1
681 981 1
682 849 1
682 872 1
683 712 1
683 799 1
683 832 1
683 866 1
683 918 1
684 839 1
684 905 1
684 995 1
685 691 1
685 746 1
685 961 1
686 805 1
686 887 1
686 911 1
687 777 1
687 877 1
687 899 1
688 691 1
688 941 1
688 942 1
689 994 1
690 703 1
690 925 1
690 947 1
690 962 1
691 904 1
691 936 1
692 718 1
692 776 1
692 786 1
692 843 1
692 934 1
692 973 1
693 725 1
693 801 1
693 836 1
693 883 1
694 737 1
694 866 1
694 898 1
695 696 1
695 733 1
695 851 1
695 855 1
695 892 1
696 984 1
696 995 1
697 729 1
697 882 1
698 711 1
698 719 1
698 722 1
698 743 1
698 825 1
698 904 1
698 997 1
699 881 1
699 1000 1
700 771 1
700 807 1
700 994 1
701 737 1
701 894 1
702 725 1
702 738 1
702 800 1
702 904 1
702 947 1
703 725 1
703 751 1
703 798 1
703 921 1
703 932 1
704 731 1
704 754 1
704 806 1
704 886 1
704 907 1
705 949 1
705 968 1
705 990 1
706 768 1
706 865 1
706 963 1
707 766 1
707 854 1
707 911 1
708 710 1
708 956 1
709 711 1
709 894 1
710 770 1
710 913 1
710 954 1
711 873 1
713 874 1
713 907 1
714 815 1
714 968 1
715 741 1
715 876 1
715 922 1
716 721 1
716 755 1
716 980 1
717 730 1
717 742 1
717 893 1
717 912 1
717 974 1
718 744 1
718 746 1
718 803 1
718 861 1
718 892 1
718 926 1
718 995 1
719 775 1
719 922 1
720 898 1
720 907 1
722 759 1
722 830 1
722 831 1
722 898 1
722 952 1
723 767 1
723 889 1
723 915 1
724 802 1
724 821 1
724 962 1
724 963 1
725 762 1
725 776 1
725 787 1
725 905 1
725 944 1
726 866 1
727 810 1
727 923 1
728 825 1
728 942 1
729 784 1
729 838 1
729 881 1
729 905 1
730 744 1
730 852 1
730 853 1
730 889 1
730 907 1
730 977 1
731 737 1
731 774 1
731 915 1
731 937 1
731 999 1
732 933 1
733 765 1
733 839 1
733 913 1
734 914 1
734 966 1
735 814 1
735 823 1
735 920 1
736 776 1
736 795 1
736 833 1
736 899 1
736 942 1
737 778 1
737 832 1
737 885 1
738 769 1
738 903 1
738 968 1
739 898 1
739 974 1
740 769 1
740 845 1
741 800 1
741 830 1
741 867 1
741 879 1
742 793 1
742 896 1
742 952 1
743 788 1
744 876 1
744 886 1
745 765 1
745 886 1
745 970 1
746 749 1
746 764 1
746 789 1
748 780 1
748 833 1
748 949 1
749 817 1
749 897 1
750 790 1
750 919 1
750 938 1
751 991 1
751 995 1
752 826 1
752 903 1
752 905 1
752 930 1
752 952 1
752 990 1
753 997 1
754 852 1
754 902 1
754 925 1
755 791 1
755 795 1
755 815 1
755 833 1
755 938 1
755 987 1
756 899 1
757 927 1
758 762 1
758 805 1
758 840 1
758 853 1
758 895 1
758 991 1
759 818 1
759 897 1
760 825 1
760 840 1
760 966 1
761 792 1
761 893 1
762 855 1
762 979 1
763 935 1
763 995 1
764 982 1
765 828 1
765 957 1
765 981 1
767 803 1
767 978 1
768 866 1
768 926 1
768 968 1
768 999 1
769 857 1
769 987 1
770 796 1
770 809 1
770 839 1
770 928 1
770 993 1
771 815 1
772 953 1
774 848 1
774 953 1
774 958 1
775 903 1
776 814 1
776 852 1
776 877 1
776 999 1
777 880 1
778 810 1
778 976 1
779 820 1
779 906 1
780 815 1
780 908 1
780 948 1
781 921 1
781 969 1
782 906 1
782 945 1
783 932 1
783 950 1
784 990 1
785 800 1
786 982 1
788 861 1
788 892 1
788 912 1
788 940 1
788 986 1
788 993 1
789 885 1
789 910 1
789 925 1
789 936 1
790 900 1
791 866 1
791 895 1
791 936 1
791 984 1
792 856 1
792 883 1
792 889 1
792 984 1
793 855 1
793 910 1
793 917 1
793 955 1
794 849 1
795 809 1
795 843 1
795 847 1
795 853 1
795 858 1
795 921 1
796 899 1
797 878 1
798 884 1
798 948 1
798 968 1
799 852 1
799 939 1
799 985 1
800 813 1
800 946 1
801 942 1
801 962 1
802 856 1
803 811 1
805 825 1
806 818 1
807 937 1
808 933 1
810 836 1
810 856 1
810 886 1
810 990 1
811 822 1
812 888 1
812 917 1
813 828 1
813 890 1
813 997 1
816 958 1
817 879 1
818 907 1
818 946 1
819 839 1
819 851 1
819 921 1
819 963 1
820 892 1
822 937 1
822 943 1
823 919 1
825 971 1
826 952 1
826 962 1
827 979 1
828 972 1
829 936 1
830 875 1
830 923 1
831 879 1
831 883 1
831 941 1
831 962 1
832 841 1
832 844 1
832 889 1
833 910 1
834 836 1
834 942 1
835 943 1
836 958 1
837 892 1
837 922 1
838 916 1
840 947 1
841 924 1
841 933 1
841 972 1
842 893 1
842 905 1
844 875 1
845 956 1
846 917 1
847 869 1
847 892 1
847 967 1
847 999 1
847 1000 1
849 891 1
851 862 1
851 890 1
851 966 1
852 958 1
852 970 1
854 927 1
855 892 1
855 909 1
855 910 1
856 912 1
856 968 1
856 976 1
856 985 1
857 921 1
857 931 1
858 926 1
859 1000 1
860 956 1
862 893 1
862 927 1
862 995 1
865 926 1
865 964 1
866 951 1
866 962 1
867 960 1
868 881 1
869 995 1
870 965 1
871 989 1
873 895 1
873 896 1
873 959 1
873 975 1
876 910 1
877 919 1
878 972 1
879 884 1
879 957 1
879 963 1
880 927 1
882 963 1
884 943 1
885 913 1
886 988 1
887 916 1
887 988 1
887 989 1
888 934 1
889 939 1
890 965 1
890 975 1
892 961 1
892 993 1
893 907 1
893 945 1
893 962 1
894 903 1
894 967 1
895 914 1
897 950 1
898 910 1
898 990 1
899 998 1
900 947 1
906 929 1
907 987 1
908 933 1
908 959 1
909 933 1
909 967 1
909 993 1
912 938 1
913 919 1
914 936 1
915 999 1
916 959 1
918 986 1
920 941 1
922 930 1
922 942 1
923 927 1
923 935 1
927 931 1
927 965 1
929 945 1
930 982 1
932 966 1
933 974 1
934 944 1
944 988 1
944 993 1
947 988 1
948 976 1
948 987 1
949 987 1
951 999 1
953 980 1
960 984 1
962 993 1
964 976 1
976 979 1
978 993 1
981 999 1
982 985 1
982 991 1
984 990 1
