1000 4951
1 68 1
1 74 1
1 129 1
1 692 1
1 738 1
1 948 1
2 99 1
2 157 1
2 193 1
2 245 1
2 376 1
2 593 1
2 599 1
2 621 1
2 699 1
2 751 1
2 799 1
2 824 1
2 878 1
3 46 1
3 92 1
3 211 1
3 232 1
3 483 1
3 516 1
3 536 1
3 541 1
3 629 1
3 937 1
3 954 1
4 72 1
4 134 1
4 225 1
4 280 1
4 416 1
4 472 1
4 529 1
4 532 1
4 556 1
4 603 1
4 633 1
4 676 1
4 706 1
4 871 1
5 20 1
5 118 1
5 119 1
5 123 1
5 172 1
5 293 1
5 401 1
5 512 1
5 550 1
5 589 1
5 670 1
5 700 1
5 868 1
5 941 1
5 991 1
5 999 1
6 39 1
6 78 1
6 179 1
6 219 1
6 272 1
6 512 1
6 639 1
6 813 1
6 895 1
6 987 1
7 146 1
7 172 1
7 282 1
7 318 1
7 328 1
7 464 1
7 797 1
7 888 1
7 927 1
7 952 1
8 104 1
8 119 1
8 191 1
8 201 1
8 425 1
8 440 1
8 458 1
8 504 1
8 606 1
8 696 1
8 703 1
8 866 1
9 39 1
9 168 1
9 170 1
9 217 1
9 265 1
9 269 1
9 270 1
9 315 1
9 417 1
9 418 1
9 633 1
9 676 1
9 762 1
9 836 1
9 914 1
10 220 1
10 237 1
10 291 1
10 416 1
10 478 1
10 636 1
10 702 1
10 788 1
10 968 1
11 148 1
11 288 1
11 688 1
11 821 1
11 954 1
12 40 1
12 154 1
12 255 1
12 333 1
12 383 1
12 390 1
12 431 1
12 529 1
12 691 1
12 726 1
12 942 1
13 65 1
13 204 1
13 426 1
13 562 1
13 794 1
13 834 1
13 836 1
13 921 1
14 214 1
14 373 1
14 418 1
14 567 1
14 714 1
14 739 1
14 781 1
14 941 1
14 958 1
14 970 1
15 150 1
15 556 1
15 798 1
15 919 1
15 987 1
16 39 1
16 180 1
16 268 1
16 321 1
16 596 1
16 604 1
16 636 1
16 775 1
17 31 1
17 45 1
17 104 1
17 147 1
17 263 1
17 281 1
17 396 1
17 414 1
17 598 1
17 660 1
17 681 1
17 816 1
17 863 1
17 892 1
17 900 1
18 227 1
18 249 1
18 261 1
18 461 1
18 723 1
18 794 1
18 821 1
18 835 1
18 940 1
18 955 1
19 43 1
19 70 1
19 72 1
19 169 1
19 310 1
19 311 1
19 581 1
19 618 1
19 829 1
19 931 1
19 938 1
20 29 1
20 144 1
20 192 1
20 355 1
20 649 1
20 682 1
21 57 1
21 178 1
21 231 1
21 259 1
21 391 1
21 431 1
21 488 1
21 528 1
21 651 1
21 831 1
21 877 1
21 935 1
22 369 1
22 411 1
22 465 1
22 515 1
22 778 1
22 780 1
22 794 1
22 848 1
22 878 1
23 39 1
23 114 1
23 149 1
23 178 1
23 194 1
23 221 1
23 324 1
23 366 1
23 447 1
23 868 1
24 32 1
24 103 1
24 113 1
24 147 1
24 239 1
24 245 1
24 328 1
24 340 1
24 375 1
24 487 1
24 624 1
24 797 1
24 973 1
24 974 1
24 991 1
25 36 1
25 258 1
25 436 1
25 452 1
25 618 1
25 678 1
25 689 1
25 782 1
25 858 1
25 872 1
25 935 1
26 173 1
26 311 1
26 459 1
26 660 1
26 802 1
26 860 1
26 988 1
27 87 1
27 164 1
27 201 1
27 387 1
27 393 1
27 396 1
27 645 1
27 887 1
27 974 1
28 85 1
28 138 1
28 188 1
28 220 1
28 277 1
28 287 1
28 376 1
28 384 1
28 476 1
28 509 1
28 651 1
28 868 1
29 176 1
29 350 1
29 531 1
29 592 1
29 624 1
29 664 1
29 728 1
29 740 1
29 825 1
29 842 1
30 88 1
30 163 1
30 311 1
30 371 1
30 390 1
30 459 1
30 593 1
30 811 1
30 891 1
30 915 1
30 965 1
31 226 1
31 233 1
31 262 1
31 273 1
31 318 1
31 490 1
31 491 1
31 514 1
31 649 1
31 777 1
31 874 1
31 941 1
31 956 1
32 68 1
32 141 1
32 203 1
32 295 1
32 634 1
32 663 1
32 699 1
32 705 1
32 714 1
32 904 1
32 941 1
33 61 1
33 221 1
33 254 1
33 336 1
33 364 1
33 458 1
33 516 1
33 517 1
33 800 1
33 835 1
33 918 1
33 975 1
34 67 1
34 121 1
34 151 1
34 246 1
34 425 1
34 484 1
34 606 1
34 821 1
34 870 1
34 929 1
34 990 1
35 145 1
35 269 1
35 435 1
35 583 1
35 635 1
35 663 1
35 720 1
35 740 1
36 62 1
36 176 1
36 186 1
36 245 1
36 379 1
36 416 1
36 459 1
36 756 1
36 977 1
37 40 1
37 143 1
37 183 1
37 251 1
37 440 1
37 481 1
37 811 1
37 815 1
37 987 1
38 264 1
38 373 1
38 953 1
39 118 1
39 372 1
39 517 1
39 538 1
39 557 1
39 571 1
39 773 1
39 791 1
39 849 1
39 903 1
40 244 1
40 265 1
40 436 1
40 493 1
40 731 1
40 773 1
40 774 1
40 802 1
40 952 1
40 991 1
41 111 1
41 242 1
41 268 1
41 427 1
41 475 1
41 509 1
41 692 1
41 718 1
41 842 1
41 872 1
41 953 1
42 167 1
42 273 1
42 331 1
42 564 1
42 575 1
42 637 1
42 662 1
42 830 1
42 835 1
42 868 1
42 908 1
42 918 1
42 979 1
43 45 1
43 61 1
43 74 1
43 122 1
43 185 1
43 249 1
43 301 1
43 408 1
43 432 1
43 471 1
43 482 1
43 501 1
43 509 1
43 588 1
43 629 1
43 667 1
43 721 1
44 117 1
44 150 1
44 181 1
44 377 1
44 507 1
44 520 1
44 530 1
44 569 1
44 602 1
44 759 1
44 793 1
44 865 1
44 928 1
45 147 1
45 319 1
45 360 1
45 408 1
45 599 1
45 616 1
45 710 1
45 721 1
45 883 1
45 892 1
45 898 1
45 903 1
45 930 1
46 146 1
46 580 1
46 622 1
46 650 1
46 728 1
46 932 1
47 249 1
47 276 1
47 454 1
47 484 1
47 663 1
47 783 1
47 970 1
47 989 1
48 184 1
48 234 1
48 323 1
48 341 1
48 439 1
48 524 1
48 594 1
48 719 1
48 917 1
49 164 1
49 209 1
49 219 1
49 254 1
49 622 1
49 630 1
49 948 1
50 259 1
50 552 1
50 573 1
50 672 1
50 709 1
50 821 1
50 901 1
50 915 1
51 134 1
51 293 1
51 313 1
51 391 1
51 431 1
51 886 1
51 914 1
52 179 1
52 297 1
52 362 1
52 639 1
52 661 1
52 781 1
52 819 1
52 821 1
52 858 1
52 874 1
53 101 1
53 181 1
53 209 1
53 356 1
53 394 1
53 426 1
53 580 1
53 654 1
53 741 1
53 754 1
53 802 1
53 856 1
53 925 1
54 181 1
54 306 1
54 857 1
54 889 1
54 897 1
54 922 1
55 200 1
55 247 1
55 640 1
55 649 1
55 655 1
55 707 1
55 759 1
55 854 1
55 941 1
56 108 1
56 170 1
56 197 1
56 422 1
56 496 1
56 562 1
56 638 1
56 913 1
56 992 1
57 102 1
57 171 1
57 412 1
57 516 1
57 614 1
57 640 1
57 895 1
58 245 1
58 253 1
58 332 1
58 355 1
58 356 1
58 384 1
58 404 1
58 445 1
58 478 1
58 485 1
58 680 1
58 897 1
59 294 1
59 359 1
59 459 1
59 516 1
59 627 1
59 629 1
59 701 1
59 702 1
59 779 1
59 838 1
59 937 1
59 948 1
59 984 1
60 118 1
60 156 1
60 168 1
60 344 1
60 420 1
60 527 1
60 558 1
60 665 1
60 685 1
60 697 1
60 956 1
60 976 1
60 978 1
61 189 1
61 493 1
61 636 1
61 840 1
61 980 1
62 102 1
62 326 1
62 375 1
62 547 1
62 592 1
62 618 1
62 907 1
62 977 1
63 72 1
63 89 1
63 108 1
63 126 1
63 157 1
63 200 1
63 431 1
63 613 1
63 737 1
63 831 1
63 848 1
63 875 1
63 892 1
63 964 1
64 84 1
64 173 1
64 259 1
64 297 1
64 312 1
64 322 1
64 363 1
64 383 1
64 409 1
64 438 1
64 722 1
64 729 1
64 749 1
64 941 1
65 193 1
65 206 1
65 287 1
65 422 1
65 550 1
65 754 1
65 876 1
65 892 1
65 982 1
65 999 1
66 94 1
66 121 1
66 342 1
66 354 1
66 433 1
66 469 1
66 743 1
66 908 1
66 929 1
66 962 1
67 120 1
67 150 1
67 330 1
67 367 1
67 479 1
67 488 1
67 566 1
67 640 1
67 659 1
67 790 1
67 821 1
67 965 1
67 975 1
68 93 1
68 185 1
68 335 1
68 510 1
68 529 1
68 685 1
68 752 1
68 816 1
68 828 1
68 841 1
68 843 1
68 850 1
68 869 1
68 946 1
68 979 1
69 146 1
69 345 1
69 453 1
69 494 1
69 520 1
69 619 1
69 693 1
69 790 1
69 954 1
69 961 1
70 87 1
70 287 1
70 326 1
70 409 1
70 410 1
70 869 1
70 887 1
71 96 1
71 228 1
71 290 1
71 293 1
71 728 1
71 839 1
71 874 1
71 955 1
72 150 1
72 303 1
72 365 1
72 408 1
72 574 1
72 678 1
72 837 1
72 953 1
72 969 1
72 970 1
73 95 1
73 208 1
73 348 1
73 473 1
73 550 1
73 704 1
73 922 1
73 997 1
74 129 1
74 243 1
74 614 1
74 707 1
74 790 1
74 795 1
74 872 1
75 85 1
75 198 1
75 528 1
75 549 1
75 624 1
75 695 1
75 710 1
75 813 1
76 361 1
76 372 1
76 465 1
76 480 1
76 595 1
76 620 1
76 688 1
76 753 1
76 843 1
77 314 1
77 404 1
77 412 1
77 458 1
77 480 1
77 526 1
77 574 1
77 843 1
78 433 1
78 586 1
78 661 1
78 760 1
78 800 1
78 808 1
78 978 1
79 156 1
79 237 1
79 245 1
79 257 1
79 417 1
79 458 1
79 546 1
79 631 1
79 641 1
79 766 1
79 820 1
79 828 1
79 851 1
79 990 1
80 88 1
80 259 1
80 317 1
80 437 1
80 532 1
80 580 1
80 716 1
80 885 1
80 916 1
80 928 1
81 167 1
81 333 1
81 528 1
81 541 1
81 570 1
81 586 1
81 725 1
81 769 1
81 780 1
81 976 1
82 406 1
82 652 1
82 764 1
82 876 1
83 285 1
83 490 1
83 527 1
83 591 1
83 801 1
84 93 1
84 105 1
84 136 1
84 237 1
84 389 1
84 413 1
84 444 1
84 494 1
84 715 1
84 767 1
84 864 1
84 907 1
85 143 1
85 326 1
85 405 1
85 618 1
85 632 1
85 717 1
85 768 1
85 860 1
86 117 1
86 204 1
86 238 1
86 286 1
86 322 1
86 387 1
86 583 1
86 602 1
86 764 1
86 822 1
87 146 1
87 414 1
87 547 1
87 672 1
87 684 1
87 965 1
88 113 1
88 290 1
88 321 1
88 390 1
88 399 1
88 810 1
88 832 1
88 850 1
88 951 1
88 966 1
88 969 1
88 987 1
89 138 1
89 180 1
89 308 1
89 366 1
89 371 1
89 426 1
89 788 1
89 890 1
89 995 1
90 99 1
90 486 1
90 706 1
90 791 1
90 792 1
90 926 1
90 966 1
91 175 1
91 430 1
91 634 1
91 781 1
91 804 1
91 930 1
91 951 1
91 977 1
92 185 1
92 243 1
92 272 1
92 554 1
92 571 1
92 654 1
92 862 1
93 186 1
93 230 1
93 242 1
93 282 1
93 329 1
93 337 1
93 388 1
93 454 1
93 642 1
93 769 1
93 847 1
93 926 1
93 969 1
94 286 1
94 296 1
94 539 1
94 541 1
94 602 1
94 662 1
94 708 1
94 814 1
94 825 1
94 933 1
94 972 1
95 137 1
95 178 1
95 363 1
95 473 1
95 602 1
95 676 1
95 697 1
95 870 1
95 983 1
95 994 1
96 227 1
96 277 1
96 319 1
96 422 1
96 603 1
96 618 1
96 707 1
96 818 1
97 143 1
97 173 1
97 221 1
97 230 1
97 274 1
97 381 1
97 434 1
97 484 1
97 534 1
97 694 1
97 712 1
97 769 1
97 838 1
98 169 1
98 298 1
98 610 1
98 664 1
98 668 1
98 794 1
98 797 1
98 875 1
99 239 1
99 242 1
99 351 1
99 414 1
99 485 1
99 535 1
99 645 1
99 724 1
100 198 1
100 199 1
100 289 1
100 330 1
100 363 1
100 563 1
100 615 1
100 640 1
100 683 1
100 762 1
101 614 1
101 741 1
101 949 1
102 283 1
102 368 1
102 406 1
102 415 1
102 498 1
102 499 1
102 508 1
102 519 1
103 205 1
103 275 1
103 409 1
103 422 1
103 498 1
103 765 1
103 843 1
103 844 1
103 868 1
104 206 1
104 238 1
104 278 1
104 546 1
104 752 1
104 938 1
105 183 1
105 321 1
105 338 1
105 465 1
105 586 1
105 595 1
105 735 1
105 844 1
105 961 1
106 381 1
106 391 1
106 401 1
106 511 1
106 680 1
106 773 1
106 920 1
107 391 1
107 459 1
107 678 1
107 771 1
107 878 1
107 937 1
107 968 1
108 162 1
108 338 1
108 497 1
108 557 1
108 703 1
108 789 1
108 893 1
109 189 1
109 200 1
109 235 1
109 549 1
109 567 1
109 620 1
109 709 1
109 729 1
109 855 1
109 860 1
109 900 1
109 960 1
109 969 1
109 981 1
110 194 1
110 214 1
110 282 1
110 318 1
110 331 1
110 453 1
110 455 1
110 568 1
110 570 1
110 791 1
110 812 1
110 813 1
110 836 1
110 990 1
111 163 1
111 370 1
111 562 1
111 882 1
112 274 1
112 318 1
112 586 1
112 616 1
112 736 1
112 943 1
112 977 1
113 161 1
113 166 1
113 174 1
113 253 1
113 282 1
113 312 1
113 337 1
113 390 1
113 463 1
113 485 1
113 514 1
113 553 1
113 555 1
113 687 1
113 754 1
113 813 1
113 928 1
113 954 1
113 982 1
114 158 1
114 176 1
114 213 1
114 234 1
114 281 1
114 377 1
114 398 1
114 568 1
114 653 1
114 683 1
114 702 1
114 937 1
114 947 1
115 130 1
115 143 1
115 159 1
115 166 1
115 187 1
115 287 1
115 289 1
115 488 1
115 572 1
115 602 1
115 603 1
115 758 1
115 787 1
115 891 1
115 983 1
115 997 1
116 138 1
116 324 1
116 366 1
116 616 1
116 738 1
116 744 1
116 788 1
116 816 1
116 843 1
117 246 1
117 253 1
117 435 1
117 749 1
117 909 1
117 924 1
117 991 1
118 200 1
118 372 1
118 457 1
118 550 1
118 574 1
118 580 1
118 752 1
118 879 1
118 937 1
118 973 1
119 277 1
119 283 1
119 297 1
119 515 1
119 680 1
119 703 1
119 758 1
119 819 1
119 850 1
119 941 1
120 389 1
120 515 1
120 564 1
120 741 1
120 807 1
120 812 1
120 886 1
120 928 1
120 963 1
121 178 1
121 453 1
121 772 1
121 842 1
121 976 1
122 205 1
122 295 1
122 320 1
122 674 1
122 716 1
122 776 1
122 837 1
123 409 1
123 453 1
123 855 1
123 899 1
123 965 1
123 968 1
124 235 1
124 236 1
124 334 1
124 337 1
124 368 1
124 427 1
124 606 1
124 718 1
124 804 1
124 811 1
124 908 1
124 931 1
124 933 1
125 665 1
125 751 1
125 781 1
126 186 1
126 581 1
126 590 1
126 883 1
126 980 1
127 188 1
127 284 1
127 442 1
127 455 1
127 457 1
127 589 1
127 799 1
127 805 1
127 829 1
127 887 1
127 946 1
127 1000 1
128 141 1
128 301 1
128 413 1
128 431 1
128 434 1
128 473 1
128 543 1
128 566 1
128 646 1
128 798 1
128 903 1
129 151 1
129 154 1
129 287 1
129 378 1
129 467 1
129 611 1
129 667 1
129 742 1
129 831 1
129 861 1
129 960 1
130 190 1
130 351 1
130 529 1
130 613 1
130 757 1
131 168 1
131 299 1
131 352 1
131 353 1
131 414 1
131 554 1
131 574 1
131 892 1
132 287 1
132 488 1
132 804 1
133 421 1
133 474 1
133 594 1
133 765 1
133 766 1
133 771 1
133 831 1
134 425 1
134 550 1
134 667 1
134 689 1
134 715 1
134 807 1
134 963 1
134 968 1
135 295 1
135 467 1
135 509 1
135 533 1
135 707 1
135 767 1
135 778 1
135 894 1
135 933 1
136 202 1
136 360 1
136 416 1
136 432 1
136 723 1
136 796 1
136 801 1
136 863 1
136 913 1
136 952 1
136 962 1
137 202 1
137 515 1
137 520 1
137 548 1
137 557 1
137 577 1
137 610 1
137 829 1
138 243 1
138 403 1
138 582 1
138 649 1
138 724 1
138 805 1
138 812 1
138 912 1
138 923 1
138 926 1
138 959 1
138 970 1
139 190 1
139 254 1
139 424 1
139 588 1
139 811 1
139 873 1
140 229 1
140 799 1
140 858 1
140 901 1
141 178 1
141 344 1
141 366 1
141 397 1
141 422 1
141 496 1
141 633 1
141 843 1
141 845 1
141 988 1
142 267 1
142 336 1
142 552 1
142 553 1
142 583 1
142 762 1
142 894 1
142 910 1
142 972 1
143 147 1
143 148 1
143 229 1
143 331 1
143 363 1
143 435 1
143 589 1
144 254 1
144 302 1
144 332 1
144 354 1
144 408 1
144 451 1
144 703 1
144 865 1
144 893 1
144 973 1
145 327 1
145 400 1
145 663 1
145 687 1
145 711 1
145 770 1
145 857 1
145 938 1
146 180 1
146 198 1
146 575 1
146 749 1
146 825 1
146 848 1
146 905 1
146 934 1
146 1000 1
147 264 1
147 290 1
147 545 1
147 567 1
147 591 1
147 656 1
147 717 1
147 732 1
147 861 1
147 956 1
148 240 1
148 257 1
148 360 1
148 430 1
148 640 1
148 664 1
148 724 1
148 755 1
148 796 1
148 871 1
148 888 1
148 907 1
148 935 1
149 231 1
149 283 1
149 299 1
149 323 1
149 381 1
149 455 1
149 483 1
149 521 1
149 573 1
149 602 1
149 973 1
150 214 1
150 320 1
150 356 1
150 477 1
150 693 1
150 790 1
150 792 1
151 160 1
151 255 1
151 351 1
151 384 1
151 859 1
151 982 1
152 188 1
152 229 1
152 233 1
152 264 1
152 526 1
152 777 1
152 969 1
153 260 1
153 266 1
153 362 1
153 393 1
153 466 1
153 603 1
153 617 1
153 707 1
153 715 1
153 734 1
153 772 1
153 777 1
153 788 1
153 789 1
153 879 1
153 894 1
154 182 1
154 227 1
154 254 1
154 305 1
154 779 1
154 925 1
154 953 1
155 353 1
155 674 1
155 683 1
155 864 1
155 865 1
155 881 1
155 993 1
156 218 1
156 321 1
156 494 1
156 511 1
156 529 1
156 600 1
156 691 1
156 707 1
156 721 1
156 740 1
156 849 1
157 292 1
157 309 1
157 314 1
157 366 1
157 390 1
157 564 1
157 583 1
157 601 1
157 630 1
157 666 1
157 760 1
157 790 1
157 792 1
157 902 1
158 171 1
158 196 1
158 288 1
158 290 1
158 329 1
158 390 1
158 454 1
158 782 1
159 164 1
159 227 1
159 248 1
159 322 1
159 439 1
159 544 1
159 684 1
159 719 1
159 813 1
159 870 1
159 955 1
159 967 1
160 166 1
160 253 1
160 747 1
161 194 1
161 202 1
161 242 1
161 261 1
161 419 1
161 480 1
161 726 1
161 735 1
162 283 1
162 333 1
162 334 1
162 469 1
162 567 1
162 571 1
162 722 1
162 777 1
162 864 1
163 348 1
163 380 1
163 674 1
163 825 1
164 190 1
164 206 1
164 389 1
164 675 1
164 679 1
164 709 1
164 724 1
164 740 1
164 820 1
164 829 1
164 874 1
165 174 1
165 178 1
165 261 1
165 300 1
165 329 1
165 424 1
165 856 1
165 963 1
165 995 1
166 177 1
166 599 1
166 628 1
166 861 1
167 260 1
167 430 1
167 566 1
167 595 1
167 760 1
167 804 1
167 919 1
168 203 1
168 239 1
168 282 1
168 380 1
168 424 1
168 451 1
168 515 1
168 610 1
168 634 1
168 652 1
168 971 1
169 213 1
169 252 1
169 270 1
169 285 1
169 448 1
169 455 1
169 511 1
169 516 1
169 554 1
169 733 1
169 900 1
170 259 1
170 421 1
170 434 1
170 542 1
170 567 1
170 592 1
170 602 1
170 667 1
170 730 1
170 852 1
170 898 1
170 981 1
171 202 1
171 376 1
171 438 1
171 504 1
171 661 1
171 763 1
171 896 1
171 904 1
171 959 1
172 209 1
172 258 1
172 322 1
172 383 1
172 447 1
172 492 1
172 900 1
173 324 1
173 516 1
173 693 1
174 293 1
174 316 1
174 436 1
174 565 1
174 606 1
174 627 1
174 710 1
174 722 1
174 733 1
174 764 1
174 806 1
174 936 1
175 441 1
175 505 1
175 846 1
175 964 1
176 260 1
176 286 1
176 453 1
176 465 1
176 614 1
176 711 1
176 973 1
177 455 1
177 468 1
177 698 1
177 745 1
177 973 1
178 297 1
178 358 1
178 400 1
178 540 1
178 645 1
178 666 1
178 699 1
178 733 1
178 854 1
178 874 1
178 958 1
179 194 1
179 349 1
179 497 1
179 622 1
179 768 1
179 871 1
179 959 1
180 306 1
180 472 1
180 514 1
180 633 1
180 643 1
180 721 1
181 298 1
181 387 1
181 424 1
181 719 1
181 760 1
181 797 1
181 859 1
181 869 1
181 943 1
181 944 1
182 241 1
182 254 1
182 284 1
182 312 1
182 333 1
182 363 1
182 409 1
182 439 1
182 542 1
182 867 1
183 209 1
183 244 1
183 276 1
183 549 1
183 590 1
183 603 1
183 607 1
183 748 1
183 777 1
183 815 1
183 821 1
183 974 1
184 387 1
184 412 1
184 544 1
184 597 1
184 739 1
184 756 1
184 809 1
184 965 1
185 195 1
185 289 1
185 290 1
185 423 1
185 643 1
185 645 1
185 705 1
185 781 1
185 959 1
185 963 1
186 249 1
186 317 1
186 342 1
186 446 1
186 516 1
186 640 1
186 658 1
186 841 1
186 995 1
186 998 1
187 277 1
187 391 1
187 576 1
187 648 1
187 674 1
187 735 1
187 755 1
187 795 1
187 860 1
187 935 1
187 940 1
187 957 1
187 959 1
188 266 1
188 341 1
188 424 1
188 447 1
188 451 1
188 473 1
188 512 1
188 564 1
188 747 1
188 983 1
189 223 1
189 597 1
189 620 1
189 710 1
189 713 1
189 809 1
189 883 1
189 992 1
190 219 1
190 416 1
190 522 1
190 532 1
190 617 1
190 618 1
190 755 1
190 800 1
190 925 1
190 968 1
190 970 1
191 475 1
191 498 1
191 896 1
191 976 1
192 205 1
192 283 1
192 329 1
192 462 1
192 564 1
192 921 1
193 272 1
193 324 1
193 439 1
193 529 1
193 555 1
193 862 1
193 958 1
194 207 1
194 213 1
194 356 1
194 382 1
194 565 1
194 580 1
194 582 1
194 668 1
194 677 1
194 700 1
194 735 1
194 826 1
194 905 1
195 324 1
195 345 1
195 354 1
195 356 1
195 418 1
195 656 1
195 856 1
196 283 1
196 439 1
196 530 1
196 744 1
197 206 1
197 279 1
197 386 1
197 406 1
197 830 1
197 834 1
197 850 1
197 858 1
197 934 1
198 482 1
198 499 1
198 676 1
198 887 1
199 220 1
199 275 1
199 335 1
199 400 1
199 545 1
199 573 1
199 678 1
199 797 1
200 233 1
200 349 1
200 354 1
200 426 1
200 548 1
200 666 1
200 669 1
200 672 1
200 732 1
200 982 1
201 301 1
201 421 1
201 426 1
201 517 1
201 523 1
201 550 1
201 806 1
201 826 1
201 936 1
201 959 1
201 975 1
202 254 1
202 269 1
202 377 1
202 379 1
202 400 1
202 485 1
202 565 1
202 650 1
202 676 1
202 711 1
202 760 1
202 967 1
202 999 1
203 241 1
203 271 1
203 300 1
203 414 1
203 628 1
203 660 1
203 670 1
203 717 1
203 724 1
203 974 1
204 212 1
204 328 1
204 390 1
204 631 1
204 781 1
204 828 1
204 966 1
205 224 1
205 244 1
205 418 1
205 666 1
205 735 1
205 790 1
205 940 1
205 988 1
206 232 1
206 236 1
206 412 1
206 448 1
206 550 1
206 583 1
206 717 1
206 752 1
207 211 1
207 526 1
207 546 1
207 652 1
207 840 1
207 841 1
207 901 1
208 243 1
208 314 1
208 315 1
208 663 1
208 796 1
208 849 1
208 874 1
208 966 1
209 295 1
209 342 1
209 387 1
209 478 1
209 483 1
209 628 1
209 651 1
209 681 1
209 762 1
209 824 1
209 860 1
209 906 1
209 910 1
209 980 1
210 340 1
210 376 1
210 491 1
210 574 1
210 581 1
210 589 1
210 937 1
211 630 1
211 662 1
211 735 1
211 777 1
211 821 1
211 942 1
212 216 1
212 276 1
212 343 1
212 390 1
212 412 1
212 533 1
212 553 1
212 583 1
212 655 1
212 867 1
212 883 1
212 900 1
213 372 1
213 536 1
213 864 1
213 935 1
214 270 1
214 581 1
214 772 1
214 776 1
214 930 1
215 218 1
215 248 1
215 505 1
215 531 1
215 840 1
215 934 1
216 269 1
216 330 1
216 411 1
216 485 1
216 655 1
216 783 1
216 834 1
216 957 1
217 317 1
217 349 1
217 370 1
217 501 1
217 619 1
217 660 1
217 744 1
217 933 1
218 338 1
218 660 1
218 738 1
218 751 1
218 804 1
218 869 1
218 889 1
219 235 1
219 244 1
219 343 1
219 669 1
219 773 1
219 782 1
219 830 1
220 263 1
220 268 1
220 390 1
220 446 1
220 860 1
220 875 1
220 919 1
221 358 1
221 839 1
221 843 1
222 407 1
222 443 1
222 641 1
222 726 1
222 983 1
223 295 1
223 577 1
223 658 1
223 757 1
223 764 1
223 807 1
223 931 1
223 954 1
223 964 1
224 512 1
224 632 1
224 978 1
225 248 1
225 373 1
225 762 1
226 349 1
226 379 1
226 501 1
226 684 1
226 728 1
226 762 1
226 976 1
227 288 1
227 365 1
227 386 1
227 434 1
227 809 1
227 875 1
228 459 1
229 406 1
229 582 1
229 643 1
229 721 1
229 747 1
229 762 1
229 767 1
229 858 1
229 866 1
229 871 1
230 304 1
230 383 1
230 400 1
230 409 1
230 510 1
230 556 1
230 715 1
230 731 1
230 882 1
230 923 1
231 247 1
231 510 1
231 537 1
231 611 1
231 712 1
232 274 1
232 277 1
232 445 1
232 472 1
232 644 1
232 652 1
232 720 1
232 813 1
232 830 1
233 274 1
233 471 1
233 488 1
233 573 1
233 658 1
233 888 1
233 954 1
233 990 1
234 350 1
234 484 1
234 531 1
234 546 1
234 836 1
234 881 1
235 245 1
235 326 1
235 420 1
235 457 1
235 461 1
235 496 1
235 677 1
235 791 1
235 905 1
236 361 1
236 560 1
236 582 1
236 683 1
236 734 1
236 797 1
236 810 1
236 850 1
236 917 1
237 322 1
237 326 1
237 469 1
237 566 1
237 778 1
237 811 1
237 836 1
237 984 1
238 276 1
238 452 1
238 481 1
238 550 1
238 602 1
238 610 1
238 687 1
238 987 1
239 373 1
239 387 1
239 397 1
239 406 1
239 419 1
239 439 1
239 459 1
239 544 1
239 615 1
239 628 1
239 687 1
239 758 1
239 912 1
240 347 1
240 370 1
240 397 1
240 400 1
240 419 1
240 466 1
240 611 1
240 818 1
240 888 1
241 245 1
241 343 1
241 377 1
241 391 1
241 397 1
241 414 1
242 294 1
242 532 1
242 575 1
242 790 1
243 257 1
243 640 1
243 664 1
243 667 1
244 426 1
244 520 1
244 708 1
244 733 1
244 887 1
245 248 1
245 481 1
245 518 1
245 520 1
245 713 1
245 983 1
245 995 1
246 250 1
246 327 1
246 336 1
246 410 1
246 555 1
246 615 1
246 662 1
247 264 1
247 269 1
247 354 1
247 542 1
247 546 1
247 667 1
248 256 1
248 367 1
248 483 1
248 528 1
248 603 1
248 663 1
248 780 1
248 796 1
248 918 1
249 296 1
249 330 1
249 476 1
249 542 1
249 695 1
249 754 1
249 936 1
250 276 1
250 350 1
250 538 1
250 598 1
250 838 1
250 852 1
250 952 1
251 553 1
251 694 1
251 797 1
251 874 1
251 875 1
251 878 1
251 943 1
251 982 1
252 321 1
252 440 1
252 453 1
252 541 1
252 614 1
252 662 1
252 758 1
252 793 1
252 814 1
252 871 1
253 347 1
253 354 1
253 604 1
253 718 1
253 846 1
253 851 1
253 876 1
253 916 1
254 299 1
254 354 1
254 707 1
254 728 1
254 733 1
254 868 1
254 881 1
255 259 1
255 285 1
255 387 1
255 487 1
255 630 1
255 838 1
255 853 1
255 920 1
255 932 1
255 972 1
256 294 1
256 319 1
256 357 1
256 423 1
256 720 1
256 874 1
257 366 1
257 662 1
257 783 1
257 878 1
258 486 1
258 695 1
258 772 1
259 285 1
259 306 1
259 558 1
259 685 1
259 830 1
259 919 1
260 456 1
260 651 1
260 921 1
260 927 1
261 268 1
261 296 1
261 345 1
261 396 1
261 513 1
261 566 1
261 737 1
262 277 1
262 346 1
262 494 1
262 520 1
262 774 1
262 823 1
262 862 1
262 870 1
262 883 1
263 379 1
263 405 1
263 551 1
263 587 1
263 797 1
263 869 1
264 420 1
264 453 1
264 517 1
264 566 1
264 640 1
264 687 1
264 710 1
264 720 1
264 788 1
264 881 1
265 556 1
265 631 1
265 679 1
265 726 1
265 735 1
265 736 1
265 822 1
265 897 1
265 952 1
266 299 1
266 857 1
266 973 1
266 991 1
267 386 1
267 413 1
267 580 1
267 610 1
267 744 1
267 814 1
268 609 1
268 714 1
268 743 1
268 859 1
268 880 1
269 292 1
269 347 1
269 354 1
269 500 1
269 905 1
269 925 1
269 931 1
270 295 1
270 318 1
270 326 1
270 360 1
270 377 1
270 405 1
270 419 1
270 528 1
270 745 1
270 892 1
270 968 1
271 304 1
271 397 1
271 443 1
271 451 1
271 636 1
271 732 1
271 790 1
272 341 1
272 465 1
272 472 1
272 498 1
272 684 1
272 873 1
272 945 1
273 287 1
273 421 1
273 577 1
273 579 1
273 646 1
273 767 1
273 881 1
274 352 1
274 406 1
274 567 1
274 580 1
274 682 1
274 753 1
274 865 1
274 895 1
274 927 1
274 933 1
275 522 1
275 533 1
275 602 1
275 744 1
275 937 1
276 352 1
276 627 1
276 648 1
277 344 1
277 578 1
277 599 1
277 798 1
277 814 1
277 865 1
277 915 1
277 985 1
278 333 1
278 411 1
278 429 1
278 780 1
278 800 1
279 299 1
279 379 1
279 620 1
279 660 1
279 766 1
279 813 1
279 849 1
279 936 1
280 408 1
280 417 1
280 530 1
280 585 1
280 803 1
280 983 1
281 296 1
281 421 1
281 564 1
281 591 1
281 606 1
281 804 1
281 847 1
281 878 1
282 456 1
282 478 1
282 635 1
282 687 1
282 758 1
282 788 1
282 895 1
282 932 1
283 554 1
283 575 1
284 403 1
284 479 1
284 820 1
284 980 1
285 691 1
285 793 1
285 836 1
285 919 1
286 394 1
286 409 1
286 745 1
286 843 1
286 943 1
287 555 1
287 747 1
287 947 1
287 981 1
288 291 1
288 365 1
288 437 1
288 569 1
288 576 1
288 701 1
288 844 1
288 986 1
289 314 1
289 402 1
289 437 1
289 753 1
289 801 1
290 576 1
290 602 1
290 677 1
291 388 1
291 406 1
291 548 1
291 555 1
291 613 1
291 887 1
292 671 1
292 715 1
292 718 1
292 979 1
293 432 1
293 779 1
293 950 1
293 967 1
294 329 1
294 550 1
294 570 1
294 587 1
294 653 1
294 680 1
294 756 1
294 782 1
294 838 1
295 319 1
295 450 1
295 490 1
295 507 1
295 691 1
296 601 1
296 667 1
296 787 1
296 802 1
296 843 1
297 520 1
297 645 1
297 719 1
297 827 1
297 843 1
297 878 1
298 450 1
298 467 1
298 654 1
298 663 1
298 677 1
298 791 1
298 831 1
298 833 1
298 863 1
298 990 1
299 338 1
299 420 1
299 523 1
299 579 1
299 712 1
299 721 1
299 741 1
299 786 1
299 856 1
299 952 1
300 406 1
300 421 1
300 444 1
300 452 1
300 475 1
300 525 1
300 562 1
300 579 1
300 793 1
301 490 1
301 525 1
301 565 1
301 584 1
301 632 1
301 782 1
301 804 1
301 965 1
302 349 1
302 369 1
302 542 1
302 545 1
302 629 1
302 645 1
302 706 1
302 745 1
302 897 1
302 907 1
303 445 1
303 475 1
303 519 1
303 699 1
303 894 1
304 305 1
304 427 1
304 644 1
304 1000 1
305 347 1
305 412 1
305 603 1
305 950 1
305 957 1
306 411 1
306 421 1
306 430 1
306 507 1
306 593 1
306 618 1
306 690 1
306 784 1
306 827 1
306 836 1
306 948 1
306 993 1
306 1000 1
307 352 1
307 439 1
307 440 1
307 647 1
307 661 1
307 725 1
307 759 1
307 769 1
308 347 1
308 992 1
309 459 1
309 638 1
309 764 1
309 908 1
309 921 1
310 427 1
310 558 1
310 687 1
310 784 1
310 925 1
310 971 1
311 370 1
311 547 1
311 766 1
311 774 1
311 819 1
312 422 1
312 484 1
312 526 1
312 825 1
312 838 1
313 368 1
313 369 1
313 377 1
313 502 1
313 551 1
313 671 1
313 677 1
313 807 1
313 869 1
314 363 1
314 510 1
314 552 1
314 594 1
314 596 1
314 645 1
314 646 1
314 873 1
314 969 1
314 978 1
314 999 1
315 350 1
315 352 1
315 449 1
315 453 1
315 458 1
315 675 1
315 680 1
315 716 1
315 749 1
315 764 1
315 891 1
315 958 1
315 998 1
316 423 1
316 516 1
316 620 1
316 825 1
316 879 1
316 903 1
316 928 1
316 940 1
317 332 1
317 348 1
317 441 1
317 605 1
317 640 1
317 918 1
317 920 1
317 941 1
317 973 1
317 986 1
318 376 1
318 619 1
318 842 1
318 851 1
318 891 1
318 942 1
319 383 1
319 449 1
319 581 1
319 802 1
319 825 1
320 553 1
320 593 1
320 696 1
320 739 1
320 842 1
320 846 1
320 919 1
321 324 1
321 360 1
321 367 1
321 406 1
321 463 1
321 573 1
321 939 1
322 407 1
322 554 1
322 647 1
322 661 1
322 697 1
322 798 1
322 909 1
322 913 1
323 385 1
323 404 1
323 448 1
323 510 1
323 539 1
323 707 1
323 746 1
323 806 1
323 914 1
324 361 1
324 449 1
324 495 1
324 652 1
324 699 1
324 742 1
324 763 1
324 802 1
324 868 1
325 456 1
325 602 1
325 846 1
326 739 1
326 754 1
327 451 1
327 717 1
327 794 1
327 882 1
328 559 1
328 567 1
328 694 1
328 795 1
329 618 1
329 863 1
329 936 1
330 556 1
330 695 1
330 730 1
330 737 1
330 818 1
330 822 1
330 849 1
330 860 1
331 370 1
331 730 1
331 733 1
331 791 1
331 875 1
332 413 1
332 415 1
332 447 1
332 530 1
332 701 1
332 713 1
332 733 1
332 813 1
332 834 1
332 847 1
332 866 1
332 928 1
333 338 1
333 411 1
333 585 1
333 793 1
333 897 1
333 953 1
334 425 1
334 465 1
334 554 1
334 637 1
334 656 1
334 791 1
334 945 1
334 946 1
334 975 1
335 390 1
335 446 1
335 486 1
335 645 1
335 991 1
335 997 1
336 459 1
336 594 1
336 599 1
336 690 1
336 751 1
336 906 1
337 485 1
337 511 1
337 738 1
337 762 1
337 938 1
337 944 1
338 370 1
338 394 1
338 400 1
338 503 1
338 534 1
338 904 1
338 935 1
339 396 1
339 601 1
339 657 1
339 712 1
339 713 1
339 780 1
339 782 1
339 798 1
339 816 1
339 903 1
340 365 1
340 371 1
340 521 1
340 523 1
340 563 1
340 720 1
340 753 1
340 777 1
340 840 1
340 893 1
341 528 1
341 685 1
341 699 1
341 794 1
341 851 1
341 928 1
341 959 1
342 349 1
342 438 1
342 471 1
342 666 1
342 678 1
342 969 1
342 986 1
343 346 1
343 350 1
343 471 1
343 548 1
343 561 1
343 668 1
343 708 1
343 815 1
343 843 1
343 868 1
343 975 1
344 490 1
344 511 1
344 587 1
344 892 1
345 539 1
345 571 1
345 587 1
345 680 1
345 785 1
345 789 1
345 804 1
345 805 1
346 568 1
346 755 1
346 786 1
346 939 1
347 602 1
347 654 1
347 679 1
347 698 1
347 711 1
347 771 1
347 823 1
348 469 1
348 663 1
348 844 1
348 934 1
348 975 1
348 980 1
349 471 1
349 942 1
349 975 1
350 407 1
350 436 1
350 616 1
350 707 1
350 778 1
350 808 1
350 828 1
350 854 1
350 961 1
351 371 1
351 536 1
351 694 1
351 732 1
351 775 1
351 804 1
351 925 1
351 947 1
352 440 1
352 555 1
352 603 1
352 734 1
352 848 1
352 886 1
353 379 1
353 525 1
353 602 1
353 612 1
353 626 1
353 678 1
353 689 1
353 756 1
353 786 1
353 804 1
354 364 1
354 549 1
354 897 1
355 359 1
355 385 1
355 441 1
356 432 1
356 562 1
356 580 1
356 672 1
356 674 1
356 684 1
356 863 1
356 944 1
357 400 1
357 555 1
357 583 1
357 916 1
358 623 1
358 643 1
358 676 1
358 820 1
358 968 1
359 375 1
359 572 1
359 582 1
359 599 1
359 620 1
359 975 1
360 465 1
360 653 1
360 658 1
360 684 1
360 782 1
360 812 1
360 852 1
360 902 1
360 959 1
360 990 1
361 632 1
361 637 1
361 684 1
361 753 1
361 786 1
361 924 1
361 951 1
362 427 1
362 911 1
363 480 1
363 499 1
363 677 1
363 836 1
363 906 1
363 997 1
364 373 1
364 407 1
364 415 1
365 468 1
365 564 1
365 636 1
365 642 1
365 851 1
366 531 1
366 744 1
366 761 1
366 902 1
367 490 1
367 491 1
367 559 1
367 694 1
367 775 1
367 861 1
367 893 1
367 926 1
368 566 1
368 685 1
368 709 1
368 859 1
368 944 1
368 954 1
368 969 1
369 403 1
369 545 1
369 703 1
369 758 1
369 895 1
369 954 1
369 977 1
370 431 1
370 456 1
370 530 1
370 552 1
370 561 1
370 669 1
370 702 1
370 792 1
370 919 1
371 382 1
371 430 1
371 815 1
371 919 1
372 373 1
372 432 1
372 464 1
372 525 1
372 724 1
373 424 1
373 451 1
373 652 1
373 657 1
373 699 1
373 813 1
373 893 1
373 925 1
373 970 1
373 983 1
374 458 1
374 481 1
374 548 1
374 605 1
374 718 1
375 523 1
375 537 1
375 588 1
375 765 1
375 803 1
375 856 1
376 455 1
376 464 1
376 528 1
376 621 1
376 657 1
376 678 1
377 400 1
377 482 1
377 609 1
377 727 1
377 775 1
377 827 1
377 877 1
378 484 1
378 501 1
378 548 1
378 761 1
378 764 1
378 822 1
378 854 1
378 869 1
378 916 1
379 525 1
379 527 1
379 733 1
379 974 1
380 542 1
380 575 1
380 730 1
380 757 1
380 761 1
380 832 1
380 877 1
381 497 1
381 693 1
381 807 1
381 977 1
381 982 1
382 384 1
382 404 1
382 621 1
382 719 1
382 724 1
382 738 1
382 908 1
382 926 1
382 987 1
383 701 1
384 495 1
384 567 1
384 689 1
384 733 1
384 746 1
384 761 1
384 803 1
384 848 1
384 863 1
385 427 1
385 998 1
385 1000 1
386 577 1
386 583 1
386 602 1
386 614 1
386 685 1
386 792 1
386 819 1
386 865 1
386 962 1
387 511 1
387 641 1
387 717 1
387 826 1
387 905 1
388 484 1
388 507 1
388 1000 1
389 490 1
389 525 1
389 559 1
389 672 1
389 675 1
389 743 1
389 816 1
389 963 1
389 987 1
390 499 1
390 559 1
390 666 1
390 812 1
390 884 1
391 513 1
391 529 1
391 538 1
391 595 1
391 690 1
391 777 1
391 828 1
391 909 1
391 922 1
391 932 1
391 984 1
392 599 1
392 674 1
392 753 1
392 812 1
393 954 1
394 514 1
394 904 1
394 956 1
394 983 1
394 1000 1
395 463 1
395 674 1
395 726 1
395 824 1
395 828 1
395 945 1
396 456 1
396 509 1
396 584 1
396 681 1
396 716 1
396 925 1
397 412 1
397 512 1
397 513 1
397 519 1
397 598 1
397 831 1
397 866 1
397 903 1
397 929 1
397 934 1
397 963 1
398 534 1
398 720 1
398 827 1
398 906 1
398 935 1
398 958 1
399 434 1
399 449 1
399 573 1
399 647 1
399 678 1
399 744 1
400 526 1
400 544 1
400 665 1
400 766 1
400 780 1
400 922 1
400 974 1
401 426 1
401 471 1
401 881 1
401 927 1
401 944 1
401 945 1
402 414 1
402 675 1
402 718 1
402 751 1
402 774 1
402 869 1
402 896 1
403 414 1
403 497 1
403 533 1
403 580 1
403 775 1
403 948 1
403 997 1
404 420 1
404 422 1
404 471 1
404 486 1
404 826 1
404 969 1
404 994 1
405 442 1
405 456 1
405 497 1
405 516 1
405 583 1
405 743 1
405 784 1
405 920 1
405 940 1
406 522 1
406 691 1
406 780 1
406 794 1
406 819 1
406 832 1
406 901 1
406 906 1
406 917 1
407 494 1
407 765 1
407 772 1
407 874 1
407 916 1
408 423 1
408 642 1
408 691 1
408 708 1
408 900 1
408 944 1
408 968 1
409 427 1
409 501 1
409 573 1
409 834 1
410 468 1
410 492 1
410 718 1
410 815 1
410 904 1
410 996 1
411 531 1
411 537 1
411 569 1
411 577 1
411 666 1
411 675 1
411 845 1
412 620 1
412 780 1
412 821 1
413 491 1
413 619 1
413 940 1
414 447 1
414 465 1
414 494 1
414 558 1
414 731 1
414 988 1
415 513 1
415 534 1
415 557 1
415 581 1
415 584 1
415 744 1
415 860 1
415 994 1
416 429 1
416 486 1
416 536 1
416 703 1
416 770 1
416 773 1
416 816 1
417 736 1
417 777 1
417 863 1
418 494 1
418 667 1
418 844 1
418 879 1
418 936 1
419 444 1
419 500 1
419 599 1
419 764 1
419 794 1
420 485 1
420 741 1
420 969 1
420 970 1
421 468 1
421 473 1
421 607 1
421 633 1
421 784 1
421 806 1
421 928 1
422 457 1
422 555 1
422 675 1
422 948 1
423 627 1
423 636 1
423 712 1
423 776 1
423 856 1
423 899 1
424 476 1
424 619 1
424 877 1
424 892 1
425 459 1
425 719 1
425 727 1
425 885 1
426 479 1
426 533 1
426 594 1
426 615 1
427 433 1
427 450 1
427 568 1
427 814 1
427 927 1
428 454 1
428 480 1
428 583 1
428 611 1
428 807 1
428 823 1
428 867 1
429 652 1
429 913 1
429 935 1
429 941 1
429 961 1
429 969 1
429 1000 1
430 440 1
430 654 1
430 828 1
430 836 1
430 905 1
431 443 1
431 569 1
431 770 1
431 880 1
431 908 1
432 478 1
432 612 1
432 648 1
432 855 1
432 962 1
433 519 1
433 641 1
433 644 1
433 668 1
433 801 1
433 835 1
433 944 1
433 946 1
434 540 1
434 561 1
434 698 1
434 843 1
434 861 1
434 960 1
434 969 1
434 974 1
435 493 1
435 599 1
435 880 1
435 886 1
435 894 1
436 574 1
436 587 1
436 596 1
436 719 1
436 822 1
436 905 1
436 932 1
437 635 1
437 731 1
438 546 1
438 946 1
438 963 1
439 489 1
439 510 1
439 629 1
439 702 1
439 784 1
439 898 1
439 923 1
439 974 1
440 532 1
440 594 1
440 602 1
440 670 1
440 734 1
440 865 1
440 878 1
441 457 1
441 656 1
441 770 1
441 837 1
442 469 1
442 535 1
442 595 1
442 780 1
442 892 1
442 981 1
443 450 1
443 559 1
443 654 1
443 671 1
443 739 1
443 745 1
443 762 1
443 812 1
443 858 1
443 973 1
444 480 1
444 546 1
444 603 1
444 606 1
444 660 1
444 715 1
444 768 1
444 841 1
444 965 1
445 541 1
445 553 1
445 563 1
445 901 1
445 996 1
446 944 1
447 718 1
447 804 1
447 926 1
448 526 1
448 731 1
448 837 1
449 637 1
449 761 1
449 837 1
450 542 1
450 627 1
450 672 1
450 838 1
450 892 1
450 951 1
451 473 1
451 669 1
451 681 1
451 905 1
451 965 1
452 480 1
452 549 1
452 691 1
452 758 1
452 818 1
452 881 1
452 912 1
453 471 1
453 676 1
453 687 1
453 730 1
453 770 1
454 589 1
454 625 1
454 660 1
454 740 1
454 858 1
454 882 1
454 997 1
455 514 1
455 626 1
455 775 1
455 913 1
455 974 1
456 536 1
456 749 1
456 751 1
456 796 1
456 917 1
456 990 1
456 993 1
457 495 1
457 542 1
457 790 1
457 966 1
458 551 1
458 609 1
458 656 1
458 657 1
458 936 1
459 471 1
459 572 1
459 655 1
459 744 1
459 830 1
459 839 1
459 987 1
460 480 1
460 572 1
460 688 1
460 802 1
460 867 1
460 890 1
460 916 1
460 928 1
460 995 1
461 611 1
461 756 1
461 965 1
461 975 1
462 639 1
462 730 1
462 803 1
462 904 1
463 519 1
463 561 1
463 908 1
463 932 1
464 515 1
464 585 1
464 701 1
464 708 1
464 759 1
464 760 1
464 763 1
464 775 1
464 879 1
464 900 1
464 943 1
465 468 1
465 614 1
465 696 1
465 930 1
465 992 1
466 577 1
466 710 1
466 917 1
467 520 1
467 587 1
467 733 1
467 793 1
467 918 1
468 721 1
468 742 1
468 753 1
469 680 1
469 703 1
469 718 1
469 762 1
469 854 1
469 988 1
470 576 1
470 826 1
470 837 1
470 879 1
470 941 1
470 990 1
471 973 1
472 499 1
472 603 1
472 681 1
472 838 1
472 841 1
473 519 1
473 755 1
473 839 1
473 853 1
473 855 1
473 883 1
473 979 1
474 717 1
474 841 1
474 973 1
475 514 1
475 520 1
475 537 1
475 552 1
475 623 1
475 659 1
475 813 1
475 816 1
476 550 1
476 680 1
476 697 1
476 841 1
476 989 1
477 491 1
477 560 1
477 721 1
477 737 1
477 768 1
477 820 1
477 971 1
477 973 1
478 648 1
478 750 1
478 870 1
478 925 1
478 950 1
478 965 1
478 976 1
479 517 1
479 550 1
479 617 1
479 628 1
479 684 1
479 708 1
479 782 1
479 837 1
480 493 1
480 661 1
480 789 1
480 831 1
481 485 1
481 540 1
481 541 1
481 565 1
481 640 1
481 726 1
481 807 1
481 886 1
481 983 1
482 552 1
482 648 1
482 772 1
482 818 1
482 864 1
483 628 1
483 764 1
483 766 1
483 998 1
484 709 1
484 765 1
484 818 1
484 884 1
484 911 1
484 916 1
484 936 1
485 554 1
485 571 1
485 573 1
485 796 1
486 611 1
487 646 1
487 909 1
487 963 1
487 968 1
488 703 1
488 792 1
488 800 1
488 879 1
489 742 1
489 865 1
489 992 1
490 506 1
490 576 1
490 785 1
490 866 1
490 965 1
491 802 1
491 878 1
491 991 1
492 598 1
492 677 1
492 773 1
493 717 1
493 847 1
493 860 1
493 977 1
494 526 1
494 640 1
494 704 1
494 758 1
494 764 1
494 855 1
495 742 1
495 809 1
495 956 1
495 968 1
496 565 1
496 596 1
496 629 1
496 657 1
496 926 1
497 555 1
497 791 1
497 847 1
497 948 1
498 620 1
498 779 1
498 805 1
498 840 1
498 893 1
499 568 1
499 746 1
499 814 1
499 854 1
499 858 1
499 874 1
499 972 1
499 1000 1
500 575 1
500 714 1
500 755 1
500 771 1
500 989 1
501 585 1
501 756 1
501 793 1
501 925 1
501 938 1
502 577 1
502 675 1
502 771 1
502 957 1
503 504 1
503 577 1
504 641 1
504 678 1
504 709 1
504 769 1
504 825 1
505 594 1
505 625 1
505 811 1
505 870 1
505 873 1
505 929 1
505 988 1
506 565 1
506 844 1
506 895 1
506 981 1
507 546 1
507 568 1
507 623 1
507 901 1
508 692 1
508 773 1
508 774 1
508 851 1
508 854 1
508 954 1
509 517 1
509 610 1
509 625 1
509 657 1
509 707 1
509 901 1
509 944 1
510 548 1
510 782 1
510 861 1
510 868 1
510 910 1
511 598 1
511 683 1
511 764 1
511 943 1
512 558 1
512 592 1
512 618 1
512 699 1
512 777 1
512 900 1
512 951 1
513 564 1
513 646 1
513 688 1
513 928 1
515 602 1
515 628 1
515 694 1
515 754 1
516 528 1
516 551 1
516 600 1
516 655 1
516 911 1
516 958 1
517 565 1
517 582 1
517 685 1
517 737 1
517 746 1
517 759 1
517 796 1
517 926 1
517 997 1
518 661 1
518 694 1
518 723 1
518 778 1
518 839 1
518 856 1
518 917 1
518 927 1
518 1000 1
519 591 1
519 817 1
519 994 1
520 568 1
520 598 1
520 732 1
520 854 1
520 933 1
520 946 1
521 784 1
521 941 1
521 992 1
522 652 1
522 867 1
523 538 1
523 638 1
523 697 1
523 709 1
523 715 1
523 753 1
523 848 1
523 895 1
523 918 1
523 961 1
524 754 1
524 841 1
524 961 1
525 582 1
525 601 1
525 982 1
526 627 1
526 747 1
526 750 1
526 783 1
527 611 1
527 646 1
527 743 1
527 811 1
527 847 1
528 647 1
528 713 1
528 754 1
528 764 1
528 782 1
528 794 1
528 993 1
529 536 1
529 674 1
529 761 1
529 997 1
530 668 1
530 754 1
530 778 1
530 866 1
530 878 1
530 934 1
530 939 1
531 588 1
531 616 1
531 644 1
532 614 1
532 636 1
532 693 1
532 711 1
532 758 1
532 805 1
533 584 1
533 673 1
533 796 1
533 891 1
533 904 1
533 978 1
534 535 1
534 931 1
534 991 1
535 639 1
535 704 1
536 605 1
536 668 1
536 673 1
537 638 1
537 696 1
537 722 1
537 956 1
537 976 1
537 988 1
538 670 1
538 748 1
539 564 1
539 615 1
539 647 1
539 978 1
539 994 1
540 578 1
540 579 1
541 658 1
541 753 1
542 556 1
542 601 1
542 644 1
542 672 1
542 758 1
542 765 1
542 844 1
542 869 1
542 876 1
542 949 1
543 598 1
543 625 1
543 635 1
543 744 1
544 552 1
544 595 1
544 688 1
544 754 1
544 855 1
544 892 1
545 633 1
545 675 1
546 581 1
546 710 1
546 851 1
546 944 1
547 624 1
547 668 1
547 758 1
547 987 1
548 553 1
548 653 1
548 803 1
548 916 1
549 608 1
549 661 1
549 875 1
550 793 1
550 796 1
550 836 1
550 916 1
550 984 1
551 703 1
551 744 1
551 746 1
551 803 1
551 837 1
551 968 1
551 1000 1
552 597 1
552 674 1
552 783 1
552 844 1
552 988 1
553 602 1
553 664 1
553 723 1
553 731 1
553 809 1
554 748 1
554 797 1
554 959 1
554 970 1
554 983 1
555 570 1
555 691 1
555 813 1
555 855 1
556 587 1
556 988 1
557 632 1
557 638 1
557 694 1
557 832 1
557 954 1
557 961 1
558 602 1
558 969 1
558 988 1
559 578 1
559 668 1
559 737 1
559 755 1
559 820 1
559 857 1
559 943 1
559 958 1
560 843 1
560 857 1
560 876 1
561 660 1
561 808 1
561 914 1
561 927 1
561 968 1
562 648 1
562 792 1
562 896 1
563 669 1
563 708 1
563 804 1
563 949 1
564 587 1
564 603 1
564 644 1
564 771 1
564 824 1
565 866 1
565 885 1
565 919 1
565 927 1
565 949 1
565 995 1
566 610 1
566 662 1
566 682 1
566 695 1
566 726 1
566 742 1
566 748 1
567 578 1
567 679 1
568 581 1
568 632 1
568 651 1
568 711 1
568 735 1
568 873 1
568 884 1
568 935 1
569 597 1
569 897 1
569 929 1
570 607 1
570 837 1
570 903 1
571 694 1
571 873 1
572 644 1
572 928 1
572 959 1
573 713 1
573 931 1
574 697 1
575 621 1
575 853 1
575 854 1
575 898 1
575 950 1
576 603 1
576 668 1
576 809 1
576 867 1
577 657 1
578 620 1
578 663 1
578 674 1
578 903 1
578 975 1
580 588 1
580 629 1
580 701 1
580 715 1
580 782 1
580 807 1
580 964 1
581 712 1
581 763 1
581 793 1
581 806 1
581 863 1
581 872 1
581 913 1
581 940 1
581 972 1
582 693 1
582 753 1
582 792 1
582 803 1
582 835 1
583 751 1
583 858 1
584 632 1
584 851 1
584 914 1
584 967 1
585 752 1
585 815 1
585 909 1
585 919 1
586 738 1
586 798 1
586 899 1
588 688 1
588 786 1
589 595 1
589 654 1
589 705 1
589 839 1
589 925 1
589 943 1
589 985 1
590 724 1
590 725 1
590 746 1
590 780 1
590 940 1
591 695 1
591 723 1
591 820 1
591 942 1
592 648 1
592 784 1
592 797 1
592 836 1
592 965 1
593 722 1
593 760 1
593 805 1
593 835 1
594 813 1
594 998 1
595 716 1
595 947 1
596 663 1
596 686 1
596 731 1
597 647 1
597 664 1
597 738 1
597 751 1
598 832 1
598 948 1
598 956 1
599 653 1
599 794 1
599 869 1
600 936 1
601 754 1
601 879 1
601 885 1
601 924 1
601 963 1
602 703 1
602 772 1
602 843 1
602 864 1
602 922 1
603 647 1
603 680 1
603 681 1
603 685 1
603 705 1
603 717 1
603 943 1
605 623 1
605 857 1
605 880 1
605 897 1
606 747 1
606 881 1
606 885 1
606 978 1
606 982 1
607 640 1
607 812 1
607 860 1
607 968 1
607 990 1
608 642 1
608 662 1
608 714 1
608 723 1
608 731 1
608 848 1
608 965 1
609 710 1
609 770 1
609 785 1
609 813 1
609 815 1
609 945 1
610 671 1
610 695 1
610 888 1
610 997 1
611 887 1
611 938 1
611 949 1
611 969 1
612 624 1
612 807 1
612 810 1
612 879 1
612 937 1
612 1000 1
613 726 1
613 734 1
614 853 1
614 858 1
614 908 1
614 940 1
615 642 1
615 669 1
615 880 1
615 912 1
616 662 1
617 742 1
617 788 1
617 812 1
617 977 1
618 828 1
618 841 1
619 661 1
620 631 1
620 652 1
620 771 1
620 866 1
621 633 1
621 688 1
621 802 1
621 859 1
621 934 1
621 979 1
621 984 1
621 989 1
622 655 1
622 731 1
622 760 1
622 787 1
622 837 1
622 867 1
622 875 1
622 877 1
622 883 1
622 902 1
622 938 1
623 646 1
623 767 1
623 799 1
623 836 1
623 931 1
624 675 1
624 716 1
624 744 1
624 747 1
624 924 1
625 629 1
625 667 1
625 674 1
625 698 1
625 784 1
625 836 1
625 842 1
625 850 1
625 934 1
626 629 1
626 754 1
626 762 1
626 813 1
627 687 1
627 762 1
627 889 1
627 896 1
628 643 1
628 687 1
628 851 1
628 897 1
628 917 1
628 995 1
629 705 1
629 727 1
629 936 1
629 970 1
629 999 1
630 749 1
630 953 1
631 743 1
631 939 1
631 963 1
632 645 1
632 720 1
632 725 1
632 863 1
632 918 1
633 759 1
633 897 1
633 936 1
634 854 1
634 993 1
634 997 1
635 778 1
636 839 1
636 998 1
637 766 1
637 858 1
637 869 1
638 975 1
638 987 1
638 988 1
639 741 1
639 768 1
639 844 1
639 994 1
640 922 1
641 762 1
641 787 1
641 903 1
642 814 1
642 822 1
642 925 1
642 986 1
643 672 1
643 676 1
643 863 1
643 964 1
644 690 1
644 724 1
644 847 1
644 874 1
645 685 1
645 769 1
645 914 1
645 932 1
646 708 1
646 760 1
646 892 1
646 998 1
647 734 1
647 738 1
647 969 1
647 985 1
648 705 1
648 801 1
648 868 1
648 921 1
649 671 1
649 711 1
649 780 1
649 860 1
650 673 1
650 900 1
650 988 1
651 950 1
651 971 1
652 827 1
652 873 1
652 982 1
652 1000 1
653 792 1
654 946 1
654 953 1
655 915 1
655 923 1
655 967 1
656 751 1
656 764 1
657 740 1
657 833 1
657 905 1
658 661 1
658 772 1
658 873 1
659 660 1
659 798 1
659 839 1
659 863 1
659 915 1
660 788 1
660 824 1
661 672 1
661 813 1
662 694 1
662 698 1
662 749 1
662 767 1
662 789 1
663 687 1
663 775 1
663 878 1
663 916 1
664 751 1
664 830 1
664 846 1
665 673 1
665 701 1
665 760 1
665 782 1
665 837 1
665 1000 1
666 992 1
667 708 1
667 736 1
667 748 1
667 844 1
667 853 1
668 737 1
668 773 1
668 991 1
669 691 1
669 693 1
669 972 1
670 686 1
670 691 1
670 758 1
671 929 1
671 959 1
672 704 1
672 920 1
672 997 1
673 691 1
673 829 1
674 677 1
674 852 1
675 835 1
675 905 1
675 932 1
675 936 1
676 679 1
676 742 1
676 950 1
677 700 1
677 708 1
677 715 1
677 739 1
678 693 1
678 771 1
678 859 1
678 872 1
678 875 1
678 925 1
678 953 1
679 680 1
679 735 1
679 854 1
679 972 1
680 751 1
680 950 1
681 746 1
681 762 1
681 845 1
681 992 1
682 714 1
682 776 1
682 983 1
683 689 1
683 839 1
683 895 1
684 708 1
684 883 1
686 815 1
686 833 1
687 714 1
687 775 1
688 691 1
688 807 1
688 809 1
688 896 1
688 967 1
689 762 1
689 923 1
689 997 1
690 708 1
690 745 1
690 998 1
691 693 1
691 819 1
691 979 1
692 852 1
692 913 1
694 749 1
694 820 1
694 839 1
695 934 1
696 938 1
697 810 1
697 839 1
697 963 1
698 801 1
698 992 1
699 705 1
699 798 1
699 806 1
699 907 1
699 950 1
700 775 1
700 874 1
700 976 1
701 782 1
701 791 1
701 884 1
701 928 1
702 802 1
702 901 1
702 986 1
703 762 1
704 788 1
704 799 1
704 903 1
704 998 1
705 711 1
705 912 1
707 819 1
707 843 1
707 890 1
708 716 1
708 737 1
708 905 1
709 949 1
709 974 1
710 712 1
710 724 1
710 910 1
711 732 1
711 976 1
712 741 1
712 873 1
713 904 1
713 915 1
713 974 1
714 886 1
715 767 1
715 793 1
715 829 1
715 858 1
715 872 1
716 739 1
716 740 1
716 822 1
716 861 1
717 792 1
717 843 1
717 941 1
717 964 1
718 907 1
719 995 1
720 843 1
720 933 1
720 945 1
720 987 1
721 811 1
722 800 1
722 966 1
723 786 1
724 847 1
724 865 1
724 961 1
725 890 1
726 785 1
726 863 1
726 880 1
726 938 1
727 815 1
727 906 1
728 733 1
728 798 1
728 805 1
728 844 1
728 849 1
729 743 1
729 797 1
729 832 1
730 863 1
730 935 1
731 868 1
732 738 1
734 792 1
734 981 1
735 874 1
735 911 1
735 938 1
737 760 1
737 855 1
737 882 1
737 955 1
738 811 1
739 925 1
739 929 1
739 979 1
740 911 1
741 845 1
741 857 1
741 912 1
741 998 1
742 944 1
743 784 1
743 992 1
744 811 1
744 832 1
744 899 1
744 928 1
745 752 1
745 771 1
745 867 1
745 870 1
745 877 1
745 896 1
745 916 1
745 920 1
745 942 1
745 963 1
746 757 1
746 963 1
747 864 1
748 763 1
748 928 1
748 951 1
749 936 1
749 970 1
750 827 1
750 844 1
750 872 1
750 875 1
750 922 1
751 760 1
751 766 1
751 858 1
751 887 1
752 814 1
752 818 1
752 860 1
752 934 1
752 950 1
753 857 1
753 922 1
753 931 1
753 972 1
754 840 1
754 992 1
755 856 1
755 959 1
756 824 1
757 863 1
758 857 1
758 907 1
759 877 1
759 914 1
760 794 1
760 825 1
761 843 1
761 846 1
761 982 1
762 847 1
762 849 1
762 882 1
762 911 1
762 930 1
763 782 1
763 784 1
764 985 1
765 779 1
765 816 1
765 887 1
766 940 1
767 843 1
767 951 1
767 952 1
768 775 1
768 902 1
768 937 1
768 1000 1
769 833 1
769 894 1
770 893 1
770 905 1
770 982 1
771 780 1
772 783 1
772 845 1
772 881 1
773 790 1
773 985 1
774 849 1
774 909 1
774 931 1
774 984 1
775 795 1
775 923 1
776 778 1
776 810 1
776 948 1
777 840 1
778 835 1
778 904 1
778 906 1
780 902 1
780 926 1
781 863 1
781 924 1
782 837 1
782 880 1
782 889 1
782 951 1
783 872 1
783 980 1
784 938 1
784 968 1
785 965 1
785 997 1
786 911 1
786 963 1
787 843 1
787 914 1
787 933 1
787 941 1
788 847 1
788 872 1
790 873 1
791 820 1
791 935 1
792 807 1
792 828 1
792 946 1
793 943 1
794 831 1
794 874 1
794 916 1
795 934 1
796 806 1
796 833 1
796 911 1
797 905 1
797 964 1
797 987 1
798 843 1
798 941 1
799 864 1
799 883 1
799 895 1
799 896 1
801 824 1
801 882 1
801 899 1
801 944 1
802 804 1
802 844 1
802 959 1
803 862 1
803 869 1
805 896 1
806 922 1
806 930 1
806 946 1
807 816 1
807 843 1
807 947 1
807 961 1
808 844 1
809 838 1
809 969 1
810 933 1
811 841 1
811 858 1
811 859 1
811 888 1
811 973 1
812 916 1
813 892 1
813 902 1
813 913 1
814 913 1
814 966 1
814 983 1
815 888 1
816 941 1
816 979 1
817 962 1
818 940 1
823 837 1
823 888 1
823 929 1
824 892 1
824 923 1
825 916 1
826 898 1
826 905 1
826 923 1
827 868 1
827 882 1
827 994 1
828 983 1
829 865 1
829 990 1
829 999 1
830 957 1
831 876 1
831 950 1
833 891 1
834 914 1
834 941 1
835 987 1
835 989 1
836 885 1
836 896 1
836 897 1
836 921 1
836 936 1
837 898 1
837 902 1
837 959 1
837 965 1
839 840 1
839 878 1
840 995 1
841 845 1
841 872 1
842 859 1
842 897 1
842 995 1
843 912 1
843 936 1
844 847 1
844 856 1
844 875 1
844 954 1
845 893 1
846 916 1
847 879 1
848 935 1
848 937 1
848 998 1
851 873 1
851 902 1
851 967 1
852 872 1
852 914 1
852 965 1
852 967 1
853 854 1
855 902 1
856 935 1
857 914 1
857 999 1
858 936 1
858 976 1
858 995 1
859 943 1
859 953 1
860 879 1
860 880 1
861 925 1
862 926 1
862 964 1
863 973 1
863 1000 1
864 891 1
864 928 1
865 915 1
867 937 1
868 871 1
870 880 1
870 908 1
873 934 1
873 982 1
875 879 1
876 898 1
879 986 1
880 929 1
880 972 1
883 903 1
883 946 1
884 995 1
885 896 1
885 965 1
885 984 1
887 912 1
888 896 1
888 929 1
888 997 1
889 996 1
890 1000 1
892 930 1
894 975 1
895 917 1
895 937 1
895 960 1
896 917 1
897 971 1
898 900 1
900 986 1
901 946 1
902 904 1
902 923 1
903 914 1
903 923 1
903 924 1
904 909 1
905 906 1
909 912 1
909 939 1
910 994 1
913 960 1
913 982 1
913 998 1
914 922 1
915 1000 1
919 953 1
919 965 1
920 976 1
921 944 1
921 964 1
922 964 1
923 932 1
923 990 1
926 942 1
926 972 1
928 981 1
930 983 1
938 999 1
940 950 1
941 988 1
942 954 1
942 980 1
943 956 1
944 991 1
946 1000 1
948 978 1
949 955 1
953 965 1
953 967 1
953 971 1
954 957 1
954 991 1
955 984 1
956 994 1
960 983 1
961 962 1
962 991 1
970 991 1
971 976 1
972 1000 1
975 980 1
978 990 1
980 995 1
981 996 1
983 994 1
985 993 1
989 990 1
