1000 3404
1 6 1
1 9 1
2 14 1
2 33 1
2 35 1
2 54 1
2 69 1
2 74 1
2 758 1
2 938 1
3 40 1
3 79 1
3 96 1
3 99 1
3 925 1
4 10 1
4 11 1
4 15 1
4 26 1
4 33 1
4 47 1
4 59 1
4 67 1
4 75 1
4 96 1
4 282 1
5 51 1
5 69 1
5 301 1
5 689 1
6 8 1
6 36 1
6 41 1
6 48 1
6 55 1
6 72 1
6 76 1
6 84 1
7 16 1
7 59 1
7 72 1
7 82 1
7 91 1
7 490 1
7 496 1
8 18 1
8 20 1
8 64 1
8 71 1
8 74 1
8 78 1
8 80 1
8 83 1
8 401 1
9 50 1
9 57 1
9 70 1
9 92 1
9 607 1
9 811 1
10 28 1
10 42 1
10 82 1
10 83 1
10 750 1
10 902 1
11 29 1
11 32 1
11 33 1
11 40 1
11 99 1
12 24 1
12 28 1
12 32 1
12 59 1
12 69 1
12 80 1
12 83 1
12 891 1
13 18 1
13 47 1
13 50 1
13 78 1
13 84 1
13 152 1
13 338 1
14 19 1
14 25 1
14 38 1
14 63 1
14 76 1
14 82 1
14 140 1
14 483 1
14 523 1
15 24 1
15 41 1
15 59 1
15 86 1
15 96 1
15 993 1
16 45 1
16 231 1
16 533 1
16 950 1
17 21 1
17 71 1
17 91 1
17 185 1
18 37 1
18 54 1
18 55 1
18 62 1
18 84 1
18 85 1
19 36 1
19 64 1
19 75 1
19 76 1
19 90 1
19 92 1
19 122 1
19 176 1
19 360 1
19 821 1
20 78 1
21 29 1
21 92 1
21 175 1
22 33 1
22 80 1
22 82 1
22 697 1
23 60 1
23 72 1
23 76 1
23 82 1
23 83 1
23 95 1
23 466 1
23 637 1
23 921 1
24 44 1
24 48 1
24 93 1
24 97 1
25 29 1
25 77 1
25 482 1
25 627 1
26 50 1
26 59 1
26 318 1
26 592 1
26 928 1
26 979 1
27 92 1
27 93 1
27 746 1
27 871 1
28 34 1
28 58 1
28 96 1
28 227 1
28 872 1
29 38 1
29 54 1
29 926 1
30 54 1
30 60 1
30 65 1
30 66 1
30 74 1
30 211 1
30 377 1
30 927 1
30 959 1
31 46 1
31 82 1
31 99 1
31 270 1
31 944 1
32 58 1
32 77 1
32 83 1
32 488 1
32 816 1
32 832 1
32 951 1
33 35 1
33 36 1
33 43 1
33 58 1
33 60 1
33 88 1
33 96 1
33 461 1
34 58 1
34 79 1
34 89 1
34 633 1
34 900 1
35 85 1
35 100 1
35 229 1
35 510 1
35 971 1
36 52 1
36 303 1
37 49 1
37 71 1
37 76 1
37 85 1
37 93 1
38 70 1
38 73 1
38 195 1
38 960 1
39 52 1
39 75 1
39 83 1
39 87 1
39 99 1
39 677 1
39 826 1
40 52 1
40 54 1
40 61 1
40 65 1
40 93 1
41 63 1
41 65 1
41 69 1
41 83 1
41 90 1
42 71 1
42 78 1
42 99 1
42 509 1
43 62 1
43 98 1
44 76 1
44 79 1
44 95 1
44 939 1
45 72 1
45 74 1
45 88 1
45 90 1
45 441 1
45 460 1
46 116 1
46 591 1
47 67 1
47 256 1
47 688 1
48 60 1
48 71 1
49 57 1
49 88 1
49 97 1
49 560 1
50 52 1
50 79 1
50 83 1
50 492 1
50 914 1
50 915 1
51 60 1
51 97 1
51 682 1
52 57 1
52 62 1
52 70 1
52 74 1
52 88 1
52 356 1
52 619 1
52 773 1
52 870 1
53 75 1
53 85 1
53 95 1
53 672 1
53 924 1
55 65 1
55 86 1
55 133 1
55 237 1
55 524 1
56 376 1
57 90 1
57 95 1
57 279 1
58 59 1
58 85 1
58 88 1
58 608 1
58 651 1
58 697 1
59 66 1
59 92 1
60 62 1
60 90 1
60 92 1
60 94 1
60 515 1
61 81 1
61 82 1
61 304 1
61 750 1
62 98 1
62 337 1
62 538 1
63 70 1
63 82 1
63 85 1
63 90 1
63 95 1
64 66 1
64 69 1
64 90 1
64 272 1
65 68 1
65 187 1
65 657 1
66 79 1
66 409 1
66 707 1
66 763 1
66 937 1
67 76 1
67 85 1
67 96 1
67 218 1
67 307 1
67 592 1
68 95 1
69 92 1
69 143 1
69 546 1
69 591 1
70 93 1
70 95 1
70 632 1
71 76 1
71 92 1
71 589 1
72 93 1
72 956 1
73 303 1
74 78 1
74 926 1
75 85 1
75 97 1
76 88 1
76 585 1
77 175 1
78 85 1
78 468 1
79 126 1
80 82 1
80 305 1
81 85 1
81 90 1
81 97 1
81 98 1
81 205 1
81 572 1
82 496 1
82 909 1
82 978 1
83 84 1
83 91 1
85 88 1
85 711 1
87 100 1
87 398 1
87 478 1
87 553 1
87 795 1
88 470 1
88 527 1
88 642 1
89 100 1
89 210 1
90 659 1
90 724 1
90 980 1
90 997 1
91 540 1
91 625 1
91 967 1
92 94 1
92 485 1
92 805 1
94 100 1
94 942 1
95 200 1
95 601 1
95 922 1
97 275 1
97 694 1
97 765 1
97 882 1
98 900 1
99 373 1
99 601 1
100 452 1
101 108 1
101 110 1
101 129 1
101 179 1
101 260 1
102 118 1
102 195 1
102 766 1
103 135 1
103 176 1
103 179 1
103 183 1
103 184 1
103 218 1
103 277 1
103 435 1
104 137 1
104 140 1
104 142 1
104 158 1
104 180 1
104 188 1
104 211 1
104 771 1
104 995 1
105 107 1
105 113 1
105 133 1
105 141 1
105 144 1
105 159 1
105 181 1
105 182 1
105 194 1
105 216 1
105 343 1
106 111 1
106 124 1
106 129 1
106 134 1
106 137 1
106 143 1
106 320 1
107 157 1
107 166 1
107 170 1
107 200 1
107 612 1
107 846 1
108 109 1
108 111 1
108 126 1
108 133 1
108 167 1
108 185 1
108 239 1
108 712 1
109 127 1
109 138 1
109 141 1
109 149 1
109 150 1
109 179 1
109 185 1
109 219 1
109 846 1
110 113 1
110 114 1
110 143 1
110 181 1
110 196 1
110 209 1
110 881 1
111 115 1
111 123 1
111 152 1
111 159 1
111 165 1
111 196 1
112 143 1
112 200 1
113 117 1
113 126 1
113 154 1
113 167 1
113 177 1
113 298 1
114 133 1
114 147 1
114 173 1
114 191 1
114 937 1
115 190 1
115 194 1
115 200 1
116 122 1
116 154 1
116 169 1
116 195 1
116 199 1
116 469 1
116 497 1
116 579 1
117 141 1
117 149 1
117 173 1
117 200 1
117 665 1
117 698 1
118 128 1
118 147 1
118 152 1
118 196 1
118 859 1
119 137 1
119 179 1
119 187 1
119 723 1
120 144 1
120 175 1
120 464 1
120 638 1
120 753 1
120 889 1
121 128 1
121 132 1
121 151 1
121 167 1
121 194 1
121 400 1
121 550 1
122 148 1
122 171 1
122 555 1
122 908 1
123 144 1
123 743 1
124 132 1
124 143 1
124 158 1
124 183 1
124 688 1
124 951 1
125 138 1
125 153 1
125 165 1
125 173 1
125 175 1
125 177 1
125 186 1
125 520 1
125 743 1
126 185 1
126 448 1
127 130 1
127 161 1
127 168 1
127 192 1
127 197 1
127 761 1
128 152 1
128 176 1
128 177 1
128 184 1
128 200 1
128 245 1
128 452 1
129 144 1
129 155 1
130 151 1
130 198 1
131 189 1
131 424 1
132 135 1
132 149 1
132 153 1
132 157 1
132 164 1
132 174 1
132 180 1
132 197 1
132 198 1
132 314 1
132 840 1
132 940 1
133 135 1
133 191 1
133 488 1
133 576 1
134 138 1
134 139 1
134 179 1
134 185 1
134 193 1
134 641 1
135 167 1
135 179 1
135 365 1
135 593 1
135 781 1
136 152 1
136 159 1
136 196 1
136 200 1
136 665 1
137 159 1
137 183 1
137 188 1
137 347 1
137 447 1
137 520 1
137 593 1
138 194 1
138 200 1
138 605 1
138 832 1
138 844 1
139 140 1
139 150 1
139 175 1
139 195 1
139 544 1
140 147 1
140 165 1
140 170 1
140 185 1
140 193 1
140 194 1
140 198 1
140 499 1
140 688 1
140 977 1
141 163 1
141 192 1
141 353 1
141 431 1
141 610 1
142 148 1
142 156 1
142 162 1
142 195 1
142 481 1
142 594 1
142 993 1
143 149 1
143 171 1
143 673 1
143 757 1
143 961 1
144 145 1
144 152 1
144 159 1
144 165 1
144 455 1
144 475 1
144 586 1
144 922 1
145 173 1
146 152 1
146 162 1
146 166 1
146 187 1
146 216 1
146 461 1
146 742 1
147 186 1
147 685 1
147 972 1
148 150 1
148 366 1
148 455 1
149 184 1
149 775 1
149 896 1
150 194 1
151 156 1
151 158 1
151 183 1
151 184 1
151 263 1
151 878 1
152 173 1
152 197 1
152 593 1
153 186 1
154 167 1
154 180 1
154 181 1
154 191 1
155 175 1
155 177 1
155 193 1
156 163 1
156 175 1
156 757 1
156 865 1
157 188 1
157 200 1
157 232 1
157 952 1
159 162 1
159 163 1
159 187 1
159 197 1
159 472 1
159 583 1
160 174 1
160 188 1
160 197 1
160 688 1
161 184 1
161 719 1
162 196 1
162 259 1
162 528 1
162 700 1
162 735 1
162 875 1
163 164 1
163 170 1
163 194 1
163 283 1
163 481 1
163 585 1
164 198 1
165 188 1
165 199 1
165 305 1
165 554 1
166 182 1
166 192 1
166 199 1
166 330 1
166 827 1
167 196 1
168 175 1
168 177 1
168 393 1
169 183 1
169 184 1
169 385 1
170 189 1
170 192 1
172 196 1
172 964 1
173 184 1
173 704 1
173 868 1
174 177 1
174 195 1
174 304 1
175 194 1
175 233 1
175 567 1
175 929 1
176 186 1
177 677 1
178 198 1
178 199 1
178 382 1
179 453 1
179 704 1
179 950 1
180 218 1
180 649 1
180 910 1
181 197 1
181 628 1
182 539 1
183 199 1
183 200 1
183 260 1
183 266 1
184 331 1
184 633 1
185 814 1
186 187 1
186 945 1
187 189 1
187 197 1
187 684 1
188 415 1
190 195 1
190 249 1
190 253 1
190 322 1
190 400 1
190 747 1
191 200 1
192 888 1
193 247 1
193 298 1
193 579 1
194 386 1
195 575 1
195 807 1
196 258 1
196 584 1
196 844 1
196 986 1
197 393 1
197 990 1
198 199 1
200 609 1
200 656 1
201 220 1
201 298 1
201 467 1
201 633 1
201 758 1
201 801 1
202 210 1
202 259 1
202 777 1
203 245 1
203 293 1
203 649 1
204 208 1
204 213 1
204 218 1
204 220 1
204 221 1
204 225 1
204 261 1
204 273 1
204 293 1
205 219 1
205 220 1
205 225 1
205 253 1
205 291 1
205 294 1
206 233 1
206 253 1
206 287 1
206 726 1
207 210 1
207 224 1
207 236 1
207 237 1
207 246 1
207 253 1
207 254 1
207 273 1
207 763 1
208 229 1
208 233 1
208 240 1
208 418 1
208 465 1
208 548 1
209 275 1
209 547 1
209 583 1
209 818 1
209 910 1
210 246 1
211 221 1
211 224 1
211 231 1
211 534 1
212 213 1
212 220 1
212 274 1
213 224 1
213 232 1
213 251 1
213 256 1
213 288 1
213 291 1
213 292 1
213 293 1
213 954 1
214 222 1
214 249 1
214 264 1
214 288 1
215 239 1
215 270 1
215 288 1
215 367 1
216 223 1
216 233 1
216 252 1
216 265 1
216 294 1
216 525 1
216 623 1
217 226 1
217 233 1
217 989 1
218 223 1
218 229 1
218 230 1
218 237 1
218 251 1
218 259 1
218 288 1
218 291 1
218 300 1
218 419 1
219 228 1
219 238 1
219 291 1
219 510 1
219 607 1
220 245 1
220 266 1
220 280 1
220 286 1
220 474 1
220 609 1
221 231 1
221 279 1
221 283 1
221 296 1
221 811 1
222 228 1
222 247 1
222 276 1
222 280 1
222 288 1
222 387 1
222 456 1
222 766 1
223 254 1
223 260 1
223 261 1
223 263 1
223 265 1
223 279 1
223 285 1
223 300 1
223 866 1
223 973 1
224 231 1
224 250 1
224 264 1
224 270 1
224 272 1
225 235 1
225 262 1
225 268 1
225 290 1
225 296 1
225 297 1
225 298 1
225 376 1
225 565 1
226 227 1
226 232 1
227 233 1
227 234 1
227 245 1
227 281 1
227 297 1
227 437 1
227 452 1
228 299 1
229 256 1
229 260 1
229 282 1
229 283 1
229 294 1
229 299 1
229 436 1
229 495 1
229 668 1
230 239 1
230 241 1
230 248 1
230 249 1
230 257 1
230 264 1
230 298 1
230 961 1
231 240 1
231 269 1
231 288 1
231 294 1
231 331 1
231 526 1
231 651 1
231 886 1
231 956 1
232 255 1
232 273 1
232 285 1
233 234 1
233 270 1
233 294 1
233 362 1
234 246 1
234 250 1
234 276 1
234 281 1
234 936 1
235 261 1
235 267 1
235 277 1
235 949 1
236 237 1
236 246 1
236 291 1
236 602 1
236 1000 1
237 251 1
237 261 1
237 282 1
237 294 1
238 264 1
238 713 1
239 256 1
239 283 1
239 297 1
239 729 1
239 974 1
240 285 1
240 287 1
240 775 1
241 266 1
241 276 1
241 279 1
241 289 1
241 300 1
242 251 1
242 285 1
242 528 1
244 257 1
244 280 1
245 276 1
245 278 1
245 286 1
245 289 1
245 297 1
245 393 1
245 891 1
246 251 1
246 254 1
246 262 1
246 275 1
246 323 1
246 409 1
246 477 1
247 803 1
247 995 1
248 250 1
248 264 1
248 290 1
249 269 1
249 277 1
250 258 1
250 271 1
250 274 1
250 282 1
250 291 1
250 471 1
250 496 1
251 280 1
251 412 1
251 600 1
251 849 1
252 257 1
252 268 1
252 271 1
252 280 1
252 290 1
252 293 1
253 266 1
253 285 1
253 289 1
253 322 1
253 475 1
254 294 1
254 835 1
255 276 1
255 297 1
255 449 1
256 298 1
256 684 1
256 689 1
257 284 1
257 289 1
257 476 1
257 739 1
258 296 1
258 487 1
258 513 1
258 720 1
259 481 1
259 982 1
260 267 1
260 274 1
260 277 1
260 278 1
260 721 1
260 926 1
261 280 1
261 971 1
262 276 1
262 289 1
262 574 1
263 290 1
263 293 1
263 355 1
263 906 1
264 288 1
264 379 1
264 507 1
264 593 1
264 927 1
266 269 1
266 291 1
266 327 1
266 863 1
267 276 1
267 284 1
267 688 1
267 919 1
268 293 1
268 677 1
268 971 1
269 270 1
269 288 1
269 984 1
270 295 1
270 338 1
270 583 1
270 709 1
270 912 1
271 284 1
271 286 1
272 746 1
273 283 1
273 287 1
273 294 1
273 298 1
273 845 1
274 288 1
274 298 1
275 276 1
275 277 1
275 285 1
275 288 1
275 341 1
276 285 1
276 721 1
277 293 1
277 344 1
277 469 1
277 484 1
278 419 1
278 510 1
279 296 1
279 319 1
279 856 1
280 296 1
280 302 1
280 403 1
281 297 1
281 564 1
281 573 1
281 664 1
282 286 1
282 721 1
282 773 1
283 286 1
283 714 1
284 297 1
284 750 1
285 287 1
285 296 1
285 300 1
285 449 1
286 294 1
286 629 1
286 699 1
286 877 1
287 411 1
287 592 1
288 425 1
289 516 1
290 296 1
290 327 1
290 630 1
291 705 1
291 810 1
292 295 1
292 753 1
292 1000 1
293 385 1
293 760 1
294 766 1
295 297 1
295 351 1
296 635 1
296 978 1
297 557 1
298 361 1
298 426 1
299 476 1
299 538 1
300 638 1
300 993 1
301 320 1
301 326 1
301 340 1
301 682 1
302 311 1
302 391 1
302 397 1
303 322 1
303 343 1
303 346 1
303 378 1
303 394 1
303 400 1
303 610 1
303 712 1
303 934 1
303 966 1
303 995 1
304 306 1
304 324 1
304 329 1
304 355 1
304 357 1
304 599 1
304 978 1
305 386 1
305 392 1
305 692 1
305 905 1
306 332 1
306 338 1
306 372 1
306 382 1
306 407 1
306 659 1
306 729 1
306 814 1
307 320 1
307 334 1
307 348 1
307 398 1
307 521 1
307 572 1
308 314 1
308 316 1
308 343 1
308 350 1
308 367 1
308 524 1
308 526 1
308 546 1
308 961 1
309 313 1
309 323 1
309 327 1
309 333 1
309 334 1
309 341 1
309 349 1
310 329 1
310 378 1
310 782 1
310 785 1
311 316 1
311 324 1
311 333 1
311 359 1
311 381 1
311 386 1
312 316 1
312 317 1
312 318 1
312 359 1
312 373 1
312 374 1
313 318 1
313 325 1
313 380 1
313 383 1
313 396 1
314 341 1
314 377 1
314 382 1
314 392 1
314 397 1
314 398 1
315 370 1
315 375 1
315 381 1
315 383 1
315 393 1
315 694 1
316 335 1
316 344 1
316 350 1
316 377 1
316 387 1
316 400 1
316 786 1
317 322 1
317 325 1
317 326 1
317 352 1
317 543 1
317 643 1
317 847 1
318 361 1
318 375 1
318 381 1
318 399 1
318 531 1
319 335 1
319 350 1
319 389 1
320 324 1
320 352 1
320 383 1
320 630 1
320 919 1
320 935 1
321 336 1
321 381 1
321 423 1
322 329 1
322 333 1
322 373 1
323 342 1
323 343 1
323 350 1
323 356 1
323 375 1
323 387 1
323 389 1
323 535 1
324 358 1
324 391 1
324 393 1
324 436 1
324 762 1
324 951 1
325 372 1
325 373 1
325 410 1
325 788 1
326 341 1
326 345 1
326 348 1
326 375 1
326 376 1
326 394 1
326 398 1
326 520 1
327 330 1
327 331 1
327 348 1
327 399 1
328 335 1
328 343 1
328 344 1
328 359 1
328 363 1
328 374 1
328 386 1
328 762 1
329 331 1
329 336 1
329 356 1
329 359 1
329 387 1
329 395 1
329 570 1
329 761 1
330 349 1
330 385 1
330 813 1
331 367 1
331 374 1
332 340 1
332 795 1
333 338 1
333 363 1
333 388 1
333 395 1
333 702 1
333 865 1
334 349 1
334 367 1
334 374 1
334 912 1
335 342 1
335 361 1
335 377 1
335 379 1
335 392 1
335 396 1
335 399 1
335 697 1
335 890 1
335 922 1
336 347 1
336 356 1
337 354 1
337 367 1
337 370 1
337 387 1
338 358 1
338 362 1
338 381 1
338 396 1
338 400 1
338 475 1
339 363 1
339 372 1
339 392 1
339 393 1
339 856 1
340 348 1
340 387 1
340 921 1
341 353 1
341 357 1
341 376 1
341 726 1
342 355 1
342 368 1
342 387 1
342 396 1
343 353 1
343 386 1
343 393 1
343 468 1
343 701 1
343 703 1
343 919 1
344 372 1
344 384 1
344 925 1
345 350 1
345 384 1
345 387 1
345 413 1
346 360 1
346 387 1
346 608 1
347 349 1
347 368 1
347 567 1
347 806 1
347 937 1
347 952 1
348 353 1
348 379 1
348 898 1
349 363 1
349 366 1
349 370 1
349 371 1
349 379 1
350 364 1
350 376 1
350 817 1
351 354 1
351 369 1
351 379 1
351 389 1
352 380 1
353 360 1
353 363 1
353 364 1
353 372 1
354 378 1
355 381 1
355 384 1
355 388 1
355 490 1
355 836 1
355 841 1
355 973 1
355 978 1
356 379 1
356 381 1
356 940 1
357 360 1
357 372 1
357 705 1
358 371 1
358 389 1
358 867 1
358 968 1
359 361 1
359 362 1
359 814 1
360 400 1
360 447 1
360 839 1
361 373 1
361 400 1
362 369 1
362 372 1
362 391 1
362 397 1
362 850 1
363 389 1
363 916 1
364 366 1
364 555 1
365 372 1
365 373 1
365 378 1
365 399 1
365 459 1
366 883 1
367 368 1
367 371 1
367 396 1
367 689 1
368 891 1
368 978 1
369 375 1
369 389 1
370 376 1
370 399 1
371 433 1
371 508 1
372 585 1
372 698 1
373 397 1
373 499 1
374 394 1
374 884 1
375 376 1
375 378 1
375 490 1
375 511 1
375 829 1
375 943 1
375 970 1
376 386 1
376 392 1
376 485 1
377 398 1
377 415 1
377 811 1
378 394 1
378 540 1
379 390 1
379 392 1
379 393 1
379 399 1
379 837 1
380 719 1
380 901 1
381 385 1
382 393 1
382 596 1
382 636 1
382 721 1
383 393 1
383 605 1
384 385 1
384 389 1
384 391 1
384 440 1
384 479 1
384 601 1
385 618 1
385 809 1
385 870 1
386 571 1
387 818 1
388 675 1
389 952 1
390 450 1
390 632 1
390 736 1
391 862 1
392 522 1
392 610 1
392 679 1
393 398 1
393 416 1
395 397 1
395 525 1
395 817 1
395 855 1
397 530 1
397 684 1
397 806 1
397 870 1
398 456 1
398 574 1
399 643 1
401 421 1
401 440 1
401 448 1
401 449 1
401 462 1
401 484 1
401 494 1
401 496 1
401 499 1
402 406 1
402 425 1
402 449 1
402 501 1
403 412 1
403 443 1
403 499 1
404 433 1
404 444 1
404 453 1
404 455 1
404 474 1
404 485 1
404 810 1
405 421 1
405 422 1
405 436 1
405 465 1
405 480 1
405 482 1
405 492 1
405 547 1
405 976 1
406 415 1
406 424 1
406 440 1
406 498 1
406 730 1
407 435 1
407 478 1
407 485 1
408 413 1
408 417 1
408 423 1
408 426 1
408 440 1
408 468 1
408 727 1
409 425 1
409 429 1
409 487 1
409 491 1
409 496 1
409 819 1
410 413 1
410 443 1
410 446 1
410 458 1
410 498 1
411 417 1
411 433 1
411 434 1
411 437 1
412 462 1
412 938 1
413 432 1
413 441 1
413 456 1
413 464 1
413 489 1
414 468 1
414 491 1
414 499 1
414 500 1
415 416 1
415 418 1
415 446 1
415 449 1
415 455 1
415 849 1
415 882 1
416 423 1
416 443 1
416 455 1
416 477 1
417 419 1
417 423 1
417 434 1
417 458 1
417 462 1
417 464 1
417 494 1
417 902 1
418 498 1
418 558 1
418 936 1
419 455 1
419 477 1
419 817 1
420 441 1
420 442 1
420 453 1
420 462 1
420 463 1
420 473 1
420 480 1
420 729 1
420 743 1
421 433 1
421 482 1
421 759 1
422 428 1
422 445 1
422 450 1
422 457 1
422 478 1
422 492 1
423 772 1
423 840 1
423 893 1
424 432 1
424 714 1
425 442 1
425 447 1
425 461 1
425 467 1
425 471 1
425 573 1
426 457 1
426 458 1
426 471 1
426 887 1
426 926 1
427 441 1
427 446 1
427 454 1
428 450 1
428 472 1
428 486 1
428 849 1
429 433 1
429 449 1
429 462 1
429 476 1
429 488 1
429 495 1
430 433 1
430 471 1
430 473 1
430 777 1
431 465 1
431 478 1
431 504 1
431 790 1
431 812 1
432 484 1
432 498 1
432 949 1
433 459 1
433 475 1
433 488 1
433 494 1
433 671 1
433 844 1
434 441 1
435 436 1
435 459 1
435 471 1
435 480 1
435 868 1
436 456 1
436 457 1
436 754 1
436 812 1
437 446 1
437 454 1
437 462 1
437 486 1
437 498 1
437 772 1
438 464 1
438 475 1
438 483 1
438 492 1
438 627 1
438 756 1
439 487 1
439 579 1
439 889 1
440 444 1
440 454 1
440 457 1
440 478 1
440 746 1
440 793 1
441 457 1
442 464 1
442 469 1
442 492 1
442 498 1
443 469 1
443 476 1
443 495 1
443 820 1
444 938 1
445 447 1
445 451 1
445 455 1
445 478 1
445 490 1
445 500 1
446 472 1
446 482 1
447 639 1
447 889 1
448 461 1
448 467 1
448 484 1
448 486 1
448 497 1
448 623 1
448 737 1
448 942 1
449 470 1
449 472 1
449 484 1
449 884 1
450 454 1
450 456 1
450 484 1
450 717 1
450 786 1
451 480 1
451 487 1
451 978 1
452 464 1
452 478 1
452 479 1
452 492 1
452 493 1
452 494 1
452 663 1
452 723 1
453 480 1
453 566 1
453 903 1
454 476 1
454 478 1
454 492 1
454 493 1
454 556 1
454 703 1
454 909 1
455 465 1
455 467 1
455 477 1
455 559 1
456 467 1
456 475 1
456 489 1
456 734 1
457 494 1
457 695 1
457 956 1
458 475 1
458 867 1
459 465 1
459 468 1
459 492 1
459 707 1
460 465 1
460 473 1
460 785 1
461 476 1
461 496 1
461 823 1
462 491 1
462 495 1
462 953 1
463 469 1
463 492 1
464 472 1
465 474 1
465 477 1
465 494 1
466 472 1
466 866 1
467 871 1
468 476 1
468 785 1
469 480 1
469 771 1
469 973 1
470 480 1
470 749 1
470 770 1
471 474 1
471 490 1
472 492 1
472 705 1
473 490 1
473 544 1
473 831 1
473 939 1
474 484 1
474 485 1
474 868 1
475 482 1
475 678 1
477 479 1
477 497 1
478 488 1
478 495 1
479 484 1
479 485 1
479 545 1
479 586 1
480 485 1
480 487 1
480 488 1
480 702 1
480 840 1
481 487 1
481 830 1
482 487 1
482 499 1
482 741 1
483 791 1
484 545 1
485 494 1
486 495 1
486 497 1
487 493 1
487 500 1
489 531 1
489 858 1
490 555 1
490 814 1
491 600 1
492 498 1
492 903 1
495 587 1
495 662 1
495 814 1
495 913 1
496 935 1
497 614 1
497 642 1
499 517 1
500 973 1
501 519 1
501 530 1
501 548 1
501 585 1
501 728 1
502 547 1
502 560 1
502 573 1
502 585 1
503 514 1
503 530 1
503 566 1
503 573 1
503 578 1
503 594 1
503 933 1
504 508 1
504 527 1
504 529 1
504 531 1
504 554 1
504 678 1
504 746 1
505 507 1
505 537 1
505 539 1
505 540 1
505 561 1
505 565 1
505 586 1
505 593 1
505 979 1
506 568 1
506 573 1
506 579 1
506 587 1
507 529 1
507 542 1
507 543 1
507 553 1
508 521 1
508 527 1
508 538 1
508 548 1
508 557 1
508 572 1
508 584 1
508 797 1
508 982 1
509 530 1
509 578 1
509 748 1
509 876 1
510 533 1
510 542 1
510 571 1
510 592 1
511 518 1
511 541 1
511 557 1
511 567 1
511 854 1
512 528 1
512 547 1
512 554 1
512 571 1
512 577 1
512 589 1
512 728 1
513 538 1
513 546 1
513 557 1
513 570 1
513 574 1
513 588 1
513 925 1
514 545 1
514 571 1
514 589 1
515 526 1
515 540 1
515 555 1
515 562 1
515 605 1
515 724 1
515 940 1
516 518 1
516 524 1
516 525 1
516 536 1
516 565 1
516 569 1
516 639 1
516 893 1
517 569 1
518 538 1
518 548 1
518 553 1
518 591 1
518 599 1
518 761 1
518 978 1
519 533 1
519 535 1
519 544 1
519 558 1
519 562 1
519 574 1
519 592 1
519 596 1
519 916 1
520 555 1
520 556 1
520 572 1
520 576 1
520 588 1
520 855 1
521 528 1
521 596 1
521 928 1
522 536 1
522 571 1
522 578 1
522 598 1
522 917 1
523 581 1
523 602 1
524 552 1
524 557 1
524 560 1
525 531 1
525 542 1
525 550 1
527 532 1
527 598 1
528 535 1
528 569 1
528 588 1
528 597 1
529 542 1
529 582 1
529 746 1
529 893 1
530 554 1
530 566 1
531 541 1
531 559 1
531 566 1
531 570 1
531 590 1
531 595 1
531 758 1
532 567 1
532 593 1
532 854 1
532 999 1
533 566 1
533 575 1
533 591 1
533 761 1
533 764 1
534 536 1
534 552 1
534 553 1
534 576 1
534 938 1
534 976 1
535 542 1
535 582 1
535 895 1
536 553 1
536 580 1
537 545 1
537 584 1
537 592 1
538 545 1
538 560 1
538 582 1
538 587 1
538 591 1
539 545 1
539 546 1
539 584 1
539 589 1
539 599 1
539 713 1
539 972 1
540 544 1
540 589 1
541 574 1
541 578 1
542 554 1
542 583 1
542 683 1
542 966 1
543 567 1
543 570 1
543 969 1
544 549 1
544 595 1
544 825 1
545 553 1
545 578 1
546 775 1
547 559 1
547 921 1
548 561 1
548 595 1
549 573 1
549 582 1
550 552 1
550 555 1
550 557 1
550 567 1
550 584 1
551 562 1
551 585 1
552 572 1
552 588 1
553 571 1
554 566 1
554 569 1
554 598 1
554 847 1
555 574 1
555 671 1
556 563 1
556 569 1
557 582 1
557 583 1
557 735 1
558 587 1
558 855 1
559 598 1
560 593 1
560 774 1
561 583 1
561 598 1
562 567 1
562 582 1
562 598 1
562 746 1
562 889 1
562 993 1
563 579 1
563 659 1
563 745 1
563 765 1
563 918 1
564 593 1
564 714 1
564 875 1
565 568 1
565 595 1
565 863 1
566 573 1
566 854 1
567 569 1
567 572 1
567 586 1
568 581 1
568 586 1
569 593 1
570 573 1
570 863 1
571 588 1
572 587 1
573 582 1
573 657 1
574 591 1
574 594 1
574 802 1
575 579 1
575 591 1
576 589 1
576 598 1
576 600 1
576 601 1
576 802 1
576 837 1
577 595 1
577 599 1
577 967 1
578 590 1
579 884 1
580 590 1
580 825 1
581 582 1
581 596 1
581 717 1
582 648 1
583 797 1
584 987 1
584 1000 1
587 786 1
588 589 1
588 592 1
589 598 1
589 599 1
590 595 1
594 598 1
595 885 1
596 834 1
596 1000 1
601 606 1
601 635 1
601 637 1
601 667 1
601 898 1
602 603 1
602 607 1
602 615 1
602 627 1
603 604 1
603 626 1
603 643 1
603 683 1
603 688 1
603 690 1
604 607 1
604 640 1
604 643 1
604 652 1
604 655 1
604 966 1
605 610 1
605 646 1
605 669 1
605 691 1
605 692 1
605 951 1
606 651 1
606 668 1
606 680 1
606 689 1
606 936 1
607 626 1
607 649 1
607 653 1
608 644 1
608 654 1
609 625 1
609 627 1
609 642 1
609 646 1
609 667 1
610 613 1
610 630 1
610 632 1
610 665 1
610 690 1
610 693 1
611 620 1
611 632 1
611 641 1
611 832 1
612 623 1
612 643 1
612 649 1
612 669 1
612 676 1
613 614 1
613 658 1
613 687 1
614 624 1
614 648 1
614 693 1
614 758 1
615 617 1
615 649 1
615 662 1
616 640 1
616 646 1
616 819 1
616 933 1
617 752 1
618 620 1
618 671 1
619 647 1
619 655 1
619 669 1
619 675 1
619 677 1
619 775 1
620 652 1
620 662 1
620 664 1
621 628 1
621 631 1
621 639 1
621 647 1
621 661 1
621 680 1
621 694 1
621 764 1
622 657 1
622 658 1
622 663 1
622 938 1
623 624 1
623 650 1
623 656 1
623 657 1
623 667 1
624 654 1
624 662 1
625 655 1
625 852 1
626 668 1
626 923 1
627 646 1
627 674 1
627 698 1
627 699 1
628 636 1
628 647 1
628 658 1
628 687 1
629 638 1
629 644 1
629 662 1
629 666 1
629 695 1
629 886 1
629 891 1
629 991 1
630 665 1
630 668 1
630 698 1
630 778 1
630 997 1
631 642 1
631 660 1
631 687 1
631 689 1
631 698 1
631 699 1
631 819 1
631 993 1
632 691 1
632 697 1
632 817 1
632 826 1
632 896 1
633 635 1
633 643 1
633 656 1
633 684 1
634 650 1
634 658 1
634 682 1
634 687 1
634 695 1
634 699 1
634 810 1
635 684 1
635 835 1
635 905 1
636 675 1
636 688 1
637 665 1
637 668 1
637 680 1
637 799 1
638 700 1
639 652 1
639 678 1
639 684 1
639 749 1
640 661 1
640 939 1
641 645 1
641 667 1
641 692 1
642 651 1
642 678 1
642 688 1
643 656 1
643 667 1
643 686 1
643 687 1
643 691 1
644 676 1
644 700 1
644 895 1
645 694 1
645 722 1
646 694 1
647 652 1
647 680 1
647 686 1
647 696 1
648 662 1
648 664 1
648 669 1
648 672 1
648 686 1
648 768 1
648 820 1
649 678 1
649 691 1
650 672 1
650 681 1
651 652 1
651 663 1
651 681 1
651 686 1
651 948 1
652 683 1
652 690 1
652 696 1
652 699 1
652 812 1
653 656 1
653 658 1
653 664 1
653 666 1
653 692 1
653 873 1
654 681 1
654 683 1
654 690 1
654 730 1
654 982 1
655 674 1
655 779 1
655 926 1
656 658 1
656 667 1
656 676 1
656 693 1
656 695 1
656 922 1
657 685 1
657 692 1
657 772 1
658 674 1
658 675 1
658 913 1
659 662 1
659 790 1
660 664 1
660 668 1
660 670 1
660 671 1
660 689 1
660 718 1
661 683 1
661 998 1
662 663 1
662 665 1
662 672 1
662 673 1
663 674 1
663 697 1
663 702 1
663 1000 1
664 697 1
667 696 1
667 834 1
668 672 1
668 677 1
668 700 1
668 980 1
669 699 1
670 679 1
670 692 1
671 795 1
672 673 1
672 933 1
672 972 1
673 691 1
674 685 1
674 691 1
675 687 1
676 678 1
676 689 1
676 697 1
676 846 1
677 679 1
677 697 1
677 836 1
677 950 1
678 680 1
679 725 1
680 698 1
681 698 1
681 902 1
682 695 1
682 699 1
683 685 1
683 858 1
685 908 1
690 692 1
691 959 1
692 705 1
697 698 1
698 944 1
699 818 1
699 949 1
700 777 1
701 707 1
701 753 1
701 759 1
701 762 1
701 765 1
702 708 1
702 714 1
702 768 1
702 792 1
702 793 1
702 797 1
702 992 1
703 704 1
703 721 1
703 750 1
703 758 1
703 777 1
705 710 1
705 732 1
705 737 1
705 743 1
705 766 1
706 711 1
706 734 1
706 752 1
706 792 1
706 904 1
706 958 1
707 708 1
707 712 1
707 740 1
707 752 1
707 774 1
707 797 1
708 762 1
708 875 1
709 740 1
709 744 1
709 748 1
709 757 1
709 765 1
709 768 1
709 777 1
710 737 1
710 738 1
710 739 1
710 781 1
710 787 1
710 881 1
711 714 1
711 726 1
711 735 1
711 742 1
711 775 1
711 788 1
711 794 1
712 781 1
713 721 1
713 732 1
713 736 1
713 740 1
713 742 1
713 754 1
713 768 1
713 772 1
713 799 1
714 716 1
714 722 1
714 733 1
714 760 1
714 763 1
714 766 1
714 782 1
714 847 1
714 861 1
715 720 1
715 739 1
715 757 1
715 774 1
715 798 1
715 881 1
716 721 1
716 758 1
716 762 1
716 779 1
716 786 1
716 787 1
716 790 1
717 730 1
717 759 1
717 761 1
717 776 1
718 719 1
718 748 1
718 778 1
719 720 1
719 747 1
719 763 1
719 778 1
720 726 1
720 731 1
720 796 1
721 727 1
721 741 1
721 761 1
721 767 1
721 790 1
722 734 1
722 758 1
722 766 1
723 748 1
723 757 1
723 788 1
724 741 1
724 761 1
724 795 1
725 744 1
725 762 1
725 783 1
725 926 1
726 737 1
726 738 1
726 747 1
726 753 1
726 758 1
726 759 1
726 769 1
726 771 1
726 774 1
726 775 1
726 783 1
726 850 1
727 728 1
727 745 1
727 760 1
727 771 1
727 800 1
728 751 1
728 754 1
728 778 1
728 795 1
729 730 1
729 733 1
729 767 1
729 769 1
729 781 1
729 894 1
730 742 1
730 769 1
730 771 1
730 792 1
730 869 1
731 758 1
731 781 1
731 795 1
732 755 1
732 782 1
732 789 1
733 741 1
733 762 1
733 781 1
733 792 1
733 795 1
733 826 1
734 749 1
734 798 1
735 750 1
735 753 1
735 776 1
735 785 1
735 787 1
736 738 1
736 753 1
736 755 1
736 784 1
736 791 1
737 780 1
738 752 1
738 770 1
738 781 1
738 798 1
739 775 1
739 777 1
739 784 1
739 789 1
739 933 1
740 779 1
740 784 1
740 789 1
740 795 1
740 797 1
740 798 1
741 743 1
741 918 1
741 955 1
742 745 1
742 749 1
742 753 1
742 781 1
742 793 1
742 798 1
742 800 1
743 759 1
744 759 1
744 771 1
744 793 1
744 797 1
745 820 1
745 986 1
746 762 1
746 770 1
746 777 1
746 782 1
747 753 1
747 754 1
747 775 1
747 792 1
748 766 1
748 780 1
748 986 1
749 765 1
750 758 1
750 765 1
750 790 1
750 887 1
751 772 1
751 773 1
751 778 1
751 789 1
752 754 1
752 758 1
752 762 1
752 766 1
753 766 1
753 774 1
753 786 1
753 902 1
754 779 1
755 759 1
755 760 1
755 765 1
755 915 1
755 997 1
756 789 1
757 787 1
757 788 1
757 987 1
758 769 1
759 788 1
759 793 1
759 796 1
760 763 1
760 811 1
760 817 1
761 771 1
761 777 1
762 768 1
762 778 1
762 789 1
762 823 1
763 775 1
763 777 1
763 782 1
763 799 1
764 775 1
764 781 1
764 782 1
764 789 1
764 832 1
765 772 1
766 794 1
766 795 1
767 783 1
767 838 1
768 789 1
768 791 1
769 779 1
770 777 1
770 788 1
770 794 1
770 795 1
771 799 1
773 789 1
773 793 1
774 865 1
775 821 1
776 793 1
776 956 1
777 788 1
778 791 1
779 791 1
780 784 1
780 789 1
781 782 1
782 789 1
782 797 1
783 789 1
783 794 1
783 796 1
783 954 1
784 785 1
784 791 1
784 843 1
785 790 1
787 940 1
787 980 1
789 795 1
793 871 1
794 799 1
795 797 1
798 800 1
798 989 1
801 852 1
801 867 1
802 819 1
802 821 1
802 843 1
802 851 1
802 854 1
802 873 1
802 875 1
802 883 1
803 864 1
803 870 1
803 874 1
803 885 1
803 892 1
804 821 1
804 822 1
804 824 1
804 858 1
804 899 1
805 807 1
805 820 1
805 849 1
805 880 1
805 897 1
806 832 1
806 838 1
806 855 1
806 899 1
806 913 1
807 809 1
807 811 1
807 815 1
807 919 1
808 827 1
808 863 1
808 880 1
808 883 1
809 813 1
809 993 1
810 836 1
810 857 1
810 862 1
810 881 1
810 891 1
811 825 1
811 848 1
811 874 1
811 889 1
812 823 1
812 839 1
812 868 1
812 884 1
812 886 1
812 896 1
813 817 1
813 832 1
813 860 1
813 870 1
813 885 1
813 891 1
814 827 1
814 861 1
815 827 1
815 865 1
815 900 1
816 821 1
816 896 1
816 970 1
817 846 1
817 865 1
817 871 1
818 833 1
818 842 1
818 849 1
819 829 1
819 849 1
819 869 1
819 871 1
819 883 1
819 899 1
820 839 1
820 840 1
820 843 1
820 856 1
820 888 1
820 900 1
821 875 1
821 887 1
822 866 1
822 870 1
822 878 1
822 889 1
823 825 1
823 838 1
823 872 1
823 873 1
824 825 1
824 848 1
824 876 1
825 827 1
825 873 1
825 878 1
825 896 1
826 854 1
826 869 1
826 877 1
826 887 1
826 893 1
827 837 1
827 860 1
827 862 1
827 865 1
827 885 1
827 891 1
827 900 1
828 831 1
828 835 1
828 880 1
829 843 1
829 844 1
829 877 1
830 835 1
830 851 1
830 858 1
830 868 1
830 882 1
830 885 1
830 893 1
830 897 1
830 898 1
831 836 1
831 844 1
831 866 1
831 873 1
831 896 1
831 959 1
832 887 1
832 888 1
833 867 1
833 879 1
833 881 1
834 836 1
834 869 1
835 839 1
835 842 1
835 845 1
835 865 1
835 900 1
836 859 1
836 890 1
837 845 1
837 864 1
837 868 1
837 884 1
838 878 1
839 860 1
839 868 1
840 844 1
840 862 1
841 846 1
841 875 1
841 889 1
842 852 1
842 888 1
842 893 1
843 844 1
843 864 1
843 869 1
843 887 1
844 846 1
844 872 1
844 881 1
844 896 1
845 851 1
845 859 1
845 865 1
845 868 1
845 884 1
845 895 1
846 848 1
846 856 1
846 863 1
846 874 1
846 893 1
846 897 1
847 855 1
847 878 1
848 850 1
848 854 1
848 861 1
848 869 1
848 873 1
849 871 1
849 872 1
850 873 1
850 876 1
850 900 1
851 862 1
852 863 1
852 889 1
852 897 1
853 863 1
853 980 1
854 869 1
854 875 1
854 881 1
855 889 1
855 897 1
856 927 1
857 885 1
857 888 1
857 893 1
857 921 1
858 867 1
858 879 1
858 926 1
858 957 1
859 868 1
859 873 1
860 866 1
860 870 1
862 899 1
863 879 1
864 875 1
866 869 1
866 871 1
866 892 1
867 874 1
867 881 1
868 892 1
868 900 1
869 885 1
869 909 1
871 874 1
871 950 1
872 878 1
872 880 1
872 881 1
872 889 1
873 887 1
874 883 1
874 894 1
874 899 1
875 893 1
875 897 1
875 986 1
876 895 1
877 899 1
878 926 1
881 900 1
882 897 1
883 895 1
884 897 1
884 900 1
885 887 1
885 898 1
887 978 1
888 893 1
888 997 1
889 934 1
891 895 1
893 896 1
894 947 1
894 959 1
897 898 1
901 919 1
901 961 1
901 983 1
901 992 1
901 993 1
902 914 1
902 934 1
902 940 1
902 942 1
902 963 1
902 972 1
903 922 1
903 932 1
903 951 1
903 960 1
903 964 1
903 976 1
904 906 1
904 914 1
904 921 1
904 929 1
904 946 1
904 947 1
904 976 1
904 983 1
905 932 1
905 940 1
906 923 1
906 941 1
906 973 1
906 988 1
907 914 1
907 963 1
908 936 1
908 964 1
908 971 1
908 992 1
908 999 1
909 913 1
909 915 1
909 959 1
909 967 1
909 993 1
909 1000 1
910 911 1
910 920 1
910 927 1
910 929 1
910 955 1
910 958 1
910 986 1
910 995 1
911 913 1
911 915 1
911 928 1
911 932 1
911 946 1
911 957 1
911 971 1
911 974 1
911 975 1
911 980 1
911 989 1
912 947 1
912 964 1
912 989 1
913 925 1
913 939 1
913 941 1
913 946 1
913 953 1
913 960 1
913 977 1
913 999 1
914 927 1
914 991 1
914 996 1
915 940 1
915 946 1
915 950 1
915 966 1
915 969 1
915 972 1
915 994 1
915 995 1
916 922 1
916 951 1
916 952 1
916 953 1
916 955 1
916 987 1
916 999 1
917 921 1
917 925 1
917 986 1
917 989 1
917 992 1
918 960 1
918 969 1
918 977 1
918 985 1
919 930 1
919 988 1
920 934 1
920 944 1
920 962 1
920 966 1
920 988 1
920 997 1
920 998 1
920 1000 1
921 963 1
921 964 1
921 972 1
922 986 1
923 925 1
923 932 1
923 976 1
923 999 1
924 936 1
924 938 1
924 988 1
924 994 1
925 927 1
925 930 1
925 942 1
925 949 1
925 950 1
925 951 1
925 996 1
926 946 1
926 971 1
927 929 1
927 941 1
927 951 1
927 968 1
927 998 1
928 974 1
929 954 1
929 963 1
930 942 1
930 963 1
930 975 1
930 981 1
930 992 1
932 991 1
933 936 1
933 957 1
933 982 1
933 997 1
934 952 1
934 965 1
934 974 1
934 985 1
935 962 1
936 957 1
936 973 1
936 974 1
936 993 1
936 996 1
937 942 1
937 946 1
938 956 1
938 971 1
938 978 1
938 984 1
938 988 1
938 996 1
939 946 1
939 975 1
939 978 1
940 969 1
941 944 1
941 954 1
941 981 1
941 987 1
942 948 1
942 950 1
942 959 1
942 971 1
942 972 1
942 979 1
942 995 1
943 955 1
943 962 1
943 976 1
943 984 1
943 988 1
944 951 1
944 969 1
944 973 1
944 994 1
945 969 1
945 971 1
946 970 1
946 972 1
946 976 1
947 968 1
947 975 1
947 988 1
947 991 1
947 998 1
948 956 1
948 972 1
948 979 1
948 989 1
948 991 1
949 955 1
949 967 1
949 987 1
949 991 1
950 969 1
951 979 1
951 998 1
952 973 1
952 984 1
954 961 1
954 975 1
954 1000 1
955 960 1
955 984 1
956 970 1
956 977 1
956 991 1
957 962 1
958 961 1
958 962 1
958 990 1
958 994 1
958 997 1
959 965 1
959 972 1
959 982 1
959 994 1
959 997 1
960 976 1
960 982 1
961 992 1
962 968 1
962 977 1
964 970 1
964 994 1
966 968 1
966 975 1
967 980 1
967 983 1
969 979 1
969 983 1
969 996 1
970 971 1
970 974 1
970 977 1
970 981 1
970 998 1
971 984 1
971 994 1
973 974 1
973 997 1
976 980 1
977 996 1
977 1000 1
979 981 1
980 987 1
980 994 1
983 986 1
984 998 1
984 1000 1
986 988 1
987 997 1
990 1000 1
993 994 1
