1000 3344
1 17 1
1 75 1
1 84 1
1 791 1
2 25 1
2 38 1
2 60 1
2 64 1
2 73 1
2 85 1
2 90 1
2 97 1
2 552 1
2 852 1
3 23 1
3 81 1
3 486 1
3 764 1
4 57 1
4 84 1
4 211 1
4 350 1
4 630 1
5 14 1
5 88 1
5 235 1
5 662 1
5 689 1
5 872 1
5 882 1
6 12 1
6 55 1
6 59 1
6 85 1
6 209 1
6 407 1
6 448 1
6 932 1
7 9 1
7 10 1
7 47 1
7 84 1
7 96 1
7 671 1
7 779 1
7 907 1
8 20 1
8 32 1
8 38 1
8 84 1
8 244 1
8 519 1
9 11 1
9 26 1
9 31 1
9 35 1
9 63 1
9 68 1
9 85 1
9 154 1
9 557 1
9 759 1
10 17 1
10 26 1
10 46 1
10 50 1
10 54 1
10 65 1
11 17 1
11 20 1
11 21 1
11 62 1
11 83 1
11 100 1
11 115 1
11 855 1
11 940 1
11 988 1
12 14 1
12 22 1
12 30 1
12 34 1
12 35 1
12 50 1
12 65 1
12 78 1
12 98 1
12 481 1
12 501 1
12 995 1
13 28 1
13 43 1
13 68 1
13 92 1
13 518 1
14 17 1
14 27 1
14 29 1
14 35 1
14 61 1
14 65 1
14 86 1
14 563 1
14 665 1
15 32 1
15 43 1
15 67 1
15 93 1
15 97 1
15 856 1
15 960 1
16 43 1
16 53 1
16 83 1
16 89 1
16 175 1
16 341 1
16 435 1
17 18 1
17 23 1
17 24 1
17 72 1
17 76 1
17 85 1
17 243 1
18 31 1
18 32 1
18 66 1
18 161 1
18 669 1
18 686 1
19 34 1
19 36 1
19 58 1
19 659 1
19 927 1
20 21 1
20 37 1
20 58 1
20 72 1
20 80 1
20 88 1
21 31 1
21 42 1
21 45 1
21 75 1
21 78 1
21 84 1
21 100 1
21 218 1
22 46 1
22 428 1
23 30 1
23 36 1
23 45 1
23 67 1
23 93 1
23 862 1
23 992 1
24 41 1
24 66 1
24 817 1
24 875 1
24 879 1
25 30 1
25 95 1
26 35 1
26 55 1
26 60 1
26 68 1
26 73 1
26 100 1
26 671 1
27 33 1
27 66 1
27 78 1
27 82 1
27 107 1
27 891 1
27 935 1
28 51 1
28 66 1
28 76 1
28 89 1
29 87 1
29 230 1
29 736 1
30 66 1
30 79 1
30 89 1
30 354 1
30 586 1
31 45 1
31 53 1
31 444 1
32 58 1
32 72 1
33 72 1
33 773 1
33 939 1
34 35 1
34 47 1
34 89 1
34 686 1
35 50 1
35 59 1
35 72 1
35 78 1
35 91 1
35 393 1
36 44 1
36 66 1
36 82 1
36 85 1
36 89 1
37 38 1
37 47 1
37 63 1
37 70 1
37 71 1
37 79 1
37 90 1
37 95 1
38 50 1
38 52 1
38 88 1
39 95 1
39 135 1
39 358 1
39 864 1
40 47 1
40 85 1
40 192 1
40 320 1
40 380 1
40 622 1
40 773 1
40 909 1
40 947 1
41 83 1
41 98 1
41 100 1
41 188 1
41 257 1
42 52 1
42 91 1
42 499 1
42 686 1
42 798 1
42 831 1
42 838 1
43 59 1
43 80 1
43 81 1
43 93 1
43 763 1
44 519 1
45 48 1
45 273 1
45 649 1
46 49 1
46 76 1
46 87 1
46 422 1
47 50 1
47 60 1
47 88 1
48 52 1
48 58 1
48 329 1
49 58 1
49 65 1
49 70 1
49 77 1
49 83 1
49 334 1
50 57 1
50 62 1
50 70 1
50 374 1
51 70 1
51 86 1
51 96 1
51 346 1
51 750 1
52 60 1
52 79 1
53 82 1
53 96 1
53 427 1
53 503 1
53 627 1
54 134 1
54 323 1
54 495 1
55 90 1
55 96 1
55 99 1
55 128 1
55 584 1
56 84 1
56 91 1
56 547 1
56 846 1
57 77 1
57 668 1
57 875 1
57 964 1
58 60 1
58 64 1
58 72 1
58 79 1
58 82 1
58 468 1
58 620 1
58 647 1
59 70 1
59 82 1
59 99 1
60 74 1
60 100 1
60 327 1
61 77 1
62 69 1
62 80 1
62 99 1
62 837 1
62 981 1
63 75 1
63 79 1
63 88 1
63 96 1
63 159 1
64 68 1
64 84 1
64 91 1
64 277 1
64 462 1
64 529 1
64 905 1
65 86 1
65 152 1
65 872 1
66 73 1
66 75 1
66 719 1
67 68 1
67 663 1
68 70 1
68 98 1
68 417 1
68 489 1
69 85 1
69 796 1
69 999 1
70 79 1
70 99 1
70 800 1
71 77 1
71 80 1
71 236 1
71 265 1
72 698 1
72 844 1
73 89 1
73 92 1
73 94 1
73 885 1
74 98 1
74 161 1
75 570 1
76 88 1
76 92 1
76 96 1
76 311 1
76 319 1
76 346 1
76 370 1
76 407 1
77 90 1
77 94 1
77 342 1
78 868 1
79 94 1
79 226 1
79 677 1
79 732 1
79 959 1
80 83 1
80 100 1
80 428 1
80 518 1
80 876 1
80 980 1
81 86 1
81 87 1
81 89 1
82 93 1
82 95 1
82 748 1
83 720 1
84 90 1
84 203 1
85 592 1
86 219 1
86 777 1
87 171 1
87 761 1
88 93 1
88 99 1
88 604 1
89 900 1
90 117 1
90 704 1
90 829 1
91 143 1
91 576 1
91 754 1
91 780 1
92 94 1
92 219 1
93 753 1
94 214 1
94 461 1
94 609 1
94 642 1
95 152 1
96 769 1
96 789 1
97 802 1
98 99 1
98 527 1
98 1000 1
99 132 1
100 370 1
100 489 1
101 106 1
101 158 1
101 165 1
101 188 1
101 190 1
101 606 1
102 129 1
102 133 1
102 149 1
102 178 1
102 710 1
103 142 1
103 177 1
103 192 1
103 197 1
103 902 1
104 106 1
104 112 1
104 144 1
104 186 1
104 461 1
105 109 1
105 114 1
105 126 1
105 160 1
105 161 1
105 166 1
106 107 1
106 159 1
106 163 1
106 179 1
106 180 1
106 185 1
106 310 1
107 108 1
107 120 1
107 121 1
107 138 1
107 155 1
107 161 1
107 186 1
107 187 1
107 253 1
107 267 1
108 116 1
108 335 1
108 928 1
109 137 1
109 143 1
109 195 1
109 478 1
109 1000 1
110 115 1
110 128 1
110 132 1
110 143 1
110 290 1
110 719 1
111 140 1
111 524 1
111 802 1
112 121 1
112 153 1
112 167 1
113 115 1
113 118 1
113 125 1
113 128 1
113 143 1
113 175 1
113 200 1
113 234 1
113 682 1
114 139 1
114 145 1
114 146 1
114 149 1
115 144 1
115 153 1
115 164 1
115 191 1
115 196 1
115 198 1
115 343 1
115 439 1
115 875 1
116 125 1
116 144 1
116 154 1
116 174 1
116 190 1
116 406 1
117 119 1
117 129 1
117 153 1
117 157 1
117 193 1
117 296 1
118 140 1
118 163 1
118 167 1
118 169 1
118 184 1
118 185 1
118 829 1
119 152 1
119 153 1
119 171 1
119 182 1
119 183 1
119 184 1
119 741 1
120 121 1
120 160 1
120 165 1
120 179 1
120 189 1
120 302 1
121 151 1
121 157 1
121 174 1
121 187 1
121 445 1
121 462 1
121 985 1
122 127 1
122 759 1
123 153 1
123 175 1
123 178 1
123 236 1
123 690 1
123 755 1
124 149 1
124 163 1
124 178 1
124 193 1
124 730 1
124 812 1
125 135 1
125 143 1
125 164 1
125 166 1
126 127 1
126 447 1
126 662 1
126 679 1
126 898 1
127 136 1
127 198 1
127 378 1
128 147 1
128 587 1
128 619 1
128 768 1
128 809 1
128 948 1
129 168 1
130 137 1
130 167 1
130 172 1
130 173 1
130 182 1
130 198 1
130 702 1
130 858 1
130 948 1
131 155 1
131 159 1
131 175 1
132 178 1
133 171 1
133 196 1
133 917 1
134 159 1
134 181 1
134 187 1
135 140 1
135 157 1
135 170 1
135 483 1
136 169 1
136 247 1
137 159 1
137 163 1
137 168 1
138 141 1
138 172 1
138 191 1
138 192 1
139 143 1
139 148 1
139 184 1
139 749 1
139 872 1
140 174 1
140 188 1
140 196 1
140 265 1
140 346 1
141 146 1
141 152 1
141 156 1
141 159 1
141 196 1
141 667 1
141 740 1
142 166 1
142 217 1
142 710 1
143 145 1
143 149 1
143 159 1
143 169 1
143 192 1
143 193 1
143 991 1
145 159 1
145 161 1
145 177 1
145 200 1
145 525 1
145 546 1
146 154 1
146 156 1
146 176 1
146 193 1
146 400 1
146 658 1
147 150 1
147 176 1
147 180 1
147 690 1
148 175 1
148 176 1
148 188 1
148 190 1
148 556 1
148 578 1
148 994 1
149 175 1
149 240 1
151 175 1
151 194 1
151 336 1
151 696 1
151 760 1
151 838 1
152 157 1
152 968 1
153 185 1
153 196 1
153 513 1
153 820 1
153 921 1
154 157 1
154 162 1
154 182 1
154 192 1
154 530 1
155 169 1
155 171 1
155 175 1
155 200 1
155 293 1
156 158 1
156 174 1
157 163 1
157 170 1
157 171 1
157 176 1
157 180 1
157 378 1
157 380 1
157 446 1
157 567 1
157 609 1
157 854 1
158 160 1
158 162 1
159 176 1
159 184 1
159 195 1
159 374 1
160 564 1
161 168 1
161 194 1
162 175 1
162 190 1
162 193 1
162 405 1
162 869 1
163 190 1
163 195 1
163 199 1
163 690 1
164 173 1
164 181 1
164 188 1
165 168 1
165 179 1
165 188 1
165 189 1
165 647 1
166 194 1
166 195 1
167 176 1
167 810 1
168 170 1
168 186 1
168 200 1
168 205 1
169 181 1
170 198 1
170 625 1
170 847 1
171 833 1
172 196 1
172 706 1
173 175 1
173 180 1
173 186 1
173 198 1
173 455 1
173 465 1
173 511 1
173 642 1
174 188 1
174 198 1
174 638 1
175 176 1
175 181 1
175 185 1
175 234 1
175 266 1
175 379 1
176 720 1
177 187 1
177 567 1
177 639 1
178 227 1
178 324 1
178 691 1
179 233 1
180 424 1
180 810 1
181 185 1
181 316 1
181 658 1
182 193 1
182 250 1
183 264 1
183 871 1
184 187 1
184 310 1
186 192 1
186 807 1
187 467 1
187 710 1
188 189 1
188 210 1
188 985 1
189 327 1
190 199 1
190 200 1
190 917 1
191 195 1
191 198 1
191 738 1
191 808 1
192 244 1
192 378 1
192 640 1
194 297 1
194 589 1
195 879 1
196 197 1
196 451 1
196 611 1
197 345 1
198 733 1
198 825 1
198 982 1
199 319 1
199 435 1
200 352 1
200 500 1
200 834 1
201 232 1
201 234 1
201 261 1
201 281 1
201 297 1
201 533 1
202 256 1
202 276 1
203 237 1
203 243 1
203 271 1
203 282 1
203 354 1
203 600 1
204 217 1
204 251 1
204 272 1
204 274 1
204 279 1
204 285 1
204 298 1
205 210 1
205 220 1
205 293 1
205 295 1
205 519 1
205 927 1
206 213 1
206 339 1
206 844 1
207 212 1
207 220 1
207 222 1
207 230 1
207 241 1
207 267 1
207 268 1
207 284 1
207 289 1
207 809 1
208 214 1
208 239 1
208 250 1
208 259 1
208 277 1
208 284 1
208 305 1
208 521 1
209 236 1
209 267 1
209 276 1
209 277 1
209 610 1
210 224 1
210 234 1
210 244 1
210 265 1
210 267 1
210 805 1
211 226 1
211 289 1
211 948 1
212 217 1
212 234 1
212 240 1
212 279 1
212 284 1
212 677 1
213 219 1
213 253 1
213 269 1
213 284 1
213 285 1
213 802 1
214 218 1
214 684 1
214 740 1
214 954 1
215 217 1
215 250 1
215 251 1
215 299 1
215 710 1
215 928 1
216 226 1
216 238 1
216 274 1
216 736 1
217 218 1
217 240 1
217 267 1
217 280 1
217 294 1
217 295 1
217 743 1
217 865 1
218 221 1
218 250 1
218 284 1
218 288 1
218 352 1
218 674 1
218 862 1
219 223 1
219 224 1
219 235 1
219 239 1
219 275 1
219 293 1
219 393 1
219 407 1
219 434 1
220 222 1
220 227 1
220 231 1
220 233 1
220 251 1
220 252 1
220 271 1
221 235 1
221 238 1
221 239 1
221 565 1
221 693 1
221 733 1
221 762 1
221 831 1
221 931 1
222 246 1
222 282 1
222 285 1
223 225 1
223 241 1
223 285 1
223 342 1
223 652 1
224 275 1
224 277 1
224 473 1
225 226 1
225 227 1
225 267 1
225 831 1
226 234 1
226 255 1
226 271 1
226 276 1
226 291 1
227 260 1
227 270 1
227 282 1
227 284 1
227 986 1
228 266 1
228 291 1
229 261 1
229 460 1
230 236 1
230 257 1
230 283 1
230 291 1
230 692 1
230 786 1
231 254 1
231 266 1
231 292 1
232 245 1
232 257 1
232 263 1
232 273 1
232 296 1
232 606 1
233 258 1
233 278 1
233 686 1
233 785 1
233 808 1
233 954 1
234 299 1
234 859 1
235 237 1
235 245 1
235 299 1
235 881 1
236 245 1
236 247 1
236 260 1
237 252 1
238 275 1
238 278 1
238 697 1
239 246 1
239 289 1
239 502 1
239 684 1
239 985 1
240 251 1
241 252 1
241 264 1
241 749 1
242 244 1
242 262 1
242 282 1
242 440 1
242 712 1
242 899 1
243 247 1
243 252 1
244 250 1
244 254 1
244 277 1
244 293 1
244 672 1
245 256 1
245 279 1
245 481 1
245 746 1
245 776 1
245 799 1
246 275 1
246 299 1
246 300 1
246 639 1
247 248 1
247 280 1
247 540 1
248 265 1
248 277 1
249 264 1
249 596 1
249 945 1
249 966 1
250 269 1
250 274 1
250 295 1
250 347 1
250 508 1
251 266 1
251 278 1
251 281 1
251 298 1
251 593 1
252 277 1
252 298 1
252 945 1
253 270 1
253 281 1
253 286 1
253 293 1
253 298 1
253 802 1
253 939 1
254 261 1
254 279 1
254 285 1
255 271 1
255 283 1
256 293 1
256 615 1
256 699 1
256 942 1
257 928 1
259 606 1
260 267 1
260 281 1
260 297 1
260 843 1
261 270 1
261 274 1
261 276 1
261 285 1
261 295 1
262 286 1
262 289 1
263 276 1
263 278 1
263 285 1
263 286 1
263 295 1
263 373 1
264 266 1
264 288 1
264 290 1
265 268 1
265 284 1
265 286 1
265 745 1
265 968 1
265 978 1
265 997 1
266 271 1
266 281 1
266 357 1
266 606 1
267 297 1
267 549 1
267 964 1
268 292 1
268 434 1
268 856 1
269 297 1
269 318 1
269 938 1
270 282 1
270 299 1
270 346 1
272 296 1
272 894 1
273 294 1
273 416 1
273 851 1
274 287 1
274 351 1
274 445 1
274 712 1
275 286 1
275 296 1
275 814 1
276 280 1
276 284 1
276 297 1
276 337 1
276 720 1
277 945 1
278 295 1
278 624 1
279 419 1
279 470 1
279 587 1
279 864 1
281 284 1
281 489 1
282 350 1
283 284 1
284 292 1
284 605 1
284 664 1
285 289 1
285 290 1
285 291 1
285 325 1
286 300 1
288 574 1
288 587 1
288 873 1
289 295 1
289 562 1
289 689 1
289 695 1
290 618 1
291 292 1
291 690 1
291 899 1
292 816 1
295 322 1
295 972 1
296 870 1
297 300 1
299 715 1
300 424 1
300 449 1
301 393 1
301 398 1
301 506 1
301 748 1
302 319 1
302 325 1
302 326 1
302 341 1
302 348 1
302 396 1
302 398 1
302 587 1
302 606 1
303 311 1
303 313 1
303 347 1
303 383 1
303 763 1
304 343 1
304 346 1
304 357 1
304 362 1
304 398 1
305 332 1
305 361 1
305 390 1
305 396 1
305 669 1
305 701 1
305 732 1
306 339 1
306 341 1
306 353 1
306 358 1
306 360 1
306 365 1
306 372 1
306 374 1
306 389 1
307 374 1
307 398 1
307 721 1
308 325 1
308 329 1
308 331 1
308 333 1
308 357 1
308 397 1
308 554 1
309 318 1
309 325 1
309 355 1
309 370 1
309 489 1
310 320 1
310 323 1
310 340 1
310 344 1
310 367 1
310 387 1
311 318 1
311 321 1
311 354 1
311 359 1
311 365 1
311 386 1
311 396 1
311 475 1
312 325 1
312 335 1
312 378 1
313 349 1
313 361 1
314 321 1
314 323 1
314 355 1
314 372 1
314 393 1
314 558 1
314 609 1
315 326 1
315 351 1
315 365 1
315 369 1
315 397 1
315 426 1
316 355 1
316 376 1
316 379 1
317 335 1
317 390 1
317 391 1
317 400 1
317 580 1
317 963 1
317 983 1
318 340 1
319 322 1
319 324 1
319 328 1
319 339 1
319 354 1
319 364 1
319 366 1
319 368 1
320 323 1
320 331 1
320 335 1
320 354 1
320 370 1
320 566 1
321 324 1
321 329 1
321 347 1
321 357 1
321 359 1
321 383 1
321 400 1
322 344 1
322 361 1
322 382 1
322 398 1
323 327 1
323 357 1
323 710 1
324 336 1
324 338 1
325 350 1
325 357 1
325 397 1
325 810 1
325 812 1
326 339 1
326 341 1
326 344 1
326 357 1
326 385 1
326 386 1
326 395 1
326 740 1
326 860 1
326 954 1
327 351 1
327 369 1
327 388 1
328 343 1
328 347 1
328 356 1
328 383 1
328 396 1
328 399 1
328 600 1
328 724 1
328 725 1
329 330 1
329 376 1
330 377 1
330 476 1
330 619 1
332 335 1
332 339 1
332 367 1
332 376 1
332 394 1
332 716 1
332 775 1
333 344 1
333 349 1
333 350 1
333 392 1
333 407 1
334 342 1
334 346 1
334 359 1
334 371 1
334 395 1
335 342 1
335 349 1
335 387 1
335 420 1
336 357 1
336 383 1
336 387 1
337 345 1
337 392 1
337 398 1
337 679 1
338 368 1
338 439 1
338 444 1
338 970 1
339 352 1
339 364 1
339 393 1
340 377 1
340 922 1
341 359 1
341 373 1
341 375 1
341 382 1
342 354 1
343 346 1
343 389 1
343 479 1
343 811 1
344 356 1
344 358 1
344 365 1
344 375 1
345 352 1
345 377 1
345 383 1
345 391 1
345 638 1
346 370 1
346 373 1
346 384 1
346 395 1
346 441 1
346 520 1
346 571 1
346 670 1
346 824 1
347 357 1
347 365 1
347 379 1
348 392 1
349 358 1
349 359 1
349 377 1
349 495 1
349 691 1
350 499 1
350 618 1
351 363 1
351 372 1
351 378 1
351 388 1
351 392 1
351 513 1
351 799 1
352 362 1
352 375 1
352 376 1
353 354 1
353 369 1
353 370 1
353 378 1
353 381 1
353 399 1
353 524 1
353 954 1
353 986 1
354 379 1
354 381 1
354 833 1
355 368 1
355 960 1
356 371 1
356 652 1
357 375 1
357 394 1
358 362 1
358 393 1
358 843 1
359 366 1
359 393 1
359 400 1
359 514 1
359 583 1
360 369 1
360 387 1
360 389 1
361 371 1
361 376 1
361 383 1
361 388 1
361 392 1
362 369 1
362 370 1
362 379 1
362 392 1
363 368 1
363 687 1
364 366 1
364 377 1
364 390 1
364 835 1
366 372 1
366 382 1
366 810 1
367 505 1
367 683 1
368 374 1
368 389 1
368 394 1
368 449 1
369 374 1
369 386 1
369 576 1
370 485 1
370 739 1
371 389 1
371 415 1
371 965 1
372 374 1
372 394 1
372 739 1
372 769 1
373 377 1
373 787 1
374 390 1
374 399 1
374 426 1
374 763 1
375 900 1
375 956 1
376 397 1
376 399 1
376 914 1
377 383 1
377 391 1
377 484 1
378 380 1
378 386 1
378 419 1
378 755 1
379 388 1
379 679 1
379 707 1
380 381 1
380 386 1
382 882 1
383 386 1
383 399 1
383 401 1
383 703 1
384 391 1
384 400 1
384 592 1
385 398 1
385 535 1
387 395 1
387 554 1
387 797 1
388 399 1
388 662 1
389 393 1
389 883 1
389 944 1
390 605 1
390 661 1
390 709 1
391 394 1
392 644 1
392 675 1
392 695 1
392 938 1
394 400 1
395 535 1
396 399 1
396 600 1
397 536 1
397 891 1
398 801 1
399 627 1
400 456 1
401 413 1
401 445 1
401 453 1
401 460 1
401 465 1
401 471 1
401 488 1
401 767 1
401 881 1
401 999 1
402 418 1
402 454 1
402 462 1
402 465 1
402 489 1
402 492 1
403 406 1
403 424 1
403 426 1
403 494 1
403 497 1
403 500 1
404 434 1
404 436 1
404 448 1
404 496 1
405 425 1
405 434 1
405 448 1
406 450 1
406 459 1
406 464 1
406 474 1
406 496 1
406 904 1
406 973 1
407 409 1
407 426 1
407 444 1
407 467 1
407 469 1
407 471 1
407 480 1
407 908 1
408 448 1
408 450 1
408 463 1
408 469 1
408 839 1
408 927 1
409 441 1
409 443 1
409 456 1
409 467 1
409 492 1
410 415 1
410 435 1
410 473 1
410 485 1
410 486 1
411 422 1
412 417 1
412 421 1
412 454 1
412 457 1
412 463 1
412 467 1
413 448 1
413 544 1
413 630 1
414 436 1
414 468 1
414 471 1
414 488 1
414 601 1
414 660 1
414 676 1
415 419 1
415 425 1
415 435 1
415 449 1
415 464 1
415 481 1
415 498 1
415 627 1
416 429 1
416 493 1
416 495 1
417 456 1
417 467 1
418 426 1
418 451 1
418 494 1
418 563 1
418 576 1
418 957 1
419 444 1
419 447 1
419 477 1
419 486 1
419 487 1
419 493 1
419 646 1
420 423 1
420 481 1
420 495 1
421 459 1
421 461 1
421 462 1
421 488 1
421 627 1
422 427 1
422 435 1
422 442 1
422 455 1
422 458 1
422 465 1
422 475 1
422 476 1
422 481 1
422 489 1
422 497 1
422 645 1
422 767 1
422 777 1
423 431 1
423 457 1
423 460 1
423 813 1
423 915 1
424 427 1
424 469 1
424 484 1
424 488 1
424 498 1
424 529 1
425 461 1
425 489 1
426 465 1
426 467 1
426 474 1
427 447 1
427 629 1
428 429 1
428 447 1
428 470 1
428 471 1
428 491 1
428 492 1
428 969 1
429 485 1
429 498 1
429 533 1
429 556 1
429 779 1
430 492 1
430 494 1
430 722 1
430 818 1
431 444 1
431 447 1
431 456 1
431 473 1
431 475 1
432 439 1
432 487 1
432 490 1
432 570 1
432 727 1
432 757 1
433 452 1
434 437 1
434 450 1
434 463 1
434 475 1
434 487 1
434 842 1
434 958 1
435 444 1
435 448 1
435 462 1
435 476 1
435 480 1
435 563 1
435 679 1
436 461 1
436 483 1
436 853 1
437 468 1
437 477 1
437 578 1
438 453 1
438 454 1
438 466 1
438 482 1
438 496 1
438 681 1
438 771 1
438 885 1
439 442 1
439 444 1
439 461 1
439 508 1
439 628 1
439 792 1
440 454 1
440 481 1
440 489 1
440 529 1
440 694 1
441 451 1
441 468 1
441 473 1
441 476 1
441 841 1
442 788 1
442 843 1
443 466 1
443 489 1
443 509 1
443 604 1
444 455 1
444 472 1
444 483 1
444 485 1
444 496 1
444 500 1
444 930 1
444 942 1
444 950 1
445 905 1
446 454 1
446 464 1
446 478 1
446 482 1
446 483 1
446 486 1
446 796 1
448 459 1
448 461 1
448 492 1
448 622 1
449 456 1
450 469 1
450 471 1
450 623 1
450 787 1
451 980 1
452 465 1
452 475 1
452 489 1
453 458 1
453 493 1
454 840 1
455 468 1
455 475 1
455 477 1
455 489 1
456 465 1
456 466 1
456 473 1
456 483 1
456 486 1
456 492 1
457 500 1
457 736 1
458 466 1
458 482 1
458 960 1
459 464 1
459 475 1
459 477 1
459 500 1
459 707 1
460 482 1
460 483 1
461 477 1
462 477 1
462 483 1
462 494 1
462 795 1
463 476 1
463 561 1
464 470 1
464 477 1
464 484 1
464 500 1
464 584 1
464 792 1
464 799 1
465 480 1
465 484 1
465 489 1
465 494 1
466 490 1
466 493 1
467 491 1
467 495 1
467 496 1
467 592 1
467 633 1
468 484 1
468 492 1
469 495 1
470 473 1
471 489 1
471 494 1
471 808 1
472 478 1
472 495 1
473 490 1
473 515 1
473 864 1
474 889 1
475 483 1
475 499 1
475 937 1
476 498 1
476 560 1
477 481 1
477 485 1
477 806 1
477 931 1
478 482 1
478 483 1
478 497 1
478 928 1
479 644 1
480 493 1
481 499 1
482 773 1
483 494 1
484 486 1
484 497 1
485 498 1
485 893 1
486 494 1
486 498 1
486 878 1
486 984 1
487 493 1
488 745 1
488 829 1
489 502 1
490 573 1
490 596 1
491 495 1
491 783 1
492 611 1
494 497 1
495 644 1
497 719 1
498 602 1
498 686 1
499 896 1
500 575 1
500 668 1
500 893 1
500 987 1
501 506 1
501 572 1
501 583 1
501 598 1
501 600 1
502 510 1
502 514 1
502 519 1
502 522 1
502 562 1
502 566 1
502 576 1
502 590 1
503 593 1
504 512 1
504 560 1
504 599 1
505 556 1
505 572 1
505 580 1
505 599 1
506 510 1
506 511 1
506 516 1
506 531 1
506 535 1
506 540 1
506 545 1
506 555 1
506 567 1
506 595 1
507 521 1
507 524 1
507 542 1
507 555 1
507 581 1
507 586 1
507 596 1
507 714 1
508 548 1
508 557 1
508 579 1
508 594 1
508 836 1
509 514 1
509 520 1
509 522 1
509 545 1
509 548 1
509 554 1
509 556 1
509 580 1
509 582 1
509 585 1
509 588 1
510 535 1
510 543 1
510 555 1
511 516 1
511 519 1
511 560 1
511 727 1
512 531 1
512 533 1
512 547 1
512 553 1
512 560 1
512 563 1
512 569 1
512 591 1
513 517 1
513 538 1
513 541 1
513 565 1
513 579 1
513 599 1
513 929 1
514 559 1
514 584 1
514 595 1
514 596 1
514 608 1
515 522 1
515 527 1
515 536 1
515 538 1
515 543 1
515 569 1
515 600 1
515 689 1
516 519 1
516 534 1
517 519 1
517 560 1
517 582 1
517 591 1
517 677 1
517 718 1
517 894 1
517 957 1
518 528 1
518 561 1
518 578 1
518 962 1
519 528 1
519 531 1
519 542 1
519 562 1
519 587 1
520 522 1
520 524 1
520 539 1
520 557 1
520 558 1
520 568 1
520 579 1
520 585 1
520 600 1
521 523 1
521 552 1
521 593 1
521 599 1
522 538 1
522 556 1
522 558 1
522 659 1
523 525 1
523 529 1
523 541 1
523 549 1
523 592 1
523 855 1
524 543 1
524 560 1
524 561 1
524 668 1
525 549 1
525 561 1
526 537 1
526 540 1
526 548 1
526 554 1
526 562 1
526 582 1
526 631 1
527 552 1
527 588 1
527 593 1
528 553 1
528 567 1
528 666 1
528 729 1
529 538 1
529 573 1
529 595 1
529 715 1
530 555 1
530 584 1
530 646 1
531 532 1
531 537 1
531 549 1
531 574 1
531 665 1
531 717 1
532 567 1
532 576 1
532 577 1
532 581 1
532 586 1
532 587 1
532 599 1
532 600 1
533 543 1
533 573 1
533 594 1
533 985 1
534 557 1
534 639 1
535 544 1
535 548 1
536 542 1
536 549 1
536 558 1
536 585 1
537 556 1
537 563 1
537 577 1
537 578 1
538 549 1
538 564 1
539 549 1
539 579 1
539 589 1
539 594 1
539 598 1
540 547 1
540 550 1
540 580 1
541 547 1
541 560 1
542 586 1
542 600 1
542 983 1
543 575 1
543 589 1
544 554 1
544 571 1
544 572 1
544 956 1
545 552 1
545 724 1
546 567 1
546 936 1
547 562 1
547 581 1
547 596 1
547 597 1
547 800 1
547 865 1
548 569 1
548 581 1
548 591 1
548 599 1
549 564 1
549 669 1
549 880 1
549 927 1
550 560 1
550 561 1
550 577 1
550 580 1
550 691 1
551 557 1
551 564 1
552 573 1
552 575 1
552 581 1
552 811 1
552 993 1
553 573 1
553 580 1
553 598 1
553 673 1
553 830 1
554 588 1
554 624 1
554 984 1
556 564 1
556 583 1
556 588 1
556 818 1
557 560 1
557 588 1
557 593 1
558 595 1
559 585 1
560 583 1
560 588 1
560 737 1
561 570 1
561 575 1
561 578 1
561 587 1
562 568 1
562 580 1
562 943 1
563 780 1
564 574 1
564 588 1
564 778 1
565 570 1
565 598 1
565 702 1
566 605 1
567 597 1
567 916 1
568 571 1
568 582 1
568 589 1
569 597 1
570 919 1
570 977 1
571 580 1
571 584 1
571 712 1
572 590 1
572 594 1
572 597 1
572 671 1
573 586 1
574 577 1
574 586 1
575 598 1
576 588 1
576 589 1
576 592 1
577 584 1
578 579 1
579 587 1
580 581 1
580 583 1
581 587 1
582 593 1
582 657 1
582 670 1
583 997 1
584 626 1
584 736 1
585 586 1
586 588 1
588 589 1
588 609 1
590 597 1
591 700 1
591 904 1
592 687 1
593 722 1
593 858 1
593 878 1
593 971 1
594 597 1
594 843 1
595 744 1
596 668 1
596 785 1
596 865 1
597 598 1
599 634 1
599 772 1
599 901 1
601 655 1
601 672 1
601 692 1
601 958 1
602 639 1
602 657 1
602 671 1
602 677 1
603 631 1
603 642 1
603 656 1
603 699 1
603 799 1
603 974 1
603 980 1
604 623 1
604 626 1
604 636 1
604 860 1
605 616 1
605 617 1
605 653 1
605 657 1
605 673 1
605 690 1
605 751 1
606 609 1
606 610 1
606 618 1
606 626 1
606 659 1
606 679 1
606 720 1
607 608 1
607 618 1
607 670 1
607 688 1
608 616 1
608 650 1
608 653 1
608 690 1
609 620 1
609 621 1
609 666 1
609 803 1
609 957 1
610 612 1
610 624 1
610 629 1
611 630 1
611 636 1
611 794 1
612 639 1
612 653 1
612 654 1
613 617 1
613 621 1
613 666 1
614 642 1
614 645 1
614 658 1
614 679 1
615 649 1
615 681 1
616 624 1
616 642 1
616 690 1
616 696 1
616 714 1
617 624 1
617 639 1
617 649 1
617 670 1
617 671 1
618 620 1
618 665 1
619 646 1
619 671 1
619 686 1
621 622 1
621 629 1
621 709 1
622 626 1
622 630 1
622 635 1
622 651 1
622 664 1
622 678 1
622 691 1
622 851 1
622 952 1
623 624 1
623 686 1
624 648 1
624 661 1
624 670 1
624 671 1
624 695 1
625 650 1
625 654 1
625 662 1
625 673 1
625 677 1
626 627 1
626 629 1
626 638 1
626 642 1
626 659 1
626 673 1
626 680 1
626 685 1
627 645 1
627 650 1
627 668 1
627 672 1
627 680 1
627 691 1
627 939 1
628 693 1
628 697 1
628 700 1
629 641 1
629 643 1
629 665 1
629 668 1
629 678 1
630 637 1
630 668 1
631 696 1
631 699 1
632 641 1
632 653 1
632 655 1
632 681 1
632 690 1
633 644 1
633 653 1
633 681 1
633 696 1
633 864 1
634 660 1
634 667 1
634 668 1
634 686 1
634 730 1
635 679 1
635 694 1
636 638 1
636 640 1
636 645 1
636 647 1
636 650 1
636 667 1
636 671 1
636 764 1
636 878 1
637 654 1
637 660 1
638 671 1
638 672 1
639 641 1
639 650 1
639 677 1
639 687 1
640 644 1
640 680 1
640 915 1
641 694 1
641 697 1
641 887 1
641 976 1
642 659 1
642 667 1
642 692 1
642 759 1
642 782 1
643 653 1
643 685 1
643 696 1
643 700 1
644 650 1
644 662 1
644 677 1
644 684 1
644 694 1
645 684 1
645 887 1
646 665 1
646 690 1
646 698 1
646 794 1
647 688 1
648 653 1
648 683 1
648 916 1
649 665 1
649 676 1
649 683 1
649 696 1
649 886 1
650 682 1
651 664 1
651 688 1
651 696 1
651 697 1
651 931 1
651 958 1
652 662 1
652 666 1
653 679 1
653 699 1
653 828 1
654 686 1
654 687 1
654 762 1
654 825 1
654 918 1
655 661 1
655 960 1
656 678 1
656 699 1
656 947 1
657 671 1
657 679 1
657 866 1
658 691 1
659 660 1
659 692 1
659 693 1
659 940 1
660 689 1
660 708 1
662 664 1
662 665 1
662 671 1
662 690 1
662 851 1
663 675 1
663 683 1
663 698 1
664 675 1
664 681 1
664 689 1
664 692 1
665 677 1
666 668 1
666 688 1
666 743 1
667 672 1
667 677 1
667 689 1
667 698 1
668 676 1
669 677 1
669 697 1
669 799 1
670 685 1
670 695 1
670 698 1
670 724 1
670 805 1
671 938 1
671 961 1
672 684 1
672 696 1
673 691 1
673 927 1
675 694 1
676 682 1
676 933 1
677 680 1
678 682 1
678 696 1
679 929 1
680 696 1
681 803 1
682 699 1
683 685 1
683 691 1
683 699 1
683 840 1
683 855 1
683 896 1
684 853 1
685 687 1
687 688 1
687 912 1
690 805 1
692 824 1
695 808 1
695 817 1
695 858 1
696 907 1
696 919 1
699 725 1
699 798 1
699 867 1
701 728 1
701 746 1
701 786 1
701 794 1
702 703 1
702 704 1
702 732 1
702 734 1
702 736 1
702 740 1
702 744 1
702 746 1
702 758 1
702 771 1
702 772 1
702 778 1
702 786 1
702 788 1
703 722 1
703 764 1
703 881 1
704 724 1
704 725 1
704 727 1
704 765 1
704 773 1
704 777 1
704 784 1
705 717 1
705 753 1
705 789 1
705 797 1
706 711 1
706 727 1
706 747 1
706 751 1
706 782 1
707 715 1
707 727 1
707 731 1
707 749 1
707 759 1
707 772 1
707 779 1
707 789 1
707 799 1
708 741 1
708 759 1
708 761 1
708 786 1
709 752 1
709 760 1
709 762 1
709 793 1
709 798 1
710 712 1
710 713 1
710 721 1
710 733 1
710 747 1
710 774 1
710 797 1
710 835 1
711 732 1
711 763 1
711 769 1
711 778 1
711 825 1
712 736 1
712 750 1
712 758 1
712 771 1
712 772 1
712 786 1
712 796 1
712 799 1
713 760 1
713 785 1
713 791 1
713 837 1
714 723 1
714 742 1
714 772 1
714 777 1
714 787 1
714 796 1
715 731 1
715 746 1
716 765 1
717 727 1
717 731 1
717 740 1
717 762 1
717 771 1
718 739 1
718 748 1
718 775 1
718 782 1
718 787 1
718 825 1
719 729 1
719 740 1
719 785 1
719 786 1
719 789 1
719 794 1
721 752 1
721 757 1
721 758 1
721 770 1
721 792 1
721 794 1
722 755 1
722 783 1
722 807 1
723 733 1
723 748 1
723 761 1
723 763 1
723 768 1
723 791 1
723 800 1
724 764 1
724 765 1
724 786 1
724 992 1
725 742 1
725 763 1
725 765 1
725 768 1
726 787 1
727 780 1
727 782 1
728 738 1
728 747 1
728 892 1
729 744 1
729 753 1
729 774 1
729 787 1
729 976 1
730 743 1
730 745 1
730 778 1
730 791 1
730 903 1
731 734 1
731 743 1
731 748 1
732 736 1
732 749 1
732 765 1
732 780 1
732 789 1
733 736 1
733 747 1
733 751 1
733 755 1
733 758 1
733 781 1
733 783 1
733 794 1
734 740 1
734 798 1
734 799 1
734 943 1
735 751 1
735 787 1
737 785 1
737 790 1
738 756 1
738 762 1
739 746 1
739 761 1
739 763 1
739 779 1
739 916 1
740 755 1
740 992 1
741 746 1
741 791 1
741 798 1
741 835 1
741 997 1
742 778 1
743 754 1
743 786 1
744 754 1
744 757 1
744 773 1
744 799 1
744 800 1
745 789 1
745 791 1
745 800 1
746 767 1
746 779 1
747 769 1
748 759 1
748 790 1
748 791 1
748 845 1
749 778 1
749 781 1
749 791 1
750 757 1
750 766 1
750 780 1
750 967 1
751 759 1
751 783 1
751 784 1
751 785 1
751 795 1
751 796 1
751 868 1
751 915 1
752 774 1
752 781 1
753 783 1
753 977 1
754 759 1
754 775 1
755 784 1
755 796 1
756 775 1
757 785 1
757 788 1
757 796 1
758 778 1
758 780 1
758 789 1
758 792 1
759 785 1
759 786 1
759 788 1
759 796 1
759 798 1
760 766 1
760 771 1
760 785 1
760 791 1
762 763 1
763 765 1
763 774 1
764 794 1
765 771 1
765 772 1
765 786 1
765 799 1
766 770 1
767 775 1
768 781 1
768 783 1
768 803 1
769 789 1
770 778 1
770 798 1
770 887 1
772 797 1
772 799 1
773 778 1
774 787 1
775 779 1
775 841 1
777 793 1
778 788 1
778 789 1
779 782 1
779 786 1
779 969 1
781 788 1
781 796 1
781 912 1
783 786 1
784 796 1
786 790 1
788 795 1
788 862 1
789 791 1
789 867 1
789 993 1
791 800 1
792 802 1
792 943 1
793 799 1
797 893 1
801 845 1
802 827 1
802 877 1
802 892 1
802 896 1
802 931 1
802 953 1
803 815 1
803 851 1
803 866 1
804 851 1
804 859 1
804 883 1
805 846 1
805 850 1
805 851 1
805 863 1
805 868 1
805 876 1
805 882 1
805 890 1
805 895 1
806 811 1
806 814 1
806 831 1
806 860 1
806 879 1
806 889 1
806 891 1
807 831 1
807 835 1
807 850 1
807 873 1
807 884 1
807 897 1
808 824 1
808 828 1
808 860 1
808 879 1
808 900 1
809 825 1
809 840 1
809 867 1
809 895 1
809 935 1
810 849 1
810 855 1
811 828 1
811 833 1
811 853 1
811 856 1
811 858 1
811 860 1
811 866 1
811 884 1
811 886 1
812 829 1
812 836 1
812 885 1
812 891 1
813 891 1
813 900 1
814 876 1
814 887 1
814 899 1
814 922 1
814 958 1
815 844 1
815 853 1
815 857 1
815 865 1
815 869 1
815 876 1
815 893 1
816 820 1
816 823 1
816 836 1
816 842 1
816 863 1
816 937 1
817 853 1
817 884 1
818 841 1
818 863 1
819 826 1
819 845 1
819 861 1
819 885 1
819 897 1
820 843 1
820 861 1
820 868 1
820 878 1
820 885 1
820 888 1
820 900 1
821 834 1
821 841 1
821 892 1
822 834 1
822 851 1
822 854 1
822 866 1
822 871 1
822 884 1
822 885 1
822 900 1
823 892 1
823 956 1
824 840 1
824 861 1
824 889 1
824 891 1
824 898 1
825 827 1
825 840 1
825 854 1
825 857 1
825 859 1
825 860 1
825 875 1
825 896 1
826 850 1
826 861 1
826 879 1
826 880 1
826 895 1
827 829 1
827 852 1
828 842 1
828 858 1
828 864 1
829 830 1
829 836 1
829 850 1
829 855 1
829 867 1
829 886 1
829 900 1
830 852 1
830 863 1
830 866 1
831 844 1
831 871 1
832 834 1
832 839 1
832 842 1
832 851 1
832 882 1
832 888 1
832 898 1
833 859 1
833 867 1
833 882 1
834 847 1
834 852 1
834 877 1
834 896 1
835 845 1
835 875 1
835 876 1
835 883 1
835 895 1
836 837 1
836 865 1
836 878 1
836 942 1
837 856 1
837 890 1
838 865 1
838 876 1
838 887 1
839 862 1
839 876 1
840 869 1
840 873 1
840 874 1
840 980 1
841 852 1
841 878 1
841 893 1
841 898 1
842 871 1
842 880 1
843 889 1
843 895 1
843 898 1
844 876 1
846 861 1
846 877 1
846 886 1
847 881 1
847 899 1
848 850 1
848 876 1
848 883 1
848 884 1
849 855 1
849 879 1
849 880 1
849 895 1
850 866 1
850 876 1
850 894 1
850 898 1
851 872 1
851 896 1
852 872 1
852 875 1
852 898 1
853 882 1
853 941 1
854 864 1
855 872 1
855 882 1
855 885 1
856 857 1
856 865 1
856 872 1
856 887 1
857 861 1
857 891 1
858 865 1
858 866 1
858 881 1
858 891 1
858 896 1
859 865 1
859 870 1
859 874 1
859 894 1
859 953 1
859 979 1
860 867 1
860 871 1
860 880 1
860 884 1
861 885 1
861 895 1
863 887 1
863 899 1
864 869 1
865 884 1
866 892 1
869 885 1
870 872 1
870 877 1
871 874 1
871 887 1
872 881 1
873 877 1
873 897 1
873 898 1
874 895 1
875 882 1
877 900 1
878 879 1
879 938 1
879 957 1
880 893 1
882 891 1
883 886 1
883 944 1
884 892 1
884 895 1
885 900 1
887 898 1
888 890 1
891 972 1
892 893 1
892 904 1
895 902 1
896 898 1
897 898 1
898 919 1
901 922 1
901 924 1
901 952 1
901 959 1
901 971 1
901 983 1
902 916 1
902 962 1
902 969 1
902 970 1
902 975 1
902 980 1
902 992 1
903 962 1
904 928 1
904 979 1
905 911 1
905 931 1
905 934 1
905 936 1
905 957 1
905 974 1
906 923 1
906 924 1
906 949 1
906 953 1
907 915 1
907 930 1
907 963 1
907 982 1
907 996 1
908 924 1
908 930 1
908 955 1
908 982 1
908 1000 1
909 961 1
909 963 1
910 913 1
910 954 1
910 959 1
910 976 1
910 979 1
910 986 1
911 916 1
911 922 1
911 942 1
911 949 1
911 952 1
911 959 1
911 987 1
912 935 1
912 937 1
912 955 1
912 957 1
912 981 1
913 937 1
913 969 1
913 974 1
914 923 1
914 956 1
915 926 1
915 956 1
915 958 1
916 920 1
916 931 1
916 973 1
917 924 1
917 931 1
917 960 1
917 962 1
917 968 1
918 919 1
918 920 1
918 937 1
918 938 1
918 946 1
918 954 1
918 977 1
919 923 1
919 961 1
919 981 1
919 982 1
919 995 1
920 925 1
920 935 1
920 978 1
921 938 1
921 939 1
921 945 1
921 959 1
921 980 1
921 991 1
922 953 1
923 959 1
923 998 1
924 937 1
925 941 1
925 969 1
926 941 1
926 947 1
926 966 1
926 980 1
926 994 1
926 995 1
927 933 1
927 943 1
927 965 1
927 994 1
928 959 1
928 961 1
928 979 1
928 991 1
929 930 1
929 954 1
929 965 1
930 954 1
931 934 1
931 940 1
931 942 1
931 949 1
931 971 1
932 939 1
932 970 1
933 957 1
933 963 1
933 967 1
933 968 1
934 943 1
935 944 1
935 951 1
935 954 1
935 971 1
935 972 1
935 991 1
936 940 1
936 964 1
936 974 1
937 952 1
937 956 1
937 959 1
937 967 1
937 968 1
937 974 1
938 954 1
938 955 1
938 974 1
938 985 1
939 947 1
939 955 1
939 971 1
939 997 1
940 984 1
941 944 1
941 960 1
941 961 1
941 987 1
942 952 1
942 953 1
942 957 1
942 959 1
942 977 1
943 947 1
943 949 1
943 958 1
943 966 1
944 958 1
945 963 1
945 988 1
945 989 1
945 993 1
946 956 1
947 977 1
947 991 1
947 992 1
948 985 1
949 977 1
950 958 1
950 959 1
950 965 1
951 958 1
951 975 1
951 989 1
952 966 1
954 980 1
956 971 1
956 972 1
956 983 1
957 971 1
958 985 1
959 977 1
959 986 1
959 994 1
960 976 1
960 978 1
960 989 1
960 994 1
961 974 1
961 979 1
962 972 1
962 980 1
962 981 1
962 987 1
963 986 1
964 1000 1
965 985 1
965 989 1
965 995 1
966 975 1
966 987 1
967 981 1
967 1000 1
968 973 1
968 1000 1
969 973 1
969 985 1
970 975 1
971 982 1
972 977 1
972 997 1
973 979 1
973 993 1
975 1000 1
976 993 1
977 981 1
977 997 1
977 998 1
979 984 1
979 988 1
979 997 1
980 988 1
981 995 1
983 988 1
984 989 1
984 991 1
985 987 1
986 991 1
986 1000 1
988 998 1
990 993 1
990 998 1
995 996 1
996 998 1
