1000 3333
1 24 1
1 34 1
1 51 1
1 54 1
1 63 1
1 78 1
1 96 1
1 802 1
2 28 1
2 48 1
2 55 1
2 379 1
2 553 1
2 756 1
3 20 1
3 41 1
3 58 1
3 315 1
3 367 1
3 437 1
3 591 1
3 814 1
4 14 1
4 32 1
4 79 1
4 86 1
4 89 1
4 96 1
4 98 1
4 632 1
5 40 1
5 69 1
5 91 1
5 92 1
5 587 1
5 739 1
5 986 1
5 987 1
6 20 1
6 29 1
6 47 1
6 62 1
6 80 1
7 14 1
7 16 1
7 27 1
7 70 1
7 206 1
7 373 1
7 781 1
8 30 1
8 31 1
8 691 1
9 24 1
9 48 1
9 52 1
9 83 1
9 753 1
9 939 1
10 35 1
10 41 1
10 55 1
10 188 1
10 962 1
11 17 1
11 32 1
11 47 1
11 48 1
11 82 1
11 277 1
11 522 1
12 31 1
12 54 1
12 86 1
12 255 1
12 749 1
13 62 1
13 63 1
13 733 1
14 24 1
14 31 1
14 94 1
14 97 1
14 100 1
14 945 1
15 65 1
15 327 1
15 358 1
16 63 1
16 671 1
16 971 1
17 60 1
17 229 1
17 739 1
18 19 1
18 20 1
18 33 1
18 46 1
18 50 1
18 64 1
18 76 1
18 95 1
18 546 1
19 26 1
19 40 1
19 90 1
19 99 1
20 50 1
20 75 1
20 78 1
20 89 1
20 135 1
20 153 1
20 386 1
20 600 1
20 602 1
21 46 1
21 59 1
21 76 1
21 415 1
21 775 1
22 52 1
22 66 1
22 89 1
22 234 1
22 254 1
22 455 1
22 521 1
22 539 1
23 28 1
23 45 1
23 63 1
23 343 1
23 879 1
24 31 1
24 55 1
24 260 1
24 261 1
24 455 1
24 735 1
25 42 1
25 66 1
25 70 1
25 74 1
25 93 1
25 223 1
25 657 1
26 54 1
26 81 1
26 126 1
26 213 1
26 384 1
26 556 1
26 899 1
27 45 1
27 47 1
27 71 1
27 75 1
27 87 1
27 334 1
27 636 1
27 698 1
28 54 1
28 57 1
28 92 1
28 323 1
29 33 1
29 54 1
29 60 1
29 61 1
29 65 1
29 69 1
29 97 1
29 402 1
29 588 1
30 54 1
30 90 1
30 203 1
30 241 1
30 308 1
30 671 1
31 58 1
31 72 1
31 87 1
31 90 1
32 42 1
32 54 1
32 75 1
32 78 1
32 96 1
32 100 1
32 346 1
32 632 1
32 667 1
32 956 1
32 957 1
33 43 1
33 66 1
33 69 1
33 94 1
33 117 1
33 135 1
33 286 1
33 426 1
33 661 1
33 686 1
34 50 1
34 55 1
34 65 1
34 72 1
34 80 1
35 77 1
35 93 1
35 99 1
35 266 1
35 588 1
35 721 1
35 901 1
36 44 1
36 45 1
36 48 1
36 64 1
36 73 1
36 86 1
36 91 1
36 183 1
36 601 1
37 68 1
37 82 1
37 99 1
37 940 1
38 73 1
38 82 1
38 98 1
38 289 1
39 75 1
39 89 1
39 94 1
39 96 1
39 119 1
39 253 1
39 325 1
39 859 1
40 81 1
40 596 1
41 49 1
41 63 1
41 67 1
41 82 1
41 584 1
42 43 1
42 64 1
42 76 1
42 809 1
42 834 1
42 990 1
43 66 1
43 89 1
43 109 1
43 345 1
44 60 1
44 70 1
44 85 1
44 90 1
44 100 1
44 241 1
44 263 1
44 521 1
44 701 1
45 46 1
45 66 1
45 70 1
45 73 1
45 77 1
45 84 1
45 93 1
45 96 1
45 781 1
46 68 1
46 70 1
46 100 1
46 215 1
46 567 1
47 141 1
48 269 1
48 367 1
49 52 1
49 65 1
49 831 1
50 68 1
50 75 1
50 76 1
50 77 1
50 95 1
50 934 1
51 65 1
51 69 1
51 75 1
51 92 1
51 488 1
51 620 1
52 83 1
52 157 1
52 241 1
53 77 1
53 84 1
53 87 1
53 164 1
53 506 1
53 655 1
53 888 1
53 922 1
54 89 1
55 58 1
55 92 1
55 140 1
55 522 1
55 659 1
55 716 1
55 830 1
56 996 1
57 89 1
57 91 1
57 95 1
57 974 1
58 76 1
58 222 1
58 548 1
58 777 1
59 96 1
59 154 1
59 706 1
59 971 1
60 84 1
60 248 1
60 768 1
61 207 1
61 922 1
62 87 1
62 97 1
63 73 1
63 457 1
64 228 1
64 411 1
66 84 1
66 95 1
67 70 1
67 73 1
67 76 1
69 93 1
69 995 1
70 100 1
70 150 1
71 73 1
71 453 1
71 684 1
71 909 1
72 433 1
72 854 1
73 86 1
73 914 1
74 85 1
74 155 1
74 682 1
75 79 1
75 98 1
75 492 1
75 550 1
76 223 1
77 90 1
78 92 1
78 296 1
80 84 1
80 86 1
80 98 1
80 144 1
80 350 1
81 93 1
81 95 1
81 334 1
81 405 1
81 708 1
81 941 1
83 819 1
84 98 1
84 119 1
84 824 1
85 993 1
86 371 1
86 738 1
87 414 1
88 96 1
88 297 1
88 299 1
88 661 1
89 95 1
89 339 1
89 650 1
90 109 1
90 942 1
91 318 1
91 336 1
91 604 1
91 902 1
92 521 1
94 205 1
94 499 1
94 612 1
95 344 1
95 575 1
95 611 1
95 765 1
96 566 1
97 316 1
97 744 1
98 578 1
100 680 1
101 167 1
102 160 1
102 167 1
102 188 1
102 733 1
103 115 1
103 117 1
103 124 1
103 168 1
103 185 1
104 116 1
104 145 1
104 158 1
104 163 1
104 189 1
104 196 1
104 197 1
104 524 1
104 628 1
104 658 1
104 736 1
104 975 1
105 121 1
105 146 1
105 162 1
105 168 1
105 201 1
105 524 1
106 169 1
106 177 1
106 200 1
106 708 1
106 984 1
107 128 1
107 132 1
107 147 1
107 149 1
107 171 1
107 173 1
107 181 1
107 192 1
107 358 1
107 833 1
108 120 1
108 134 1
108 149 1
108 153 1
108 161 1
108 167 1
108 172 1
108 187 1
108 218 1
109 111 1
109 129 1
109 137 1
109 145 1
109 146 1
109 156 1
109 158 1
109 167 1
109 182 1
109 196 1
109 918 1
110 115 1
110 133 1
110 168 1
110 172 1
110 178 1
110 737 1
111 127 1
111 142 1
111 146 1
111 190 1
111 260 1
112 130 1
112 977 1
113 128 1
113 148 1
113 462 1
113 476 1
113 953 1
114 124 1
114 142 1
114 174 1
114 187 1
114 197 1
114 340 1
114 413 1
114 688 1
115 118 1
115 140 1
115 144 1
115 149 1
115 158 1
115 166 1
115 170 1
115 700 1
116 154 1
116 199 1
116 854 1
117 136 1
117 171 1
117 192 1
117 332 1
118 135 1
118 138 1
118 144 1
118 147 1
118 178 1
118 358 1
118 414 1
118 511 1
119 126 1
119 132 1
119 150 1
119 184 1
119 849 1
120 123 1
120 156 1
120 165 1
120 172 1
120 177 1
120 194 1
120 981 1
121 163 1
121 175 1
121 181 1
121 194 1
122 128 1
122 131 1
122 139 1
122 174 1
122 188 1
122 517 1
122 576 1
122 662 1
122 870 1
123 147 1
123 182 1
124 194 1
125 135 1
125 148 1
125 195 1
125 395 1
125 884 1
126 127 1
126 142 1
126 147 1
126 160 1
126 171 1
126 626 1
127 142 1
127 150 1
127 164 1
127 166 1
127 229 1
127 436 1
128 140 1
128 166 1
128 297 1
128 727 1
129 169 1
129 172 1
129 180 1
129 386 1
130 181 1
130 305 1
131 174 1
131 188 1
131 197 1
131 219 1
131 724 1
132 137 1
132 140 1
132 142 1
132 157 1
132 162 1
132 174 1
132 184 1
132 197 1
132 489 1
132 511 1
132 574 1
132 655 1
133 155 1
133 196 1
133 549 1
134 152 1
134 499 1
135 187 1
135 771 1
135 881 1
136 137 1
136 138 1
136 148 1
136 178 1
136 197 1
136 362 1
136 644 1
136 688 1
136 983 1
137 171 1
137 185 1
137 299 1
138 155 1
138 180 1
138 189 1
138 197 1
138 198 1
138 521 1
138 786 1
139 142 1
139 169 1
139 189 1
139 194 1
139 221 1
139 777 1
140 176 1
140 196 1
141 152 1
141 176 1
141 179 1
141 488 1
141 763 1
141 814 1
142 146 1
142 163 1
142 545 1
144 163 1
144 848 1
145 161 1
145 164 1
145 598 1
146 180 1
146 200 1
147 158 1
147 163 1
147 191 1
147 196 1
147 198 1
148 161 1
148 180 1
148 471 1
148 782 1
149 158 1
149 478 1
149 702 1
149 973 1
149 989 1
150 158 1
150 194 1
151 165 1
151 186 1
152 154 1
152 167 1
152 198 1
152 534 1
153 155 1
153 160 1
153 161 1
154 175 1
154 177 1
154 192 1
154 199 1
154 214 1
154 577 1
155 165 1
155 416 1
156 176 1
156 194 1
156 196 1
156 331 1
156 689 1
156 819 1
158 320 1
159 184 1
159 222 1
159 276 1
159 950 1
160 166 1
160 192 1
160 200 1
160 523 1
160 715 1
160 948 1
161 656 1
161 821 1
162 179 1
162 185 1
162 702 1
162 901 1
163 184 1
163 404 1
163 973 1
164 179 1
164 783 1
165 167 1
166 173 1
166 195 1
166 199 1
167 192 1
167 358 1
167 394 1
167 493 1
167 958 1
167 975 1
167 985 1
168 169 1
168 174 1
168 679 1
169 179 1
169 192 1
169 199 1
169 207 1
169 598 1
170 171 1
170 174 1
170 181 1
170 187 1
170 801 1
171 198 1
173 178 1
173 520 1
173 580 1
173 914 1
173 926 1
174 185 1
174 647 1
175 178 1
175 195 1
175 654 1
176 252 1
176 389 1
177 188 1
177 190 1
177 191 1
177 197 1
177 755 1
177 909 1
177 968 1
178 572 1
179 270 1
180 297 1
181 198 1
181 678 1
182 183 1
182 184 1
182 186 1
182 469 1
183 613 1
184 798 1
184 970 1
185 187 1
185 188 1
185 192 1
185 402 1
186 199 1
186 763 1
186 772 1
186 869 1
186 945 1
186 948 1
189 199 1
190 577 1
191 198 1
192 197 1
192 309 1
192 549 1
193 198 1
193 214 1
193 417 1
194 305 1
194 313 1
195 611 1
196 224 1
196 370 1
196 593 1
196 934 1
197 221 1
197 770 1
198 762 1
198 848 1
199 435 1
200 597 1
200 920 1
200 993 1
201 254 1
201 287 1
201 292 1
201 555 1
201 663 1
202 206 1
202 223 1
202 225 1
202 244 1
202 252 1
202 311 1
202 678 1
202 987 1
203 225 1
203 231 1
203 237 1
203 250 1
203 260 1
203 275 1
203 284 1
203 285 1
203 546 1
203 740 1
204 220 1
204 247 1
204 252 1
204 294 1
204 624 1
204 796 1
205 213 1
205 223 1
205 233 1
205 257 1
205 271 1
205 275 1
205 284 1
205 305 1
205 430 1
205 610 1
206 224 1
206 237 1
206 300 1
207 210 1
207 244 1
207 251 1
207 300 1
207 573 1
207 752 1
208 209 1
208 213 1
208 241 1
209 236 1
209 237 1
209 243 1
209 248 1
209 249 1
209 250 1
209 258 1
209 543 1
209 876 1
209 902 1
209 906 1
210 280 1
210 683 1
211 221 1
211 246 1
211 283 1
211 289 1
211 482 1
211 960 1
212 238 1
212 251 1
212 270 1
212 291 1
212 643 1
212 667 1
212 891 1
213 252 1
213 285 1
213 631 1
214 243 1
214 286 1
214 295 1
215 219 1
215 220 1
215 230 1
215 238 1
215 259 1
215 266 1
215 277 1
215 402 1
215 992 1
216 244 1
216 253 1
216 284 1
216 288 1
216 821 1
217 222 1
217 245 1
217 260 1
217 267 1
217 274 1
217 285 1
218 220 1
218 239 1
218 245 1
218 264 1
218 286 1
218 295 1
218 832 1
219 221 1
219 229 1
219 239 1
219 259 1
219 345 1
219 427 1
219 815 1
220 273 1
220 282 1
220 292 1
220 298 1
220 632 1
220 829 1
220 893 1
220 899 1
221 250 1
221 287 1
221 294 1
222 223 1
222 242 1
222 246 1
222 273 1
222 279 1
223 283 1
224 241 1
224 268 1
224 292 1
224 739 1
224 760 1
225 232 1
225 267 1
225 291 1
226 275 1
226 281 1
226 290 1
226 600 1
227 248 1
227 254 1
227 638 1
227 696 1
227 822 1
228 246 1
228 291 1
228 336 1
229 233 1
229 280 1
230 232 1
230 244 1
230 265 1
230 294 1
230 327 1
230 479 1
231 252 1
231 269 1
231 274 1
231 548 1
231 606 1
231 812 1
232 281 1
232 294 1
232 298 1
232 609 1
232 833 1
232 924 1
233 295 1
233 385 1
233 481 1
234 240 1
234 247 1
234 284 1
234 291 1
234 517 1
234 611 1
234 749 1
236 242 1
236 271 1
236 274 1
236 275 1
236 290 1
236 686 1
237 243 1
237 267 1
237 297 1
237 778 1
238 242 1
238 257 1
238 279 1
238 286 1
238 290 1
238 405 1
239 246 1
239 260 1
240 248 1
240 254 1
240 273 1
240 284 1
240 292 1
240 552 1
240 913 1
241 435 1
242 266 1
242 271 1
242 702 1
243 262 1
243 279 1
243 281 1
243 549 1
244 259 1
245 250 1
245 254 1
245 287 1
245 393 1
245 744 1
246 248 1
246 263 1
246 268 1
246 274 1
246 275 1
246 294 1
246 552 1
246 619 1
247 250 1
247 258 1
247 297 1
247 299 1
248 260 1
248 263 1
248 281 1
249 264 1
249 274 1
249 362 1
249 679 1
250 710 1
251 256 1
251 270 1
251 290 1
251 381 1
251 958 1
252 282 1
252 333 1
252 613 1
253 553 1
253 624 1
253 985 1
254 258 1
255 260 1
255 275 1
255 297 1
255 519 1
255 915 1
256 292 1
256 300 1
256 330 1
256 419 1
256 538 1
256 908 1
257 295 1
257 371 1
258 295 1
258 493 1
259 598 1
259 618 1
259 645 1
259 795 1
260 261 1
260 443 1
261 284 1
261 299 1
261 971 1
262 295 1
262 345 1
263 273 1
263 285 1
263 403 1
264 718 1
265 272 1
266 292 1
266 295 1
266 497 1
266 766 1
266 835 1
267 283 1
267 288 1
267 559 1
268 282 1
268 286 1
268 674 1
269 287 1
270 272 1
270 285 1
270 286 1
270 290 1
270 390 1
270 775 1
270 800 1
270 947 1
271 278 1
271 660 1
271 812 1
272 284 1
273 300 1
274 277 1
274 290 1
275 285 1
275 310 1
276 279 1
276 292 1
276 630 1
278 294 1
278 357 1
278 373 1
279 293 1
279 414 1
279 640 1
280 693 1
280 731 1
280 980 1
281 418 1
281 423 1
281 863 1
282 730 1
283 290 1
283 298 1
284 295 1
284 889 1
284 911 1
287 301 1
287 723 1
287 926 1
288 640 1
289 721 1
289 779 1
289 944 1
290 294 1
290 312 1
290 762 1
291 956 1
292 294 1
292 478 1
292 749 1
292 820 1
293 297 1
293 310 1
294 299 1
296 298 1
297 839 1
299 300 1
299 923 1
300 823 1
301 334 1
301 387 1
301 394 1
301 571 1
302 331 1
302 372 1
302 378 1
302 944 1
303 304 1
303 310 1
303 312 1
303 363 1
303 399 1
303 400 1
304 311 1
304 323 1
304 331 1
304 343 1
304 347 1
304 358 1
304 366 1
304 378 1
304 382 1
304 398 1
304 715 1
304 857 1
304 955 1
304 965 1
305 336 1
305 349 1
305 395 1
305 773 1
306 323 1
306 356 1
306 363 1
306 373 1
306 379 1
306 382 1
306 392 1
306 956 1
307 310 1
307 320 1
307 322 1
307 325 1
307 344 1
307 367 1
307 371 1
307 382 1
307 385 1
307 398 1
307 400 1
307 557 1
307 875 1
308 314 1
308 322 1
308 343 1
308 345 1
308 362 1
308 385 1
308 386 1
308 985 1
309 337 1
309 356 1
309 362 1
309 381 1
309 392 1
309 396 1
309 457 1
310 322 1
310 385 1
310 501 1
310 629 1
311 316 1
311 330 1
311 343 1
311 345 1
311 350 1
311 365 1
311 528 1
311 725 1
312 314 1
312 376 1
312 379 1
313 372 1
313 415 1
314 342 1
314 348 1
314 357 1
314 361 1
314 375 1
314 612 1
315 340 1
315 357 1
315 388 1
315 393 1
315 447 1
316 352 1
316 357 1
316 362 1
316 370 1
316 371 1
316 376 1
316 387 1
316 551 1
317 318 1
317 365 1
317 367 1
317 371 1
317 613 1
318 343 1
318 367 1
318 389 1
318 552 1
318 814 1
319 323 1
319 348 1
319 353 1
319 360 1
319 392 1
319 531 1
319 811 1
319 916 1
320 333 1
320 372 1
320 389 1
320 390 1
320 656 1
320 682 1
320 863 1
321 323 1
321 347 1
321 349 1
321 354 1
321 385 1
321 386 1
321 400 1
321 625 1
322 327 1
322 328 1
322 365 1
322 370 1
322 375 1
322 376 1
322 381 1
323 345 1
323 362 1
323 764 1
324 326 1
324 329 1
324 343 1
324 347 1
324 355 1
324 368 1
324 385 1
324 903 1
325 338 1
325 344 1
325 359 1
325 390 1
325 393 1
325 415 1
325 876 1
326 356 1
326 365 1
326 377 1
326 505 1
327 360 1
327 374 1
327 395 1
327 636 1
328 565 1
328 726 1
328 859 1
329 357 1
329 386 1
329 395 1
329 632 1
330 334 1
330 341 1
330 346 1
330 352 1
330 355 1
330 377 1
330 383 1
330 399 1
331 339 1
331 348 1
331 356 1
331 359 1
331 377 1
331 379 1
331 387 1
331 390 1
331 815 1
331 905 1
332 333 1
332 339 1
332 345 1
332 352 1
332 376 1
332 393 1
333 390 1
333 449 1
333 929 1
334 359 1
334 364 1
334 365 1
334 383 1
334 384 1
334 571 1
335 338 1
335 342 1
335 349 1
335 376 1
335 394 1
335 525 1
335 547 1
335 684 1
335 882 1
336 349 1
336 358 1
336 364 1
336 875 1
337 341 1
337 399 1
337 821 1
338 515 1
339 350 1
339 351 1
339 369 1
339 384 1
339 386 1
339 626 1
339 945 1
339 965 1
340 344 1
340 376 1
340 397 1
340 468 1
340 789 1
341 356 1
341 367 1
341 396 1
341 943 1
342 343 1
342 358 1
342 369 1
342 387 1
343 365 1
343 367 1
343 390 1
343 960 1
344 360 1
344 370 1
344 400 1
345 356 1
345 378 1
345 810 1
346 349 1
346 388 1
346 393 1
346 470 1
347 350 1
347 374 1
347 945 1
348 380 1
348 388 1
348 398 1
349 357 1
349 368 1
349 370 1
349 380 1
349 384 1
349 761 1
349 772 1
349 862 1
350 365 1
350 391 1
350 679 1
351 354 1
351 361 1
351 363 1
351 375 1
351 393 1
351 802 1
351 904 1
352 364 1
352 516 1
353 357 1
353 380 1
353 387 1
353 824 1
354 359 1
354 365 1
354 376 1
354 389 1
355 365 1
355 374 1
355 609 1
356 388 1
356 914 1
357 358 1
357 359 1
357 364 1
357 371 1
358 368 1
358 461 1
359 371 1
359 372 1
359 378 1
359 387 1
359 625 1
359 632 1
360 382 1
360 383 1
360 632 1
360 683 1
360 960 1
361 372 1
361 388 1
362 605 1
362 763 1
362 868 1
363 370 1
363 429 1
363 985 1
364 374 1
364 406 1
364 416 1
364 627 1
364 806 1
364 936 1
365 366 1
365 416 1
365 418 1
365 824 1
366 370 1
366 385 1
366 386 1
367 375 1
367 382 1
367 397 1
367 952 1
369 473 1
369 615 1
369 805 1
370 937 1
372 393 1
372 630 1
372 944 1
373 382 1
373 389 1
373 399 1
374 394 1
374 950 1
375 669 1
375 749 1
376 381 1
377 561 1
378 384 1
378 900 1
379 408 1
379 621 1
380 381 1
380 596 1
381 597 1
382 387 1
382 572 1
384 388 1
384 395 1
384 399 1
384 413 1
385 386 1
385 390 1
385 396 1
385 400 1
387 398 1
390 400 1
391 400 1
391 861 1
392 616 1
393 581 1
394 399 1
394 756 1
395 601 1
395 911 1
396 459 1
396 764 1
397 740 1
398 724 1
401 406 1
401 424 1
401 436 1
401 447 1
401 459 1
401 461 1
401 489 1
401 497 1
401 678 1
401 938 1
402 406 1
402 435 1
402 444 1
402 447 1
402 476 1
402 642 1
402 786 1
403 440 1
403 445 1
403 452 1
403 777 1
404 412 1
404 443 1
404 456 1
404 481 1
405 484 1
405 494 1
405 498 1
405 726 1
406 409 1
406 446 1
406 481 1
406 593 1
406 854 1
407 413 1
407 417 1
407 418 1
407 421 1
407 451 1
407 452 1
407 478 1
407 490 1
407 498 1
408 409 1
408 422 1
408 433 1
408 452 1
408 468 1
408 469 1
408 741 1
408 746 1
409 443 1
409 471 1
409 483 1
409 484 1
409 632 1
410 446 1
411 437 1
411 462 1
411 690 1
412 413 1
412 442 1
412 449 1
412 454 1
412 471 1
412 498 1
412 530 1
413 893 1
414 431 1
414 434 1
414 435 1
414 462 1
414 484 1
414 578 1
415 450 1
415 468 1
415 493 1
415 811 1
416 436 1
416 451 1
416 459 1
416 463 1
416 466 1
416 490 1
416 888 1
417 452 1
417 456 1
417 467 1
417 496 1
417 819 1
418 441 1
418 467 1
418 476 1
418 484 1
418 485 1
419 420 1
419 453 1
419 462 1
419 928 1
419 943 1
419 990 1
420 421 1
420 451 1
420 453 1
420 479 1
420 485 1
420 493 1
420 581 1
421 441 1
421 481 1
421 495 1
421 498 1
422 434 1
422 456 1
422 463 1
422 466 1
422 468 1
423 424 1
423 426 1
423 449 1
423 499 1
423 611 1
424 430 1
424 493 1
424 561 1
424 629 1
425 426 1
425 434 1
425 436 1
425 455 1
425 524 1
425 529 1
425 616 1
425 816 1
426 496 1
426 628 1
427 436 1
427 469 1
427 909 1
428 431 1
428 472 1
428 484 1
428 665 1
428 715 1
429 437 1
429 438 1
429 454 1
429 472 1
429 486 1
430 471 1
431 469 1
431 716 1
432 454 1
432 855 1
433 435 1
433 441 1
433 444 1
433 446 1
433 471 1
433 516 1
434 460 1
434 477 1
435 436 1
435 438 1
435 441 1
435 481 1
435 493 1
435 564 1
435 800 1
435 810 1
436 462 1
436 470 1
436 497 1
436 508 1
436 708 1
437 452 1
437 799 1
437 906 1
437 910 1
438 556 1
438 662 1
439 442 1
439 450 1
439 455 1
439 465 1
440 490 1
440 589 1
441 483 1
441 486 1
441 491 1
441 578 1
442 446 1
442 457 1
442 468 1
442 549 1
442 616 1
442 861 1
442 900 1
443 447 1
443 459 1
443 488 1
444 447 1
444 474 1
444 527 1
444 748 1
445 471 1
445 475 1
445 695 1
446 459 1
446 472 1
446 491 1
447 475 1
447 484 1
447 494 1
447 514 1
447 908 1
448 459 1
448 469 1
448 472 1
448 486 1
448 499 1
449 463 1
449 481 1
449 485 1
449 496 1
450 484 1
450 494 1
450 947 1
451 475 1
451 494 1
451 500 1
451 553 1
452 459 1
452 462 1
452 463 1
452 483 1
452 493 1
452 871 1
452 946 1
452 952 1
453 458 1
453 468 1
453 479 1
454 457 1
454 472 1
454 805 1
455 478 1
455 481 1
455 490 1
455 883 1
456 467 1
456 482 1
457 482 1
457 489 1
457 707 1
457 814 1
459 476 1
459 483 1
459 721 1
459 952 1
460 474 1
460 482 1
460 662 1
461 491 1
461 497 1
461 807 1
462 463 1
462 476 1
464 466 1
464 487 1
465 486 1
465 497 1
465 498 1
465 500 1
465 760 1
466 827 1
466 835 1
467 482 1
467 756 1
467 986 1
468 470 1
468 482 1
468 484 1
468 488 1
468 494 1
469 958 1
471 877 1
471 986 1
474 480 1
474 660 1
474 957 1
476 484 1
476 540 1
477 741 1
478 482 1
478 486 1
478 590 1
479 497 1
480 498 1
481 917 1
483 841 1
484 488 1
484 604 1
484 837 1
485 500 1
486 500 1
486 522 1
486 826 1
487 491 1
488 496 1
488 758 1
490 523 1
490 814 1
491 708 1
492 500 1
493 829 1
494 693 1
494 922 1
495 538 1
495 580 1
496 499 1
496 722 1
496 980 1
498 512 1
498 833 1
499 555 1
499 580 1
499 707 1
500 542 1
500 544 1
500 728 1
501 507 1
501 537 1
501 539 1
501 591 1
501 632 1
502 536 1
502 543 1
502 556 1
502 699 1
503 518 1
503 533 1
503 549 1
503 596 1
503 600 1
503 675 1
504 508 1
504 521 1
504 551 1
504 586 1
504 594 1
504 745 1
505 513 1
505 532 1
505 549 1
505 573 1
506 515 1
506 528 1
506 545 1
506 602 1
506 625 1
507 545 1
507 560 1
507 561 1
507 569 1
507 578 1
507 587 1
507 594 1
507 910 1
508 512 1
508 516 1
508 547 1
508 660 1
508 790 1
509 555 1
509 568 1
509 591 1
509 595 1
509 670 1
510 516 1
510 550 1
510 582 1
510 584 1
510 586 1
510 587 1
510 597 1
511 524 1
511 526 1
511 531 1
511 541 1
511 555 1
511 569 1
511 598 1
512 519 1
512 555 1
512 576 1
512 584 1
513 530 1
514 516 1
514 525 1
514 527 1
514 529 1
514 535 1
514 536 1
514 589 1
515 519 1
515 529 1
515 588 1
515 600 1
515 893 1
516 521 1
516 535 1
516 556 1
516 571 1
516 585 1
517 519 1
517 545 1
517 552 1
517 594 1
518 591 1
518 827 1
519 520 1
519 551 1
519 560 1
519 572 1
519 573 1
519 609 1
519 779 1
520 522 1
520 544 1
520 560 1
520 578 1
521 546 1
521 567 1
521 569 1
521 805 1
522 529 1
522 534 1
522 542 1
522 544 1
522 577 1
522 605 1
523 530 1
523 558 1
524 559 1
524 564 1
524 766 1
524 928 1
525 530 1
525 550 1
525 566 1
525 591 1
525 598 1
525 845 1
526 555 1
526 556 1
526 564 1
526 573 1
526 581 1
526 656 1
527 535 1
527 554 1
527 560 1
527 561 1
527 568 1
527 571 1
527 584 1
527 905 1
528 556 1
529 584 1
529 588 1
529 593 1
529 598 1
529 620 1
529 735 1
530 562 1
531 556 1
531 581 1
531 758 1
532 543 1
532 552 1
532 561 1
532 580 1
532 598 1
532 607 1
532 807 1
533 534 1
533 535 1
533 571 1
533 585 1
534 538 1
534 550 1
534 552 1
534 572 1
534 576 1
534 625 1
534 967 1
535 567 1
535 595 1
535 866 1
535 927 1
536 559 1
536 584 1
537 540 1
537 559 1
537 576 1
537 596 1
538 551 1
538 555 1
538 559 1
538 578 1
538 843 1
538 878 1
539 543 1
539 576 1
539 776 1
540 550 1
540 556 1
540 562 1
540 700 1
541 579 1
541 590 1
542 566 1
542 596 1
542 768 1
542 777 1
543 546 1
543 572 1
543 577 1
543 581 1
543 598 1
543 749 1
543 853 1
544 559 1
544 568 1
544 578 1
544 613 1
544 828 1
545 552 1
545 557 1
545 558 1
545 579 1
545 932 1
546 557 1
546 572 1
547 563 1
547 589 1
547 592 1
547 927 1
548 564 1
548 571 1
548 710 1
549 577 1
549 591 1
549 593 1
550 560 1
550 566 1
550 702 1
551 556 1
551 565 1
551 572 1
552 565 1
552 855 1
553 566 1
553 578 1
553 579 1
553 609 1
553 620 1
554 560 1
554 583 1
554 584 1
554 590 1
555 557 1
555 564 1
555 586 1
555 649 1
556 564 1
556 576 1
556 599 1
557 566 1
557 574 1
557 585 1
557 598 1
557 600 1
558 659 1
559 591 1
559 974 1
560 562 1
560 589 1
560 594 1
560 697 1
560 710 1
561 568 1
561 988 1
562 565 1
562 598 1
563 637 1
563 674 1
564 594 1
564 695 1
564 945 1
565 574 1
565 578 1
567 577 1
567 587 1
568 646 1
568 762 1
568 799 1
569 585 1
569 903 1
570 593 1
570 871 1
570 892 1
571 587 1
571 771 1
572 589 1
572 693 1
572 722 1
574 590 1
574 596 1
575 578 1
575 589 1
575 598 1
575 600 1
576 577 1
576 581 1
576 590 1
576 705 1
577 955 1
577 992 1
578 579 1
578 585 1
578 670 1
578 729 1
578 949 1
579 720 1
579 877 1
580 584 1
580 595 1
581 589 1
581 744 1
581 794 1
581 836 1
582 586 1
583 585 1
583 594 1
584 665 1
584 932 1
585 770 1
585 894 1
586 589 1
586 809 1
588 726 1
589 702 1
590 936 1
591 868 1
591 929 1
593 599 1
593 898 1
594 705 1
595 887 1
597 600 1
599 909 1
600 679 1
601 619 1
601 649 1
601 665 1
601 682 1
601 683 1
601 687 1
602 655 1
602 821 1
602 997 1
603 605 1
603 615 1
603 619 1
603 635 1
603 669 1
603 674 1
603 696 1
604 607 1
604 639 1
604 651 1
604 653 1
604 655 1
604 664 1
604 684 1
604 741 1
605 622 1
605 624 1
605 627 1
605 638 1
605 642 1
605 768 1
606 641 1
606 688 1
607 621 1
607 659 1
607 669 1
607 674 1
607 682 1
607 985 1
608 614 1
608 617 1
608 648 1
608 656 1
608 813 1
608 985 1
609 635 1
609 661 1
609 739 1
609 847 1
610 624 1
610 643 1
610 660 1
610 691 1
611 643 1
611 662 1
611 671 1
611 697 1
612 617 1
612 619 1
612 626 1
612 635 1
612 645 1
612 655 1
612 660 1
612 688 1
612 693 1
612 714 1
613 628 1
613 661 1
613 672 1
613 679 1
614 615 1
614 655 1
614 662 1
614 664 1
614 666 1
614 673 1
614 674 1
615 632 1
615 634 1
615 636 1
615 665 1
616 632 1
616 652 1
616 671 1
616 673 1
616 836 1
616 934 1
617 624 1
617 629 1
617 635 1
617 650 1
617 651 1
617 673 1
617 694 1
617 700 1
618 621 1
618 640 1
618 644 1
618 648 1
618 653 1
618 666 1
618 669 1
618 675 1
618 691 1
618 694 1
618 978 1
619 653 1
619 664 1
619 687 1
619 691 1
619 700 1
619 855 1
620 630 1
620 673 1
620 675 1
620 970 1
621 644 1
621 693 1
621 718 1
622 629 1
622 631 1
622 677 1
622 692 1
622 811 1
623 634 1
623 645 1
623 650 1
624 632 1
624 651 1
624 667 1
624 691 1
625 644 1
625 658 1
625 662 1
625 679 1
625 694 1
625 698 1
626 630 1
626 632 1
626 643 1
626 676 1
626 679 1
627 630 1
627 643 1
627 667 1
627 679 1
627 685 1
627 689 1
627 697 1
627 817 1
627 933 1
628 684 1
629 630 1
629 639 1
629 676 1
629 691 1
630 633 1
630 656 1
630 681 1
630 687 1
630 700 1
631 634 1
631 638 1
631 640 1
631 669 1
631 670 1
631 680 1
631 684 1
631 697 1
632 655 1
632 679 1
632 687 1
632 688 1
633 684 1
633 687 1
633 992 1
634 646 1
634 664 1
634 668 1
634 688 1
634 690 1
635 663 1
635 719 1
636 674 1
636 678 1
636 683 1
637 638 1
637 666 1
637 678 1
637 992 1
638 664 1
638 667 1
638 680 1
638 700 1
639 690 1
639 691 1
639 698 1
639 864 1
640 652 1
640 678 1
640 685 1
640 699 1
641 647 1
641 662 1
641 682 1
642 650 1
642 687 1
643 653 1
643 655 1
643 689 1
643 692 1
643 696 1
643 814 1
644 647 1
644 675 1
644 689 1
644 697 1
645 678 1
645 880 1
647 700 1
647 929 1
648 654 1
648 672 1
648 921 1
649 671 1
649 677 1
650 653 1
650 692 1
650 699 1
651 683 1
651 693 1
651 700 1
652 655 1
652 669 1
652 678 1
652 695 1
652 696 1
652 749 1
653 654 1
653 689 1
654 663 1
654 669 1
655 727 1
657 658 1
657 663 1
657 673 1
657 682 1
661 677 1
661 678 1
661 849 1
662 677 1
662 775 1
662 913 1
663 683 1
663 688 1
663 691 1
664 676 1
664 678 1
664 694 1
665 667 1
665 678 1
666 684 1
666 700 1
666 780 1
667 684 1
668 681 1
669 682 1
669 686 1
669 700 1
670 688 1
670 697 1
670 867 1
671 697 1
672 688 1
673 693 1
673 980 1
674 675 1
674 683 1
674 766 1
674 859 1
675 688 1
678 694 1
678 921 1
678 929 1
679 684 1
679 689 1
679 756 1
680 685 1
680 700 1
680 823 1
680 931 1
680 948 1
681 683 1
681 685 1
681 798 1
682 938 1
684 893 1
685 700 1
686 699 1
687 694 1
688 809 1
688 942 1
690 745 1
691 693 1
692 698 1
693 695 1
693 728 1
693 938 1
694 816 1
696 774 1
696 993 1
698 898 1
700 770 1
701 706 1
701 730 1
701 763 1
701 767 1
701 783 1
701 784 1
701 795 1
702 732 1
702 737 1
702 742 1
702 747 1
702 770 1
703 713 1
703 718 1
703 737 1
703 744 1
703 783 1
704 717 1
704 729 1
704 732 1
704 737 1
704 739 1
704 744 1
704 753 1
704 755 1
705 720 1
705 742 1
705 755 1
705 758 1
705 983 1
706 753 1
706 768 1
706 782 1
706 797 1
707 708 1
707 719 1
707 761 1
707 774 1
707 786 1
708 750 1
708 770 1
708 782 1
708 980 1
709 768 1
709 792 1
709 808 1
709 903 1
710 756 1
710 764 1
711 712 1
711 760 1
711 787 1
711 797 1
712 727 1
712 747 1
712 759 1
712 767 1
712 772 1
712 775 1
712 792 1
713 760 1
713 763 1
713 767 1
713 786 1
714 726 1
714 728 1
714 729 1
714 788 1
714 790 1
714 825 1
715 717 1
715 764 1
715 765 1
715 779 1
715 793 1
715 798 1
716 729 1
716 750 1
716 752 1
716 763 1
716 775 1
717 760 1
717 782 1
717 790 1
717 930 1
718 725 1
718 727 1
718 739 1
718 760 1
718 776 1
718 786 1
718 932 1
719 742 1
719 763 1
719 788 1
720 733 1
720 738 1
720 753 1
720 761 1
720 773 1
720 787 1
720 816 1
721 739 1
721 751 1
721 973 1
722 727 1
722 744 1
722 774 1
723 734 1
723 747 1
723 770 1
723 798 1
723 812 1
724 758 1
724 768 1
724 797 1
725 732 1
725 734 1
725 768 1
725 786 1
726 746 1
726 763 1
726 766 1
726 798 1
727 747 1
727 758 1
727 774 1
727 775 1
727 783 1
727 795 1
727 864 1
728 776 1
728 786 1
729 741 1
729 750 1
729 757 1
729 788 1
730 741 1
730 766 1
730 794 1
730 887 1
731 734 1
731 761 1
731 777 1
731 835 1
732 736 1
732 762 1
732 772 1
732 787 1
732 798 1
733 766 1
733 772 1
733 789 1
733 937 1
734 751 1
734 768 1
734 787 1
735 769 1
735 771 1
735 774 1
736 749 1
736 761 1
736 764 1
736 780 1
736 797 1
736 930 1
737 739 1
737 753 1
737 760 1
737 762 1
737 771 1
737 778 1
738 739 1
738 776 1
738 793 1
738 939 1
739 748 1
739 762 1
739 766 1
739 791 1
740 757 1
740 779 1
740 781 1
740 785 1
741 761 1
741 766 1
741 800 1
742 754 1
742 755 1
742 763 1
742 770 1
743 766 1
743 769 1
743 944 1
744 752 1
744 786 1
744 793 1
744 834 1
745 751 1
745 754 1
745 760 1
745 761 1
745 767 1
745 800 1
745 939 1
746 756 1
746 764 1
746 771 1
746 788 1
746 799 1
746 907 1
747 773 1
748 808 1
749 760 1
749 762 1
749 774 1
749 790 1
749 800 1
750 793 1
750 794 1
750 837 1
750 940 1
751 780 1
751 799 1
751 964 1
752 759 1
752 764 1
752 768 1
752 798 1
753 757 1
753 767 1
753 790 1
754 766 1
754 788 1
754 793 1
755 759 1
755 777 1
755 792 1
755 798 1
755 930 1
757 787 1
758 759 1
758 777 1
758 785 1
759 768 1
759 780 1
759 787 1
759 798 1
759 800 1
760 764 1
760 779 1
760 918 1
761 765 1
761 770 1
761 797 1
762 773 1
762 776 1
762 787 1
763 788 1
763 852 1
764 795 1
764 882 1
765 772 1
765 781 1
765 795 1
766 773 1
766 798 1
767 773 1
767 776 1
767 788 1
768 786 1
769 784 1
769 795 1
769 798 1
771 778 1
773 784 1
773 788 1
773 798 1
774 776 1
775 780 1
776 781 1
776 782 1
777 795 1
778 783 1
778 795 1
780 783 1
781 783 1
781 786 1
782 783 1
782 785 1
782 797 1
782 880 1
783 895 1
785 794 1
785 797 1
785 798 1
786 792 1
786 796 1
787 826 1
788 790 1
790 800 1
790 885 1
791 794 1
799 800 1
801 820 1
801 824 1
801 842 1
802 852 1
802 878 1
802 885 1
803 805 1
803 806 1
803 821 1
803 857 1
803 878 1
803 890 1
804 812 1
804 818 1
804 823 1
804 872 1
804 882 1
804 884 1
804 893 1
805 814 1
805 866 1
805 898 1
805 900 1
806 826 1
806 848 1
806 865 1
806 890 1
807 822 1
807 827 1
807 874 1
807 875 1
807 892 1
808 810 1
808 835 1
808 838 1
808 839 1
808 853 1
808 866 1
808 899 1
808 955 1
809 810 1
809 815 1
809 819 1
809 832 1
809 836 1
809 843 1
809 873 1
809 879 1
809 900 1
810 839 1
810 853 1
810 860 1
810 882 1
810 893 1
811 847 1
811 849 1
811 859 1
811 887 1
811 894 1
811 955 1
811 982 1
812 819 1
812 863 1
812 866 1
812 867 1
813 815 1
813 820 1
813 823 1
813 842 1
813 847 1
813 862 1
813 877 1
813 892 1
814 817 1
814 848 1
814 866 1
814 918 1
815 840 1
815 869 1
815 876 1
816 828 1
816 865 1
816 882 1
816 891 1
817 865 1
817 882 1
817 898 1
817 899 1
818 826 1
818 836 1
818 873 1
818 881 1
819 844 1
819 862 1
819 870 1
819 897 1
820 844 1
820 861 1
820 866 1
820 880 1
820 892 1
821 823 1
821 824 1
821 847 1
821 892 1
821 986 1
822 843 1
822 846 1
822 872 1
823 848 1
823 865 1
823 869 1
824 833 1
824 837 1
824 852 1
824 855 1
824 892 1
824 896 1
825 842 1
825 890 1
826 829 1
826 869 1
826 882 1
827 841 1
827 871 1
827 878 1
827 938 1
827 963 1
828 838 1
828 851 1
828 870 1
828 899 1
829 830 1
829 882 1
829 900 1
830 868 1
831 884 1
831 888 1
832 850 1
832 866 1
832 867 1
832 879 1
832 886 1
832 988 1
834 843 1
834 887 1
834 931 1
835 875 1
836 846 1
836 851 1
836 867 1
836 872 1
836 877 1
836 883 1
837 838 1
837 859 1
837 881 1
838 850 1
838 894 1
839 846 1
839 857 1
839 863 1
839 883 1
839 890 1
839 905 1
840 845 1
841 883 1
841 892 1
842 854 1
842 857 1
842 882 1
842 895 1
843 859 1
843 870 1
843 907 1
844 863 1
844 880 1
844 881 1
845 859 1
845 864 1
845 886 1
845 887 1
845 900 1
845 946 1
846 853 1
846 859 1
846 873 1
846 888 1
846 892 1
847 858 1
847 868 1
847 871 1
847 872 1
847 886 1
848 860 1
848 871 1
849 862 1
849 878 1
850 880 1
850 890 1
851 881 1
852 892 1
852 895 1
852 897 1
853 858 1
853 863 1
853 884 1
854 866 1
854 896 1
854 989 1
855 870 1
855 884 1
856 866 1
856 870 1
858 900 1
859 862 1
859 886 1
859 888 1
861 893 1
862 863 1
862 873 1
862 876 1
862 888 1
862 890 1
863 882 1
863 948 1
864 881 1
865 873 1
865 898 1
866 898 1
866 900 1
867 887 1
867 889 1
867 900 1
868 883 1
868 900 1
869 872 1
869 874 1
870 900 1
871 875 1
872 890 1
873 893 1
873 894 1
875 878 1
875 890 1
875 895 1
876 877 1
877 885 1
877 894 1
877 897 1
878 899 1
881 893 1
881 895 1
882 892 1
883 890 1
883 892 1
883 897 1
884 901 1
885 888 1
885 892 1
885 896 1
886 888 1
888 889 1
888 897 1
888 938 1
891 897 1
893 991 1
894 970 1
895 900 1
897 917 1
901 926 1
901 928 1
901 947 1
901 959 1
901 960 1
901 970 1
901 974 1
902 921 1
902 931 1
902 932 1
902 945 1
902 965 1
902 984 1
902 995 1
903 910 1
903 916 1
903 919 1
903 936 1
903 937 1
903 950 1
903 965 1
903 973 1
903 989 1
904 920 1
904 952 1
904 955 1
904 973 1
904 980 1
904 985 1
904 995 1
905 908 1
905 947 1
905 996 1
905 997 1
906 914 1
906 939 1
906 978 1
906 984 1
907 929 1
907 940 1
907 979 1
908 920 1
908 922 1
908 926 1
908 932 1
908 949 1
908 951 1
908 985 1
908 989 1
908 997 1
909 928 1
909 937 1
909 955 1
909 968 1
909 993 1
910 916 1
910 920 1
910 973 1
910 998 1
911 914 1
911 926 1
911 935 1
911 940 1
911 946 1
911 960 1
912 920 1
912 933 1
912 939 1
912 953 1
912 988 1
913 934 1
913 975 1
913 986 1
914 924 1
914 947 1
914 950 1
914 973 1
914 974 1
914 990 1
915 922 1
915 925 1
915 927 1
915 929 1
915 984 1
915 986 1
916 990 1
917 944 1
917 948 1
917 969 1
917 974 1
917 987 1
917 988 1
917 994 1
918 922 1
919 930 1
919 933 1
919 934 1
919 946 1
919 959 1
919 984 1
919 985 1
920 965 1
920 975 1
920 980 1
920 985 1
920 998 1
921 922 1
921 968 1
921 969 1
921 992 1
922 925 1
922 962 1
922 976 1
922 995 1
923 926 1
924 926 1
924 964 1
924 995 1
925 935 1
926 935 1
926 964 1
927 933 1
927 937 1
927 942 1
927 946 1
928 941 1
928 949 1
928 956 1
928 960 1
928 961 1
928 966 1
928 981 1
928 998 1
929 960 1
929 961 1
929 962 1
929 978 1
929 982 1
930 997 1
931 956 1
932 972 1
932 984 1
933 964 1
933 992 1
934 943 1
934 965 1
934 970 1
934 985 1
934 999 1
935 942 1
935 996 1
936 966 1
936 971 1
936 981 1
936 993 1
937 942 1
938 951 1
938 956 1
938 978 1
939 952 1
939 961 1
939 972 1
939 991 1
940 969 1
941 966 1
942 968 1
942 975 1
942 982 1
942 994 1
943 999 1
944 949 1
944 951 1
944 988 1
945 986 1
945 989 1
946 970 1
947 969 1
947 992 1
947 994 1
948 975 1
949 957 1
949 996 1
950 951 1
950 970 1
950 984 1
950 988 1
950 999 1
951 991 1
951 994 1
952 964 1
953 976 1
953 999 1
954 956 1
954 987 1
956 958 1
956 978 1
956 985 1
957 980 1
957 983 1
958 963 1
958 966 1
958 967 1
959 964 1
960 973 1
961 970 1
961 982 1
963 964 1
963 972 1
964 986 1
965 982 1
965 989 1
966 972 1
966 990 1
967 969 1
967 993 1
967 994 1
968 971 1
968 972 1
970 980 1
971 983 1
971 985 1
973 977 1
974 987 1
974 998 1
975 999 1
979 995 1
987 992 1
988 997 1
989 998 1
996 1000 1
