1000 3348
1 7 1
1 36 1
1 66 1
1 89 1
1 911 1
2 94 1
3 7 1
3 16 1
3 27 1
3 80 1
3 211 1
3 764 1
4 23 1
4 90 1
4 231 1
4 745 1
5 70 1
5 99 1
5 370 1
5 419 1
5 697 1
5 787 1
5 890 1
6 76 1
6 81 1
6 495 1
7 14 1
7 44 1
7 56 1
7 57 1
7 64 1
7 75 1
7 91 1
7 498 1
8 54 1
8 61 1
8 85 1
8 93 1
8 204 1
8 317 1
9 79 1
9 533 1
9 914 1
10 17 1
10 24 1
10 33 1
10 54 1
10 68 1
10 69 1
10 77 1
10 130 1
11 43 1
11 77 1
11 601 1
12 30 1
12 55 1
12 56 1
12 88 1
12 99 1
12 305 1
12 674 1
13 48 1
13 60 1
13 61 1
13 64 1
13 69 1
13 802 1
13 961 1
13 992 1
14 58 1
14 783 1
14 979 1
15 57 1
15 72 1
15 748 1
16 79 1
16 91 1
16 800 1
16 904 1
17 18 1
17 28 1
17 68 1
17 378 1
18 30 1
18 34 1
18 43 1
18 44 1
18 67 1
18 84 1
18 222 1
18 694 1
18 801 1
19 22 1
19 26 1
19 32 1
19 38 1
19 65 1
20 40 1
20 87 1
20 88 1
20 128 1
21 27 1
21 28 1
21 39 1
21 95 1
22 27 1
22 58 1
22 80 1
22 85 1
22 292 1
22 446 1
23 49 1
23 65 1
23 84 1
23 93 1
23 100 1
23 453 1
23 582 1
24 33 1
24 40 1
24 52 1
24 77 1
24 315 1
25 28 1
25 34 1
25 88 1
25 91 1
25 98 1
25 219 1
25 525 1
25 889 1
26 70 1
26 75 1
26 90 1
26 94 1
26 95 1
26 453 1
26 628 1
26 761 1
27 30 1
27 40 1
27 63 1
27 127 1
27 197 1
28 31 1
28 57 1
28 82 1
28 87 1
28 88 1
28 657 1
28 800 1
29 37 1
29 50 1
29 56 1
29 77 1
29 90 1
29 739 1
30 54 1
30 57 1
30 97 1
30 754 1
31 57 1
31 58 1
32 42 1
32 46 1
32 70 1
32 73 1
32 80 1
32 97 1
32 382 1
32 414 1
32 661 1
32 686 1
32 696 1
32 776 1
33 41 1
33 47 1
33 57 1
33 65 1
33 75 1
33 91 1
33 97 1
33 374 1
33 625 1
33 633 1
33 706 1
34 49 1
34 66 1
34 552 1
34 766 1
34 988 1
35 64 1
35 77 1
35 90 1
35 218 1
35 680 1
36 57 1
36 79 1
37 81 1
37 99 1
38 85 1
38 99 1
38 325 1
39 48 1
39 60 1
39 87 1
39 180 1
39 756 1
40 71 1
40 85 1
40 415 1
41 47 1
41 60 1
41 231 1
41 401 1
41 502 1
41 810 1
42 74 1
42 85 1
42 93 1
42 530 1
43 65 1
43 68 1
43 74 1
43 87 1
43 94 1
43 610 1
44 68 1
44 96 1
44 444 1
44 818 1
45 50 1
45 84 1
45 86 1
45 91 1
45 97 1
45 240 1
45 583 1
45 585 1
46 51 1
46 76 1
46 83 1
46 89 1
46 90 1
47 271 1
47 483 1
48 50 1
48 68 1
48 133 1
48 317 1
48 575 1
49 614 1
49 828 1
50 54 1
50 60 1
50 61 1
50 85 1
50 97 1
51 52 1
51 72 1
51 81 1
51 219 1
51 233 1
51 438 1
52 55 1
53 62 1
53 80 1
53 94 1
53 415 1
54 57 1
54 87 1
54 94 1
54 98 1
54 536 1
55 60 1
55 75 1
55 92 1
55 144 1
55 510 1
56 68 1
56 73 1
57 515 1
58 94 1
58 124 1
58 872 1
59 71 1
59 193 1
59 410 1
60 81 1
60 87 1
60 404 1
60 511 1
60 671 1
61 68 1
61 77 1
61 218 1
62 75 1
62 77 1
62 82 1
62 96 1
62 520 1
62 707 1
62 732 1
63 153 1
63 299 1
63 404 1
63 431 1
64 65 1
64 190 1
64 420 1
64 471 1
64 557 1
64 558 1
65 79 1
65 100 1
66 76 1
66 83 1
66 398 1
66 669 1
66 789 1
66 957 1
67 68 1
67 764 1
69 80 1
69 92 1
69 499 1
69 848 1
70 73 1
70 78 1
70 79 1
70 467 1
71 80 1
71 88 1
71 201 1
71 207 1
71 481 1
71 767 1
71 823 1
72 88 1
72 720 1
73 85 1
73 96 1
74 76 1
74 81 1
74 98 1
74 241 1
74 250 1
74 742 1
74 894 1
74 999 1
75 83 1
75 87 1
75 906 1
77 80 1
77 81 1
77 91 1
77 342 1
77 463 1
78 87 1
78 98 1
79 87 1
79 232 1
79 530 1
80 81 1
80 85 1
80 101 1
81 93 1
81 100 1
81 340 1
81 469 1
82 333 1
82 465 1
82 575 1
83 89 1
83 91 1
83 889 1
85 97 1
85 704 1
85 774 1
86 92 1
86 519 1
87 90 1
87 174 1
87 439 1
87 493 1
87 812 1
88 92 1
90 98 1
90 334 1
90 669 1
90 685 1
91 93 1
92 559 1
93 559 1
93 762 1
94 688 1
96 117 1
97 997 1
98 229 1
98 704 1
98 734 1
99 839 1
100 153 1
100 189 1
101 115 1
101 175 1
101 182 1
101 262 1
103 113 1
103 158 1
103 191 1
103 387 1
103 641 1
104 139 1
104 145 1
104 165 1
104 169 1
104 192 1
104 372 1
105 123 1
105 155 1
105 164 1
105 177 1
105 181 1
105 182 1
105 190 1
105 984 1
106 116 1
106 122 1
106 123 1
106 138 1
106 746 1
106 986 1
107 132 1
107 199 1
107 314 1
108 149 1
108 187 1
108 597 1
108 859 1
109 114 1
109 115 1
109 131 1
109 145 1
109 199 1
109 443 1
109 529 1
109 750 1
110 131 1
110 152 1
110 157 1
110 183 1
110 378 1
110 400 1
110 570 1
111 119 1
111 135 1
111 148 1
111 173 1
111 180 1
111 194 1
111 481 1
112 123 1
112 179 1
113 156 1
113 164 1
113 173 1
113 184 1
113 212 1
113 999 1
114 121 1
114 133 1
114 174 1
114 557 1
114 569 1
115 133 1
115 140 1
115 150 1
115 156 1
115 200 1
115 366 1
115 403 1
115 917 1
116 123 1
116 139 1
116 200 1
116 661 1
117 124 1
117 135 1
117 149 1
117 163 1
117 164 1
117 171 1
117 221 1
118 120 1
118 122 1
118 158 1
118 199 1
119 120 1
119 130 1
119 132 1
119 149 1
119 155 1
119 163 1
119 187 1
119 199 1
119 259 1
120 177 1
120 191 1
120 468 1
120 554 1
120 785 1
121 165 1
121 174 1
121 176 1
121 178 1
121 187 1
121 199 1
121 263 1
121 684 1
122 162 1
122 165 1
122 184 1
122 190 1
122 314 1
122 767 1
123 136 1
123 139 1
123 161 1
123 169 1
123 175 1
123 197 1
123 703 1
123 787 1
124 127 1
124 128 1
124 167 1
124 174 1
124 318 1
124 612 1
124 882 1
124 962 1
125 166 1
125 175 1
125 627 1
125 869 1
126 143 1
126 183 1
126 199 1
126 462 1
127 135 1
127 159 1
127 163 1
127 188 1
127 190 1
127 194 1
127 195 1
127 292 1
127 307 1
127 382 1
128 139 1
128 152 1
128 180 1
128 195 1
128 374 1
129 133 1
129 137 1
129 567 1
129 996 1
130 133 1
130 144 1
130 161 1
130 171 1
130 174 1
130 190 1
131 138 1
131 139 1
131 144 1
131 194 1
131 447 1
131 512 1
131 733 1
131 985 1
132 157 1
132 161 1
132 171 1
132 194 1
132 308 1
132 372 1
132 501 1
132 646 1
133 140 1
133 145 1
133 157 1
133 161 1
134 142 1
134 157 1
134 192 1
134 428 1
134 813 1
135 136 1
135 162 1
135 163 1
135 183 1
136 150 1
136 160 1
136 169 1
136 187 1
136 193 1
136 198 1
137 155 1
137 161 1
137 164 1
137 166 1
137 185 1
137 331 1
137 561 1
137 566 1
137 634 1
137 889 1
138 186 1
138 198 1
138 231 1
138 694 1
139 141 1
139 173 1
139 184 1
139 191 1
139 192 1
139 857 1
139 934 1
140 141 1
140 169 1
140 173 1
140 178 1
140 189 1
140 196 1
141 165 1
141 176 1
141 190 1
141 199 1
141 431 1
141 462 1
141 706 1
141 958 1
142 343 1
142 676 1
142 690 1
142 982 1
143 163 1
143 165 1
143 590 1
143 803 1
143 996 1
144 156 1
144 158 1
144 191 1
144 198 1
145 150 1
145 185 1
145 504 1
145 609 1
146 151 1
146 171 1
146 175 1
146 194 1
146 196 1
146 264 1
146 809 1
146 852 1
147 161 1
147 858 1
147 888 1
148 151 1
148 176 1
148 868 1
149 164 1
149 236 1
149 870 1
150 188 1
150 267 1
151 158 1
151 643 1
152 156 1
152 158 1
152 187 1
152 198 1
152 259 1
152 793 1
154 180 1
154 181 1
154 194 1
154 420 1
154 897 1
155 172 1
155 179 1
155 185 1
155 195 1
155 197 1
156 194 1
156 196 1
156 198 1
156 309 1
156 967 1
157 194 1
157 362 1
158 233 1
159 162 1
159 183 1
159 192 1
160 163 1
160 164 1
160 673 1
160 873 1
161 195 1
161 538 1
163 169 1
163 645 1
163 687 1
164 180 1
165 179 1
165 289 1
165 332 1
165 810 1
166 172 1
166 174 1
166 232 1
166 831 1
167 177 1
168 171 1
168 189 1
168 199 1
168 411 1
169 188 1
169 189 1
169 384 1
170 175 1
170 195 1
170 312 1
170 317 1
170 329 1
170 867 1
170 950 1
170 983 1
171 191 1
172 563 1
172 820 1
173 181 1
174 191 1
174 194 1
174 654 1
175 471 1
176 181 1
177 485 1
178 563 1
179 182 1
179 196 1
179 345 1
179 643 1
179 651 1
180 191 1
180 665 1
180 704 1
181 186 1
181 192 1
181 238 1
182 195 1
182 311 1
182 558 1
182 882 1
183 195 1
183 292 1
183 958 1
184 185 1
184 1000 1
185 198 1
186 478 1
186 760 1
187 196 1
187 794 1
187 976 1
188 197 1
189 234 1
189 235 1
189 784 1
189 854 1
190 801 1
191 998 1
193 447 1
194 800 1
195 329 1
195 389 1
195 569 1
195 720 1
196 197 1
196 565 1
196 790 1
199 230 1
199 443 1
199 587 1
199 671 1
199 988 1
200 311 1
201 204 1
201 212 1
201 225 1
201 243 1
201 248 1
201 251 1
201 262 1
201 270 1
201 294 1
201 464 1
201 980 1
202 237 1
202 242 1
202 250 1
202 255 1
202 277 1
202 289 1
202 382 1
202 409 1
202 512 1
202 790 1
202 859 1
203 209 1
203 223 1
203 229 1
203 242 1
203 248 1
203 267 1
203 294 1
203 460 1
203 496 1
204 237 1
204 266 1
204 268 1
204 277 1
204 290 1
204 291 1
204 298 1
204 299 1
205 217 1
205 255 1
205 896 1
206 241 1
206 265 1
206 267 1
206 288 1
207 214 1
207 216 1
207 261 1
207 291 1
208 219 1
208 220 1
208 244 1
208 246 1
208 271 1
208 278 1
208 287 1
208 299 1
208 300 1
208 679 1
209 225 1
209 234 1
209 253 1
209 269 1
209 374 1
210 211 1
210 238 1
210 268 1
210 286 1
210 299 1
210 650 1
211 280 1
211 296 1
212 244 1
212 272 1
212 279 1
212 285 1
212 336 1
212 701 1
213 259 1
213 287 1
213 290 1
214 219 1
214 230 1
214 258 1
214 291 1
214 609 1
214 777 1
215 223 1
215 247 1
215 256 1
215 260 1
215 286 1
215 508 1
215 790 1
215 890 1
216 219 1
216 236 1
216 245 1
216 263 1
216 270 1
216 294 1
217 257 1
217 270 1
217 295 1
218 258 1
218 269 1
218 274 1
218 283 1
218 289 1
218 299 1
219 228 1
219 243 1
219 273 1
219 586 1
219 934 1
219 997 1
220 225 1
220 239 1
220 242 1
220 266 1
220 279 1
220 282 1
220 290 1
220 319 1
221 222 1
221 239 1
221 274 1
221 296 1
222 240 1
222 277 1
222 300 1
222 806 1
223 237 1
223 255 1
223 261 1
223 267 1
223 281 1
223 286 1
223 287 1
223 372 1
223 611 1
223 747 1
225 230 1
225 947 1
226 227 1
226 292 1
226 506 1
226 677 1
227 279 1
227 291 1
228 233 1
228 235 1
228 254 1
228 277 1
228 291 1
228 666 1
229 247 1
229 257 1
229 812 1
229 819 1
230 341 1
230 513 1
230 526 1
230 703 1
230 863 1
231 248 1
231 841 1
232 238 1
232 247 1
232 250 1
232 254 1
232 259 1
232 273 1
232 296 1
232 759 1
233 238 1
233 256 1
233 261 1
233 279 1
233 280 1
233 281 1
233 285 1
234 243 1
234 248 1
234 270 1
235 237 1
235 249 1
235 250 1
235 259 1
235 265 1
235 267 1
235 290 1
235 629 1
235 839 1
235 937 1
236 271 1
237 275 1
237 276 1
237 285 1
237 581 1
238 249 1
238 283 1
238 480 1
238 896 1
238 993 1
239 255 1
239 294 1
239 297 1
239 926 1
240 256 1
240 290 1
240 573 1
241 242 1
241 304 1
242 269 1
242 292 1
242 298 1
242 454 1
243 288 1
244 247 1
244 296 1
245 262 1
245 271 1
245 299 1
245 727 1
246 258 1
246 269 1
246 282 1
246 289 1
246 526 1
247 300 1
247 584 1
247 860 1
248 287 1
248 295 1
248 341 1
248 684 1
248 734 1
249 253 1
249 258 1
249 271 1
249 275 1
249 283 1
250 291 1
250 300 1
250 512 1
251 267 1
251 270 1
251 282 1
251 443 1
251 487 1
251 795 1
252 253 1
252 257 1
252 267 1
252 278 1
252 286 1
252 574 1
253 296 1
253 854 1
254 281 1
254 290 1
254 293 1
254 299 1
254 848 1
255 402 1
255 727 1
256 459 1
257 293 1
257 610 1
257 641 1
257 768 1
257 828 1
259 287 1
259 675 1
259 803 1
260 274 1
260 277 1
260 289 1
260 291 1
261 278 1
261 284 1
261 286 1
262 263 1
262 275 1
262 282 1
263 289 1
263 290 1
263 941 1
264 276 1
264 472 1
264 832 1
265 290 1
265 291 1
265 293 1
266 271 1
266 278 1
266 432 1
266 784 1
267 284 1
267 330 1
267 568 1
267 610 1
267 652 1
267 868 1
267 963 1
268 280 1
268 285 1
269 276 1
269 283 1
269 289 1
269 730 1
270 278 1
270 296 1
270 691 1
271 276 1
271 288 1
272 280 1
272 281 1
272 300 1
273 275 1
273 290 1
273 296 1
273 429 1
273 627 1
273 742 1
274 283 1
275 284 1
275 482 1
275 795 1
276 286 1
276 288 1
276 388 1
277 288 1
278 291 1
278 293 1
278 735 1
279 280 1
279 295 1
279 298 1
279 300 1
279 334 1
280 855 1
280 874 1
280 958 1
281 284 1
281 290 1
281 459 1
281 633 1
282 295 1
282 967 1
282 989 1
284 294 1
284 715 1
284 749 1
284 926 1
285 288 1
285 298 1
285 568 1
286 291 1
287 409 1
287 429 1
288 294 1
288 296 1
288 391 1
289 610 1
289 653 1
289 876 1
290 596 1
291 606 1
291 790 1
291 959 1
291 976 1
292 293 1
292 297 1
292 682 1
292 713 1
293 298 1
293 442 1
293 540 1
295 483 1
296 300 1
296 336 1
296 915 1
297 971 1
298 732 1
298 819 1
299 882 1
300 396 1
301 323 1
301 349 1
301 361 1
301 368 1
301 532 1
301 538 1
301 591 1
302 328 1
302 354 1
302 392 1
302 623 1
302 884 1
302 908 1
303 803 1
304 326 1
304 334 1
304 337 1
304 345 1
304 361 1
304 363 1
304 372 1
304 373 1
304 374 1
304 527 1
304 684 1
305 386 1
305 391 1
305 392 1
305 398 1
306 310 1
306 312 1
306 327 1
306 328 1
306 343 1
306 357 1
306 392 1
306 394 1
306 434 1
307 337 1
307 357 1
307 367 1
307 386 1
308 314 1
308 371 1
308 373 1
309 350 1
309 366 1
309 390 1
309 394 1
310 344 1
310 357 1
310 360 1
310 391 1
310 614 1
310 712 1
311 318 1
311 336 1
311 359 1
311 364 1
311 369 1
311 375 1
311 873 1
312 323 1
312 328 1
312 394 1
312 847 1
312 923 1
313 364 1
313 381 1
313 576 1
313 775 1
314 328 1
314 365 1
314 386 1
314 501 1
315 340 1
315 345 1
315 355 1
315 369 1
315 380 1
315 396 1
316 317 1
316 340 1
316 353 1
316 367 1
316 370 1
316 388 1
316 394 1
316 397 1
317 354 1
317 355 1
317 502 1
318 333 1
318 371 1
318 808 1
319 337 1
319 363 1
319 373 1
319 377 1
319 391 1
319 433 1
319 845 1
320 350 1
320 722 1
320 798 1
321 328 1
321 407 1
321 473 1
322 362 1
322 367 1
322 392 1
322 485 1
323 338 1
324 327 1
324 338 1
324 339 1
324 349 1
324 372 1
324 663 1
325 358 1
325 366 1
325 372 1
325 386 1
325 491 1
325 509 1
325 702 1
326 349 1
327 365 1
327 381 1
327 387 1
327 400 1
327 738 1
328 331 1
328 367 1
328 374 1
328 378 1
328 382 1
329 352 1
329 353 1
330 331 1
330 342 1
330 380 1
330 399 1
330 400 1
330 451 1
331 349 1
331 374 1
331 389 1
332 344 1
332 355 1
332 577 1
332 726 1
333 372 1
333 374 1
333 380 1
333 399 1
333 412 1
333 426 1
333 594 1
334 361 1
334 363 1
334 379 1
334 381 1
334 383 1
334 825 1
335 368 1
335 778 1
335 937 1
336 350 1
336 352 1
336 360 1
336 379 1
336 383 1
336 393 1
336 576 1
336 710 1
337 361 1
337 641 1
338 341 1
338 387 1
338 751 1
339 342 1
339 890 1
340 342 1
340 354 1
340 360 1
340 399 1
340 465 1
340 514 1
340 547 1
341 391 1
342 344 1
342 348 1
342 369 1
342 372 1
342 376 1
342 387 1
343 354 1
343 771 1
343 805 1
343 904 1
343 968 1
344 394 1
345 348 1
345 367 1
345 371 1
345 373 1
345 379 1
345 385 1
346 355 1
346 375 1
346 390 1
346 395 1
346 413 1
346 571 1
346 982 1
347 358 1
347 361 1
348 357 1
348 359 1
348 380 1
348 383 1
348 554 1
348 600 1
349 350 1
349 376 1
349 399 1
350 375 1
350 379 1
351 364 1
351 386 1
351 389 1
352 358 1
352 392 1
352 738 1
352 746 1
353 358 1
353 379 1
353 446 1
353 607 1
353 835 1
353 842 1
354 382 1
354 384 1
354 385 1
354 606 1
354 704 1
355 394 1
355 398 1
355 448 1
356 360 1
356 388 1
356 396 1
356 397 1
356 909 1
357 361 1
357 395 1
358 384 1
358 389 1
358 835 1
359 531 1
360 373 1
360 374 1
360 573 1
360 701 1
361 378 1
362 374 1
362 378 1
362 826 1
363 367 1
363 370 1
363 374 1
363 631 1
363 808 1
364 382 1
364 383 1
365 380 1
366 368 1
366 399 1
367 375 1
367 427 1
367 718 1
368 371 1
368 385 1
368 678 1
368 885 1
369 443 1
369 957 1
370 395 1
371 374 1
371 379 1
371 393 1
372 381 1
372 395 1
372 468 1
372 731 1
372 842 1
373 375 1
373 381 1
373 389 1
373 390 1
373 392 1
374 381 1
374 385 1
374 392 1
375 441 1
375 752 1
375 949 1
376 388 1
376 391 1
376 397 1
376 557 1
377 398 1
377 641 1
377 958 1
379 395 1
379 507 1
380 385 1
381 391 1
381 455 1
382 385 1
382 393 1
382 401 1
382 484 1
382 788 1
383 399 1
383 934 1
384 390 1
384 391 1
384 395 1
384 469 1
385 955 1
386 387 1
386 520 1
387 722 1
388 987 1
389 391 1
389 392 1
389 394 1
390 854 1
390 892 1
391 651 1
392 865 1
393 466 1
393 605 1
394 396 1
394 398 1
394 616 1
394 783 1
394 943 1
395 547 1
395 556 1
396 744 1
397 919 1
398 809 1
398 886 1
399 454 1
399 735 1
400 749 1
401 440 1
401 900 1
402 416 1
402 425 1
402 438 1
402 455 1
402 486 1
402 492 1
402 565 1
403 408 1
403 418 1
403 473 1
403 478 1
403 483 1
403 497 1
404 420 1
404 448 1
404 470 1
404 488 1
404 498 1
405 440 1
405 458 1
405 472 1
405 476 1
405 493 1
406 437 1
406 477 1
406 484 1
406 488 1
406 772 1
407 413 1
407 416 1
407 446 1
407 449 1
407 459 1
407 493 1
407 909 1
407 951 1
408 422 1
408 434 1
408 609 1
409 423 1
409 453 1
410 414 1
410 431 1
410 435 1
410 444 1
410 452 1
410 461 1
410 471 1
411 413 1
411 456 1
411 492 1
412 464 1
412 470 1
412 473 1
412 482 1
412 497 1
413 416 1
413 440 1
413 441 1
413 454 1
413 461 1
413 492 1
414 420 1
414 422 1
414 424 1
414 431 1
414 456 1
414 461 1
414 466 1
414 468 1
414 613 1
415 433 1
415 456 1
415 481 1
415 806 1
416 440 1
416 477 1
416 493 1
417 476 1
417 483 1
417 490 1
417 500 1
417 502 1
417 861 1
418 426 1
418 464 1
418 485 1
418 491 1
419 442 1
419 453 1
419 458 1
419 477 1
419 891 1
420 430 1
420 434 1
420 496 1
420 500 1
420 971 1
421 431 1
421 437 1
421 458 1
421 483 1
422 435 1
422 440 1
422 456 1
422 482 1
423 427 1
423 442 1
423 447 1
423 456 1
423 458 1
423 484 1
424 436 1
424 491 1
424 743 1
424 757 1
425 467 1
425 484 1
425 880 1
426 456 1
426 467 1
426 472 1
426 474 1
426 479 1
427 428 1
427 464 1
427 926 1
427 948 1
428 469 1
429 462 1
429 473 1
429 476 1
429 530 1
429 900 1
430 434 1
430 472 1
430 474 1
430 485 1
430 891 1
431 440 1
431 447 1
431 478 1
431 893 1
432 445 1
432 456 1
432 479 1
433 452 1
433 463 1
433 472 1
433 991 1
434 436 1
434 451 1
434 466 1
434 480 1
434 491 1
434 710 1
435 449 1
435 467 1
435 479 1
435 495 1
435 677 1
436 447 1
436 484 1
436 500 1
436 585 1
436 647 1
437 441 1
437 445 1
437 473 1
437 491 1
437 499 1
437 729 1
438 447 1
438 471 1
438 473 1
438 478 1
438 492 1
438 493 1
438 498 1
438 889 1
439 451 1
439 452 1
439 460 1
439 481 1
439 704 1
440 453 1
440 481 1
440 486 1
440 558 1
440 867 1
440 961 1
441 460 1
441 495 1
441 500 1
441 528 1
441 733 1
441 837 1
441 999 1
442 452 1
442 493 1
442 932 1
443 450 1
443 467 1
443 487 1
443 491 1
443 913 1
444 470 1
444 820 1
445 486 1
445 490 1
446 519 1
446 683 1
447 458 1
447 462 1
447 482 1
447 483 1
447 484 1
448 526 1
448 657 1
448 694 1
448 809 1
449 457 1
449 465 1
449 485 1
449 908 1
451 498 1
451 814 1
452 471 1
452 610 1
452 865 1
452 986 1
453 472 1
453 491 1
453 997 1
454 458 1
454 479 1
454 486 1
455 464 1
455 500 1
456 466 1
456 500 1
456 693 1
456 780 1
456 838 1
456 975 1
457 472 1
457 488 1
457 529 1
458 717 1
458 734 1
458 750 1
459 478 1
459 495 1
459 499 1
459 533 1
460 463 1
461 473 1
462 476 1
462 485 1
462 494 1
462 830 1
462 858 1
463 466 1
463 487 1
463 495 1
463 933 1
464 483 1
464 486 1
465 478 1
465 481 1
465 483 1
465 489 1
466 471 1
466 724 1
467 477 1
467 505 1
468 473 1
468 497 1
468 624 1
469 484 1
469 486 1
469 499 1
470 475 1
470 488 1
470 500 1
470 732 1
470 806 1
470 823 1
470 985 1
471 490 1
471 493 1
471 617 1
472 488 1
472 494 1
472 502 1
473 492 1
473 869 1
474 477 1
474 480 1
474 704 1
476 928 1
477 508 1
477 676 1
477 792 1
477 860 1
478 492 1
478 635 1
479 489 1
480 490 1
480 494 1
482 483 1
482 486 1
482 489 1
482 499 1
482 912 1
483 484 1
483 490 1
483 493 1
485 487 1
486 490 1
486 492 1
486 495 1
487 884 1
488 605 1
488 778 1
489 492 1
489 493 1
492 495 1
492 707 1
494 651 1
494 653 1
495 601 1
496 728 1
496 904 1
497 511 1
497 518 1
498 525 1
498 529 1
500 720 1
500 738 1
501 528 1
501 533 1
501 574 1
501 577 1
501 593 1
501 598 1
502 539 1
502 549 1
502 574 1
502 587 1
502 813 1
502 850 1
503 505 1
503 532 1
503 552 1
503 556 1
503 563 1
503 580 1
504 524 1
504 537 1
504 549 1
504 578 1
504 579 1
504 591 1
504 599 1
504 819 1
504 905 1
505 515 1
505 546 1
505 550 1
505 558 1
505 597 1
506 508 1
506 524 1
506 541 1
506 544 1
506 562 1
507 532 1
507 538 1
507 544 1
507 553 1
507 578 1
508 511 1
508 536 1
508 545 1
508 571 1
508 576 1
509 524 1
509 569 1
509 605 1
510 542 1
510 544 1
510 547 1
510 551 1
510 553 1
510 558 1
510 580 1
510 592 1
510 600 1
510 834 1
510 902 1
511 527 1
511 547 1
511 563 1
511 581 1
511 967 1
512 519 1
512 525 1
512 539 1
512 543 1
512 575 1
512 597 1
514 555 1
514 568 1
515 522 1
515 523 1
515 533 1
515 534 1
515 566 1
515 581 1
516 557 1
516 566 1
516 572 1
516 577 1
516 589 1
516 592 1
516 650 1
516 872 1
517 562 1
517 566 1
517 568 1
517 599 1
517 774 1
517 784 1
518 525 1
518 557 1
518 626 1
518 863 1
518 864 1
519 574 1
519 580 1
519 599 1
520 554 1
520 571 1
520 589 1
520 595 1
520 600 1
520 754 1
520 843 1
521 557 1
521 562 1
521 580 1
521 586 1
522 527 1
522 533 1
522 534 1
522 552 1
522 569 1
522 969 1
523 534 1
523 548 1
523 999 1
524 529 1
524 538 1
524 550 1
524 554 1
524 557 1
524 587 1
524 588 1
524 939 1
524 973 1
525 575 1
525 580 1
525 592 1
525 670 1
525 684 1
525 786 1
526 554 1
526 572 1
526 596 1
527 528 1
527 562 1
527 580 1
527 889 1
527 941 1
527 942 1
527 970 1
528 562 1
528 581 1
528 591 1
528 596 1
528 600 1
528 625 1
529 530 1
529 558 1
529 560 1
529 598 1
529 665 1
530 553 1
530 555 1
530 560 1
530 592 1
531 540 1
531 544 1
531 563 1
531 591 1
532 541 1
532 573 1
532 590 1
533 539 1
533 545 1
533 549 1
533 574 1
533 596 1
533 686 1
534 554 1
535 769 1
536 543 1
536 555 1
536 557 1
536 566 1
536 581 1
537 544 1
537 554 1
537 556 1
537 562 1
537 570 1
537 573 1
537 692 1
538 841 1
539 541 1
539 591 1
539 620 1
540 549 1
540 585 1
540 595 1
541 565 1
541 593 1
541 594 1
541 636 1
542 548 1
542 567 1
542 619 1
542 753 1
542 910 1
543 555 1
543 564 1
543 565 1
543 572 1
543 574 1
543 596 1
543 661 1
544 548 1
544 559 1
544 564 1
544 574 1
544 764 1
545 552 1
545 575 1
545 580 1
545 598 1
545 634 1
545 636 1
546 554 1
546 555 1
546 570 1
546 574 1
546 584 1
546 590 1
546 595 1
546 833 1
547 551 1
547 553 1
547 558 1
547 574 1
547 578 1
547 582 1
547 595 1
547 856 1
548 599 1
549 569 1
549 571 1
549 574 1
549 579 1
549 596 1
549 724 1
549 878 1
549 950 1
550 924 1
551 590 1
551 970 1
552 565 1
552 566 1
552 600 1
553 570 1
553 586 1
553 826 1
554 560 1
554 590 1
554 928 1
555 570 1
555 572 1
555 578 1
555 585 1
555 893 1
556 578 1
556 584 1
556 636 1
556 752 1
557 569 1
557 593 1
557 596 1
557 774 1
557 956 1
558 586 1
558 599 1
560 590 1
560 593 1
560 598 1
560 824 1
560 827 1
561 589 1
561 921 1
562 592 1
562 600 1
562 955 1
563 564 1
565 845 1
566 577 1
567 590 1
567 598 1
567 924 1
568 593 1
568 596 1
569 585 1
572 743 1
574 586 1
575 731 1
577 589 1
577 595 1
577 597 1
577 706 1
577 813 1
577 911 1
578 735 1
578 864 1
579 583 1
580 594 1
581 590 1
581 593 1
581 696 1
582 587 1
583 591 1
583 964 1
584 594 1
584 687 1
584 728 1
584 872 1
584 953 1
585 600 1
586 598 1
586 785 1
589 590 1
589 592 1
589 597 1
589 602 1
589 697 1
589 901 1
590 603 1
590 651 1
591 974 1
593 876 1
594 669 1
595 944 1
596 792 1
600 721 1
601 609 1
601 623 1
601 632 1
601 643 1
601 653 1
601 657 1
601 676 1
601 699 1
602 635 1
602 677 1
602 698 1
603 644 1
603 694 1
603 882 1
604 653 1
604 659 1
604 668 1
604 686 1
604 691 1
604 696 1
605 664 1
605 665 1
605 684 1
605 685 1
605 814 1
606 611 1
606 659 1
606 665 1
606 697 1
606 699 1
607 609 1
607 658 1
607 662 1
607 670 1
607 682 1
607 688 1
607 705 1
608 635 1
608 645 1
608 672 1
609 630 1
609 636 1
609 665 1
609 668 1
610 612 1
610 625 1
610 639 1
610 648 1
610 656 1
610 674 1
610 700 1
611 669 1
612 631 1
612 638 1
612 655 1
612 673 1
612 912 1
613 624 1
613 651 1
613 655 1
613 664 1
613 676 1
613 696 1
614 620 1
614 649 1
614 654 1
614 684 1
614 692 1
615 619 1
615 633 1
615 643 1
615 754 1
615 773 1
615 953 1
616 683 1
616 914 1
617 736 1
618 629 1
618 633 1
618 937 1
619 668 1
619 673 1
619 688 1
619 691 1
619 693 1
620 636 1
620 649 1
620 660 1
620 675 1
620 688 1
620 694 1
620 961 1
621 692 1
621 694 1
621 806 1
622 648 1
622 685 1
622 690 1
622 724 1
623 698 1
624 638 1
625 684 1
626 669 1
626 670 1
626 724 1
626 754 1
627 636 1
627 638 1
627 639 1
627 647 1
627 680 1
627 686 1
627 696 1
627 911 1
628 639 1
628 644 1
628 682 1
628 696 1
629 646 1
629 658 1
629 660 1
629 672 1
629 686 1
629 698 1
629 700 1
630 668 1
631 640 1
631 652 1
631 654 1
631 659 1
631 668 1
631 675 1
631 900 1
632 644 1
632 682 1
632 699 1
633 638 1
633 667 1
633 673 1
633 682 1
634 635 1
634 640 1
634 643 1
635 641 1
635 650 1
635 660 1
635 672 1
635 899 1
636 681 1
636 689 1
636 700 1
637 658 1
637 662 1
637 691 1
638 651 1
638 882 1
639 670 1
639 871 1
640 643 1
640 683 1
640 696 1
641 661 1
641 695 1
642 649 1
642 690 1
642 695 1
643 649 1
643 680 1
643 686 1
644 648 1
644 661 1
644 689 1
644 694 1
644 697 1
644 788 1
644 967 1
645 648 1
645 649 1
645 654 1
645 670 1
645 924 1
646 674 1
646 928 1
647 650 1
647 661 1
647 674 1
648 664 1
648 671 1
648 690 1
649 683 1
649 692 1
650 661 1
650 680 1
650 688 1
650 689 1
651 682 1
652 666 1
652 667 1
652 691 1
652 999 1
653 659 1
653 671 1
653 692 1
653 973 1
654 684 1
654 973 1
655 667 1
655 684 1
655 689 1
655 699 1
657 659 1
657 687 1
657 689 1
657 691 1
657 695 1
658 670 1
658 694 1
658 699 1
659 690 1
660 684 1
660 695 1
661 697 1
662 688 1
663 668 1
663 680 1
663 681 1
663 697 1
664 671 1
664 680 1
665 678 1
665 684 1
666 674 1
666 676 1
666 698 1
666 836 1
667 668 1
667 671 1
667 972 1
668 697 1
668 789 1
669 671 1
669 689 1
669 691 1
669 700 1
669 855 1
670 683 1
670 691 1
670 762 1
671 779 1
671 803 1
672 950 1
673 676 1
673 691 1
673 696 1
673 697 1
674 690 1
674 699 1
674 853 1
674 978 1
675 839 1
676 683 1
676 851 1
676 948 1
677 685 1
678 686 1
680 686 1
680 694 1
680 824 1
680 887 1
680 957 1
681 909 1
682 684 1
682 881 1
684 692 1
684 895 1
685 690 1
685 933 1
686 694 1
687 691 1
687 966 1
688 689 1
690 694 1
690 698 1
690 823 1
690 947 1
691 912 1
692 693 1
692 876 1
695 734 1
695 738 1
697 840 1
700 758 1
700 965 1
701 715 1
701 720 1
701 750 1
701 752 1
701 757 1
701 789 1
701 957 1
702 727 1
702 734 1
702 751 1
702 756 1
702 768 1
702 775 1
703 715 1
703 724 1
703 731 1
703 736 1
703 753 1
703 762 1
703 790 1
704 733 1
704 736 1
704 747 1
705 713 1
705 723 1
705 754 1
705 760 1
705 784 1
705 990 1
706 721 1
706 724 1
706 729 1
706 733 1
706 764 1
706 768 1
706 773 1
706 777 1
706 783 1
706 793 1
706 796 1
706 799 1
707 708 1
707 754 1
707 758 1
707 795 1
707 817 1
708 753 1
708 771 1
708 775 1
708 787 1
708 818 1
709 712 1
709 739 1
709 751 1
709 758 1
709 772 1
710 711 1
710 725 1
710 733 1
710 775 1
710 784 1
710 800 1
711 752 1
711 793 1
711 797 1
712 721 1
712 728 1
712 750 1
712 766 1
712 772 1
712 791 1
712 794 1
713 717 1
713 730 1
713 740 1
714 722 1
714 755 1
714 759 1
714 780 1
714 783 1
714 784 1
714 850 1
715 722 1
715 723 1
715 780 1
715 796 1
715 800 1
716 748 1
716 766 1
716 768 1
716 773 1
716 789 1
716 794 1
716 796 1
716 947 1
717 778 1
718 755 1
718 763 1
718 772 1
718 800 1
719 726 1
719 728 1
719 775 1
720 740 1
720 749 1
720 760 1
720 766 1
720 791 1
720 798 1
720 915 1
721 734 1
721 751 1
721 776 1
721 781 1
721 939 1
722 755 1
722 763 1
722 765 1
722 789 1
722 790 1
723 754 1
724 728 1
724 729 1
724 743 1
724 761 1
724 826 1
725 730 1
725 758 1
725 781 1
725 790 1
725 799 1
726 747 1
726 767 1
726 790 1
726 847 1
727 789 1
727 923 1
728 734 1
728 740 1
728 786 1
729 733 1
729 743 1
729 767 1
729 791 1
730 749 1
730 793 1
731 760 1
732 739 1
732 744 1
732 783 1
732 929 1
732 998 1
733 738 1
733 788 1
734 759 1
734 762 1
734 792 1
734 799 1
735 743 1
735 746 1
735 776 1
735 777 1
735 788 1
735 838 1
736 749 1
736 760 1
736 783 1
736 787 1
736 790 1
737 745 1
738 741 1
738 749 1
738 757 1
738 768 1
738 797 1
738 798 1
738 863 1
739 765 1
739 792 1
740 765 1
740 825 1
740 994 1
741 743 1
741 759 1
741 779 1
741 792 1
742 757 1
742 777 1
742 791 1
742 809 1
743 780 1
743 785 1
743 788 1
743 797 1
743 918 1
744 747 1
744 785 1
744 796 1
744 798 1
745 753 1
745 770 1
745 772 1
745 793 1
745 796 1
745 846 1
746 747 1
746 766 1
746 916 1
747 765 1
748 751 1
748 779 1
748 789 1
749 786 1
749 793 1
751 775 1
752 789 1
752 797 1
752 970 1
754 759 1
754 775 1
754 778 1
754 784 1
754 791 1
754 793 1
754 799 1
755 773 1
755 776 1
755 898 1
755 993 1
756 953 1
757 766 1
757 771 1
757 800 1
758 768 1
758 770 1
759 785 1
760 771 1
760 787 1
761 762 1
761 766 1
762 767 1
762 796 1
762 798 1
762 815 1
763 769 1
763 785 1
763 799 1
763 980 1
764 774 1
764 790 1
764 791 1
766 799 1
768 782 1
768 797 1
769 777 1
769 789 1
769 796 1
769 829 1
770 782 1
771 797 1
771 949 1
772 776 1
772 778 1
773 782 1
773 791 1
774 903 1
775 920 1
777 985 1
778 782 1
778 789 1
778 792 1
778 796 1
778 797 1
779 964 1
780 783 1
781 783 1
781 792 1
781 896 1
782 784 1
783 908 1
786 796 1
788 794 1
789 819 1
789 832 1
791 793 1
791 795 1
792 800 1
792 913 1
794 799 1
795 797 1
796 810 1
796 874 1
796 973 1
796 975 1
798 800 1
798 968 1
801 819 1
801 840 1
801 898 1
802 806 1
802 842 1
802 851 1
802 885 1
803 814 1
803 821 1
803 892 1
804 838 1
804 872 1
805 866 1
805 875 1
805 878 1
805 900 1
806 820 1
806 851 1
806 894 1
806 913 1
807 822 1
807 829 1
807 834 1
807 841 1
807 862 1
807 871 1
807 887 1
808 822 1
808 825 1
808 830 1
808 845 1
808 889 1
808 894 1
809 839 1
809 847 1
809 862 1
809 875 1
809 898 1
809 978 1
810 842 1
810 860 1
810 871 1
810 872 1
811 872 1
811 884 1
811 893 1
811 896 1
812 815 1
812 842 1
812 857 1
812 868 1
812 888 1
813 842 1
813 863 1
813 878 1
814 838 1
814 876 1
814 886 1
815 879 1
816 825 1
816 836 1
816 856 1
816 865 1
816 876 1
816 883 1
817 832 1
817 842 1
817 859 1
817 868 1
817 879 1
817 945 1
818 837 1
818 845 1
818 865 1
818 872 1
819 850 1
819 855 1
819 864 1
819 875 1
820 875 1
821 839 1
821 853 1
821 895 1
822 837 1
822 838 1
822 846 1
822 861 1
823 844 1
823 859 1
823 871 1
823 885 1
824 833 1
824 848 1
824 892 1
826 861 1
826 881 1
826 897 1
827 830 1
827 836 1
827 888 1
828 846 1
828 860 1
828 868 1
828 898 1
829 849 1
829 857 1
829 880 1
830 835 1
830 879 1
830 884 1
830 885 1
830 895 1
830 898 1
831 854 1
831 891 1
831 898 1
832 853 1
832 861 1
832 877 1
832 881 1
832 953 1
833 838 1
833 856 1
833 863 1
833 870 1
833 878 1
834 881 1
834 883 1
834 897 1
835 836 1
835 882 1
835 893 1
835 897 1
836 847 1
836 859 1
836 875 1
837 856 1
837 860 1
837 875 1
837 896 1
838 843 1
838 851 1
838 863 1
838 990 1
839 844 1
839 869 1
839 873 1
839 879 1
840 853 1
841 855 1
841 866 1
841 889 1
841 891 1
841 899 1
842 863 1
842 867 1
842 888 1
843 860 1
843 872 1
843 873 1
844 854 1
845 884 1
845 921 1
846 879 1
846 882 1
846 893 1
847 855 1
847 862 1
847 865 1
847 877 1
847 887 1
847 889 1
847 891 1
848 849 1
848 850 1
848 863 1
848 917 1
848 936 1
849 997 1
850 857 1
850 863 1
851 884 1
851 885 1
852 864 1
853 872 1
853 873 1
853 876 1
854 873 1
854 874 1
854 883 1
854 897 1
854 898 1
855 875 1
855 885 1
856 861 1
856 880 1
856 887 1
857 858 1
857 887 1
857 953 1
858 868 1
858 871 1
859 887 1
859 894 1
860 869 1
860 887 1
860 898 1
861 895 1
862 866 1
862 867 1
862 868 1
862 879 1
862 881 1
862 890 1
863 870 1
863 879 1
863 886 1
864 893 1
864 895 1
864 897 1
864 960 1
865 869 1
865 874 1
866 875 1
866 885 1
866 974 1
868 887 1
868 900 1
868 919 1
869 877 1
869 883 1
869 887 1
870 884 1
871 873 1
872 878 1
872 924 1
877 894 1
879 899 1
879 924 1
880 894 1
881 882 1
881 883 1
881 885 1
882 891 1
883 900 1
884 887 1
885 891 1
887 888 1
893 894 1
895 897 1
896 910 1
901 932 1
902 921 1
902 928 1
902 939 1
902 952 1
902 994 1
902 996 1
903 908 1
903 914 1
903 930 1
904 907 1
904 911 1
904 914 1
904 920 1
904 930 1
904 936 1
904 950 1
904 956 1
904 957 1
904 969 1
904 994 1
905 912 1
905 935 1
905 953 1
905 988 1
906 923 1
906 950 1
906 995 1
906 996 1
907 940 1
907 941 1
907 999 1
908 927 1
908 970 1
908 972 1
908 998 1
909 911 1
909 921 1
909 926 1
909 948 1
909 949 1
909 960 1
909 962 1
909 968 1
909 988 1
910 921 1
910 928 1
910 955 1
910 978 1
910 987 1
910 997 1
911 916 1
911 960 1
911 962 1
911 966 1
912 935 1
912 985 1
912 998 1
913 930 1
913 934 1
913 947 1
913 978 1
913 990 1
913 998 1
914 915 1
914 970 1
914 984 1
915 990 1
915 997 1
916 931 1
916 935 1
916 941 1
916 951 1
916 995 1
917 924 1
917 955 1
917 976 1
917 996 1
918 948 1
918 968 1
918 970 1
919 929 1
919 932 1
919 934 1
919 947 1
919 955 1
919 963 1
919 987 1
919 997 1
920 944 1
920 952 1
920 980 1
920 981 1
920 992 1
920 998 1
921 929 1
921 957 1
921 974 1
921 977 1
922 942 1
922 945 1
922 962 1
922 972 1
922 975 1
922 995 1
922 998 1
922 999 1
923 928 1
923 933 1
923 942 1
923 978 1
923 981 1
923 998 1
923 999 1
924 929 1
924 975 1
925 926 1
925 941 1
925 982 1
925 983 1
925 996 1
926 930 1
926 931 1
926 942 1
926 952 1
926 961 1
926 962 1
926 971 1
926 999 1
927 946 1
927 957 1
927 979 1
927 995 1
927 997 1
927 998 1
928 947 1
928 956 1
928 976 1
929 930 1
929 945 1
929 946 1
930 937 1
930 938 1
930 947 1
930 959 1
930 960 1
930 974 1
930 976 1
930 985 1
931 981 1
932 949 1
932 997 1
932 1000 1
933 959 1
933 974 1
933 991 1
934 936 1
934 943 1
934 954 1
934 973 1
934 978 1
935 938 1
935 956 1
935 962 1
935 977 1
935 994 1
936 948 1
936 956 1
936 968 1
936 979 1
936 993 1
937 977 1
937 987 1
937 999 1
938 955 1
938 960 1
938 982 1
938 984 1
938 990 1
938 996 1
938 1000 1
939 959 1
939 968 1
941 960 1
941 968 1
941 969 1
941 988 1
941 999 1
942 955 1
942 960 1
942 963 1
942 965 1
942 974 1
942 978 1
942 982 1
943 962 1
943 968 1
944 952 1
944 956 1
944 960 1
944 961 1
944 973 1
945 953 1
945 964 1
946 979 1
946 994 1
947 948 1
947 964 1
947 972 1
947 980 1
947 993 1
948 980 1
949 975 1
949 1000 1
950 985 1
950 987 1
951 957 1
952 979 1
953 990 1
953 991 1
953 995 1
954 969 1
955 966 1
955 995 1
956 957 1
956 964 1
956 971 1
957 958 1
957 962 1
957 963 1
957 980 1
958 965 1
958 980 1
958 981 1
959 960 1
960 964 1
960 971 1
960 973 1
960 974 1
961 962 1
961 982 1
961 997 1
962 968 1
962 972 1
962 994 1
963 974 1
964 968 1
964 979 1
965 978 1
968 1000 1
969 989 1
969 990 1
970 972 1
970 993 1
971 988 1
971 995 1
974 981 1
974 988 1
975 995 1
976 977 1
976 978 1
978 983 1
979 983 1
979 993 1
980 999 1
981 999 1
982 991 1
982 994 1
983 987 1
985 989 1
985 991 1
987 991 1
989 999 1
990 995 1
990 1000 1
993 994 1
998 999 1
998 1000 1
