1000 3391
1 5 1
1 11 1
1 18 1
1 47 1
1 61 1
1 69 1
1 91 1
1 99 1
1 699 1
2 18 1
2 19 1
2 76 1
2 92 1
3 19 1
3 36 1
3 43 1
3 46 1
3 69 1
3 81 1
3 781 1
4 10 1
4 31 1
4 35 1
4 65 1
4 76 1
4 78 1
4 79 1
4 514 1
4 625 1
4 778 1
5 6 1
5 14 1
5 26 1
5 66 1
5 67 1
5 77 1
5 93 1
6 11 1
6 15 1
6 22 1
6 23 1
6 29 1
6 57 1
6 66 1
6 157 1
7 16 1
7 82 1
7 85 1
7 95 1
8 66 1
8 81 1
8 84 1
8 91 1
9 26 1
9 39 1
9 46 1
9 59 1
9 62 1
9 66 1
9 69 1
9 77 1
9 91 1
9 254 1
10 12 1
10 39 1
10 80 1
10 89 1
10 96 1
10 256 1
10 351 1
11 56 1
11 59 1
11 82 1
11 91 1
11 114 1
11 203 1
11 853 1
12 18 1
12 19 1
12 48 1
12 69 1
12 931 1
13 15 1
13 37 1
13 62 1
13 73 1
13 97 1
13 809 1
14 15 1
14 28 1
14 93 1
15 41 1
15 88 1
15 122 1
15 225 1
15 386 1
15 979 1
16 28 1
16 31 1
16 32 1
16 40 1
16 98 1
16 525 1
16 677 1
17 61 1
17 70 1
17 78 1
17 188 1
17 513 1
18 43 1
18 66 1
18 85 1
18 161 1
18 664 1
19 23 1
19 47 1
19 54 1
19 68 1
19 96 1
19 490 1
19 932 1
19 947 1
20 73 1
20 78 1
20 436 1
21 329 1
22 155 1
23 32 1
23 36 1
23 41 1
23 52 1
23 68 1
23 96 1
23 182 1
24 59 1
24 70 1
24 78 1
24 94 1
25 43 1
25 59 1
25 63 1
25 80 1
26 29 1
26 68 1
26 81 1
26 289 1
27 46 1
27 48 1
27 66 1
27 94 1
27 98 1
27 157 1
28 54 1
28 60 1
28 61 1
28 96 1
28 98 1
28 122 1
28 523 1
29 50 1
29 53 1
29 54 1
29 59 1
29 85 1
29 89 1
29 131 1
29 604 1
30 46 1
30 64 1
30 90 1
30 94 1
30 96 1
30 153 1
30 874 1
31 56 1
31 59 1
31 62 1
31 67 1
31 81 1
31 95 1
31 576 1
32 41 1
32 48 1
32 73 1
32 88 1
32 570 1
32 745 1
32 926 1
33 50 1
33 71 1
33 77 1
33 80 1
34 37 1
34 53 1
34 69 1
34 72 1
34 679 1
34 743 1
34 749 1
34 826 1
35 39 1
35 53 1
35 74 1
35 87 1
35 90 1
35 208 1
35 223 1
36 54 1
36 76 1
36 84 1
36 100 1
36 127 1
36 879 1
36 938 1
37 66 1
37 70 1
37 80 1
37 84 1
37 277 1
37 597 1
37 671 1
38 44 1
38 67 1
38 95 1
38 406 1
38 579 1
38 849 1
38 891 1
39 44 1
39 59 1
39 60 1
39 64 1
39 69 1
39 86 1
39 100 1
39 204 1
39 828 1
40 43 1
40 65 1
40 419 1
41 44 1
41 54 1
41 79 1
41 82 1
41 99 1
41 612 1
41 795 1
42 80 1
42 81 1
42 93 1
43 49 1
43 82 1
43 100 1
43 515 1
44 88 1
44 268 1
44 893 1
45 64 1
45 86 1
45 89 1
45 443 1
45 605 1
45 906 1
45 977 1
46 48 1
46 57 1
46 66 1
46 96 1
46 372 1
47 516 1
48 52 1
48 78 1
48 80 1
48 88 1
48 257 1
48 531 1
48 973 1
49 77 1
49 78 1
49 92 1
49 247 1
49 553 1
49 979 1
50 61 1
50 66 1
50 78 1
50 90 1
50 93 1
50 96 1
50 364 1
51 62 1
51 80 1
51 83 1
51 254 1
51 312 1
52 238 1
52 305 1
52 999 1
53 79 1
53 84 1
53 88 1
54 82 1
54 92 1
54 575 1
55 57 1
55 77 1
55 92 1
55 97 1
55 98 1
56 58 1
56 72 1
56 89 1
56 337 1
56 432 1
56 454 1
56 822 1
58 282 1
59 68 1
59 831 1
60 80 1
60 90 1
60 100 1
60 221 1
61 67 1
61 268 1
61 689 1
62 285 1
62 531 1
63 99 1
63 268 1
63 805 1
64 71 1
64 93 1
64 216 1
64 375 1
64 475 1
64 564 1
64 727 1
65 95 1
65 182 1
66 83 1
66 84 1
66 257 1
66 297 1
67 81 1
67 596 1
67 710 1
68 76 1
68 77 1
68 90 1
68 546 1
68 745 1
69 266 1
69 412 1
69 955 1
70 225 1
71 81 1
71 86 1
71 118 1
71 349 1
71 665 1
71 683 1
72 74 1
72 79 1
72 80 1
72 93 1
72 100 1
72 139 1
72 217 1
72 456 1
72 510 1
73 83 1
73 110 1
74 876 1
74 932 1
75 233 1
75 503 1
75 833 1
76 83 1
76 89 1
76 208 1
76 319 1
76 982 1
77 79 1
77 86 1
77 265 1
77 811 1
78 81 1
78 86 1
78 287 1
79 156 1
79 594 1
79 960 1
79 967 1
80 87 1
81 317 1
81 849 1
81 905 1
82 108 1
82 955 1
83 375 1
83 531 1
84 86 1
84 87 1
84 709 1
85 88 1
85 93 1
86 91 1
86 388 1
86 941 1
88 91 1
88 96 1
88 97 1
90 100 1
90 696 1
91 888 1
92 490 1
93 94 1
93 122 1
93 137 1
93 412 1
94 210 1
94 562 1
94 917 1
96 100 1
96 177 1
96 220 1
97 140 1
97 710 1
98 856 1
101 124 1
101 144 1
101 154 1
101 162 1
101 220 1
101 931 1
102 106 1
102 113 1
102 119 1
102 175 1
102 328 1
103 174 1
103 424 1
103 943 1
104 120 1
104 129 1
104 149 1
104 161 1
104 427 1
104 928 1
105 160 1
105 168 1
105 172 1
105 189 1
105 198 1
105 283 1
105 326 1
105 566 1
105 615 1
105 801 1
106 128 1
106 153 1
106 179 1
106 185 1
106 188 1
106 253 1
106 525 1
107 128 1
108 115 1
108 130 1
108 158 1
108 170 1
108 193 1
109 112 1
109 130 1
109 145 1
109 154 1
109 159 1
109 175 1
109 929 1
110 124 1
110 138 1
110 196 1
110 698 1
110 928 1
111 167 1
111 185 1
111 190 1
112 124 1
112 187 1
112 198 1
112 205 1
112 209 1
112 379 1
112 740 1
112 988 1
113 120 1
113 148 1
113 174 1
113 176 1
113 198 1
113 291 1
114 118 1
114 119 1
114 120 1
114 122 1
114 163 1
114 165 1
114 170 1
114 174 1
114 184 1
114 196 1
114 382 1
114 868 1
115 155 1
115 164 1
115 178 1
115 187 1
115 188 1
115 808 1
115 951 1
116 118 1
116 146 1
116 168 1
116 175 1
116 399 1
116 602 1
116 825 1
116 994 1
117 129 1
117 153 1
117 160 1
117 163 1
117 166 1
117 186 1
117 193 1
117 200 1
118 142 1
118 148 1
118 845 1
119 132 1
119 141 1
119 143 1
119 154 1
119 184 1
119 195 1
119 668 1
119 670 1
119 717 1
120 168 1
120 169 1
120 183 1
120 184 1
120 187 1
120 199 1
120 238 1
120 426 1
120 596 1
121 157 1
121 642 1
122 132 1
122 209 1
122 338 1
123 145 1
123 151 1
123 162 1
123 169 1
123 183 1
123 404 1
123 767 1
124 133 1
124 136 1
124 151 1
124 153 1
124 174 1
124 187 1
124 531 1
124 549 1
124 597 1
124 776 1
125 127 1
125 152 1
125 162 1
125 171 1
125 772 1
125 852 1
126 145 1
126 159 1
126 181 1
127 138 1
127 141 1
127 157 1
127 158 1
127 164 1
127 172 1
127 182 1
127 187 1
127 191 1
127 931 1
128 161 1
128 168 1
128 188 1
128 774 1
129 172 1
129 179 1
129 188 1
129 302 1
129 652 1
129 745 1
130 133 1
130 147 1
130 154 1
130 166 1
130 177 1
131 136 1
131 161 1
131 167 1
131 183 1
131 190 1
131 955 1
132 154 1
132 272 1
133 167 1
133 186 1
133 374 1
134 150 1
134 174 1
134 183 1
134 191 1
134 980 1
135 183 1
135 218 1
136 139 1
136 151 1
136 156 1
136 182 1
136 198 1
136 781 1
136 992 1
137 157 1
137 159 1
137 162 1
137 547 1
137 693 1
137 830 1
138 156 1
138 178 1
138 181 1
138 186 1
138 187 1
138 401 1
138 641 1
139 149 1
139 172 1
139 173 1
140 191 1
141 165 1
141 174 1
141 176 1
141 187 1
141 197 1
141 552 1
141 617 1
141 742 1
141 914 1
142 149 1
142 158 1
142 169 1
142 192 1
142 199 1
142 927 1
143 154 1
143 156 1
143 157 1
143 419 1
143 547 1
143 631 1
143 910 1
144 175 1
145 165 1
145 169 1
145 178 1
145 194 1
145 195 1
146 149 1
146 167 1
146 179 1
146 194 1
146 707 1
147 157 1
147 164 1
147 672 1
148 172 1
148 175 1
148 177 1
148 188 1
148 196 1
149 167 1
149 356 1
150 160 1
150 170 1
150 174 1
150 189 1
150 696 1
150 803 1
151 168 1
151 176 1
151 183 1
151 185 1
151 200 1
152 172 1
152 191 1
152 196 1
152 701 1
152 920 1
153 170 1
153 760 1
154 191 1
154 224 1
155 307 1
155 587 1
156 173 1
156 194 1
156 317 1
156 832 1
157 159 1
157 200 1
157 740 1
158 188 1
158 984 1
159 194 1
160 182 1
160 193 1
160 436 1
160 725 1
161 179 1
161 233 1
161 419 1
161 698 1
161 813 1
161 945 1
162 163 1
162 169 1
162 178 1
162 193 1
162 199 1
162 433 1
162 483 1
163 171 1
163 182 1
163 920 1
164 175 1
164 180 1
164 412 1
164 521 1
165 193 1
165 360 1
165 396 1
165 488 1
165 829 1
166 185 1
166 187 1
166 189 1
166 254 1
166 589 1
167 171 1
167 235 1
167 307 1
168 174 1
168 195 1
168 715 1
169 196 1
170 911 1
171 200 1
171 397 1
171 691 1
171 834 1
172 188 1
172 199 1
172 679 1
172 952 1
173 199 1
174 179 1
174 181 1
174 350 1
174 635 1
174 702 1
175 393 1
175 406 1
175 617 1
175 889 1
176 196 1
176 200 1
176 307 1
176 618 1
176 759 1
177 183 1
177 543 1
177 574 1
178 660 1
179 190 1
179 200 1
179 280 1
179 402 1
179 747 1
180 194 1
180 200 1
180 407 1
180 759 1
181 183 1
181 197 1
181 403 1
181 427 1
181 501 1
181 614 1
182 333 1
183 956 1
184 186 1
184 196 1
184 824 1
184 893 1
186 190 1
186 193 1
186 196 1
187 195 1
187 917 1
188 191 1
188 941 1
189 194 1
189 198 1
189 200 1
189 305 1
189 916 1
190 672 1
190 674 1
191 200 1
192 691 1
192 737 1
193 250 1
193 411 1
193 478 1
193 680 1
193 978 1
194 198 1
194 257 1
194 721 1
195 589 1
195 647 1
195 996 1
196 338 1
196 507 1
197 733 1
198 394 1
198 488 1
198 813 1
200 421 1
200 968 1
201 223 1
201 285 1
202 210 1
202 232 1
202 254 1
202 262 1
202 389 1
202 489 1
203 206 1
203 221 1
203 244 1
203 278 1
203 286 1
203 420 1
203 862 1
204 217 1
204 224 1
204 231 1
204 240 1
204 265 1
204 270 1
204 300 1
204 922 1
205 275 1
205 291 1
205 586 1
206 210 1
206 220 1
206 273 1
206 280 1
206 282 1
206 286 1
206 300 1
206 416 1
206 466 1
207 209 1
207 231 1
207 235 1
207 294 1
207 341 1
207 566 1
208 211 1
208 225 1
208 248 1
208 267 1
208 270 1
208 290 1
208 366 1
209 236 1
209 267 1
209 268 1
209 283 1
209 285 1
209 286 1
209 293 1
209 774 1
209 790 1
210 228 1
210 239 1
210 258 1
210 285 1
210 579 1
211 237 1
211 244 1
211 268 1
211 290 1
211 298 1
211 411 1
211 455 1
211 964 1
212 214 1
212 231 1
212 252 1
212 274 1
212 632 1
212 779 1
213 217 1
213 242 1
213 247 1
213 261 1
213 277 1
213 280 1
213 285 1
213 705 1
213 716 1
214 218 1
214 248 1
214 270 1
214 284 1
214 286 1
214 291 1
214 293 1
214 299 1
214 585 1
215 242 1
215 243 1
215 260 1
215 276 1
215 291 1
215 293 1
215 705 1
216 249 1
217 238 1
217 243 1
217 261 1
217 291 1
217 295 1
217 789 1
218 229 1
218 240 1
218 288 1
218 297 1
218 411 1
218 493 1
218 789 1
219 241 1
219 260 1
219 669 1
219 931 1
220 232 1
220 235 1
220 241 1
220 289 1
220 297 1
220 635 1
220 903 1
221 227 1
221 235 1
221 237 1
221 273 1
221 292 1
221 580 1
222 248 1
222 933 1
223 256 1
223 300 1
223 1000 1
224 232 1
224 262 1
224 269 1
224 273 1
225 229 1
225 240 1
225 251 1
225 261 1
225 273 1
225 278 1
225 317 1
225 439 1
226 240 1
226 242 1
226 268 1
226 299 1
226 841 1
227 245 1
227 249 1
227 272 1
227 278 1
227 283 1
227 343 1
228 253 1
228 259 1
228 284 1
228 350 1
229 231 1
229 280 1
229 284 1
229 290 1
229 299 1
230 236 1
230 239 1
230 283 1
230 285 1
230 464 1
230 488 1
230 751 1
230 892 1
231 492 1
232 237 1
232 248 1
232 252 1
232 274 1
232 281 1
232 655 1
233 247 1
233 260 1
233 515 1
233 728 1
234 240 1
234 252 1
234 263 1
234 296 1
235 248 1
235 261 1
235 264 1
235 273 1
235 282 1
235 284 1
235 606 1
235 896 1
236 269 1
236 277 1
236 289 1
236 435 1
236 492 1
237 238 1
237 253 1
237 258 1
237 285 1
237 300 1
237 338 1
237 933 1
238 243 1
238 293 1
238 424 1
239 280 1
239 333 1
240 253 1
240 765 1
241 273 1
242 244 1
242 285 1
243 251 1
243 268 1
243 297 1
243 667 1
243 887 1
243 967 1
244 359 1
246 250 1
246 255 1
246 264 1
246 286 1
246 620 1
246 985 1
247 267 1
247 285 1
247 563 1
248 269 1
248 287 1
248 296 1
248 318 1
248 336 1
248 599 1
248 721 1
248 926 1
249 259 1
249 284 1
249 372 1
249 388 1
249 939 1
250 256 1
250 907 1
251 255 1
251 292 1
251 587 1
252 289 1
252 295 1
253 265 1
253 275 1
253 993 1
254 272 1
254 282 1
254 284 1
254 339 1
254 874 1
255 274 1
255 283 1
255 386 1
255 650 1
255 817 1
255 835 1
255 865 1
257 264 1
258 259 1
258 262 1
258 276 1
258 504 1
259 501 1
260 286 1
260 291 1
260 442 1
260 734 1
260 787 1
261 263 1
261 271 1
261 779 1
261 984 1
262 271 1
262 291 1
263 284 1
263 289 1
264 266 1
264 285 1
265 271 1
265 273 1
265 277 1
265 288 1
265 300 1
265 387 1
266 274 1
267 273 1
267 283 1
267 293 1
267 299 1
267 711 1
268 280 1
268 283 1
268 295 1
268 365 1
268 747 1
269 298 1
269 897 1
269 923 1
270 289 1
270 634 1
271 299 1
271 710 1
271 859 1
272 274 1
272 288 1
273 558 1
273 599 1
274 284 1
274 300 1
274 370 1
274 391 1
275 700 1
276 337 1
276 647 1
276 848 1
276 881 1
277 351 1
277 369 1
277 704 1
278 306 1
278 500 1
278 554 1
279 882 1
279 896 1
280 409 1
281 617 1
283 285 1
283 293 1
283 460 1
283 558 1
283 750 1
283 953 1
284 294 1
285 286 1
285 297 1
285 313 1
286 290 1
286 690 1
287 310 1
287 358 1
287 663 1
288 296 1
288 539 1
288 687 1
289 294 1
291 603 1
292 454 1
292 595 1
292 857 1
292 876 1
292 898 1
293 496 1
294 366 1
294 808 1
294 904 1
295 572 1
295 781 1
295 928 1
295 959 1
296 778 1
298 668 1
299 379 1
299 481 1
300 379 1
301 312 1
301 328 1
301 334 1
301 338 1
301 345 1
301 355 1
301 387 1
301 396 1
301 397 1
301 704 1
302 319 1
302 393 1
303 342 1
303 374 1
303 688 1
303 798 1
304 369 1
304 371 1
304 377 1
305 313 1
305 314 1
305 347 1
305 349 1
305 351 1
305 381 1
305 391 1
305 834 1
306 394 1
306 459 1
306 572 1
306 671 1
307 313 1
307 326 1
307 330 1
307 333 1
307 342 1
307 349 1
308 311 1
308 364 1
308 390 1
308 395 1
308 447 1
309 318 1
309 665 1
310 329 1
310 380 1
310 388 1
310 396 1
310 397 1
310 509 1
310 544 1
311 356 1
311 442 1
312 352 1
312 370 1
312 387 1
313 318 1
313 363 1
313 377 1
313 380 1
313 385 1
313 395 1
313 750 1
314 340 1
314 348 1
314 383 1
314 399 1
315 335 1
315 393 1
315 735 1
315 813 1
316 332 1
316 352 1
316 378 1
316 395 1
316 398 1
317 326 1
317 335 1
317 339 1
317 354 1
317 361 1
317 377 1
317 451 1
317 748 1
317 980 1
318 330 1
318 332 1
318 341 1
318 381 1
318 397 1
318 723 1
319 324 1
319 325 1
319 337 1
319 338 1
319 397 1
319 544 1
319 704 1
319 784 1
320 408 1
321 345 1
321 374 1
321 376 1
321 390 1
321 740 1
322 364 1
322 529 1
323 330 1
323 333 1
323 343 1
323 358 1
323 377 1
324 338 1
324 340 1
324 343 1
324 350 1
324 351 1
324 352 1
324 363 1
324 369 1
324 372 1
324 378 1
324 392 1
324 778 1
325 333 1
325 374 1
325 399 1
325 635 1
326 331 1
326 343 1
327 338 1
327 359 1
327 380 1
327 381 1
327 653 1
328 347 1
328 355 1
328 361 1
329 337 1
329 345 1
330 343 1
330 353 1
330 363 1
330 372 1
330 374 1
330 383 1
330 538 1
330 719 1
331 339 1
331 342 1
331 343 1
331 362 1
331 390 1
331 395 1
331 419 1
332 341 1
332 345 1
332 382 1
332 390 1
332 395 1
332 458 1
332 539 1
333 336 1
333 354 1
333 360 1
333 368 1
333 370 1
333 384 1
333 395 1
333 519 1
333 572 1
334 337 1
334 349 1
334 372 1
334 373 1
334 385 1
334 397 1
334 491 1
334 643 1
335 340 1
335 343 1
335 370 1
335 374 1
335 506 1
335 522 1
335 638 1
336 356 1
336 380 1
336 387 1
336 539 1
337 352 1
337 396 1
337 612 1
338 341 1
338 345 1
338 380 1
338 381 1
338 390 1
339 340 1
339 343 1
339 344 1
339 349 1
339 367 1
339 374 1
339 390 1
339 491 1
339 605 1
339 745 1
339 820 1
339 907 1
340 346 1
340 361 1
340 364 1
340 375 1
340 381 1
340 388 1
341 342 1
341 381 1
341 384 1
342 363 1
342 385 1
342 391 1
342 393 1
342 398 1
343 374 1
343 382 1
343 441 1
343 447 1
343 679 1
344 366 1
344 390 1
344 393 1
344 773 1
344 829 1
345 415 1
345 704 1
346 354 1
346 361 1
346 381 1
346 383 1
346 697 1
347 358 1
347 362 1
347 365 1
347 380 1
347 386 1
347 396 1
347 402 1
347 602 1
347 776 1
348 361 1
348 367 1
348 371 1
349 372 1
349 377 1
349 388 1
349 398 1
349 459 1
350 370 1
350 390 1
350 427 1
350 628 1
350 797 1
351 374 1
352 372 1
352 373 1
352 387 1
352 527 1
352 889 1
352 927 1
353 362 1
353 365 1
353 387 1
353 717 1
353 759 1
354 365 1
354 393 1
354 449 1
354 560 1
354 569 1
355 375 1
355 389 1
355 465 1
356 367 1
356 384 1
356 387 1
356 397 1
356 516 1
356 963 1
357 362 1
357 364 1
357 386 1
357 399 1
357 673 1
357 934 1
358 394 1
358 663 1
358 882 1
359 374 1
359 378 1
359 380 1
359 391 1
359 637 1
359 920 1
360 393 1
361 372 1
361 392 1
362 372 1
362 386 1
362 399 1
363 365 1
363 370 1
363 389 1
363 490 1
364 392 1
364 792 1
365 400 1
365 443 1
365 695 1
365 722 1
366 369 1
366 381 1
366 400 1
367 998 1
368 372 1
368 375 1
368 384 1
368 865 1
369 385 1
369 399 1
369 691 1
370 380 1
370 804 1
371 393 1
372 382 1
372 396 1
373 374 1
373 375 1
373 392 1
373 956 1
374 379 1
374 539 1
374 622 1
374 897 1
375 559 1
376 397 1
376 640 1
377 378 1
377 385 1
377 392 1
377 428 1
378 390 1
378 398 1
378 895 1
379 923 1
381 386 1
381 411 1
381 958 1
383 384 1
383 391 1
383 650 1
384 393 1
384 607 1
384 708 1
384 810 1
385 485 1
386 707 1
387 527 1
388 710 1
389 871 1
393 682 1
393 948 1
395 573 1
395 600 1
397 462 1
399 454 1
399 477 1
399 614 1
400 983 1
401 483 1
401 497 1
401 977 1
402 404 1
402 405 1
402 418 1
402 424 1
402 581 1
403 411 1
403 416 1
403 436 1
403 437 1
403 449 1
403 468 1
403 497 1
403 498 1
403 504 1
403 809 1
404 406 1
404 459 1
404 494 1
405 431 1
405 437 1
405 476 1
406 410 1
406 439 1
406 443 1
406 461 1
406 496 1
407 432 1
407 448 1
407 486 1
407 892 1
408 425 1
408 440 1
408 455 1
408 463 1
408 483 1
408 484 1
408 489 1
409 423 1
409 480 1
409 500 1
410 419 1
410 853 1
410 995 1
411 425 1
411 452 1
411 458 1
411 491 1
412 432 1
412 461 1
412 481 1
412 498 1
412 616 1
412 969 1
413 419 1
413 428 1
413 459 1
414 429 1
414 431 1
414 437 1
414 456 1
414 472 1
414 481 1
414 485 1
414 496 1
414 615 1
415 419 1
415 424 1
415 433 1
415 435 1
415 445 1
415 468 1
415 474 1
415 480 1
415 491 1
415 936 1
416 419 1
416 432 1
416 449 1
416 477 1
416 491 1
416 812 1
416 916 1
416 984 1
417 426 1
417 471 1
418 443 1
418 448 1
418 475 1
418 488 1
418 490 1
418 968 1
419 459 1
419 500 1
420 566 1
421 435 1
421 485 1
421 491 1
421 494 1
421 515 1
421 782 1
422 430 1
422 449 1
422 452 1
422 478 1
422 481 1
422 540 1
423 450 1
423 471 1
423 477 1
423 644 1
423 793 1
424 440 1
424 463 1
424 797 1
424 803 1
425 437 1
425 471 1
425 479 1
425 726 1
425 728 1
425 806 1
425 823 1
426 429 1
426 483 1
426 490 1
426 874 1
426 951 1
427 444 1
427 463 1
427 482 1
427 490 1
427 604 1
427 807 1
427 924 1
427 960 1
428 442 1
428 460 1
428 470 1
428 483 1
428 767 1
428 960 1
429 449 1
429 456 1
429 469 1
429 485 1
429 495 1
430 462 1
430 464 1
430 495 1
430 497 1
431 444 1
431 446 1
431 453 1
431 469 1
431 500 1
431 508 1
431 578 1
431 954 1
432 436 1
432 459 1
432 468 1
432 471 1
432 484 1
432 486 1
432 496 1
433 434 1
433 435 1
433 475 1
433 484 1
433 522 1
434 436 1
434 437 1
434 442 1
434 445 1
434 446 1
434 971 1
435 437 1
435 438 1
435 442 1
435 480 1
435 493 1
436 438 1
436 461 1
436 476 1
436 499 1
437 439 1
437 440 1
437 483 1
437 488 1
437 490 1
437 496 1
437 656 1
438 455 1
438 478 1
438 482 1
438 483 1
438 486 1
438 491 1
438 887 1
439 456 1
439 464 1
439 468 1
439 470 1
439 490 1
439 491 1
439 495 1
439 635 1
439 931 1
439 994 1
440 442 1
440 457 1
440 464 1
440 494 1
440 625 1
440 678 1
441 497 1
441 746 1
442 464 1
443 445 1
443 475 1
443 480 1
444 461 1
444 613 1
445 496 1
446 498 1
446 711 1
446 944 1
447 457 1
447 466 1
447 496 1
448 479 1
448 480 1
448 985 1
449 465 1
449 480 1
449 488 1
449 495 1
449 496 1
450 451 1
450 476 1
450 493 1
450 827 1
451 452 1
451 471 1
451 475 1
451 490 1
452 467 1
452 498 1
452 646 1
453 477 1
453 500 1
455 466 1
455 498 1
455 851 1
455 944 1
456 498 1
456 525 1
457 484 1
457 487 1
457 489 1
457 490 1
457 647 1
457 690 1
458 459 1
458 562 1
458 962 1
459 466 1
459 493 1
459 627 1
459 635 1
459 952 1
460 462 1
460 464 1
460 477 1
460 705 1
460 789 1
460 838 1
461 497 1
461 831 1
462 465 1
462 470 1
462 489 1
462 582 1
462 677 1
463 495 1
463 689 1
464 500 1
465 472 1
465 474 1
465 480 1
465 823 1
466 482 1
467 470 1
467 476 1
467 488 1
468 476 1
468 482 1
469 476 1
469 484 1
469 492 1
469 858 1
469 977 1
470 476 1
470 493 1
470 603 1
470 881 1
470 888 1
470 944 1
471 480 1
471 684 1
471 721 1
471 932 1
472 476 1
472 498 1
473 489 1
473 511 1
473 871 1
474 484 1
474 491 1
474 954 1
475 484 1
475 492 1
475 493 1
475 495 1
476 479 1
476 490 1
476 492 1
476 496 1
476 558 1
476 706 1
476 938 1
476 992 1
477 498 1
477 719 1
478 497 1
478 498 1
478 730 1
479 795 1
480 650 1
481 487 1
481 493 1
481 498 1
482 484 1
482 487 1
482 671 1
483 499 1
484 617 1
484 843 1
485 972 1
486 490 1
487 564 1
487 577 1
488 987 1
489 492 1
489 498 1
489 603 1
490 496 1
491 500 1
491 882 1
492 542 1
493 763 1
494 766 1
495 776 1
495 990 1
498 500 1
499 585 1
500 889 1
500 979 1
501 527 1
501 541 1
501 582 1
501 591 1
502 530 1
502 546 1
502 556 1
502 591 1
503 510 1
503 549 1
503 556 1
503 567 1
503 581 1
503 598 1
503 642 1
503 772 1
503 981 1
504 564 1
504 574 1
505 515 1
505 586 1
505 829 1
506 510 1
506 514 1
506 519 1
506 527 1
506 549 1
506 558 1
506 583 1
506 584 1
506 593 1
506 934 1
507 567 1
507 587 1
507 600 1
508 526 1
508 548 1
508 560 1
508 588 1
508 839 1
508 850 1
509 512 1
509 517 1
509 562 1
509 652 1
509 807 1
510 511 1
510 526 1
510 542 1
510 545 1
510 551 1
510 577 1
510 593 1
510 830 1
510 875 1
511 525 1
511 544 1
511 577 1
511 956 1
512 524 1
512 527 1
512 541 1
512 550 1
512 567 1
512 586 1
512 589 1
513 516 1
513 517 1
513 535 1
513 565 1
513 579 1
513 587 1
513 943 1
514 536 1
514 552 1
514 573 1
515 536 1
515 542 1
515 546 1
515 564 1
515 712 1
516 517 1
516 542 1
516 564 1
517 530 1
517 544 1
517 550 1
517 556 1
517 570 1
517 586 1
518 552 1
518 574 1
519 538 1
519 591 1
519 898 1
520 526 1
520 600 1
521 539 1
521 557 1
521 578 1
521 586 1
521 675 1
522 526 1
522 570 1
522 597 1
523 548 1
523 561 1
523 575 1
523 584 1
523 741 1
523 827 1
523 866 1
524 538 1
524 549 1
524 580 1
524 583 1
524 584 1
524 591 1
524 599 1
524 690 1
525 558 1
525 565 1
525 572 1
525 594 1
525 935 1
526 528 1
526 535 1
526 561 1
526 568 1
526 593 1
526 601 1
526 632 1
526 808 1
527 544 1
527 563 1
527 566 1
527 578 1
527 647 1
528 529 1
528 530 1
528 542 1
528 566 1
528 578 1
528 581 1
529 530 1
529 557 1
529 563 1
529 570 1
529 580 1
529 645 1
529 932 1
530 533 1
530 572 1
530 587 1
530 588 1
530 592 1
531 558 1
531 586 1
531 593 1
531 991 1
532 591 1
533 535 1
533 551 1
533 575 1
533 590 1
533 785 1
534 538 1
534 550 1
534 566 1
534 788 1
534 853 1
535 567 1
535 568 1
535 598 1
536 547 1
536 557 1
536 588 1
537 547 1
537 579 1
538 552 1
538 563 1
538 564 1
538 565 1
538 586 1
539 551 1
539 583 1
540 543 1
540 576 1
540 596 1
541 547 1
541 576 1
542 572 1
542 582 1
543 552 1
543 557 1
544 553 1
544 554 1
544 558 1
544 569 1
544 575 1
544 583 1
544 595 1
544 599 1
545 557 1
545 565 1
545 576 1
545 578 1
545 593 1
545 596 1
545 690 1
546 578 1
546 598 1
546 599 1
547 554 1
547 569 1
547 585 1
547 594 1
548 581 1
548 728 1
549 558 1
549 578 1
550 571 1
550 577 1
550 589 1
550 600 1
550 783 1
551 567 1
551 570 1
551 594 1
552 573 1
552 574 1
552 587 1
552 588 1
552 589 1
553 592 1
553 594 1
554 577 1
554 578 1
554 583 1
554 597 1
554 600 1
555 557 1
555 567 1
555 622 1
555 910 1
556 559 1
556 564 1
556 572 1
556 672 1
556 857 1
557 559 1
557 568 1
557 584 1
557 709 1
558 567 1
558 569 1
558 589 1
558 964 1
559 560 1
559 579 1
559 581 1
560 588 1
560 592 1
560 993 1
561 583 1
561 592 1
561 594 1
561 621 1
561 843 1
561 899 1
562 571 1
562 597 1
562 598 1
562 924 1
563 567 1
563 585 1
563 587 1
563 589 1
563 714 1
564 571 1
564 807 1
566 596 1
567 579 1
567 736 1
567 859 1
568 572 1
568 579 1
568 599 1
569 573 1
569 589 1
569 599 1
569 762 1
570 587 1
570 620 1
571 722 1
572 581 1
572 590 1
572 592 1
573 616 1
573 693 1
574 589 1
575 576 1
575 588 1
575 690 1
575 953 1
576 600 1
576 797 1
579 598 1
579 940 1
580 584 1
580 588 1
580 596 1
580 652 1
580 981 1
584 660 1
584 813 1
585 590 1
585 776 1
588 597 1
589 605 1
589 764 1
590 619 1
591 972 1
593 712 1
594 801 1
594 858 1
595 664 1
595 677 1
596 600 1
596 668 1
596 782 1
596 991 1
598 649 1
598 875 1
601 672 1
601 688 1
602 616 1
602 621 1
602 624 1
602 646 1
602 654 1
602 660 1
602 666 1
603 618 1
603 629 1
603 670 1
603 673 1
603 687 1
603 699 1
604 612 1
604 614 1
604 635 1
605 616 1
605 618 1
605 637 1
605 648 1
605 687 1
606 649 1
606 653 1
606 666 1
606 671 1
607 634 1
607 668 1
607 687 1
608 654 1
608 656 1
608 662 1
608 663 1
608 678 1
608 910 1
609 610 1
609 623 1
609 635 1
609 650 1
609 663 1
609 667 1
609 684 1
609 689 1
609 699 1
610 652 1
610 666 1
610 692 1
611 650 1
611 661 1
611 920 1
612 614 1
612 617 1
612 626 1
612 639 1
612 668 1
612 674 1
612 678 1
612 681 1
612 698 1
612 873 1
613 624 1
613 628 1
613 630 1
613 670 1
613 674 1
613 988 1
614 615 1
614 627 1
614 628 1
614 630 1
614 637 1
614 642 1
614 646 1
615 641 1
615 646 1
615 688 1
616 623 1
616 634 1
616 655 1
616 671 1
616 693 1
616 694 1
616 913 1
617 625 1
617 626 1
617 639 1
617 640 1
617 646 1
617 661 1
617 666 1
617 680 1
617 686 1
617 696 1
618 627 1
618 648 1
619 624 1
619 628 1
619 639 1
619 641 1
619 650 1
619 653 1
619 654 1
619 900 1
620 648 1
620 687 1
620 695 1
621 626 1
621 669 1
621 670 1
621 676 1
621 697 1
621 832 1
622 700 1
622 746 1
622 970 1
623 648 1
623 657 1
623 673 1
623 831 1
623 868 1
623 884 1
624 642 1
624 649 1
624 659 1
624 664 1
624 693 1
624 700 1
624 728 1
624 977 1
624 995 1
625 631 1
625 654 1
625 681 1
625 683 1
625 693 1
626 667 1
626 671 1
627 640 1
627 670 1
627 675 1
627 679 1
628 631 1
628 666 1
629 755 1
630 652 1
630 661 1
630 666 1
630 678 1
630 913 1
631 639 1
631 659 1
631 663 1
631 670 1
631 699 1
632 639 1
632 658 1
632 664 1
632 685 1
632 859 1
633 637 1
633 662 1
633 669 1
633 687 1
633 691 1
633 720 1
633 765 1
633 964 1
634 685 1
634 700 1
634 713 1
634 889 1
635 649 1
635 681 1
635 691 1
635 700 1
636 646 1
636 647 1
636 656 1
636 667 1
636 676 1
637 676 1
637 698 1
638 662 1
638 679 1
638 699 1
639 662 1
639 683 1
639 731 1
639 916 1
640 654 1
641 655 1
641 678 1
641 687 1
641 909 1
642 648 1
642 654 1
642 664 1
642 679 1
642 693 1
642 903 1
643 673 1
643 679 1
643 688 1
644 674 1
644 695 1
644 824 1
645 665 1
645 677 1
645 689 1
646 677 1
646 690 1
647 657 1
649 661 1
649 698 1
649 816 1
650 724 1
650 863 1
650 870 1
651 656 1
651 667 1
651 672 1
651 679 1
651 691 1
651 769 1
652 670 1
653 669 1
653 692 1
654 677 1
654 691 1
654 890 1
655 664 1
655 946 1
656 685 1
656 689 1
657 669 1
657 687 1
657 700 1
658 671 1
659 660 1
659 820 1
659 988 1
660 676 1
660 680 1
660 685 1
660 905 1
661 670 1
661 689 1
661 758 1
661 877 1
662 687 1
662 695 1
662 700 1
663 692 1
663 696 1
663 858 1
664 698 1
665 674 1
665 684 1
666 679 1
666 691 1
666 961 1
666 973 1
667 691 1
668 685 1
668 687 1
668 696 1
669 674 1
669 687 1
669 936 1
670 688 1
671 694 1
671 696 1
672 675 1
672 693 1
672 699 1
672 771 1
673 692 1
673 700 1
674 680 1
674 698 1
676 680 1
677 689 1
677 692 1
678 694 1
679 683 1
679 702 1
680 696 1
682 685 1
682 695 1
682 699 1
684 689 1
684 698 1
684 830 1
685 733 1
685 867 1
686 750 1
686 985 1
687 977 1
688 853 1
689 869 1
690 696 1
690 986 1
691 909 1
692 959 1
693 770 1
693 879 1
694 701 1
694 785 1
695 699 1
696 902 1
696 938 1
698 719 1
698 757 1
701 706 1
701 716 1
701 722 1
701 764 1
701 774 1
701 907 1
702 715 1
702 732 1
702 744 1
702 748 1
702 750 1
702 792 1
703 723 1
703 739 1
703 752 1
703 798 1
704 721 1
704 747 1
704 758 1
704 759 1
704 762 1
705 716 1
705 725 1
705 754 1
705 786 1
705 872 1
706 788 1
707 712 1
707 717 1
707 734 1
707 741 1
708 739 1
708 742 1
708 748 1
708 755 1
708 773 1
708 775 1
708 779 1
708 925 1
709 713 1
709 720 1
709 735 1
709 745 1
709 747 1
709 748 1
709 924 1
710 724 1
710 781 1
710 789 1
710 802 1
711 745 1
711 751 1
711 800 1
712 781 1
712 791 1
712 818 1
712 979 1
713 716 1
713 727 1
713 737 1
713 759 1
713 968 1
714 715 1
714 724 1
714 733 1
714 735 1
714 741 1
714 765 1
714 766 1
714 769 1
715 750 1
715 782 1
715 784 1
715 793 1
716 723 1
716 725 1
716 729 1
716 846 1
716 994 1
717 733 1
717 751 1
717 758 1
717 761 1
717 785 1
717 787 1
718 727 1
718 738 1
718 761 1
718 800 1
719 729 1
719 754 1
720 733 1
720 770 1
720 792 1
720 795 1
721 738 1
721 750 1
721 752 1
721 764 1
721 789 1
721 791 1
721 801 1
721 928 1
721 937 1
722 725 1
722 727 1
722 747 1
722 777 1
722 780 1
722 799 1
722 855 1
723 748 1
723 797 1
723 798 1
724 726 1
724 776 1
724 781 1
724 787 1
724 997 1
725 731 1
725 741 1
726 753 1
727 748 1
727 753 1
727 770 1
727 775 1
727 780 1
727 791 1
728 734 1
729 744 1
730 732 1
730 734 1
730 781 1
730 919 1
731 735 1
731 742 1
731 749 1
731 765 1
731 796 1
731 797 1
732 737 1
732 749 1
732 771 1
732 778 1
732 786 1
732 787 1
733 782 1
733 796 1
733 853 1
734 736 1
734 771 1
735 756 1
735 780 1
736 754 1
736 796 1
736 868 1
736 992 1
738 748 1
738 794 1
738 947 1
739 740 1
739 756 1
739 797 1
740 762 1
740 763 1
740 783 1
740 785 1
740 800 1
741 760 1
741 763 1
741 773 1
741 776 1
741 796 1
742 760 1
743 748 1
744 773 1
744 774 1
744 775 1
744 778 1
745 750 1
745 764 1
745 766 1
745 818 1
745 928 1
746 761 1
746 777 1
746 789 1
747 751 1
748 750 1
748 753 1
748 754 1
748 759 1
748 761 1
748 766 1
748 793 1
749 769 1
749 771 1
749 800 1
749 988 1
750 774 1
750 783 1
750 790 1
750 872 1
751 754 1
751 756 1
751 797 1
751 813 1
752 765 1
752 768 1
752 770 1
752 783 1
752 787 1
753 771 1
753 776 1
753 796 1
754 767 1
754 769 1
754 774 1
754 783 1
754 787 1
754 982 1
755 760 1
755 764 1
755 765 1
755 775 1
756 778 1
756 785 1
756 963 1
758 985 1
759 770 1
759 772 1
760 772 1
760 773 1
760 774 1
760 776 1
760 789 1
760 792 1
761 763 1
762 787 1
763 781 1
763 800 1
764 797 1
765 766 1
765 780 1
765 798 1
768 771 1
768 786 1
769 786 1
769 789 1
770 772 1
770 773 1
770 776 1
770 779 1
770 784 1
770 793 1
770 796 1
771 772 1
771 799 1
771 912 1
772 780 1
772 789 1
772 866 1
772 908 1
772 976 1
774 788 1
774 861 1
775 785 1
775 795 1
775 799 1
776 957 1
777 789 1
778 902 1
779 790 1
780 798 1
780 845 1
781 875 1
783 796 1
784 789 1
784 907 1
787 789 1
787 829 1
789 896 1
793 826 1
794 945 1
797 800 1
798 829 1
801 805 1
801 841 1
801 858 1
801 864 1
802 811 1
802 835 1
802 873 1
802 882 1
802 897 1
802 987 1
803 804 1
803 826 1
803 853 1
803 885 1
803 898 1
804 805 1
804 820 1
804 834 1
804 849 1
804 866 1
804 879 1
804 885 1
804 888 1
804 899 1
805 818 1
805 831 1
805 869 1
805 871 1
805 937 1
806 811 1
806 830 1
806 831 1
806 838 1
806 860 1
807 840 1
808 841 1
808 848 1
808 879 1
809 822 1
809 836 1
809 856 1
809 870 1
809 873 1
810 830 1
810 840 1
810 846 1
810 878 1
810 888 1
810 897 1
810 937 1
811 819 1
811 863 1
811 883 1
811 887 1
811 896 1
812 831 1
812 850 1
812 884 1
813 826 1
813 837 1
813 881 1
813 893 1
814 821 1
814 851 1
814 882 1
814 886 1
814 894 1
815 818 1
816 828 1
816 829 1
816 833 1
816 837 1
816 847 1
816 862 1
816 900 1
817 834 1
817 893 1
818 850 1
818 885 1
819 831 1
819 833 1
819 854 1
819 863 1
819 877 1
819 891 1
820 828 1
820 843 1
820 876 1
820 897 1
821 848 1
821 857 1
821 865 1
821 953 1
822 850 1
822 969 1
823 856 1
823 899 1
824 830 1
824 864 1
824 872 1
824 887 1
824 897 1
825 828 1
825 853 1
825 855 1
826 830 1
826 834 1
826 836 1
826 868 1
826 893 1
826 895 1
826 900 1
827 837 1
827 865 1
827 884 1
828 830 1
828 841 1
828 850 1
828 878 1
829 841 1
829 876 1
829 880 1
829 898 1
830 846 1
831 883 1
832 838 1
832 866 1
832 890 1
832 908 1
833 860 1
833 869 1
833 952 1
834 856 1
834 861 1
834 868 1
834 883 1
834 886 1
835 848 1
835 863 1
835 873 1
836 852 1
836 889 1
837 845 1
838 841 1
838 846 1
838 864 1
838 867 1
838 900 1
839 876 1
839 895 1
840 864 1
840 872 1
840 875 1
840 883 1
840 893 1
841 887 1
841 900 1
842 852 1
842 855 1
842 888 1
843 844 1
843 860 1
843 893 1
844 889 1
845 851 1
845 858 1
845 881 1
845 900 1
846 850 1
846 866 1
846 870 1
846 900 1
847 853 1
847 875 1
847 883 1
847 894 1
848 885 1
849 887 1
849 897 1
849 949 1
850 884 1
850 894 1
850 898 1
850 941 1
851 858 1
851 875 1
851 887 1
851 888 1
852 881 1
852 890 1
853 861 1
854 864 1
854 896 1
855 870 1
855 885 1
856 867 1
857 867 1
857 890 1
857 896 1
857 907 1
858 865 1
858 876 1
858 886 1
858 888 1
859 894 1
861 888 1
861 890 1
862 865 1
862 870 1
863 890 1
863 923 1
865 876 1
865 890 1
865 938 1
866 870 1
867 886 1
868 870 1
869 873 1
870 897 1
871 875 1
871 891 1
872 878 1
872 885 1
873 891 1
876 880 1
877 883 1
877 888 1
878 894 1
879 900 1
880 884 1
882 921 1
883 892 1
883 910 1
884 892 1
884 893 1
885 886 1
887 899 1
888 894 1
889 896 1
890 896 1
891 894 1
891 994 1
893 897 1
899 987 1
901 909 1
901 920 1
901 949 1
901 960 1
901 983 1
901 998 1
902 911 1
902 919 1
902 942 1
902 953 1
903 931 1
903 949 1
903 955 1
904 915 1
904 924 1
904 928 1
904 929 1
904 935 1
904 940 1
904 994 1
905 932 1
905 933 1
905 942 1
905 954 1
905 963 1
905 970 1
905 993 1
906 910 1
906 911 1
906 936 1
906 939 1
906 948 1
906 965 1
906 975 1
906 977 1
906 984 1
906 986 1
907 959 1
908 927 1
908 933 1
909 953 1
909 997 1
910 934 1
910 964 1
911 931 1
911 985 1
912 925 1
912 933 1
912 952 1
912 957 1
912 962 1
912 963 1
912 985 1
912 991 1
913 927 1
913 934 1
913 935 1
913 952 1
913 968 1
913 973 1
913 976 1
915 966 1
915 986 1
916 936 1
916 955 1
917 934 1
917 993 1
918 921 1
918 966 1
919 985 1
920 924 1
920 947 1
920 951 1
920 956 1
920 965 1
921 978 1
921 980 1
921 985 1
921 989 1
921 996 1
921 998 1
922 956 1
923 970 1
924 926 1
924 953 1
924 957 1
924 994 1
924 1000 1
925 933 1
925 940 1
925 954 1
925 964 1
925 972 1
925 974 1
926 976 1
926 980 1
927 946 1
927 954 1
927 975 1
927 999 1
928 960 1
928 980 1
928 987 1
928 989 1
929 963 1
929 967 1
929 968 1
929 1000 1
930 936 1
930 953 1
930 956 1
930 964 1
930 980 1
930 984 1
930 994 1
931 942 1
931 970 1
931 987 1
932 980 1
935 955 1
935 958 1
935 960 1
935 989 1
936 950 1
936 957 1
936 969 1
936 980 1
937 954 1
937 965 1
937 989 1
938 996 1
939 959 1
939 961 1
939 970 1
942 954 1
942 962 1
942 971 1
942 984 1
943 956 1
943 991 1
943 997 1
944 945 1
944 977 1
945 954 1
945 955 1
945 968 1
945 969 1
945 976 1
945 990 1
945 1000 1
946 964 1
946 996 1
947 960 1
947 978 1
948 965 1
949 952 1
949 990 1
949 992 1
951 971 1
952 962 1
952 975 1
952 984 1
953 976 1
953 988 1
953 996 1
954 959 1
954 971 1
955 965 1
955 995 1
956 957 1
956 967 1
957 986 1
957 997 1
957 998 1
958 982 1
959 971 1
959 974 1
960 966 1
960 976 1
960 988 1
960 993 1
961 966 1
961 983 1
962 992 1
962 997 1
963 971 1
963 972 1
963 974 1
963 976 1
964 981 1
964 991 1
964 995 1
967 969 1
967 986 1
967 994 1
969 990 1
970 977 1
970 978 1
970 998 1
971 985 1
972 989 1
972 992 1
972 999 1
973 980 1
974 985 1
974 991 1
974 999 1
975 979 1
975 990 1
977 985 1
977 992 1
977 994 1
978 987 1
979 986 1
983 993 1
984 998 1
985 996 1
988 990 1
988 996 1
988 1000 1
989 990 1
991 994 1
991 996 1
995 997 1
995 999 1
998 999 1
