1000 3484
1 13 1
1 20 1
1 35 1
1 38 1
1 59 1
1 70 1
2 12 1
2 33 1
2 36 1
2 38 1
2 47 1
2 55 1
2 63 1
2 72 1
2 86 1
2 96 1
2 251 1
3 17 1
3 43 1
3 59 1
3 66 1
3 139 1
4 9 1
4 15 1
4 29 1
4 35 1
4 87 1
4 92 1
4 97 1
4 471 1
4 796 1
4 953 1
5 7 1
5 47 1
5 78 1
5 93 1
6 43 1
6 57 1
6 86 1
6 471 1
6 822 1
7 20 1
7 21 1
7 39 1
7 62 1
7 69 1
8 13 1
8 38 1
8 87 1
8 100 1
8 582 1
8 600 1
8 775 1
9 25 1
9 28 1
9 34 1
9 37 1
9 56 1
9 72 1
9 88 1
9 98 1
9 432 1
9 961 1
10 13 1
10 29 1
10 39 1
10 44 1
10 55 1
10 62 1
10 68 1
10 71 1
10 99 1
10 184 1
10 283 1
11 30 1
11 60 1
11 95 1
12 13 1
12 26 1
12 95 1
12 170 1
12 471 1
12 932 1
13 55 1
13 63 1
13 76 1
13 88 1
13 93 1
13 477 1
13 665 1
13 824 1
13 858 1
14 36 1
14 46 1
14 84 1
14 98 1
14 462 1
15 20 1
15 43 1
15 63 1
15 76 1
15 859 1
16 17 1
16 30 1
16 53 1
16 60 1
16 64 1
16 75 1
16 93 1
16 145 1
16 959 1
17 18 1
17 20 1
17 58 1
17 80 1
17 98 1
17 907 1
17 934 1
18 64 1
18 79 1
18 91 1
18 95 1
18 712 1
19 21 1
19 24 1
19 48 1
19 82 1
19 88 1
19 95 1
19 709 1
19 786 1
20 22 1
20 38 1
20 98 1
20 147 1
20 282 1
20 573 1
20 609 1
20 811 1
20 859 1
21 34 1
21 35 1
21 40 1
21 42 1
21 43 1
21 47 1
21 51 1
21 67 1
21 94 1
21 463 1
21 734 1
22 77 1
22 201 1
22 810 1
22 868 1
22 910 1
23 32 1
23 41 1
23 64 1
23 69 1
23 90 1
23 97 1
23 100 1
23 658 1
24 27 1
24 37 1
24 210 1
24 691 1
24 891 1
25 27 1
25 53 1
25 73 1
25 76 1
25 180 1
25 245 1
25 298 1
25 480 1
25 534 1
26 32 1
26 40 1
26 50 1
26 51 1
26 53 1
26 54 1
26 97 1
26 315 1
27 40 1
27 67 1
27 69 1
27 88 1
27 407 1
28 42 1
28 364 1
28 751 1
29 47 1
29 69 1
29 79 1
29 82 1
29 91 1
29 586 1
29 701 1
29 726 1
30 100 1
30 469 1
31 45 1
31 53 1
31 67 1
31 91 1
31 135 1
31 282 1
32 97 1
32 109 1
32 893 1
33 41 1
33 202 1
33 601 1
33 780 1
34 47 1
34 574 1
35 45 1
35 59 1
35 77 1
35 200 1
35 641 1
35 776 1
36 386 1
36 488 1
36 509 1
37 85 1
37 401 1
38 51 1
38 77 1
38 93 1
38 96 1
38 833 1
39 54 1
39 376 1
40 53 1
40 64 1
40 78 1
40 83 1
40 614 1
40 879 1
40 906 1
41 47 1
41 60 1
41 84 1
41 470 1
41 598 1
41 650 1
41 847 1
42 61 1
42 63 1
42 79 1
42 83 1
42 761 1
43 64 1
43 90 1
43 95 1
43 101 1
43 250 1
43 533 1
43 654 1
43 903 1
44 72 1
44 76 1
44 82 1
44 511 1
44 548 1
44 630 1
45 46 1
45 50 1
45 72 1
45 76 1
45 80 1
45 91 1
46 66 1
46 71 1
46 85 1
46 97 1
46 636 1
47 68 1
47 70 1
47 75 1
47 971 1
48 57 1
48 63 1
48 98 1
48 278 1
48 346 1
49 53 1
49 57 1
49 72 1
49 370 1
49 784 1
50 81 1
50 85 1
50 300 1
50 422 1
50 659 1
51 58 1
51 67 1
51 95 1
51 306 1
51 735 1
51 788 1
51 831 1
51 952 1
52 63 1
52 79 1
52 94 1
52 281 1
52 665 1
52 801 1
53 59 1
53 79 1
53 83 1
53 87 1
53 88 1
53 96 1
53 622 1
53 760 1
54 65 1
54 87 1
55 498 1
55 564 1
56 65 1
56 68 1
56 82 1
56 89 1
56 287 1
56 965 1
57 61 1
57 69 1
57 81 1
57 98 1
57 383 1
57 694 1
58 706 1
58 725 1
58 785 1
58 959 1
59 81 1
59 847 1
59 909 1
60 79 1
61 83 1
61 84 1
61 92 1
61 923 1
62 63 1
62 65 1
62 70 1
62 87 1
62 88 1
62 93 1
63 64 1
63 687 1
63 974 1
64 68 1
64 286 1
64 317 1
64 320 1
64 398 1
64 805 1
65 67 1
65 540 1
66 85 1
66 89 1
66 99 1
67 69 1
67 72 1
67 431 1
68 505 1
68 855 1
68 862 1
68 893 1
69 81 1
69 93 1
69 761 1
70 76 1
70 478 1
71 82 1
71 345 1
72 86 1
72 100 1
72 406 1
72 800 1
73 74 1
73 75 1
73 93 1
73 112 1
73 592 1
74 76 1
74 817 1
74 826 1
76 81 1
77 85 1
77 86 1
77 99 1
77 503 1
78 838 1
79 94 1
79 108 1
79 463 1
79 984 1
80 920 1
81 178 1
81 362 1
81 482 1
82 92 1
82 152 1
83 90 1
83 248 1
83 298 1
84 130 1
84 566 1
84 748 1
85 299 1
85 595 1
85 692 1
86 90 1
88 113 1
88 584 1
88 733 1
90 99 1
90 491 1
91 593 1
92 410 1
95 341 1
95 522 1
95 770 1
95 895 1
96 883 1
96 998 1
97 806 1
98 279 1
98 369 1
99 100 1
99 106 1
101 134 1
101 143 1
101 181 1
101 787 1
102 118 1
102 128 1
102 137 1
102 158 1
102 178 1
102 187 1
102 195 1
102 683 1
103 114 1
103 117 1
103 124 1
103 146 1
103 155 1
103 159 1
103 162 1
103 195 1
103 200 1
103 211 1
103 530 1
104 111 1
104 139 1
104 493 1
105 117 1
105 126 1
105 134 1
105 135 1
105 158 1
105 159 1
105 166 1
105 177 1
105 187 1
105 235 1
105 448 1
105 498 1
105 610 1
105 928 1
105 976 1
106 134 1
106 139 1
106 147 1
106 148 1
106 160 1
106 173 1
106 181 1
106 193 1
106 323 1
106 572 1
107 110 1
107 113 1
107 127 1
107 128 1
107 176 1
107 366 1
107 526 1
107 869 1
108 111 1
108 113 1
108 123 1
108 136 1
108 141 1
108 145 1
108 277 1
108 355 1
108 373 1
108 395 1
108 811 1
108 900 1
109 126 1
109 153 1
109 173 1
109 178 1
109 561 1
110 143 1
110 147 1
110 163 1
110 180 1
110 200 1
110 571 1
110 658 1
111 173 1
111 178 1
111 183 1
111 186 1
111 194 1
111 262 1
111 855 1
112 146 1
112 236 1
112 464 1
113 115 1
113 137 1
114 117 1
114 141 1
114 151 1
114 172 1
114 174 1
114 179 1
114 186 1
115 138 1
115 147 1
115 163 1
115 168 1
115 819 1
116 121 1
116 141 1
116 167 1
116 192 1
116 242 1
116 450 1
116 525 1
117 126 1
117 132 1
117 160 1
117 654 1
117 789 1
118 136 1
118 154 1
118 490 1
119 124 1
119 126 1
119 129 1
119 186 1
119 299 1
119 562 1
119 942 1
119 1000 1
120 128 1
120 142 1
120 151 1
120 169 1
120 180 1
120 346 1
121 134 1
121 190 1
121 193 1
122 136 1
122 145 1
122 163 1
122 192 1
122 193 1
123 139 1
123 161 1
123 175 1
123 338 1
123 434 1
124 155 1
124 167 1
124 170 1
124 182 1
124 183 1
124 185 1
124 191 1
124 554 1
125 126 1
125 162 1
125 241 1
125 440 1
125 873 1
126 140 1
126 143 1
126 161 1
126 164 1
127 164 1
127 176 1
127 177 1
128 167 1
128 171 1
128 173 1
128 187 1
128 193 1
128 773 1
129 136 1
129 169 1
129 773 1
129 811 1
129 826 1
129 894 1
129 992 1
130 150 1
130 160 1
131 142 1
131 143 1
131 148 1
131 185 1
131 196 1
132 134 1
132 150 1
132 157 1
132 171 1
132 176 1
132 182 1
132 184 1
132 187 1
132 449 1
132 789 1
132 811 1
133 135 1
133 167 1
133 179 1
133 192 1
134 135 1
134 177 1
134 194 1
134 384 1
134 750 1
135 150 1
135 166 1
135 167 1
135 183 1
136 140 1
136 145 1
136 148 1
136 156 1
136 171 1
136 192 1
136 193 1
137 145 1
137 194 1
137 200 1
137 370 1
137 781 1
137 877 1
137 911 1
138 169 1
138 183 1
138 298 1
139 159 1
139 181 1
140 165 1
140 190 1
140 264 1
140 524 1
140 843 1
141 149 1
141 162 1
141 185 1
141 450 1
142 148 1
142 176 1
142 194 1
142 197 1
143 168 1
143 238 1
143 350 1
143 601 1
144 148 1
144 155 1
144 166 1
144 199 1
144 330 1
144 562 1
145 158 1
145 163 1
145 213 1
145 303 1
145 778 1
145 849 1
146 186 1
146 189 1
147 249 1
147 262 1
147 441 1
147 999 1
148 169 1
149 152 1
149 167 1
149 191 1
149 197 1
149 198 1
150 174 1
150 198 1
150 351 1
151 158 1
151 994 1
152 155 1
152 185 1
152 194 1
152 195 1
153 159 1
153 190 1
153 191 1
153 696 1
153 865 1
153 870 1
154 164 1
154 171 1
154 198 1
154 278 1
155 168 1
155 174 1
155 272 1
156 168 1
156 189 1
156 269 1
156 271 1
156 572 1
157 166 1
157 167 1
157 178 1
157 195 1
157 309 1
157 483 1
157 493 1
157 604 1
157 615 1
157 873 1
158 166 1
158 179 1
158 185 1
158 495 1
159 172 1
159 181 1
159 199 1
159 836 1
160 169 1
160 184 1
161 169 1
161 325 1
162 170 1
162 532 1
162 835 1
163 197 1
163 411 1
163 940 1
164 175 1
164 190 1
164 191 1
164 481 1
165 174 1
166 193 1
166 199 1
166 909 1
167 266 1
167 647 1
168 176 1
169 192 1
169 770 1
170 185 1
170 910 1
171 193 1
171 198 1
172 188 1
172 200 1
172 217 1
173 437 1
173 909 1
175 189 1
175 781 1
176 186 1
176 192 1
176 200 1
177 178 1
177 872 1
178 628 1
178 878 1
178 959 1
179 194 1
179 197 1
179 563 1
180 191 1
180 200 1
182 189 1
183 192 1
183 193 1
183 235 1
183 325 1
183 494 1
183 642 1
184 192 1
184 343 1
184 888 1
185 283 1
185 534 1
185 853 1
186 197 1
186 200 1
187 242 1
187 341 1
187 411 1
187 720 1
188 194 1
188 629 1
188 639 1
189 196 1
189 197 1
190 195 1
191 344 1
191 909 1
193 210 1
194 618 1
194 712 1
195 197 1
196 507 1
196 568 1
196 721 1
196 725 1
196 920 1
197 594 1
198 676 1
199 943 1
201 212 1
201 216 1
201 242 1
201 277 1
201 627 1
201 789 1
202 212 1
202 215 1
202 228 1
202 261 1
202 300 1
202 558 1
202 735 1
203 214 1
203 246 1
203 249 1
203 260 1
203 299 1
203 506 1
203 634 1
204 211 1
204 213 1
204 263 1
204 290 1
204 297 1
204 584 1
205 247 1
205 260 1
205 277 1
205 278 1
205 283 1
205 286 1
205 290 1
205 879 1
206 207 1
206 225 1
206 233 1
206 239 1
206 249 1
207 240 1
208 230 1
208 238 1
208 269 1
208 271 1
208 864 1
208 962 1
209 216 1
209 224 1
209 253 1
209 687 1
210 218 1
210 244 1
210 255 1
210 258 1
210 269 1
210 429 1
210 693 1
210 759 1
211 214 1
211 220 1
211 230 1
211 232 1
211 259 1
211 269 1
211 272 1
211 280 1
211 937 1
211 981 1
212 228 1
212 284 1
212 451 1
212 493 1
212 732 1
213 214 1
213 217 1
213 222 1
213 228 1
213 248 1
213 251 1
213 274 1
213 276 1
213 279 1
213 286 1
213 295 1
214 216 1
214 224 1
214 232 1
214 273 1
214 275 1
214 276 1
214 284 1
214 290 1
214 406 1
215 218 1
215 252 1
215 253 1
215 256 1
215 789 1
215 861 1
216 264 1
216 275 1
216 286 1
217 248 1
217 277 1
217 280 1
217 285 1
217 666 1
217 789 1
218 236 1
218 261 1
218 760 1
219 233 1
219 261 1
219 288 1
219 292 1
220 243 1
220 260 1
220 297 1
220 464 1
220 608 1
220 714 1
221 247 1
221 267 1
221 275 1
221 276 1
222 275 1
222 276 1
222 288 1
222 292 1
223 230 1
223 268 1
223 272 1
223 288 1
223 300 1
223 877 1
224 230 1
224 245 1
224 253 1
224 269 1
224 283 1
224 291 1
224 292 1
224 934 1
225 241 1
225 249 1
225 299 1
225 920 1
226 250 1
226 271 1
226 273 1
226 279 1
226 767 1
226 976 1
227 234 1
227 235 1
227 242 1
227 247 1
227 271 1
227 663 1
228 229 1
228 298 1
229 277 1
229 278 1
229 281 1
229 299 1
229 856 1
230 269 1
230 290 1
230 338 1
230 567 1
230 581 1
230 805 1
231 256 1
231 292 1
232 251 1
232 270 1
232 293 1
232 375 1
232 670 1
232 676 1
233 239 1
233 242 1
233 249 1
233 259 1
233 296 1
233 773 1
234 241 1
234 262 1
234 269 1
234 280 1
234 290 1
234 297 1
234 409 1
234 745 1
234 884 1
235 244 1
235 254 1
235 579 1
235 852 1
236 272 1
236 295 1
236 368 1
236 711 1
236 820 1
237 242 1
237 245 1
237 251 1
237 267 1
237 281 1
237 334 1
237 797 1
238 242 1
238 905 1
239 264 1
239 296 1
240 245 1
240 252 1
240 261 1
240 266 1
240 387 1
240 766 1
240 807 1
241 242 1
241 264 1
241 272 1
241 295 1
241 298 1
241 369 1
241 909 1
242 247 1
242 270 1
242 389 1
242 457 1
242 506 1
242 586 1
242 633 1
242 861 1
243 275 1
243 277 1
243 551 1
243 618 1
244 250 1
244 270 1
244 283 1
244 286 1
244 299 1
244 550 1
244 802 1
245 299 1
245 433 1
245 840 1
246 251 1
246 261 1
246 273 1
246 279 1
246 804 1
247 255 1
247 264 1
247 277 1
247 282 1
247 293 1
248 256 1
248 272 1
248 274 1
248 491 1
249 264 1
249 288 1
249 627 1
249 661 1
249 960 1
250 260 1
250 421 1
250 681 1
251 288 1
252 257 1
252 272 1
252 281 1
252 285 1
252 300 1
252 823 1
252 970 1
252 990 1
253 279 1
253 284 1
253 291 1
253 439 1
253 871 1
254 268 1
254 286 1
254 292 1
255 279 1
256 277 1
256 290 1
256 299 1
256 738 1
256 989 1
257 282 1
257 503 1
257 789 1
257 927 1
258 265 1
258 289 1
258 295 1
258 735 1
259 277 1
259 285 1
259 291 1
259 292 1
259 898 1
260 269 1
260 272 1
260 290 1
260 298 1
261 266 1
261 278 1
261 298 1
261 399 1
261 768 1
262 265 1
262 282 1
262 291 1
262 297 1
263 270 1
263 273 1
263 279 1
263 298 1
263 448 1
264 282 1
264 284 1
264 456 1
265 543 1
265 775 1
266 270 1
266 800 1
266 906 1
267 269 1
267 270 1
267 273 1
267 293 1
267 294 1
268 285 1
269 487 1
269 746 1
270 284 1
270 294 1
270 300 1
270 807 1
271 286 1
271 406 1
272 275 1
272 317 1
273 280 1
273 281 1
273 441 1
273 804 1
274 283 1
274 289 1
274 407 1
274 561 1
274 573 1
275 281 1
275 285 1
275 299 1
275 471 1
275 749 1
276 550 1
277 289 1
277 290 1
278 876 1
279 299 1
279 680 1
280 282 1
280 300 1
280 372 1
280 615 1
280 787 1
281 667 1
281 701 1
282 299 1
282 493 1
282 868 1
283 592 1
284 293 1
285 298 1
285 507 1
285 650 1
286 845 1
288 300 1
288 779 1
288 943 1
289 299 1
292 601 1
292 717 1
293 583 1
294 542 1
297 448 1
297 964 1
297 972 1
299 973 1
300 923 1
301 309 1
301 310 1
301 311 1
301 325 1
301 348 1
301 379 1
301 380 1
301 385 1
301 396 1
301 399 1
301 433 1
301 687 1
302 304 1
302 342 1
302 369 1
302 373 1
302 397 1
302 715 1
303 311 1
303 312 1
303 318 1
303 325 1
303 330 1
303 350 1
303 354 1
303 358 1
303 390 1
303 392 1
303 399 1
303 809 1
304 349 1
304 354 1
304 357 1
304 390 1
305 326 1
305 342 1
305 361 1
305 371 1
305 373 1
306 358 1
306 363 1
306 377 1
306 389 1
306 398 1
306 547 1
306 857 1
306 924 1
307 311 1
307 375 1
307 869 1
308 319 1
308 335 1
308 344 1
308 354 1
308 362 1
308 366 1
308 942 1
309 312 1
309 329 1
309 348 1
309 368 1
309 374 1
309 385 1
309 399 1
310 328 1
310 331 1
310 345 1
310 356 1
310 395 1
310 397 1
310 797 1
311 312 1
311 313 1
311 323 1
311 325 1
311 353 1
311 369 1
311 370 1
311 387 1
311 393 1
311 394 1
311 398 1
312 328 1
312 551 1
313 362 1
313 363 1
313 387 1
313 389 1
313 672 1
314 322 1
314 328 1
314 346 1
314 367 1
314 374 1
314 382 1
314 384 1
314 395 1
314 442 1
315 337 1
315 346 1
315 388 1
315 591 1
315 617 1
316 322 1
316 337 1
316 354 1
316 355 1
316 368 1
316 372 1
316 400 1
316 593 1
316 697 1
317 328 1
317 341 1
317 395 1
317 820 1
317 837 1
318 319 1
318 331 1
318 335 1
318 351 1
318 355 1
318 542 1
318 687 1
318 915 1
319 361 1
319 855 1
320 377 1
321 347 1
321 367 1
321 372 1
321 755 1
321 921 1
322 548 1
322 572 1
322 666 1
322 982 1
323 324 1
323 327 1
323 357 1
323 372 1
323 393 1
324 340 1
324 615 1
324 795 1
324 857 1
325 355 1
325 384 1
325 390 1
325 397 1
325 850 1
326 340 1
326 342 1
326 344 1
326 396 1
326 400 1
326 437 1
326 606 1
327 348 1
327 352 1
327 358 1
327 362 1
327 379 1
327 384 1
327 385 1
327 798 1
327 843 1
328 332 1
328 339 1
328 374 1
328 377 1
328 383 1
329 346 1
329 350 1
329 364 1
329 366 1
329 369 1
329 377 1
329 383 1
329 619 1
329 759 1
329 858 1
329 882 1
330 348 1
330 359 1
330 361 1
330 399 1
330 736 1
331 344 1
331 354 1
331 372 1
331 730 1
332 355 1
332 372 1
332 379 1
332 387 1
332 394 1
332 882 1
333 357 1
333 373 1
333 375 1
333 882 1
334 350 1
335 341 1
335 344 1
335 355 1
335 356 1
335 696 1
335 913 1
336 354 1
336 360 1
336 400 1
336 488 1
336 954 1
337 339 1
337 372 1
337 747 1
337 865 1
338 340 1
338 344 1
338 354 1
338 356 1
338 360 1
338 369 1
338 385 1
338 387 1
338 452 1
338 490 1
338 653 1
338 718 1
339 351 1
339 361 1
339 379 1
339 380 1
340 341 1
340 353 1
340 375 1
340 385 1
340 387 1
341 354 1
341 359 1
341 377 1
342 372 1
342 376 1
342 599 1
343 346 1
343 354 1
343 397 1
343 493 1
344 365 1
344 399 1
344 406 1
345 356 1
345 358 1
345 365 1
345 720 1
345 790 1
346 357 1
346 382 1
346 386 1
346 388 1
346 401 1
347 356 1
347 368 1
347 379 1
347 535 1
347 890 1
348 391 1
348 548 1
348 949 1
349 398 1
350 368 1
350 369 1
350 377 1
350 398 1
350 799 1
351 372 1
351 400 1
352 370 1
352 713 1
352 894 1
353 355 1
353 369 1
353 380 1
354 364 1
354 365 1
354 366 1
354 400 1
354 704 1
355 388 1
355 395 1
355 397 1
355 645 1
356 444 1
356 583 1
357 368 1
357 370 1
357 375 1
357 623 1
357 774 1
357 847 1
358 382 1
359 372 1
359 392 1
360 446 1
360 811 1
361 377 1
361 386 1
361 392 1
361 393 1
362 372 1
362 373 1
362 380 1
362 386 1
362 393 1
362 953 1
363 378 1
363 442 1
363 763 1
363 973 1
364 378 1
364 393 1
364 441 1
364 938 1
365 492 1
365 638 1
366 369 1
366 396 1
366 400 1
366 830 1
366 900 1
367 395 1
367 871 1
369 377 1
369 388 1
369 576 1
369 590 1
369 994 1
370 381 1
370 865 1
370 918 1
371 377 1
372 373 1
372 399 1
372 834 1
372 873 1
373 392 1
373 512 1
374 380 1
374 387 1
374 941 1
375 385 1
376 380 1
376 402 1
377 499 1
378 389 1
378 396 1
379 391 1
379 767 1
380 395 1
380 528 1
381 385 1
381 397 1
381 403 1
381 481 1
381 732 1
382 384 1
382 467 1
382 517 1
383 388 1
383 824 1
384 399 1
385 781 1
385 894 1
386 632 1
386 700 1
386 932 1
386 942 1
387 398 1
387 698 1
388 393 1
389 397 1
389 801 1
389 917 1
391 394 1
391 396 1
391 398 1
391 400 1
391 693 1
392 899 1
393 472 1
393 695 1
393 702 1
393 819 1
393 911 1
394 582 1
394 800 1
396 792 1
397 646 1
398 399 1
398 589 1
398 700 1
398 861 1
399 647 1
400 410 1
400 577 1
400 999 1
401 420 1
401 429 1
401 441 1
401 445 1
401 461 1
401 487 1
401 500 1
401 569 1
401 979 1
401 998 1
402 414 1
402 437 1
402 440 1
402 459 1
402 483 1
402 578 1
403 438 1
403 493 1
403 497 1
403 852 1
403 938 1
404 424 1
404 438 1
404 442 1
404 474 1
404 478 1
404 487 1
404 494 1
405 406 1
405 409 1
405 481 1
405 484 1
405 500 1
405 784 1
406 427 1
406 443 1
406 446 1
406 447 1
406 481 1
406 502 1
406 875 1
407 415 1
407 430 1
407 439 1
407 613 1
407 714 1
407 747 1
408 435 1
408 445 1
408 458 1
408 483 1
408 862 1
409 786 1
410 424 1
410 431 1
410 453 1
410 468 1
410 477 1
410 497 1
410 498 1
410 923 1
411 420 1
411 460 1
411 481 1
411 495 1
411 496 1
412 423 1
412 447 1
412 451 1
412 471 1
412 494 1
412 594 1
412 876 1
412 908 1
413 453 1
413 465 1
413 471 1
413 475 1
413 481 1
413 491 1
413 500 1
414 417 1
414 449 1
414 458 1
414 491 1
414 661 1
415 424 1
415 441 1
415 449 1
415 455 1
415 476 1
415 487 1
415 527 1
416 418 1
416 455 1
416 466 1
417 419 1
417 428 1
417 434 1
417 453 1
417 454 1
417 470 1
417 481 1
417 498 1
417 916 1
417 941 1
418 493 1
418 787 1
418 915 1
419 449 1
419 451 1
419 481 1
419 497 1
419 567 1
420 496 1
420 610 1
421 427 1
421 434 1
421 448 1
421 483 1
421 488 1
421 522 1
421 708 1
422 453 1
422 467 1
422 478 1
422 486 1
422 487 1
422 950 1
423 424 1
423 436 1
423 438 1
423 483 1
423 805 1
424 441 1
424 449 1
424 451 1
424 464 1
425 447 1
425 472 1
425 631 1
426 429 1
426 437 1
426 441 1
426 451 1
426 470 1
426 498 1
426 811 1
427 488 1
428 451 1
429 441 1
429 447 1
429 481 1
429 484 1
429 904 1
430 445 1
430 488 1
430 497 1
430 768 1
431 453 1
431 477 1
431 742 1
431 939 1
432 465 1
432 475 1
432 479 1
432 662 1
432 757 1
433 456 1
433 469 1
433 474 1
433 483 1
433 973 1
434 554 1
434 701 1
435 453 1
435 462 1
435 473 1
435 493 1
435 521 1
435 550 1
435 772 1
435 807 1
436 499 1
436 506 1
436 959 1
437 458 1
437 470 1
437 475 1
437 482 1
437 542 1
438 498 1
438 656 1
439 461 1
439 473 1
439 593 1
439 761 1
440 443 1
440 459 1
440 481 1
440 498 1
440 956 1
441 475 1
441 477 1
441 601 1
443 486 1
443 496 1
443 497 1
443 679 1
444 448 1
444 463 1
444 485 1
444 500 1
444 632 1
445 452 1
445 465 1
445 478 1
445 818 1
446 449 1
446 459 1
446 472 1
446 626 1
446 629 1
448 472 1
448 488 1
448 495 1
448 837 1
448 991 1
449 454 1
449 470 1
450 496 1
450 851 1
451 455 1
451 490 1
451 494 1
453 468 1
453 472 1
453 671 1
453 769 1
453 945 1
454 468 1
454 474 1
454 696 1
454 774 1
455 467 1
455 470 1
455 485 1
455 491 1
455 617 1
455 937 1
456 461 1
456 465 1
456 484 1
456 954 1
457 463 1
457 468 1
457 485 1
457 486 1
457 497 1
457 499 1
457 520 1
457 642 1
457 989 1
458 470 1
458 482 1
459 464 1
459 473 1
459 489 1
459 493 1
459 495 1
460 477 1
461 476 1
461 487 1
461 488 1
462 474 1
462 477 1
462 494 1
463 475 1
463 483 1
464 555 1
464 587 1
465 472 1
465 488 1
465 636 1
465 663 1
466 485 1
466 815 1
467 472 1
467 480 1
467 482 1
467 488 1
467 873 1
468 480 1
468 983 1
469 490 1
469 878 1
469 979 1
470 476 1
470 657 1
470 919 1
471 480 1
471 500 1
471 827 1
471 844 1
472 480 1
472 884 1
473 484 1
473 499 1
474 500 1
475 485 1
475 498 1
475 775 1
476 479 1
476 488 1
476 685 1
476 711 1
476 975 1
477 763 1
478 482 1
478 499 1
478 612 1
478 988 1
479 496 1
479 529 1
479 644 1
479 799 1
479 917 1
480 486 1
480 489 1
480 492 1
480 828 1
482 488 1
482 492 1
482 581 1
482 868 1
483 506 1
483 915 1
483 957 1
484 490 1
484 585 1
484 930 1
485 923 1
486 494 1
487 488 1
487 493 1
487 661 1
488 499 1
489 498 1
489 839 1
489 991 1
490 499 1
490 870 1
490 939 1
491 512 1
491 989 1
492 499 1
492 905 1
493 727 1
495 914 1
496 863 1
497 753 1
497 983 1
498 974 1
500 715 1
500 984 1
501 519 1
501 524 1
501 552 1
501 555 1
501 570 1
501 575 1
501 577 1
501 582 1
502 503 1
502 517 1
502 548 1
502 554 1
502 563 1
502 709 1
503 527 1
503 575 1
503 581 1
503 635 1
503 786 1
504 506 1
504 525 1
504 586 1
504 592 1
504 597 1
504 645 1
505 570 1
505 571 1
505 583 1
506 518 1
506 585 1
506 614 1
506 729 1
507 533 1
507 540 1
507 558 1
507 562 1
507 592 1
507 593 1
507 820 1
508 552 1
508 558 1
508 569 1
508 581 1
508 699 1
508 738 1
508 754 1
509 524 1
509 531 1
509 564 1
509 592 1
510 515 1
510 518 1
511 527 1
511 560 1
512 541 1
512 546 1
512 575 1
513 546 1
513 551 1
513 560 1
513 571 1
513 590 1
513 598 1
513 838 1
514 535 1
514 548 1
514 549 1
514 682 1
514 744 1
515 525 1
515 531 1
515 576 1
515 580 1
515 584 1
515 599 1
515 649 1
516 525 1
516 545 1
516 552 1
516 567 1
516 580 1
516 584 1
516 598 1
516 851 1
517 529 1
517 539 1
517 569 1
517 574 1
517 575 1
517 597 1
518 532 1
518 544 1
518 545 1
518 547 1
518 562 1
518 567 1
518 589 1
518 839 1
518 892 1
518 997 1
518 1000 1
519 558 1
519 561 1
519 577 1
519 781 1
519 859 1
520 537 1
520 581 1
520 600 1
521 573 1
522 561 1
522 584 1
522 587 1
522 765 1
523 544 1
523 563 1
523 577 1
523 582 1
524 527 1
524 557 1
524 558 1
524 570 1
524 577 1
524 582 1
524 590 1
525 538 1
525 574 1
525 797 1
526 540 1
526 543 1
526 564 1
526 582 1
526 584 1
526 597 1
527 547 1
527 571 1
527 580 1
528 548 1
528 553 1
528 561 1
528 563 1
528 577 1
528 578 1
528 588 1
529 535 1
529 539 1
529 579 1
529 592 1
530 542 1
530 548 1
530 576 1
530 579 1
530 751 1
530 922 1
531 536 1
531 542 1
531 557 1
531 747 1
532 565 1
532 579 1
532 584 1
532 595 1
532 998 1
533 568 1
533 794 1
534 567 1
534 571 1
534 572 1
534 573 1
534 588 1
535 543 1
535 593 1
535 594 1
535 657 1
536 538 1
536 561 1
536 562 1
536 570 1
536 576 1
536 585 1
536 586 1
536 589 1
536 647 1
537 829 1
538 558 1
538 568 1
538 599 1
539 554 1
539 559 1
539 588 1
540 554 1
540 556 1
540 557 1
540 589 1
541 562 1
541 580 1
541 590 1
542 592 1
542 681 1
542 773 1
543 544 1
543 546 1
543 568 1
543 596 1
543 614 1
543 919 1
544 549 1
544 584 1
545 567 1
545 578 1
545 583 1
545 586 1
546 566 1
546 570 1
546 581 1
546 593 1
546 594 1
546 829 1
547 569 1
547 581 1
548 577 1
549 556 1
549 558 1
549 569 1
549 591 1
549 599 1
549 952 1
550 557 1
550 563 1
550 576 1
550 579 1
550 585 1
550 776 1
551 590 1
551 591 1
551 796 1
551 971 1
552 564 1
552 566 1
552 597 1
552 844 1
553 554 1
553 584 1
553 592 1
554 571 1
554 600 1
557 578 1
557 594 1
558 689 1
558 812 1
558 856 1
559 595 1
559 912 1
561 563 1
561 577 1
561 578 1
561 590 1
561 597 1
562 563 1
562 572 1
563 567 1
563 595 1
563 946 1
564 567 1
564 585 1
565 586 1
566 572 1
567 591 1
567 594 1
567 600 1
568 573 1
568 575 1
568 603 1
569 596 1
571 590 1
571 593 1
571 596 1
571 625 1
572 585 1
572 588 1
572 598 1
572 673 1
573 579 1
574 584 1
574 698 1
575 596 1
576 598 1
576 631 1
577 597 1
577 849 1
578 579 1
578 580 1
578 596 1
578 987 1
579 587 1
580 592 1
581 675 1
582 588 1
582 617 1
583 587 1
583 595 1
583 596 1
583 895 1
584 644 1
584 822 1
585 589 1
585 595 1
585 598 1
585 887 1
585 971 1
587 919 1
588 620 1
588 817 1
590 592 1
590 598 1
590 638 1
590 781 1
591 595 1
591 597 1
593 597 1
593 691 1
594 788 1
594 820 1
595 600 1
595 684 1
595 971 1
598 708 1
599 868 1
600 772 1
600 785 1
600 804 1
601 615 1
601 648 1
601 674 1
601 692 1
602 620 1
602 656 1
602 660 1
602 664 1
602 778 1
602 901 1
603 609 1
603 622 1
603 673 1
603 679 1
603 697 1
604 622 1
604 648 1
604 663 1
604 672 1
604 700 1
605 611 1
605 652 1
605 653 1
605 669 1
605 670 1
605 672 1
605 678 1
605 681 1
605 788 1
606 622 1
606 686 1
606 691 1
606 843 1
607 614 1
607 622 1
607 625 1
607 664 1
607 934 1
608 651 1
608 654 1
608 655 1
608 659 1
608 691 1
608 693 1
609 653 1
609 686 1
609 689 1
610 625 1
610 685 1
610 698 1
611 682 1
611 770 1
612 631 1
612 632 1
612 657 1
613 639 1
613 657 1
613 675 1
613 953 1
614 629 1
614 690 1
614 760 1
615 621 1
615 622 1
615 636 1
615 646 1
615 658 1
615 667 1
615 673 1
615 695 1
615 698 1
615 928 1
616 626 1
616 627 1
616 677 1
616 683 1
616 924 1
617 666 1
617 676 1
617 686 1
617 880 1
617 902 1
618 693 1
619 636 1
619 679 1
619 743 1
620 673 1
620 687 1
620 688 1
621 639 1
621 839 1
622 630 1
622 636 1
622 642 1
622 653 1
622 656 1
622 667 1
622 670 1
622 889 1
623 637 1
623 643 1
623 659 1
623 670 1
623 697 1
623 841 1
624 647 1
624 667 1
624 680 1
624 689 1
624 694 1
624 767 1
624 845 1
625 648 1
625 683 1
625 689 1
626 648 1
626 679 1
626 689 1
627 635 1
627 657 1
627 695 1
628 645 1
628 646 1
628 679 1
628 682 1
629 644 1
629 645 1
629 659 1
629 668 1
629 671 1
629 694 1
630 668 1
630 671 1
631 656 1
631 668 1
631 670 1
631 686 1
632 682 1
632 693 1
632 810 1
633 680 1
633 691 1
633 692 1
633 695 1
633 963 1
634 645 1
634 648 1
634 659 1
634 668 1
634 682 1
635 638 1
635 644 1
635 663 1
635 664 1
635 685 1
635 687 1
636 652 1
636 655 1
636 680 1
636 683 1
636 694 1
636 802 1
637 668 1
637 700 1
637 854 1
638 664 1
638 679 1
638 699 1
639 670 1
639 677 1
639 679 1
640 655 1
640 672 1
640 675 1
640 682 1
640 692 1
640 961 1
641 657 1
641 658 1
641 672 1
641 678 1
641 691 1
642 643 1
642 647 1
642 673 1
642 688 1
643 651 1
643 657 1
643 665 1
643 684 1
643 694 1
643 698 1
644 646 1
644 649 1
644 663 1
644 665 1
644 696 1
645 647 1
645 886 1
645 997 1
646 670 1
646 680 1
646 697 1
646 946 1
647 665 1
647 699 1
647 724 1
648 671 1
648 683 1
649 653 1
649 654 1
649 663 1
649 670 1
650 661 1
650 695 1
650 740 1
651 677 1
651 991 1
652 658 1
652 662 1
652 679 1
652 681 1
652 883 1
653 690 1
653 694 1
653 816 1
653 940 1
654 657 1
654 665 1
654 693 1
654 698 1
655 922 1
656 657 1
656 691 1
656 693 1
656 831 1
657 664 1
657 673 1
657 677 1
657 835 1
657 990 1
658 676 1
659 677 1
659 684 1
660 666 1
661 680 1
661 738 1
661 830 1
662 668 1
662 678 1
663 682 1
664 699 1
664 843 1
664 959 1
665 685 1
665 688 1
666 699 1
668 677 1
668 680 1
668 700 1
668 753 1
669 686 1
669 694 1
670 672 1
670 678 1
670 687 1
671 681 1
671 700 1
673 683 1
673 700 1
674 678 1
674 694 1
674 698 1
674 976 1
675 849 1
675 933 1
676 679 1
676 690 1
676 951 1
677 681 1
677 683 1
677 686 1
678 694 1
679 687 1
679 691 1
679 783 1
680 852 1
681 750 1
682 684 1
682 685 1
682 693 1
682 725 1
683 684 1
684 686 1
685 687 1
685 997 1
686 737 1
687 709 1
689 730 1
689 924 1
690 941 1
692 699 1
694 697 1
697 943 1
698 702 1
699 878 1
701 737 1
701 766 1
701 787 1
701 800 1
702 704 1
702 721 1
702 774 1
702 813 1
703 712 1
703 719 1
703 727 1
703 762 1
703 769 1
703 781 1
703 795 1
703 797 1
704 712 1
704 752 1
705 723 1
705 735 1
705 760 1
705 782 1
705 929 1
706 717 1
706 737 1
706 740 1
706 769 1
706 773 1
706 789 1
706 792 1
707 729 1
707 734 1
707 757 1
707 768 1
707 788 1
708 710 1
708 758 1
708 786 1
709 710 1
709 725 1
709 754 1
709 945 1
710 769 1
710 788 1
710 805 1
711 728 1
711 749 1
711 768 1
711 784 1
711 786 1
711 798 1
711 896 1
711 979 1
712 723 1
712 745 1
712 751 1
712 764 1
712 790 1
712 812 1
713 723 1
713 747 1
713 758 1
713 762 1
713 796 1
713 799 1
715 718 1
715 720 1
715 757 1
715 780 1
716 788 1
717 757 1
717 758 1
717 767 1
717 795 1
718 724 1
718 757 1
719 720 1
719 729 1
719 730 1
719 742 1
719 743 1
719 748 1
719 753 1
719 754 1
719 769 1
720 729 1
720 734 1
720 757 1
720 770 1
721 724 1
721 737 1
721 740 1
721 757 1
721 767 1
721 773 1
721 796 1
721 798 1
722 725 1
722 733 1
722 790 1
722 942 1
723 737 1
723 740 1
723 792 1
723 795 1
724 744 1
724 756 1
724 796 1
724 907 1
725 731 1
725 758 1
725 790 1
725 878 1
725 988 1
726 737 1
726 744 1
726 770 1
726 776 1
726 789 1
726 799 1
727 730 1
727 769 1
727 772 1
727 782 1
727 789 1
727 862 1
728 731 1
728 742 1
728 799 1
728 993 1
729 747 1
729 750 1
729 775 1
729 782 1
729 797 1
730 742 1
730 755 1
730 762 1
730 789 1
730 841 1
730 894 1
731 733 1
731 771 1
731 788 1
731 800 1
732 771 1
732 774 1
732 780 1
733 758 1
733 763 1
733 799 1
734 763 1
734 789 1
734 792 1
735 736 1
735 789 1
735 800 1
736 751 1
736 777 1
736 781 1
736 798 1
736 799 1
736 846 1
737 765 1
737 770 1
737 776 1
737 798 1
737 800 1
737 979 1
738 746 1
738 753 1
738 772 1
738 783 1
738 797 1
739 766 1
739 795 1
740 743 1
740 782 1
740 788 1
740 996 1
741 746 1
741 749 1
741 761 1
741 922 1
742 756 1
742 780 1
743 757 1
744 772 1
744 785 1
745 781 1
745 788 1
745 800 1
746 764 1
746 765 1
746 783 1
747 782 1
747 800 1
748 763 1
748 773 1
748 781 1
748 786 1
748 800 1
749 764 1
749 793 1
749 960 1
750 758 1
751 771 1
751 796 1
752 761 1
752 778 1
752 853 1
753 754 1
753 789 1
753 793 1
754 764 1
754 769 1
754 786 1
754 946 1
755 761 1
755 777 1
755 780 1
756 794 1
756 799 1
756 823 1
758 760 1
758 772 1
759 761 1
759 766 1
759 768 1
759 781 1
759 784 1
760 789 1
760 794 1
760 857 1
761 764 1
761 771 1
761 800 1
762 765 1
762 799 1
762 853 1
763 779 1
763 781 1
763 787 1
763 930 1
764 777 1
764 829 1
765 766 1
765 767 1
766 769 1
766 773 1
766 844 1
766 994 1
767 769 1
767 784 1
768 773 1
769 794 1
769 796 1
770 800 1
771 796 1
772 777 1
772 796 1
773 779 1
774 794 1
775 777 1
775 799 1
776 782 1
776 793 1
776 798 1
776 906 1
777 935 1
778 784 1
778 798 1
778 799 1
778 814 1
779 782 1
779 788 1
779 798 1
780 792 1
780 815 1
781 798 1
781 942 1
782 785 1
782 788 1
783 800 1
787 793 1
788 792 1
788 799 1
788 878 1
789 795 1
789 800 1
790 901 1
790 995 1
791 838 1
791 983 1
792 969 1
794 796 1
795 796 1
796 799 1
800 912 1
800 976 1
801 808 1
801 821 1
801 830 1
801 844 1
801 866 1
801 881 1
802 816 1
802 826 1
802 864 1
802 865 1
802 877 1
803 818 1
803 830 1
803 835 1
803 878 1
803 889 1
803 897 1
803 977 1
804 832 1
804 859 1
804 889 1
805 861 1
805 886 1
805 891 1
806 846 1
806 862 1
806 878 1
807 854 1
807 862 1
807 867 1
807 886 1
807 890 1
807 896 1
808 841 1
808 849 1
808 869 1
808 898 1
809 839 1
809 877 1
809 885 1
810 851 1
810 915 1
811 882 1
812 846 1
812 884 1
812 899 1
813 841 1
813 884 1
813 889 1
813 949 1
814 820 1
814 821 1
814 860 1
814 862 1
814 870 1
814 871 1
814 884 1
814 887 1
815 822 1
815 834 1
815 857 1
815 868 1
816 843 1
816 853 1
816 876 1
817 844 1
817 878 1
817 880 1
817 884 1
817 892 1
817 966 1
818 852 1
819 856 1
819 861 1
819 892 1
820 863 1
820 887 1
821 874 1
822 838 1
822 865 1
822 873 1
822 890 1
822 973 1
823 835 1
823 837 1
823 842 1
823 865 1
823 876 1
823 906 1
824 858 1
824 870 1
824 874 1
824 896 1
825 849 1
825 858 1
825 900 1
826 836 1
826 839 1
826 845 1
826 846 1
826 884 1
827 852 1
828 830 1
828 836 1
828 842 1
828 851 1
828 886 1
828 890 1
829 833 1
829 843 1
829 853 1
829 866 1
829 890 1
829 898 1
830 846 1
830 886 1
830 900 1
831 840 1
831 871 1
832 849 1
832 875 1
832 890 1
833 844 1
833 895 1
834 836 1
834 846 1
834 878 1
834 998 1
835 848 1
836 839 1
836 854 1
836 858 1
836 947 1
837 838 1
837 844 1
837 848 1
837 894 1
838 842 1
838 883 1
838 885 1
839 844 1
839 877 1
841 842 1
841 847 1
841 853 1
841 855 1
841 856 1
841 860 1
841 861 1
841 871 1
841 886 1
842 864 1
842 873 1
842 881 1
844 852 1
844 867 1
846 847 1
846 854 1
846 866 1
846 873 1
846 900 1
847 868 1
848 850 1
848 885 1
849 855 1
849 868 1
849 889 1
849 892 1
849 896 1
849 898 1
850 868 1
850 888 1
850 894 1
850 899 1
852 926 1
853 855 1
853 857 1
853 859 1
853 866 1
853 876 1
853 900 1
854 872 1
854 873 1
855 860 1
855 869 1
855 880 1
856 862 1
856 899 1
857 869 1
857 882 1
857 892 1
858 860 1
858 873 1
859 874 1
860 872 1
860 880 1
862 884 1
862 895 1
862 944 1
864 884 1
864 887 1
865 877 1
865 894 1
866 869 1
866 885 1
866 891 1
867 883 1
867 885 1
867 900 1
868 890 1
869 881 1
870 871 1
870 895 1
871 893 1
872 877 1
872 890 1
873 874 1
874 896 1
874 960 1
875 882 1
875 886 1
875 888 1
875 899 1
876 896 1
876 984 1
879 882 1
879 893 1
879 895 1
879 896 1
879 899 1
881 884 1
882 883 1
882 894 1
883 944 1
883 976 1
885 889 1
885 897 1
886 945 1
887 894 1
887 898 1
888 892 1
888 896 1
891 893 1
897 980 1
899 900 1
900 947 1
900 982 1
901 909 1
901 922 1
901 956 1
901 972 1
901 975 1
902 911 1
902 916 1
902 926 1
902 934 1
902 965 1
903 911 1
903 932 1
903 935 1
903 945 1
903 952 1
903 962 1
903 975 1
903 988 1
904 909 1
904 930 1
904 938 1
904 947 1
904 967 1
904 976 1
904 986 1
905 926 1
905 945 1
905 969 1
905 976 1
906 926 1
906 931 1
906 932 1
906 934 1
906 955 1
906 956 1
906 980 1
906 998 1
907 909 1
907 940 1
908 914 1
908 928 1
908 969 1
909 912 1
909 934 1
909 947 1
910 924 1
910 942 1
910 959 1
910 999 1
911 922 1
911 927 1
911 961 1
911 966 1
911 980 1
911 995 1
912 918 1
912 921 1
912 933 1
912 951 1
912 974 1
912 977 1
912 998 1
913 932 1
913 937 1
914 915 1
914 954 1
914 992 1
914 994 1
915 930 1
915 962 1
915 967 1
916 929 1
916 935 1
916 945 1
916 964 1
916 975 1
916 988 1
917 918 1
917 936 1
917 944 1
917 966 1
917 991 1
917 998 1
918 926 1
918 928 1
918 967 1
918 984 1
918 1000 1
919 923 1
919 929 1
919 943 1
919 953 1
919 978 1
920 925 1
920 930 1
920 932 1
920 943 1
920 968 1
920 985 1
920 989 1
921 945 1
921 960 1
922 928 1
922 931 1
922 934 1
922 935 1
922 957 1
922 958 1
922 964 1
922 980 1
923 956 1
923 961 1
923 974 1
923 975 1
923 997 1
924 929 1
924 930 1
924 990 1
925 959 1
925 988 1
925 999 1
926 937 1
926 948 1
926 977 1
927 951 1
927 958 1
927 963 1
927 967 1
927 980 1
927 988 1
928 952 1
928 955 1
928 970 1
928 992 1
929 940 1
930 937 1
930 974 1
930 983 1
930 986 1
930 997 1
931 946 1
931 982 1
931 991 1
932 940 1
932 979 1
932 985 1
932 989 1
933 935 1
933 980 1
933 989 1
934 948 1
934 980 1
935 958 1
935 983 1
935 984 1
936 938 1
936 946 1
936 947 1
936 998 1
937 959 1
937 972 1
937 996 1
937 999 1
938 948 1
938 958 1
938 967 1
938 974 1
938 989 1
939 954 1
939 962 1
939 969 1
939 972 1
939 995 1
940 956 1
940 982 1
941 948 1
941 951 1
941 971 1
941 994 1
941 995 1
942 943 1
942 971 1
943 947 1
943 955 1
943 966 1
943 969 1
943 981 1
943 992 1
944 947 1
944 988 1
945 956 1
945 988 1
946 964 1
947 983 1
948 958 1
948 985 1
948 991 1
948 993 1
949 972 1
949 979 1
949 982 1
950 961 1
951 963 1
952 973 1
952 988 1
952 990 1
953 956 1
954 960 1
954 967 1
954 969 1
954 975 1
954 978 1
954 994 1
954 997 1
954 999 1
955 978 1
955 983 1
957 960 1
957 973 1
957 978 1
957 979 1
958 973 1
958 992 1
958 1000 1
959 970 1
959 971 1
960 978 1
960 984 1
960 986 1
960 991 1
961 978 1
962 982 1
962 983 1
962 984 1
962 992 1
963 972 1
963 995 1
963 996 1
964 968 1
964 979 1
964 980 1
965 967 1
965 984 1
966 970 1
966 981 1
967 974 1
967 978 1
967 986 1
968 975 1
968 986 1
968 992 1
969 981 1
969 984 1
969 996 1
969 1000 1
971 992 1
971 999 1
972 978 1
973 983 1
973 987 1
973 993 1
974 983 1
976 981 1
976 996 1
977 980 1
977 989 1
978 981 1
978 992 1
978 995 1
979 981 1
979 985 1
980 993 1
982 993 1
982 997 1
983 989 1
983 992 1
985 990 1
986 1000 1
987 993 1
988 1000 1
989 991 1
992 993 1
993 998 1
996 999 1
