1000 3285
1 20 1
1 72 1
1 93 1
1 698 1
1 870 1
2 23 1
2 47 1
2 51 1
2 81 1
2 88 1
2 579 1
2 930 1
3 16 1
3 18 1
3 31 1
3 43 1
3 84 1
4 6 1
4 8 1
4 23 1
4 43 1
4 59 1
4 96 1
5 11 1
5 21 1
5 98 1
5 697 1
6 22 1
6 26 1
6 36 1
6 57 1
6 81 1
6 368 1
6 481 1
7 15 1
7 27 1
7 44 1
7 46 1
7 49 1
7 69 1
7 929 1
8 11 1
8 85 1
9 33 1
9 53 1
9 62 1
9 92 1
9 94 1
10 36 1
10 48 1
10 51 1
10 94 1
10 96 1
11 15 1
11 29 1
11 34 1
11 84 1
11 98 1
12 55 1
12 60 1
12 217 1
12 875 1
13 19 1
13 42 1
13 48 1
13 49 1
13 57 1
13 82 1
13 83 1
13 86 1
13 99 1
13 264 1
13 714 1
13 715 1
14 37 1
14 64 1
15 47 1
15 55 1
15 79 1
15 224 1
15 741 1
15 983 1
16 56 1
16 87 1
16 241 1
16 460 1
17 37 1
17 59 1
17 70 1
17 98 1
18 27 1
18 37 1
18 61 1
18 89 1
18 93 1
18 466 1
18 571 1
18 907 1
19 49 1
19 52 1
19 54 1
19 78 1
19 79 1
19 455 1
19 841 1
20 59 1
20 68 1
20 304 1
20 584 1
20 797 1
21 52 1
21 85 1
21 93 1
21 98 1
21 119 1
21 178 1
22 34 1
22 39 1
22 45 1
22 60 1
22 64 1
22 79 1
22 95 1
22 839 1
23 39 1
23 71 1
23 87 1
24 55 1
24 67 1
24 78 1
24 91 1
24 289 1
24 553 1
25 43 1
25 79 1
25 86 1
25 89 1
26 30 1
26 35 1
26 50 1
26 483 1
27 29 1
27 43 1
27 96 1
27 97 1
27 99 1
28 31 1
28 42 1
28 45 1
28 61 1
28 63 1
28 69 1
28 95 1
28 97 1
28 761 1
28 1000 1
29 62 1
29 71 1
29 186 1
30 33 1
30 43 1
30 55 1
30 66 1
30 89 1
30 500 1
31 39 1
31 40 1
31 42 1
31 182 1
31 793 1
32 57 1
32 95 1
32 222 1
32 680 1
32 804 1
33 41 1
33 53 1
33 70 1
33 76 1
33 95 1
33 99 1
34 49 1
34 56 1
34 65 1
34 68 1
34 86 1
35 38 1
35 56 1
35 64 1
35 91 1
35 95 1
35 241 1
35 374 1
35 485 1
36 100 1
36 340 1
36 550 1
36 957 1
37 38 1
37 65 1
37 83 1
37 98 1
37 389 1
37 953 1
38 48 1
38 86 1
38 664 1
38 957 1
39 46 1
39 60 1
39 70 1
39 943 1
40 45 1
40 62 1
40 73 1
40 76 1
40 79 1
40 564 1
40 975 1
41 51 1
41 82 1
41 91 1
42 44 1
42 71 1
42 100 1
42 173 1
43 50 1
43 51 1
43 70 1
43 91 1
43 99 1
44 67 1
44 68 1
44 91 1
44 100 1
44 348 1
45 67 1
45 70 1
45 371 1
45 724 1
46 50 1
46 66 1
46 78 1
46 347 1
47 57 1
47 72 1
47 110 1
48 63 1
48 86 1
48 99 1
48 778 1
49 56 1
49 69 1
49 77 1
49 607 1
50 57 1
50 94 1
50 671 1
51 58 1
51 69 1
51 84 1
51 89 1
51 210 1
51 279 1
52 56 1
52 100 1
52 646 1
52 949 1
53 69 1
53 75 1
53 86 1
53 93 1
53 98 1
53 241 1
53 368 1
53 923 1
54 564 1
55 59 1
56 91 1
56 115 1
57 90 1
57 91 1
57 100 1
57 616 1
58 72 1
58 81 1
59 97 1
59 187 1
59 293 1
59 460 1
59 680 1
60 88 1
60 92 1
60 93 1
61 65 1
61 69 1
61 77 1
61 95 1
61 99 1
61 290 1
61 509 1
61 988 1
62 66 1
62 600 1
62 817 1
62 942 1
63 68 1
63 80 1
63 82 1
63 86 1
63 566 1
63 688 1
64 95 1
64 511 1
64 729 1
65 68 1
65 72 1
66 67 1
66 88 1
66 92 1
66 207 1
66 391 1
67 68 1
67 83 1
67 324 1
67 438 1
67 991 1
68 74 1
68 89 1
68 92 1
68 98 1
68 384 1
69 71 1
69 167 1
70 76 1
70 77 1
70 97 1
70 99 1
70 143 1
70 234 1
71 84 1
71 98 1
71 685 1
71 953 1
72 77 1
72 89 1
72 752 1
73 94 1
73 170 1
73 192 1
73 196 1
75 85 1
75 91 1
75 371 1
75 490 1
76 87 1
77 79 1
77 576 1
77 685 1
77 756 1
78 89 1
78 96 1
78 348 1
78 726 1
79 82 1
79 86 1
79 179 1
79 862 1
80 97 1
80 267 1
80 378 1
80 390 1
80 897 1
81 97 1
82 97 1
82 302 1
82 653 1
82 813 1
83 326 1
83 603 1
84 531 1
84 776 1
85 817 1
86 208 1
87 92 1
87 782 1
88 752 1
88 824 1
90 99 1
91 389 1
91 582 1
91 870 1
92 96 1
93 515 1
93 745 1
94 502 1
95 343 1
97 567 1
98 231 1
98 855 1
99 517 1
100 809 1
101 122 1
101 129 1
101 135 1
101 158 1
101 173 1
101 312 1
101 547 1
101 677 1
101 896 1
102 110 1
102 115 1
102 160 1
102 165 1
102 177 1
102 198 1
102 200 1
102 465 1
102 720 1
103 109 1
103 113 1
103 116 1
103 152 1
103 165 1
103 169 1
103 181 1
103 616 1
103 718 1
103 738 1
104 106 1
104 125 1
104 146 1
104 160 1
104 163 1
104 177 1
104 475 1
104 972 1
105 129 1
105 155 1
105 160 1
105 163 1
105 171 1
105 173 1
105 192 1
105 200 1
105 740 1
106 123 1
106 175 1
107 125 1
107 130 1
107 164 1
107 339 1
107 370 1
107 689 1
108 120 1
108 126 1
108 405 1
109 110 1
109 123 1
109 128 1
109 159 1
109 177 1
109 564 1
109 611 1
109 792 1
109 948 1
110 132 1
110 148 1
110 154 1
110 163 1
110 169 1
110 185 1
110 551 1
110 566 1
111 114 1
111 162 1
111 163 1
111 184 1
111 314 1
112 140 1
112 163 1
112 166 1
112 173 1
112 211 1
112 423 1
113 162 1
113 179 1
113 359 1
114 119 1
114 134 1
114 135 1
114 142 1
114 183 1
114 186 1
114 885 1
115 170 1
115 186 1
115 200 1
115 884 1
116 132 1
116 169 1
116 188 1
116 278 1
116 286 1
116 558 1
116 787 1
116 952 1
117 131 1
117 140 1
117 153 1
117 174 1
117 182 1
117 197 1
117 326 1
118 139 1
118 157 1
119 150 1
119 197 1
119 314 1
119 600 1
119 857 1
119 975 1
120 153 1
120 187 1
120 194 1
120 465 1
120 580 1
120 598 1
121 139 1
121 145 1
121 162 1
121 171 1
121 186 1
121 581 1
121 591 1
122 133 1
122 137 1
122 139 1
122 157 1
122 164 1
122 634 1
123 154 1
124 156 1
124 158 1
124 162 1
124 184 1
124 191 1
124 334 1
124 689 1
124 975 1
125 171 1
125 185 1
125 307 1
126 143 1
126 159 1
126 163 1
126 180 1
126 195 1
126 830 1
127 151 1
127 167 1
127 171 1
127 184 1
127 197 1
127 287 1
127 892 1
128 143 1
128 146 1
128 615 1
129 196 1
129 872 1
129 914 1
130 139 1
130 140 1
130 142 1
130 162 1
130 166 1
130 183 1
130 657 1
130 933 1
130 942 1
131 132 1
131 135 1
131 330 1
132 150 1
132 157 1
132 163 1
132 177 1
132 375 1
132 733 1
133 134 1
133 143 1
133 157 1
133 195 1
133 199 1
133 497 1
133 693 1
133 875 1
134 159 1
134 168 1
134 175 1
134 190 1
134 658 1
134 961 1
134 977 1
135 151 1
135 152 1
135 192 1
135 851 1
136 138 1
136 143 1
136 147 1
136 192 1
136 729 1
136 886 1
136 904 1
137 183 1
137 184 1
137 817 1
138 143 1
138 150 1
138 160 1
138 170 1
138 189 1
139 148 1
139 169 1
139 182 1
139 364 1
139 558 1
139 940 1
140 164 1
140 165 1
140 177 1
140 183 1
140 188 1
140 269 1
141 145 1
141 152 1
141 178 1
141 181 1
141 580 1
141 800 1
141 976 1
142 153 1
142 172 1
142 178 1
142 180 1
142 688 1
142 982 1
143 171 1
143 526 1
143 637 1
144 197 1
144 198 1
145 150 1
145 743 1
145 949 1
146 256 1
147 175 1
147 636 1
148 168 1
148 931 1
148 951 1
149 185 1
149 637 1
149 739 1
150 473 1
151 156 1
151 178 1
151 190 1
151 770 1
152 160 1
152 168 1
152 196 1
152 203 1
152 249 1
152 252 1
152 306 1
152 458 1
153 178 1
153 185 1
153 188 1
153 195 1
153 340 1
153 709 1
154 171 1
154 197 1
154 902 1
155 159 1
155 160 1
155 170 1
155 179 1
155 202 1
155 368 1
155 534 1
155 929 1
156 187 1
156 189 1
156 195 1
156 438 1
156 541 1
156 799 1
157 548 1
158 272 1
159 164 1
159 194 1
159 502 1
160 172 1
160 233 1
161 173 1
161 209 1
161 797 1
161 809 1
162 166 1
162 185 1
162 212 1
162 383 1
163 169 1
163 229 1
163 911 1
164 181 1
164 196 1
164 401 1
164 763 1
165 231 1
165 976 1
166 194 1
166 608 1
166 677 1
166 783 1
167 170 1
167 829 1
168 175 1
168 192 1
168 238 1
168 385 1
169 469 1
170 190 1
170 196 1
170 197 1
170 406 1
170 609 1
171 281 1
171 428 1
172 196 1
172 465 1
173 188 1
173 313 1
174 560 1
175 184 1
175 189 1
175 738 1
176 186 1
176 188 1
176 296 1
176 363 1
176 954 1
177 185 1
177 295 1
178 187 1
178 908 1
179 343 1
180 190 1
180 780 1
180 972 1
181 264 1
181 422 1
181 423 1
181 646 1
182 187 1
182 421 1
182 661 1
183 657 1
184 239 1
185 197 1
185 231 1
185 256 1
186 187 1
186 414 1
188 682 1
189 246 1
189 435 1
189 482 1
189 517 1
189 804 1
190 700 1
190 949 1
191 648 1
191 900 1
193 414 1
194 357 1
195 480 1
195 669 1
196 198 1
197 682 1
197 691 1
198 465 1
198 519 1
198 578 1
200 947 1
201 204 1
201 212 1
201 217 1
201 221 1
201 265 1
201 512 1
201 527 1
201 578 1
201 656 1
202 275 1
202 279 1
202 293 1
202 677 1
203 236 1
203 257 1
203 295 1
203 297 1
203 310 1
204 246 1
204 262 1
204 276 1
204 278 1
204 281 1
204 285 1
205 211 1
205 232 1
205 273 1
205 276 1
206 208 1
206 210 1
206 223 1
206 264 1
206 281 1
206 285 1
206 297 1
206 531 1
207 226 1
207 237 1
207 238 1
207 254 1
207 273 1
207 664 1
208 239 1
208 262 1
208 302 1
209 210 1
209 211 1
209 221 1
209 223 1
209 231 1
209 237 1
209 238 1
209 257 1
209 268 1
209 287 1
209 299 1
209 373 1
210 219 1
210 234 1
210 240 1
210 765 1
210 964 1
211 223 1
211 228 1
211 236 1
211 270 1
211 279 1
211 694 1
212 214 1
212 216 1
212 226 1
212 246 1
212 251 1
212 266 1
212 270 1
212 454 1
213 243 1
213 276 1
213 722 1
213 752 1
214 222 1
214 252 1
214 286 1
214 293 1
214 558 1
215 219 1
215 220 1
215 274 1
215 286 1
215 288 1
216 282 1
216 298 1
216 414 1
216 659 1
216 974 1
217 231 1
217 235 1
217 260 1
217 292 1
217 629 1
218 221 1
218 237 1
218 257 1
218 291 1
218 923 1
219 263 1
219 754 1
220 224 1
220 291 1
220 639 1
220 712 1
220 850 1
221 238 1
221 262 1
221 272 1
221 278 1
222 252 1
222 254 1
222 263 1
222 281 1
222 416 1
222 930 1
222 974 1
223 228 1
223 239 1
223 272 1
223 282 1
223 295 1
223 298 1
223 415 1
223 681 1
224 238 1
224 260 1
224 293 1
224 296 1
224 299 1
224 565 1
224 867 1
225 234 1
225 251 1
225 253 1
225 265 1
225 298 1
225 589 1
225 803 1
226 267 1
227 255 1
227 277 1
227 482 1
227 638 1
228 235 1
228 268 1
228 287 1
229 270 1
229 272 1
229 992 1
230 254 1
230 284 1
230 292 1
231 252 1
231 282 1
232 261 1
232 278 1
232 291 1
233 243 1
233 244 1
233 277 1
233 287 1
233 475 1
234 236 1
234 244 1
234 571 1
234 756 1
235 250 1
235 258 1
235 272 1
235 287 1
235 292 1
235 300 1
235 553 1
235 805 1
235 836 1
236 253 1
236 266 1
236 313 1
237 241 1
237 249 1
237 781 1
238 240 1
238 248 1
238 260 1
238 270 1
238 274 1
238 290 1
238 470 1
239 269 1
239 275 1
239 293 1
239 707 1
240 258 1
240 276 1
240 291 1
240 542 1
241 247 1
241 248 1
241 257 1
241 287 1
241 944 1
243 262 1
244 260 1
244 277 1
244 758 1
245 274 1
245 345 1
246 286 1
246 290 1
246 557 1
246 574 1
247 255 1
247 276 1
247 799 1
247 984 1
248 267 1
248 284 1
248 289 1
248 689 1
248 1000 1
249 255 1
249 270 1
249 279 1
250 269 1
250 274 1
250 282 1
250 287 1
250 298 1
251 263 1
251 804 1
252 262 1
252 264 1
252 275 1
252 298 1
252 315 1
252 378 1
252 467 1
252 869 1
253 274 1
253 289 1
253 532 1
254 266 1
254 271 1
254 277 1
254 312 1
254 416 1
255 531 1
255 801 1
256 615 1
256 835 1
256 971 1
257 298 1
257 710 1
257 931 1
258 263 1
258 264 1
258 273 1
258 279 1
258 962 1
259 269 1
260 295 1
260 604 1
261 287 1
261 533 1
261 734 1
261 955 1
261 965 1
262 587 1
262 726 1
263 283 1
263 346 1
264 270 1
264 274 1
264 290 1
264 940 1
265 281 1
265 282 1
265 298 1
265 377 1
266 279 1
266 295 1
266 592 1
267 281 1
267 283 1
267 286 1
267 517 1
267 576 1
268 269 1
268 288 1
269 300 1
269 330 1
269 432 1
269 561 1
269 816 1
270 280 1
271 289 1
271 668 1
272 585 1
272 766 1
273 287 1
273 384 1
274 281 1
274 991 1
275 289 1
275 291 1
276 284 1
276 289 1
277 298 1
278 281 1
278 379 1
279 342 1
281 288 1
281 818 1
281 906 1
281 925 1
282 299 1
283 286 1
283 287 1
283 389 1
283 536 1
283 689 1
284 498 1
284 603 1
284 980 1
285 754 1
287 292 1
287 299 1
287 631 1
287 833 1
287 886 1
289 291 1
289 481 1
290 294 1
293 297 1
293 470 1
294 297 1
294 643 1
294 715 1
294 817 1
296 552 1
296 668 1
296 690 1
297 310 1
297 413 1
297 630 1
297 759 1
297 888 1
298 386 1
299 986 1
300 445 1
300 986 1
301 302 1
301 324 1
301 332 1
301 397 1
301 399 1
301 638 1
302 355 1
302 379 1
302 959 1
303 305 1
303 306 1
303 312 1
303 321 1
303 341 1
303 348 1
303 351 1
303 357 1
303 399 1
303 455 1
303 776 1
304 326 1
304 327 1
304 337 1
304 398 1
304 574 1
305 342 1
305 358 1
305 369 1
305 491 1
306 324 1
306 340 1
306 353 1
306 357 1
306 369 1
307 318 1
307 333 1
307 334 1
307 347 1
307 357 1
307 383 1
307 397 1
307 400 1
308 329 1
309 320 1
309 328 1
309 335 1
309 345 1
309 350 1
309 366 1
309 589 1
309 963 1
310 315 1
310 375 1
310 382 1
310 386 1
310 390 1
310 649 1
310 738 1
311 348 1
311 352 1
311 388 1
311 717 1
312 367 1
312 384 1
312 967 1
313 316 1
313 322 1
313 330 1
313 340 1
313 364 1
313 385 1
314 319 1
314 327 1
314 350 1
314 378 1
314 488 1
314 819 1
315 323 1
315 344 1
315 365 1
315 375 1
315 378 1
315 395 1
315 443 1
315 740 1
315 957 1
315 993 1
316 334 1
316 344 1
316 349 1
316 367 1
316 397 1
316 533 1
316 559 1
316 724 1
317 328 1
317 358 1
317 384 1
317 398 1
317 590 1
317 673 1
318 323 1
318 376 1
319 322 1
319 329 1
319 338 1
319 350 1
319 397 1
319 398 1
319 421 1
320 362 1
320 365 1
320 379 1
320 727 1
321 341 1
322 326 1
322 372 1
322 388 1
322 395 1
322 587 1
323 325 1
323 361 1
323 374 1
323 399 1
323 400 1
323 425 1
323 826 1
324 333 1
324 375 1
324 377 1
324 380 1
324 385 1
324 395 1
324 447 1
324 638 1
324 974 1
325 342 1
325 351 1
325 364 1
325 370 1
326 339 1
326 341 1
326 370 1
327 331 1
327 349 1
327 357 1
327 396 1
327 729 1
327 758 1
328 335 1
328 367 1
328 383 1
328 655 1
328 853 1
328 926 1
329 333 1
329 367 1
329 377 1
330 423 1
331 338 1
331 356 1
331 369 1
331 378 1
331 381 1
331 399 1
331 691 1
331 750 1
332 346 1
332 360 1
332 362 1
332 385 1
332 386 1
332 392 1
332 396 1
332 531 1
333 343 1
333 369 1
333 375 1
333 543 1
333 647 1
334 386 1
334 392 1
335 336 1
335 338 1
335 343 1
335 356 1
335 366 1
335 367 1
335 393 1
335 850 1
335 884 1
336 337 1
336 355 1
336 357 1
336 397 1
336 400 1
337 350 1
337 354 1
337 381 1
337 388 1
337 390 1
337 398 1
337 399 1
337 719 1
338 341 1
338 359 1
338 378 1
338 379 1
338 382 1
338 383 1
338 396 1
338 981 1
339 348 1
339 351 1
339 392 1
340 375 1
341 361 1
341 367 1
341 368 1
341 373 1
341 379 1
341 380 1
341 383 1
342 344 1
342 354 1
342 362 1
342 363 1
342 386 1
342 389 1
342 587 1
343 363 1
343 369 1
343 373 1
343 388 1
343 396 1
344 351 1
344 368 1
345 369 1
345 370 1
345 373 1
345 386 1
345 398 1
346 360 1
346 372 1
346 380 1
346 919 1
347 366 1
347 383 1
347 394 1
347 410 1
348 360 1
348 379 1
348 397 1
348 609 1
348 637 1
349 350 1
349 352 1
349 356 1
349 361 1
349 364 1
349 369 1
349 397 1
349 658 1
349 872 1
349 990 1
350 360 1
350 376 1
350 385 1
350 410 1
350 605 1
350 842 1
351 378 1
351 382 1
351 389 1
351 421 1
351 834 1
351 910 1
352 374 1
352 389 1
352 520 1
352 714 1
353 357 1
353 363 1
353 383 1
353 386 1
353 394 1
353 588 1
353 938 1
354 768 1
354 847 1
355 390 1
355 621 1
355 898 1
356 378 1
356 384 1
356 393 1
356 395 1
357 374 1
357 382 1
357 391 1
357 798 1
358 375 1
358 463 1
358 520 1
359 388 1
359 397 1
360 379 1
360 781 1
361 387 1
361 394 1
362 365 1
362 393 1
362 496 1
362 924 1
363 385 1
363 387 1
363 391 1
364 386 1
364 392 1
364 400 1
364 585 1
364 857 1
365 375 1
365 390 1
366 377 1
366 385 1
366 399 1
366 569 1
366 748 1
366 859 1
367 385 1
367 387 1
367 398 1
368 370 1
368 749 1
369 378 1
369 707 1
370 374 1
370 486 1
370 808 1
371 389 1
371 397 1
371 860 1
372 387 1
372 566 1
373 511 1
373 595 1
374 385 1
376 386 1
376 387 1
376 873 1
377 612 1
377 924 1
378 456 1
379 392 1
379 399 1
379 673 1
379 846 1
379 969 1
380 926 1
381 392 1
381 497 1
381 688 1
381 951 1
382 391 1
383 393 1
384 409 1
384 416 1
384 608 1
385 612 1
385 964 1
387 389 1
387 668 1
388 863 1
388 872 1
389 427 1
389 471 1
389 586 1
389 595 1
390 723 1
391 735 1
391 738 1
391 995 1
392 393 1
392 491 1
393 715 1
396 529 1
397 399 1
398 485 1
398 754 1
399 571 1
400 627 1
400 778 1
401 403 1
401 431 1
401 447 1
401 451 1
401 452 1
401 465 1
401 467 1
402 404 1
402 412 1
402 435 1
402 483 1
402 545 1
402 968 1
403 409 1
403 416 1
403 433 1
403 470 1
403 472 1
403 480 1
403 485 1
403 486 1
403 955 1
404 427 1
404 434 1
404 485 1
404 486 1
405 420 1
405 463 1
405 473 1
406 438 1
406 459 1
406 492 1
406 629 1
407 416 1
407 444 1
407 446 1
407 692 1
407 933 1
408 415 1
408 445 1
408 449 1
408 466 1
408 488 1
408 491 1
408 862 1
409 418 1
409 445 1
409 469 1
409 489 1
409 715 1
409 961 1
410 430 1
410 445 1
410 449 1
410 459 1
410 478 1
410 487 1
410 639 1
411 454 1
411 482 1
412 458 1
412 491 1
412 718 1
412 785 1
412 813 1
413 433 1
413 595 1
414 417 1
414 427 1
414 466 1
414 498 1
414 855 1
415 430 1
415 437 1
415 445 1
415 664 1
415 671 1
415 877 1
416 428 1
416 444 1
416 456 1
416 474 1
416 485 1
417 447 1
417 457 1
417 481 1
417 491 1
417 500 1
417 992 1
418 427 1
418 436 1
418 459 1
418 461 1
418 464 1
418 467 1
418 468 1
418 470 1
418 486 1
419 424 1
419 435 1
419 481 1
419 491 1
419 609 1
419 757 1
420 426 1
420 441 1
420 456 1
420 468 1
420 481 1
420 535 1
420 924 1
421 423 1
421 425 1
421 452 1
421 462 1
421 620 1
422 435 1
422 468 1
422 472 1
422 476 1
422 478 1
422 578 1
422 760 1
423 434 1
423 461 1
423 471 1
424 447 1
424 455 1
424 459 1
424 461 1
424 470 1
424 499 1
425 446 1
425 460 1
425 469 1
425 483 1
425 493 1
425 585 1
426 427 1
426 454 1
426 464 1
426 472 1
426 497 1
427 439 1
427 445 1
427 463 1
428 440 1
428 465 1
428 492 1
429 434 1
429 437 1
429 445 1
429 450 1
429 460 1
429 480 1
429 485 1
429 487 1
429 513 1
429 529 1
429 706 1
429 909 1
430 447 1
430 448 1
430 477 1
430 479 1
430 496 1
430 976 1
431 440 1
431 450 1
431 459 1
431 819 1
432 435 1
432 451 1
432 469 1
432 480 1
432 496 1
432 560 1
433 438 1
433 484 1
433 496 1
433 992 1
434 436 1
434 454 1
434 472 1
434 794 1
435 436 1
435 473 1
435 475 1
435 480 1
435 493 1
436 446 1
436 462 1
436 487 1
436 499 1
437 443 1
437 458 1
437 474 1
437 985 1
438 470 1
438 598 1
439 440 1
439 459 1
439 921 1
440 465 1
440 885 1
441 450 1
441 457 1
441 458 1
441 465 1
441 499 1
441 766 1
441 871 1
442 455 1
442 489 1
443 454 1
443 469 1
443 485 1
443 500 1
443 731 1
444 490 1
445 466 1
445 478 1
445 488 1
445 498 1
446 459 1
446 467 1
446 473 1
446 614 1
446 629 1
447 467 1
447 471 1
447 479 1
447 495 1
447 644 1
448 473 1
448 499 1
448 810 1
449 454 1
449 462 1
449 478 1
450 455 1
450 467 1
450 469 1
450 473 1
450 483 1
450 493 1
451 458 1
451 467 1
451 709 1
451 998 1
452 459 1
452 462 1
452 468 1
452 496 1
452 499 1
452 659 1
452 744 1
453 457 1
454 464 1
454 470 1
455 480 1
455 483 1
455 492 1
455 497 1
456 468 1
456 469 1
456 477 1
456 481 1
456 586 1
456 895 1
457 481 1
457 484 1
457 496 1
458 693 1
458 957 1
459 488 1
460 490 1
460 684 1
460 986 1
461 465 1
461 488 1
461 660 1
462 468 1
462 482 1
462 494 1
464 471 1
464 492 1
464 494 1
464 496 1
465 493 1
465 499 1
466 486 1
466 495 1
466 520 1
468 485 1
468 500 1
468 544 1
468 876 1
468 898 1
469 473 1
469 486 1
469 496 1
469 652 1
469 989 1
470 493 1
470 537 1
470 855 1
471 473 1
471 490 1
471 618 1
472 478 1
472 487 1
472 492 1
472 765 1
473 782 1
473 916 1
474 488 1
474 499 1
474 872 1
474 957 1
475 476 1
475 485 1
475 649 1
475 674 1
475 950 1
476 485 1
476 497 1
476 512 1
477 482 1
477 487 1
478 494 1
478 498 1
478 662 1
480 492 1
480 497 1
481 488 1
481 614 1
482 611 1
482 803 1
483 552 1
484 492 1
485 839 1
487 865 1
487 915 1
489 490 1
489 516 1
489 975 1
490 498 1
491 492 1
492 751 1
492 971 1
493 494 1
495 496 1
495 623 1
495 846 1
496 677 1
499 841 1
499 952 1
500 963 1
501 526 1
501 541 1
501 574 1
501 587 1
501 597 1
501 939 1
502 518 1
502 532 1
502 539 1
502 577 1
502 586 1
502 955 1
503 525 1
503 561 1
503 580 1
503 594 1
504 509 1
504 525 1
504 561 1
504 587 1
504 594 1
504 857 1
504 963 1
505 586 1
506 537 1
506 546 1
506 547 1
506 564 1
506 596 1
507 511 1
507 531 1
507 543 1
507 589 1
507 594 1
507 596 1
507 853 1
508 525 1
508 550 1
508 552 1
508 576 1
508 593 1
508 661 1
509 512 1
509 539 1
509 589 1
509 766 1
510 555 1
510 567 1
510 583 1
510 588 1
510 592 1
510 598 1
510 690 1
511 512 1
511 527 1
511 545 1
511 578 1
512 583 1
513 517 1
513 545 1
513 581 1
513 593 1
513 684 1
514 578 1
514 587 1
514 593 1
514 796 1
515 558 1
515 757 1
516 518 1
516 529 1
516 593 1
517 535 1
517 541 1
517 562 1
517 581 1
517 582 1
517 816 1
518 539 1
518 556 1
518 572 1
518 573 1
518 576 1
518 589 1
519 527 1
519 594 1
519 598 1
520 556 1
520 575 1
520 576 1
520 584 1
521 532 1
521 587 1
522 538 1
522 563 1
522 578 1
522 590 1
523 550 1
523 553 1
524 532 1
524 541 1
524 554 1
524 592 1
525 535 1
525 549 1
525 556 1
525 595 1
525 786 1
526 543 1
526 560 1
526 563 1
527 531 1
527 566 1
527 581 1
528 540 1
528 546 1
528 566 1
528 570 1
528 599 1
529 532 1
529 535 1
529 557 1
529 578 1
529 589 1
529 632 1
530 546 1
530 548 1
530 554 1
530 575 1
531 546 1
531 932 1
532 552 1
532 566 1
532 581 1
533 552 1
533 561 1
533 580 1
533 686 1
533 938 1
534 580 1
534 588 1
534 598 1
535 562 1
535 578 1
535 706 1
536 537 1
536 541 1
536 551 1
536 586 1
536 589 1
536 593 1
537 549 1
537 554 1
537 555 1
537 587 1
537 602 1
537 609 1
538 541 1
538 542 1
538 560 1
538 563 1
538 564 1
539 559 1
539 564 1
539 583 1
539 971 1
540 566 1
540 580 1
540 593 1
540 595 1
541 549 1
541 553 1
541 586 1
541 598 1
541 882 1
542 570 1
542 585 1
542 590 1
542 599 1
542 820 1
542 877 1
543 593 1
543 597 1
544 565 1
544 593 1
545 582 1
545 597 1
545 758 1
546 556 1
546 559 1
546 600 1
547 553 1
547 573 1
547 585 1
547 590 1
547 595 1
547 599 1
547 649 1
548 565 1
548 588 1
548 592 1
549 550 1
549 595 1
550 564 1
550 565 1
550 585 1
550 587 1
550 596 1
550 772 1
551 555 1
551 589 1
552 567 1
552 575 1
552 576 1
552 589 1
552 599 1
552 664 1
552 742 1
553 554 1
553 574 1
554 576 1
554 581 1
554 596 1
554 787 1
554 950 1
555 558 1
555 575 1
555 595 1
556 563 1
556 586 1
556 596 1
556 913 1
557 597 1
557 794 1
558 577 1
558 892 1
558 991 1
559 560 1
559 585 1
559 595 1
560 582 1
560 588 1
560 597 1
560 734 1
561 576 1
561 578 1
561 581 1
562 573 1
563 591 1
563 595 1
563 967 1
564 575 1
564 588 1
564 591 1
565 570 1
565 578 1
565 586 1
566 573 1
566 579 1
566 583 1
566 585 1
566 588 1
566 793 1
567 588 1
568 583 1
568 741 1
568 811 1
570 931 1
571 593 1
573 653 1
574 592 1
576 594 1
577 578 1
577 598 1
577 918 1
578 597 1
578 670 1
579 585 1
579 588 1
580 582 1
580 704 1
580 780 1
581 585 1
581 614 1
582 646 1
583 588 1
583 590 1
583 595 1
583 986 1
585 587 1
585 591 1
585 715 1
586 596 1
586 957 1
587 595 1
587 817 1
587 828 1
588 591 1
588 665 1
589 744 1
591 595 1
591 905 1
592 593 1
592 872 1
593 595 1
595 994 1
596 926 1
596 963 1
598 945 1
601 620 1
601 631 1
601 666 1
601 832 1
601 880 1
601 964 1
602 621 1
602 644 1
602 651 1
602 656 1
602 669 1
602 680 1
603 607 1
603 655 1
603 667 1
603 672 1
603 683 1
603 691 1
604 612 1
604 620 1
604 627 1
604 630 1
604 647 1
604 656 1
604 670 1
604 980 1
605 610 1
605 645 1
605 681 1
605 852 1
606 625 1
606 638 1
606 675 1
606 692 1
607 676 1
607 722 1
608 611 1
608 622 1
608 624 1
608 637 1
608 652 1
608 668 1
608 672 1
608 681 1
609 629 1
609 632 1
609 640 1
609 648 1
609 668 1
609 677 1
609 690 1
610 624 1
610 626 1
610 632 1
610 633 1
610 658 1
610 683 1
611 631 1
611 635 1
611 642 1
611 644 1
611 649 1
611 677 1
611 692 1
612 614 1
612 639 1
612 648 1
612 699 1
613 639 1
613 642 1
613 653 1
613 689 1
613 838 1
614 625 1
614 669 1
614 676 1
614 679 1
614 691 1
614 696 1
615 619 1
615 637 1
615 653 1
615 676 1
615 698 1
615 834 1
616 638 1
616 646 1
616 652 1
616 666 1
616 884 1
617 643 1
617 652 1
617 666 1
617 911 1
618 621 1
618 622 1
618 970 1
619 634 1
619 687 1
619 688 1
620 621 1
620 688 1
620 698 1
620 920 1
621 631 1
621 642 1
621 655 1
621 700 1
621 761 1
621 871 1
623 624 1
623 634 1
623 650 1
623 663 1
623 665 1
623 688 1
623 691 1
623 694 1
623 696 1
624 627 1
624 653 1
624 671 1
624 697 1
624 760 1
625 632 1
625 635 1
625 636 1
625 642 1
625 657 1
625 662 1
625 665 1
625 671 1
625 957 1
626 652 1
626 716 1
626 923 1
627 696 1
627 790 1
628 680 1
628 691 1
628 909 1
629 675 1
629 862 1
630 643 1
630 700 1
630 818 1
630 840 1
631 638 1
631 653 1
631 657 1
631 685 1
632 634 1
632 647 1
632 660 1
632 664 1
632 678 1
632 691 1
633 634 1
633 637 1
633 674 1
633 696 1
635 641 1
635 658 1
636 639 1
636 667 1
636 668 1
637 640 1
637 642 1
637 643 1
637 657 1
637 663 1
637 679 1
638 664 1
638 680 1
638 918 1
639 641 1
639 654 1
639 833 1
639 942 1
640 660 1
640 670 1
640 678 1
641 685 1
641 696 1
642 660 1
643 646 1
643 661 1
643 666 1
643 683 1
643 693 1
644 652 1
644 677 1
644 683 1
644 691 1
645 649 1
645 676 1
645 694 1
645 698 1
645 925 1
646 650 1
646 673 1
646 674 1
646 680 1
646 689 1
647 680 1
647 686 1
648 658 1
648 670 1
648 671 1
648 684 1
648 685 1
649 655 1
649 658 1
649 700 1
650 656 1
650 659 1
650 666 1
650 668 1
650 673 1
650 683 1
650 716 1
651 683 1
651 687 1
652 656 1
652 661 1
652 682 1
652 694 1
653 681 1
653 694 1
653 699 1
654 659 1
654 681 1
654 690 1
655 670 1
655 673 1
655 676 1
655 688 1
655 704 1
655 771 1
656 661 1
656 675 1
656 695 1
656 893 1
656 932 1
657 659 1
657 685 1
658 659 1
658 668 1
658 854 1
658 879 1
659 661 1
659 671 1
659 698 1
660 671 1
660 678 1
660 689 1
660 696 1
660 887 1
661 695 1
661 754 1
661 916 1
662 665 1
662 689 1
662 692 1
662 700 1
663 673 1
663 686 1
663 693 1
663 768 1
664 671 1
664 672 1
664 673 1
666 691 1
666 692 1
666 700 1
667 676 1
667 810 1
668 688 1
670 690 1
671 686 1
671 776 1
673 713 1
674 694 1
674 984 1
675 680 1
675 681 1
675 699 1
676 684 1
676 700 1
677 692 1
677 752 1
677 838 1
678 682 1
678 804 1
680 699 1
680 700 1
681 822 1
683 684 1
684 691 1
685 687 1
685 825 1
686 858 1
687 753 1
687 755 1
688 927 1
689 696 1
689 909 1
690 691 1
690 697 1
690 972 1
691 696 1
691 700 1
691 750 1
691 770 1
692 698 1
694 695 1
694 889 1
695 726 1
695 793 1
697 698 1
697 911 1
697 975 1
698 872 1
699 735 1
700 855 1
701 712 1
701 724 1
701 728 1
701 746 1
701 747 1
701 758 1
701 772 1
701 799 1
702 716 1
702 735 1
702 792 1
703 719 1
703 737 1
703 778 1
703 785 1
703 791 1
703 792 1
703 990 1
704 706 1
704 729 1
704 730 1
704 740 1
704 782 1
704 790 1
704 898 1
704 967 1
705 726 1
705 736 1
705 777 1
705 784 1
706 719 1
706 749 1
706 763 1
706 776 1
707 708 1
707 709 1
707 711 1
707 720 1
707 773 1
707 780 1
707 786 1
707 956 1
708 730 1
708 760 1
708 770 1
708 782 1
708 800 1
709 734 1
709 886 1
710 712 1
710 721 1
710 751 1
710 759 1
710 765 1
710 774 1
710 776 1
710 851 1
711 742 1
711 771 1
711 780 1
712 740 1
712 746 1
712 755 1
712 762 1
712 789 1
712 798 1
713 734 1
713 740 1
713 749 1
713 758 1
713 786 1
713 881 1
713 914 1
714 753 1
714 781 1
715 774 1
715 947 1
716 724 1
716 800 1
716 891 1
717 718 1
717 736 1
717 754 1
717 770 1
717 778 1
717 791 1
718 736 1
718 752 1
718 763 1
718 774 1
718 799 1
719 748 1
719 762 1
719 768 1
720 728 1
720 756 1
721 740 1
721 745 1
721 746 1
721 775 1
722 737 1
722 791 1
722 805 1
723 732 1
723 743 1
723 779 1
724 727 1
724 746 1
724 752 1
724 771 1
724 775 1
724 790 1
724 793 1
724 794 1
724 800 1
726 752 1
726 773 1
726 786 1
727 777 1
727 785 1
727 796 1
727 800 1
727 911 1
728 732 1
729 778 1
729 796 1
730 759 1
730 770 1
730 790 1
731 739 1
731 759 1
731 769 1
731 780 1
731 797 1
731 800 1
732 756 1
732 762 1
732 777 1
732 784 1
732 789 1
732 796 1
734 798 1
734 799 1
734 873 1
735 744 1
735 746 1
735 774 1
735 779 1
735 783 1
735 796 1
736 757 1
736 771 1
736 785 1
737 766 1
737 798 1
737 799 1
737 959 1
738 739 1
738 776 1
738 785 1
738 865 1
739 788 1
739 793 1
740 742 1
740 766 1
740 778 1
741 782 1
741 784 1
741 787 1
742 755 1
742 780 1
742 798 1
742 897 1
743 776 1
743 799 1
743 924 1
744 756 1
744 777 1
744 790 1
744 891 1
745 746 1
745 759 1
745 766 1
745 781 1
746 796 1
746 798 1
747 757 1
747 758 1
747 770 1
747 774 1
747 799 1
747 845 1
748 775 1
748 776 1
748 798 1
749 765 1
749 770 1
749 778 1
749 795 1
749 954 1
750 763 1
750 782 1
750 789 1
751 762 1
751 768 1
751 784 1
752 787 1
752 991 1
753 763 1
753 787 1
753 794 1
753 856 1
754 757 1
754 781 1
755 759 1
755 765 1
755 786 1
755 799 1
756 785 1
756 829 1
757 777 1
758 761 1
758 780 1
759 771 1
759 778 1
759 790 1
759 797 1
759 800 1
760 913 1
761 764 1
761 784 1
761 800 1
762 764 1
762 766 1
762 786 1
762 794 1
763 776 1
763 782 1
763 788 1
766 791 1
767 785 1
767 807 1
767 895 1
768 780 1
768 800 1
769 787 1
769 793 1
770 793 1
770 889 1
771 775 1
772 778 1
772 784 1
773 779 1
774 799 1
774 968 1
775 788 1
776 979 1
777 787 1
777 791 1
777 795 1
777 859 1
779 787 1
780 781 1
781 890 1
782 786 1
782 789 1
782 794 1
782 937 1
784 786 1
784 789 1
785 794 1
785 902 1
786 980 1
787 791 1
788 795 1
788 922 1
791 796 1
792 838 1
792 860 1
794 873 1
798 800 1
799 897 1
801 842 1
801 888 1
801 892 1
802 808 1
802 816 1
802 831 1
802 846 1
802 874 1
803 820 1
803 833 1
803 886 1
803 892 1
804 816 1
804 885 1
804 900 1
804 941 1
805 814 1
805 899 1
806 831 1
806 848 1
806 852 1
806 888 1
806 893 1
807 809 1
807 810 1
807 819 1
807 857 1
807 873 1
807 993 1
808 815 1
808 842 1
808 846 1
808 848 1
808 877 1
808 890 1
808 970 1
809 843 1
809 851 1
809 862 1
809 890 1
810 811 1
810 820 1
810 832 1
810 866 1
810 893 1
811 880 1
812 814 1
812 847 1
812 853 1
812 865 1
812 894 1
813 819 1
813 862 1
813 886 1
813 931 1
814 857 1
814 860 1
814 874 1
814 891 1
815 851 1
815 872 1
815 877 1
815 892 1
816 823 1
816 850 1
816 853 1
816 886 1
816 895 1
817 822 1
817 827 1
817 846 1
817 849 1
817 875 1
817 900 1
818 826 1
818 844 1
818 884 1
819 823 1
819 871 1
820 841 1
820 847 1
820 849 1
820 857 1
821 828 1
821 833 1
821 834 1
821 860 1
821 897 1
822 829 1
822 840 1
822 854 1
822 857 1
823 848 1
823 884 1
823 898 1
824 842 1
824 876 1
824 994 1
825 831 1
825 844 1
825 851 1
825 862 1
825 863 1
826 828 1
826 842 1
826 851 1
826 863 1
826 868 1
826 870 1
826 871 1
827 828 1
828 832 1
828 860 1
828 877 1
829 847 1
829 851 1
829 887 1
829 952 1
830 836 1
830 849 1
830 860 1
830 888 1
830 895 1
831 856 1
832 853 1
832 862 1
832 865 1
833 845 1
833 857 1
833 858 1
833 859 1
834 891 1
834 899 1
834 990 1
835 875 1
835 878 1
835 884 1
836 851 1
836 856 1
836 877 1
836 890 1
836 894 1
837 893 1
837 896 1
837 900 1
838 850 1
838 866 1
838 884 1
839 848 1
839 855 1
839 857 1
839 955 1
840 845 1
840 861 1
840 869 1
840 883 1
840 981 1
841 900 1
842 862 1
843 846 1
843 871 1
844 855 1
844 870 1
844 900 1
845 873 1
846 853 1
846 894 1
847 864 1
847 898 1
849 878 1
849 892 1
849 932 1
850 863 1
850 864 1
851 854 1
851 856 1
851 877 1
851 892 1
852 857 1
852 865 1
852 897 1
852 899 1
852 947 1
853 862 1
854 868 1
854 884 1
854 900 1
855 867 1
855 871 1
855 878 1
855 886 1
857 862 1
858 868 1
858 899 1
859 862 1
859 889 1
861 864 1
861 868 1
861 873 1
861 876 1
863 873 1
863 878 1
864 970 1
864 992 1
865 876 1
866 867 1
866 870 1
866 886 1
866 898 1
867 868 1
867 870 1
867 890 1
867 891 1
868 894 1
868 895 1
869 892 1
869 896 1
870 881 1
871 876 1
872 882 1
872 899 1
872 900 1
873 879 1
873 881 1
873 882 1
874 895 1
875 894 1
876 877 1
876 884 1
877 888 1
878 887 1
878 970 1
880 881 1
880 894 1
881 883 1
881 898 1
882 888 1
883 886 1
883 895 1
884 888 1
884 930 1
885 887 1
885 890 1
887 895 1
887 977 1
890 898 1
893 897 1
898 899 1
900 922 1
901 918 1
901 962 1
901 989 1
902 925 1
902 938 1
902 954 1
903 939 1
903 943 1
903 985 1
903 993 1
904 927 1
904 996 1
905 971 1
905 984 1
905 988 1
906 940 1
906 956 1
906 1000 1
907 940 1
907 952 1
907 995 1
908 915 1
908 924 1
908 933 1
908 938 1
908 962 1
908 966 1
908 997 1
908 1000 1
909 932 1
909 946 1
909 998 1
910 925 1
910 942 1
910 966 1
911 912 1
911 914 1
911 936 1
911 989 1
912 928 1
912 967 1
913 920 1
913 946 1
914 923 1
914 933 1
914 956 1
914 964 1
914 981 1
914 984 1
914 1000 1
915 929 1
915 943 1
915 947 1
915 977 1
915 984 1
916 935 1
917 930 1
917 933 1
917 957 1
917 961 1
917 972 1
918 935 1
918 936 1
918 960 1
918 968 1
919 942 1
919 979 1
920 941 1
921 924 1
921 945 1
921 950 1
921 958 1
921 961 1
921 983 1
922 923 1
922 958 1
922 981 1
922 992 1
923 953 1
924 935 1
924 937 1
924 954 1
924 960 1
925 933 1
925 934 1
925 949 1
925 952 1
925 963 1
925 983 1
926 964 1
926 996 1
927 931 1
927 954 1
927 964 1
927 969 1
927 989 1
927 992 1
928 934 1
929 938 1
931 934 1
931 989 1
931 998 1
932 936 1
932 974 1
933 948 1
933 952 1
933 966 1
934 945 1
934 958 1
934 990 1
936 949 1
938 947 1
938 953 1
939 956 1
940 947 1
940 962 1
940 991 1
941 948 1
941 951 1
941 986 1
941 990 1
941 997 1
942 947 1
942 969 1
942 985 1
942 995 1
942 999 1
942 1000 1
943 967 1
943 973 1
943 984 1
943 994 1
944 951 1
944 958 1
944 973 1
944 982 1
944 993 1
944 994 1
945 948 1
945 951 1
945 983 1
945 988 1
947 948 1
947 979 1
948 950 1
948 988 1
949 951 1
949 952 1
949 958 1
949 973 1
949 975 1
949 981 1
950 954 1
950 964 1
950 1000 1
951 987 1
952 965 1
952 984 1
952 985 1
952 991 1
953 954 1
953 963 1
953 967 1
953 971 1
953 974 1
954 971 1
954 981 1
954 986 1
954 993 1
954 999 1
955 956 1
955 974 1
957 986 1
958 972 1
958 979 1
958 983 1
958 995 1
959 962 1
959 974 1
959 991 1
960 974 1
960 978 1
960 983 1
960 1000 1
961 979 1
961 992 1
962 965 1
963 985 1
964 966 1
964 981 1
964 999 1
965 966 1
965 995 1
966 970 1
967 969 1
967 971 1
967 998 1
969 976 1
973 993 1
975 996 1
976 992 1
976 999 1
977 980 1
977 995 1
980 989 1
987 1000 1
993 998 1
998 999 1
998 1000 1
