1000 3414
1 5 1
1 9 1
1 10 1
1 27 1
1 36 1
1 55 1
1 69 1
1 71 1
1 80 1
1 479 1
2 30 1
2 47 1
2 62 1
2 72 1
2 83 1
2 88 1
2 94 1
2 215 1
3 28 1
3 76 1
3 520 1
4 27 1
4 44 1
4 50 1
4 56 1
4 77 1
4 95 1
4 391 1
5 16 1
5 40 1
5 52 1
5 79 1
5 95 1
5 950 1
6 14 1
6 27 1
6 49 1
6 72 1
6 93 1
7 97 1
7 574 1
7 943 1
8 39 1
8 63 1
8 66 1
8 94 1
8 168 1
8 342 1
8 376 1
8 595 1
8 805 1
9 20 1
9 60 1
9 78 1
9 166 1
9 325 1
9 1000 1
10 21 1
10 26 1
10 56 1
10 86 1
10 96 1
10 289 1
10 757 1
11 35 1
11 88 1
11 903 1
12 69 1
12 76 1
12 97 1
12 104 1
12 636 1
12 686 1
13 55 1
13 63 1
13 74 1
13 85 1
13 88 1
13 89 1
13 99 1
13 596 1
14 16 1
14 23 1
14 49 1
14 65 1
15 40 1
15 51 1
15 81 1
15 901 1
16 23 1
16 40 1
16 51 1
16 62 1
16 65 1
16 68 1
16 70 1
16 552 1
17 18 1
17 38 1
17 71 1
17 893 1
18 52 1
18 603 1
18 703 1
18 933 1
19 73 1
19 85 1
19 543 1
19 812 1
20 35 1
20 46 1
20 52 1
20 60 1
20 68 1
20 117 1
20 259 1
20 683 1
21 30 1
21 63 1
21 70 1
21 72 1
21 78 1
21 79 1
21 89 1
21 91 1
21 113 1
21 695 1
22 24 1
22 29 1
22 64 1
22 766 1
23 53 1
23 71 1
23 94 1
23 99 1
23 486 1
23 917 1
24 66 1
24 75 1
24 84 1
24 605 1
24 921 1
25 34 1
25 48 1
25 76 1
25 86 1
25 88 1
25 98 1
25 159 1
25 179 1
25 200 1
25 418 1
26 34 1
26 48 1
26 71 1
26 93 1
26 136 1
26 484 1
27 63 1
27 65 1
27 86 1
27 98 1
27 290 1
27 297 1
27 333 1
27 345 1
27 593 1
28 37 1
28 39 1
28 43 1
28 83 1
28 88 1
28 471 1
28 765 1
28 886 1
29 38 1
29 365 1
30 36 1
30 92 1
30 100 1
30 127 1
30 549 1
31 42 1
31 45 1
31 61 1
31 85 1
31 97 1
31 98 1
32 63 1
32 336 1
32 360 1
32 601 1
32 664 1
33 37 1
33 52 1
33 65 1
33 74 1
33 77 1
33 81 1
33 90 1
33 174 1
33 812 1
34 66 1
34 89 1
34 94 1
34 105 1
34 144 1
34 239 1
34 587 1
34 788 1
35 62 1
35 90 1
36 66 1
36 77 1
36 87 1
36 225 1
37 55 1
37 67 1
37 89 1
37 812 1
38 67 1
38 83 1
38 350 1
38 381 1
38 427 1
38 933 1
39 45 1
39 63 1
39 66 1
39 87 1
39 98 1
40 54 1
40 56 1
40 64 1
40 76 1
40 97 1
40 791 1
41 46 1
41 56 1
41 68 1
41 79 1
41 246 1
41 409 1
41 874 1
41 943 1
42 55 1
42 61 1
42 64 1
42 85 1
42 97 1
42 374 1
42 431 1
42 759 1
43 131 1
43 323 1
44 67 1
44 68 1
44 98 1
44 329 1
44 764 1
45 48 1
45 84 1
45 87 1
45 91 1
45 92 1
45 96 1
46 468 1
47 49 1
47 76 1
47 100 1
47 305 1
47 945 1
48 78 1
48 79 1
49 50 1
49 94 1
49 98 1
49 179 1
49 365 1
49 807 1
50 52 1
50 57 1
50 97 1
51 61 1
51 78 1
51 79 1
51 89 1
51 285 1
51 604 1
52 62 1
52 74 1
52 76 1
52 731 1
52 749 1
53 426 1
53 688 1
54 56 1
54 60 1
54 72 1
54 88 1
54 97 1
54 246 1
55 64 1
55 98 1
55 543 1
55 546 1
56 59 1
56 62 1
56 85 1
57 64 1
57 65 1
57 89 1
57 90 1
57 95 1
57 167 1
58 91 1
59 65 1
59 407 1
59 592 1
60 265 1
60 328 1
60 390 1
61 62 1
61 81 1
61 89 1
61 114 1
62 75 1
62 100 1
63 64 1
63 76 1
63 77 1
63 814 1
64 91 1
64 92 1
64 718 1
65 185 1
65 360 1
66 72 1
66 77 1
66 81 1
66 126 1
66 707 1
66 928 1
67 90 1
67 95 1
67 96 1
67 99 1
67 548 1
67 578 1
68 257 1
68 943 1
69 86 1
69 91 1
70 88 1
70 218 1
70 260 1
70 414 1
70 693 1
71 72 1
71 300 1
72 88 1
72 288 1
72 736 1
73 81 1
73 86 1
73 313 1
74 76 1
74 300 1
74 518 1
75 80 1
75 86 1
75 88 1
75 368 1
76 88 1
76 93 1
76 603 1
77 84 1
77 95 1
77 263 1
77 537 1
77 895 1
77 954 1
77 963 1
78 91 1
78 94 1
78 597 1
79 83 1
79 84 1
79 105 1
79 405 1
80 359 1
80 381 1
80 565 1
81 179 1
81 273 1
83 100 1
83 399 1
84 754 1
85 97 1
85 157 1
85 334 1
86 91 1
86 358 1
88 397 1
89 92 1
89 701 1
90 324 1
91 92 1
91 97 1
91 221 1
92 96 1
92 260 1
92 520 1
93 644 1
93 882 1
94 417 1
94 897 1
94 943 1
95 508 1
95 646 1
95 1000 1
97 973 1
98 313 1
99 171 1
99 227 1
99 385 1
99 539 1
99 719 1
99 922 1
100 166 1
100 841 1
101 136 1
101 146 1
101 153 1
101 160 1
101 161 1
101 866 1
102 122 1
102 126 1
102 183 1
102 194 1
102 457 1
102 868 1
103 108 1
103 109 1
103 138 1
103 142 1
103 187 1
103 308 1
103 454 1
104 105 1
104 107 1
104 109 1
104 128 1
104 130 1
104 135 1
104 519 1
104 759 1
105 111 1
105 145 1
105 153 1
105 160 1
105 180 1
105 194 1
105 197 1
105 910 1
106 144 1
106 178 1
106 225 1
106 976 1
107 145 1
107 170 1
107 182 1
107 186 1
107 188 1
107 197 1
107 198 1
107 803 1
108 116 1
108 188 1
108 193 1
108 196 1
108 612 1
108 756 1
109 116 1
109 127 1
109 141 1
109 158 1
109 538 1
109 767 1
110 113 1
110 136 1
110 151 1
110 229 1
110 423 1
110 526 1
111 135 1
111 168 1
111 179 1
111 182 1
111 184 1
111 187 1
111 197 1
111 231 1
111 425 1
111 854 1
112 134 1
112 137 1
112 142 1
112 162 1
112 187 1
112 188 1
112 194 1
112 269 1
113 125 1
113 186 1
114 140 1
114 146 1
114 173 1
114 175 1
114 393 1
114 398 1
115 117 1
115 124 1
115 143 1
115 159 1
115 175 1
115 189 1
115 391 1
116 119 1
116 151 1
116 153 1
116 178 1
116 190 1
116 197 1
117 149 1
117 155 1
117 185 1
117 194 1
118 189 1
118 471 1
119 135 1
119 159 1
119 167 1
119 847 1
120 176 1
120 188 1
120 228 1
120 637 1
121 130 1
121 132 1
121 139 1
121 143 1
121 174 1
121 179 1
121 550 1
122 134 1
122 139 1
122 180 1
122 189 1
122 191 1
122 451 1
123 124 1
123 149 1
123 168 1
123 180 1
123 190 1
123 191 1
124 130 1
124 152 1
124 170 1
124 174 1
124 184 1
125 129 1
125 132 1
125 145 1
125 155 1
125 159 1
125 180 1
125 187 1
125 394 1
126 182 1
126 430 1
127 142 1
127 153 1
127 175 1
127 176 1
127 189 1
127 390 1
127 736 1
128 143 1
128 155 1
128 161 1
128 179 1
128 182 1
128 670 1
128 791 1
129 162 1
129 188 1
129 193 1
129 194 1
129 196 1
129 276 1
129 838 1
130 138 1
130 144 1
130 145 1
130 152 1
130 185 1
130 198 1
130 521 1
131 141 1
131 145 1
132 170 1
132 193 1
132 781 1
133 142 1
134 137 1
134 154 1
134 191 1
134 196 1
134 376 1
135 200 1
135 675 1
135 736 1
135 744 1
135 900 1
136 164 1
136 186 1
136 200 1
136 277 1
136 711 1
136 800 1
137 157 1
137 187 1
137 290 1
138 161 1
138 195 1
138 197 1
138 198 1
138 927 1
139 154 1
139 170 1
139 197 1
140 167 1
140 291 1
140 698 1
141 143 1
141 163 1
141 185 1
141 188 1
141 195 1
142 148 1
142 166 1
142 177 1
142 901 1
142 910 1
142 938 1
143 147 1
143 154 1
143 170 1
143 183 1
143 192 1
143 195 1
143 436 1
143 549 1
144 179 1
144 184 1
144 187 1
145 157 1
145 194 1
145 948 1
146 152 1
146 155 1
146 166 1
146 189 1
146 198 1
146 592 1
146 795 1
146 893 1
147 176 1
147 180 1
147 188 1
147 798 1
147 990 1
148 159 1
148 391 1
148 459 1
149 159 1
149 162 1
149 601 1
149 986 1
150 165 1
150 169 1
150 178 1
150 191 1
150 197 1
150 198 1
150 902 1
151 185 1
151 195 1
151 869 1
152 164 1
152 176 1
152 181 1
152 772 1
152 884 1
152 962 1
153 154 1
153 167 1
153 187 1
153 471 1
153 502 1
153 663 1
153 917 1
153 995 1
154 164 1
154 165 1
154 195 1
154 234 1
154 460 1
154 641 1
154 843 1
155 179 1
155 196 1
155 322 1
156 167 1
156 192 1
156 277 1
156 472 1
156 516 1
156 759 1
156 762 1
157 293 1
158 165 1
158 577 1
159 206 1
159 468 1
160 995 1
161 170 1
161 831 1
161 846 1
162 168 1
162 188 1
162 192 1
162 624 1
163 170 1
163 176 1
163 195 1
163 335 1
163 657 1
163 819 1
164 182 1
165 180 1
165 184 1
165 411 1
165 663 1
166 169 1
166 677 1
167 168 1
167 179 1
167 192 1
167 193 1
167 350 1
168 174 1
168 184 1
168 786 1
169 191 1
169 581 1
170 172 1
170 670 1
170 699 1
171 447 1
172 197 1
172 198 1
172 671 1
172 775 1
173 175 1
173 190 1
174 178 1
174 193 1
174 676 1
174 729 1
175 853 1
175 872 1
175 918 1
177 308 1
177 368 1
178 182 1
178 345 1
178 733 1
179 193 1
179 197 1
179 791 1
181 334 1
181 560 1
181 917 1
181 993 1
182 465 1
182 869 1
183 184 1
183 358 1
184 199 1
185 594 1
186 197 1
186 198 1
186 200 1
187 329 1
187 381 1
187 551 1
187 622 1
188 290 1
188 345 1
188 612 1
188 699 1
188 975 1
189 220 1
189 791 1
190 296 1
191 272 1
191 455 1
192 200 1
192 359 1
192 534 1
192 795 1
192 802 1
193 200 1
193 442 1
194 467 1
195 508 1
195 855 1
196 565 1
196 939 1
197 355 1
197 872 1
197 989 1
198 745 1
199 466 1
199 473 1
199 718 1
201 203 1
201 269 1
201 284 1
201 554 1
202 229 1
202 248 1
202 285 1
202 288 1
203 224 1
203 235 1
203 255 1
203 266 1
203 280 1
203 281 1
203 288 1
203 547 1
204 221 1
204 233 1
204 291 1
204 648 1
204 993 1
205 209 1
205 215 1
205 228 1
205 257 1
205 262 1
205 275 1
205 300 1
205 341 1
205 554 1
205 821 1
206 216 1
206 264 1
206 771 1
207 219 1
207 235 1
207 237 1
207 243 1
207 273 1
207 287 1
207 289 1
207 294 1
208 265 1
208 286 1
208 617 1
208 781 1
208 928 1
209 240 1
209 242 1
209 243 1
209 257 1
209 259 1
209 453 1
209 638 1
209 643 1
210 240 1
210 259 1
210 282 1
211 266 1
211 274 1
211 275 1
211 282 1
211 292 1
211 299 1
212 234 1
212 254 1
212 477 1
213 236 1
213 269 1
213 609 1
213 748 1
214 447 1
214 947 1
215 240 1
215 247 1
215 253 1
215 271 1
215 701 1
216 219 1
216 235 1
216 257 1
216 284 1
216 293 1
216 407 1
216 474 1
217 268 1
217 291 1
217 296 1
217 297 1
217 417 1
217 633 1
218 220 1
218 225 1
218 241 1
218 251 1
218 258 1
218 280 1
218 287 1
218 473 1
219 223 1
219 246 1
219 248 1
220 223 1
220 233 1
221 230 1
221 248 1
221 257 1
221 270 1
221 278 1
221 280 1
221 465 1
221 569 1
221 854 1
221 885 1
222 228 1
222 237 1
222 243 1
222 272 1
222 273 1
222 282 1
222 300 1
223 245 1
223 260 1
223 274 1
223 297 1
223 374 1
224 226 1
224 227 1
224 271 1
224 279 1
224 293 1
225 272 1
225 273 1
225 277 1
225 279 1
225 552 1
225 857 1
226 227 1
226 232 1
226 240 1
226 256 1
226 262 1
226 271 1
226 288 1
226 295 1
226 297 1
226 650 1
226 723 1
227 230 1
227 237 1
227 253 1
227 293 1
227 299 1
227 854 1
228 257 1
228 282 1
228 451 1
229 232 1
229 272 1
229 278 1
229 290 1
229 349 1
229 356 1
229 396 1
229 430 1
230 235 1
230 292 1
231 239 1
231 250 1
231 271 1
231 284 1
231 961 1
231 979 1
232 253 1
232 269 1
232 277 1
232 279 1
232 282 1
232 283 1
232 293 1
232 498 1
232 710 1
233 250 1
233 267 1
233 277 1
233 289 1
233 293 1
234 236 1
234 240 1
234 266 1
234 267 1
234 371 1
234 509 1
234 781 1
235 244 1
235 530 1
236 237 1
236 258 1
236 284 1
236 291 1
236 293 1
236 820 1
237 292 1
237 949 1
238 250 1
238 263 1
239 254 1
239 565 1
240 252 1
240 267 1
240 272 1
240 281 1
240 284 1
241 246 1
241 255 1
241 577 1
242 262 1
242 265 1
242 278 1
242 288 1
242 291 1
242 626 1
242 811 1
242 987 1
243 248 1
243 261 1
243 263 1
243 613 1
244 269 1
244 285 1
244 296 1
244 300 1
244 827 1
245 253 1
245 266 1
245 555 1
245 722 1
246 255 1
246 294 1
246 580 1
247 255 1
247 278 1
247 710 1
247 734 1
248 585 1
249 274 1
249 281 1
249 313 1
249 331 1
249 835 1
250 252 1
250 253 1
250 260 1
250 342 1
251 263 1
251 268 1
251 294 1
251 352 1
253 270 1
253 278 1
253 287 1
253 300 1
253 411 1
253 592 1
253 844 1
254 286 1
254 287 1
254 289 1
254 293 1
254 422 1
254 998 1
255 551 1
255 640 1
256 282 1
256 285 1
256 660 1
256 727 1
256 888 1
257 457 1
258 264 1
258 627 1
259 277 1
259 279 1
259 285 1
259 300 1
259 641 1
260 264 1
260 265 1
260 284 1
260 297 1
260 858 1
261 263 1
261 272 1
261 282 1
261 292 1
261 871 1
261 885 1
262 297 1
263 297 1
263 448 1
263 748 1
264 266 1
264 288 1
264 411 1
264 764 1
264 867 1
265 268 1
265 277 1
265 299 1
266 326 1
267 283 1
268 276 1
269 273 1
269 291 1
269 301 1
269 516 1
269 735 1
269 790 1
269 841 1
270 289 1
270 293 1
271 276 1
271 284 1
271 927 1
271 932 1
273 275 1
273 296 1
273 299 1
274 285 1
274 290 1
274 300 1
274 381 1
274 428 1
275 281 1
275 282 1
275 285 1
275 371 1
275 673 1
276 291 1
277 286 1
277 406 1
277 537 1
277 609 1
278 679 1
279 300 1
279 689 1
280 285 1
280 877 1
281 284 1
282 290 1
284 288 1
284 292 1
284 294 1
285 502 1
286 896 1
287 296 1
287 299 1
287 456 1
288 770 1
288 915 1
289 547 1
290 579 1
292 576 1
292 781 1
293 299 1
293 675 1
293 934 1
294 883 1
295 298 1
296 297 1
296 558 1
296 814 1
297 378 1
297 637 1
297 644 1
297 677 1
297 803 1
298 701 1
299 973 1
301 318 1
301 324 1
301 353 1
301 369 1
301 387 1
301 390 1
302 312 1
302 346 1
302 356 1
302 370 1
302 373 1
302 816 1
303 318 1
303 329 1
303 342 1
303 345 1
303 513 1
303 568 1
303 924 1
304 342 1
304 368 1
304 371 1
304 389 1
304 591 1
305 309 1
305 352 1
305 361 1
305 794 1
306 379 1
307 336 1
307 383 1
307 398 1
308 345 1
309 324 1
309 352 1
309 356 1
309 369 1
309 371 1
309 385 1
309 395 1
309 577 1
309 584 1
309 623 1
309 669 1
310 316 1
310 361 1
310 652 1
310 925 1
310 951 1
310 963 1
310 982 1
311 316 1
311 321 1
311 325 1
311 348 1
312 315 1
312 320 1
312 352 1
312 360 1
312 362 1
312 371 1
312 373 1
312 384 1
312 565 1
312 807 1
312 966 1
313 314 1
313 328 1
313 363 1
313 368 1
313 382 1
313 387 1
313 411 1
313 917 1
314 322 1
314 337 1
314 338 1
314 344 1
314 353 1
314 370 1
314 379 1
314 393 1
314 603 1
314 869 1
315 319 1
315 333 1
315 349 1
315 350 1
315 379 1
316 333 1
316 337 1
317 358 1
317 360 1
318 331 1
318 365 1
318 378 1
318 388 1
318 391 1
318 724 1
318 734 1
319 327 1
319 337 1
319 356 1
319 980 1
320 331 1
320 347 1
320 373 1
320 740 1
321 336 1
321 337 1
321 349 1
321 350 1
321 352 1
321 364 1
321 374 1
321 840 1
322 333 1
322 357 1
322 381 1
322 399 1
322 597 1
323 354 1
323 390 1
323 393 1
324 342 1
324 361 1
324 381 1
324 985 1
325 338 1
325 350 1
325 373 1
325 380 1
325 391 1
325 976 1
326 338 1
326 375 1
326 392 1
326 686 1
326 944 1
327 332 1
327 337 1
327 355 1
327 396 1
328 390 1
328 745 1
329 350 1
329 365 1
329 375 1
329 425 1
329 625 1
329 970 1
330 337 1
330 341 1
330 346 1
330 359 1
330 373 1
330 397 1
330 842 1
331 344 1
331 385 1
331 389 1
332 333 1
332 343 1
332 353 1
332 357 1
333 360 1
333 386 1
333 391 1
333 400 1
334 363 1
334 365 1
334 379 1
334 392 1
334 393 1
334 524 1
335 368 1
335 384 1
335 399 1
336 342 1
336 365 1
336 377 1
336 508 1
336 804 1
336 853 1
337 363 1
337 371 1
337 372 1
337 374 1
338 342 1
338 365 1
338 389 1
338 795 1
338 952 1
339 364 1
339 400 1
340 344 1
340 346 1
340 354 1
340 366 1
340 378 1
340 388 1
340 392 1
340 935 1
341 342 1
341 370 1
341 380 1
341 390 1
342 354 1
342 359 1
342 365 1
342 386 1
342 594 1
342 832 1
342 868 1
343 346 1
343 374 1
343 378 1
343 390 1
343 733 1
343 923 1
343 945 1
344 359 1
344 364 1
344 367 1
344 370 1
344 371 1
344 400 1
345 348 1
345 352 1
345 354 1
345 358 1
345 455 1
346 360 1
346 385 1
347 353 1
347 383 1
347 386 1
347 391 1
347 790 1
347 844 1
348 366 1
348 373 1
348 514 1
348 824 1
349 350 1
349 393 1
349 431 1
349 946 1
350 364 1
350 397 1
350 874 1
350 992 1
351 360 1
351 398 1
351 780 1
351 872 1
352 355 1
352 359 1
352 362 1
352 381 1
353 382 1
353 392 1
353 396 1
353 787 1
354 378 1
355 381 1
355 384 1
355 540 1
355 885 1
356 372 1
356 395 1
356 740 1
356 797 1
357 370 1
357 380 1
357 683 1
357 712 1
358 399 1
358 853 1
359 395 1
359 783 1
360 392 1
360 734 1
360 828 1
361 587 1
362 892 1
363 366 1
363 391 1
363 495 1
363 620 1
364 375 1
364 391 1
364 871 1
365 366 1
365 371 1
366 951 1
367 390 1
367 463 1
367 506 1
368 374 1
368 525 1
368 649 1
368 888 1
369 375 1
369 600 1
369 976 1
370 392 1
370 999 1
371 759 1
372 381 1
372 389 1
372 514 1
372 543 1
374 381 1
374 611 1
374 699 1
374 721 1
374 914 1
375 376 1
375 439 1
375 703 1
376 393 1
376 648 1
376 866 1
377 378 1
377 387 1
377 875 1
379 381 1
379 382 1
380 394 1
381 382 1
381 383 1
381 387 1
382 385 1
382 633 1
383 700 1
383 785 1
383 882 1
384 546 1
384 800 1
384 945 1
385 395 1
386 398 1
386 512 1
387 389 1
387 562 1
387 905 1
388 733 1
389 770 1
390 391 1
390 467 1
390 590 1
391 394 1
391 395 1
391 619 1
391 815 1
393 395 1
393 794 1
395 446 1
395 818 1
395 1000 1
396 498 1
399 859 1
400 691 1
401 467 1
401 469 1
401 489 1
402 406 1
402 410 1
402 438 1
402 459 1
402 478 1
402 540 1
403 412 1
403 415 1
403 420 1
403 430 1
403 438 1
403 451 1
403 463 1
403 480 1
404 450 1
404 451 1
404 490 1
404 495 1
404 697 1
405 416 1
405 432 1
405 450 1
405 461 1
405 464 1
405 486 1
405 496 1
405 849 1
406 433 1
406 472 1
406 478 1
406 486 1
406 487 1
406 489 1
406 490 1
406 698 1
406 832 1
407 414 1
407 421 1
407 459 1
407 463 1
407 468 1
407 716 1
407 981 1
408 457 1
408 459 1
408 488 1
408 534 1
409 479 1
409 480 1
409 696 1
409 881 1
410 449 1
410 472 1
410 475 1
410 482 1
410 688 1
410 982 1
411 415 1
411 456 1
411 482 1
411 483 1
411 599 1
411 680 1
412 444 1
412 482 1
412 494 1
412 496 1
412 500 1
412 722 1
413 428 1
413 438 1
413 451 1
413 460 1
413 466 1
413 475 1
413 476 1
414 446 1
414 460 1
414 465 1
414 476 1
414 605 1
415 416 1
415 467 1
415 469 1
416 419 1
416 472 1
416 486 1
416 726 1
417 484 1
417 594 1
417 706 1
418 422 1
418 481 1
418 485 1
419 478 1
419 493 1
420 430 1
420 462 1
420 465 1
420 467 1
420 485 1
420 491 1
420 497 1
421 433 1
421 447 1
421 465 1
421 477 1
421 487 1
421 640 1
421 862 1
422 425 1
422 431 1
422 482 1
423 434 1
423 437 1
423 444 1
423 455 1
423 464 1
423 467 1
423 812 1
424 467 1
424 468 1
424 999 1
425 443 1
425 456 1
425 477 1
426 428 1
426 440 1
426 493 1
426 496 1
426 499 1
426 794 1
427 440 1
427 445 1
427 454 1
427 475 1
427 476 1
428 467 1
428 474 1
429 451 1
429 453 1
429 481 1
429 488 1
429 593 1
429 791 1
429 860 1
430 440 1
430 443 1
430 472 1
430 482 1
430 513 1
430 574 1
431 441 1
431 452 1
431 462 1
431 467 1
431 468 1
431 476 1
431 477 1
431 478 1
431 480 1
432 475 1
433 440 1
433 466 1
433 469 1
433 480 1
433 482 1
433 495 1
433 497 1
433 921 1
434 437 1
434 465 1
434 490 1
434 808 1
435 443 1
435 479 1
435 491 1
435 492 1
435 928 1
436 442 1
436 451 1
436 455 1
436 456 1
436 459 1
436 480 1
436 972 1
437 454 1
437 459 1
437 466 1
437 485 1
437 487 1
437 489 1
438 493 1
438 705 1
439 466 1
439 490 1
439 497 1
439 950 1
440 459 1
440 472 1
440 473 1
440 487 1
440 491 1
440 498 1
440 918 1
441 474 1
441 475 1
441 484 1
441 485 1
442 445 1
442 460 1
442 464 1
442 467 1
442 470 1
443 451 1
443 455 1
443 460 1
443 464 1
443 465 1
443 483 1
443 491 1
443 949 1
444 453 1
444 475 1
444 492 1
444 843 1
445 604 1
445 613 1
446 463 1
446 474 1
446 491 1
447 452 1
447 462 1
447 508 1
447 529 1
447 739 1
447 864 1
447 893 1
448 455 1
448 473 1
448 488 1
448 494 1
448 495 1
448 672 1
449 489 1
449 499 1
450 466 1
450 467 1
450 486 1
450 492 1
451 459 1
451 469 1
451 474 1
451 493 1
451 495 1
451 755 1
451 853 1
452 454 1
452 459 1
452 495 1
452 498 1
452 823 1
453 455 1
453 495 1
453 604 1
453 922 1
454 460 1
454 483 1
455 456 1
455 466 1
455 467 1
455 474 1
455 476 1
455 491 1
456 478 1
457 463 1
457 476 1
457 484 1
457 486 1
457 497 1
457 500 1
457 666 1
458 464 1
458 486 1
458 496 1
460 466 1
460 476 1
460 499 1
461 467 1
461 476 1
461 915 1
462 481 1
462 842 1
463 466 1
463 467 1
463 497 1
463 720 1
463 917 1
464 886 1
465 469 1
465 474 1
465 555 1
465 635 1
466 467 1
466 468 1
466 488 1
466 763 1
467 471 1
467 483 1
467 494 1
467 527 1
468 477 1
468 486 1
468 492 1
468 619 1
468 826 1
469 494 1
470 495 1
470 498 1
471 474 1
471 476 1
471 481 1
471 487 1
471 489 1
471 815 1
472 754 1
473 480 1
474 478 1
474 497 1
474 625 1
474 804 1
475 480 1
475 489 1
476 524 1
477 484 1
477 757 1
477 760 1
478 490 1
478 740 1
478 904 1
479 500 1
480 928 1
481 489 1
481 500 1
481 958 1
482 505 1
482 544 1
482 580 1
482 612 1
482 769 1
482 955 1
483 493 1
483 848 1
485 812 1
486 491 1
486 587 1
486 884 1
487 767 1
488 565 1
489 964 1
491 801 1
494 766 1
495 867 1
496 535 1
497 499 1
497 556 1
498 655 1
498 675 1
498 861 1
499 959 1
501 522 1
501 541 1
501 562 1
501 595 1
502 529 1
502 562 1
502 577 1
502 609 1
503 504 1
503 519 1
503 531 1
503 575 1
503 582 1
503 760 1
504 506 1
504 507 1
504 516 1
504 522 1
504 528 1
504 540 1
504 570 1
505 521 1
505 536 1
505 546 1
505 560 1
505 565 1
505 575 1
505 583 1
506 524 1
506 532 1
506 534 1
506 778 1
507 508 1
507 531 1
507 532 1
507 534 1
508 512 1
508 522 1
508 591 1
508 809 1
509 534 1
509 535 1
509 563 1
509 595 1
510 524 1
510 551 1
510 578 1
510 948 1
511 526 1
511 586 1
511 597 1
511 862 1
511 872 1
512 517 1
512 525 1
512 533 1
512 557 1
512 558 1
512 572 1
513 517 1
513 527 1
513 537 1
513 541 1
513 558 1
513 586 1
513 948 1
514 552 1
514 555 1
514 584 1
514 585 1
514 593 1
515 578 1
515 591 1
516 538 1
516 570 1
516 580 1
516 584 1
516 588 1
516 591 1
516 762 1
516 870 1
517 563 1
517 581 1
517 927 1
518 535 1
518 548 1
518 559 1
518 583 1
518 599 1
518 761 1
518 959 1
519 538 1
519 567 1
519 569 1
519 570 1
519 581 1
519 964 1
520 544 1
520 558 1
520 566 1
520 579 1
520 580 1
521 532 1
521 551 1
521 558 1
521 562 1
521 600 1
522 548 1
522 561 1
522 564 1
522 570 1
522 577 1
522 597 1
523 524 1
523 528 1
523 560 1
523 573 1
523 579 1
523 611 1
524 549 1
524 556 1
524 558 1
524 583 1
524 590 1
524 594 1
524 600 1
524 719 1
524 914 1
525 567 1
525 578 1
525 582 1
525 585 1
526 542 1
526 544 1
526 565 1
526 568 1
526 572 1
527 554 1
527 560 1
527 575 1
527 600 1
527 850 1
527 983 1
527 984 1
528 531 1
528 552 1
528 588 1
528 962 1
529 545 1
529 556 1
529 557 1
530 573 1
530 584 1
531 536 1
532 552 1
532 571 1
532 573 1
532 771 1
532 842 1
532 953 1
533 542 1
533 546 1
533 555 1
533 595 1
534 535 1
534 537 1
534 540 1
534 568 1
534 597 1
534 942 1
535 561 1
535 580 1
535 595 1
536 545 1
536 548 1
536 552 1
536 558 1
536 559 1
536 561 1
536 576 1
536 629 1
537 549 1
537 560 1
537 595 1
537 837 1
538 542 1
538 593 1
538 682 1
538 899 1
539 551 1
539 552 1
539 865 1
540 565 1
540 572 1
540 958 1
541 547 1
541 553 1
541 554 1
541 557 1
541 585 1
541 594 1
542 553 1
542 591 1
543 551 1
543 556 1
543 561 1
543 758 1
544 568 1
544 929 1
545 560 1
545 590 1
546 558 1
546 577 1
546 578 1
546 588 1
546 685 1
547 575 1
547 750 1
548 550 1
548 563 1
548 569 1
548 576 1
548 592 1
549 556 1
549 563 1
549 565 1
549 574 1
549 887 1
550 558 1
550 775 1
551 553 1
551 556 1
551 592 1
551 594 1
551 600 1
552 561 1
553 587 1
554 557 1
554 571 1
554 582 1
554 730 1
555 562 1
555 576 1
555 594 1
557 575 1
557 700 1
557 814 1
558 568 1
558 605 1
558 969 1
559 582 1
559 600 1
559 864 1
560 569 1
560 587 1
560 600 1
561 857 1
562 563 1
562 578 1
562 594 1
563 595 1
564 582 1
564 587 1
564 589 1
565 578 1
565 580 1
565 621 1
566 573 1
566 587 1
567 569 1
567 580 1
567 583 1
567 586 1
567 592 1
567 593 1
568 570 1
568 572 1
568 676 1
568 887 1
570 701 1
570 709 1
570 897 1
571 596 1
572 589 1
573 581 1
573 592 1
573 596 1
573 598 1
574 687 1
575 596 1
575 846 1
576 577 1
576 587 1
576 592 1
576 599 1
576 696 1
577 578 1
577 592 1
578 582 1
578 591 1
578 642 1
579 789 1
580 585 1
580 592 1
581 586 1
582 679 1
582 740 1
583 587 1
584 590 1
584 823 1
585 593 1
585 595 1
587 591 1
587 592 1
587 595 1
587 596 1
588 649 1
589 599 1
589 924 1
590 831 1
590 944 1
591 596 1
591 612 1
593 598 1
593 672 1
595 936 1
595 993 1
596 600 1
597 701 1
597 909 1
598 630 1
598 696 1
600 992 1
601 610 1
601 628 1
601 631 1
601 684 1
601 700 1
602 610 1
602 614 1
602 648 1
602 685 1
602 699 1
602 700 1
603 605 1
603 615 1
603 639 1
603 650 1
603 664 1
603 672 1
604 624 1
604 649 1
604 693 1
604 699 1
605 609 1
605 632 1
605 637 1
605 641 1
605 646 1
605 670 1
605 671 1
605 751 1
606 615 1
606 647 1
606 670 1
606 679 1
606 988 1
607 627 1
607 649 1
607 656 1
607 662 1
607 675 1
607 677 1
608 614 1
608 634 1
608 655 1
608 656 1
608 665 1
608 670 1
608 682 1
608 695 1
609 649 1
609 652 1
609 691 1
609 895 1
610 629 1
610 649 1
610 678 1
610 687 1
611 612 1
611 619 1
611 676 1
611 693 1
612 618 1
612 634 1
612 637 1
612 684 1
613 622 1
613 668 1
614 629 1
614 645 1
614 648 1
614 696 1
615 677 1
615 680 1
615 700 1
615 818 1
616 657 1
616 663 1
616 666 1
616 688 1
616 690 1
617 698 1
617 779 1
617 786 1
618 640 1
618 680 1
618 700 1
619 634 1
619 635 1
619 695 1
619 698 1
619 772 1
620 627 1
620 642 1
620 645 1
620 665 1
620 823 1
620 931 1
621 667 1
622 626 1
622 653 1
622 665 1
622 694 1
622 696 1
623 639 1
623 668 1
623 840 1
624 626 1
624 634 1
624 641 1
624 652 1
624 661 1
624 665 1
624 668 1
625 627 1
625 636 1
625 637 1
625 654 1
625 655 1
625 665 1
625 670 1
625 688 1
625 911 1
626 630 1
626 633 1
626 635 1
626 645 1
626 678 1
626 682 1
626 813 1
626 890 1
627 642 1
627 657 1
627 665 1
627 669 1
627 687 1
628 676 1
628 690 1
628 809 1
629 631 1
629 655 1
629 690 1
629 890 1
630 634 1
630 638 1
630 645 1
630 669 1
630 792 1
631 643 1
631 651 1
631 669 1
631 679 1
631 689 1
631 695 1
631 992 1
632 652 1
632 660 1
632 670 1
632 696 1
632 767 1
632 977 1
633 639 1
633 646 1
633 683 1
633 902 1
634 636 1
634 658 1
634 668 1
634 688 1
634 695 1
635 670 1
635 689 1
636 644 1
636 651 1
636 663 1
636 675 1
636 696 1
637 667 1
637 686 1
637 700 1
638 651 1
638 829 1
639 644 1
639 669 1
640 654 1
640 694 1
641 666 1
641 669 1
641 677 1
641 684 1
641 685 1
641 698 1
641 700 1
642 680 1
643 669 1
643 672 1
643 680 1
643 961 1
644 655 1
644 662 1
644 676 1
644 682 1
644 698 1
644 700 1
644 809 1
645 681 1
645 688 1
645 820 1
646 653 1
646 665 1
646 690 1
646 692 1
647 677 1
647 693 1
647 977 1
649 887 1
650 656 1
650 661 1
650 672 1
650 766 1
650 796 1
651 662 1
651 682 1
651 991 1
651 996 1
651 997 1
652 664 1
652 667 1
652 675 1
652 679 1
652 690 1
652 811 1
652 998 1
653 694 1
653 867 1
654 677 1
654 732 1
655 661 1
655 677 1
655 680 1
655 691 1
655 845 1
655 952 1
656 678 1
656 697 1
657 658 1
657 660 1
657 669 1
657 685 1
657 698 1
657 740 1
658 788 1
658 907 1
659 686 1
659 910 1
659 969 1
660 662 1
660 673 1
661 669 1
661 681 1
661 698 1
662 673 1
663 674 1
663 988 1
664 666 1
664 675 1
664 687 1
664 941 1
666 668 1
666 669 1
666 671 1
666 690 1
666 748 1
667 681 1
667 687 1
667 688 1
667 699 1
668 684 1
668 692 1
668 695 1
668 699 1
669 672 1
669 691 1
669 695 1
670 694 1
670 697 1
671 831 1
672 680 1
674 676 1
674 691 1
675 686 1
675 696 1
675 699 1
675 825 1
675 835 1
676 682 1
676 919 1
678 684 1
678 721 1
678 739 1
679 680 1
679 689 1
680 681 1
680 691 1
680 695 1
680 864 1
681 705 1
682 761 1
683 696 1
684 689 1
684 694 1
684 700 1
687 692 1
687 693 1
687 694 1
687 728 1
688 689 1
688 695 1
689 898 1
690 759 1
692 693 1
693 697 1
693 836 1
695 697 1
696 884 1
701 715 1
701 721 1
701 767 1
701 792 1
701 800 1
701 860 1
701 916 1
702 709 1
702 720 1
702 737 1
702 754 1
702 766 1
702 773 1
702 782 1
702 784 1
702 786 1
702 791 1
703 742 1
703 756 1
703 762 1
703 767 1
703 768 1
703 783 1
703 790 1
704 705 1
704 707 1
704 715 1
704 717 1
704 737 1
704 786 1
705 715 1
705 717 1
705 756 1
705 779 1
706 707 1
706 723 1
706 748 1
706 755 1
706 761 1
708 725 1
708 733 1
708 745 1
708 749 1
708 751 1
708 758 1
708 781 1
708 787 1
708 910 1
708 981 1
709 784 1
709 976 1
710 723 1
710 731 1
710 769 1
710 776 1
710 800 1
711 729 1
711 740 1
711 752 1
711 778 1
711 779 1
711 800 1
711 981 1
712 714 1
712 733 1
712 769 1
713 717 1
713 756 1
713 786 1
713 839 1
714 721 1
714 725 1
714 747 1
714 752 1
714 769 1
714 771 1
714 790 1
714 792 1
714 794 1
715 721 1
715 729 1
715 762 1
715 800 1
716 723 1
716 727 1
716 732 1
716 767 1
716 774 1
716 785 1
716 788 1
716 795 1
717 722 1
717 739 1
717 754 1
717 823 1
717 830 1
718 725 1
718 726 1
718 752 1
718 764 1
718 780 1
719 729 1
719 730 1
719 732 1
719 752 1
719 761 1
720 733 1
720 772 1
720 788 1
720 795 1
721 742 1
721 752 1
722 735 1
722 772 1
722 794 1
722 800 1
723 726 1
723 733 1
723 741 1
723 753 1
723 772 1
723 789 1
724 725 1
724 748 1
725 742 1
725 772 1
725 777 1
726 740 1
726 745 1
726 767 1
726 785 1
726 797 1
727 746 1
727 763 1
727 766 1
727 789 1
727 792 1
727 797 1
727 883 1
728 753 1
728 754 1
728 764 1
729 732 1
729 754 1
729 768 1
730 742 1
730 785 1
730 786 1
731 754 1
731 756 1
731 779 1
731 849 1
732 735 1
732 747 1
732 778 1
732 779 1
733 738 1
733 743 1
733 746 1
733 777 1
733 780 1
733 960 1
733 988 1
734 759 1
734 791 1
735 759 1
735 793 1
735 951 1
735 965 1
736 765 1
737 751 1
737 752 1
737 771 1
737 776 1
737 797 1
737 798 1
737 809 1
738 751 1
738 780 1
739 740 1
739 757 1
739 764 1
739 765 1
739 781 1
739 794 1
739 795 1
739 797 1
740 744 1
740 762 1
740 767 1
741 756 1
741 790 1
741 962 1
742 762 1
742 765 1
742 795 1
742 824 1
743 750 1
743 841 1
744 747 1
744 789 1
744 790 1
744 796 1
745 762 1
745 774 1
745 797 1
746 792 1
748 791 1
748 798 1
748 834 1
749 776 1
749 786 1
750 769 1
750 779 1
751 752 1
751 754 1
751 755 1
751 764 1
751 781 1
751 798 1
751 923 1
752 781 1
753 770 1
754 763 1
754 778 1
754 849 1
755 759 1
755 784 1
755 986 1
756 762 1
756 768 1
756 772 1
756 783 1
756 798 1
756 800 1
757 771 1
758 766 1
758 796 1
758 832 1
759 787 1
759 889 1
761 766 1
761 792 1
761 795 1
761 878 1
762 780 1
763 768 1
763 773 1
763 793 1
763 799 1
763 951 1
763 980 1
764 766 1
764 793 1
765 770 1
765 781 1
766 774 1
766 798 1
767 773 1
767 809 1
768 791 1
768 990 1
769 994 1
770 797 1
771 782 1
771 783 1
771 784 1
771 792 1
773 778 1
773 914 1
775 789 1
775 833 1
776 782 1
776 800 1
777 780 1
779 786 1
779 788 1
780 796 1
780 833 1
781 795 1
782 784 1
782 919 1
787 790 1
787 793 1
787 799 1
789 792 1
789 796 1
789 798 1
790 793 1
790 794 1
790 796 1
790 983 1
791 851 1
793 800 1
795 997 1
800 944 1
801 806 1
801 809 1
801 814 1
801 822 1
801 828 1
801 852 1
801 856 1
802 845 1
802 850 1
802 872 1
802 873 1
802 879 1
802 889 1
803 821 1
803 844 1
803 850 1
803 879 1
803 886 1
803 895 1
804 868 1
804 876 1
804 882 1
805 823 1
805 826 1
805 846 1
805 860 1
806 861 1
806 869 1
806 894 1
806 899 1
807 821 1
807 843 1
807 848 1
807 850 1
807 852 1
807 866 1
807 887 1
807 890 1
807 892 1
807 894 1
808 853 1
808 859 1
808 882 1
808 889 1
808 934 1
809 839 1
809 915 1
810 836 1
810 843 1
811 819 1
811 829 1
811 891 1
811 893 1
812 846 1
813 831 1
813 838 1
813 850 1
813 851 1
813 897 1
814 818 1
814 834 1
814 849 1
814 853 1
814 854 1
815 875 1
815 894 1
815 895 1
816 841 1
816 854 1
816 868 1
816 871 1
816 885 1
817 826 1
817 831 1
817 860 1
817 867 1
817 869 1
817 870 1
817 878 1
817 896 1
818 821 1
818 882 1
818 894 1
819 831 1
819 837 1
819 854 1
820 870 1
820 871 1
820 872 1
821 881 1
821 888 1
822 826 1
822 840 1
822 854 1
822 864 1
822 882 1
823 852 1
823 860 1
823 866 1
823 869 1
824 862 1
824 876 1
824 883 1
824 891 1
824 903 1
824 980 1
825 859 1
825 864 1
825 866 1
825 873 1
826 832 1
826 859 1
826 867 1
826 877 1
826 888 1
826 894 1
827 880 1
827 900 1
827 983 1
827 996 1
828 829 1
828 839 1
828 846 1
829 853 1
829 891 1
830 864 1
830 887 1
830 895 1
831 859 1
831 881 1
832 944 1
833 836 1
833 839 1
833 845 1
833 894 1
834 847 1
834 849 1
834 867 1
834 884 1
834 894 1
835 867 1
835 877 1
835 897 1
836 864 1
836 877 1
837 842 1
837 849 1
837 856 1
837 866 1
837 870 1
837 882 1
837 895 1
837 897 1
838 839 1
838 845 1
838 847 1
838 889 1
839 845 1
839 849 1
839 864 1
839 895 1
840 845 1
840 846 1
840 858 1
840 869 1
840 896 1
841 842 1
841 855 1
841 868 1
841 893 1
843 859 1
843 867 1
843 892 1
844 888 1
844 890 1
844 900 1
844 994 1
845 846 1
845 851 1
845 892 1
845 900 1
846 868 1
846 883 1
846 899 1
847 858 1
847 862 1
847 879 1
848 872 1
848 888 1
848 998 1
849 855 1
849 884 1
849 895 1
849 898 1
850 855 1
851 858 1
851 865 1
851 870 1
851 876 1
851 886 1
851 888 1
851 895 1
852 861 1
853 888 1
853 892 1
855 868 1
855 873 1
855 894 1
855 900 1
856 858 1
856 862 1
856 868 1
856 869 1
856 891 1
856 982 1
856 999 1
857 864 1
857 866 1
857 889 1
859 876 1
859 878 1
859 896 1
860 882 1
860 884 1
860 898 1
862 874 1
862 894 1
862 902 1
862 920 1
863 866 1
863 889 1
865 868 1
865 886 1
865 896 1
866 900 1
867 987 1
869 878 1
869 885 1
871 899 1
872 891 1
873 887 1
875 889 1
876 880 1
877 885 1
878 893 1
878 899 1
878 921 1
879 940 1
880 899 1
882 883 1
882 887 1
882 896 1
883 892 1
887 892 1
887 897 1
890 912 1
892 899 1
901 995 1
902 904 1
902 922 1
902 945 1
902 947 1
902 954 1
903 906 1
903 924 1
903 937 1
903 986 1
904 955 1
904 979 1
904 988 1
904 999 1
905 911 1
905 912 1
905 947 1
906 937 1
906 966 1
906 984 1
907 929 1
907 939 1
907 955 1
907 958 1
907 986 1
908 912 1
908 922 1
908 940 1
908 952 1
908 988 1
909 911 1
909 918 1
909 947 1
909 951 1
909 953 1
909 955 1
909 973 1
910 913 1
910 933 1
910 962 1
910 964 1
910 988 1
911 924 1
911 927 1
911 947 1
911 949 1
912 925 1
912 935 1
912 943 1
912 959 1
912 965 1
912 989 1
912 992 1
912 997 1
913 934 1
913 966 1
913 978 1
914 931 1
914 932 1
914 942 1
914 952 1
914 975 1
914 987 1
915 933 1
915 939 1
915 962 1
916 920 1
916 979 1
916 986 1
916 999 1
917 939 1
917 945 1
917 977 1
917 982 1
917 984 1
918 920 1
918 945 1
918 990 1
919 931 1
919 940 1
919 961 1
919 969 1
919 979 1
919 983 1
920 927 1
920 942 1
920 953 1
921 959 1
921 978 1
922 923 1
922 936 1
922 940 1
922 948 1
922 966 1
923 974 1
924 929 1
924 946 1
924 951 1
924 952 1
924 990 1
924 999 1
925 932 1
926 938 1
926 950 1
926 976 1
926 979 1
926 986 1
926 994 1
926 1000 1
927 967 1
928 959 1
928 965 1
928 981 1
928 990 1
929 958 1
929 989 1
930 961 1
930 989 1
931 933 1
931 935 1
931 938 1
931 974 1
931 993 1
932 991 1
933 938 1
933 940 1
933 947 1
933 948 1
934 944 1
934 948 1
934 965 1
934 976 1
934 979 1
935 963 1
935 970 1
935 988 1
936 975 1
937 946 1
938 976 1
938 978 1
938 993 1
939 941 1
939 948 1
939 956 1
940 972 1
940 973 1
940 977 1
940 986 1
940 995 1
941 974 1
941 986 1
942 957 1
943 974 1
943 989 1
943 996 1
943 998 1
944 959 1
944 970 1
945 957 1
945 966 1
945 975 1
946 948 1
946 958 1
946 959 1
946 999 1
947 951 1
947 956 1
947 999 1
947 1000 1
948 963 1
948 976 1
948 981 1
948 982 1
948 993 1
949 951 1
949 956 1
949 987 1
949 989 1
950 973 1
950 974 1
951 960 1
951 978 1
951 981 1
951 987 1
952 988 1
952 998 1
953 955 1
954 958 1
954 959 1
954 971 1
954 984 1
955 966 1
955 974 1
955 981 1
956 957 1
957 968 1
957 983 1
957 985 1
957 992 1
957 999 1
958 966 1
958 977 1
958 987 1
958 988 1
958 998 1
959 969 1
959 975 1
959 987 1
959 988 1
959 996 1
961 979 1
962 990 1
963 970 1
963 972 1
963 987 1
963 989 1
964 978 1
964 988 1
964 998 1
965 975 1
965 991 1
965 995 1
965 998 1
967 978 1
968 989 1
969 993 1
970 999 1
971 986 1
971 996 1
973 974 1
973 992 1
974 1000 1
975 978 1
975 982 1
975 992 1
975 994 1
976 980 1
976 983 1
976 985 1
977 996 1
978 996 1
980 999 1
981 982 1
981 992 1
981 996 1
986 1000 1
989 995 1
989 996 1
993 1000 1
