1000 3279
1 4 1
1 11 1
1 30 1
1 45 1
1 98 1
1 665 1
1 892 1
2 3 1
2 7 1
2 23 1
2 36 1
2 38 1
2 41 1
2 42 1
2 57 1
2 92 1
2 93 1
2 263 1
2 867 1
3 13 1
3 22 1
3 43 1
3 71 1
3 78 1
3 83 1
3 451 1
4 49 1
4 85 1
4 91 1
4 100 1
4 233 1
5 14 1
5 25 1
5 71 1
5 92 1
6 19 1
6 68 1
6 69 1
6 83 1
6 94 1
6 201 1
6 547 1
7 75 1
7 85 1
7 89 1
7 98 1
7 230 1
8 11 1
8 32 1
8 95 1
8 276 1
8 723 1
8 789 1
8 802 1
9 24 1
9 77 1
9 91 1
9 369 1
9 504 1
10 39 1
10 50 1
10 58 1
10 97 1
11 81 1
11 84 1
11 722 1
11 976 1
12 23 1
12 42 1
12 100 1
12 632 1
12 832 1
12 950 1
13 24 1
13 30 1
13 70 1
13 75 1
13 90 1
13 99 1
13 140 1
13 145 1
13 301 1
13 382 1
13 746 1
14 39 1
14 56 1
14 73 1
14 81 1
14 89 1
14 90 1
14 93 1
14 159 1
15 19 1
15 31 1
15 46 1
15 792 1
16 64 1
16 75 1
16 88 1
17 52 1
17 60 1
17 75 1
17 94 1
17 97 1
18 23 1
18 25 1
18 46 1
18 51 1
18 87 1
18 94 1
19 32 1
19 37 1
19 57 1
19 78 1
20 27 1
20 31 1
20 79 1
20 82 1
20 90 1
20 260 1
20 361 1
20 957 1
21 38 1
21 42 1
21 54 1
21 59 1
21 61 1
22 30 1
22 56 1
22 90 1
22 868 1
22 886 1
23 29 1
23 63 1
23 73 1
23 88 1
23 509 1
24 47 1
24 58 1
24 348 1
25 32 1
25 34 1
25 42 1
25 51 1
25 62 1
25 63 1
25 83 1
25 479 1
25 695 1
25 722 1
25 832 1
26 96 1
27 48 1
27 67 1
27 81 1
27 292 1
28 32 1
28 44 1
28 59 1
28 61 1
28 93 1
28 99 1
28 126 1
28 353 1
28 479 1
28 838 1
28 920 1
28 964 1
29 31 1
29 34 1
29 46 1
29 50 1
29 59 1
29 66 1
29 149 1
29 394 1
30 73 1
30 74 1
30 89 1
30 122 1
30 208 1
31 33 1
31 85 1
32 34 1
32 38 1
32 62 1
32 64 1
32 68 1
32 91 1
32 124 1
32 152 1
32 649 1
32 731 1
32 962 1
33 64 1
33 75 1
33 85 1
33 88 1
33 484 1
34 35 1
34 41 1
34 63 1
34 76 1
35 50 1
35 380 1
35 794 1
35 845 1
36 41 1
36 45 1
36 48 1
36 49 1
36 56 1
36 75 1
36 76 1
36 378 1
37 66 1
37 90 1
37 302 1
37 637 1
37 878 1
38 39 1
38 45 1
38 60 1
38 98 1
38 100 1
39 78 1
39 81 1
40 51 1
40 75 1
40 88 1
40 125 1
40 433 1
41 73 1
41 74 1
41 164 1
41 551 1
41 607 1
42 61 1
42 72 1
42 85 1
42 297 1
43 44 1
43 46 1
43 50 1
43 78 1
43 81 1
43 85 1
43 93 1
43 248 1
43 616 1
43 948 1
44 74 1
44 504 1
44 663 1
45 50 1
45 60 1
45 330 1
45 342 1
46 84 1
46 419 1
47 73 1
47 97 1
48 64 1
48 93 1
49 100 1
50 60 1
50 625 1
50 753 1
50 956 1
51 75 1
51 81 1
51 220 1
51 245 1
51 649 1
51 691 1
51 721 1
52 73 1
52 82 1
52 499 1
53 55 1
53 56 1
53 71 1
53 104 1
53 270 1
54 74 1
54 80 1
54 658 1
54 945 1
55 81 1
55 173 1
56 58 1
56 70 1
56 82 1
56 85 1
56 717 1
57 369 1
57 581 1
57 752 1
57 794 1
58 72 1
58 116 1
58 200 1
58 768 1
59 78 1
59 921 1
60 72 1
60 270 1
61 64 1
61 81 1
61 780 1
62 64 1
62 90 1
62 711 1
63 82 1
63 306 1
64 91 1
64 95 1
64 97 1
64 302 1
64 587 1
64 804 1
65 495 1
65 587 1
65 612 1
66 69 1
66 153 1
66 840 1
67 75 1
67 97 1
67 145 1
67 271 1
67 391 1
67 648 1
67 706 1
68 82 1
68 598 1
68 872 1
68 895 1
69 70 1
69 91 1
69 211 1
69 653 1
70 76 1
70 96 1
70 97 1
70 99 1
70 100 1
70 648 1
70 710 1
70 767 1
71 123 1
71 354 1
71 600 1
71 828 1
72 84 1
72 89 1
72 447 1
73 77 1
73 381 1
74 338 1
74 428 1
74 982 1
75 91 1
75 306 1
75 479 1
75 969 1
76 82 1
76 85 1
76 316 1
76 426 1
77 96 1
77 595 1
78 96 1
80 99 1
80 266 1
80 927 1
81 85 1
82 94 1
82 287 1
82 352 1
82 725 1
83 88 1
83 92 1
84 100 1
84 465 1
84 766 1
85 164 1
85 325 1
85 424 1
86 506 1
86 551 1
86 922 1
88 541 1
88 616 1
89 90 1
89 649 1
90 91 1
90 688 1
91 99 1
91 377 1
91 693 1
91 703 1
93 100 1
93 770 1
94 439 1
94 786 1
94 978 1
95 100 1
95 337 1
95 718 1
95 798 1
95 848 1
96 99 1
97 784 1
97 961 1
97 982 1
98 99 1
98 283 1
98 346 1
98 493 1
98 876 1
99 643 1
99 988 1
100 115 1
100 309 1
101 108 1
101 139 1
101 164 1
101 165 1
101 170 1
101 177 1
101 184 1
101 192 1
101 199 1
101 406 1
102 112 1
102 142 1
102 175 1
102 176 1
102 189 1
102 230 1
102 514 1
102 954 1
103 124 1
103 128 1
103 136 1
103 181 1
103 618 1
104 120 1
104 136 1
104 147 1
104 154 1
104 156 1
104 158 1
104 164 1
104 184 1
105 115 1
105 118 1
105 145 1
105 149 1
105 169 1
105 176 1
105 196 1
105 822 1
106 111 1
106 146 1
106 156 1
106 173 1
106 184 1
106 386 1
107 367 1
107 374 1
108 125 1
108 137 1
108 148 1
108 164 1
108 174 1
108 227 1
109 177 1
109 187 1
109 191 1
109 260 1
109 520 1
109 655 1
109 677 1
110 117 1
110 139 1
110 199 1
110 526 1
111 116 1
111 126 1
111 144 1
111 166 1
112 132 1
112 151 1
112 184 1
112 192 1
112 615 1
112 817 1
113 133 1
113 141 1
113 166 1
113 173 1
113 186 1
113 238 1
113 503 1
113 995 1
114 119 1
114 158 1
114 172 1
115 141 1
115 146 1
115 150 1
115 175 1
115 181 1
115 189 1
115 452 1
116 154 1
116 155 1
116 164 1
116 461 1
116 880 1
117 122 1
117 160 1
117 178 1
117 421 1
118 173 1
119 133 1
119 151 1
119 153 1
119 173 1
119 179 1
119 752 1
120 126 1
120 152 1
120 183 1
120 192 1
120 358 1
120 666 1
120 879 1
121 127 1
121 130 1
121 178 1
121 187 1
121 200 1
121 947 1
122 123 1
122 142 1
122 172 1
122 198 1
122 200 1
123 141 1
123 148 1
123 159 1
123 204 1
123 294 1
124 136 1
124 145 1
124 149 1
124 169 1
124 172 1
124 183 1
124 248 1
125 154 1
125 179 1
125 181 1
125 437 1
126 139 1
126 150 1
126 183 1
127 194 1
127 509 1
127 664 1
128 133 1
128 135 1
128 141 1
128 152 1
128 161 1
128 167 1
128 191 1
128 819 1
129 139 1
129 152 1
129 166 1
129 178 1
129 183 1
129 199 1
129 298 1
130 137 1
130 173 1
130 180 1
130 195 1
130 197 1
130 697 1
131 151 1
131 154 1
131 165 1
131 199 1
131 826 1
132 140 1
132 160 1
132 184 1
132 406 1
132 995 1
133 151 1
133 157 1
133 162 1
133 184 1
133 187 1
133 382 1
133 390 1
133 444 1
134 161 1
134 165 1
134 168 1
134 190 1
134 654 1
134 934 1
135 165 1
135 169 1
135 186 1
135 370 1
135 698 1
136 151 1
136 156 1
136 173 1
136 180 1
136 186 1
136 337 1
136 804 1
137 141 1
137 157 1
137 418 1
137 552 1
137 603 1
137 849 1
137 924 1
138 183 1
138 200 1
138 619 1
138 755 1
139 142 1
139 172 1
139 175 1
139 187 1
139 194 1
139 361 1
140 304 1
141 169 1
141 185 1
141 533 1
142 165 1
142 171 1
142 176 1
142 439 1
142 448 1
142 527 1
142 779 1
142 925 1
142 945 1
143 171 1
143 200 1
143 723 1
144 149 1
144 160 1
144 163 1
144 166 1
144 170 1
144 194 1
144 529 1
144 867 1
145 164 1
145 168 1
145 185 1
145 376 1
145 680 1
145 778 1
146 156 1
146 168 1
146 173 1
146 182 1
146 186 1
146 200 1
147 161 1
147 165 1
147 172 1
147 185 1
148 188 1
148 497 1
148 609 1
148 991 1
149 168 1
149 739 1
149 953 1
150 158 1
150 159 1
150 514 1
150 642 1
150 868 1
151 163 1
152 154 1
152 366 1
152 384 1
153 192 1
153 194 1
153 234 1
154 158 1
154 163 1
154 164 1
154 167 1
155 168 1
155 182 1
155 194 1
155 530 1
155 800 1
156 163 1
156 193 1
156 198 1
156 959 1
157 419 1
157 486 1
158 165 1
158 169 1
158 175 1
158 196 1
159 160 1
159 167 1
159 170 1
159 175 1
159 192 1
159 919 1
159 967 1
160 171 1
160 191 1
160 200 1
160 836 1
161 195 1
161 662 1
162 181 1
162 910 1
162 977 1
163 184 1
163 199 1
163 237 1
163 264 1
163 653 1
163 676 1
164 186 1
165 179 1
165 197 1
165 198 1
166 667 1
166 785 1
166 888 1
166 994 1
167 180 1
167 188 1
167 584 1
168 499 1
168 653 1
168 861 1
169 173 1
169 506 1
169 524 1
169 952 1
170 198 1
170 246 1
170 494 1
170 747 1
171 797 1
171 910 1
172 184 1
172 700 1
172 885 1
173 178 1
173 180 1
173 196 1
173 197 1
173 787 1
173 885 1
173 959 1
174 187 1
175 197 1
175 198 1
175 303 1
176 186 1
176 429 1
176 456 1
176 895 1
177 188 1
177 565 1
178 184 1
178 189 1
179 184 1
179 618 1
179 769 1
179 927 1
180 186 1
180 327 1
180 588 1
180 622 1
181 190 1
181 240 1
181 475 1
181 905 1
182 189 1
182 249 1
183 753 1
183 866 1
183 968 1
184 191 1
184 257 1
185 330 1
185 820 1
186 190 1
186 595 1
186 648 1
187 197 1
189 233 1
189 986 1
190 324 1
190 860 1
190 910 1
191 590 1
192 855 1
192 953 1
193 209 1
194 262 1
195 202 1
195 560 1
195 639 1
195 976 1
196 200 1
197 812 1
198 199 1
199 829 1
199 928 1
200 661 1
201 205 1
201 220 1
201 242 1
201 275 1
201 414 1
202 210 1
202 222 1
202 227 1
202 263 1
202 267 1
202 630 1
202 636 1
203 206 1
203 240 1
203 259 1
203 268 1
203 631 1
203 828 1
204 209 1
204 230 1
204 235 1
204 277 1
204 296 1
204 394 1
204 846 1
205 214 1
205 218 1
205 231 1
205 260 1
205 288 1
206 224 1
206 232 1
206 237 1
206 243 1
206 786 1
206 890 1
207 276 1
207 289 1
207 293 1
208 257 1
208 294 1
208 297 1
208 457 1
209 232 1
209 243 1
209 245 1
209 263 1
209 277 1
209 285 1
210 212 1
210 237 1
210 268 1
210 296 1
211 228 1
211 230 1
211 252 1
211 253 1
211 286 1
211 290 1
211 485 1
212 291 1
212 298 1
213 218 1
213 231 1
213 242 1
213 257 1
213 490 1
213 515 1
213 999 1
214 245 1
214 254 1
214 257 1
214 268 1
214 291 1
214 292 1
214 419 1
215 226 1
215 252 1
215 270 1
215 282 1
215 804 1
216 244 1
216 249 1
216 284 1
216 288 1
216 299 1
217 885 1
218 219 1
218 241 1
218 249 1
218 254 1
218 263 1
218 274 1
218 318 1
218 564 1
219 235 1
219 251 1
219 284 1
219 292 1
219 350 1
219 691 1
219 789 1
219 943 1
220 232 1
220 245 1
220 247 1
220 254 1
220 286 1
220 296 1
221 233 1
221 237 1
221 261 1
221 265 1
221 562 1
222 995 1
223 225 1
223 260 1
223 282 1
223 293 1
223 295 1
223 296 1
223 559 1
224 237 1
224 264 1
224 291 1
224 622 1
225 240 1
225 262 1
225 275 1
225 276 1
225 306 1
225 484 1
226 250 1
226 267 1
227 252 1
227 267 1
227 275 1
227 288 1
227 793 1
228 251 1
228 279 1
228 895 1
228 979 1
229 231 1
229 264 1
229 273 1
229 276 1
229 283 1
229 491 1
230 232 1
230 238 1
230 247 1
230 260 1
230 268 1
230 959 1
231 259 1
231 521 1
231 834 1
232 259 1
232 264 1
232 272 1
232 913 1
233 281 1
233 284 1
233 293 1
233 299 1
233 647 1
233 718 1
233 810 1
234 248 1
234 265 1
234 664 1
235 261 1
235 277 1
235 461 1
235 642 1
236 276 1
236 283 1
236 290 1
236 423 1
236 749 1
237 246 1
237 254 1
237 264 1
237 271 1
237 275 1
237 631 1
237 721 1
237 797 1
238 271 1
238 284 1
238 294 1
238 296 1
239 261 1
239 266 1
239 961 1
240 241 1
240 254 1
240 263 1
240 264 1
240 272 1
240 287 1
240 864 1
241 242 1
241 245 1
241 260 1
242 245 1
242 247 1
242 263 1
242 273 1
242 453 1
243 268 1
243 276 1
243 285 1
243 294 1
243 465 1
243 706 1
243 904 1
244 270 1
244 295 1
244 301 1
244 917 1
244 927 1
245 248 1
245 259 1
245 280 1
245 856 1
245 895 1
246 255 1
246 566 1
247 251 1
247 269 1
247 296 1
247 463 1
247 755 1
247 836 1
248 264 1
248 330 1
248 533 1
248 534 1
249 256 1
249 292 1
249 476 1
249 989 1
250 251 1
250 254 1
250 275 1
250 281 1
250 394 1
251 255 1
251 266 1
251 267 1
251 279 1
253 275 1
253 283 1
253 291 1
253 436 1
253 600 1
253 868 1
254 260 1
254 273 1
254 285 1
255 258 1
256 269 1
256 276 1
256 299 1
257 393 1
257 701 1
258 265 1
258 908 1
259 374 1
260 867 1
261 289 1
261 606 1
262 271 1
262 277 1
262 291 1
262 329 1
262 496 1
262 539 1
262 747 1
263 286 1
263 676 1
264 273 1
264 274 1
264 282 1
264 300 1
264 686 1
264 754 1
264 817 1
266 272 1
266 281 1
266 286 1
266 294 1
266 483 1
266 487 1
266 555 1
267 270 1
267 271 1
267 274 1
267 285 1
267 293 1
267 299 1
268 300 1
268 465 1
269 443 1
270 273 1
270 640 1
272 284 1
272 285 1
273 276 1
273 281 1
273 540 1
274 279 1
274 1000 1
275 289 1
275 294 1
275 295 1
275 401 1
275 719 1
275 752 1
277 294 1
277 483 1
278 290 1
278 613 1
278 703 1
279 300 1
280 284 1
280 295 1
280 933 1
282 287 1
282 841 1
284 711 1
284 797 1
285 352 1
286 293 1
286 419 1
286 519 1
287 296 1
287 654 1
287 778 1
287 890 1
287 943 1
287 975 1
288 533 1
289 510 1
289 581 1
290 292 1
290 361 1
291 294 1
291 299 1
291 500 1
291 612 1
292 358 1
292 601 1
293 709 1
293 993 1
294 306 1
294 547 1
296 580 1
296 663 1
297 409 1
297 886 1
298 622 1
298 792 1
299 804 1
300 488 1
301 354 1
301 355 1
301 356 1
301 365 1
301 396 1
301 497 1
301 515 1
301 834 1
302 323 1
302 387 1
302 393 1
302 623 1
303 305 1
303 310 1
303 311 1
303 363 1
303 369 1
304 308 1
304 317 1
304 354 1
304 368 1
304 393 1
304 450 1
305 397 1
305 399 1
305 535 1
305 934 1
306 315 1
306 323 1
306 362 1
306 596 1
307 321 1
307 346 1
307 351 1
307 359 1
307 445 1
307 954 1
308 354 1
308 360 1
308 363 1
308 507 1
309 361 1
309 387 1
310 321 1
310 325 1
310 361 1
310 365 1
310 366 1
310 373 1
310 479 1
310 680 1
311 319 1
311 324 1
311 343 1
311 358 1
311 384 1
312 328 1
312 330 1
312 339 1
312 359 1
312 390 1
312 687 1
313 316 1
313 334 1
313 347 1
313 382 1
314 343 1
314 353 1
314 385 1
314 395 1
315 325 1
315 345 1
315 347 1
315 361 1
315 376 1
315 795 1
316 371 1
316 385 1
316 927 1
317 334 1
317 360 1
317 377 1
317 400 1
318 350 1
318 372 1
318 373 1
318 395 1
318 938 1
319 344 1
319 392 1
319 800 1
319 897 1
320 353 1
320 373 1
320 376 1
321 333 1
321 334 1
321 348 1
321 376 1
321 379 1
321 385 1
322 325 1
322 346 1
322 398 1
323 324 1
323 337 1
323 347 1
323 355 1
323 373 1
323 383 1
323 468 1
323 525 1
324 342 1
324 373 1
324 385 1
324 772 1
324 912 1
325 351 1
325 368 1
325 376 1
325 515 1
325 549 1
326 329 1
326 362 1
326 366 1
327 347 1
327 361 1
327 378 1
327 627 1
328 349 1
328 364 1
328 373 1
328 376 1
328 378 1
328 382 1
328 669 1
328 805 1
328 807 1
329 353 1
329 364 1
329 380 1
329 381 1
329 387 1
329 392 1
329 900 1
330 331 1
330 338 1
330 346 1
330 364 1
330 376 1
331 337 1
331 390 1
331 659 1
331 726 1
332 369 1
332 667 1
333 392 1
334 355 1
334 371 1
334 388 1
334 399 1
335 364 1
335 378 1
335 382 1
335 876 1
336 339 1
336 360 1
336 364 1
336 379 1
336 392 1
337 343 1
337 365 1
337 374 1
339 358 1
339 373 1
339 376 1
339 697 1
339 914 1
340 355 1
340 375 1
341 346 1
341 399 1
341 437 1
342 353 1
342 365 1
343 364 1
343 371 1
343 379 1
343 395 1
343 403 1
343 417 1
343 717 1
344 347 1
344 349 1
344 352 1
344 1000 1
345 848 1
346 356 1
346 378 1
347 385 1
347 400 1
348 758 1
349 362 1
350 369 1
350 682 1
350 969 1
351 355 1
351 356 1
351 381 1
351 382 1
352 355 1
352 375 1
352 386 1
352 395 1
352 435 1
353 786 1
355 361 1
355 385 1
355 397 1
356 364 1
356 371 1
356 673 1
356 934 1
356 999 1
357 360 1
357 376 1
357 400 1
357 759 1
357 933 1
357 983 1
358 366 1
358 373 1
358 374 1
358 390 1
358 735 1
358 826 1
359 363 1
359 370 1
359 382 1
359 396 1
359 748 1
359 762 1
360 375 1
360 392 1
361 982 1
362 385 1
362 389 1
362 700 1
363 396 1
364 490 1
365 383 1
366 368 1
366 373 1
366 375 1
366 376 1
367 399 1
367 495 1
367 565 1
368 391 1
368 397 1
368 399 1
369 394 1
370 391 1
370 395 1
370 419 1
370 961 1
371 374 1
371 396 1
371 883 1
372 524 1
372 630 1
373 380 1
373 398 1
373 543 1
373 645 1
374 381 1
374 397 1
375 377 1
375 393 1
375 400 1
375 499 1
375 636 1
376 437 1
376 474 1
376 528 1
378 382 1
378 384 1
378 400 1
378 457 1
378 752 1
379 384 1
379 606 1
379 735 1
380 400 1
380 804 1
381 399 1
382 446 1
382 928 1
383 480 1
383 501 1
383 791 1
384 399 1
384 694 1
385 386 1
385 393 1
385 398 1
385 539 1
385 642 1
387 539 1
388 957 1
389 393 1
390 575 1
392 395 1
392 533 1
392 940 1
393 400 1
395 791 1
395 821 1
396 397 1
396 676 1
396 772 1
397 398 1
398 929 1
399 634 1
401 409 1
401 433 1
401 452 1
401 459 1
402 403 1
402 420 1
402 463 1
402 466 1
402 467 1
402 498 1
402 560 1
403 421 1
403 438 1
403 443 1
403 461 1
403 465 1
403 467 1
403 476 1
403 479 1
404 410 1
404 471 1
405 415 1
405 448 1
405 466 1
405 478 1
406 410 1
406 424 1
406 427 1
406 775 1
407 410 1
407 412 1
407 423 1
407 429 1
407 433 1
407 452 1
407 454 1
407 466 1
407 541 1
407 646 1
407 834 1
407 847 1
408 414 1
408 449 1
408 456 1
408 642 1
409 410 1
409 445 1
409 459 1
409 490 1
409 503 1
409 955 1
410 438 1
410 449 1
410 476 1
410 485 1
410 704 1
410 993 1
411 440 1
411 947 1
412 428 1
412 433 1
412 444 1
412 454 1
412 467 1
413 435 1
413 969 1
414 436 1
414 466 1
414 470 1
414 494 1
414 682 1
415 421 1
415 429 1
415 451 1
415 468 1
415 488 1
415 495 1
416 432 1
416 433 1
416 457 1
416 461 1
416 474 1
416 498 1
416 907 1
417 419 1
417 496 1
417 593 1
418 445 1
419 458 1
419 463 1
419 493 1
420 431 1
420 452 1
420 469 1
420 470 1
420 472 1
420 490 1
421 437 1
421 492 1
421 764 1
422 426 1
422 436 1
422 497 1
423 471 1
423 474 1
423 491 1
423 517 1
424 441 1
424 448 1
424 473 1
424 489 1
424 492 1
424 675 1
424 717 1
425 432 1
425 435 1
425 439 1
425 464 1
425 532 1
426 442 1
426 452 1
426 479 1
426 486 1
426 493 1
426 494 1
426 495 1
426 497 1
426 777 1
427 471 1
427 819 1
428 462 1
428 491 1
428 574 1
428 642 1
428 928 1
429 448 1
429 454 1
429 462 1
429 499 1
430 446 1
430 468 1
430 470 1
431 441 1
431 449 1
431 460 1
431 469 1
431 479 1
431 489 1
431 496 1
431 671 1
431 792 1
432 460 1
432 464 1
432 470 1
432 703 1
432 868 1
433 487 1
433 496 1
433 497 1
434 469 1
434 471 1
434 685 1
434 977 1
435 438 1
435 446 1
435 456 1
435 751 1
435 940 1
436 445 1
436 454 1
436 476 1
436 499 1
436 594 1
437 441 1
437 473 1
437 481 1
438 484 1
438 755 1
439 475 1
439 493 1
439 682 1
440 446 1
440 447 1
440 463 1
440 464 1
440 487 1
440 496 1
440 590 1
440 647 1
440 921 1
441 480 1
441 483 1
441 496 1
441 874 1
442 978 1
443 478 1
443 484 1
443 675 1
444 462 1
444 499 1
444 652 1
444 713 1
445 447 1
445 453 1
445 483 1
446 496 1
446 497 1
446 750 1
447 457 1
447 458 1
447 475 1
447 495 1
448 449 1
448 471 1
448 484 1
448 491 1
448 496 1
448 599 1
449 460 1
449 492 1
449 631 1
450 453 1
450 484 1
450 963 1
451 452 1
451 465 1
451 490 1
451 498 1
451 500 1
451 589 1
451 985 1
452 468 1
452 491 1
452 540 1
452 883 1
453 462 1
453 466 1
453 468 1
453 659 1
455 466 1
455 468 1
455 471 1
455 497 1
456 459 1
456 481 1
456 595 1
457 479 1
457 482 1
458 462 1
458 495 1
459 484 1
459 730 1
459 825 1
459 972 1
460 461 1
461 480 1
461 488 1
462 637 1
463 465 1
463 485 1
463 642 1
463 669 1
463 784 1
463 897 1
465 567 1
466 482 1
466 489 1
467 493 1
467 816 1
467 991 1
468 475 1
468 584 1
468 668 1
469 802 1
470 499 1
470 536 1
470 582 1
470 879 1
471 480 1
472 475 1
472 494 1
472 688 1
473 475 1
473 481 1
473 486 1
473 497 1
473 498 1
474 483 1
474 988 1
475 486 1
476 485 1
476 497 1
476 933 1
476 952 1
477 482 1
477 488 1
477 491 1
477 499 1
477 500 1
477 811 1
479 488 1
479 828 1
479 900 1
480 520 1
480 978 1
481 486 1
481 663 1
481 906 1
482 686 1
483 498 1
483 822 1
484 716 1
485 529 1
485 615 1
486 762 1
487 492 1
487 797 1
488 622 1
489 495 1
490 491 1
490 492 1
490 499 1
491 496 1
491 657 1
491 721 1
492 777 1
493 649 1
496 958 1
497 681 1
500 599 1
501 577 1
501 579 1
501 595 1
501 797 1
502 526 1
502 535 1
502 569 1
502 570 1
502 715 1
502 880 1
503 538 1
503 572 1
503 590 1
504 536 1
504 543 1
504 544 1
504 549 1
504 551 1
505 510 1
505 553 1
505 787 1
506 535 1
506 539 1
506 542 1
506 543 1
506 546 1
507 532 1
507 582 1
507 592 1
508 541 1
508 561 1
508 925 1
509 517 1
509 593 1
510 514 1
510 569 1
510 590 1
510 596 1
510 597 1
510 600 1
511 517 1
511 546 1
511 549 1
511 561 1
511 566 1
511 571 1
511 577 1
511 699 1
511 946 1
512 516 1
512 521 1
512 534 1
512 570 1
512 574 1
512 581 1
512 583 1
512 778 1
513 515 1
513 518 1
513 560 1
513 583 1
513 584 1
513 585 1
513 832 1
514 523 1
514 529 1
514 543 1
514 564 1
514 653 1
515 526 1
515 532 1
515 535 1
515 590 1
515 600 1
516 524 1
516 537 1
516 549 1
516 587 1
516 588 1
516 592 1
516 636 1
516 908 1
516 981 1
517 523 1
517 565 1
517 572 1
517 595 1
517 596 1
517 626 1
518 538 1
518 806 1
519 531 1
519 537 1
519 543 1
519 565 1
519 587 1
519 863 1
520 529 1
520 531 1
520 579 1
520 669 1
520 956 1
521 522 1
521 548 1
521 555 1
521 560 1
521 565 1
521 575 1
521 977 1
522 543 1
522 595 1
522 989 1
523 539 1
523 544 1
523 636 1
523 671 1
523 922 1
524 555 1
524 577 1
524 738 1
525 530 1
525 560 1
525 646 1
526 569 1
527 553 1
527 589 1
527 656 1
527 740 1
528 531 1
528 573 1
528 585 1
528 598 1
528 600 1
528 785 1
529 550 1
529 563 1
529 564 1
529 587 1
530 540 1
530 551 1
530 562 1
530 600 1
530 708 1
530 731 1
531 545 1
531 576 1
532 555 1
532 561 1
532 573 1
532 579 1
532 752 1
533 600 1
534 552 1
534 582 1
534 587 1
534 595 1
534 610 1
535 594 1
536 576 1
536 599 1
537 681 1
537 919 1
538 544 1
538 558 1
538 562 1
538 566 1
538 570 1
538 680 1
538 728 1
539 560 1
539 578 1
539 789 1
540 556 1
540 561 1
540 583 1
541 548 1
541 557 1
541 562 1
541 578 1
541 584 1
541 595 1
541 599 1
542 551 1
542 662 1
543 615 1
543 738 1
544 552 1
544 571 1
544 593 1
544 690 1
544 818 1
544 931 1
545 555 1
545 882 1
546 554 1
546 564 1
546 573 1
546 576 1
547 572 1
548 550 1
548 569 1
548 581 1
548 585 1
548 594 1
548 922 1
549 591 1
549 704 1
549 817 1
550 566 1
550 595 1
550 599 1
551 574 1
551 595 1
552 556 1
552 578 1
552 579 1
552 741 1
553 582 1
553 902 1
554 574 1
554 579 1
554 582 1
554 750 1
554 855 1
555 560 1
555 581 1
555 582 1
555 589 1
555 843 1
555 876 1
556 571 1
556 578 1
557 573 1
557 595 1
558 560 1
558 583 1
558 596 1
558 600 1
559 572 1
559 577 1
561 594 1
561 640 1
561 973 1
562 565 1
562 574 1
562 596 1
563 569 1
563 571 1
563 600 1
564 573 1
564 598 1
564 906 1
564 980 1
565 567 1
565 581 1
565 591 1
565 837 1
565 899 1
566 577 1
568 585 1
568 586 1
568 592 1
568 597 1
569 581 1
569 869 1
571 591 1
571 601 1
571 940 1
572 721 1
573 580 1
573 593 1
573 698 1
575 584 1
575 589 1
575 640 1
575 656 1
575 838 1
575 966 1
576 593 1
576 597 1
576 691 1
577 590 1
577 594 1
577 599 1
577 889 1
578 581 1
578 591 1
578 943 1
579 584 1
579 629 1
579 778 1
581 583 1
581 599 1
582 788 1
583 634 1
584 587 1
584 592 1
585 591 1
585 919 1
586 661 1
586 795 1
588 599 1
589 591 1
590 626 1
590 854 1
591 598 1
591 678 1
595 773 1
596 599 1
596 931 1
598 743 1
600 969 1
601 604 1
601 627 1
601 637 1
601 655 1
601 656 1
601 663 1
602 629 1
602 659 1
602 671 1
602 688 1
602 689 1
602 693 1
603 664 1
604 624 1
604 663 1
604 665 1
604 668 1
604 690 1
604 710 1
605 629 1
605 648 1
605 663 1
605 667 1
605 908 1
606 608 1
606 609 1
606 615 1
606 626 1
606 666 1
606 680 1
607 619 1
607 632 1
607 674 1
607 676 1
607 683 1
608 612 1
608 631 1
608 635 1
608 637 1
608 638 1
608 646 1
608 694 1
608 957 1
609 647 1
609 657 1
609 671 1
609 673 1
610 663 1
610 666 1
610 677 1
610 684 1
610 694 1
610 695 1
610 698 1
610 941 1
611 622 1
611 631 1
611 642 1
611 663 1
611 669 1
611 676 1
611 697 1
612 700 1
612 908 1
613 667 1
613 913 1
614 637 1
614 648 1
614 654 1
614 671 1
614 672 1
614 689 1
614 698 1
614 983 1
615 623 1
615 636 1
615 647 1
615 654 1
615 675 1
616 628 1
616 650 1
616 656 1
616 666 1
616 671 1
616 672 1
616 686 1
617 625 1
617 635 1
617 643 1
617 663 1
617 670 1
617 677 1
617 683 1
617 684 1
618 687 1
618 700 1
619 629 1
619 674 1
620 627 1
620 664 1
620 769 1
621 650 1
621 748 1
622 672 1
622 682 1
622 845 1
623 645 1
623 653 1
623 654 1
623 660 1
624 639 1
624 647 1
624 652 1
624 671 1
624 673 1
624 679 1
624 680 1
624 694 1
624 928 1
625 626 1
625 650 1
625 664 1
625 665 1
625 668 1
625 877 1
626 631 1
626 654 1
626 693 1
626 1000 1
627 634 1
627 638 1
628 659 1
628 660 1
628 669 1
629 645 1
629 646 1
629 657 1
629 660 1
629 665 1
630 641 1
630 643 1
630 655 1
630 690 1
631 665 1
632 674 1
632 681 1
632 696 1
633 685 1
634 636 1
634 640 1
634 656 1
634 660 1
634 690 1
635 667 1
635 668 1
635 676 1
635 679 1
635 685 1
636 647 1
636 671 1
636 684 1
636 772 1
637 786 1
637 800 1
638 664 1
638 682 1
638 692 1
638 792 1
638 813 1
639 662 1
639 665 1
639 688 1
639 868 1
639 954 1
640 646 1
640 681 1
640 694 1
640 697 1
641 643 1
641 648 1
641 661 1
641 697 1
641 700 1
642 675 1
642 683 1
643 650 1
643 670 1
643 686 1
643 697 1
643 806 1
644 657 1
644 700 1
644 922 1
645 646 1
645 647 1
645 661 1
645 662 1
645 678 1
645 689 1
645 695 1
645 761 1
645 922 1
645 945 1
646 650 1
646 662 1
646 670 1
646 691 1
646 915 1
646 932 1
646 945 1
647 650 1
647 663 1
647 667 1
647 668 1
647 673 1
647 677 1
648 660 1
648 666 1
648 674 1
648 683 1
649 654 1
649 660 1
649 714 1
650 663 1
650 670 1
650 682 1
650 683 1
650 700 1
650 766 1
652 653 1
652 658 1
652 756 1
653 660 1
653 662 1
653 669 1
653 675 1
653 899 1
653 939 1
654 675 1
654 686 1
655 698 1
656 664 1
656 669 1
656 887 1
656 981 1
657 659 1
657 664 1
657 667 1
657 688 1
658 991 1
659 664 1
660 667 1
660 684 1
660 885 1
660 915 1
660 944 1
661 671 1
661 675 1
661 680 1
661 682 1
662 672 1
662 674 1
663 681 1
664 668 1
664 694 1
664 719 1
665 677 1
665 726 1
666 680 1
666 696 1
667 692 1
667 696 1
668 682 1
668 696 1
668 964 1
669 674 1
669 700 1
670 681 1
670 696 1
670 856 1
671 691 1
671 706 1
671 957 1
672 675 1
672 677 1
672 699 1
673 724 1
674 932 1
675 690 1
675 875 1
676 697 1
676 872 1
677 684 1
678 686 1
679 689 1
679 700 1
680 687 1
680 694 1
680 734 1
681 699 1
682 696 1
682 697 1
682 756 1
682 860 1
683 691 1
683 754 1
683 762 1
685 700 1
686 693 1
686 694 1
686 755 1
686 927 1
686 967 1
687 787 1
687 806 1
689 889 1
691 697 1
693 924 1
695 724 1
696 966 1
697 700 1
698 699 1
700 933 1
701 714 1
701 747 1
701 748 1
701 772 1
701 784 1
702 715 1
702 758 1
702 759 1
702 784 1
702 786 1
702 908 1
702 941 1
703 750 1
704 745 1
704 775 1
704 798 1
704 870 1
705 710 1
705 730 1
705 731 1
705 732 1
705 744 1
705 749 1
705 797 1
705 798 1
706 742 1
707 742 1
707 744 1
707 750 1
707 770 1
708 714 1
708 718 1
708 733 1
708 749 1
708 765 1
708 772 1
708 775 1
709 724 1
709 759 1
709 761 1
709 791 1
709 871 1
710 717 1
710 719 1
710 724 1
710 736 1
710 740 1
710 748 1
710 751 1
710 760 1
711 721 1
711 785 1
711 888 1
712 723 1
712 731 1
712 732 1
712 749 1
712 752 1
712 770 1
712 777 1
713 726 1
713 755 1
713 799 1
714 731 1
714 743 1
714 745 1
714 746 1
714 781 1
714 782 1
714 789 1
714 790 1
714 831 1
714 990 1
715 736 1
715 757 1
715 766 1
715 782 1
715 786 1
716 720 1
716 721 1
716 779 1
716 791 1
716 800 1
717 832 1
718 727 1
718 739 1
718 746 1
718 788 1
718 862 1
719 726 1
719 730 1
719 733 1
719 758 1
719 777 1
719 796 1
719 815 1
720 721 1
720 731 1
720 741 1
720 746 1
720 765 1
720 785 1
720 792 1
720 797 1
721 770 1
721 780 1
721 878 1
722 735 1
722 747 1
722 758 1
722 775 1
722 787 1
723 756 1
723 765 1
723 776 1
724 737 1
724 757 1
724 777 1
724 794 1
724 818 1
725 739 1
725 740 1
725 775 1
725 776 1
725 780 1
725 798 1
726 739 1
726 751 1
726 764 1
726 772 1
727 733 1
727 739 1
727 743 1
727 759 1
727 766 1
727 782 1
727 796 1
728 731 1
728 791 1
729 749 1
729 766 1
729 768 1
729 770 1
729 771 1
729 772 1
730 736 1
730 770 1
730 790 1
730 794 1
731 753 1
731 761 1
731 765 1
731 771 1
731 781 1
731 789 1
731 790 1
731 798 1
732 735 1
732 738 1
733 899 1
734 749 1
734 753 1
734 784 1
734 872 1
734 991 1
735 781 1
735 838 1
735 921 1
736 750 1
736 764 1
736 783 1
736 788 1
737 750 1
737 753 1
737 793 1
738 749 1
738 765 1
738 773 1
738 784 1
739 753 1
739 757 1
739 783 1
739 1000 1
740 744 1
740 796 1
741 757 1
741 789 1
742 751 1
742 782 1
743 759 1
743 798 1
744 752 1
744 859 1
745 780 1
745 784 1
745 872 1
746 760 1
746 772 1
747 783 1
747 794 1
748 761 1
748 773 1
748 779 1
748 939 1
749 780 1
749 977 1
750 757 1
750 769 1
750 798 1
750 972 1
751 765 1
751 799 1
752 761 1
752 796 1
753 756 1
754 757 1
754 760 1
755 800 1
756 758 1
756 768 1
757 783 1
758 772 1
758 776 1
758 777 1
758 792 1
759 761 1
759 797 1
759 855 1
760 786 1
760 790 1
760 795 1
761 775 1
762 766 1
762 772 1
762 778 1
762 792 1
762 951 1
763 769 1
763 781 1
763 793 1
764 779 1
766 773 1
766 795 1
767 776 1
767 789 1
769 774 1
769 796 1
770 772 1
770 782 1
770 791 1
770 916 1
771 799 1
772 780 1
772 789 1
772 874 1
773 779 1
773 798 1
773 945 1
774 778 1
774 790 1
774 793 1
775 786 1
775 855 1
776 786 1
776 790 1
776 794 1
776 874 1
778 895 1
779 785 1
780 783 1
780 818 1
781 785 1
782 787 1
782 798 1
783 799 1
785 796 1
789 791 1
789 800 1
789 918 1
796 973 1
797 814 1
798 955 1
801 835 1
801 845 1
801 846 1
801 853 1
801 855 1
801 881 1
802 832 1
802 844 1
802 868 1
802 880 1
802 881 1
802 888 1
802 893 1
802 894 1
802 895 1
802 896 1
802 940 1
802 945 1
803 823 1
803 860 1
803 881 1
803 896 1
804 813 1
804 814 1
804 816 1
804 820 1
804 831 1
804 855 1
804 861 1
804 871 1
804 880 1
804 884 1
804 889 1
805 807 1
805 814 1
805 821 1
805 845 1
805 866 1
805 869 1
805 887 1
805 982 1
806 827 1
806 844 1
806 864 1
806 899 1
806 908 1
807 824 1
807 848 1
807 861 1
807 883 1
807 902 1
808 811 1
808 828 1
808 842 1
808 843 1
808 856 1
808 885 1
809 822 1
809 856 1
810 815 1
810 836 1
810 882 1
811 858 1
811 861 1
811 884 1
811 887 1
812 838 1
812 842 1
812 853 1
812 858 1
813 840 1
813 846 1
813 849 1
814 821 1
814 826 1
814 831 1
814 835 1
814 878 1
814 882 1
815 829 1
815 830 1
815 859 1
815 886 1
816 820 1
816 840 1
816 869 1
817 821 1
817 862 1
817 883 1
817 890 1
817 894 1
818 838 1
818 841 1
818 844 1
818 871 1
818 876 1
818 880 1
818 892 1
819 824 1
819 839 1
819 841 1
819 847 1
819 875 1
819 895 1
819 976 1
820 840 1
820 884 1
820 893 1
821 827 1
821 850 1
821 874 1
821 895 1
822 857 1
822 886 1
822 985 1
822 990 1
823 855 1
823 856 1
823 880 1
823 882 1
823 886 1
823 888 1
824 851 1
824 855 1
824 856 1
824 886 1
824 983 1
825 850 1
825 874 1
825 884 1
825 908 1
826 855 1
826 868 1
826 883 1
826 889 1
826 894 1
827 829 1
827 835 1
827 836 1
827 855 1
828 833 1
828 879 1
829 856 1
829 861 1
830 834 1
830 884 1
830 895 1
831 848 1
831 855 1
831 858 1
831 864 1
831 869 1
831 882 1
831 893 1
832 846 1
832 865 1
832 879 1
832 882 1
833 838 1
833 863 1
834 891 1
835 859 1
835 865 1
836 855 1
836 858 1
836 875 1
836 880 1
836 887 1
836 890 1
837 849 1
837 868 1
837 876 1
837 894 1
838 880 1
838 886 1
838 947 1
839 869 1
840 849 1
840 857 1
840 866 1
840 883 1
840 885 1
841 856 1
841 859 1
842 854 1
842 856 1
842 857 1
842 873 1
842 876 1
842 892 1
843 871 1
843 900 1
844 867 1
845 881 1
846 847 1
846 892 1
847 885 1
847 890 1
847 928 1
848 856 1
848 871 1
848 876 1
849 862 1
849 873 1
849 880 1
849 887 1
850 883 1
850 952 1
851 871 1
851 875 1
852 858 1
853 862 1
853 873 1
854 855 1
854 863 1
854 878 1
854 879 1
855 860 1
856 874 1
857 877 1
857 895 1
858 887 1
858 931 1
860 890 1
860 899 1
861 896 1
863 881 1
863 896 1
864 897 1
864 899 1
864 900 1
864 974 1
865 884 1
866 881 1
866 894 1
866 970 1
867 898 1
868 893 1
868 894 1
868 896 1
868 929 1
869 871 1
869 881 1
871 887 1
871 888 1
872 886 1
872 887 1
873 895 1
874 900 1
876 889 1
877 884 1
877 899 1
878 882 1
879 883 1
880 896 1
885 889 1
886 892 1
886 893 1
888 898 1
888 939 1
890 898 1
892 900 1
892 927 1
893 896 1
893 897 1
893 898 1
893 999 1
901 942 1
901 951 1
901 958 1
901 969 1
901 988 1
902 906 1
902 961 1
902 974 1
902 990 1
903 962 1
903 991 1
904 982 1
904 996 1
904 998 1
905 934 1
905 973 1
905 975 1
906 920 1
906 936 1
906 938 1
906 941 1
906 945 1
906 964 1
906 974 1
906 999 1
907 959 1
907 968 1
908 914 1
908 929 1
908 931 1
908 954 1
908 978 1
909 914 1
909 951 1
909 969 1
909 976 1
909 999 1
910 921 1
910 923 1
910 934 1
910 961 1
911 944 1
911 968 1
912 924 1
912 934 1
912 938 1
912 953 1
912 955 1
912 977 1
913 947 1
913 958 1
913 961 1
913 974 1
913 984 1
913 987 1
913 988 1
913 995 1
914 929 1
914 949 1
914 968 1
914 972 1
914 995 1
915 938 1
915 955 1
915 965 1
915 995 1
916 926 1
916 937 1
916 981 1
916 992 1
917 924 1
917 933 1
917 959 1
917 960 1
917 969 1
918 942 1
918 947 1
918 956 1
918 960 1
919 975 1
920 944 1
920 954 1
920 965 1
920 989 1
921 957 1
921 978 1
922 955 1
922 993 1
923 945 1
923 960 1
923 966 1
923 984 1
923 990 1
923 996 1
924 931 1
924 950 1
924 954 1
924 961 1
924 972 1
924 986 1
925 939 1
925 995 1
925 1000 1
926 930 1
926 939 1
926 967 1
926 985 1
926 992 1
927 932 1
927 942 1
927 944 1
927 947 1
927 968 1
927 973 1
927 992 1
928 965 1
928 992 1
929 932 1
929 940 1
929 945 1
929 966 1
929 978 1
930 945 1
930 956 1
930 988 1
931 939 1
931 964 1
931 969 1
931 978 1
931 979 1
932 939 1
932 940 1
932 950 1
932 965 1
932 980 1
932 981 1
933 937 1
933 980 1
934 963 1
934 996 1
935 943 1
935 945 1
935 975 1
935 976 1
935 987 1
935 991 1
935 993 1
936 989 1
937 970 1
938 955 1
938 967 1
938 996 1
938 997 1
939 944 1
939 973 1
939 991 1
940 943 1
940 948 1
940 957 1
941 955 1
941 993 1
941 998 1
942 949 1
942 966 1
943 988 1
944 960 1
944 977 1
944 983 1
944 990 1
945 998 1
947 980 1
948 984 1
949 960 1
949 973 1
949 997 1
950 985 1
951 966 1
951 987 1
952 953 1
952 975 1
953 967 1
953 975 1
954 958 1
954 969 1
954 978 1
954 996 1
955 956 1
956 967 1
956 976 1
959 960 1
959 975 1
959 979 1
959 985 1
960 985 1
961 966 1
961 969 1
961 987 1
962 974 1
962 975 1
962 977 1
963 966 1
965 981 1
966 993 1
966 997 1
968 972 1
968 991 1
968 995 1
969 994 1
969 995 1
970 1000 1
971 997 1
972 995 1
972 998 1
974 981 1
974 987 1
974 991 1
975 994 1
976 979 1
976 982 1
976 991 1
976 993 1
976 995 1
979 999 1
980 988 1
981 990 1
981 991 1
982 984 1
983 992 1
983 995 1
984 998 1
985 993 1
986 991 1
987 995 1
988 998 1
995 998 1
999 1000 1
