1000 3416
1 9 1
1 30 1
1 37 1
1 40 1
1 56 1
1 82 1
1 542 1
1 621 1
1 889 1
2 8 1
2 62 1
2 268 1
2 569 1
3 57 1
3 93 1
3 96 1
3 100 1
3 184 1
3 585 1
3 740 1
4 6 1
4 15 1
4 49 1
4 58 1
4 83 1
4 85 1
4 94 1
4 98 1
4 100 1
4 955 1
5 12 1
5 18 1
5 21 1
5 29 1
5 30 1
5 50 1
5 62 1
5 92 1
5 603 1
6 7 1
6 68 1
6 77 1
6 89 1
6 378 1
6 696 1
6 737 1
6 832 1
6 869 1
7 72 1
7 89 1
7 760 1
8 30 1
8 35 1
8 49 1
8 84 1
8 92 1
8 98 1
8 349 1
8 910 1
9 35 1
9 51 1
9 77 1
9 82 1
9 120 1
9 301 1
10 30 1
10 47 1
11 32 1
11 57 1
11 76 1
11 95 1
11 456 1
11 619 1
11 755 1
12 16 1
12 24 1
12 29 1
12 89 1
12 98 1
12 100 1
12 212 1
12 290 1
12 583 1
13 47 1
13 65 1
13 91 1
13 624 1
13 675 1
14 55 1
14 66 1
14 114 1
14 873 1
15 17 1
15 86 1
15 88 1
16 47 1
16 52 1
16 184 1
16 330 1
16 580 1
16 586 1
17 21 1
17 44 1
17 71 1
18 51 1
18 71 1
18 79 1
18 191 1
19 45 1
20 43 1
20 57 1
20 59 1
20 67 1
20 93 1
20 96 1
20 151 1
20 478 1
20 587 1
20 636 1
20 706 1
21 25 1
21 26 1
21 41 1
21 50 1
21 60 1
21 87 1
22 30 1
22 36 1
22 38 1
22 43 1
22 71 1
22 72 1
22 598 1
22 936 1
23 27 1
23 50 1
23 71 1
23 83 1
23 90 1
23 685 1
24 96 1
24 142 1
24 272 1
24 297 1
24 501 1
24 933 1
25 36 1
25 40 1
25 67 1
25 99 1
25 282 1
25 406 1
26 32 1
26 54 1
26 59 1
26 93 1
27 30 1
27 89 1
27 838 1
28 69 1
28 78 1
28 681 1
28 941 1
29 46 1
29 47 1
29 81 1
29 85 1
29 88 1
29 117 1
29 631 1
29 664 1
29 811 1
30 85 1
30 96 1
30 98 1
31 42 1
31 75 1
31 869 1
32 133 1
32 460 1
32 690 1
32 846 1
33 34 1
33 42 1
33 43 1
33 56 1
33 57 1
33 58 1
33 76 1
33 694 1
34 78 1
34 97 1
34 190 1
35 41 1
35 50 1
35 66 1
35 478 1
36 44 1
36 63 1
36 69 1
36 758 1
37 69 1
37 100 1
37 305 1
37 567 1
38 41 1
38 48 1
38 58 1
38 69 1
38 76 1
38 90 1
38 91 1
38 93 1
38 100 1
38 656 1
38 979 1
39 74 1
39 76 1
39 92 1
39 443 1
40 65 1
40 96 1
40 296 1
40 902 1
40 935 1
41 623 1
42 43 1
42 48 1
42 72 1
42 88 1
42 96 1
42 764 1
43 57 1
43 74 1
43 99 1
43 357 1
43 623 1
44 67 1
44 81 1
44 97 1
44 146 1
44 867 1
45 48 1
45 49 1
45 53 1
45 66 1
45 90 1
45 126 1
45 246 1
46 56 1
46 75 1
46 97 1
47 49 1
47 61 1
47 63 1
47 66 1
47 568 1
47 765 1
47 946 1
48 51 1
48 68 1
48 136 1
48 264 1
48 379 1
49 67 1
49 68 1
49 912 1
50 54 1
50 60 1
50 95 1
50 309 1
51 75 1
51 126 1
51 229 1
51 495 1
51 701 1
51 795 1
52 82 1
52 674 1
52 866 1
53 64 1
53 97 1
53 99 1
53 659 1
54 62 1
54 68 1
54 93 1
54 617 1
55 68 1
55 295 1
55 620 1
56 89 1
56 145 1
56 500 1
56 775 1
56 865 1
57 63 1
57 85 1
57 91 1
57 624 1
58 88 1
58 401 1
58 623 1
59 61 1
59 70 1
59 76 1
59 78 1
59 472 1
60 86 1
61 79 1
61 83 1
61 345 1
61 351 1
61 795 1
62 92 1
62 93 1
62 181 1
63 65 1
63 95 1
63 249 1
63 791 1
63 963 1
64 72 1
64 74 1
64 78 1
64 82 1
64 965 1
65 77 1
65 480 1
65 725 1
65 996 1
66 79 1
66 85 1
66 88 1
66 371 1
67 88 1
67 95 1
67 940 1
68 78 1
68 84 1
68 90 1
68 247 1
68 485 1
68 518 1
68 736 1
69 80 1
69 83 1
69 91 1
69 320 1
69 769 1
71 85 1
71 99 1
71 499 1
72 83 1
72 131 1
72 420 1
72 704 1
72 784 1
73 75 1
73 86 1
73 89 1
73 97 1
73 327 1
73 693 1
74 420 1
74 485 1
74 490 1
74 676 1
74 907 1
75 85 1
75 89 1
75 94 1
75 283 1
75 623 1
76 174 1
76 546 1
76 846 1
77 99 1
77 449 1
77 572 1
78 923 1
79 96 1
79 305 1
79 329 1
79 611 1
80 593 1
80 758 1
80 818 1
81 82 1
81 83 1
81 468 1
81 647 1
81 723 1
82 90 1
82 98 1
82 585 1
82 604 1
83 175 1
83 470 1
84 85 1
84 183 1
84 584 1
84 827 1
84 860 1
85 89 1
85 92 1
85 95 1
85 460 1
85 659 1
85 911 1
86 98 1
86 172 1
86 794 1
86 954 1
86 969 1
86 981 1
87 98 1
87 229 1
87 406 1
87 457 1
87 501 1
88 638 1
89 99 1
89 618 1
90 658 1
91 458 1
91 937 1
92 483 1
92 562 1
93 118 1
93 536 1
93 696 1
94 246 1
94 986 1
95 97 1
96 153 1
96 165 1
96 575 1
96 880 1
96 922 1
97 100 1
98 99 1
98 100 1
98 547 1
100 592 1
100 964 1
101 105 1
101 117 1
101 121 1
101 144 1
101 155 1
101 161 1
101 176 1
101 179 1
101 180 1
102 119 1
102 121 1
102 133 1
102 184 1
102 191 1
102 198 1
102 371 1
102 427 1
103 110 1
103 112 1
103 116 1
103 121 1
103 140 1
103 150 1
103 165 1
103 173 1
103 183 1
103 193 1
103 206 1
103 410 1
104 116 1
104 138 1
104 162 1
104 180 1
104 181 1
104 699 1
105 163 1
105 194 1
105 314 1
105 318 1
105 377 1
105 803 1
106 119 1
106 154 1
106 177 1
106 185 1
106 190 1
106 197 1
106 200 1
106 277 1
106 876 1
107 111 1
107 142 1
107 144 1
107 156 1
107 172 1
107 187 1
107 645 1
107 842 1
107 908 1
108 167 1
108 816 1
109 133 1
109 146 1
109 153 1
109 307 1
109 660 1
109 684 1
110 128 1
110 182 1
110 599 1
111 116 1
111 118 1
111 131 1
111 156 1
111 158 1
111 162 1
111 190 1
111 226 1
111 434 1
112 132 1
112 133 1
112 175 1
112 182 1
112 186 1
112 545 1
113 120 1
113 387 1
114 118 1
114 124 1
114 133 1
114 135 1
114 362 1
115 135 1
115 142 1
115 152 1
115 172 1
116 142 1
116 146 1
116 154 1
116 168 1
116 171 1
117 132 1
117 163 1
117 166 1
117 181 1
118 148 1
118 160 1
118 168 1
118 592 1
118 667 1
118 835 1
119 127 1
119 134 1
119 158 1
119 164 1
119 165 1
119 188 1
119 241 1
119 378 1
119 609 1
119 853 1
120 128 1
120 137 1
120 138 1
120 162 1
120 165 1
120 187 1
120 194 1
120 257 1
121 148 1
121 152 1
121 154 1
121 161 1
121 162 1
121 172 1
121 176 1
121 183 1
121 194 1
121 350 1
122 126 1
122 131 1
122 138 1
122 157 1
122 162 1
122 164 1
122 167 1
122 176 1
122 191 1
123 142 1
123 328 1
123 958 1
124 148 1
124 173 1
124 507 1
125 170 1
125 181 1
125 184 1
125 199 1
125 505 1
126 162 1
126 597 1
127 143 1
127 151 1
127 157 1
127 167 1
127 187 1
127 191 1
127 204 1
127 431 1
128 136 1
128 138 1
128 150 1
128 157 1
128 226 1
129 130 1
129 138 1
129 186 1
130 174 1
130 175 1
130 191 1
130 198 1
131 151 1
131 152 1
131 221 1
131 718 1
132 145 1
132 147 1
132 199 1
132 295 1
133 138 1
133 145 1
133 157 1
133 169 1
133 191 1
134 174 1
134 177 1
134 197 1
134 547 1
135 173 1
135 182 1
135 186 1
135 190 1
135 195 1
135 559 1
135 972 1
136 155 1
136 157 1
136 175 1
136 183 1
136 447 1
136 690 1
137 177 1
137 188 1
138 146 1
138 158 1
138 186 1
138 193 1
139 186 1
139 189 1
139 195 1
139 487 1
139 595 1
140 149 1
140 154 1
140 159 1
140 179 1
140 181 1
140 199 1
141 149 1
141 924 1
142 150 1
142 153 1
142 299 1
142 569 1
143 166 1
143 167 1
143 175 1
143 188 1
143 190 1
143 223 1
143 322 1
143 343 1
143 393 1
143 451 1
144 156 1
144 192 1
144 200 1
144 235 1
145 151 1
145 176 1
145 185 1
145 188 1
145 196 1
146 149 1
146 152 1
146 180 1
146 196 1
146 619 1
146 777 1
147 152 1
147 157 1
147 177 1
147 187 1
147 188 1
147 197 1
147 583 1
147 602 1
147 675 1
148 153 1
148 169 1
148 188 1
148 190 1
148 192 1
148 412 1
148 628 1
148 689 1
148 926 1
149 636 1
150 411 1
150 669 1
150 712 1
150 803 1
151 198 1
151 324 1
151 624 1
151 689 1
152 165 1
152 318 1
152 530 1
152 676 1
153 183 1
154 161 1
154 187 1
154 358 1
154 689 1
155 178 1
155 221 1
155 689 1
155 758 1
155 905 1
156 182 1
156 192 1
156 762 1
156 995 1
157 175 1
157 189 1
157 448 1
157 658 1
159 187 1
159 191 1
159 198 1
159 200 1
159 203 1
160 598 1
160 972 1
161 962 1
162 164 1
162 165 1
162 176 1
162 194 1
162 293 1
162 499 1
163 175 1
163 177 1
163 348 1
163 997 1
164 176 1
164 199 1
164 821 1
164 968 1
165 169 1
165 185 1
165 637 1
166 179 1
166 200 1
166 776 1
167 176 1
167 186 1
167 368 1
167 417 1
169 187 1
169 189 1
169 771 1
170 179 1
170 347 1
171 179 1
171 416 1
172 174 1
172 184 1
172 772 1
173 185 1
173 186 1
173 412 1
174 187 1
174 197 1
174 243 1
174 515 1
175 200 1
175 236 1
175 836 1
176 907 1
177 182 1
177 241 1
177 768 1
178 197 1
178 716 1
178 831 1
178 940 1
179 193 1
179 329 1
179 866 1
180 188 1
180 194 1
180 660 1
180 843 1
181 189 1
181 200 1
181 749 1
182 191 1
182 195 1
182 247 1
182 938 1
183 192 1
183 197 1
184 568 1
184 622 1
185 573 1
185 978 1
186 424 1
187 788 1
188 491 1
189 195 1
189 196 1
189 477 1
189 553 1
189 845 1
189 965 1
190 199 1
190 245 1
190 370 1
191 226 1
191 571 1
191 586 1
192 265 1
192 468 1
192 531 1
193 491 1
193 542 1
194 820 1
195 196 1
195 209 1
195 214 1
195 657 1
195 814 1
196 200 1
196 317 1
196 709 1
196 859 1
197 642 1
197 653 1
197 761 1
197 826 1
197 848 1
198 725 1
200 239 1
201 203 1
201 223 1
201 227 1
201 232 1
201 235 1
201 267 1
201 343 1
202 220 1
202 228 1
202 285 1
202 291 1
202 310 1
202 443 1
203 224 1
203 231 1
203 232 1
203 240 1
203 263 1
203 273 1
204 210 1
204 211 1
204 251 1
204 318 1
204 480 1
205 241 1
205 248 1
205 258 1
205 288 1
206 220 1
206 235 1
206 251 1
206 281 1
206 557 1
206 664 1
206 938 1
207 248 1
208 253 1
208 260 1
208 274 1
208 297 1
209 219 1
209 223 1
209 244 1
209 263 1
209 268 1
209 279 1
209 298 1
209 371 1
209 837 1
209 958 1
210 217 1
210 223 1
210 264 1
210 267 1
210 393 1
211 227 1
211 233 1
211 239 1
211 244 1
211 245 1
211 255 1
211 262 1
211 292 1
212 233 1
212 269 1
212 299 1
212 541 1
212 750 1
212 942 1
213 223 1
213 231 1
213 260 1
213 265 1
213 277 1
213 833 1
213 995 1
214 262 1
214 263 1
214 556 1
214 713 1
215 227 1
215 273 1
216 235 1
216 245 1
216 269 1
216 299 1
216 717 1
216 798 1
216 855 1
217 219 1
217 258 1
217 263 1
217 267 1
217 278 1
218 254 1
218 255 1
218 261 1
218 266 1
218 267 1
218 286 1
218 502 1
219 244 1
219 256 1
219 260 1
219 406 1
219 631 1
220 225 1
220 233 1
220 246 1
220 266 1
220 275 1
220 277 1
220 408 1
220 820 1
221 238 1
221 242 1
221 247 1
221 277 1
222 285 1
222 417 1
223 224 1
223 251 1
223 253 1
223 256 1
223 936 1
224 260 1
224 266 1
224 279 1
224 292 1
225 264 1
225 294 1
225 298 1
225 595 1
225 784 1
225 827 1
226 228 1
226 234 1
226 236 1
226 247 1
226 299 1
227 237 1
227 270 1
227 282 1
227 642 1
228 240 1
228 243 1
228 295 1
228 332 1
228 383 1
228 404 1
228 432 1
229 255 1
229 260 1
229 271 1
229 273 1
229 282 1
229 439 1
229 583 1
229 706 1
230 281 1
230 284 1
230 289 1
230 300 1
230 696 1
231 268 1
231 291 1
231 293 1
231 792 1
231 862 1
232 262 1
232 289 1
232 397 1
232 465 1
233 239 1
233 241 1
233 282 1
234 235 1
234 257 1
234 258 1
234 291 1
234 806 1
235 241 1
235 245 1
235 256 1
235 269 1
235 292 1
235 295 1
235 298 1
235 706 1
235 852 1
235 983 1
236 238 1
236 244 1
236 247 1
236 254 1
236 279 1
236 284 1
236 456 1
236 871 1
237 249 1
237 253 1
237 271 1
237 272 1
237 296 1
237 319 1
238 281 1
238 291 1
238 661 1
239 250 1
239 253 1
239 272 1
239 274 1
239 290 1
240 245 1
240 261 1
240 285 1
240 470 1
240 924 1
240 962 1
241 244 1
241 267 1
241 413 1
241 433 1
241 495 1
242 248 1
242 265 1
242 286 1
242 518 1
243 265 1
243 270 1
243 731 1
244 254 1
244 261 1
244 297 1
244 300 1
244 333 1
244 355 1
245 265 1
245 296 1
245 449 1
246 260 1
246 280 1
246 401 1
247 248 1
247 275 1
247 300 1
248 283 1
248 292 1
248 651 1
248 766 1
249 281 1
249 590 1
249 761 1
250 266 1
250 280 1
251 269 1
251 288 1
252 268 1
252 269 1
252 293 1
252 295 1
252 451 1
253 278 1
253 293 1
253 298 1
253 823 1
254 274 1
254 281 1
254 291 1
255 284 1
255 292 1
255 682 1
255 849 1
256 259 1
256 262 1
257 267 1
257 268 1
257 285 1
257 297 1
258 285 1
258 286 1
258 993 1
259 277 1
259 461 1
259 947 1
260 272 1
260 275 1
260 289 1
261 262 1
261 614 1
261 844 1
261 957 1
262 279 1
262 621 1
263 368 1
263 692 1
263 769 1
264 282 1
264 285 1
264 297 1
264 883 1
265 275 1
265 276 1
265 287 1
265 528 1
265 922 1
266 275 1
266 281 1
266 547 1
267 364 1
268 288 1
268 291 1
269 276 1
269 282 1
269 300 1
269 314 1
269 649 1
269 704 1
269 747 1
270 277 1
270 293 1
270 299 1
270 375 1
271 298 1
272 281 1
272 384 1
272 449 1
272 841 1
273 274 1
273 432 1
273 711 1
274 750 1
275 704 1
276 282 1
277 474 1
277 754 1
278 281 1
278 288 1
278 289 1
278 292 1
278 300 1
278 581 1
278 932 1
279 611 1
280 296 1
280 870 1
282 488 1
282 880 1
283 284 1
283 835 1
283 872 1
284 883 1
285 404 1
286 291 1
286 299 1
287 289 1
287 529 1
287 978 1
288 564 1
289 291 1
289 598 1
290 382 1
290 838 1
291 293 1
291 619 1
292 300 1
292 488 1
292 948 1
293 407 1
294 363 1
294 669 1
294 722 1
294 999 1
295 657 1
296 682 1
296 755 1
296 880 1
296 951 1
297 922 1
298 736 1
298 831 1
299 782 1
299 987 1
300 460 1
300 733 1
300 761 1
300 783 1
300 855 1
301 304 1
301 326 1
301 372 1
301 377 1
301 387 1
301 971 1
302 346 1
302 358 1
302 369 1
302 381 1
303 317 1
303 337 1
303 361 1
303 367 1
303 370 1
303 373 1
303 400 1
303 698 1
303 852 1
303 947 1
304 331 1
304 336 1
304 346 1
304 376 1
304 380 1
304 638 1
305 306 1
305 341 1
305 347 1
305 356 1
305 358 1
305 367 1
305 383 1
305 386 1
305 397 1
305 552 1
306 325 1
306 376 1
306 642 1
307 314 1
307 325 1
307 331 1
307 332 1
307 346 1
307 355 1
307 360 1
307 361 1
307 535 1
308 312 1
308 324 1
308 355 1
308 378 1
308 396 1
309 311 1
309 319 1
309 334 1
309 346 1
309 366 1
309 377 1
309 388 1
309 394 1
309 591 1
310 324 1
310 336 1
310 350 1
310 369 1
310 371 1
310 924 1
311 320 1
311 342 1
311 343 1
311 365 1
311 374 1
311 377 1
311 386 1
311 392 1
311 394 1
311 659 1
312 319 1
312 325 1
312 354 1
312 378 1
312 731 1
312 748 1
312 802 1
313 319 1
313 321 1
313 330 1
313 375 1
313 383 1
313 395 1
313 702 1
314 330 1
314 333 1
314 336 1
314 348 1
314 350 1
314 372 1
314 407 1
314 657 1
315 357 1
315 420 1
316 324 1
316 331 1
316 340 1
316 373 1
316 789 1
317 338 1
317 342 1
317 364 1
317 376 1
317 654 1
317 885 1
318 357 1
318 387 1
318 390 1
319 381 1
319 396 1
319 404 1
320 323 1
320 342 1
320 343 1
320 348 1
320 359 1
320 375 1
320 381 1
320 897 1
320 942 1
321 322 1
321 332 1
321 339 1
321 350 1
321 670 1
321 689 1
322 343 1
322 365 1
323 336 1
323 341 1
323 354 1
323 380 1
323 390 1
323 598 1
323 664 1
324 431 1
324 495 1
325 350 1
325 359 1
325 369 1
325 370 1
325 374 1
325 378 1
325 431 1
325 960 1
327 344 1
327 345 1
328 358 1
328 371 1
328 399 1
328 854 1
328 879 1
328 902 1
329 883 1
330 363 1
330 380 1
330 385 1
330 392 1
330 431 1
331 341 1
331 370 1
331 385 1
331 538 1
331 701 1
332 335 1
332 342 1
332 382 1
332 384 1
332 400 1
333 347 1
333 349 1
333 390 1
333 399 1
333 995 1
334 341 1
334 366 1
334 380 1
334 387 1
334 713 1
335 336 1
335 342 1
335 373 1
336 364 1
336 386 1
336 391 1
336 623 1
337 373 1
337 380 1
337 391 1
337 556 1
338 372 1
338 382 1
338 385 1
338 387 1
338 973 1
339 347 1
339 385 1
339 389 1
339 617 1
340 352 1
340 353 1
340 362 1
340 370 1
340 389 1
340 697 1
340 769 1
340 824 1
341 370 1
341 565 1
341 697 1
342 350 1
342 389 1
342 393 1
342 736 1
342 757 1
343 352 1
343 362 1
343 382 1
343 590 1
343 670 1
344 349 1
344 357 1
344 369 1
345 352 1
345 361 1
345 373 1
345 375 1
345 759 1
346 355 1
346 383 1
346 396 1
346 590 1
347 356 1
347 362 1
347 368 1
347 372 1
348 375 1
348 388 1
348 393 1
348 458 1
348 485 1
348 630 1
349 366 1
349 396 1
349 726 1
349 739 1
350 375 1
350 379 1
350 383 1
351 374 1
351 377 1
351 379 1
351 393 1
351 400 1
351 452 1
352 354 1
352 518 1
353 357 1
353 374 1
353 379 1
353 381 1
353 392 1
353 680 1
354 355 1
354 539 1
354 783 1
355 698 1
355 848 1
355 883 1
356 370 1
356 480 1
357 373 1
358 368 1
358 375 1
358 378 1
358 387 1
359 380 1
359 757 1
359 798 1
360 365 1
360 388 1
360 398 1
360 438 1
360 518 1
360 874 1
361 365 1
361 378 1
361 395 1
361 418 1
361 903 1
362 393 1
363 364 1
363 372 1
363 390 1
363 403 1
363 777 1
363 847 1
365 381 1
365 945 1
366 379 1
366 390 1
366 640 1
366 681 1
366 704 1
366 732 1
367 411 1
367 734 1
367 859 1
368 380 1
368 391 1
368 395 1
368 607 1
368 842 1
369 395 1
369 434 1
370 380 1
371 380 1
372 375 1
372 721 1
373 400 1
374 397 1
374 399 1
374 467 1
374 776 1
374 999 1
375 379 1
375 694 1
377 382 1
377 441 1
377 781 1
377 978 1
378 387 1
378 391 1
378 716 1
378 876 1
379 383 1
379 388 1
379 413 1
379 681 1
380 392 1
380 914 1
382 521 1
382 610 1
383 385 1
383 388 1
384 386 1
384 397 1
384 505 1
385 396 1
385 697 1
386 387 1
386 727 1
387 585 1
388 393 1
390 396 1
390 643 1
391 397 1
391 863 1
392 395 1
394 912 1
397 779 1
397 952 1
398 612 1
398 768 1
399 608 1
399 761 1
399 771 1
400 660 1
401 407 1
401 456 1
401 491 1
402 416 1
402 424 1
402 451 1
402 490 1
402 492 1
402 867 1
403 421 1
403 452 1
403 459 1
403 492 1
403 627 1
403 693 1
404 426 1
404 450 1
404 486 1
404 744 1
405 424 1
405 441 1
405 446 1
405 458 1
405 475 1
405 744 1
405 804 1
406 408 1
406 415 1
406 479 1
407 490 1
407 719 1
408 462 1
408 469 1
408 477 1
408 612 1
408 778 1
408 885 1
408 963 1
409 419 1
409 447 1
409 478 1
409 487 1
409 496 1
409 498 1
409 500 1
409 512 1
410 414 1
410 418 1
410 441 1
410 471 1
410 480 1
410 983 1
411 427 1
411 455 1
411 469 1
412 420 1
412 429 1
412 462 1
412 475 1
412 500 1
412 734 1
412 769 1
412 955 1
413 431 1
413 489 1
413 536 1
413 622 1
413 972 1
414 466 1
414 490 1
414 798 1
415 426 1
415 441 1
415 447 1
415 460 1
415 463 1
415 475 1
416 431 1
416 475 1
416 485 1
416 488 1
416 495 1
417 444 1
417 445 1
417 471 1
417 484 1
417 811 1
417 917 1
418 459 1
418 460 1
418 500 1
418 805 1
418 972 1
418 996 1
419 429 1
419 441 1
419 476 1
419 500 1
420 422 1
420 443 1
420 460 1
420 461 1
420 472 1
420 480 1
420 485 1
421 433 1
421 443 1
421 498 1
421 523 1
422 423 1
422 433 1
422 484 1
422 597 1
422 713 1
423 425 1
423 430 1
423 434 1
423 436 1
423 453 1
423 456 1
423 465 1
423 466 1
423 496 1
423 498 1
424 429 1
424 441 1
424 460 1
424 484 1
424 863 1
425 462 1
425 472 1
425 490 1
425 496 1
426 447 1
426 452 1
426 642 1
427 472 1
427 488 1
427 562 1
427 636 1
428 450 1
428 454 1
428 469 1
428 487 1
428 500 1
428 655 1
429 452 1
429 454 1
429 471 1
429 477 1
430 450 1
430 920 1
431 447 1
431 456 1
431 465 1
431 479 1
431 841 1
432 450 1
432 481 1
432 852 1
433 459 1
434 442 1
434 457 1
434 459 1
434 460 1
434 477 1
434 490 1
435 446 1
435 464 1
435 486 1
435 492 1
435 614 1
436 486 1
436 497 1
436 559 1
436 724 1
436 796 1
436 881 1
436 966 1
437 463 1
437 464 1
437 487 1
437 488 1
437 649 1
437 930 1
438 455 1
438 466 1
438 473 1
438 492 1
438 608 1
438 790 1
439 454 1
439 460 1
439 530 1
439 600 1
440 445 1
440 461 1
440 542 1
441 469 1
441 473 1
441 493 1
441 497 1
441 891 1
442 446 1
442 456 1
442 457 1
442 466 1
442 473 1
442 475 1
442 483 1
442 488 1
442 491 1
442 496 1
443 474 1
443 500 1
443 596 1
445 454 1
445 456 1
445 459 1
445 477 1
445 487 1
445 603 1
446 448 1
446 453 1
446 474 1
446 477 1
446 481 1
446 485 1
446 496 1
446 599 1
446 805 1
446 836 1
447 463 1
447 474 1
447 486 1
447 801 1
447 858 1
447 963 1
449 482 1
449 486 1
449 664 1
450 453 1
450 494 1
450 495 1
450 497 1
450 902 1
450 931 1
451 485 1
451 833 1
452 480 1
452 713 1
453 463 1
453 465 1
453 468 1
453 802 1
453 981 1
454 459 1
454 468 1
454 483 1
454 647 1
454 832 1
455 709 1
456 457 1
456 897 1
457 475 1
457 479 1
457 483 1
457 486 1
457 493 1
457 515 1
457 891 1
458 463 1
458 486 1
458 650 1
458 655 1
459 467 1
459 478 1
459 496 1
460 875 1
461 466 1
461 468 1
461 488 1
461 491 1
461 495 1
462 497 1
462 837 1
463 834 1
464 469 1
464 488 1
465 594 1
466 472 1
466 485 1
466 488 1
467 751 1
468 478 1
468 500 1
469 473 1
469 489 1
470 484 1
470 966 1
472 731 1
472 764 1
472 914 1
473 498 1
473 712 1
473 812 1
473 863 1
474 491 1
474 752 1
475 489 1
475 495 1
475 937 1
475 938 1
476 490 1
476 493 1
476 741 1
476 781 1
476 928 1
477 478 1
477 482 1
478 480 1
479 493 1
480 796 1
481 483 1
481 764 1
482 484 1
482 486 1
483 899 1
485 853 1
485 871 1
486 495 1
486 499 1
486 623 1
487 491 1
487 499 1
488 557 1
488 623 1
488 685 1
489 709 1
490 588 1
490 593 1
491 492 1
491 495 1
492 493 1
493 505 1
494 500 1
494 692 1
496 497 1
499 907 1
500 574 1
501 531 1
501 546 1
501 556 1
501 568 1
501 576 1
501 599 1
502 510 1
502 525 1
502 532 1
502 553 1
502 557 1
502 583 1
502 589 1
503 588 1
504 528 1
504 529 1
504 545 1
504 562 1
504 572 1
504 577 1
504 590 1
504 594 1
504 747 1
505 578 1
505 582 1
505 583 1
506 534 1
506 550 1
506 571 1
506 573 1
507 515 1
507 543 1
507 549 1
507 560 1
507 575 1
507 598 1
507 909 1
508 553 1
508 557 1
508 570 1
509 513 1
509 528 1
509 535 1
509 566 1
509 582 1
509 587 1
509 595 1
509 597 1
510 523 1
510 539 1
510 572 1
511 516 1
511 530 1
511 549 1
511 586 1
511 598 1
512 565 1
512 585 1
512 590 1
513 519 1
513 523 1
513 526 1
513 562 1
513 572 1
514 535 1
514 554 1
514 564 1
514 582 1
514 584 1
514 594 1
514 600 1
515 684 1
516 528 1
516 548 1
516 553 1
516 567 1
516 587 1
516 589 1
516 994 1
517 562 1
517 599 1
517 600 1
518 522 1
518 557 1
518 582 1
518 599 1
519 540 1
519 548 1
519 565 1
519 574 1
519 575 1
519 578 1
519 594 1
520 522 1
520 576 1
520 593 1
520 596 1
521 522 1
521 527 1
521 536 1
521 544 1
521 553 1
521 816 1
522 532 1
522 568 1
522 576 1
522 593 1
522 596 1
522 627 1
522 638 1
523 527 1
523 550 1
523 559 1
523 567 1
523 570 1
524 556 1
524 558 1
524 561 1
524 570 1
524 573 1
525 548 1
525 562 1
525 574 1
526 640 1
526 700 1
527 536 1
527 543 1
527 562 1
527 574 1
527 590 1
527 762 1
528 552 1
528 564 1
528 573 1
528 577 1
528 580 1
528 586 1
528 731 1
528 933 1
528 962 1
529 545 1
529 546 1
529 552 1
529 580 1
529 581 1
529 586 1
529 726 1
530 556 1
530 732 1
531 534 1
531 566 1
531 569 1
531 588 1
532 536 1
532 537 1
532 560 1
532 561 1
532 579 1
533 549 1
533 556 1
533 559 1
533 575 1
533 587 1
533 599 1
534 542 1
534 551 1
534 565 1
534 790 1
535 538 1
535 554 1
535 555 1
535 573 1
535 676 1
536 551 1
536 560 1
536 569 1
536 578 1
536 592 1
536 946 1
537 563 1
537 566 1
537 580 1
537 586 1
538 692 1
539 545 1
539 558 1
539 565 1
539 570 1
539 640 1
539 950 1
540 549 1
540 550 1
540 573 1
540 575 1
540 586 1
540 599 1
540 713 1
541 555 1
541 559 1
541 595 1
542 554 1
542 578 1
542 581 1
542 796 1
543 597 1
543 670 1
543 743 1
544 554 1
544 569 1
544 597 1
544 821 1
544 822 1
545 553 1
545 556 1
545 574 1
545 597 1
545 802 1
546 572 1
546 580 1
546 600 1
546 784 1
547 575 1
547 595 1
548 559 1
549 578 1
549 810 1
550 578 1
550 585 1
550 587 1
550 590 1
550 596 1
551 564 1
551 595 1
551 599 1
552 559 1
552 583 1
552 586 1
553 574 1
553 670 1
553 683 1
554 562 1
554 565 1
554 593 1
554 595 1
554 828 1
555 579 1
555 600 1
555 636 1
555 845 1
556 564 1
556 983 1
557 584 1
557 585 1
557 589 1
558 844 1
559 585 1
560 585 1
560 591 1
561 589 1
562 935 1
563 596 1
565 573 1
565 595 1
566 576 1
566 587 1
566 592 1
567 572 1
567 578 1
567 597 1
567 987 1
568 583 1
568 596 1
568 997 1
569 574 1
570 585 1
570 588 1
570 598 1
570 702 1
570 829 1
571 581 1
571 587 1
572 583 1
572 589 1
573 577 1
573 589 1
573 914 1
574 580 1
574 594 1
575 594 1
575 691 1
575 876 1
576 581 1
576 893 1
577 590 1
577 780 1
577 811 1
578 654 1
578 730 1
578 953 1
579 636 1
579 998 1
580 597 1
582 596 1
582 598 1
583 629 1
584 587 1
584 588 1
584 594 1
585 592 1
585 965 1
586 597 1
587 886 1
589 600 1
589 978 1
592 598 1
593 648 1
593 782 1
593 901 1
593 903 1
595 646 1
596 627 1
596 841 1
596 885 1
596 952 1
596 967 1
597 926 1
598 647 1
600 633 1
601 612 1
601 614 1
601 642 1
601 658 1
601 676 1
601 677 1
601 692 1
601 986 1
602 605 1
602 613 1
603 605 1
603 637 1
603 658 1
603 664 1
603 673 1
603 677 1
603 683 1
603 820 1
604 609 1
604 632 1
604 674 1
604 890 1
605 608 1
605 651 1
605 676 1
605 694 1
605 699 1
606 615 1
606 639 1
606 650 1
606 693 1
606 725 1
607 657 1
607 664 1
607 674 1
608 610 1
608 639 1
608 640 1
608 659 1
609 613 1
609 626 1
609 662 1
609 666 1
609 686 1
609 688 1
610 616 1
610 679 1
611 615 1
611 631 1
611 675 1
611 683 1
611 687 1
611 729 1
611 840 1
612 642 1
612 655 1
612 920 1
613 645 1
613 673 1
613 679 1
613 693 1
613 773 1
614 705 1
615 629 1
615 665 1
615 669 1
615 673 1
616 619 1
616 624 1
616 632 1
616 638 1
616 643 1
616 660 1
617 636 1
617 646 1
617 649 1
617 650 1
617 673 1
618 650 1
618 678 1
618 685 1
618 689 1
618 721 1
618 848 1
619 640 1
619 645 1
619 687 1
619 689 1
620 639 1
620 649 1
620 677 1
620 680 1
621 631 1
621 681 1
622 689 1
622 836 1
623 639 1
623 672 1
623 676 1
623 684 1
624 642 1
624 660 1
624 682 1
625 634 1
625 638 1
626 640 1
626 641 1
626 654 1
626 659 1
626 665 1
626 674 1
626 687 1
626 691 1
626 877 1
627 652 1
628 645 1
628 651 1
628 673 1
628 946 1
629 665 1
629 675 1
630 667 1
630 931 1
631 632 1
631 638 1
631 666 1
632 671 1
632 677 1
633 647 1
633 659 1
633 671 1
633 689 1
633 865 1
634 638 1
634 648 1
634 657 1
634 678 1
635 659 1
635 673 1
635 684 1
635 696 1
636 681 1
637 641 1
637 675 1
638 667 1
638 673 1
638 683 1
638 700 1
639 650 1
639 657 1
639 660 1
639 664 1
639 696 1
640 692 1
640 837 1
640 986 1
640 990 1
641 690 1
641 815 1
642 645 1
642 663 1
642 690 1
643 645 1
643 646 1
643 687 1
644 674 1
644 697 1
645 689 1
645 999 1
646 882 1
647 656 1
647 664 1
647 675 1
647 685 1
648 677 1
648 685 1
648 695 1
648 989 1
649 677 1
649 682 1
649 683 1
649 687 1
649 692 1
650 663 1
650 668 1
650 676 1
650 679 1
650 680 1
650 691 1
651 652 1
651 664 1
651 671 1
651 692 1
652 679 1
652 681 1
652 690 1
652 885 1
653 683 1
653 766 1
654 655 1
654 665 1
654 678 1
654 689 1
654 697 1
654 779 1
655 659 1
655 669 1
655 812 1
655 972 1
657 699 1
658 666 1
658 976 1
659 680 1
659 714 1
659 977 1
660 685 1
660 698 1
661 666 1
661 667 1
661 681 1
661 692 1
661 733 1
661 862 1
662 676 1
662 695 1
662 902 1
664 692 1
664 699 1
664 700 1
665 678 1
666 683 1
666 685 1
667 674 1
667 687 1
667 698 1
668 675 1
668 696 1
668 700 1
669 686 1
670 672 1
670 690 1
670 697 1
670 781 1
671 675 1
671 678 1
671 680 1
671 682 1
671 983 1
672 699 1
672 1000 1
673 682 1
674 679 1
674 682 1
674 698 1
674 944 1
675 920 1
676 693 1
677 691 1
677 697 1
678 905 1
679 999 1
680 681 1
681 897 1
681 970 1
684 956 1
685 688 1
685 692 1
686 861 1
687 692 1
687 736 1
689 698 1
689 798 1
689 811 1
690 899 1
691 787 1
691 815 1
691 818 1
691 893 1
691 898 1
692 696 1
692 772 1
692 867 1
692 938 1
692 959 1
693 748 1
694 696 1
694 732 1
694 879 1
696 799 1
696 812 1
697 786 1
697 869 1
698 730 1
699 913 1
700 895 1
701 729 1
701 734 1
701 771 1
701 800 1
702 713 1
702 725 1
702 751 1
702 761 1
702 770 1
702 787 1
703 720 1
703 730 1
703 747 1
703 763 1
703 770 1
703 773 1
703 783 1
703 888 1
704 710 1
704 726 1
704 738 1
704 770 1
705 710 1
705 758 1
705 760 1
705 763 1
705 766 1
705 769 1
705 778 1
705 780 1
705 798 1
705 806 1
706 711 1
706 719 1
706 764 1
706 783 1
707 726 1
707 749 1
707 775 1
707 783 1
708 726 1
708 782 1
708 792 1
708 846 1
708 870 1
709 744 1
709 749 1
709 768 1
709 778 1
710 731 1
710 741 1
710 748 1
710 768 1
710 769 1
710 799 1
711 727 1
711 731 1
711 746 1
711 780 1
711 996 1
712 722 1
712 742 1
712 751 1
712 758 1
712 776 1
712 780 1
712 800 1
713 724 1
713 760 1
713 796 1
714 741 1
714 748 1
714 762 1
714 777 1
714 783 1
714 796 1
715 735 1
715 745 1
715 755 1
715 756 1
715 777 1
715 797 1
715 960 1
715 984 1
716 733 1
716 743 1
716 748 1
716 760 1
716 790 1
716 794 1
717 788 1
718 741 1
718 776 1
718 782 1
718 791 1
718 796 1
719 775 1
720 726 1
720 746 1
720 761 1
720 771 1
720 929 1
721 738 1
721 739 1
721 762 1
721 783 1
721 786 1
722 726 1
722 729 1
722 730 1
722 753 1
722 762 1
722 791 1
723 724 1
723 752 1
723 783 1
723 790 1
723 795 1
724 788 1
725 738 1
725 760 1
725 771 1
726 749 1
726 753 1
726 767 1
726 774 1
726 799 1
726 987 1
727 743 1
727 746 1
727 758 1
727 944 1
727 997 1
728 742 1
728 757 1
728 760 1
728 788 1
728 982 1
729 731 1
729 737 1
729 777 1
729 778 1
729 794 1
729 797 1
730 745 1
730 766 1
730 773 1
731 768 1
732 762 1
732 790 1
732 792 1
732 842 1
733 740 1
734 755 1
734 786 1
734 824 1
735 747 1
735 769 1
735 773 1
735 774 1
735 784 1
736 745 1
736 751 1
736 763 1
736 766 1
736 777 1
737 752 1
737 775 1
737 789 1
737 792 1
737 945 1
738 742 1
738 907 1
739 770 1
739 771 1
739 773 1
739 781 1
740 762 1
740 781 1
740 782 1
740 788 1
741 751 1
741 772 1
741 787 1
741 828 1
742 750 1
742 773 1
742 788 1
742 792 1
742 793 1
743 752 1
743 759 1
743 782 1
744 758 1
744 761 1
744 772 1
744 793 1
746 763 1
746 772 1
747 759 1
747 792 1
748 777 1
748 779 1
748 792 1
748 800 1
749 759 1
749 762 1
749 767 1
749 795 1
750 778 1
750 785 1
751 753 1
751 757 1
752 761 1
752 776 1
753 757 1
753 759 1
753 791 1
753 798 1
753 800 1
754 760 1
754 789 1
755 760 1
755 775 1
755 784 1
755 787 1
756 779 1
756 790 1
757 758 1
758 759 1
759 773 1
759 784 1
759 790 1
759 793 1
760 766 1
760 775 1
760 780 1
760 786 1
760 795 1
761 799 1
762 793 1
762 794 1
763 775 1
763 967 1
764 781 1
764 787 1
764 795 1
765 767 1
765 778 1
765 788 1
766 778 1
766 937 1
767 768 1
767 774 1
768 773 1
768 782 1
768 795 1
769 790 1
769 992 1
770 799 1
771 796 1
773 787 1
773 793 1
774 796 1
775 778 1
776 791 1
776 815 1
776 941 1
777 779 1
778 792 1
778 794 1
779 789 1
782 799 1
782 889 1
784 789 1
784 957 1
785 982 1
786 791 1
787 798 1
788 928 1
790 795 1
791 795 1
792 793 1
792 794 1
792 798 1
792 866 1
792 916 1
799 953 1
800 860 1
801 806 1
801 835 1
801 876 1
801 884 1
801 891 1
802 817 1
802 833 1
802 867 1
802 893 1
803 845 1
803 847 1
803 849 1
803 856 1
803 887 1
803 968 1
803 994 1
804 850 1
804 852 1
804 853 1
804 859 1
804 893 1
805 829 1
805 849 1
805 856 1
805 887 1
806 820 1
806 842 1
806 844 1
806 900 1
807 850 1
807 870 1
807 885 1
807 898 1
808 845 1
808 854 1
808 882 1
809 819 1
809 846 1
809 867 1
809 880 1
809 892 1
809 893 1
809 896 1
809 937 1
810 851 1
810 853 1
810 858 1
810 860 1
810 864 1
810 876 1
810 895 1
811 814 1
811 821 1
811 877 1
812 824 1
812 828 1
812 873 1
812 876 1
813 815 1
813 816 1
813 843 1
813 878 1
814 824 1
814 830 1
814 839 1
814 842 1
814 867 1
814 870 1
814 898 1
814 983 1
815 817 1
815 823 1
815 834 1
815 846 1
815 873 1
815 887 1
816 827 1
816 854 1
816 865 1
816 881 1
816 887 1
817 819 1
817 825 1
817 856 1
817 861 1
817 876 1
818 825 1
818 837 1
818 860 1
818 877 1
818 886 1
818 887 1
818 890 1
819 822 1
819 845 1
819 853 1
820 832 1
820 838 1
820 861 1
820 878 1
820 886 1
821 822 1
821 827 1
821 850 1
821 856 1
821 881 1
822 839 1
822 863 1
822 892 1
822 943 1
823 843 1
823 865 1
824 873 1
824 889 1
825 836 1
825 840 1
826 835 1
826 853 1
826 887 1
827 835 1
827 847 1
827 856 1
827 859 1
827 866 1
827 882 1
828 840 1
828 859 1
828 900 1
828 978 1
829 832 1
829 874 1
829 876 1
830 855 1
830 886 1
830 896 1
831 842 1
831 866 1
831 975 1
832 866 1
832 867 1
833 885 1
834 882 1
834 886 1
835 842 1
835 852 1
836 839 1
836 847 1
836 882 1
836 888 1
836 890 1
836 895 1
836 899 1
837 847 1
837 856 1
838 848 1
838 855 1
838 859 1
838 883 1
838 895 1
838 898 1
839 851 1
839 876 1
839 880 1
840 873 1
841 876 1
842 932 1
843 844 1
843 882 1
843 885 1
843 898 1
844 845 1
844 846 1
844 863 1
844 888 1
844 893 1
844 928 1
845 875 1
845 894 1
845 899 1
846 858 1
846 860 1
847 862 1
847 868 1
848 862 1
848 881 1
848 885 1
849 888 1
849 966 1
850 876 1
850 886 1
851 892 1
852 861 1
852 873 1
852 879 1
852 887 1
854 891 1
855 859 1
855 869 1
855 896 1
856 869 1
856 870 1
858 867 1
858 869 1
858 932 1
859 875 1
860 978 1
861 871 1
861 873 1
861 888 1
861 894 1
862 874 1
862 878 1
862 889 1
863 883 1
863 893 1
864 867 1
864 869 1
864 892 1
865 872 1
865 885 1
865 894 1
866 873 1
866 882 1
867 868 1
867 953 1
868 873 1
868 883 1
869 880 1
869 888 1
870 871 1
870 879 1
870 886 1
870 891 1
870 900 1
871 878 1
871 887 1
871 892 1
872 874 1
872 893 1
872 894 1
872 900 1
874 897 1
875 880 1
875 889 1
876 878 1
876 890 1
877 881 1
877 896 1
880 897 1
882 961 1
883 884 1
884 895 1
885 895 1
887 898 1
890 895 1
891 893 1
894 900 1
897 931 1
901 939 1
902 905 1
902 916 1
902 955 1
902 978 1
902 982 1
902 986 1
903 915 1
903 933 1
904 920 1
904 931 1
904 941 1
904 943 1
904 971 1
905 906 1
905 913 1
905 921 1
905 922 1
905 927 1
905 974 1
905 975 1
905 976 1
905 985 1
905 986 1
906 910 1
906 933 1
906 946 1
906 955 1
906 979 1
906 997 1
907 910 1
907 950 1
908 926 1
908 928 1
908 946 1
908 961 1
908 995 1
909 918 1
909 926 1
909 945 1
909 960 1
909 963 1
909 972 1
909 987 1
909 997 1
910 920 1
910 931 1
910 932 1
910 960 1
910 964 1
910 966 1
911 928 1
911 977 1
911 982 1
912 919 1
912 920 1
912 947 1
912 951 1
912 979 1
912 992 1
913 915 1
913 928 1
913 940 1
913 955 1
913 979 1
913 984 1
914 973 1
914 986 1
914 999 1
915 931 1
915 952 1
915 965 1
915 985 1
915 990 1
915 999 1
916 932 1
916 952 1
916 987 1
916 998 1
917 949 1
917 954 1
917 957 1
917 962 1
917 964 1
917 965 1
917 967 1
918 920 1
918 927 1
918 938 1
918 955 1
918 997 1
919 929 1
919 936 1
919 942 1
919 958 1
919 966 1
919 988 1
919 994 1
920 929 1
920 975 1
920 979 1
920 995 1
920 996 1
921 948 1
921 979 1
921 986 1
922 924 1
922 931 1
922 981 1
922 985 1
922 990 1
922 991 1
922 998 1
922 999 1
923 945 1
923 963 1
923 981 1
924 985 1
924 991 1
924 994 1
925 936 1
925 957 1
925 959 1
925 981 1
925 984 1
925 986 1
925 994 1
926 941 1
926 952 1
926 963 1
926 973 1
926 982 1
927 939 1
927 940 1
927 954 1
927 973 1
928 948 1
928 958 1
928 994 1
929 937 1
929 987 1
929 998 1
932 938 1
932 945 1
932 982 1
932 991 1
933 936 1
933 991 1
933 998 1
934 959 1
934 961 1
935 948 1
935 958 1
935 970 1
935 975 1
936 940 1
936 960 1
937 967 1
937 968 1
938 939 1
939 940 1
939 943 1
939 962 1
939 999 1
940 969 1
940 979 1
940 985 1
941 965 1
942 987 1
942 989 1
943 949 1
943 962 1
943 1000 1
944 961 1
944 966 1
945 961 1
945 984 1
945 990 1
946 985 1
946 995 1
947 977 1
947 979 1
948 953 1
949 954 1
949 962 1
949 973 1
949 985 1
949 992 1
950 951 1
950 970 1
950 987 1
951 960 1
951 982 1
951 997 1
952 956 1
952 992 1
953 986 1
954 958 1
954 977 1
955 966 1
955 986 1
955 988 1
955 993 1
956 965 1
956 984 1
957 965 1
957 977 1
957 988 1
957 996 1
957 997 1
958 981 1
959 962 1
959 965 1
959 984 1
961 962 1
961 979 1
962 966 1
962 974 1
962 996 1
962 997 1
963 989 1
963 994 1
963 1000 1
964 970 1
964 972 1
964 999 1
965 974 1
965 979 1
965 983 1
966 993 1
967 983 1
967 984 1
967 990 1
967 991 1
967 994 1
967 997 1
967 998 1
968 996 1
969 970 1
969 979 1
969 988 1
970 991 1
970 998 1
971 972 1
971 976 1
973 976 1
973 984 1
973 995 1
973 997 1
976 978 1
976 999 1
977 986 1
977 992 1
977 999 1
979 985 1
980 998 1
984 989 1
985 999 1
988 999 1
990 991 1
990 998 1
