1000 3451
1 15 1
1 24 1
1 34 1
1 91 1
1 584 1
1 832 1
1 998 1
2 32 1
2 33 1
2 35 1
2 53 1
2 75 1
2 76 1
2 90 1
2 91 1
2 191 1
2 807 1
3 7 1
3 8 1
3 28 1
3 307 1
3 815 1
4 49 1
4 50 1
4 83 1
4 323 1
4 399 1
4 423 1
5 32 1
5 35 1
5 529 1
5 892 1
6 8 1
6 23 1
6 46 1
6 72 1
6 77 1
6 93 1
6 99 1
6 556 1
7 17 1
7 25 1
7 66 1
7 86 1
7 97 1
7 100 1
7 923 1
8 11 1
8 14 1
8 26 1
8 51 1
8 95 1
8 927 1
9 27 1
9 37 1
9 40 1
9 42 1
9 46 1
9 76 1
9 253 1
9 626 1
9 885 1
9 953 1
10 19 1
10 26 1
10 30 1
10 58 1
10 540 1
10 573 1
11 23 1
11 25 1
11 28 1
11 55 1
11 65 1
11 79 1
11 81 1
11 87 1
11 432 1
11 476 1
12 32 1
12 45 1
12 52 1
12 67 1
13 15 1
13 85 1
13 90 1
13 293 1
14 16 1
14 18 1
14 25 1
14 49 1
14 75 1
14 94 1
14 406 1
14 572 1
14 886 1
15 63 1
15 74 1
15 246 1
15 477 1
15 482 1
16 24 1
16 30 1
16 43 1
16 51 1
16 60 1
16 82 1
17 19 1
17 31 1
17 33 1
17 61 1
17 83 1
17 489 1
17 1000 1
18 40 1
18 66 1
18 81 1
18 319 1
18 601 1
18 741 1
18 841 1
18 988 1
19 72 1
19 79 1
19 584 1
20 33 1
20 56 1
20 79 1
20 80 1
20 96 1
20 372 1
20 476 1
21 30 1
21 49 1
21 99 1
21 198 1
21 921 1
22 61 1
22 94 1
22 637 1
23 43 1
23 93 1
23 98 1
24 56 1
24 78 1
24 80 1
24 91 1
24 324 1
25 46 1
25 67 1
25 68 1
25 72 1
25 94 1
25 368 1
25 710 1
25 859 1
26 43 1
26 51 1
26 59 1
26 84 1
26 87 1
26 93 1
26 338 1
26 857 1
27 62 1
27 64 1
28 84 1
28 894 1
29 79 1
29 90 1
29 93 1
29 95 1
29 99 1
29 232 1
29 383 1
29 931 1
30 32 1
31 54 1
31 66 1
31 683 1
31 818 1
31 849 1
32 50 1
32 60 1
32 73 1
32 76 1
32 92 1
32 281 1
33 37 1
33 38 1
33 39 1
33 51 1
33 63 1
33 223 1
33 702 1
33 987 1
34 40 1
34 55 1
34 953 1
35 74 1
35 89 1
35 90 1
35 97 1
35 393 1
35 463 1
35 540 1
36 44 1
36 49 1
36 713 1
37 40 1
37 41 1
37 60 1
37 72 1
37 298 1
37 623 1
38 49 1
38 61 1
38 74 1
38 83 1
38 84 1
38 297 1
38 584 1
39 46 1
39 51 1
39 75 1
39 77 1
39 91 1
39 822 1
40 277 1
40 331 1
40 531 1
40 695 1
40 768 1
41 45 1
41 49 1
41 92 1
41 99 1
41 372 1
41 507 1
42 48 1
42 49 1
42 96 1
42 104 1
42 294 1
42 924 1
43 78 1
43 79 1
43 84 1
43 96 1
43 218 1
43 248 1
44 85 1
44 579 1
45 54 1
45 56 1
45 119 1
45 503 1
45 871 1
46 69 1
46 556 1
46 855 1
47 86 1
47 99 1
47 100 1
47 134 1
47 631 1
47 771 1
47 985 1
48 57 1
48 66 1
48 69 1
48 84 1
48 243 1
48 279 1
48 299 1
49 66 1
49 97 1
49 217 1
50 93 1
50 207 1
50 564 1
51 60 1
51 63 1
51 71 1
51 124 1
51 470 1
51 727 1
51 836 1
52 106 1
52 342 1
52 711 1
53 55 1
53 75 1
53 94 1
54 73 1
54 940 1
54 958 1
55 59 1
55 153 1
56 74 1
56 85 1
56 92 1
56 94 1
56 404 1
57 69 1
57 77 1
57 87 1
57 98 1
57 547 1
58 81 1
58 82 1
58 87 1
58 88 1
58 98 1
58 99 1
58 127 1
58 571 1
59 87 1
59 95 1
59 553 1
60 88 1
60 533 1
60 569 1
60 623 1
60 662 1
61 89 1
61 91 1
61 95 1
61 97 1
61 171 1
61 194 1
61 603 1
61 629 1
61 707 1
62 170 1
63 66 1
63 70 1
63 73 1
63 89 1
63 449 1
64 84 1
64 94 1
64 678 1
65 70 1
65 74 1
65 93 1
65 966 1
66 75 1
66 439 1
66 986 1
67 90 1
67 537 1
68 765 1
68 947 1
69 114 1
70 78 1
70 717 1
71 223 1
72 99 1
72 716 1
72 789 1
73 77 1
73 79 1
73 429 1
73 834 1
73 856 1
74 99 1
74 142 1
74 255 1
74 654 1
74 899 1
75 568 1
76 223 1
76 295 1
78 86 1
78 98 1
78 224 1
78 269 1
78 349 1
79 83 1
79 94 1
80 87 1
80 294 1
80 367 1
80 405 1
80 707 1
80 764 1
81 92 1
81 171 1
82 86 1
82 584 1
84 88 1
84 99 1
85 390 1
85 729 1
86 89 1
86 94 1
86 422 1
87 902 1
89 99 1
89 384 1
89 387 1
89 699 1
90 105 1
91 93 1
91 144 1
91 718 1
91 763 1
92 510 1
92 752 1
93 114 1
94 107 1
94 108 1
94 486 1
94 874 1
95 97 1
95 559 1
95 602 1
95 886 1
96 181 1
96 581 1
96 776 1
96 941 1
97 857 1
98 143 1
98 983 1
99 207 1
100 491 1
100 530 1
100 960 1
101 117 1
101 134 1
101 155 1
101 416 1
102 119 1
102 121 1
102 133 1
102 138 1
102 143 1
102 183 1
103 130 1
103 131 1
103 158 1
103 160 1
103 752 1
103 872 1
104 140 1
104 147 1
104 875 1
105 120 1
105 157 1
105 160 1
105 182 1
105 188 1
105 245 1
106 107 1
106 146 1
106 174 1
106 838 1
107 113 1
107 126 1
107 154 1
107 186 1
107 198 1
108 156 1
108 168 1
108 182 1
108 190 1
109 161 1
109 165 1
109 173 1
109 185 1
109 422 1
110 115 1
110 126 1
110 134 1
110 148 1
110 157 1
110 190 1
110 211 1
111 130 1
111 156 1
111 164 1
111 192 1
111 195 1
111 208 1
111 333 1
111 416 1
112 130 1
112 152 1
112 194 1
112 197 1
112 200 1
112 569 1
112 875 1
113 119 1
113 506 1
113 847 1
114 127 1
114 149 1
114 150 1
114 157 1
114 184 1
114 188 1
114 235 1
114 446 1
114 704 1
115 126 1
115 171 1
115 176 1
115 602 1
115 622 1
116 118 1
116 120 1
116 130 1
116 158 1
116 163 1
116 164 1
116 167 1
116 695 1
116 857 1
117 149 1
117 170 1
117 472 1
117 826 1
118 119 1
118 126 1
118 138 1
118 140 1
118 150 1
118 151 1
118 173 1
118 179 1
118 184 1
118 191 1
118 515 1
119 121 1
119 146 1
119 166 1
119 168 1
119 200 1
119 232 1
120 124 1
120 134 1
120 165 1
120 178 1
120 188 1
120 472 1
121 148 1
121 176 1
121 955 1
122 148 1
122 172 1
123 171 1
123 472 1
123 981 1
124 163 1
124 171 1
124 176 1
124 198 1
124 775 1
125 140 1
125 143 1
125 149 1
125 168 1
125 195 1
126 132 1
126 135 1
126 165 1
126 198 1
126 419 1
126 620 1
127 129 1
127 165 1
127 191 1
127 200 1
127 394 1
127 528 1
127 607 1
128 130 1
128 131 1
128 161 1
128 162 1
128 191 1
128 194 1
129 133 1
129 143 1
129 152 1
129 162 1
129 174 1
129 178 1
129 180 1
129 182 1
129 190 1
129 198 1
129 532 1
129 568 1
129 743 1
130 141 1
130 158 1
130 175 1
130 181 1
130 185 1
130 411 1
131 148 1
131 164 1
131 175 1
131 202 1
131 834 1
131 926 1
132 143 1
132 150 1
132 154 1
132 157 1
132 179 1
133 138 1
133 148 1
133 160 1
133 324 1
133 508 1
133 717 1
133 827 1
134 142 1
134 145 1
134 915 1
135 149 1
135 172 1
136 166 1
136 173 1
136 185 1
136 198 1
136 297 1
136 330 1
136 369 1
136 937 1
137 175 1
137 195 1
137 276 1
137 423 1
137 518 1
137 527 1
138 197 1
138 198 1
139 161 1
139 191 1
139 568 1
140 155 1
140 184 1
140 199 1
140 401 1
140 904 1
141 142 1
141 166 1
141 172 1
141 185 1
141 200 1
141 748 1
142 156 1
142 186 1
142 187 1
143 165 1
143 192 1
143 198 1
144 161 1
144 175 1
144 178 1
144 676 1
145 152 1
145 159 1
145 167 1
145 194 1
145 196 1
145 289 1
146 154 1
146 161 1
146 165 1
146 167 1
146 196 1
146 509 1
146 881 1
147 195 1
147 198 1
147 199 1
147 408 1
148 168 1
148 182 1
148 257 1
148 704 1
148 765 1
148 980 1
149 196 1
150 153 1
150 195 1
150 663 1
151 154 1
151 171 1
151 175 1
151 186 1
151 196 1
151 334 1
151 336 1
151 842 1
152 198 1
152 378 1
152 492 1
153 162 1
153 181 1
153 187 1
153 289 1
153 637 1
153 652 1
153 861 1
154 156 1
154 185 1
154 186 1
154 198 1
154 293 1
154 732 1
155 161 1
155 168 1
155 179 1
155 186 1
155 188 1
155 736 1
156 166 1
156 179 1
156 245 1
156 393 1
156 447 1
156 713 1
156 760 1
156 797 1
157 165 1
158 164 1
158 167 1
158 169 1
158 180 1
158 372 1
159 166 1
159 196 1
159 328 1
159 859 1
159 860 1
160 178 1
160 247 1
160 859 1
161 172 1
161 560 1
161 565 1
161 718 1
161 808 1
162 181 1
162 296 1
163 165 1
163 589 1
164 182 1
164 189 1
164 191 1
164 866 1
165 179 1
165 184 1
165 195 1
166 169 1
166 406 1
166 522 1
166 533 1
167 199 1
167 579 1
168 169 1
168 177 1
168 178 1
168 383 1
169 245 1
169 616 1
170 180 1
170 198 1
170 548 1
171 172 1
171 177 1
171 180 1
171 199 1
171 509 1
172 189 1
172 196 1
172 199 1
173 174 1
173 177 1
173 180 1
173 961 1
174 188 1
174 674 1
174 990 1
175 885 1
176 179 1
176 180 1
176 682 1
176 974 1
177 192 1
177 793 1
178 185 1
178 430 1
178 646 1
179 180 1
179 774 1
180 198 1
181 822 1
182 220 1
183 196 1
185 439 1
185 678 1
185 901 1
186 187 1
186 190 1
186 568 1
186 619 1
186 993 1
187 192 1
187 860 1
188 823 1
189 295 1
189 985 1
190 685 1
190 751 1
191 192 1
191 200 1
193 251 1
193 394 1
193 490 1
194 575 1
194 938 1
195 197 1
195 200 1
195 387 1
196 234 1
196 931 1
197 348 1
198 548 1
198 976 1
199 360 1
199 564 1
199 649 1
199 835 1
200 535 1
200 846 1
201 228 1
201 235 1
201 265 1
201 776 1
202 223 1
202 230 1
202 246 1
202 312 1
203 211 1
203 278 1
203 286 1
203 287 1
203 296 1
203 300 1
203 886 1
204 239 1
204 253 1
204 287 1
204 778 1
205 251 1
205 294 1
205 754 1
206 222 1
206 224 1
206 259 1
206 280 1
206 357 1
206 543 1
206 730 1
206 982 1
207 246 1
207 261 1
207 294 1
207 536 1
207 987 1
208 262 1
208 271 1
209 239 1
209 291 1
210 221 1
210 232 1
210 244 1
210 246 1
210 331 1
210 888 1
211 227 1
211 253 1
211 277 1
211 349 1
212 240 1
212 252 1
212 278 1
212 986 1
213 240 1
213 243 1
213 249 1
213 291 1
213 954 1
214 247 1
214 258 1
214 289 1
215 284 1
215 293 1
215 296 1
216 574 1
216 751 1
217 242 1
217 243 1
217 259 1
217 273 1
217 292 1
217 296 1
218 231 1
218 239 1
218 249 1
218 251 1
218 290 1
219 220 1
219 258 1
219 294 1
219 895 1
220 254 1
220 291 1
220 405 1
220 924 1
220 975 1
221 272 1
221 286 1
221 862 1
222 234 1
222 288 1
222 294 1
223 227 1
223 235 1
223 260 1
223 265 1
223 300 1
224 259 1
224 300 1
224 385 1
224 585 1
225 266 1
225 298 1
225 332 1
225 931 1
225 935 1
225 981 1
226 236 1
226 237 1
226 272 1
226 273 1
226 277 1
226 306 1
226 635 1
226 762 1
227 248 1
227 265 1
227 288 1
227 303 1
228 235 1
228 244 1
228 257 1
228 281 1
228 296 1
228 365 1
229 230 1
229 241 1
229 243 1
229 247 1
229 289 1
229 296 1
230 278 1
230 287 1
230 294 1
230 322 1
231 238 1
231 242 1
231 246 1
231 250 1
231 260 1
231 263 1
231 281 1
231 547 1
231 666 1
232 237 1
232 242 1
232 266 1
232 721 1
232 828 1
232 909 1
233 244 1
233 280 1
233 298 1
233 299 1
233 428 1
233 766 1
234 335 1
234 720 1
235 260 1
235 276 1
235 284 1
235 305 1
236 242 1
236 249 1
236 374 1
236 645 1
236 720 1
236 932 1
237 260 1
237 263 1
237 281 1
237 821 1
238 239 1
238 254 1
238 256 1
238 264 1
238 285 1
238 571 1
239 241 1
239 254 1
239 261 1
239 271 1
239 943 1
240 253 1
240 268 1
240 284 1
240 293 1
241 242 1
241 250 1
241 262 1
241 269 1
241 287 1
241 293 1
241 629 1
242 251 1
242 265 1
242 281 1
242 547 1
242 656 1
243 261 1
243 272 1
243 276 1
243 281 1
243 969 1
244 274 1
244 292 1
244 295 1
244 403 1
244 450 1
245 246 1
245 250 1
245 717 1
246 260 1
246 286 1
246 289 1
246 617 1
246 825 1
247 250 1
247 283 1
247 293 1
248 300 1
248 619 1
249 284 1
249 287 1
250 283 1
250 826 1
250 864 1
251 291 1
251 296 1
251 673 1
251 731 1
252 253 1
252 264 1
252 275 1
252 284 1
252 296 1
253 270 1
253 802 1
253 872 1
254 297 1
255 421 1
255 480 1
255 777 1
256 275 1
257 278 1
258 293 1
258 295 1
258 297 1
258 298 1
258 383 1
258 396 1
258 441 1
258 672 1
259 267 1
259 287 1
260 272 1
260 299 1
260 832 1
261 269 1
261 270 1
261 279 1
261 286 1
261 289 1
261 397 1
261 721 1
262 286 1
262 300 1
262 692 1
262 758 1
263 265 1
263 327 1
263 470 1
264 267 1
264 278 1
264 376 1
264 412 1
265 275 1
265 285 1
265 450 1
267 270 1
267 286 1
267 290 1
267 297 1
267 926 1
267 938 1
268 297 1
268 303 1
268 339 1
268 941 1
269 282 1
269 720 1
270 280 1
270 293 1
270 298 1
270 394 1
271 325 1
271 765 1
272 293 1
272 299 1
272 525 1
273 287 1
273 290 1
273 293 1
274 368 1
275 287 1
275 294 1
275 414 1
276 290 1
276 578 1
276 651 1
276 713 1
277 296 1
277 458 1
277 952 1
277 963 1
278 573 1
279 381 1
282 521 1
283 332 1
283 540 1
284 293 1
285 292 1
285 946 1
285 994 1
286 290 1
287 577 1
287 661 1
288 451 1
288 615 1
289 365 1
289 562 1
289 763 1
290 363 1
290 415 1
290 563 1
290 580 1
290 689 1
291 294 1
292 788 1
293 970 1
294 296 1
294 310 1
295 726 1
295 772 1
295 819 1
296 811 1
297 551 1
299 691 1
299 912 1
300 339 1
300 478 1
301 317 1
301 330 1
301 335 1
301 820 1
302 309 1
302 312 1
302 343 1
302 601 1
302 662 1
302 730 1
302 738 1
303 304 1
303 305 1
303 307 1
303 336 1
303 341 1
303 345 1
303 373 1
303 381 1
303 392 1
303 399 1
303 400 1
304 360 1
304 362 1
304 534 1
304 676 1
304 928 1
305 339 1
305 347 1
305 351 1
305 376 1
305 387 1
305 619 1
306 318 1
306 328 1
306 358 1
306 360 1
306 368 1
306 395 1
306 399 1
306 632 1
306 640 1
306 669 1
306 833 1
306 905 1
307 310 1
307 315 1
307 323 1
307 343 1
307 346 1
307 359 1
307 375 1
307 377 1
307 384 1
307 386 1
307 399 1
308 348 1
308 354 1
308 393 1
308 470 1
309 314 1
309 323 1
309 329 1
309 366 1
309 379 1
310 318 1
310 329 1
310 335 1
310 346 1
310 361 1
310 614 1
310 853 1
311 320 1
311 329 1
311 333 1
311 345 1
311 357 1
311 609 1
311 998 1
312 317 1
312 331 1
312 397 1
313 340 1
313 375 1
313 379 1
313 727 1
313 992 1
314 318 1
314 321 1
314 376 1
314 377 1
315 321 1
315 730 1
315 858 1
315 861 1
316 325 1
316 338 1
316 343 1
316 347 1
316 355 1
316 365 1
316 376 1
316 726 1
317 330 1
317 334 1
317 336 1
317 353 1
317 355 1
317 357 1
317 358 1
317 368 1
317 381 1
317 389 1
317 396 1
317 772 1
317 947 1
318 350 1
318 367 1
318 370 1
318 382 1
318 393 1
318 692 1
319 354 1
319 384 1
320 322 1
320 331 1
320 365 1
320 367 1
320 372 1
320 383 1
320 855 1
321 339 1
321 349 1
321 369 1
321 382 1
321 460 1
321 468 1
321 749 1
322 339 1
322 391 1
322 400 1
322 880 1
322 950 1
323 334 1
323 339 1
323 351 1
323 622 1
323 720 1
323 827 1
324 331 1
324 334 1
324 336 1
324 337 1
324 362 1
324 474 1
324 760 1
325 334 1
325 349 1
325 356 1
325 380 1
325 392 1
325 746 1
326 350 1
326 359 1
326 363 1
326 369 1
326 747 1
326 749 1
327 329 1
327 339 1
327 358 1
327 369 1
327 372 1
327 391 1
327 396 1
327 527 1
327 569 1
328 331 1
328 350 1
328 351 1
328 364 1
328 694 1
329 365 1
329 374 1
329 397 1
329 926 1
330 340 1
330 344 1
330 351 1
330 372 1
330 374 1
330 379 1
330 385 1
330 500 1
331 337 1
331 358 1
331 365 1
331 385 1
331 824 1
332 338 1
332 347 1
332 427 1
332 770 1
333 347 1
333 351 1
333 384 1
333 970 1
334 337 1
334 361 1
335 356 1
335 364 1
335 375 1
335 382 1
335 383 1
335 390 1
336 342 1
336 356 1
336 368 1
336 384 1
337 607 1
337 625 1
337 809 1
338 374 1
338 378 1
338 500 1
339 368 1
339 389 1
339 719 1
340 341 1
340 356 1
340 368 1
340 370 1
341 355 1
341 359 1
341 366 1
341 374 1
341 430 1
341 535 1
341 618 1
342 351 1
342 356 1
342 377 1
342 746 1
342 784 1
343 349 1
343 350 1
343 371 1
343 375 1
343 382 1
343 397 1
343 863 1
344 347 1
344 351 1
344 352 1
344 353 1
344 371 1
344 388 1
344 398 1
344 435 1
345 348 1
345 366 1
345 368 1
345 375 1
345 379 1
345 925 1
346 365 1
346 372 1
346 375 1
346 480 1
346 726 1
347 350 1
347 363 1
347 376 1
347 787 1
347 959 1
348 369 1
348 389 1
348 409 1
348 426 1
348 690 1
348 770 1
349 370 1
349 545 1
349 784 1
349 875 1
350 366 1
350 504 1
350 943 1
351 368 1
352 358 1
352 363 1
352 374 1
352 383 1
352 397 1
352 529 1
352 536 1
352 581 1
352 894 1
353 371 1
353 381 1
353 502 1
354 387 1
355 391 1
355 394 1
355 398 1
355 763 1
356 651 1
356 678 1
356 681 1
356 800 1
357 365 1
357 380 1
358 390 1
358 414 1
358 582 1
358 726 1
359 898 1
359 919 1
359 930 1
360 396 1
360 499 1
361 391 1
361 420 1
361 426 1
361 977 1
362 393 1
362 533 1
363 384 1
363 716 1
364 614 1
364 840 1
365 381 1
365 389 1
365 399 1
365 928 1
366 387 1
366 388 1
366 399 1
367 381 1
367 880 1
368 493 1
368 561 1
368 787 1
369 370 1
369 394 1
369 397 1
370 382 1
370 391 1
370 397 1
370 700 1
370 921 1
371 375 1
371 379 1
371 380 1
371 399 1
371 690 1
371 919 1
371 968 1
372 378 1
372 394 1
372 400 1
372 740 1
373 785 1
374 381 1
374 391 1
374 712 1
374 887 1
375 377 1
375 380 1
375 384 1
375 390 1
375 393 1
376 397 1
377 386 1
377 829 1
378 542 1
378 641 1
378 746 1
379 394 1
379 451 1
379 551 1
380 537 1
380 656 1
381 859 1
382 511 1
383 391 1
384 581 1
385 388 1
385 389 1
385 400 1
385 860 1
385 923 1
386 644 1
387 399 1
387 798 1
388 392 1
388 394 1
389 795 1
390 399 1
391 411 1
392 397 1
392 398 1
392 682 1
392 841 1
393 492 1
393 931 1
394 400 1
395 808 1
395 876 1
396 399 1
396 794 1
397 901 1
398 485 1
400 537 1
401 402 1
401 424 1
401 427 1
401 449 1
401 497 1
401 499 1
402 426 1
402 452 1
402 466 1
402 482 1
403 409 1
403 410 1
403 423 1
403 442 1
403 443 1
403 445 1
403 477 1
403 497 1
404 409 1
404 448 1
404 457 1
404 463 1
404 487 1
404 491 1
405 406 1
405 413 1
405 463 1
405 494 1
406 433 1
406 450 1
406 498 1
407 443 1
407 453 1
407 459 1
407 480 1
407 486 1
407 488 1
407 491 1
407 672 1
407 869 1
407 901 1
408 433 1
408 449 1
408 455 1
408 459 1
408 467 1
408 488 1
408 550 1
408 712 1
409 425 1
409 429 1
409 437 1
409 440 1
409 484 1
409 554 1
410 477 1
410 478 1
410 484 1
410 712 1
410 754 1
410 951 1
411 437 1
411 458 1
411 475 1
411 492 1
411 494 1
411 517 1
412 462 1
412 472 1
413 449 1
413 459 1
413 473 1
413 482 1
413 833 1
414 455 1
414 484 1
414 490 1
415 430 1
415 435 1
415 457 1
415 464 1
415 469 1
415 499 1
415 898 1
416 455 1
416 466 1
416 469 1
416 493 1
416 673 1
417 419 1
417 422 1
417 448 1
417 477 1
417 500 1
418 431 1
418 436 1
418 470 1
418 473 1
418 491 1
418 496 1
418 497 1
419 427 1
419 488 1
419 514 1
420 426 1
420 437 1
420 439 1
420 599 1
420 813 1
421 438 1
421 444 1
421 453 1
421 462 1
421 473 1
421 484 1
421 486 1
421 690 1
422 427 1
422 433 1
422 440 1
422 455 1
422 471 1
422 483 1
423 476 1
423 478 1
423 490 1
423 498 1
423 555 1
423 785 1
423 905 1
423 995 1
424 448 1
424 473 1
424 488 1
424 496 1
424 497 1
424 620 1
424 682 1
424 908 1
425 430 1
425 443 1
425 466 1
425 965 1
426 430 1
426 434 1
426 440 1
426 468 1
426 482 1
426 485 1
426 750 1
426 758 1
427 442 1
427 480 1
427 735 1
427 848 1
427 921 1
427 934 1
428 429 1
428 442 1
428 443 1
428 460 1
428 485 1
428 488 1
428 695 1
428 903 1
429 431 1
429 435 1
429 458 1
429 485 1
429 487 1
430 439 1
430 450 1
430 493 1
430 751 1
430 1000 1
431 443 1
431 454 1
431 805 1
432 436 1
432 472 1
433 437 1
433 462 1
433 476 1
433 497 1
434 456 1
434 460 1
434 483 1
435 462 1
435 475 1
435 478 1
435 495 1
436 446 1
436 447 1
436 477 1
436 495 1
437 445 1
437 468 1
437 636 1
438 460 1
438 491 1
438 494 1
438 956 1
439 440 1
439 452 1
440 483 1
441 457 1
441 489 1
441 497 1
442 476 1
442 480 1
442 925 1
443 466 1
443 496 1
443 520 1
444 450 1
444 454 1
444 461 1
444 467 1
444 475 1
444 487 1
444 495 1
444 620 1
445 462 1
445 820 1
446 462 1
446 464 1
446 631 1
446 632 1
447 474 1
448 469 1
448 485 1
449 569 1
449 633 1
449 695 1
450 476 1
451 453 1
451 454 1
451 464 1
451 478 1
451 577 1
452 467 1
452 479 1
452 481 1
452 483 1
452 490 1
453 455 1
453 465 1
453 474 1
453 475 1
453 478 1
453 485 1
453 489 1
454 476 1
454 480 1
454 594 1
455 697 1
456 487 1
456 489 1
456 498 1
456 580 1
456 819 1
457 473 1
457 481 1
457 495 1
457 736 1
458 484 1
458 935 1
460 467 1
460 491 1
460 823 1
460 918 1
461 475 1
461 959 1
462 472 1
462 489 1
462 935 1
463 467 1
463 471 1
463 482 1
463 495 1
463 637 1
463 827 1
464 910 1
465 549 1
465 605 1
466 474 1
466 490 1
466 935 1
467 490 1
467 493 1
467 498 1
467 638 1
468 482 1
468 611 1
468 961 1
469 476 1
469 487 1
469 492 1
469 573 1
469 600 1
470 471 1
470 484 1
470 632 1
471 477 1
471 490 1
473 475 1
473 492 1
473 497 1
473 735 1
473 934 1
474 493 1
474 551 1
474 721 1
474 927 1
475 498 1
477 492 1
477 500 1
477 938 1
478 487 1
478 492 1
478 820 1
478 871 1
479 482 1
480 494 1
481 483 1
481 782 1
481 855 1
482 495 1
484 841 1
485 496 1
486 498 1
487 556 1
489 491 1
489 697 1
489 776 1
490 493 1
492 499 1
494 497 1
495 803 1
496 924 1
497 498 1
497 616 1
498 808 1
499 640 1
500 560 1
500 769 1
500 959 1
501 546 1
501 563 1
501 573 1
501 576 1
501 577 1
501 581 1
501 596 1
501 600 1
501 702 1
502 518 1
502 540 1
502 574 1
502 582 1
502 585 1
502 595 1
503 525 1
503 528 1
503 540 1
503 553 1
503 562 1
503 574 1
503 579 1
503 588 1
503 879 1
504 510 1
504 517 1
504 539 1
504 557 1
504 595 1
504 597 1
504 600 1
504 722 1
505 514 1
505 518 1
505 543 1
505 551 1
505 568 1
505 583 1
505 831 1
506 547 1
506 550 1
506 552 1
506 566 1
506 584 1
506 594 1
506 876 1
507 519 1
507 535 1
507 545 1
507 572 1
507 579 1
507 599 1
507 800 1
508 539 1
508 543 1
508 560 1
508 970 1
509 554 1
509 588 1
509 589 1
510 520 1
510 521 1
510 528 1
510 572 1
510 592 1
511 524 1
511 532 1
511 534 1
511 545 1
511 800 1
512 513 1
512 545 1
512 569 1
512 573 1
512 741 1
512 877 1
512 986 1
513 531 1
513 534 1
513 545 1
513 553 1
513 557 1
513 562 1
513 563 1
513 578 1
513 581 1
513 595 1
513 975 1
514 522 1
514 531 1
514 553 1
514 569 1
514 586 1
514 589 1
514 592 1
514 599 1
515 525 1
515 571 1
515 574 1
515 592 1
515 598 1
516 545 1
516 562 1
516 563 1
516 584 1
516 594 1
517 548 1
517 555 1
517 556 1
517 569 1
517 595 1
517 883 1
517 967 1
518 542 1
518 555 1
518 592 1
518 980 1
519 550 1
519 587 1
519 595 1
520 533 1
520 536 1
520 563 1
520 568 1
520 578 1
520 580 1
521 531 1
521 567 1
521 573 1
521 973 1
522 535 1
522 540 1
522 544 1
522 550 1
522 551 1
522 557 1
522 640 1
522 940 1
523 534 1
523 547 1
523 552 1
523 570 1
523 628 1
523 807 1
523 809 1
524 531 1
524 543 1
524 561 1
524 562 1
525 544 1
525 574 1
525 581 1
525 583 1
525 755 1
526 545 1
526 564 1
526 596 1
526 955 1
527 539 1
527 599 1
528 531 1
528 789 1
528 842 1
529 538 1
529 596 1
529 822 1
529 949 1
530 555 1
530 566 1
530 568 1
531 532 1
531 562 1
531 574 1
531 585 1
531 806 1
532 560 1
532 574 1
532 580 1
532 591 1
532 592 1
532 598 1
532 728 1
532 947 1
533 550 1
533 552 1
533 564 1
534 554 1
534 593 1
534 594 1
535 538 1
535 540 1
535 562 1
535 570 1
535 773 1
536 544 1
536 563 1
536 564 1
536 576 1
536 589 1
536 594 1
536 972 1
537 553 1
537 564 1
537 579 1
537 593 1
537 674 1
537 735 1
537 754 1
538 546 1
538 583 1
538 592 1
538 594 1
538 599 1
538 690 1
538 862 1
538 911 1
539 579 1
539 589 1
539 593 1
540 546 1
540 577 1
540 593 1
540 610 1
541 576 1
541 594 1
541 595 1
541 829 1
542 553 1
542 571 1
543 545 1
543 555 1
543 586 1
543 598 1
543 701 1
543 861 1
543 871 1
543 996 1
544 553 1
544 554 1
544 575 1
544 587 1
544 591 1
544 938 1
545 558 1
545 560 1
545 564 1
545 574 1
545 576 1
545 578 1
545 582 1
545 672 1
546 581 1
546 590 1
547 573 1
547 600 1
548 552 1
548 555 1
548 563 1
548 580 1
548 806 1
549 556 1
549 696 1
549 784 1
549 893 1
550 562 1
550 593 1
551 552 1
551 553 1
551 554 1
551 586 1
551 596 1
551 766 1
552 582 1
553 560 1
553 569 1
553 575 1
553 593 1
553 596 1
553 765 1
554 570 1
554 593 1
554 922 1
555 569 1
555 941 1
556 569 1
556 815 1
557 565 1
557 580 1
557 581 1
557 583 1
557 588 1
558 562 1
558 576 1
558 600 1
559 592 1
559 594 1
560 569 1
560 593 1
560 836 1
560 911 1
561 584 1
562 580 1
562 591 1
564 567 1
565 575 1
565 590 1
565 812 1
565 974 1
566 857 1
567 570 1
567 582 1
567 591 1
567 777 1
568 586 1
569 571 1
569 775 1
570 572 1
570 587 1
570 665 1
571 590 1
573 580 1
573 582 1
573 828 1
574 652 1
574 793 1
574 872 1
575 584 1
575 595 1
575 813 1
575 907 1
576 724 1
577 669 1
578 579 1
578 589 1
578 594 1
578 606 1
579 950 1
580 589 1
580 591 1
580 592 1
581 599 1
581 675 1
581 703 1
582 585 1
582 591 1
583 888 1
585 586 1
585 592 1
585 593 1
587 589 1
588 599 1
588 907 1
589 780 1
589 964 1
590 900 1
592 659 1
593 595 1
593 830 1
593 867 1
594 595 1
594 828 1
596 945 1
598 915 1
600 618 1
600 771 1
600 889 1
601 876 1
602 606 1
602 638 1
602 656 1
603 676 1
603 686 1
604 634 1
604 660 1
604 683 1
604 713 1
605 619 1
605 632 1
605 680 1
605 694 1
605 731 1
606 641 1
606 659 1
606 665 1
606 670 1
606 679 1
606 689 1
606 692 1
607 615 1
607 619 1
607 626 1
607 663 1
607 665 1
607 904 1
608 609 1
608 610 1
608 611 1
608 626 1
608 690 1
608 692 1
608 700 1
609 641 1
609 649 1
609 694 1
609 715 1
610 627 1
610 631 1
610 685 1
610 820 1
611 619 1
611 627 1
611 631 1
611 657 1
611 677 1
611 682 1
611 698 1
611 724 1
613 676 1
613 688 1
613 982 1
614 615 1
614 660 1
614 680 1
614 684 1
615 631 1
615 639 1
615 647 1
615 683 1
615 697 1
616 646 1
616 674 1
616 684 1
616 688 1
616 693 1
616 912 1
617 626 1
617 630 1
617 632 1
617 670 1
617 683 1
617 685 1
617 752 1
617 901 1
618 647 1
618 653 1
618 675 1
618 693 1
619 680 1
619 681 1
619 836 1
620 622 1
620 645 1
620 649 1
620 658 1
620 667 1
620 691 1
620 898 1
621 630 1
621 637 1
621 647 1
621 683 1
621 693 1
622 678 1
622 884 1
623 628 1
623 629 1
623 643 1
623 656 1
623 668 1
623 673 1
623 681 1
623 812 1
624 643 1
624 662 1
624 682 1
624 685 1
624 689 1
624 768 1
625 629 1
625 641 1
625 642 1
625 645 1
625 694 1
625 695 1
626 666 1
626 683 1
626 692 1
627 635 1
627 646 1
627 697 1
627 700 1
627 791 1
628 635 1
628 668 1
628 840 1
629 637 1
629 643 1
629 648 1
629 687 1
629 691 1
629 899 1
629 912 1
630 636 1
630 660 1
631 641 1
631 652 1
631 668 1
631 694 1
632 635 1
632 638 1
632 645 1
632 646 1
632 683 1
632 687 1
632 692 1
632 705 1
632 802 1
633 655 1
633 660 1
633 668 1
633 670 1
633 675 1
633 684 1
633 690 1
633 756 1
634 665 1
636 678 1
636 782 1
637 659 1
637 664 1
637 681 1
638 643 1
638 648 1
638 693 1
638 872 1
640 662 1
640 669 1
640 671 1
640 682 1
640 685 1
640 698 1
641 649 1
641 667 1
641 669 1
641 687 1
641 698 1
641 727 1
642 676 1
642 681 1
643 647 1
643 678 1
643 691 1
643 699 1
643 736 1
644 660 1
644 670 1
644 680 1
644 683 1
644 693 1
644 695 1
644 860 1
644 954 1
645 657 1
645 671 1
645 686 1
645 821 1
646 677 1
646 763 1
646 827 1
647 652 1
647 657 1
647 675 1
647 693 1
647 857 1
647 992 1
648 684 1
648 695 1
648 773 1
649 662 1
649 768 1
650 671 1
650 695 1
650 849 1
650 864 1
651 652 1
651 676 1
651 691 1
651 730 1
652 653 1
652 668 1
652 679 1
653 673 1
653 674 1
653 688 1
653 689 1
653 697 1
653 700 1
653 751 1
654 667 1
654 683 1
654 684 1
654 687 1
655 848 1
656 685 1
656 798 1
656 806 1
657 674 1
658 662 1
658 685 1
658 763 1
658 835 1
658 914 1
659 665 1
659 676 1
659 677 1
659 694 1
659 926 1
659 951 1
659 979 1
660 672 1
661 696 1
661 698 1
661 901 1
662 671 1
662 697 1
662 698 1
662 718 1
662 891 1
662 930 1
663 685 1
663 689 1
663 691 1
664 676 1
666 681 1
666 685 1
667 849 1
668 673 1
668 683 1
669 681 1
669 696 1
669 698 1
669 848 1
670 743 1
670 758 1
670 994 1
671 682 1
671 801 1
672 684 1
672 700 1
672 839 1
672 949 1
673 682 1
673 686 1
673 944 1
674 690 1
675 676 1
675 679 1
676 784 1
676 845 1
677 691 1
677 696 1
677 699 1
678 699 1
678 726 1
678 782 1
678 881 1
680 700 1
680 981 1
681 684 1
684 961 1
685 688 1
690 822 1
690 901 1
693 865 1
695 697 1
698 809 1
700 711 1
700 822 1
701 705 1
701 712 1
701 721 1
701 726 1
701 752 1
701 760 1
701 777 1
701 790 1
701 846 1
702 711 1
702 719 1
702 722 1
702 730 1
702 763 1
702 775 1
702 778 1
702 785 1
702 890 1
703 725 1
703 726 1
703 769 1
703 788 1
703 846 1
703 978 1
704 707 1
704 747 1
704 765 1
704 792 1
704 873 1
705 723 1
705 731 1
705 740 1
705 755 1
705 768 1
705 780 1
705 783 1
706 722 1
706 796 1
707 709 1
707 736 1
707 740 1
707 756 1
708 746 1
708 749 1
708 754 1
708 800 1
708 807 1
709 750 1
709 766 1
709 768 1
709 798 1
710 716 1
710 717 1
710 761 1
710 773 1
710 776 1
711 714 1
711 738 1
711 742 1
711 747 1
711 757 1
711 795 1
712 729 1
712 738 1
712 750 1
712 761 1
712 768 1
712 774 1
712 798 1
713 718 1
713 722 1
713 727 1
713 734 1
713 747 1
713 749 1
713 800 1
714 741 1
714 743 1
714 792 1
715 731 1
715 764 1
715 767 1
715 777 1
715 779 1
715 793 1
716 724 1
716 728 1
716 743 1
717 720 1
717 727 1
717 731 1
717 762 1
717 771 1
718 719 1
718 734 1
718 745 1
718 746 1
718 772 1
719 728 1
719 751 1
720 723 1
720 762 1
720 767 1
720 772 1
720 777 1
720 799 1
722 724 1
722 761 1
722 796 1
722 980 1
722 1000 1
723 732 1
723 761 1
723 762 1
724 725 1
724 738 1
724 749 1
724 774 1
724 795 1
724 800 1
725 747 1
725 753 1
725 788 1
725 931 1
726 727 1
726 760 1
726 907 1
727 728 1
727 787 1
728 778 1
728 785 1
728 786 1
729 768 1
730 746 1
730 749 1
730 760 1
730 762 1
730 993 1
731 739 1
731 747 1
731 755 1
731 766 1
731 774 1
731 782 1
731 872 1
731 887 1
732 759 1
732 770 1
733 747 1
733 767 1
733 775 1
733 795 1
734 743 1
734 761 1
734 765 1
734 768 1
734 774 1
734 781 1
734 789 1
735 757 1
735 781 1
736 751 1
736 923 1
737 742 1
737 753 1
737 755 1
737 789 1
737 882 1
738 755 1
738 765 1
738 767 1
738 835 1
738 882 1
739 749 1
739 771 1
739 777 1
739 796 1
740 741 1
740 756 1
740 799 1
741 791 1
741 794 1
741 865 1
742 745 1
742 752 1
742 764 1
742 770 1
742 786 1
742 796 1
742 798 1
742 900 1
743 749 1
743 753 1
744 752 1
744 755 1
744 759 1
744 788 1
744 798 1
744 903 1
745 756 1
745 757 1
745 782 1
745 796 1
745 800 1
746 774 1
746 798 1
747 775 1
747 794 1
747 800 1
747 812 1
747 970 1
748 768 1
748 794 1
748 799 1
748 975 1
749 756 1
749 757 1
750 758 1
750 781 1
750 800 1
751 793 1
752 763 1
752 780 1
752 787 1
753 755 1
753 855 1
753 899 1
753 993 1
754 778 1
755 799 1
756 769 1
756 791 1
757 764 1
757 786 1
757 800 1
757 907 1
758 786 1
759 770 1
759 774 1
760 771 1
760 784 1
760 794 1
760 799 1
761 763 1
761 775 1
762 799 1
763 783 1
764 766 1
764 771 1
764 778 1
764 793 1
765 783 1
765 941 1
766 796 1
766 800 1
766 993 1
767 774 1
767 777 1
768 777 1
768 791 1
769 790 1
769 799 1
770 775 1
770 780 1
770 795 1
770 798 1
771 784 1
771 788 1
771 870 1
771 886 1
771 897 1
771 981 1
772 774 1
772 790 1
772 791 1
772 800 1
773 779 1
773 785 1
773 794 1
773 857 1
774 776 1
774 781 1
775 781 1
775 789 1
775 873 1
775 888 1
776 788 1
776 935 1
777 788 1
778 949 1
779 781 1
779 792 1
779 896 1
780 914 1
781 799 1
786 789 1
786 798 1
787 825 1
787 931 1
788 790 1
789 986 1
790 794 1
790 814 1
791 795 1
791 952 1
792 974 1
792 984 1
793 961 1
794 997 1
799 938 1
801 806 1
801 853 1
801 867 1
802 875 1
803 805 1
803 830 1
803 850 1
803 855 1
803 871 1
804 818 1
804 843 1
804 845 1
804 860 1
804 869 1
804 884 1
805 834 1
805 842 1
805 851 1
805 865 1
806 841 1
806 845 1
806 859 1
806 890 1
806 891 1
807 837 1
807 851 1
807 854 1
807 864 1
807 893 1
808 825 1
808 859 1
808 883 1
808 888 1
808 891 1
808 892 1
809 868 1
809 870 1
809 878 1
810 830 1
810 870 1
810 900 1
810 991 1
811 843 1
811 883 1
811 886 1
812 827 1
812 862 1
812 868 1
812 879 1
812 887 1
812 907 1
813 891 1
813 944 1
814 838 1
814 855 1
814 858 1
814 894 1
815 829 1
815 835 1
815 858 1
816 841 1
816 845 1
816 860 1
816 862 1
816 888 1
816 911 1
817 826 1
817 844 1
817 866 1
817 874 1
817 875 1
817 878 1
817 899 1
818 856 1
818 860 1
818 875 1
818 877 1
818 890 1
819 854 1
819 858 1
819 896 1
820 865 1
820 891 1
821 834 1
821 849 1
821 852 1
821 876 1
821 877 1
821 889 1
821 891 1
822 848 1
822 866 1
822 883 1
822 898 1
822 975 1
823 827 1
823 880 1
823 888 1
823 930 1
824 838 1
824 844 1
824 866 1
824 889 1
825 837 1
825 844 1
826 830 1
826 852 1
826 877 1
826 879 1
826 888 1
827 869 1
827 884 1
828 846 1
829 841 1
829 851 1
829 864 1
829 871 1
829 877 1
830 834 1
830 863 1
831 841 1
831 843 1
831 854 1
831 858 1
831 896 1
832 850 1
832 874 1
833 859 1
833 873 1
833 898 1
833 906 1
834 860 1
834 862 1
834 870 1
834 904 1
835 852 1
835 874 1
836 872 1
836 982 1
837 857 1
837 871 1
837 889 1
837 898 1
838 850 1
838 874 1
838 887 1
838 979 1
839 843 1
839 857 1
839 861 1
839 862 1
839 898 1
840 852 1
840 853 1
840 854 1
840 872 1
840 876 1
840 893 1
841 855 1
841 881 1
841 890 1
841 897 1
841 947 1
842 846 1
842 852 1
842 897 1
843 857 1
843 861 1
843 863 1
843 867 1
843 876 1
844 870 1
844 890 1
845 850 1
845 972 1
846 851 1
846 873 1
847 848 1
847 899 1
848 978 1
849 862 1
849 894 1
850 859 1
850 864 1
850 870 1
850 888 1
850 889 1
851 855 1
851 881 1
851 893 1
851 899 1
852 863 1
852 871 1
852 874 1
852 885 1
852 886 1
852 895 1
853 857 1
853 879 1
853 882 1
853 885 1
854 889 1
855 858 1
855 870 1
855 890 1
856 877 1
857 898 1
858 881 1
859 870 1
859 875 1
860 895 1
861 866 1
861 868 1
861 870 1
862 865 1
862 879 1
863 872 1
863 891 1
864 883 1
864 892 1
865 866 1
865 871 1
865 872 1
865 876 1
865 891 1
865 893 1
866 883 1
867 896 1
867 922 1
868 876 1
871 888 1
872 879 1
872 893 1
874 886 1
875 882 1
876 882 1
876 895 1
877 878 1
878 883 1
881 899 1
883 892 1
884 888 1
884 900 1
886 896 1
886 991 1
888 891 1
890 898 1
892 897 1
893 896 1
899 945 1
901 911 1
901 922 1
901 949 1
901 976 1
902 932 1
902 951 1
902 1000 1
903 971 1
903 1000 1
904 906 1
904 920 1
904 921 1
904 934 1
904 951 1
904 954 1
904 983 1
904 995 1
905 907 1
905 923 1
906 942 1
906 945 1
906 950 1
906 965 1
906 994 1
906 1000 1
907 917 1
907 956 1
907 966 1
907 971 1
907 985 1
908 942 1
908 990 1
908 997 1
908 999 1
909 914 1
909 929 1
909 934 1
909 970 1
909 974 1
909 993 1
909 1000 1
910 932 1
910 933 1
910 992 1
911 941 1
911 956 1
912 927 1
912 932 1
912 962 1
912 989 1
913 926 1
913 963 1
913 978 1
914 916 1
914 950 1
914 988 1
915 919 1
915 942 1
915 976 1
915 985 1
915 989 1
915 999 1
916 939 1
916 942 1
916 949 1
916 971 1
916 972 1
917 945 1
917 971 1
917 975 1
917 983 1
917 990 1
917 997 1
918 932 1
918 937 1
918 965 1
918 969 1
919 948 1
920 929 1
920 944 1
920 971 1
920 989 1
921 928 1
921 961 1
921 991 1
922 929 1
922 933 1
922 967 1
922 974 1
922 998 1
923 977 1
923 995 1
923 999 1
924 959 1
924 970 1
924 971 1
924 982 1
925 942 1
925 959 1
926 931 1
926 945 1
926 959 1
926 963 1
927 967 1
927 969 1
927 976 1
927 982 1
927 994 1
928 940 1
928 956 1
928 985 1
929 960 1
930 932 1
930 968 1
931 945 1
931 949 1
931 976 1
931 982 1
931 994 1
932 958 1
932 984 1
932 992 1
933 950 1
933 951 1
933 969 1
933 998 1
933 999 1
934 946 1
934 963 1
935 945 1
935 962 1
935 963 1
935 971 1
935 972 1
935 976 1
935 989 1
936 945 1
936 958 1
936 964 1
936 970 1
937 946 1
937 962 1
937 966 1
937 976 1
937 978 1
938 944 1
938 960 1
938 963 1
938 969 1
938 995 1
940 959 1
940 980 1
941 994 1
942 985 1
942 986 1
942 992 1
942 993 1
942 999 1
943 958 1
943 960 1
943 971 1
943 984 1
944 958 1
944 986 1
944 991 1
945 991 1
946 985 1
947 958 1
947 959 1
947 965 1
947 996 1
947 999 1
948 957 1
948 967 1
948 970 1
948 972 1
949 967 1
949 991 1
949 997 1
950 969 1
950 972 1
951 964 1
951 989 1
952 981 1
952 993 1
953 960 1
953 993 1
954 956 1
955 956 1
955 959 1
955 976 1
955 994 1
956 965 1
956 985 1
957 998 1
958 979 1
958 985 1
958 994 1
959 972 1
959 980 1
959 992 1
960 965 1
960 981 1
961 974 1
962 976 1
962 980 1
962 983 1
963 970 1
963 973 1
963 983 1
963 989 1
963 994 1
964 998 1
965 991 1
965 995 1
965 996 1
966 973 1
966 976 1
966 989 1
967 968 1
967 973 1
967 977 1
968 976 1
968 983 1
968 987 1
969 999 1
970 985 1
971 976 1
972 987 1
973 974 1
973 984 1
973 986 1
973 999 1
973 1000 1
974 984 1
974 994 1
975 995 1
976 982 1
977 981 1
978 983 1
978 985 1
978 995 1
978 998 1
979 988 1
979 997 1
980 992 1
981 988 1
981 999 1
982 987 1
985 998 1
986 992 1
986 998 1
987 997 1
989 995 1
991 996 1
992 995 1
995 998 1
