1000 3267
1 66 1
1 398 1
2 4 1
2 38 1
2 44 1
2 53 1
2 73 1
3 13 1
3 17 1
3 19 1
3 27 1
3 38 1
3 64 1
3 74 1
3 92 1
4 12 1
4 34 1
4 51 1
4 77 1
4 92 1
4 163 1
4 269 1
4 418 1
4 564 1
4 672 1
5 6 1
5 10 1
5 38 1
5 63 1
5 86 1
5 95 1
5 97 1
6 15 1
6 31 1
6 49 1
6 58 1
7 14 1
7 38 1
7 94 1
7 98 1
7 161 1
7 349 1
7 421 1
8 16 1
8 35 1
8 59 1
8 93 1
8 100 1
8 142 1
8 399 1
8 589 1
8 658 1
9 59 1
9 69 1
9 639 1
9 649 1
9 943 1
10 37 1
10 39 1
10 48 1
11 15 1
11 21 1
11 26 1
11 50 1
11 71 1
11 73 1
12 16 1
12 35 1
12 50 1
12 60 1
12 70 1
12 100 1
12 665 1
12 754 1
12 793 1
13 14 1
13 86 1
13 90 1
13 516 1
13 834 1
14 25 1
14 31 1
14 36 1
14 41 1
14 55 1
14 72 1
14 84 1
14 211 1
14 289 1
14 751 1
15 30 1
15 37 1
15 54 1
15 57 1
15 58 1
15 176 1
15 204 1
15 674 1
15 868 1
16 55 1
16 85 1
16 98 1
16 422 1
17 38 1
17 721 1
18 23 1
18 26 1
18 39 1
18 51 1
18 67 1
18 77 1
18 93 1
19 32 1
19 35 1
19 42 1
19 55 1
19 67 1
19 72 1
20 38 1
20 96 1
20 260 1
21 52 1
21 192 1
21 759 1
22 35 1
22 37 1
22 47 1
22 55 1
22 60 1
22 76 1
23 29 1
23 31 1
23 37 1
23 69 1
23 85 1
23 91 1
23 265 1
23 652 1
24 25 1
24 31 1
24 71 1
24 79 1
24 83 1
24 698 1
25 34 1
25 35 1
25 58 1
25 74 1
25 80 1
25 94 1
25 100 1
25 238 1
25 365 1
26 29 1
26 84 1
26 98 1
26 401 1
26 770 1
27 86 1
27 202 1
28 90 1
28 91 1
28 135 1
28 521 1
28 908 1
29 36 1
29 38 1
29 75 1
29 98 1
29 142 1
29 147 1
29 526 1
29 685 1
30 44 1
30 78 1
30 86 1
30 190 1
30 481 1
30 985 1
31 37 1
31 76 1
31 82 1
31 95 1
31 609 1
32 37 1
32 52 1
32 79 1
32 97 1
32 242 1
33 44 1
33 73 1
33 120 1
33 207 1
34 50 1
34 53 1
34 62 1
34 94 1
35 57 1
35 69 1
35 90 1
35 265 1
36 37 1
36 43 1
36 54 1
36 263 1
36 289 1
36 912 1
36 993 1
37 56 1
37 95 1
37 416 1
37 574 1
37 979 1
38 72 1
38 479 1
39 46 1
39 49 1
39 57 1
39 86 1
39 94 1
39 124 1
39 279 1
40 52 1
40 58 1
40 63 1
40 379 1
40 997 1
41 80 1
41 208 1
41 410 1
41 772 1
41 787 1
42 72 1
42 74 1
42 76 1
42 109 1
42 416 1
43 82 1
43 92 1
43 95 1
43 365 1
44 60 1
44 64 1
44 68 1
44 85 1
45 85 1
45 92 1
45 677 1
45 819 1
46 73 1
46 85 1
46 96 1
48 67 1
48 86 1
48 318 1
48 540 1
49 51 1
49 70 1
49 76 1
49 89 1
49 170 1
50 62 1
50 69 1
50 73 1
50 74 1
50 235 1
52 65 1
52 73 1
52 744 1
53 93 1
53 98 1
54 66 1
54 83 1
54 90 1
54 91 1
54 98 1
54 260 1
54 434 1
55 69 1
55 70 1
55 498 1
56 77 1
56 84 1
57 86 1
57 383 1
57 501 1
57 990 1
59 66 1
59 91 1
59 94 1
59 278 1
59 418 1
60 78 1
60 82 1
60 96 1
60 99 1
60 287 1
60 464 1
60 634 1
60 647 1
62 76 1
62 79 1
62 80 1
62 84 1
62 883 1
63 65 1
63 72 1
63 88 1
63 174 1
63 564 1
64 824 1
65 90 1
66 95 1
67 72 1
67 457 1
67 961 1
67 963 1
68 485 1
69 84 1
69 90 1
69 95 1
69 631 1
70 586 1
70 662 1
70 665 1
70 791 1
71 82 1
72 267 1
72 341 1
72 344 1
72 480 1
72 794 1
74 80 1
74 468 1
75 76 1
75 90 1
75 97 1
75 166 1
76 82 1
76 87 1
76 92 1
77 82 1
77 92 1
78 459 1
78 864 1
79 82 1
79 90 1
79 872 1
80 82 1
80 92 1
80 231 1
80 388 1
81 85 1
81 98 1
81 99 1
81 326 1
81 525 1
81 540 1
82 85 1
82 97 1
82 223 1
82 641 1
82 968 1
82 970 1
83 175 1
83 348 1
83 631 1
83 992 1
84 93 1
84 99 1
84 509 1
84 573 1
84 865 1
85 90 1
85 597 1
86 93 1
86 97 1
87 89 1
87 97 1
87 444 1
87 552 1
88 91 1
88 362 1
88 895 1
89 91 1
90 128 1
90 311 1
90 838 1
91 94 1
93 576 1
94 627 1
95 761 1
95 852 1
96 883 1
97 98 1
97 452 1
97 747 1
98 842 1
98 845 1
99 260 1
100 199 1
100 496 1
100 751 1
100 819 1
100 922 1
101 133 1
101 388 1
102 120 1
102 124 1
103 104 1
103 106 1
103 140 1
103 163 1
103 165 1
103 166 1
103 181 1
103 190 1
103 668 1
103 713 1
103 874 1
104 105 1
104 155 1
104 167 1
104 197 1
104 320 1
105 106 1
105 112 1
105 117 1
105 128 1
105 151 1
105 152 1
105 164 1
105 172 1
105 173 1
105 238 1
105 355 1
106 126 1
106 189 1
106 898 1
107 111 1
107 170 1
107 193 1
107 200 1
107 942 1
108 494 1
108 605 1
109 111 1
109 121 1
109 123 1
109 131 1
109 159 1
109 182 1
110 122 1
110 152 1
110 158 1
110 165 1
110 183 1
110 193 1
110 278 1
111 114 1
111 151 1
111 169 1
111 655 1
111 734 1
111 739 1
111 808 1
112 252 1
113 170 1
113 303 1
114 119 1
114 128 1
114 143 1
114 160 1
114 170 1
114 184 1
114 247 1
114 986 1
115 117 1
115 153 1
116 136 1
116 149 1
116 179 1
116 685 1
117 123 1
117 125 1
117 147 1
117 155 1
117 184 1
117 190 1
117 646 1
117 781 1
118 144 1
118 151 1
118 176 1
118 181 1
118 190 1
119 181 1
119 187 1
119 506 1
119 577 1
119 614 1
119 862 1
120 137 1
120 156 1
120 189 1
120 196 1
120 582 1
120 720 1
121 153 1
121 154 1
121 155 1
121 162 1
121 178 1
121 379 1
121 795 1
122 126 1
122 130 1
122 183 1
122 199 1
122 344 1
122 567 1
122 732 1
123 131 1
123 194 1
123 257 1
123 343 1
123 608 1
123 737 1
123 847 1
124 142 1
124 146 1
124 148 1
124 159 1
124 174 1
125 127 1
125 194 1
125 196 1
125 223 1
125 650 1
125 782 1
126 164 1
126 242 1
126 630 1
127 151 1
127 157 1
127 178 1
127 185 1
127 192 1
127 453 1
128 130 1
128 165 1
128 189 1
128 192 1
128 991 1
129 200 1
129 207 1
129 553 1
130 148 1
130 493 1
130 838 1
131 135 1
131 141 1
131 228 1
131 395 1
131 733 1
131 855 1
132 850 1
132 945 1
133 184 1
133 188 1
134 153 1
134 154 1
134 797 1
134 948 1
135 159 1
135 172 1
135 665 1
135 740 1
136 139 1
136 167 1
136 328 1
137 142 1
137 153 1
137 173 1
137 188 1
137 589 1
138 169 1
138 189 1
138 195 1
138 255 1
139 148 1
139 154 1
139 159 1
139 178 1
139 318 1
140 149 1
140 159 1
140 169 1
140 194 1
140 195 1
140 196 1
140 829 1
141 171 1
141 174 1
141 190 1
142 151 1
142 158 1
142 331 1
142 499 1
143 144 1
143 163 1
143 914 1
144 968 1
145 159 1
145 167 1
145 174 1
145 180 1
145 198 1
145 199 1
145 927 1
146 162 1
146 200 1
146 313 1
147 153 1
147 166 1
147 179 1
148 154 1
148 185 1
148 334 1
148 358 1
148 371 1
149 168 1
149 185 1
149 199 1
149 441 1
149 621 1
149 711 1
150 158 1
150 602 1
150 765 1
150 778 1
151 170 1
151 182 1
151 197 1
151 986 1
152 154 1
152 176 1
152 343 1
152 550 1
152 820 1
153 187 1
153 404 1
153 426 1
153 661 1
153 735 1
154 158 1
154 166 1
154 178 1
154 183 1
154 647 1
154 725 1
155 164 1
155 177 1
155 181 1
156 194 1
156 230 1
156 350 1
157 166 1
157 191 1
158 662 1
158 792 1
159 410 1
159 420 1
159 586 1
159 620 1
160 192 1
160 410 1
160 747 1
160 869 1
161 164 1
161 165 1
161 204 1
161 311 1
161 701 1
161 978 1
161 994 1
162 177 1
162 179 1
162 186 1
162 544 1
162 966 1
163 171 1
163 191 1
163 252 1
163 491 1
164 165 1
164 945 1
165 166 1
165 608 1
165 733 1
165 853 1
166 171 1
166 186 1
166 823 1
167 371 1
167 788 1
168 538 1
168 652 1
169 187 1
169 948 1
170 175 1
170 226 1
171 199 1
171 564 1
171 736 1
171 983 1
172 248 1
172 303 1
172 511 1
173 174 1
173 192 1
173 699 1
173 798 1
174 371 1
175 187 1
175 188 1
175 196 1
175 296 1
175 884 1
176 499 1
177 192 1
177 487 1
177 682 1
177 793 1
177 922 1
178 180 1
178 943 1
180 184 1
180 188 1
180 268 1
180 337 1
181 190 1
181 830 1
182 209 1
182 492 1
182 900 1
183 461 1
184 186 1
184 200 1
184 943 1
185 329 1
185 706 1
186 820 1
187 440 1
188 698 1
188 826 1
189 196 1
189 778 1
190 241 1
190 692 1
190 800 1
191 553 1
191 671 1
192 215 1
192 468 1
192 488 1
193 197 1
194 330 1
195 331 1
195 589 1
196 646 1
196 670 1
196 875 1
197 209 1
197 459 1
198 423 1
198 794 1
198 836 1
198 878 1
199 637 1
199 708 1
199 906 1
200 287 1
200 545 1
200 608 1
200 682 1
200 825 1
201 204 1
201 264 1
201 284 1
201 563 1
201 683 1
202 278 1
202 284 1
202 296 1
202 724 1
202 865 1
202 942 1
202 970 1
202 982 1
203 207 1
203 242 1
203 244 1
203 247 1
203 253 1
203 291 1
203 510 1
204 239 1
204 242 1
204 266 1
204 677 1
205 232 1
205 297 1
206 227 1
206 248 1
206 252 1
206 279 1
206 285 1
206 984 1
207 261 1
207 275 1
207 278 1
207 546 1
208 224 1
208 226 1
208 237 1
208 259 1
208 269 1
208 446 1
208 821 1
208 993 1
209 212 1
209 239 1
209 240 1
209 247 1
209 253 1
209 257 1
209 267 1
209 275 1
209 456 1
210 217 1
210 285 1
210 315 1
210 596 1
210 971 1
211 227 1
211 277 1
211 285 1
211 291 1
212 217 1
212 236 1
212 257 1
212 270 1
212 275 1
212 292 1
212 300 1
212 818 1
212 872 1
212 934 1
213 217 1
213 237 1
213 278 1
213 280 1
213 287 1
213 624 1
214 225 1
214 227 1
214 248 1
214 281 1
214 287 1
214 291 1
214 626 1
214 912 1
214 950 1
215 217 1
215 240 1
215 259 1
215 277 1
215 282 1
215 287 1
215 291 1
215 891 1
216 222 1
216 240 1
216 247 1
216 251 1
216 261 1
216 263 1
216 270 1
216 288 1
216 299 1
216 314 1
216 320 1
217 247 1
217 271 1
217 289 1
217 627 1
218 242 1
218 259 1
218 291 1
218 292 1
219 247 1
219 824 1
220 224 1
220 230 1
220 254 1
220 282 1
220 287 1
220 437 1
221 240 1
221 260 1
221 273 1
221 275 1
221 277 1
221 292 1
221 738 1
222 244 1
222 267 1
222 270 1
222 277 1
222 352 1
223 224 1
223 242 1
223 263 1
223 274 1
223 829 1
224 228 1
224 254 1
224 265 1
224 276 1
224 285 1
224 454 1
225 259 1
225 411 1
225 573 1
225 800 1
226 275 1
226 559 1
226 714 1
227 246 1
227 251 1
227 259 1
227 291 1
227 618 1
227 892 1
228 240 1
228 245 1
228 249 1
228 259 1
228 281 1
228 299 1
230 236 1
230 258 1
230 287 1
230 292 1
231 262 1
231 264 1
231 275 1
231 285 1
231 298 1
231 887 1
232 250 1
232 277 1
232 300 1
232 474 1
232 700 1
233 239 1
233 260 1
233 275 1
233 295 1
233 820 1
234 262 1
234 275 1
234 284 1
234 423 1
234 888 1
235 239 1
235 260 1
235 298 1
236 249 1
236 253 1
236 270 1
236 284 1
236 300 1
237 238 1
237 271 1
237 280 1
237 281 1
237 290 1
238 279 1
238 908 1
239 259 1
239 281 1
239 288 1
240 296 1
240 914 1
241 248 1
241 264 1
241 282 1
241 811 1
242 247 1
242 273 1
243 300 1
244 249 1
244 267 1
244 268 1
244 295 1
245 271 1
245 287 1
245 298 1
245 299 1
246 271 1
246 278 1
246 298 1
246 299 1
246 428 1
246 727 1
246 777 1
247 252 1
247 257 1
247 266 1
247 283 1
247 347 1
248 279 1
248 282 1
248 284 1
248 289 1
248 637 1
248 927 1
249 254 1
249 271 1
249 282 1
249 547 1
250 256 1
250 287 1
250 292 1
250 388 1
250 936 1
251 266 1
251 278 1
251 287 1
251 394 1
251 966 1
252 254 1
252 265 1
252 295 1
252 358 1
252 710 1
253 273 1
253 283 1
253 294 1
253 788 1
253 939 1
254 781 1
255 257 1
255 268 1
255 507 1
256 258 1
256 265 1
257 282 1
257 283 1
257 286 1
257 843 1
257 971 1
259 265 1
259 274 1
259 298 1
259 584 1
259 965 1
260 279 1
261 263 1
261 496 1
261 921 1
262 406 1
262 854 1
263 265 1
263 279 1
263 298 1
263 595 1
263 598 1
263 867 1
264 269 1
264 573 1
264 933 1
265 270 1
265 272 1
265 444 1
265 581 1
265 620 1
265 656 1
266 471 1
267 284 1
267 299 1
267 447 1
268 291 1
268 294 1
268 747 1
268 841 1
268 955 1
269 274 1
269 297 1
269 298 1
270 371 1
271 280 1
271 281 1
271 290 1
271 296 1
271 489 1
273 290 1
273 474 1
273 895 1
274 279 1
274 282 1
274 642 1
275 282 1
275 284 1
275 295 1
275 761 1
276 295 1
276 514 1
277 286 1
277 293 1
277 298 1
278 291 1
278 293 1
278 796 1
279 281 1
279 286 1
279 290 1
279 295 1
279 296 1
279 801 1
279 941 1
280 675 1
280 731 1
280 826 1
281 291 1
281 958 1
281 989 1
282 289 1
282 296 1
282 709 1
283 288 1
283 291 1
283 375 1
283 446 1
283 683 1
283 722 1
283 751 1
284 290 1
285 297 1
285 817 1
286 492 1
288 464 1
288 485 1
288 875 1
288 961 1
289 576 1
289 609 1
289 719 1
289 994 1
290 291 1
290 293 1
290 294 1
290 452 1
290 491 1
291 305 1
292 296 1
293 546 1
293 842 1
294 928 1
295 710 1
297 315 1
297 484 1
298 454 1
298 727 1
299 634 1
299 742 1
299 862 1
300 427 1
301 319 1
301 330 1
301 352 1
301 376 1
302 313 1
302 338 1
302 508 1
302 559 1
302 742 1
303 321 1
303 337 1
303 384 1
303 806 1
303 936 1
304 311 1
304 360 1
304 361 1
304 376 1
304 722 1
305 341 1
305 370 1
305 392 1
305 744 1
306 349 1
306 356 1
306 358 1
306 362 1
306 393 1
306 732 1
306 930 1
307 333 1
307 334 1
307 346 1
307 353 1
308 328 1
308 337 1
308 339 1
308 393 1
308 425 1
308 823 1
309 310 1
309 912 1
310 311 1
310 322 1
310 323 1
310 337 1
310 368 1
310 380 1
311 313 1
311 315 1
311 317 1
311 331 1
312 314 1
312 325 1
312 357 1
312 361 1
312 378 1
313 341 1
313 366 1
313 367 1
313 375 1
313 385 1
313 387 1
313 400 1
313 532 1
314 316 1
314 321 1
314 341 1
314 764 1
314 816 1
315 321 1
315 346 1
315 372 1
315 375 1
315 385 1
316 339 1
316 354 1
316 379 1
316 389 1
316 433 1
317 331 1
317 349 1
317 370 1
317 457 1
317 504 1
317 641 1
317 978 1
318 355 1
318 373 1
318 624 1
319 344 1
319 351 1
319 373 1
319 374 1
319 396 1
320 327 1
320 341 1
320 352 1
320 357 1
320 385 1
320 865 1
321 324 1
321 337 1
321 343 1
321 350 1
321 351 1
321 388 1
321 577 1
321 798 1
321 953 1
322 331 1
322 347 1
322 360 1
322 365 1
322 496 1
322 653 1
322 781 1
323 337 1
323 339 1
323 342 1
323 363 1
323 370 1
323 371 1
323 376 1
323 667 1
323 730 1
323 773 1
323 867 1
324 345 1
324 356 1
324 371 1
324 378 1
324 396 1
324 879 1
325 350 1
325 593 1
325 676 1
325 814 1
326 343 1
326 362 1
326 376 1
326 394 1
326 665 1
327 333 1
327 376 1
327 396 1
328 365 1
328 367 1
328 571 1
329 330 1
329 339 1
329 348 1
329 353 1
329 357 1
329 377 1
329 398 1
329 781 1
330 838 1
331 334 1
331 350 1
331 356 1
331 363 1
331 377 1
331 647 1
332 344 1
332 364 1
332 390 1
333 356 1
333 369 1
333 381 1
333 779 1
334 340 1
334 369 1
334 372 1
335 361 1
335 633 1
335 733 1
335 905 1
335 991 1
336 352 1
336 353 1
336 364 1
336 368 1
336 371 1
336 758 1
337 338 1
337 340 1
337 346 1
337 366 1
337 368 1
337 378 1
337 393 1
337 638 1
337 928 1
337 979 1
338 370 1
338 378 1
338 391 1
338 488 1
339 347 1
339 352 1
339 367 1
339 368 1
339 378 1
339 381 1
339 385 1
339 396 1
340 344 1
340 378 1
340 383 1
340 938 1
341 346 1
341 377 1
341 438 1
342 351 1
342 362 1
342 377 1
342 381 1
343 385 1
343 386 1
344 348 1
344 353 1
344 357 1
344 386 1
344 392 1
344 659 1
345 809 1
346 368 1
346 400 1
347 377 1
347 410 1
347 894 1
348 365 1
348 388 1
348 906 1
349 363 1
349 380 1
349 386 1
349 665 1
349 739 1
350 383 1
350 390 1
350 586 1
351 370 1
351 376 1
351 385 1
351 468 1
351 608 1
351 732 1
351 916 1
352 381 1
352 429 1
353 388 1
353 397 1
353 453 1
353 482 1
353 971 1
354 386 1
354 397 1
355 380 1
355 396 1
355 665 1
355 966 1
356 364 1
356 376 1
356 377 1
356 384 1
356 918 1
357 363 1
357 388 1
358 382 1
358 383 1
358 486 1
359 362 1
359 380 1
359 387 1
359 707 1
360 891 1
361 376 1
361 397 1
362 771 1
362 811 1
362 830 1
362 926 1
363 372 1
364 380 1
364 383 1
364 450 1
364 785 1
365 372 1
365 390 1
365 529 1
365 546 1
366 379 1
366 385 1
366 387 1
366 867 1
367 393 1
367 842 1
368 377 1
368 379 1
368 558 1
369 394 1
370 388 1
370 578 1
370 840 1
371 374 1
371 396 1
371 487 1
372 400 1
372 959 1
373 375 1
373 393 1
373 399 1
373 624 1
373 918 1
374 384 1
374 556 1
374 932 1
375 460 1
375 920 1
377 386 1
377 389 1
377 748 1
377 826 1
378 386 1
378 568 1
378 689 1
380 573 1
380 927 1
381 391 1
381 395 1
381 622 1
381 728 1
381 939 1
382 396 1
382 419 1
382 554 1
383 620 1
384 390 1
384 392 1
384 398 1
386 389 1
386 399 1
386 942 1
387 468 1
387 523 1
388 390 1
388 396 1
388 582 1
389 422 1
389 739 1
390 399 1
390 829 1
391 497 1
391 972 1
392 675 1
394 942 1
395 396 1
395 683 1
396 905 1
398 517 1
400 455 1
400 602 1
400 728 1
401 413 1
401 438 1
401 452 1
401 455 1
401 457 1
401 465 1
401 482 1
401 829 1
402 412 1
402 420 1
402 442 1
402 452 1
402 467 1
402 477 1
402 492 1
403 422 1
403 424 1
403 445 1
403 448 1
403 458 1
403 465 1
403 484 1
403 836 1
403 858 1
404 432 1
404 460 1
404 467 1
404 486 1
404 560 1
404 700 1
404 743 1
404 952 1
405 494 1
405 551 1
405 887 1
406 412 1
406 419 1
406 439 1
406 442 1
406 449 1
406 489 1
406 491 1
406 496 1
406 499 1
406 823 1
406 861 1
407 433 1
407 446 1
407 621 1
408 428 1
408 441 1
408 477 1
408 489 1
408 494 1
409 412 1
409 470 1
409 474 1
409 482 1
409 729 1
410 447 1
411 422 1
411 478 1
411 484 1
412 424 1
412 425 1
412 456 1
412 484 1
412 487 1
412 591 1
412 685 1
412 697 1
413 431 1
413 438 1
413 441 1
413 468 1
413 470 1
413 477 1
413 483 1
413 556 1
414 419 1
414 432 1
414 442 1
414 477 1
415 443 1
415 480 1
415 619 1
415 635 1
415 915 1
416 425 1
416 429 1
416 471 1
416 474 1
416 477 1
416 488 1
416 701 1
417 420 1
417 433 1
417 446 1
417 462 1
417 464 1
417 482 1
417 483 1
417 489 1
418 430 1
418 447 1
418 452 1
418 464 1
419 426 1
419 430 1
419 442 1
419 447 1
419 490 1
419 496 1
419 518 1
419 564 1
419 699 1
419 910 1
420 431 1
420 495 1
421 435 1
421 447 1
421 451 1
421 452 1
421 472 1
421 473 1
421 475 1
421 499 1
421 894 1
422 436 1
422 455 1
422 471 1
422 487 1
422 492 1
422 497 1
422 779 1
422 845 1
422 879 1
422 999 1
423 428 1
423 447 1
423 453 1
423 467 1
423 571 1
423 586 1
423 724 1
424 429 1
424 444 1
424 453 1
424 465 1
424 496 1
424 498 1
425 433 1
425 927 1
426 434 1
426 450 1
426 458 1
426 465 1
426 475 1
426 478 1
426 481 1
426 490 1
426 671 1
426 878 1
427 450 1
427 908 1
428 431 1
428 439 1
428 444 1
428 453 1
428 477 1
428 484 1
428 491 1
428 926 1
429 436 1
429 466 1
429 471 1
429 477 1
429 478 1
429 618 1
430 470 1
430 489 1
430 860 1
431 474 1
431 496 1
432 443 1
432 444 1
432 477 1
432 492 1
432 499 1
432 772 1
433 436 1
433 453 1
433 475 1
433 867 1
434 452 1
434 463 1
434 465 1
434 484 1
434 496 1
434 579 1
435 442 1
435 445 1
435 450 1
435 460 1
435 461 1
435 483 1
436 444 1
436 455 1
436 457 1
436 464 1
436 487 1
436 494 1
436 696 1
437 472 1
437 482 1
438 465 1
438 475 1
438 476 1
438 493 1
439 459 1
439 464 1
439 478 1
439 496 1
440 450 1
440 478 1
440 499 1
440 508 1
440 563 1
441 456 1
441 479 1
441 483 1
441 499 1
442 454 1
442 455 1
442 471 1
442 475 1
442 487 1
442 629 1
443 459 1
443 468 1
443 470 1
443 474 1
443 483 1
443 789 1
444 461 1
444 469 1
444 473 1
444 492 1
445 451 1
445 461 1
445 465 1
445 467 1
445 470 1
445 479 1
445 497 1
445 498 1
446 461 1
446 474 1
447 481 1
447 483 1
447 984 1
448 466 1
448 479 1
449 453 1
449 459 1
449 470 1
449 475 1
449 548 1
450 452 1
450 476 1
450 489 1
450 491 1
450 497 1
450 549 1
451 458 1
451 462 1
451 490 1
452 460 1
452 461 1
452 482 1
452 579 1
452 885 1
453 483 1
453 986 1
454 464 1
454 476 1
454 490 1
455 480 1
455 522 1
456 459 1
456 471 1
456 494 1
457 483 1
457 490 1
458 930 1
459 460 1
459 490 1
459 589 1
459 727 1
459 887 1
460 482 1
460 489 1
461 479 1
461 733 1
462 465 1
462 493 1
462 498 1
463 487 1
463 488 1
464 481 1
464 484 1
464 493 1
464 574 1
464 795 1
464 796 1
465 485 1
465 488 1
465 491 1
466 472 1
466 484 1
466 498 1
466 819 1
467 469 1
467 471 1
468 493 1
468 498 1
468 814 1
469 843 1
471 743 1
471 796 1
472 533 1
472 765 1
472 985 1
473 494 1
474 495 1
474 674 1
474 734 1
475 488 1
475 495 1
475 730 1
475 771 1
476 482 1
476 499 1
476 583 1
477 493 1
479 487 1
479 874 1
481 858 1
482 526 1
482 868 1
482 933 1
483 496 1
484 489 1
484 497 1
484 823 1
485 561 1
486 488 1
487 495 1
489 625 1
491 492 1
491 854 1
492 497 1
494 497 1
494 700 1
494 963 1
495 930 1
498 984 1
499 523 1
499 943 1
500 628 1
501 539 1
501 544 1
501 563 1
501 575 1
501 576 1
501 585 1
501 603 1
502 509 1
502 531 1
502 537 1
502 546 1
502 589 1
503 511 1
503 533 1
503 534 1
503 574 1
503 577 1
503 588 1
503 746 1
504 505 1
504 509 1
504 517 1
504 529 1
504 565 1
504 851 1
504 947 1
505 517 1
505 519 1
505 540 1
505 557 1
505 559 1
505 599 1
506 533 1
506 535 1
506 550 1
506 595 1
506 597 1
507 519 1
507 530 1
507 598 1
508 517 1
508 528 1
508 557 1
508 577 1
508 594 1
509 526 1
509 540 1
509 541 1
509 544 1
509 566 1
509 581 1
509 591 1
509 898 1
509 922 1
510 553 1
510 574 1
511 521 1
511 547 1
511 586 1
511 949 1
511 967 1
512 514 1
512 524 1
512 548 1
512 558 1
512 613 1
513 521 1
513 547 1
513 562 1
513 590 1
513 592 1
513 600 1
514 816 1
516 535 1
516 600 1
516 830 1
517 534 1
517 540 1
517 548 1
517 596 1
518 522 1
518 536 1
518 558 1
519 522 1
519 524 1
519 526 1
519 574 1
519 794 1
519 950 1
520 530 1
520 532 1
520 556 1
520 572 1
520 582 1
521 531 1
521 546 1
521 550 1
521 595 1
521 802 1
522 548 1
522 562 1
522 911 1
522 939 1
523 544 1
524 525 1
524 527 1
524 540 1
524 561 1
524 568 1
524 583 1
524 742 1
524 939 1
525 551 1
525 580 1
526 529 1
526 539 1
526 552 1
526 570 1
526 740 1
527 566 1
527 849 1
528 552 1
528 565 1
528 581 1
528 589 1
528 830 1
529 584 1
530 556 1
531 549 1
531 551 1
531 587 1
532 545 1
532 563 1
532 577 1
532 584 1
533 553 1
533 556 1
533 575 1
533 793 1
533 838 1
534 535 1
534 546 1
534 572 1
534 581 1
534 593 1
534 997 1
535 550 1
536 654 1
537 559 1
538 547 1
538 561 1
538 586 1
538 589 1
538 596 1
538 605 1
538 614 1
539 544 1
539 545 1
539 574 1
539 583 1
539 675 1
540 581 1
540 784 1
541 578 1
541 616 1
541 642 1
542 549 1
542 567 1
542 580 1
542 596 1
542 862 1
543 555 1
543 560 1
543 570 1
543 572 1
543 749 1
543 987 1
544 596 1
545 546 1
545 550 1
546 558 1
546 579 1
546 598 1
546 624 1
546 997 1
547 551 1
547 573 1
547 574 1
547 585 1
547 588 1
547 777 1
548 550 1
548 551 1
548 560 1
548 564 1
548 583 1
548 588 1
548 593 1
549 568 1
549 585 1
550 569 1
550 574 1
550 589 1
550 592 1
550 802 1
551 627 1
551 948 1
552 556 1
553 594 1
554 559 1
554 590 1
554 903 1
555 559 1
555 567 1
555 581 1
555 592 1
555 871 1
555 916 1
556 560 1
557 812 1
558 561 1
558 565 1
558 618 1
559 564 1
559 574 1
559 592 1
560 573 1
560 656 1
560 679 1
562 635 1
563 586 1
563 593 1
564 578 1
564 588 1
565 566 1
565 588 1
565 689 1
565 910 1
566 568 1
566 574 1
566 588 1
566 974 1
567 584 1
567 592 1
567 597 1
568 583 1
568 586 1
568 592 1
568 593 1
569 572 1
569 576 1
569 600 1
570 626 1
571 583 1
572 600 1
572 760 1
572 794 1
572 897 1
572 986 1
573 590 1
573 968 1
574 577 1
574 820 1
575 597 1
575 648 1
576 596 1
577 578 1
577 588 1
577 592 1
577 620 1
578 581 1
578 592 1
579 596 1
579 724 1
579 837 1
580 586 1
580 590 1
582 589 1
582 634 1
582 866 1
583 597 1
584 727 1
586 766 1
587 590 1
587 875 1
589 926 1
589 940 1
590 593 1
590 595 1
590 712 1
591 848 1
594 599 1
594 996 1
595 794 1
598 838 1
600 696 1
600 781 1
600 802 1
601 613 1
601 668 1
601 726 1
602 612 1
602 622 1
602 637 1
602 672 1
602 675 1
602 683 1
602 686 1
602 693 1
603 630 1
603 679 1
603 700 1
603 960 1
604 609 1
604 617 1
604 623 1
604 664 1
604 669 1
605 634 1
605 678 1
605 679 1
605 857 1
606 621 1
606 633 1
606 654 1
606 692 1
607 608 1
607 619 1
607 675 1
607 689 1
608 625 1
608 659 1
608 686 1
608 687 1
609 615 1
609 619 1
609 626 1
609 631 1
609 641 1
609 646 1
609 690 1
610 621 1
610 626 1
610 696 1
610 698 1
610 751 1
610 774 1
610 935 1
611 618 1
611 652 1
611 670 1
611 949 1
612 641 1
612 658 1
612 662 1
612 685 1
613 619 1
613 652 1
614 647 1
614 648 1
614 651 1
614 657 1
614 889 1
615 617 1
615 624 1
615 637 1
615 645 1
615 692 1
616 620 1
616 626 1
616 675 1
616 693 1
616 695 1
617 652 1
617 672 1
617 679 1
617 734 1
618 621 1
618 624 1
618 639 1
618 653 1
619 648 1
619 656 1
619 660 1
620 625 1
620 631 1
620 648 1
620 659 1
620 671 1
620 693 1
621 636 1
621 679 1
622 624 1
622 642 1
622 646 1
622 684 1
622 948 1
623 633 1
623 685 1
624 660 1
624 700 1
624 743 1
625 646 1
625 699 1
626 638 1
626 640 1
626 646 1
626 653 1
626 660 1
626 677 1
626 696 1
626 790 1
627 651 1
627 674 1
627 675 1
627 683 1
627 690 1
628 629 1
628 650 1
628 663 1
628 698 1
629 644 1
629 855 1
630 649 1
630 665 1
631 636 1
631 665 1
631 677 1
631 684 1
632 640 1
632 681 1
632 684 1
632 690 1
632 691 1
633 694 1
634 649 1
634 658 1
634 680 1
634 684 1
634 768 1
635 658 1
635 662 1
635 664 1
635 671 1
635 873 1
636 723 1
637 666 1
637 667 1
637 669 1
637 869 1
638 678 1
638 695 1
638 699 1
639 648 1
639 680 1
639 856 1
639 997 1
640 646 1
640 649 1
640 663 1
640 672 1
640 682 1
641 647 1
641 649 1
641 652 1
642 676 1
642 689 1
642 693 1
643 682 1
643 686 1
644 650 1
644 665 1
644 699 1
644 766 1
645 664 1
645 677 1
645 687 1
646 826 1
646 875 1
646 942 1
647 670 1
647 681 1
647 696 1
647 767 1
648 659 1
648 684 1
649 654 1
650 679 1
650 692 1
650 961 1
651 670 1
651 679 1
652 662 1
652 692 1
653 655 1
653 656 1
653 669 1
653 679 1
653 730 1
654 692 1
654 711 1
654 912 1
655 661 1
655 669 1
655 670 1
655 700 1
655 718 1
655 812 1
655 878 1
656 660 1
656 684 1
656 699 1
657 663 1
657 677 1
657 682 1
657 868 1
658 673 1
658 687 1
660 672 1
660 681 1
661 672 1
661 699 1
661 872 1
662 667 1
662 683 1
662 684 1
662 686 1
663 676 1
663 684 1
664 694 1
664 722 1
664 872 1
664 918 1
665 671 1
665 698 1
666 670 1
666 678 1
666 687 1
667 684 1
668 674 1
668 688 1
669 695 1
670 671 1
670 693 1
671 688 1
672 678 1
672 684 1
672 695 1
673 682 1
673 688 1
673 690 1
674 692 1
675 712 1
676 698 1
677 787 1
677 797 1
679 685 1
680 683 1
680 685 1
680 699 1
681 694 1
681 720 1
681 944 1
682 860 1
683 938 1
684 689 1
684 766 1
685 692 1
685 916 1
686 694 1
686 695 1
686 699 1
687 786 1
687 877 1
687 977 1
689 740 1
690 700 1
690 747 1
691 747 1
692 950 1
693 695 1
693 739 1
693 899 1
696 700 1
696 888 1
697 756 1
698 699 1
698 716 1
698 875 1
699 825 1
699 841 1
699 936 1
701 707 1
701 708 1
701 710 1
701 722 1
701 723 1
701 737 1
701 744 1
701 813 1
702 769 1
702 786 1
702 793 1
703 726 1
703 891 1
704 721 1
704 753 1
704 773 1
704 786 1
704 795 1
705 724 1
705 727 1
705 739 1
705 745 1
705 752 1
705 780 1
706 775 1
706 776 1
707 768 1
707 777 1
707 787 1
708 711 1
708 716 1
708 726 1
708 738 1
708 758 1
708 768 1
708 792 1
708 795 1
709 718 1
709 751 1
709 754 1
709 756 1
709 781 1
709 796 1
709 798 1
710 794 1
710 795 1
710 798 1
711 743 1
712 716 1
712 717 1
712 722 1
712 726 1
712 790 1
713 722 1
713 735 1
713 749 1
714 716 1
714 717 1
714 758 1
714 792 1
714 798 1
714 960 1
715 748 1
716 724 1
716 742 1
716 761 1
716 772 1
716 788 1
717 741 1
717 743 1
717 798 1
718 728 1
718 757 1
718 775 1
718 777 1
718 786 1
719 737 1
719 799 1
720 736 1
720 758 1
720 775 1
720 788 1
720 793 1
721 724 1
721 744 1
721 793 1
722 738 1
722 749 1
722 752 1
722 774 1
722 781 1
722 787 1
723 746 1
723 752 1
723 763 1
723 768 1
724 746 1
724 790 1
725 742 1
725 748 1
725 779 1
725 786 1
725 796 1
726 737 1
726 797 1
726 901 1
726 927 1
727 751 1
727 762 1
727 793 1
728 752 1
728 797 1
728 993 1
729 763 1
729 773 1
729 795 1
730 742 1
730 744 1
730 762 1
730 767 1
730 788 1
730 794 1
731 750 1
731 768 1
731 769 1
731 786 1
732 775 1
733 780 1
733 786 1
733 789 1
733 796 1
733 875 1
734 749 1
734 753 1
734 796 1
734 867 1
735 766 1
735 779 1
735 784 1
735 793 1
735 984 1
736 741 1
736 745 1
736 773 1
736 785 1
736 874 1
736 948 1
736 970 1
737 746 1
737 757 1
737 771 1
737 789 1
737 793 1
738 741 1
738 758 1
738 768 1
738 792 1
738 796 1
739 761 1
739 787 1
740 749 1
740 755 1
740 793 1
741 744 1
741 748 1
741 778 1
742 748 1
742 775 1
742 852 1
743 771 1
743 775 1
743 779 1
743 934 1
744 757 1
744 767 1
745 763 1
745 788 1
745 790 1
746 747 1
746 750 1
746 773 1
746 799 1
746 915 1
748 752 1
748 772 1
748 790 1
749 754 1
749 787 1
749 949 1
750 769 1
750 793 1
751 756 1
751 762 1
751 772 1
752 755 1
752 788 1
752 790 1
752 793 1
752 852 1
753 785 1
753 859 1
754 755 1
754 796 1
755 758 1
755 773 1
755 790 1
755 862 1
756 759 1
756 762 1
756 783 1
756 795 1
756 798 1
756 820 1
757 780 1
758 760 1
758 772 1
758 914 1
759 762 1
759 787 1
759 793 1
760 768 1
760 769 1
762 768 1
762 798 1
763 958 1
764 788 1
764 792 1
765 779 1
766 783 1
767 779 1
769 770 1
771 774 1
771 781 1
771 790 1
772 795 1
772 876 1
773 786 1
773 794 1
773 796 1
773 867 1
774 791 1
774 797 1
776 779 1
776 789 1
776 800 1
777 778 1
777 784 1
777 789 1
778 877 1
779 782 1
780 796 1
781 782 1
782 792 1
782 794 1
782 841 1
783 792 1
784 981 1
786 796 1
787 791 1
788 791 1
788 792 1
788 847 1
789 794 1
789 933 1
789 979 1
793 794 1
793 847 1
794 910 1
796 899 1
797 863 1
797 902 1
798 923 1
799 900 1
801 826 1
801 849 1
801 867 1
801 869 1
801 876 1
801 950 1
802 827 1
802 850 1
802 855 1
802 876 1
802 892 1
802 898 1
802 924 1
803 812 1
803 816 1
803 828 1
803 842 1
803 864 1
803 899 1
804 815 1
804 866 1
805 812 1
805 829 1
805 843 1
805 847 1
805 862 1
805 863 1
806 823 1
806 828 1
806 852 1
806 857 1
806 858 1
806 876 1
806 884 1
806 900 1
807 836 1
807 866 1
808 809 1
808 819 1
808 869 1
808 870 1
808 881 1
808 896 1
809 839 1
809 868 1
809 870 1
809 987 1
810 822 1
810 842 1
810 852 1
810 856 1
810 868 1
810 888 1
810 889 1
810 890 1
810 899 1
811 856 1
811 880 1
812 851 1
812 888 1
813 857 1
813 861 1
813 898 1
813 926 1
813 949 1
813 989 1
814 836 1
814 847 1
814 862 1
814 868 1
814 878 1
814 879 1
814 897 1
814 917 1
815 825 1
815 850 1
815 869 1
815 898 1
816 853 1
816 871 1
817 857 1
817 894 1
818 821 1
818 839 1
818 853 1
818 860 1
818 883 1
819 831 1
819 835 1
819 843 1
819 849 1
819 861 1
819 865 1
819 873 1
819 900 1
820 823 1
820 863 1
820 878 1
821 879 1
821 891 1
821 892 1
822 867 1
822 895 1
823 834 1
823 841 1
823 844 1
823 856 1
824 848 1
824 864 1
824 866 1
825 873 1
826 840 1
826 897 1
826 970 1
827 828 1
827 876 1
827 878 1
828 844 1
828 851 1
828 858 1
828 871 1
828 878 1
828 925 1
829 840 1
829 847 1
829 876 1
829 899 1
830 840 1
830 871 1
830 905 1
831 851 1
831 926 1
832 835 1
832 886 1
833 844 1
833 856 1
833 859 1
833 886 1
833 890 1
834 840 1
834 897 1
834 929 1
835 864 1
836 843 1
836 844 1
836 869 1
836 888 1
836 892 1
836 898 1
836 922 1
837 852 1
837 893 1
838 861 1
838 867 1
839 869 1
839 894 1
839 947 1
839 967 1
840 855 1
840 858 1
840 890 1
840 955 1
842 849 1
842 896 1
843 863 1
843 869 1
844 880 1
844 897 1
844 966 1
845 861 1
845 872 1
846 868 1
846 886 1
846 939 1
847 882 1
847 886 1
848 854 1
848 856 1
848 895 1
848 900 1
849 858 1
849 869 1
849 875 1
850 885 1
850 887 1
850 893 1
851 864 1
851 867 1
851 887 1
852 866 1
852 894 1
852 897 1
854 876 1
854 887 1
854 900 1
855 856 1
855 869 1
855 886 1
855 915 1
856 879 1
856 883 1
856 885 1
856 952 1
857 870 1
857 882 1
857 888 1
858 875 1
858 879 1
859 891 1
860 864 1
860 870 1
860 875 1
861 878 1
861 879 1
861 891 1
861 896 1
862 889 1
862 959 1
863 884 1
864 868 1
864 875 1
864 879 1
864 886 1
864 897 1
865 868 1
865 887 1
865 892 1
866 867 1
867 869 1
867 878 1
867 898 1
868 893 1
868 894 1
869 882 1
871 885 1
872 874 1
874 948 1
875 877 1
876 895 1
877 879 1
878 883 1
879 880 1
880 900 1
881 891 1
883 887 1
883 888 1
886 891 1
887 893 1
887 951 1
888 900 1
888 964 1
890 898 1
893 904 1
895 896 1
896 914 1
901 916 1
901 931 1
901 935 1
901 952 1
902 906 1
902 912 1
902 915 1
902 921 1
902 927 1
902 938 1
902 942 1
902 959 1
902 994 1
903 904 1
903 906 1
903 925 1
903 943 1
903 971 1
903 976 1
903 992 1
904 908 1
904 921 1
904 935 1
904 936 1
904 953 1
904 968 1
905 906 1
905 912 1
905 921 1
905 949 1
905 984 1
905 993 1
906 925 1
906 936 1
906 941 1
906 946 1
907 955 1
907 971 1
907 984 1
908 911 1
908 939 1
909 924 1
909 978 1
909 983 1
910 928 1
910 931 1
910 934 1
910 935 1
910 969 1
910 973 1
910 977 1
911 925 1
911 928 1
911 941 1
911 958 1
911 971 1
912 923 1
912 925 1
912 939 1
912 942 1
912 964 1
912 996 1
913 921 1
913 922 1
913 933 1
913 958 1
913 980 1
914 931 1
914 943 1
914 967 1
915 927 1
915 958 1
915 965 1
915 971 1
915 979 1
915 986 1
915 988 1
916 920 1
916 934 1
916 946 1
916 999 1
917 966 1
917 978 1
918 980 1
918 990 1
918 992 1
918 994 1
919 924 1
919 957 1
919 971 1
919 974 1
919 977 1
921 930 1
921 950 1
921 960 1
921 971 1
921 987 1
922 936 1
922 938 1
922 941 1
922 967 1
922 971 1
923 935 1
923 969 1
923 986 1
924 932 1
924 970 1
924 973 1
924 977 1
925 934 1
925 958 1
925 972 1
926 979 1
926 998 1
927 965 1
927 981 1
927 984 1
927 987 1
929 969 1
929 982 1
931 946 1
931 956 1
931 985 1
932 952 1
932 961 1
933 998 1
934 940 1
934 978 1
935 971 1
935 975 1
935 983 1
937 943 1
937 980 1
937 995 1
938 959 1
938 977 1
938 999 1
939 955 1
939 958 1
940 953 1
940 955 1
940 986 1
940 999 1
941 947 1
941 949 1
941 979 1
942 971 1
942 974 1
942 983 1
942 988 1
942 989 1
943 948 1
944 950 1
944 993 1
945 952 1
945 956 1
945 976 1
946 957 1
946 979 1
946 983 1
947 954 1
947 964 1
947 978 1
947 983 1
947 998 1
948 965 1
948 968 1
948 972 1
948 975 1
948 998 1
949 963 1
950 969 1
950 974 1
950 995 1
950 997 1
951 970 1
951 978 1
951 990 1
953 994 1
954 969 1
954 996 1
955 965 1
956 963 1
956 976 1
956 998 1
957 959 1
957 964 1
957 966 1
957 980 1
957 983 1
957 988 1
957 998 1
958 960 1
958 976 1
958 995 1
959 961 1
959 966 1
959 968 1
959 969 1
959 996 1
960 973 1
960 978 1
961 968 1
962 968 1
962 978 1
963 974 1
964 974 1
964 985 1
965 978 1
966 999 1
967 969 1
968 972 1
968 973 1
969 972 1
970 994 1
971 999 1
972 973 1
972 975 1
972 985 1
972 988 1
972 990 1
973 982 1
973 996 1
976 985 1
976 990 1
977 987 1
977 993 1
978 987 1
981 993 1
992 994 1
994 998 1
996 1000 1
