1000 3381
1 4 1
1 48 1
1 71 1
1 81 1
1 82 1
1 97 1
1 280 1
2 16 1
2 47 1
2 58 1
2 71 1
2 76 1
2 83 1
3 8 1
3 41 1
3 69 1
3 94 1
3 510 1
4 15 1
4 27 1
4 44 1
4 63 1
4 77 1
4 85 1
4 142 1
4 424 1
4 808 1
4 894 1
5 34 1
5 41 1
5 68 1
5 92 1
5 288 1
5 712 1
5 829 1
5 835 1
6 8 1
6 66 1
6 77 1
6 667 1
6 838 1
7 8 1
7 12 1
7 42 1
7 83 1
7 318 1
8 29 1
8 35 1
8 86 1
8 988 1
9 36 1
9 55 1
9 70 1
9 76 1
9 96 1
9 97 1
9 257 1
9 618 1
9 662 1
10 33 1
10 73 1
10 77 1
10 78 1
10 84 1
10 140 1
10 266 1
10 305 1
11 33 1
11 44 1
11 65 1
11 95 1
11 98 1
12 16 1
12 53 1
12 65 1
12 75 1
12 98 1
12 117 1
12 164 1
12 240 1
12 264 1
12 627 1
13 17 1
13 24 1
13 47 1
13 48 1
13 59 1
13 65 1
13 722 1
14 18 1
14 31 1
14 33 1
14 44 1
14 55 1
14 314 1
14 747 1
15 22 1
15 28 1
15 29 1
15 57 1
15 75 1
15 84 1
15 268 1
15 453 1
15 601 1
15 654 1
15 943 1
16 24 1
16 45 1
16 57 1
16 223 1
16 272 1
16 330 1
17 29 1
17 42 1
17 55 1
17 57 1
17 74 1
17 79 1
17 447 1
17 450 1
17 654 1
17 878 1
18 86 1
18 536 1
18 741 1
19 22 1
19 44 1
19 50 1
19 81 1
19 108 1
19 446 1
19 883 1
19 894 1
19 975 1
20 28 1
20 52 1
20 68 1
20 169 1
20 472 1
20 624 1
20 738 1
20 836 1
21 23 1
21 37 1
21 77 1
21 91 1
21 158 1
21 749 1
21 847 1
22 24 1
22 32 1
22 39 1
22 65 1
22 67 1
22 68 1
22 71 1
22 80 1
22 872 1
23 35 1
23 84 1
23 93 1
23 322 1
24 28 1
24 50 1
24 58 1
24 59 1
24 69 1
24 72 1
24 92 1
25 37 1
25 45 1
25 56 1
26 61 1
26 77 1
26 254 1
26 436 1
26 635 1
26 700 1
26 776 1
26 962 1
27 40 1
27 46 1
27 47 1
27 51 1
27 87 1
27 167 1
27 269 1
27 336 1
27 556 1
27 856 1
28 31 1
28 32 1
28 51 1
28 63 1
28 76 1
28 79 1
28 178 1
28 275 1
28 887 1
29 51 1
29 52 1
29 85 1
29 278 1
29 322 1
29 729 1
30 65 1
30 66 1
30 67 1
30 795 1
31 38 1
31 63 1
31 83 1
31 93 1
31 185 1
32 44 1
32 55 1
32 64 1
32 79 1
32 147 1
32 195 1
32 306 1
32 726 1
33 47 1
33 71 1
33 97 1
33 100 1
33 118 1
35 40 1
35 41 1
35 42 1
35 51 1
35 52 1
35 59 1
35 62 1
35 63 1
35 65 1
35 166 1
36 51 1
36 68 1
36 76 1
36 955 1
36 978 1
37 93 1
38 984 1
39 69 1
39 100 1
39 649 1
39 948 1
40 45 1
40 498 1
40 859 1
40 939 1
41 64 1
41 92 1
41 316 1
41 517 1
42 54 1
42 55 1
42 92 1
42 95 1
42 386 1
43 83 1
43 267 1
43 273 1
43 584 1
44 78 1
44 81 1
44 216 1
44 624 1
45 65 1
45 145 1
45 808 1
46 60 1
46 74 1
46 76 1
46 81 1
46 244 1
46 674 1
46 767 1
46 896 1
47 78 1
47 133 1
47 642 1
47 908 1
48 59 1
48 84 1
48 210 1
48 746 1
48 760 1
49 65 1
49 87 1
49 96 1
49 193 1
49 410 1
50 64 1
51 765 1
51 775 1
52 62 1
52 93 1
52 500 1
52 514 1
52 744 1
52 877 1
52 997 1
53 88 1
53 99 1
53 371 1
53 667 1
54 83 1
54 95 1
54 295 1
54 381 1
54 512 1
54 624 1
54 991 1
55 77 1
55 84 1
55 93 1
55 194 1
55 222 1
55 491 1
55 743 1
55 845 1
56 63 1
56 94 1
56 748 1
57 74 1
57 79 1
57 87 1
57 403 1
57 549 1
57 823 1
58 64 1
58 83 1
58 552 1
58 990 1
59 66 1
59 144 1
59 295 1
59 513 1
60 106 1
60 751 1
60 930 1
61 73 1
61 82 1
61 94 1
61 659 1
63 68 1
63 73 1
63 77 1
63 78 1
63 79 1
63 434 1
63 836 1
63 926 1
64 76 1
64 78 1
64 82 1
64 89 1
64 352 1
65 741 1
66 86 1
67 188 1
68 79 1
68 84 1
68 97 1
68 353 1
68 549 1
69 77 1
70 73 1
70 89 1
70 97 1
71 81 1
72 78 1
72 184 1
72 778 1
73 79 1
73 98 1
73 320 1
73 799 1
73 965 1
74 93 1
74 916 1
75 641 1
75 704 1
76 455 1
76 841 1
76 870 1
77 226 1
77 424 1
77 993 1
78 88 1
79 85 1
79 87 1
79 99 1
79 351 1
79 387 1
79 907 1
80 98 1
80 162 1
80 284 1
81 507 1
81 826 1
82 97 1
82 695 1
83 94 1
84 94 1
84 149 1
84 591 1
84 863 1
85 91 1
85 183 1
85 831 1
86 305 1
86 453 1
86 467 1
87 485 1
87 938 1
87 952 1
88 95 1
88 128 1
89 344 1
89 348 1
90 123 1
90 665 1
91 184 1
91 392 1
91 426 1
91 754 1
92 454 1
93 181 1
93 605 1
94 97 1
94 190 1
94 278 1
94 772 1
94 850 1
96 550 1
96 628 1
96 922 1
98 620 1
98 896 1
99 706 1
99 941 1
101 140 1
101 144 1
101 170 1
101 173 1
101 186 1
102 125 1
102 131 1
102 132 1
102 134 1
102 142 1
102 154 1
102 184 1
102 391 1
102 412 1
102 784 1
103 120 1
103 137 1
103 153 1
103 156 1
103 161 1
103 782 1
104 111 1
104 126 1
104 152 1
104 157 1
104 170 1
104 639 1
104 726 1
105 108 1
105 112 1
105 119 1
105 121 1
105 124 1
105 130 1
105 188 1
105 861 1
106 176 1
106 698 1
107 126 1
107 136 1
107 153 1
107 155 1
107 162 1
107 193 1
107 487 1
108 134 1
108 485 1
108 595 1
108 654 1
109 112 1
109 115 1
109 151 1
109 385 1
109 735 1
109 852 1
110 127 1
110 130 1
110 152 1
110 174 1
110 188 1
110 193 1
111 154 1
111 167 1
111 637 1
111 784 1
112 131 1
112 155 1
112 231 1
113 146 1
113 180 1
113 182 1
113 188 1
113 814 1
114 165 1
114 166 1
114 189 1
114 343 1
114 857 1
115 149 1
115 157 1
115 177 1
115 897 1
116 125 1
116 147 1
116 150 1
116 252 1
117 126 1
117 133 1
117 143 1
117 146 1
117 158 1
117 159 1
117 186 1
117 198 1
117 468 1
118 159 1
118 181 1
118 192 1
119 156 1
119 168 1
119 185 1
119 899 1
120 180 1
121 128 1
121 131 1
121 161 1
121 194 1
121 198 1
121 330 1
121 856 1
122 142 1
122 146 1
122 155 1
122 157 1
122 162 1
122 164 1
122 167 1
122 177 1
122 187 1
122 406 1
123 127 1
123 173 1
123 192 1
124 127 1
124 134 1
124 159 1
124 161 1
124 164 1
124 185 1
124 196 1
124 591 1
125 126 1
125 137 1
125 619 1
125 953 1
126 144 1
126 177 1
126 403 1
126 428 1
126 475 1
126 686 1
126 691 1
126 898 1
126 905 1
127 139 1
127 154 1
127 157 1
127 169 1
127 175 1
127 176 1
127 648 1
128 229 1
128 354 1
128 437 1
128 582 1
129 134 1
129 159 1
129 165 1
129 327 1
129 586 1
130 149 1
130 194 1
130 644 1
130 697 1
130 729 1
131 151 1
131 152 1
131 156 1
131 169 1
131 191 1
131 194 1
131 339 1
132 136 1
132 141 1
132 161 1
132 168 1
132 198 1
132 384 1
133 155 1
133 168 1
133 170 1
133 178 1
133 189 1
133 230 1
133 824 1
134 189 1
134 190 1
134 687 1
135 161 1
135 174 1
135 404 1
136 153 1
136 159 1
136 186 1
136 199 1
136 286 1
136 634 1
137 141 1
137 144 1
137 154 1
137 161 1
137 169 1
137 173 1
137 178 1
137 192 1
138 149 1
138 554 1
138 933 1
139 172 1
139 189 1
139 694 1
140 151 1
140 180 1
140 256 1
140 635 1
140 889 1
141 142 1
141 152 1
141 158 1
141 174 1
141 193 1
141 294 1
142 146 1
142 148 1
142 149 1
142 163 1
142 201 1
142 368 1
142 455 1
142 934 1
143 168 1
144 150 1
145 162 1
145 181 1
145 195 1
145 239 1
145 832 1
146 150 1
146 177 1
146 178 1
146 187 1
146 445 1
146 515 1
146 801 1
147 154 1
147 984 1
148 155 1
148 198 1
149 150 1
149 175 1
149 182 1
150 161 1
150 175 1
150 195 1
150 245 1
150 520 1
150 783 1
150 903 1
151 510 1
152 167 1
152 177 1
152 187 1
152 912 1
153 162 1
153 199 1
153 833 1
153 909 1
154 155 1
154 161 1
154 333 1
154 625 1
154 842 1
154 958 1
155 172 1
155 173 1
155 200 1
156 178 1
156 186 1
157 172 1
157 179 1
157 190 1
157 443 1
157 876 1
158 168 1
158 188 1
158 194 1
158 471 1
159 160 1
159 173 1
159 190 1
159 193 1
160 166 1
160 171 1
161 539 1
161 757 1
162 175 1
162 185 1
162 444 1
162 614 1
162 852 1
162 949 1
163 176 1
163 189 1
163 543 1
163 569 1
163 899 1
163 954 1
164 183 1
164 293 1
164 418 1
164 475 1
165 173 1
165 197 1
165 384 1
165 403 1
165 784 1
166 169 1
166 189 1
166 541 1
166 890 1
167 466 1
167 673 1
168 267 1
168 649 1
168 777 1
169 255 1
170 264 1
170 871 1
171 175 1
172 187 1
172 193 1
172 196 1
173 198 1
173 239 1
173 314 1
175 187 1
175 268 1
175 587 1
176 177 1
176 187 1
176 284 1
176 799 1
177 182 1
177 197 1
178 179 1
178 200 1
179 193 1
180 195 1
181 798 1
182 286 1
182 757 1
182 865 1
183 198 1
183 299 1
183 367 1
183 693 1
183 972 1
184 255 1
184 802 1
185 188 1
185 317 1
185 593 1
185 693 1
186 265 1
186 303 1
186 408 1
186 983 1
187 723 1
188 202 1
188 901 1
189 774 1
189 917 1
190 366 1
190 389 1
190 529 1
190 998 1
191 196 1
191 417 1
191 707 1
191 822 1
192 376 1
193 196 1
193 331 1
193 352 1
193 979 1
194 211 1
194 914 1
195 235 1
195 740 1
195 839 1
196 375 1
196 431 1
198 876 1
198 887 1
199 427 1
201 210 1
201 245 1
201 253 1
201 254 1
201 262 1
201 276 1
202 208 1
202 236 1
202 239 1
202 295 1
202 296 1
202 297 1
202 299 1
202 537 1
203 228 1
203 250 1
203 260 1
203 274 1
203 292 1
204 246 1
204 251 1
204 289 1
204 298 1
204 453 1
204 908 1
205 211 1
205 213 1
205 287 1
205 298 1
205 530 1
205 644 1
206 218 1
206 227 1
206 232 1
206 256 1
206 261 1
206 268 1
206 269 1
206 273 1
206 334 1
206 656 1
207 210 1
207 219 1
207 224 1
207 225 1
207 247 1
207 280 1
207 293 1
207 299 1
207 585 1
207 807 1
207 844 1
208 222 1
208 263 1
208 277 1
208 278 1
208 285 1
208 295 1
209 213 1
209 225 1
209 245 1
209 251 1
209 258 1
209 665 1
209 750 1
209 802 1
209 988 1
210 229 1
210 230 1
210 266 1
210 270 1
211 222 1
211 231 1
211 236 1
211 238 1
211 264 1
211 270 1
211 278 1
211 295 1
211 297 1
211 436 1
211 463 1
211 532 1
211 702 1
212 227 1
212 228 1
212 244 1
212 269 1
212 719 1
213 216 1
213 245 1
213 271 1
213 732 1
213 733 1
214 219 1
214 225 1
214 240 1
214 248 1
214 253 1
214 285 1
214 290 1
214 982 1
215 427 1
216 243 1
216 269 1
216 275 1
216 708 1
216 852 1
217 233 1
217 275 1
217 300 1
217 351 1
218 219 1
218 233 1
218 253 1
218 264 1
218 281 1
218 287 1
218 293 1
218 352 1
218 700 1
218 874 1
218 957 1
219 257 1
219 263 1
219 286 1
219 426 1
220 221 1
220 223 1
220 226 1
220 233 1
220 241 1
220 260 1
220 268 1
220 295 1
220 326 1
221 278 1
221 288 1
221 298 1
221 699 1
221 905 1
222 247 1
222 250 1
222 258 1
222 259 1
222 260 1
222 267 1
222 278 1
222 492 1
223 248 1
223 270 1
223 290 1
223 992 1
225 261 1
225 264 1
225 286 1
225 297 1
226 250 1
226 270 1
226 271 1
226 285 1
226 286 1
226 810 1
226 906 1
227 280 1
227 282 1
227 288 1
227 295 1
227 424 1
228 232 1
228 235 1
228 264 1
228 350 1
228 351 1
228 358 1
229 282 1
229 783 1
229 876 1
230 243 1
230 257 1
230 272 1
230 294 1
230 295 1
230 743 1
231 772 1
231 986 1
232 240 1
232 258 1
232 269 1
232 273 1
232 793 1
232 954 1
233 248 1
233 252 1
233 273 1
233 293 1
233 409 1
233 680 1
234 238 1
234 247 1
234 286 1
234 296 1
234 305 1
234 580 1
234 623 1
234 932 1
235 237 1
235 260 1
235 285 1
236 242 1
236 296 1
236 338 1
236 378 1
236 383 1
236 698 1
236 707 1
237 246 1
237 259 1
237 261 1
237 268 1
237 297 1
238 244 1
238 252 1
238 263 1
238 266 1
238 278 1
238 699 1
238 768 1
239 246 1
239 253 1
239 660 1
239 688 1
239 836 1
240 276 1
240 295 1
242 252 1
242 253 1
242 291 1
242 349 1
242 759 1
242 941 1
243 254 1
243 292 1
243 800 1
244 248 1
244 255 1
244 260 1
244 277 1
244 280 1
244 285 1
244 300 1
244 707 1
245 263 1
245 269 1
246 277 1
246 290 1
246 429 1
246 719 1
247 291 1
247 545 1
247 811 1
247 911 1
248 258 1
248 262 1
248 281 1
248 283 1
248 347 1
248 651 1
248 791 1
249 283 1
249 287 1
249 299 1
249 552 1
250 256 1
250 257 1
250 280 1
250 297 1
250 539 1
250 690 1
250 955 1
251 279 1
251 556 1
251 801 1
252 300 1
252 313 1
252 683 1
252 810 1
252 979 1
253 265 1
253 279 1
253 803 1
253 817 1
254 259 1
254 271 1
254 280 1
254 293 1
254 362 1
254 493 1
254 643 1
254 671 1
255 606 1
255 745 1
256 273 1
256 296 1
256 545 1
256 939 1
257 276 1
258 266 1
258 275 1
258 858 1
258 909 1
259 263 1
259 276 1
259 297 1
260 270 1
260 276 1
260 443 1
260 468 1
260 662 1
261 265 1
261 271 1
262 273 1
262 293 1
263 271 1
263 297 1
263 969 1
264 280 1
264 288 1
264 350 1
264 675 1
265 277 1
265 450 1
266 278 1
266 442 1
266 765 1
266 859 1
266 962 1
268 273 1
268 281 1
268 291 1
268 684 1
269 275 1
269 278 1
269 290 1
269 443 1
269 971 1
270 274 1
270 454 1
270 824 1
270 889 1
271 278 1
271 336 1
271 679 1
271 800 1
272 386 1
272 724 1
272 923 1
274 576 1
275 291 1
275 737 1
276 297 1
276 795 1
278 290 1
278 298 1
278 773 1
278 878 1
280 738 1
280 774 1
280 874 1
280 977 1
281 289 1
281 300 1
283 294 1
283 658 1
283 715 1
284 390 1
285 417 1
286 293 1
286 505 1
286 921 1
287 869 1
289 293 1
289 312 1
289 545 1
289 648 1
290 300 1
290 685 1
291 295 1
292 567 1
296 306 1
297 299 1
298 594 1
299 542 1
299 548 1
299 751 1
301 305 1
301 309 1
301 339 1
301 438 1
301 527 1
301 690 1
301 777 1
301 878 1
302 307 1
302 341 1
302 344 1
302 384 1
302 454 1
303 304 1
303 316 1
303 343 1
303 358 1
303 361 1
303 362 1
303 372 1
303 389 1
304 310 1
304 320 1
304 345 1
304 354 1
304 361 1
304 369 1
304 695 1
304 751 1
305 344 1
305 347 1
305 361 1
305 367 1
305 382 1
305 579 1
305 757 1
306 314 1
306 318 1
306 328 1
306 330 1
306 392 1
307 326 1
307 332 1
307 370 1
307 388 1
307 400 1
307 417 1
307 697 1
307 823 1
307 876 1
307 908 1
308 313 1
308 348 1
309 311 1
309 320 1
309 338 1
309 342 1
309 346 1
309 377 1
309 378 1
309 395 1
309 700 1
309 835 1
310 317 1
310 337 1
310 553 1
310 767 1
310 982 1
311 331 1
311 352 1
311 365 1
311 640 1
312 318 1
312 340 1
312 356 1
312 393 1
313 351 1
313 360 1
313 387 1
313 781 1
313 903 1
314 320 1
314 325 1
314 336 1
314 382 1
314 451 1
314 475 1
315 319 1
315 324 1
315 337 1
315 562 1
315 701 1
316 369 1
316 399 1
316 867 1
318 332 1
318 346 1
318 369 1
318 451 1
319 331 1
319 468 1
320 325 1
320 334 1
320 342 1
320 357 1
320 363 1
320 383 1
320 389 1
321 331 1
321 333 1
321 359 1
321 363 1
321 394 1
321 398 1
321 753 1
321 932 1
322 361 1
322 366 1
322 375 1
322 378 1
322 390 1
322 418 1
323 341 1
323 344 1
323 370 1
323 381 1
323 395 1
323 768 1
323 896 1
324 336 1
324 349 1
324 384 1
324 453 1
325 345 1
325 469 1
325 719 1
325 967 1
326 334 1
326 367 1
326 449 1
326 544 1
326 775 1
327 329 1
327 342 1
327 356 1
327 372 1
327 396 1
327 594 1
327 787 1
329 349 1
329 379 1
329 380 1
329 396 1
330 347 1
330 366 1
330 370 1
330 392 1
331 352 1
331 356 1
331 382 1
331 388 1
332 381 1
333 389 1
333 398 1
333 550 1
334 360 1
334 377 1
334 383 1
334 394 1
334 526 1
334 638 1
334 799 1
335 347 1
335 380 1
335 554 1
335 669 1
336 368 1
336 558 1
337 363 1
337 374 1
337 796 1
337 960 1
338 341 1
338 379 1
338 397 1
338 514 1
338 762 1
339 368 1
339 371 1
340 346 1
340 352 1
340 367 1
340 382 1
340 441 1
340 915 1
340 924 1
341 370 1
341 383 1
341 384 1
341 448 1
341 542 1
341 550 1
341 912 1
342 347 1
342 656 1
343 351 1
343 668 1
344 349 1
344 363 1
344 371 1
344 387 1
344 391 1
344 394 1
345 378 1
345 390 1
345 770 1
346 349 1
346 353 1
346 373 1
346 390 1
346 994 1
347 392 1
347 414 1
348 372 1
348 380 1
348 400 1
349 377 1
349 384 1
350 359 1
350 376 1
350 394 1
350 522 1
350 747 1
351 358 1
351 361 1
351 363 1
352 399 1
353 362 1
353 366 1
353 376 1
353 393 1
353 405 1
354 368 1
354 398 1
354 400 1
355 358 1
355 370 1
355 756 1
355 934 1
355 991 1
356 358 1
356 370 1
356 371 1
356 397 1
356 398 1
357 361 1
357 390 1
357 627 1
358 374 1
358 751 1
358 752 1
359 370 1
359 372 1
359 435 1
360 375 1
360 392 1
360 927 1
360 940 1
361 368 1
361 383 1
361 389 1
362 370 1
362 372 1
362 380 1
362 386 1
362 392 1
362 400 1
362 794 1
363 373 1
363 730 1
364 373 1
364 375 1
364 386 1
364 388 1
364 397 1
364 405 1
365 383 1
365 399 1
365 724 1
366 371 1
366 375 1
366 380 1
367 396 1
367 399 1
367 458 1
368 379 1
368 385 1
368 438 1
369 374 1
369 391 1
369 900 1
369 906 1
369 974 1
370 374 1
370 397 1
370 486 1
370 853 1
371 373 1
372 374 1
372 378 1
372 385 1
372 397 1
372 601 1
372 658 1
373 397 1
374 384 1
374 396 1
375 389 1
375 390 1
375 461 1
375 891 1
375 907 1
376 390 1
376 443 1
376 486 1
377 712 1
378 380 1
379 531 1
379 693 1
380 391 1
382 438 1
383 392 1
383 875 1
384 387 1
384 389 1
384 398 1
384 446 1
384 695 1
385 487 1
385 632 1
385 687 1
385 735 1
386 393 1
386 399 1
386 400 1
386 421 1
386 740 1
386 987 1
387 400 1
387 735 1
388 390 1
388 681 1
389 402 1
390 868 1
394 836 1
395 689 1
395 800 1
395 901 1
396 398 1
396 526 1
396 783 1
397 784 1
398 420 1
398 979 1
400 723 1
400 753 1
401 407 1
401 430 1
401 434 1
401 438 1
401 459 1
401 479 1
401 637 1
402 411 1
402 420 1
402 459 1
402 493 1
402 526 1
402 779 1
403 413 1
403 416 1
403 427 1
403 445 1
403 448 1
403 486 1
403 487 1
404 423 1
404 428 1
405 469 1
405 485 1
405 550 1
406 456 1
406 481 1
406 496 1
406 871 1
407 408 1
407 413 1
407 417 1
407 418 1
407 443 1
407 448 1
407 450 1
407 453 1
407 467 1
407 575 1
408 414 1
408 423 1
408 461 1
408 496 1
408 500 1
409 424 1
409 427 1
409 432 1
409 437 1
409 438 1
409 474 1
409 480 1
409 485 1
410 413 1
410 422 1
410 430 1
410 437 1
410 462 1
410 500 1
410 937 1
411 431 1
411 484 1
411 486 1
411 747 1
411 993 1
412 444 1
412 456 1
412 632 1
412 846 1
413 420 1
413 425 1
413 426 1
413 469 1
414 417 1
414 419 1
414 421 1
414 435 1
414 477 1
414 495 1
414 582 1
415 440 1
415 455 1
416 434 1
416 445 1
416 484 1
416 497 1
416 500 1
417 422 1
417 471 1
417 478 1
417 490 1
417 974 1
418 422 1
418 423 1
418 432 1
418 443 1
418 657 1
419 422 1
419 429 1
419 434 1
419 447 1
419 451 1
419 455 1
419 456 1
419 462 1
419 466 1
419 471 1
420 432 1
420 445 1
420 494 1
421 429 1
421 453 1
421 456 1
421 464 1
421 465 1
421 470 1
421 491 1
422 426 1
422 471 1
422 473 1
422 494 1
422 904 1
422 905 1
423 431 1
423 478 1
424 432 1
424 436 1
424 439 1
424 462 1
424 484 1
424 496 1
424 523 1
425 431 1
425 449 1
425 459 1
425 649 1
425 985 1
426 436 1
426 487 1
426 491 1
426 579 1
426 601 1
426 903 1
427 439 1
427 478 1
428 469 1
428 478 1
428 667 1
428 914 1
429 439 1
429 449 1
429 565 1
430 497 1
430 568 1
430 922 1
431 433 1
431 436 1
431 438 1
431 462 1
431 977 1
432 443 1
432 497 1
432 696 1
432 761 1
432 859 1
433 451 1
433 467 1
433 489 1
433 644 1
433 648 1
433 663 1
434 449 1
434 460 1
435 441 1
435 490 1
435 692 1
436 448 1
436 456 1
436 464 1
436 486 1
436 497 1
436 830 1
436 933 1
437 481 1
437 488 1
437 839 1
438 449 1
438 460 1
438 464 1
438 466 1
438 476 1
439 448 1
439 458 1
439 478 1
439 856 1
440 441 1
440 461 1
440 486 1
440 514 1
440 760 1
441 445 1
441 455 1
441 493 1
442 453 1
442 489 1
442 490 1
442 492 1
443 451 1
443 468 1
443 493 1
443 928 1
443 947 1
444 472 1
444 481 1
444 624 1
445 447 1
445 456 1
445 488 1
445 719 1
446 449 1
446 456 1
446 650 1
447 449 1
447 454 1
447 462 1
447 469 1
447 473 1
447 474 1
447 676 1
449 456 1
450 472 1
450 473 1
450 495 1
450 630 1
451 453 1
451 468 1
451 477 1
451 485 1
452 480 1
452 496 1
452 893 1
453 462 1
453 474 1
453 479 1
453 493 1
453 494 1
453 791 1
454 486 1
455 472 1
455 494 1
455 654 1
455 985 1
456 497 1
456 641 1
457 493 1
457 518 1
458 467 1
458 471 1
458 491 1
459 482 1
459 811 1
460 712 1
460 870 1
460 947 1
461 497 1
462 475 1
462 498 1
462 713 1
463 467 1
463 479 1
463 485 1
463 500 1
463 654 1
463 881 1
464 480 1
464 548 1
465 476 1
465 477 1
465 921 1
466 474 1
466 957 1
467 491 1
467 506 1
468 874 1
469 470 1
470 738 1
470 930 1
471 480 1
471 492 1
471 495 1
471 516 1
471 674 1
471 786 1
471 856 1
472 474 1
472 490 1
472 499 1
472 871 1
473 478 1
473 487 1
473 715 1
473 900 1
474 991 1
476 496 1
477 605 1
479 630 1
480 493 1
480 494 1
480 596 1
481 485 1
482 498 1
483 527 1
483 673 1
483 954 1
485 499 1
485 759 1
486 543 1
486 700 1
487 494 1
487 948 1
488 494 1
488 585 1
488 994 1
489 495 1
489 710 1
490 753 1
491 493 1
491 495 1
491 598 1
491 832 1
491 838 1
494 760 1
494 787 1
494 889 1
495 864 1
496 720 1
496 754 1
496 953 1
498 577 1
500 648 1
500 754 1
501 552 1
501 563 1
501 611 1
502 530 1
502 582 1
502 588 1
502 726 1
502 777 1
502 790 1
502 894 1
503 525 1
503 558 1
503 566 1
503 570 1
503 573 1
503 583 1
503 774 1
504 523 1
504 545 1
504 799 1
505 508 1
505 532 1
505 546 1
505 584 1
506 519 1
506 542 1
506 566 1
506 571 1
506 597 1
506 883 1
506 917 1
506 971 1
507 522 1
507 564 1
507 581 1
507 583 1
508 510 1
508 535 1
508 540 1
508 567 1
508 596 1
509 516 1
509 580 1
509 596 1
509 835 1
510 516 1
510 521 1
510 536 1
510 554 1
511 546 1
511 547 1
511 584 1
512 524 1
512 543 1
512 952 1
513 533 1
513 538 1
513 553 1
513 561 1
514 519 1
514 521 1
514 544 1
514 580 1
514 800 1
514 929 1
515 557 1
515 568 1
515 580 1
515 750 1
516 526 1
516 549 1
516 563 1
516 585 1
516 707 1
516 785 1
517 525 1
517 546 1
517 550 1
517 562 1
517 569 1
517 948 1
518 553 1
518 579 1
518 584 1
519 545 1
519 571 1
519 776 1
519 975 1
520 547 1
520 580 1
521 523 1
521 552 1
521 562 1
521 576 1
521 597 1
522 532 1
522 535 1
522 781 1
523 526 1
523 534 1
523 537 1
523 597 1
523 599 1
523 977 1
524 544 1
524 546 1
524 547 1
524 553 1
524 571 1
524 622 1
525 547 1
525 572 1
525 667 1
526 530 1
526 560 1
526 564 1
526 624 1
526 733 1
526 875 1
527 561 1
527 586 1
527 590 1
527 638 1
527 850 1
528 541 1
528 561 1
528 566 1
528 569 1
528 583 1
528 891 1
529 539 1
529 554 1
529 555 1
529 565 1
529 579 1
529 592 1
529 599 1
529 737 1
529 854 1
529 896 1
530 546 1
530 567 1
530 568 1
530 714 1
530 737 1
531 538 1
531 554 1
531 574 1
531 594 1
531 600 1
531 984 1
532 549 1
532 552 1
532 592 1
533 580 1
533 589 1
533 599 1
533 716 1
534 543 1
534 552 1
534 558 1
534 560 1
534 591 1
534 593 1
534 679 1
535 549 1
535 585 1
535 776 1
535 990 1
536 541 1
536 562 1
536 572 1
536 573 1
536 587 1
536 773 1
536 890 1
536 961 1
537 546 1
537 552 1
537 567 1
537 592 1
538 902 1
538 964 1
539 540 1
539 541 1
540 556 1
540 558 1
540 597 1
540 732 1
541 569 1
541 580 1
541 650 1
542 552 1
542 560 1
542 580 1
542 596 1
542 598 1
543 548 1
543 549 1
543 564 1
543 574 1
543 585 1
543 955 1
544 545 1
544 564 1
544 575 1
544 590 1
544 591 1
545 575 1
545 589 1
545 596 1
546 580 1
547 551 1
547 580 1
547 584 1
547 594 1
547 599 1
547 612 1
548 563 1
548 569 1
549 554 1
549 576 1
549 586 1
549 593 1
549 618 1
550 560 1
550 592 1
550 595 1
550 600 1
551 559 1
551 580 1
551 598 1
551 787 1
551 973 1
552 580 1
552 581 1
552 961 1
553 556 1
553 572 1
553 575 1
553 583 1
553 589 1
553 595 1
553 748 1
554 555 1
554 563 1
554 565 1
554 589 1
554 894 1
555 560 1
555 588 1
556 576 1
556 589 1
556 597 1
557 568 1
557 572 1
557 578 1
557 579 1
557 595 1
558 577 1
558 595 1
558 619 1
559 564 1
559 570 1
559 572 1
559 596 1
559 598 1
559 712 1
559 779 1
559 944 1
560 575 1
560 777 1
561 567 1
561 978 1
562 565 1
562 596 1
562 896 1
563 574 1
563 581 1
563 589 1
563 593 1
563 660 1
564 595 1
564 801 1
564 857 1
565 593 1
565 816 1
566 583 1
566 597 1
566 600 1
567 586 1
567 596 1
567 806 1
568 583 1
568 596 1
569 582 1
569 590 1
569 593 1
569 777 1
569 781 1
570 576 1
570 761 1
571 591 1
571 993 1
572 581 1
572 600 1
572 878 1
573 586 1
574 579 1
574 625 1
575 785 1
576 580 1
578 601 1
579 726 1
579 879 1
580 581 1
580 588 1
580 590 1
580 597 1
580 600 1
581 583 1
581 584 1
581 598 1
582 984 1
583 595 1
583 900 1
584 591 1
584 598 1
586 960 1
587 595 1
587 881 1
587 981 1
589 599 1
589 903 1
591 600 1
591 615 1
593 598 1
593 871 1
595 746 1
597 598 1
598 600 1
599 754 1
599 814 1
601 613 1
601 641 1
601 652 1
601 696 1
601 700 1
602 613 1
602 654 1
602 662 1
602 683 1
602 687 1
602 699 1
603 617 1
603 628 1
603 632 1
603 664 1
603 670 1
603 676 1
603 678 1
603 699 1
604 638 1
605 625 1
605 654 1
605 683 1
605 688 1
606 613 1
606 620 1
606 621 1
606 672 1
606 700 1
606 956 1
607 621 1
607 627 1
608 626 1
608 627 1
608 643 1
608 647 1
608 656 1
608 682 1
609 640 1
609 655 1
609 681 1
609 692 1
610 647 1
610 661 1
610 688 1
611 638 1
611 644 1
611 647 1
611 683 1
611 687 1
611 688 1
611 698 1
611 852 1
612 613 1
612 644 1
612 647 1
612 679 1
612 685 1
612 686 1
612 694 1
612 696 1
612 698 1
612 787 1
613 622 1
613 678 1
613 783 1
614 630 1
614 642 1
614 646 1
614 682 1
614 793 1
615 633 1
615 635 1
615 661 1
615 672 1
615 688 1
615 691 1
615 694 1
616 695 1
616 699 1
616 938 1
617 622 1
617 638 1
617 641 1
617 660 1
617 694 1
617 957 1
618 628 1
618 636 1
618 647 1
619 654 1
619 672 1
619 684 1
619 694 1
619 961 1
620 691 1
620 700 1
621 641 1
621 653 1
621 675 1
621 696 1
622 659 1
622 672 1
622 674 1
622 676 1
622 679 1
622 689 1
622 887 1
623 637 1
623 647 1
623 669 1
623 675 1
623 679 1
623 691 1
623 693 1
624 639 1
624 675 1
624 681 1
624 901 1
625 658 1
625 682 1
625 683 1
625 917 1
626 633 1
626 680 1
627 745 1
627 996 1
628 634 1
628 660 1
628 661 1
628 680 1
629 645 1
629 665 1
629 673 1
629 674 1
629 677 1
629 895 1
631 637 1
631 643 1
631 692 1
632 661 1
632 678 1
632 682 1
632 688 1
632 689 1
632 937 1
633 636 1
633 675 1
633 677 1
633 692 1
633 741 1
633 853 1
633 896 1
634 649 1
634 651 1
634 694 1
635 649 1
635 685 1
636 651 1
636 660 1
636 674 1
636 696 1
637 654 1
637 663 1
637 842 1
637 905 1
637 909 1
638 645 1
638 647 1
638 685 1
638 711 1
638 713 1
639 655 1
639 781 1
639 834 1
640 655 1
640 669 1
640 685 1
640 764 1
641 654 1
641 664 1
641 686 1
642 644 1
642 661 1
642 745 1
643 649 1
644 651 1
644 654 1
644 664 1
644 687 1
645 666 1
645 674 1
646 651 1
646 656 1
646 698 1
646 911 1
647 653 1
647 675 1
647 687 1
648 656 1
648 661 1
648 666 1
648 672 1
648 761 1
648 886 1
649 651 1
650 687 1
651 663 1
651 684 1
651 687 1
651 696 1
651 717 1
652 679 1
654 668 1
654 682 1
654 693 1
655 674 1
655 676 1
656 691 1
656 897 1
657 674 1
657 681 1
658 659 1
658 675 1
658 694 1
658 899 1
659 668 1
659 707 1
659 797 1
660 692 1
661 662 1
661 679 1
661 691 1
662 666 1
662 670 1
662 672 1
662 684 1
662 691 1
662 695 1
663 664 1
663 665 1
663 690 1
663 693 1
664 678 1
664 687 1
664 693 1
665 667 1
666 680 1
666 689 1
666 698 1
666 715 1
667 888 1
668 690 1
668 696 1
668 996 1
669 673 1
669 674 1
669 685 1
669 692 1
669 693 1
670 676 1
671 698 1
671 737 1
671 961 1
672 695 1
672 696 1
672 956 1
673 736 1
674 676 1
674 680 1
674 682 1
676 679 1
677 697 1
678 698 1
679 685 1
679 690 1
680 694 1
681 694 1
682 693 1
683 694 1
684 758 1
685 686 1
685 692 1
686 803 1
687 848 1
687 948 1
687 997 1
691 699 1
691 936 1
694 696 1
694 698 1
696 781 1
697 863 1
697 926 1
698 721 1
699 869 1
701 703 1
701 710 1
701 719 1
701 738 1
701 756 1
701 770 1
701 798 1
702 712 1
702 717 1
702 720 1
702 763 1
702 769 1
703 725 1
703 727 1
703 751 1
703 762 1
703 768 1
704 720 1
704 760 1
704 781 1
704 784 1
705 772 1
705 778 1
705 783 1
705 792 1
706 713 1
706 736 1
706 741 1
706 750 1
706 770 1
706 777 1
706 779 1
706 784 1
706 966 1
707 733 1
707 741 1
707 762 1
707 780 1
707 790 1
708 763 1
708 765 1
708 774 1
708 775 1
708 779 1
708 783 1
708 788 1
708 789 1
708 791 1
708 907 1
709 736 1
709 762 1
709 764 1
709 775 1
709 792 1
710 723 1
710 741 1
710 783 1
710 788 1
711 720 1
711 741 1
711 749 1
711 763 1
711 767 1
711 781 1
711 786 1
711 788 1
711 800 1
711 806 1
712 734 1
712 772 1
712 792 1
713 723 1
713 741 1
713 753 1
713 763 1
713 773 1
713 778 1
713 784 1
714 797 1
715 749 1
715 754 1
715 785 1
715 801 1
715 914 1
715 921 1
716 729 1
716 751 1
716 798 1
716 799 1
717 727 1
717 759 1
717 765 1
717 771 1
718 760 1
718 766 1
719 748 1
719 770 1
719 789 1
719 792 1
719 799 1
720 726 1
720 736 1
720 738 1
720 784 1
720 805 1
721 735 1
721 747 1
721 793 1
721 854 1
722 756 1
722 764 1
722 769 1
722 786 1
722 799 1
722 841 1
723 782 1
723 784 1
723 799 1
723 807 1
724 748 1
724 758 1
724 793 1
724 915 1
725 741 1
725 748 1
725 961 1
726 734 1
726 759 1
726 776 1
726 789 1
726 793 1
727 768 1
727 780 1
728 766 1
728 775 1
728 779 1
728 792 1
729 731 1
729 756 1
729 760 1
729 884 1
729 906 1
730 748 1
730 789 1
730 815 1
731 732 1
732 737 1
732 739 1
732 750 1
733 747 1
733 793 1
734 739 1
734 742 1
734 743 1
734 745 1
734 775 1
735 766 1
735 797 1
735 886 1
736 737 1
736 738 1
736 771 1
736 809 1
737 746 1
737 793 1
737 833 1
738 772 1
738 849 1
739 751 1
739 765 1
739 776 1
739 780 1
740 760 1
740 765 1
740 769 1
740 773 1
741 765 1
741 773 1
742 773 1
742 782 1
742 797 1
742 831 1
742 934 1
743 753 1
743 764 1
744 752 1
744 866 1
744 868 1
745 747 1
745 762 1
745 792 1
745 796 1
746 759 1
746 762 1
746 763 1
746 770 1
746 782 1
746 790 1
748 768 1
748 789 1
748 799 1
748 944 1
749 753 1
749 798 1
750 755 1
750 770 1
750 773 1
750 790 1
750 916 1
750 937 1
751 789 1
751 794 1
751 908 1
752 763 1
752 779 1
753 760 1
753 771 1
753 773 1
753 778 1
753 790 1
754 790 1
754 796 1
754 798 1
754 986 1
755 765 1
755 788 1
755 812 1
756 757 1
757 775 1
757 782 1
758 765 1
758 769 1
758 772 1
758 786 1
759 765 1
759 769 1
759 789 1
759 791 1
759 792 1
759 799 1
760 921 1
760 952 1
761 777 1
762 783 1
762 787 1
762 797 1
762 798 1
763 794 1
764 790 1
764 909 1
764 959 1
765 766 1
765 784 1
765 798 1
765 898 1
766 767 1
766 878 1
768 887 1
768 894 1
769 788 1
769 796 1
769 797 1
770 778 1
770 781 1
772 789 1
772 951 1
774 784 1
774 795 1
774 818 1
775 778 1
775 779 1
775 794 1
776 962 1
777 781 1
777 786 1
778 800 1
779 783 1
780 787 1
780 797 1
781 786 1
782 800 1
782 801 1
782 959 1
784 797 1
784 798 1
785 896 1
786 791 1
789 791 1
790 798 1
793 797 1
795 800 1
796 819 1
797 846 1
799 980 1
801 811 1
801 814 1
801 864 1
802 841 1
802 855 1
802 863 1
802 866 1
802 890 1
802 897 1
803 869 1
803 899 1
803 988 1
804 807 1
804 817 1
804 825 1
804 848 1
804 860 1
804 862 1
804 883 1
805 841 1
805 854 1
805 884 1
805 887 1
806 814 1
806 866 1
806 867 1
806 893 1
806 935 1
807 860 1
807 953 1
808 842 1
808 883 1
808 940 1
808 974 1
809 815 1
809 837 1
809 873 1
809 888 1
810 822 1
810 842 1
810 846 1
810 865 1
810 958 1
811 825 1
811 827 1
811 837 1
811 855 1
811 866 1
811 867 1
811 890 1
811 897 1
812 824 1
812 829 1
812 857 1
812 874 1
812 884 1
813 833 1
813 838 1
813 849 1
814 884 1
814 887 1
814 892 1
815 827 1
815 834 1
815 843 1
815 859 1
815 896 1
815 900 1
816 817 1
816 874 1
816 895 1
817 860 1
817 879 1
817 886 1
817 893 1
818 840 1
818 843 1
818 844 1
818 848 1
818 863 1
818 893 1
819 826 1
819 866 1
819 880 1
819 888 1
820 831 1
820 871 1
820 882 1
820 885 1
820 891 1
820 912 1
821 838 1
821 845 1
821 846 1
821 870 1
821 888 1
821 890 1
822 885 1
822 940 1
823 841 1
824 863 1
824 864 1
824 865 1
824 881 1
824 893 1
825 831 1
825 859 1
825 869 1
825 870 1
826 859 1
826 870 1
827 839 1
827 843 1
827 875 1
827 918 1
828 857 1
828 861 1
828 899 1
828 900 1
829 840 1
829 846 1
829 847 1
829 860 1
829 871 1
830 835 1
830 838 1
830 843 1
831 852 1
831 860 1
831 887 1
831 894 1
832 852 1
832 859 1
832 894 1
833 835 1
833 879 1
833 892 1
833 897 1
833 898 1
834 842 1
834 854 1
834 877 1
834 883 1
834 887 1
835 844 1
835 869 1
835 888 1
835 889 1
836 862 1
836 897 1
837 862 1
837 868 1
837 869 1
837 885 1
838 862 1
838 868 1
838 876 1
838 885 1
838 900 1
839 877 1
839 889 1
839 964 1
840 866 1
840 887 1
840 928 1
841 844 1
842 856 1
842 899 1
842 911 1
842 1000 1
843 861 1
843 871 1
844 852 1
844 856 1
844 884 1
845 864 1
846 879 1
846 891 1
846 896 1
847 852 1
848 853 1
848 871 1
848 894 1
849 859 1
849 870 1
849 898 1
850 866 1
851 859 1
851 876 1
851 892 1
851 898 1
852 873 1
853 862 1
853 878 1
853 896 1
854 870 1
854 872 1
854 905 1
855 890 1
856 858 1
856 859 1
856 888 1
856 890 1
857 865 1
857 866 1
857 877 1
857 882 1
857 894 1
857 897 1
862 873 1
863 875 1
863 884 1
865 866 1
866 876 1
867 870 1
867 898 1
867 900 1
867 904 1
869 892 1
870 889 1
871 872 1
871 883 1
871 892 1
872 900 1
872 928 1
873 894 1
874 896 1
874 900 1
875 985 1
876 877 1
876 882 1
877 888 1
877 889 1
877 892 1
877 895 1
877 897 1
878 884 1
878 885 1
878 888 1
879 894 1
881 899 1
881 928 1
882 886 1
882 888 1
883 885 1
884 890 1
884 899 1
885 887 1
886 896 1
886 899 1
887 897 1
887 900 1
890 893 1
894 896 1
899 938 1
901 933 1
901 957 1
902 912 1
902 944 1
903 905 1
903 914 1
903 926 1
903 952 1
903 963 1
903 966 1
903 994 1
904 982 1
904 993 1
905 906 1
905 923 1
905 928 1
905 951 1
905 967 1
905 968 1
905 997 1
906 918 1
906 964 1
906 983 1
907 926 1
907 949 1
907 955 1
907 957 1
907 989 1
908 979 1
908 995 1
909 942 1
909 969 1
909 984 1
909 989 1
909 993 1
909 997 1
910 951 1
910 954 1
910 968 1
910 969 1
910 973 1
911 938 1
911 964 1
911 984 1
911 989 1
912 946 1
912 979 1
913 919 1
913 921 1
913 936 1
913 951 1
913 957 1
913 961 1
913 976 1
913 981 1
913 987 1
913 994 1
914 925 1
914 926 1
914 944 1
914 948 1
914 955 1
914 994 1
915 921 1
915 923 1
915 928 1
915 960 1
915 973 1
915 980 1
915 1000 1
916 932 1
916 985 1
917 932 1
917 940 1
917 943 1
917 948 1
917 953 1
917 956 1
917 976 1
917 983 1
918 930 1
918 937 1
918 963 1
918 992 1
918 997 1
919 928 1
919 962 1
919 978 1
919 987 1
919 988 1
919 998 1
920 930 1
920 948 1
920 981 1
921 925 1
921 926 1
921 949 1
921 996 1
922 934 1
922 953 1
922 955 1
922 960 1
922 972 1
922 999 1
923 937 1
923 943 1
923 983 1
924 926 1
924 927 1
924 970 1
925 945 1
925 972 1
925 979 1
926 948 1
926 954 1
926 960 1
926 974 1
926 982 1
926 988 1
926 993 1
927 929 1
927 945 1
927 962 1
928 946 1
928 951 1
928 975 1
928 990 1
929 954 1
929 995 1
930 948 1
930 968 1
930 980 1
930 985 1
931 936 1
931 939 1
931 942 1
931 974 1
931 986 1
932 935 1
932 950 1
932 980 1
932 987 1
933 936 1
933 953 1
934 949 1
934 954 1
934 977 1
934 984 1
934 995 1
934 997 1
935 953 1
935 971 1
935 1000 1
936 941 1
936 973 1
936 994 1
937 942 1
937 981 1
938 962 1
938 969 1
938 974 1
938 991 1
938 998 1
939 985 1
939 991 1
940 963 1
940 985 1
941 961 1
941 993 1
942 944 1
942 952 1
942 974 1
942 984 1
943 947 1
943 964 1
943 973 1
943 983 1
943 991 1
944 969 1
944 984 1
945 990 1
946 976 1
947 957 1
948 951 1
948 959 1
948 979 1
950 964 1
950 973 1
950 984 1
950 985 1
951 981 1
951 984 1
952 959 1
952 966 1
952 974 1
953 966 1
953 975 1
953 989 1
953 995 1
954 972 1
954 975 1
954 983 1
954 991 1
954 993 1
955 993 1
956 976 1
956 980 1
956 993 1
956 999 1
957 978 1
957 986 1
960 971 1
961 979 1
961 997 1
962 986 1
965 977 1
965 990 1
966 979 1
966 985 1
966 993 1
966 999 1
967 970 1
967 985 1
968 975 1
968 977 1
970 1000 1
971 974 1
972 1000 1
973 975 1
974 985 1
974 988 1
974 998 1
975 979 1
976 982 1
976 991 1
977 987 1
978 985 1
978 993 1
979 986 1
979 993 1
979 998 1
980 984 1
981 984 1
981 996 1
982 990 1
983 990 1
985 998 1
986 988 1
986 998 1
987 1000 1
990 994 1
995 999 1
