1000 3420
1 3 1
1 12 1
1 15 1
1 34 1
1 46 1
1 55 1
1 56 1
1 59 1
1 65 1
1 91 1
1 371 1
1 445 1
1 903 1
1 976 1
2 98 1
2 182 1
2 274 1
2 455 1
3 17 1
3 54 1
3 78 1
3 98 1
3 481 1
3 836 1
4 24 1
4 26 1
4 51 1
4 72 1
4 77 1
4 86 1
4 96 1
4 220 1
4 597 1
4 705 1
5 44 1
5 59 1
5 66 1
5 75 1
5 868 1
5 886 1
6 8 1
6 15 1
6 57 1
6 68 1
6 76 1
6 140 1
7 25 1
7 33 1
7 43 1
7 54 1
7 196 1
7 453 1
7 825 1
8 14 1
8 23 1
8 26 1
8 27 1
8 38 1
8 76 1
8 102 1
8 239 1
9 32 1
9 64 1
9 66 1
9 73 1
9 227 1
9 462 1
9 763 1
9 786 1
9 948 1
10 14 1
10 48 1
10 99 1
10 357 1
10 749 1
11 27 1
11 40 1
11 46 1
11 72 1
11 81 1
12 21 1
12 65 1
12 83 1
12 272 1
12 679 1
12 690 1
13 16 1
13 45 1
13 63 1
13 87 1
14 27 1
14 46 1
14 60 1
14 95 1
15 44 1
15 60 1
15 95 1
15 97 1
15 182 1
15 350 1
15 757 1
16 34 1
16 39 1
16 82 1
16 93 1
16 157 1
16 292 1
17 56 1
17 512 1
17 880 1
18 28 1
18 38 1
18 39 1
18 62 1
18 71 1
18 77 1
18 83 1
18 745 1
18 845 1
18 890 1
19 21 1
19 57 1
19 59 1
19 68 1
19 79 1
19 420 1
19 619 1
20 33 1
20 38 1
20 69 1
20 84 1
20 94 1
20 97 1
20 292 1
20 347 1
21 83 1
21 87 1
21 91 1
21 94 1
22 69 1
22 93 1
22 321 1
23 30 1
23 64 1
23 82 1
23 83 1
24 39 1
24 50 1
24 58 1
24 83 1
24 95 1
24 97 1
24 250 1
24 400 1
25 34 1
25 53 1
25 55 1
25 66 1
25 75 1
25 79 1
25 189 1
26 39 1
26 42 1
26 89 1
26 515 1
27 78 1
27 80 1
27 371 1
27 381 1
27 622 1
27 722 1
28 38 1
28 40 1
28 42 1
28 43 1
28 45 1
28 53 1
29 37 1
29 76 1
29 89 1
29 469 1
30 36 1
30 57 1
30 90 1
30 94 1
30 250 1
31 34 1
31 44 1
31 72 1
31 98 1
32 94 1
32 129 1
32 735 1
33 47 1
33 59 1
33 64 1
33 66 1
33 91 1
33 101 1
33 301 1
33 884 1
34 51 1
34 72 1
34 85 1
34 172 1
34 381 1
34 837 1
35 732 1
35 760 1
36 39 1
36 55 1
36 75 1
36 92 1
36 94 1
36 97 1
36 137 1
36 785 1
37 39 1
37 67 1
37 70 1
37 92 1
37 93 1
37 426 1
37 629 1
38 52 1
38 77 1
38 454 1
38 627 1
38 775 1
38 832 1
39 58 1
39 100 1
39 931 1
40 90 1
40 837 1
41 85 1
41 86 1
41 249 1
41 513 1
41 619 1
42 86 1
42 95 1
42 138 1
42 814 1
42 908 1
43 58 1
43 71 1
43 93 1
43 597 1
43 888 1
44 63 1
44 64 1
44 92 1
44 336 1
44 766 1
45 46 1
45 57 1
45 65 1
45 92 1
45 186 1
45 429 1
46 50 1
46 51 1
46 96 1
47 73 1
47 86 1
47 94 1
47 689 1
47 854 1
49 52 1
49 92 1
49 626 1
49 696 1
50 59 1
51 63 1
51 67 1
51 99 1
51 104 1
51 256 1
52 57 1
52 62 1
52 71 1
52 87 1
52 373 1
52 760 1
53 65 1
53 68 1
53 82 1
54 91 1
54 95 1
54 402 1
54 928 1
55 88 1
55 93 1
56 60 1
56 77 1
56 391 1
56 591 1
56 754 1
57 66 1
57 100 1
57 191 1
57 233 1
57 322 1
57 744 1
58 62 1
58 72 1
58 76 1
58 384 1
58 425 1
59 70 1
59 71 1
59 89 1
59 668 1
59 885 1
60 74 1
60 76 1
60 97 1
61 72 1
61 76 1
61 79 1
61 834 1
62 66 1
62 85 1
62 341 1
63 85 1
63 87 1
63 90 1
63 95 1
63 785 1
64 141 1
64 254 1
64 567 1
65 422 1
65 712 1
66 67 1
66 91 1
66 349 1
66 363 1
66 738 1
67 73 1
67 77 1
67 449 1
68 212 1
68 216 1
68 226 1
69 92 1
69 190 1
69 435 1
69 486 1
69 845 1
70 80 1
70 243 1
70 269 1
70 391 1
70 493 1
70 900 1
71 81 1
71 202 1
72 84 1
72 87 1
72 97 1
73 78 1
73 79 1
73 93 1
73 97 1
73 433 1
74 693 1
75 83 1
75 88 1
76 94 1
77 78 1
77 86 1
77 183 1
77 871 1
78 337 1
78 614 1
78 890 1
79 88 1
79 508 1
79 699 1
79 731 1
80 94 1
80 842 1
81 94 1
81 598 1
81 857 1
82 308 1
82 346 1
83 87 1
83 133 1
83 409 1
84 91 1
84 308 1
84 522 1
84 523 1
84 911 1
85 753 1
86 578 1
87 764 1
88 91 1
89 527 1
89 606 1
90 94 1
90 254 1
91 233 1
91 939 1
92 93 1
92 926 1
93 98 1
93 545 1
93 555 1
94 880 1
96 537 1
97 223 1
97 960 1
98 113 1
98 444 1
99 403 1
99 418 1
100 792 1
100 904 1
101 109 1
101 157 1
101 189 1
102 117 1
102 128 1
102 144 1
102 146 1
102 159 1
102 161 1
102 162 1
102 164 1
102 673 1
102 971 1
103 105 1
103 120 1
103 140 1
103 142 1
103 146 1
103 187 1
103 197 1
103 571 1
103 740 1
104 134 1
104 138 1
104 182 1
104 189 1
105 106 1
105 126 1
105 128 1
105 156 1
105 176 1
105 264 1
105 440 1
105 778 1
106 107 1
106 118 1
106 150 1
106 174 1
106 180 1
106 195 1
106 196 1
106 199 1
106 773 1
106 919 1
107 115 1
107 118 1
107 126 1
107 167 1
107 178 1
107 196 1
107 485 1
108 109 1
108 137 1
108 153 1
108 180 1
108 184 1
108 970 1
109 154 1
109 168 1
109 172 1
110 113 1
110 118 1
110 140 1
110 148 1
110 179 1
110 369 1
110 644 1
110 831 1
110 920 1
111 112 1
111 126 1
111 132 1
111 151 1
111 170 1
111 193 1
111 199 1
111 346 1
111 595 1
112 119 1
112 131 1
112 132 1
112 163 1
112 194 1
112 594 1
113 133 1
113 149 1
113 160 1
113 166 1
113 200 1
113 409 1
113 653 1
113 747 1
114 137 1
114 166 1
114 181 1
114 189 1
114 197 1
114 307 1
114 310 1
115 124 1
115 127 1
115 133 1
115 144 1
115 171 1
115 519 1
116 162 1
116 190 1
116 755 1
116 878 1
117 120 1
117 125 1
117 132 1
117 142 1
117 153 1
117 193 1
117 323 1
118 121 1
118 127 1
118 138 1
118 148 1
118 157 1
118 166 1
118 170 1
118 440 1
119 145 1
119 172 1
119 191 1
119 198 1
119 287 1
119 447 1
119 880 1
120 600 1
121 129 1
121 157 1
121 160 1
121 164 1
121 168 1
121 194 1
121 248 1
121 523 1
121 582 1
121 981 1
122 167 1
123 184 1
123 886 1
123 910 1
123 966 1
123 992 1
124 132 1
124 154 1
124 155 1
124 195 1
124 420 1
125 136 1
125 157 1
125 168 1
125 180 1
125 187 1
125 192 1
125 741 1
125 853 1
126 148 1
126 172 1
126 191 1
126 196 1
126 465 1
127 155 1
127 160 1
127 366 1
128 186 1
128 459 1
128 600 1
128 834 1
129 133 1
129 136 1
129 141 1
129 165 1
129 364 1
129 367 1
130 157 1
130 187 1
130 190 1
130 192 1
130 197 1
131 146 1
131 152 1
131 163 1
131 194 1
132 150 1
132 156 1
132 167 1
132 199 1
132 921 1
133 177 1
133 189 1
133 190 1
133 194 1
133 801 1
134 138 1
134 144 1
134 148 1
134 157 1
134 196 1
134 276 1
135 149 1
135 195 1
135 461 1
135 629 1
136 141 1
136 153 1
136 190 1
137 161 1
137 166 1
137 178 1
138 150 1
138 173 1
138 185 1
138 188 1
138 189 1
138 191 1
138 599 1
139 178 1
139 199 1
139 208 1
139 335 1
139 489 1
140 157 1
140 185 1
141 164 1
141 172 1
141 177 1
142 176 1
142 180 1
142 185 1
142 195 1
142 198 1
143 145 1
143 147 1
143 167 1
143 192 1
143 707 1
144 146 1
144 162 1
144 169 1
145 176 1
145 197 1
145 198 1
146 192 1
146 562 1
146 584 1
146 644 1
147 153 1
147 174 1
147 514 1
147 709 1
148 326 1
148 840 1
149 150 1
149 172 1
149 196 1
149 416 1
149 816 1
149 906 1
150 952 1
151 196 1
151 285 1
151 686 1
151 895 1
152 447 1
152 611 1
153 186 1
153 198 1
153 219 1
153 956 1
154 166 1
154 171 1
154 197 1
155 166 1
155 175 1
155 187 1
155 676 1
155 896 1
156 179 1
156 196 1
156 210 1
156 697 1
157 183 1
157 197 1
157 198 1
157 908 1
157 989 1
158 178 1
158 179 1
158 186 1
158 196 1
160 217 1
160 272 1
161 177 1
161 186 1
162 179 1
162 507 1
163 167 1
163 179 1
163 180 1
163 191 1
163 192 1
163 297 1
163 438 1
163 597 1
163 645 1
164 166 1
164 178 1
164 751 1
165 332 1
165 458 1
166 168 1
166 194 1
166 994 1
167 171 1
167 185 1
167 195 1
168 181 1
169 191 1
169 193 1
169 194 1
169 196 1
169 978 1
170 174 1
170 186 1
170 193 1
170 196 1
170 530 1
171 174 1
171 175 1
171 190 1
171 199 1
171 212 1
171 227 1
172 198 1
172 383 1
173 855 1
173 963 1
174 423 1
174 730 1
175 176 1
175 267 1
175 332 1
176 183 1
176 911 1
176 946 1
177 188 1
177 736 1
178 183 1
178 192 1
178 312 1
178 354 1
178 722 1
179 230 1
179 331 1
179 438 1
179 464 1
179 590 1
180 274 1
180 283 1
180 525 1
181 192 1
181 200 1
182 449 1
182 462 1
182 793 1
182 810 1
184 448 1
184 950 1
185 603 1
186 200 1
186 405 1
186 951 1
186 966 1
188 192 1
188 709 1
189 193 1
189 195 1
190 272 1
191 543 1
192 196 1
192 678 1
193 623 1
193 914 1
194 285 1
195 199 1
195 930 1
196 696 1
197 382 1
197 792 1
198 388 1
198 497 1
198 540 1
199 986 1
201 227 1
201 237 1
201 247 1
201 251 1
201 289 1
201 293 1
201 482 1
202 229 1
202 230 1
202 234 1
202 245 1
202 256 1
202 276 1
202 285 1
202 290 1
202 294 1
202 299 1
202 387 1
203 204 1
203 235 1
203 261 1
203 263 1
203 264 1
203 272 1
203 282 1
203 294 1
203 461 1
204 214 1
204 220 1
204 247 1
204 257 1
204 285 1
204 502 1
205 222 1
205 235 1
205 256 1
205 258 1
205 275 1
205 282 1
206 236 1
206 237 1
206 240 1
206 300 1
207 224 1
207 229 1
207 233 1
207 234 1
207 262 1
207 702 1
207 837 1
207 894 1
207 946 1
208 217 1
208 226 1
208 254 1
208 268 1
208 277 1
208 423 1
208 847 1
208 960 1
209 217 1
209 247 1
209 257 1
210 227 1
210 229 1
210 232 1
210 576 1
211 214 1
211 216 1
211 229 1
211 240 1
211 243 1
211 271 1
211 285 1
211 410 1
211 597 1
211 864 1
212 228 1
212 237 1
212 266 1
212 634 1
213 257 1
213 282 1
214 242 1
214 298 1
215 220 1
215 225 1
215 228 1
215 233 1
215 245 1
215 258 1
215 277 1
216 217 1
216 228 1
216 247 1
216 254 1
216 270 1
216 290 1
217 225 1
217 229 1
217 243 1
217 249 1
217 271 1
217 283 1
217 291 1
217 336 1
217 389 1
217 437 1
217 579 1
218 253 1
218 258 1
218 278 1
218 293 1
218 295 1
218 298 1
218 459 1
218 550 1
218 636 1
218 881 1
219 238 1
219 297 1
219 638 1
220 256 1
220 275 1
220 277 1
220 295 1
220 684 1
221 231 1
221 270 1
221 271 1
221 289 1
221 291 1
222 273 1
222 280 1
222 282 1
222 403 1
222 722 1
223 227 1
223 260 1
223 263 1
223 295 1
223 338 1
223 457 1
223 597 1
224 232 1
224 246 1
224 313 1
225 232 1
225 238 1
225 243 1
225 255 1
225 260 1
225 268 1
225 299 1
225 626 1
225 738 1
226 279 1
226 295 1
226 759 1
227 260 1
227 286 1
227 293 1
227 295 1
227 296 1
227 677 1
227 845 1
228 233 1
228 262 1
228 267 1
228 284 1
228 299 1
228 550 1
228 764 1
229 239 1
229 267 1
229 274 1
229 380 1
229 439 1
229 479 1
229 607 1
229 727 1
230 233 1
230 241 1
230 273 1
230 275 1
230 280 1
230 281 1
230 381 1
231 245 1
231 284 1
231 290 1
231 298 1
231 576 1
232 271 1
232 297 1
232 739 1
232 753 1
233 248 1
233 272 1
233 291 1
233 299 1
233 644 1
233 725 1
233 737 1
234 251 1
234 254 1
234 258 1
234 264 1
234 281 1
234 289 1
235 243 1
235 258 1
235 265 1
235 647 1
236 251 1
236 483 1
236 494 1
237 254 1
237 267 1
238 276 1
238 293 1
238 432 1
238 843 1
239 244 1
239 247 1
239 414 1
239 500 1
240 244 1
240 262 1
240 508 1
240 741 1
241 244 1
241 260 1
241 261 1
241 278 1
241 291 1
241 295 1
241 298 1
241 348 1
241 349 1
241 617 1
241 707 1
241 821 1
242 248 1
242 254 1
242 262 1
242 275 1
242 287 1
242 353 1
242 880 1
243 263 1
243 264 1
243 707 1
245 290 1
246 251 1
246 260 1
246 261 1
246 277 1
246 298 1
246 345 1
247 254 1
247 288 1
247 293 1
247 311 1
247 312 1
247 458 1
247 594 1
248 273 1
249 262 1
249 274 1
249 276 1
249 300 1
249 639 1
249 710 1
250 265 1
250 273 1
250 280 1
250 289 1
250 293 1
250 760 1
250 837 1
251 252 1
251 258 1
251 270 1
251 280 1
251 926 1
252 264 1
252 265 1
252 273 1
253 267 1
253 275 1
254 259 1
254 264 1
254 294 1
254 320 1
254 380 1
254 573 1
254 794 1
254 976 1
255 259 1
255 264 1
255 275 1
255 276 1
255 282 1
255 285 1
255 706 1
255 892 1
256 260 1
256 287 1
256 290 1
256 554 1
257 282 1
257 293 1
257 297 1
258 275 1
258 291 1
258 907 1
259 262 1
259 289 1
259 292 1
259 294 1
259 313 1
259 593 1
260 270 1
260 288 1
261 266 1
261 288 1
261 296 1
261 302 1
261 788 1
261 838 1
262 268 1
262 272 1
262 280 1
262 281 1
262 286 1
262 288 1
262 291 1
264 278 1
264 285 1
265 281 1
265 363 1
265 614 1
265 824 1
265 846 1
266 279 1
266 388 1
266 524 1
266 697 1
267 289 1
267 952 1
268 349 1
268 837 1
268 947 1
269 286 1
269 309 1
270 298 1
270 300 1
270 437 1
270 552 1
270 730 1
270 763 1
272 277 1
272 715 1
272 953 1
273 592 1
274 285 1
275 284 1
275 288 1
275 295 1
275 955 1
276 278 1
276 509 1
276 791 1
277 297 1
277 325 1
277 468 1
277 744 1
279 291 1
279 294 1
280 281 1
280 289 1
281 283 1
281 298 1
281 628 1
282 606 1
282 785 1
283 617 1
284 729 1
285 296 1
285 299 1
285 325 1
286 292 1
286 293 1
286 300 1
287 294 1
287 503 1
287 652 1
287 746 1
289 292 1
289 560 1
290 297 1
290 649 1
291 795 1
291 798 1
291 957 1
293 347 1
293 569 1
294 297 1
294 521 1
294 731 1
294 794 1
295 430 1
295 701 1
295 927 1
296 467 1
296 580 1
296 801 1
297 373 1
297 959 1
298 795 1
299 321 1
299 723 1
299 784 1
300 388 1
300 606 1
301 341 1
301 352 1
301 362 1
301 383 1
301 900 1
302 314 1
302 317 1
302 327 1
302 367 1
302 373 1
302 387 1
302 406 1
302 732 1
303 323 1
303 329 1
303 344 1
303 349 1
304 326 1
304 346 1
304 350 1
305 306 1
305 323 1
305 324 1
305 325 1
305 356 1
305 372 1
305 384 1
305 392 1
305 395 1
305 399 1
306 336 1
306 348 1
306 355 1
306 380 1
306 853 1
307 309 1
307 312 1
307 323 1
307 328 1
307 334 1
307 335 1
307 336 1
307 364 1
307 383 1
307 390 1
307 952 1
308 311 1
308 319 1
308 344 1
308 345 1
308 356 1
308 357 1
308 382 1
308 383 1
308 398 1
308 453 1
309 354 1
309 389 1
310 320 1
310 326 1
310 387 1
310 389 1
311 315 1
311 320 1
311 344 1
311 369 1
311 399 1
312 331 1
312 346 1
312 353 1
312 371 1
312 396 1
312 493 1
312 569 1
312 616 1
312 666 1
312 821 1
312 834 1
313 333 1
313 386 1
313 396 1
313 398 1
313 585 1
313 775 1
313 830 1
313 953 1
314 378 1
314 390 1
314 398 1
314 571 1
314 905 1
315 325 1
315 351 1
315 362 1
315 368 1
315 393 1
315 577 1
315 809 1
315 978 1
316 320 1
316 344 1
317 319 1
317 355 1
317 384 1
317 388 1
317 482 1
317 946 1
317 993 1
318 333 1
318 338 1
318 343 1
318 391 1
318 392 1
319 330 1
319 384 1
319 386 1
319 394 1
319 682 1
319 914 1
320 331 1
320 334 1
320 341 1
320 391 1
320 397 1
320 399 1
321 344 1
321 353 1
321 356 1
321 397 1
321 540 1
322 328 1
322 330 1
322 343 1
322 367 1
322 379 1
322 617 1
322 774 1
323 335 1
323 336 1
323 344 1
323 355 1
323 380 1
323 399 1
323 922 1
323 978 1
324 358 1
324 365 1
324 366 1
324 377 1
325 350 1
325 357 1
325 366 1
325 378 1
325 385 1
325 387 1
325 391 1
325 396 1
325 484 1
325 486 1
326 335 1
326 361 1
326 380 1
326 692 1
326 790 1
327 335 1
327 351 1
327 353 1
327 363 1
327 375 1
327 511 1
328 349 1
328 355 1
328 365 1
328 371 1
328 933 1
329 365 1
329 374 1
329 375 1
329 384 1
329 387 1
330 335 1
330 336 1
330 355 1
330 377 1
330 384 1
330 394 1
330 395 1
330 431 1
330 490 1
330 527 1
331 351 1
331 352 1
331 357 1
331 366 1
331 371 1
331 375 1
331 376 1
331 380 1
331 381 1
331 392 1
331 555 1
331 750 1
331 852 1
332 359 1
332 361 1
332 472 1
332 541 1
332 738 1
332 875 1
333 361 1
333 380 1
333 806 1
333 931 1
334 387 1
334 388 1
334 395 1
335 339 1
335 366 1
335 377 1
335 388 1
335 397 1
335 529 1
336 342 1
336 382 1
336 399 1
336 774 1
337 358 1
337 367 1
337 708 1
337 922 1
338 341 1
338 343 1
338 363 1
338 656 1
339 369 1
339 385 1
340 655 1
341 384 1
341 389 1
341 391 1
341 393 1
342 345 1
342 354 1
342 357 1
343 353 1
343 357 1
343 360 1
343 375 1
343 406 1
343 711 1
344 371 1
344 650 1
345 363 1
345 370 1
345 398 1
346 398 1
346 832 1
347 365 1
347 375 1
347 384 1
347 392 1
347 472 1
348 351 1
348 391 1
348 392 1
348 397 1
349 358 1
349 432 1
349 604 1
350 357 1
350 371 1
350 519 1
350 916 1
350 970 1
351 375 1
351 384 1
351 395 1
352 361 1
352 383 1
352 388 1
353 399 1
353 707 1
354 357 1
354 363 1
354 387 1
355 391 1
355 395 1
357 381 1
357 384 1
357 394 1
357 788 1
357 829 1
358 369 1
358 370 1
358 385 1
358 398 1
358 647 1
359 367 1
359 377 1
359 387 1
359 524 1
360 525 1
361 394 1
361 718 1
361 997 1
362 378 1
362 393 1
363 391 1
363 394 1
363 500 1
363 977 1
363 995 1
364 397 1
364 440 1
364 572 1
364 758 1
364 870 1
364 933 1
366 371 1
366 377 1
366 383 1
366 581 1
366 630 1
367 384 1
367 394 1
367 549 1
367 729 1
367 800 1
368 542 1
368 846 1
369 884 1
370 392 1
370 463 1
370 516 1
371 387 1
371 518 1
371 600 1
374 392 1
374 400 1
374 880 1
375 376 1
375 383 1
375 389 1
375 650 1
376 734 1
377 378 1
377 398 1
377 703 1
377 756 1
377 824 1
378 395 1
378 476 1
379 395 1
379 646 1
382 388 1
382 393 1
382 400 1
382 514 1
382 537 1
383 399 1
383 424 1
383 556 1
384 385 1
384 387 1
384 399 1
384 915 1
385 397 1
386 400 1
388 390 1
388 391 1
388 537 1
389 397 1
389 813 1
390 396 1
390 532 1
390 789 1
391 853 1
392 459 1
392 468 1
392 517 1
392 622 1
392 762 1
393 593 1
394 398 1
395 399 1
395 465 1
396 398 1
397 399 1
397 636 1
397 727 1
398 993 1
400 636 1
400 693 1
401 455 1
401 571 1
402 414 1
402 424 1
402 428 1
402 459 1
402 471 1
402 477 1
402 485 1
402 487 1
402 497 1
402 520 1
402 720 1
402 730 1
403 409 1
403 420 1
403 495 1
403 941 1
404 420 1
404 462 1
404 481 1
404 500 1
404 913 1
405 440 1
405 446 1
405 471 1
405 602 1
406 441 1
407 449 1
407 467 1
407 471 1
407 479 1
407 492 1
407 924 1
407 971 1
408 435 1
408 441 1
408 448 1
408 611 1
408 644 1
409 448 1
409 460 1
409 492 1
409 498 1
409 500 1
410 413 1
410 429 1
410 440 1
410 447 1
410 461 1
410 474 1
410 486 1
411 422 1
411 434 1
411 449 1
411 458 1
411 494 1
411 496 1
411 497 1
412 428 1
412 429 1
412 448 1
412 472 1
413 417 1
413 460 1
413 463 1
413 470 1
413 473 1
413 480 1
413 491 1
413 918 1
413 976 1
414 415 1
414 587 1
415 434 1
415 438 1
415 458 1
415 460 1
415 495 1
415 497 1
415 500 1
415 921 1
416 423 1
416 472 1
416 485 1
416 582 1
416 642 1
416 690 1
417 419 1
417 446 1
417 457 1
417 489 1
417 490 1
417 491 1
417 684 1
418 422 1
418 436 1
418 483 1
418 491 1
418 495 1
418 497 1
418 619 1
419 422 1
419 439 1
419 456 1
419 492 1
419 851 1
420 437 1
420 455 1
420 474 1
420 488 1
420 493 1
420 494 1
420 495 1
421 422 1
421 425 1
421 460 1
421 469 1
421 482 1
421 484 1
421 491 1
421 495 1
421 558 1
422 441 1
422 444 1
422 491 1
423 458 1
423 479 1
423 480 1
423 482 1
423 487 1
423 497 1
423 790 1
423 800 1
424 434 1
424 470 1
424 480 1
424 832 1
424 946 1
425 427 1
425 458 1
425 475 1
425 495 1
425 500 1
425 932 1
426 432 1
426 476 1
426 893 1
427 438 1
427 454 1
427 465 1
427 476 1
427 653 1
427 920 1
428 460 1
428 472 1
428 536 1
428 729 1
429 447 1
429 477 1
430 435 1
430 442 1
430 779 1
431 448 1
431 462 1
431 535 1
431 705 1
432 435 1
432 440 1
432 476 1
432 496 1
432 951 1
433 434 1
433 437 1
433 463 1
433 475 1
434 447 1
434 452 1
434 554 1
434 561 1
434 745 1
434 767 1
435 453 1
435 462 1
435 697 1
435 994 1
436 446 1
436 457 1
436 481 1
436 492 1
437 441 1
437 499 1
437 882 1
438 466 1
438 495 1
438 726 1
439 444 1
439 451 1
439 474 1
439 477 1
439 634 1
439 780 1
439 841 1
440 461 1
440 468 1
440 497 1
440 740 1
440 860 1
440 871 1
440 913 1
441 458 1
441 481 1
441 980 1
442 446 1
442 635 1
442 779 1
442 884 1
443 477 1
443 553 1
444 459 1
444 498 1
444 613 1
445 491 1
445 564 1
445 608 1
446 447 1
446 452 1
446 462 1
446 464 1
446 478 1
446 873 1
447 454 1
447 469 1
447 470 1
447 479 1
447 481 1
448 462 1
448 465 1
448 492 1
448 990 1
449 499 1
450 485 1
450 490 1
450 496 1
450 983 1
451 470 1
451 477 1
451 832 1
452 495 1
453 459 1
453 663 1
453 836 1
454 458 1
454 486 1
455 477 1
455 498 1
455 572 1
456 469 1
456 485 1
456 495 1
456 535 1
457 480 1
457 498 1
457 637 1
457 738 1
458 460 1
458 462 1
458 471 1
458 477 1
458 624 1
459 462 1
459 565 1
460 471 1
460 487 1
460 496 1
461 468 1
461 497 1
461 544 1
461 850 1
462 747 1
463 479 1
463 631 1
464 487 1
464 719 1
464 789 1
465 481 1
465 594 1
465 770 1
465 985 1
467 496 1
467 602 1
468 490 1
468 878 1
469 487 1
469 490 1
470 478 1
470 484 1
470 650 1
471 477 1
471 490 1
471 495 1
472 473 1
472 495 1
472 541 1
472 746 1
474 601 1
475 477 1
475 887 1
476 497 1
476 673 1
476 765 1
477 491 1
477 501 1
478 496 1
478 726 1
478 813 1
479 485 1
480 482 1
480 596 1
480 855 1
481 490 1
481 500 1
482 485 1
482 490 1
482 495 1
482 570 1
482 608 1
483 500 1
483 900 1
484 498 1
484 499 1
485 489 1
485 495 1
486 691 1
486 704 1
486 737 1
487 499 1
487 665 1
488 512 1
488 774 1
490 693 1
490 923 1
491 546 1
491 585 1
491 680 1
492 495 1
492 697 1
493 515 1
494 498 1
494 830 1
494 909 1
494 910 1
496 597 1
496 772 1
497 929 1
498 572 1
499 553 1
499 837 1
500 568 1
500 646 1
500 972 1
501 517 1
501 529 1
501 536 1
501 557 1
502 549 1
502 550 1
502 588 1
503 529 1
503 545 1
503 547 1
503 585 1
503 593 1
503 595 1
504 511 1
504 520 1
504 531 1
504 533 1
504 543 1
504 544 1
504 558 1
504 561 1
504 562 1
504 593 1
504 600 1
504 659 1
504 762 1
505 556 1
505 940 1
505 981 1
506 569 1
506 597 1
506 738 1
506 986 1
507 524 1
507 537 1
507 541 1
507 567 1
507 577 1
507 594 1
507 622 1
507 796 1
507 806 1
508 537 1
508 548 1
508 571 1
508 599 1
508 633 1
509 568 1
509 574 1
509 599 1
510 542 1
510 545 1
510 594 1
510 598 1
511 520 1
511 522 1
511 529 1
511 530 1
511 540 1
511 586 1
511 600 1
511 963 1
512 529 1
512 538 1
512 598 1
512 660 1
512 721 1
513 522 1
513 565 1
513 580 1
514 516 1
514 566 1
514 571 1
514 574 1
514 598 1
515 526 1
515 529 1
515 534 1
515 545 1
515 560 1
515 563 1
515 566 1
515 778 1
516 541 1
516 558 1
516 584 1
516 866 1
517 531 1
517 533 1
517 590 1
518 539 1
518 589 1
518 597 1
518 837 1
519 527 1
519 540 1
519 544 1
519 545 1
520 575 1
520 729 1
521 527 1
521 532 1
521 534 1
521 550 1
521 556 1
521 572 1
521 584 1
521 594 1
521 597 1
521 608 1
522 528 1
522 530 1
522 559 1
522 567 1
522 574 1
522 575 1
522 915 1
523 526 1
523 586 1
523 930 1
523 938 1
523 959 1
524 527 1
524 586 1
525 545 1
525 559 1
525 597 1
526 540 1
526 543 1
526 594 1
527 528 1
527 535 1
527 574 1
527 593 1
527 595 1
527 660 1
527 938 1
528 566 1
528 587 1
528 589 1
528 595 1
528 775 1
529 547 1
529 558 1
529 570 1
529 597 1
530 537 1
530 552 1
530 575 1
531 537 1
531 567 1
531 911 1
532 583 1
533 587 1
533 634 1
534 556 1
534 559 1
534 574 1
534 576 1
534 752 1
534 767 1
535 564 1
536 544 1
536 556 1
536 571 1
536 576 1
536 580 1
536 594 1
536 880 1
537 542 1
537 551 1
537 582 1
537 600 1
538 539 1
538 540 1
538 542 1
538 556 1
538 577 1
538 583 1
538 588 1
538 595 1
538 854 1
539 562 1
539 586 1
539 592 1
539 656 1
539 853 1
539 986 1
540 549 1
540 568 1
540 576 1
540 1000 1
541 542 1
541 557 1
541 780 1
542 548 1
542 556 1
542 557 1
542 570 1
542 572 1
543 558 1
543 568 1
543 571 1
543 587 1
543 591 1
543 594 1
544 566 1
544 811 1
545 561 1
545 575 1
546 548 1
546 567 1
547 561 1
547 574 1
548 555 1
548 563 1
548 568 1
548 592 1
548 594 1
548 936 1
549 558 1
549 576 1
550 920 1
551 574 1
551 599 1
551 826 1
552 910 1
553 569 1
553 591 1
553 596 1
553 597 1
553 888 1
554 600 1
555 580 1
555 763 1
556 559 1
557 564 1
557 589 1
557 593 1
557 658 1
557 790 1
557 817 1
557 833 1
558 562 1
559 571 1
560 562 1
560 594 1
560 889 1
561 585 1
562 577 1
562 578 1
562 850 1
563 597 1
563 652 1
563 988 1
564 578 1
564 597 1
565 581 1
566 578 1
566 579 1
566 589 1
566 592 1
567 600 1
568 620 1
569 595 1
569 838 1
570 572 1
570 911 1
571 841 1
572 583 1
572 586 1
572 596 1
572 849 1
572 966 1
573 596 1
573 598 1
573 891 1
574 758 1
575 600 1
576 597 1
576 982 1
577 578 1
577 583 1
577 593 1
577 614 1
577 877 1
578 805 1
578 969 1
579 877 1
581 608 1
582 585 1
582 597 1
583 592 1
584 593 1
584 854 1
585 591 1
585 859 1
586 594 1
586 733 1
586 805 1
586 954 1
587 591 1
587 807 1
587 998 1
588 592 1
588 599 1
588 826 1
588 856 1
590 723 1
592 595 1
592 911 1
595 600 1
595 724 1
597 600 1
598 745 1
599 600 1
599 765 1
599 818 1
600 725 1
601 602 1
601 604 1
601 622 1
601 623 1
601 627 1
601 648 1
601 651 1
601 662 1
601 663 1
601 790 1
602 639 1
602 691 1
603 622 1
603 663 1
603 666 1
603 675 1
603 699 1
603 914 1
604 661 1
604 980 1
605 614 1
605 635 1
605 651 1
605 665 1
605 670 1
605 677 1
605 681 1
605 684 1
605 687 1
605 694 1
605 700 1
605 984 1
606 621 1
606 623 1
606 862 1
606 925 1
606 931 1
607 676 1
607 677 1
607 689 1
608 617 1
608 645 1
608 659 1
608 663 1
608 668 1
609 683 1
609 828 1
609 858 1
610 777 1
611 649 1
611 681 1
612 627 1
612 632 1
612 640 1
612 667 1
612 674 1
612 679 1
612 691 1
612 698 1
613 652 1
613 674 1
613 698 1
613 700 1
614 624 1
614 629 1
614 638 1
614 691 1
614 697 1
614 698 1
614 947 1
615 627 1
615 639 1
615 640 1
615 647 1
615 649 1
615 654 1
615 668 1
615 683 1
615 684 1
616 648 1
616 650 1
616 657 1
616 876 1
617 652 1
617 693 1
617 697 1
617 984 1
618 621 1
618 657 1
618 661 1
618 673 1
618 961 1
619 671 1
619 679 1
619 681 1
620 633 1
620 660 1
621 624 1
621 651 1
621 652 1
621 668 1
621 669 1
621 675 1
621 691 1
621 772 1
622 626 1
622 663 1
622 667 1
623 632 1
623 639 1
623 647 1
623 664 1
623 684 1
623 774 1
624 651 1
624 681 1
624 683 1
624 690 1
625 627 1
625 648 1
625 658 1
625 668 1
625 670 1
625 678 1
625 733 1
626 637 1
626 638 1
626 643 1
626 651 1
626 671 1
626 691 1
626 965 1
627 639 1
627 683 1
627 913 1
628 633 1
628 667 1
628 669 1
628 698 1
629 633 1
629 659 1
629 660 1
630 677 1
630 678 1
630 691 1
631 661 1
631 700 1
632 640 1
632 670 1
633 638 1
633 651 1
633 656 1
633 661 1
633 664 1
633 672 1
635 636 1
635 651 1
635 652 1
635 654 1
635 656 1
635 659 1
635 704 1
636 668 1
637 646 1
637 682 1
637 689 1
638 666 1
638 681 1
638 689 1
639 680 1
639 681 1
639 682 1
639 698 1
640 652 1
640 675 1
641 645 1
641 654 1
641 683 1
641 692 1
641 882 1
642 689 1
642 737 1
642 749 1
643 644 1
643 657 1
643 659 1
643 697 1
644 690 1
644 691 1
644 696 1
644 830 1
644 953 1
645 649 1
645 661 1
645 665 1
645 680 1
645 697 1
646 667 1
646 675 1
646 684 1
646 798 1
646 867 1
648 665 1
648 689 1
648 843 1
649 669 1
649 671 1
649 679 1
649 691 1
649 696 1
649 774 1
650 681 1
650 684 1
650 689 1
650 691 1
650 858 1
650 878 1
650 906 1
651 658 1
651 660 1
651 758 1
652 697 1
653 658 1
653 671 1
653 686 1
653 690 1
654 656 1
654 667 1
654 697 1
655 663 1
655 674 1
655 683 1
655 767 1
656 659 1
656 735 1
656 837 1
657 661 1
657 669 1
657 689 1
657 816 1
657 967 1
658 663 1
658 675 1
658 681 1
659 678 1
659 682 1
659 694 1
660 674 1
660 681 1
660 683 1
660 982 1
661 674 1
661 675 1
661 697 1
662 683 1
663 664 1
663 666 1
663 669 1
663 675 1
663 678 1
663 697 1
663 746 1
666 675 1
667 669 1
667 682 1
667 908 1
668 670 1
668 676 1
668 693 1
668 698 1
668 729 1
670 671 1
670 677 1
670 698 1
670 762 1
670 893 1
671 693 1
672 677 1
672 699 1
672 780 1
674 816 1
675 685 1
675 811 1
676 677 1
676 700 1
676 732 1
677 680 1
677 699 1
678 696 1
679 694 1
682 698 1
683 694 1
683 701 1
684 691 1
684 765 1
685 697 1
685 698 1
686 692 1
686 911 1
686 997 1
687 698 1
687 699 1
689 939 1
690 700 1
690 766 1
693 694 1
693 892 1
693 951 1
694 695 1
695 707 1
697 845 1
698 712 1
699 702 1
699 783 1
701 715 1
701 721 1
701 727 1
701 751 1
701 756 1
701 865 1
702 733 1
702 739 1
702 749 1
702 767 1
702 796 1
702 957 1
703 717 1
703 724 1
703 731 1
703 738 1
703 787 1
703 798 1
703 972 1
704 706 1
704 722 1
704 729 1
704 734 1
704 736 1
704 744 1
704 761 1
705 734 1
705 770 1
706 716 1
706 717 1
706 724 1
706 748 1
706 756 1
707 710 1
707 770 1
707 792 1
708 724 1
708 740 1
709 721 1
709 724 1
709 746 1
709 759 1
709 769 1
709 785 1
710 739 1
710 757 1
710 760 1
710 795 1
711 712 1
711 752 1
711 771 1
711 772 1
711 784 1
711 790 1
712 997 1
713 751 1
713 798 1
714 732 1
714 754 1
714 774 1
714 778 1
714 906 1
714 979 1
715 722 1
715 733 1
715 747 1
715 756 1
715 764 1
715 775 1
715 794 1
715 998 1
716 722 1
716 725 1
716 760 1
717 738 1
717 748 1
717 768 1
717 986 1
717 987 1
718 719 1
718 726 1
718 764 1
718 771 1
718 785 1
718 795 1
719 759 1
719 794 1
720 746 1
720 749 1
720 753 1
720 781 1
720 790 1
720 791 1
720 796 1
720 950 1
721 753 1
721 787 1
722 744 1
722 773 1
722 795 1
723 782 1
723 800 1
723 910 1
724 729 1
724 733 1
724 750 1
724 765 1
724 773 1
724 778 1
725 735 1
725 743 1
725 745 1
725 748 1
725 786 1
725 796 1
726 757 1
727 737 1
727 738 1
727 765 1
727 768 1
727 773 1
727 774 1
727 777 1
727 790 1
727 956 1
728 729 1
728 762 1
728 769 1
728 799 1
729 749 1
729 766 1
729 768 1
729 774 1
729 776 1
729 779 1
729 784 1
730 759 1
730 766 1
730 768 1
730 771 1
730 807 1
731 736 1
731 743 1
731 750 1
731 769 1
731 774 1
731 812 1
732 798 1
732 919 1
732 995 1
733 760 1
733 767 1
733 785 1
734 758 1
734 782 1
735 738 1
735 749 1
736 737 1
736 767 1
736 772 1
736 774 1
737 744 1
737 774 1
737 791 1
737 793 1
738 764 1
738 907 1
739 754 1
739 759 1
739 763 1
740 967 1
741 748 1
741 752 1
741 755 1
741 761 1
741 764 1
741 849 1
742 762 1
742 784 1
742 974 1
743 753 1
743 762 1
743 766 1
743 770 1
744 746 1
744 755 1
744 760 1
744 775 1
745 756 1
745 758 1
746 761 1
746 763 1
746 773 1
746 782 1
747 781 1
748 754 1
748 759 1
748 760 1
748 762 1
748 766 1
748 787 1
749 787 1
749 792 1
749 799 1
749 926 1
750 754 1
750 756 1
750 764 1
750 796 1
751 762 1
751 781 1
752 766 1
752 778 1
752 968 1
753 761 1
753 776 1
753 782 1
754 764 1
756 781 1
756 784 1
756 799 1
757 767 1
757 771 1
758 766 1
758 774 1
759 787 1
759 902 1
760 766 1
760 788 1
760 796 1
761 781 1
762 763 1
762 798 1
763 781 1
763 791 1
763 797 1
763 903 1
764 791 1
764 800 1
764 915 1
764 922 1
765 776 1
766 787 1
766 792 1
767 793 1
768 924 1
769 773 1
769 784 1
770 839 1
771 943 1
772 779 1
772 891 1
773 778 1
773 779 1
773 793 1
775 895 1
776 780 1
776 796 1
776 926 1
777 795 1
777 832 1
778 785 1
779 799 1
780 848 1
780 973 1
781 782 1
781 784 1
781 792 1
781 797 1
783 785 1
784 793 1
785 925 1
786 872 1
790 799 1
791 849 1
792 797 1
792 981 1
793 797 1
793 798 1
794 797 1
795 875 1
797 799 1
798 966 1
799 848 1
799 974 1
801 811 1
801 820 1
801 821 1
801 825 1
801 826 1
801 827 1
801 834 1
801 837 1
801 854 1
801 863 1
801 866 1
801 870 1
802 862 1
802 895 1
803 835 1
803 843 1
804 896 1
804 903 1
805 820 1
805 840 1
805 874 1
805 935 1
806 828 1
806 868 1
806 893 1
807 810 1
807 813 1
807 823 1
807 830 1
807 848 1
807 868 1
807 880 1
808 849 1
808 876 1
808 885 1
808 890 1
808 897 1
809 836 1
809 881 1
809 882 1
810 822 1
810 833 1
810 834 1
810 846 1
810 852 1
810 875 1
810 890 1
811 817 1
811 886 1
811 896 1
812 838 1
812 847 1
812 899 1
812 900 1
812 915 1
813 836 1
813 837 1
813 853 1
813 858 1
813 868 1
813 875 1
813 893 1
814 815 1
814 828 1
814 840 1
814 853 1
814 858 1
814 862 1
815 896 1
816 827 1
816 855 1
816 894 1
816 899 1
817 852 1
817 866 1
817 912 1
818 861 1
818 867 1
818 868 1
818 888 1
818 899 1
818 905 1
819 831 1
819 833 1
819 835 1
819 860 1
819 884 1
820 836 1
820 866 1
820 898 1
821 842 1
822 830 1
822 836 1
822 843 1
822 846 1
822 852 1
822 877 1
823 830 1
823 841 1
823 879 1
823 886 1
824 837 1
824 858 1
824 889 1
825 829 1
825 850 1
825 883 1
826 834 1
826 835 1
826 870 1
827 837 1
827 880 1
827 884 1
827 963 1
829 835 1
829 888 1
829 889 1
830 847 1
830 873 1
830 937 1
831 847 1
831 851 1
831 883 1
831 892 1
831 894 1
832 841 1
833 846 1
833 854 1
833 856 1
833 863 1
833 892 1
834 840 1
834 858 1
834 876 1
834 883 1
834 890 1
835 840 1
835 856 1
835 869 1
835 872 1
835 895 1
835 922 1
836 848 1
836 859 1
836 868 1
836 878 1
837 882 1
838 869 1
838 888 1
838 894 1
839 868 1
839 879 1
839 887 1
840 877 1
840 886 1
840 897 1
841 877 1
842 847 1
842 867 1
842 896 1
843 862 1
843 885 1
844 868 1
844 872 1
844 876 1
844 883 1
845 846 1
845 858 1
845 866 1
845 876 1
846 878 1
846 894 1
847 859 1
848 857 1
849 877 1
849 889 1
851 865 1
851 875 1
851 884 1
852 884 1
852 886 1
853 863 1
854 856 1
854 866 1
854 875 1
854 881 1
854 891 1
855 887 1
855 892 1
855 896 1
855 961 1
857 859 1
857 870 1
858 889 1
858 890 1
858 895 1
859 860 1
859 868 1
859 875 1
859 887 1
859 890 1
859 898 1
860 876 1
861 900 1
861 967 1
863 867 1
864 871 1
864 884 1
864 894 1
865 866 1
865 868 1
865 875 1
865 887 1
865 895 1
866 980 1
868 879 1
868 894 1
868 898 1
869 905 1
870 871 1
870 878 1
870 895 1
871 891 1
871 892 1
872 874 1
872 876 1
872 887 1
872 889 1
873 885 1
873 887 1
873 909 1
874 926 1
876 895 1
878 883 1
878 887 1
878 900 1
879 886 1
879 889 1
880 977 1
881 888 1
881 898 1
882 896 1
883 893 1
888 898 1
889 890 1
892 897 1
892 979 1
898 922 1
899 987 1
901 908 1
901 925 1
901 934 1
901 937 1
902 925 1
902 944 1
902 947 1
902 960 1
902 994 1
903 908 1
903 930 1
903 971 1
903 976 1
903 987 1
903 996 1
903 997 1
904 905 1
904 916 1
904 963 1
904 979 1
905 939 1
905 941 1
905 943 1
905 969 1
906 920 1
906 972 1
906 995 1
907 916 1
907 933 1
907 973 1
907 980 1
907 985 1
907 990 1
907 1000 1
908 935 1
908 949 1
908 953 1
908 956 1
908 973 1
909 963 1
909 970 1
909 973 1
910 927 1
910 929 1
910 934 1
910 975 1
911 914 1
911 923 1
911 945 1
911 949 1
912 968 1
912 979 1
913 917 1
913 941 1
913 959 1
914 922 1
914 967 1
915 922 1
915 967 1
915 984 1
915 993 1
915 1000 1
916 951 1
916 966 1
916 977 1
916 978 1
916 987 1
917 955 1
917 969 1
917 974 1
917 981 1
917 993 1
918 953 1
918 954 1
918 955 1
918 973 1
918 974 1
918 995 1
919 924 1
919 951 1
919 966 1
919 985 1
920 943 1
920 979 1
920 982 1
920 988 1
921 930 1
921 952 1
921 958 1
921 1000 1
922 943 1
922 957 1
923 929 1
923 930 1
923 931 1
923 966 1
923 973 1
923 978 1
924 950 1
925 934 1
925 938 1
925 939 1
925 948 1
925 981 1
926 952 1
926 966 1
926 967 1
927 937 1
927 982 1
928 935 1
928 945 1
928 950 1
928 970 1
928 977 1
928 982 1
928 983 1
928 994 1
929 936 1
929 943 1
929 946 1
929 952 1
929 978 1
929 979 1
929 980 1
929 984 1
930 937 1
931 947 1
931 956 1
931 963 1
931 967 1
931 977 1
931 992 1
931 1000 1
932 934 1
932 973 1
932 992 1
932 997 1
933 938 1
933 951 1
933 992 1
934 967 1
935 956 1
935 963 1
935 970 1
936 939 1
936 946 1
936 957 1
936 968 1
936 983 1
936 997 1
937 939 1
937 941 1
937 947 1
937 974 1
938 956 1
938 959 1
939 957 1
939 958 1
939 973 1
939 990 1
940 968 1
940 998 1
941 955 1
941 975 1
941 993 1
941 997 1
941 1000 1
942 962 1
943 945 1
943 977 1
943 979 1
944 948 1
944 967 1
944 980 1
945 953 1
945 966 1
945 972 1
945 975 1
946 948 1
946 969 1
946 974 1
946 996 1
947 950 1
947 951 1
947 958 1
947 968 1
947 981 1
948 996 1
949 991 1
950 993 1
951 961 1
951 962 1
951 963 1
951 969 1
951 977 1
951 991 1
952 969 1
952 984 1
952 1000 1
953 966 1
953 973 1
953 978 1
953 985 1
953 997 1
954 996 1
955 968 1
955 972 1
956 966 1
956 971 1
957 968 1
958 1000 1
959 970 1
959 977 1
960 1000 1
961 965 1
961 969 1
963 992 1
964 965 1
964 976 1
964 978 1
965 988 1
965 989 1
965 991 1
965 1000 1
966 989 1
966 992 1
967 970 1
967 971 1
969 978 1
970 997 1
971 987 1
972 979 1
972 984 1
972 998 1
973 977 1
973 980 1
973 990 1
973 993 1
974 997 1
975 978 1
976 993 1
976 997 1
977 993 1
978 1000 1
981 992 1
981 994 1
984 993 1
987 990 1
989 994 1
989 995 1
989 997 1
989 1000 1
994 997 1
