1000 3419
1 16 1
1 18 1
1 23 1
1 50 1
1 68 1
1 69 1
1 99 1
1 692 1
2 22 1
2 38 1
2 43 1
2 87 1
2 797 1
3 4 1
3 17 1
3 77 1
3 274 1
3 306 1
3 507 1
3 633 1
4 28 1
4 38 1
4 85 1
4 95 1
5 15 1
5 19 1
5 39 1
5 48 1
5 57 1
5 58 1
5 82 1
5 96 1
5 99 1
5 642 1
6 20 1
6 21 1
6 23 1
6 53 1
6 54 1
6 59 1
6 75 1
6 85 1
6 624 1
7 30 1
7 51 1
7 59 1
7 64 1
7 68 1
7 75 1
7 350 1
8 11 1
8 24 1
8 33 1
8 66 1
8 98 1
8 100 1
8 301 1
9 10 1
9 12 1
9 48 1
9 65 1
9 77 1
9 91 1
10 12 1
10 16 1
10 23 1
10 40 1
10 44 1
10 86 1
10 92 1
10 238 1
11 36 1
11 38 1
12 22 1
12 24 1
12 33 1
12 35 1
12 45 1
12 48 1
12 83 1
12 190 1
12 312 1
13 16 1
13 26 1
13 33 1
13 37 1
13 55 1
13 57 1
13 475 1
14 21 1
14 67 1
14 95 1
15 40 1
15 47 1
15 50 1
15 63 1
15 97 1
15 782 1
16 51 1
16 76 1
16 88 1
16 99 1
16 202 1
17 21 1
17 23 1
17 46 1
17 93 1
17 843 1
18 34 1
18 49 1
18 54 1
18 88 1
18 90 1
19 24 1
19 27 1
19 54 1
19 60 1
19 72 1
19 95 1
19 100 1
19 121 1
20 26 1
20 36 1
20 52 1
20 53 1
20 55 1
20 91 1
20 97 1
20 889 1
21 38 1
21 40 1
21 74 1
22 25 1
22 28 1
22 34 1
22 39 1
22 57 1
22 63 1
22 82 1
22 83 1
22 94 1
22 100 1
23 37 1
23 710 1
24 41 1
24 44 1
24 53 1
24 73 1
24 536 1
25 84 1
26 33 1
26 40 1
26 57 1
26 95 1
26 931 1
27 35 1
27 37 1
27 51 1
27 69 1
27 77 1
27 98 1
27 236 1
28 57 1
28 89 1
28 99 1
28 381 1
28 747 1
29 31 1
29 35 1
29 46 1
29 47 1
29 76 1
29 98 1
29 295 1
29 549 1
29 816 1
30 32 1
30 43 1
30 75 1
30 87 1
30 94 1
30 284 1
31 33 1
31 68 1
31 379 1
32 44 1
33 67 1
33 443 1
34 45 1
34 46 1
34 53 1
34 56 1
34 79 1
34 442 1
34 471 1
34 650 1
35 85 1
35 86 1
35 93 1
35 375 1
36 51 1
36 100 1
36 393 1
36 569 1
37 74 1
37 90 1
37 512 1
38 57 1
38 58 1
38 97 1
38 441 1
39 41 1
39 60 1
39 79 1
39 92 1
40 51 1
40 69 1
40 120 1
40 616 1
41 48 1
41 50 1
41 52 1
41 64 1
42 64 1
42 84 1
42 418 1
43 90 1
43 98 1
43 115 1
44 97 1
44 220 1
44 597 1
44 770 1
45 66 1
45 93 1
45 169 1
46 56 1
46 73 1
46 93 1
46 602 1
46 765 1
47 66 1
47 77 1
47 89 1
48 69 1
48 91 1
48 93 1
48 97 1
49 74 1
49 80 1
49 129 1
49 359 1
49 475 1
49 606 1
49 915 1
49 937 1
50 73 1
50 147 1
50 344 1
50 826 1
51 71 1
51 141 1
51 393 1
51 450 1
51 947 1
52 77 1
52 81 1
52 250 1
53 97 1
53 830 1
54 76 1
54 100 1
55 98 1
55 100 1
55 157 1
55 876 1
55 912 1
56 86 1
56 161 1
56 215 1
56 465 1
56 651 1
56 747 1
57 61 1
57 62 1
57 64 1
57 80 1
57 85 1
57 98 1
57 172 1
57 341 1
57 620 1
58 60 1
58 61 1
58 626 1
58 838 1
58 900 1
58 963 1
59 75 1
59 103 1
59 151 1
59 519 1
59 794 1
60 65 1
60 91 1
61 563 1
62 73 1
62 74 1
62 78 1
62 853 1
63 65 1
63 97 1
63 408 1
63 502 1
63 510 1
63 544 1
63 906 1
64 97 1
64 152 1
64 244 1
64 718 1
65 78 1
65 479 1
65 748 1
66 403 1
66 859 1
66 906 1
67 84 1
67 85 1
67 503 1
67 670 1
67 894 1
68 74 1
68 78 1
68 97 1
69 70 1
69 99 1
70 88 1
70 92 1
70 119 1
70 156 1
70 301 1
70 823 1
71 102 1
71 317 1
71 371 1
71 387 1
72 77 1
72 78 1
72 528 1
73 74 1
73 85 1
73 97 1
73 115 1
73 159 1
73 193 1
73 217 1
73 603 1
74 93 1
74 308 1
75 89 1
75 95 1
76 89 1
76 326 1
76 620 1
76 756 1
77 80 1
77 821 1
78 81 1
78 90 1
79 109 1
79 664 1
80 95 1
80 99 1
81 89 1
81 91 1
81 406 1
81 461 1
81 762 1
83 530 1
83 760 1
84 88 1
84 825 1
85 328 1
85 960 1
86 90 1
86 583 1
86 798 1
87 258 1
88 95 1
88 96 1
88 461 1
88 648 1
89 100 1
89 278 1
89 980 1
90 142 1
90 354 1
90 380 1
90 506 1
90 715 1
90 967 1
91 96 1
91 143 1
92 97 1
93 621 1
94 495 1
95 339 1
95 750 1
96 534 1
97 436 1
97 722 1
98 110 1
99 109 1
99 426 1
101 121 1
101 129 1
101 135 1
101 147 1
101 158 1
101 834 1
102 119 1
102 129 1
102 138 1
102 194 1
102 326 1
102 738 1
103 132 1
103 133 1
103 147 1
103 157 1
103 162 1
103 174 1
103 299 1
103 688 1
104 131 1
104 140 1
104 142 1
104 153 1
104 171 1
104 193 1
104 242 1
104 544 1
104 582 1
104 892 1
105 143 1
105 156 1
105 186 1
105 187 1
105 195 1
105 838 1
106 133 1
106 142 1
106 146 1
106 153 1
106 199 1
106 303 1
107 154 1
107 184 1
107 937 1
108 150 1
108 174 1
108 192 1
109 115 1
109 122 1
109 127 1
109 136 1
109 139 1
109 167 1
109 169 1
109 184 1
109 187 1
109 310 1
109 530 1
109 829 1
110 135 1
110 155 1
110 267 1
110 302 1
110 831 1
111 141 1
111 165 1
111 167 1
111 182 1
111 199 1
112 129 1
112 157 1
112 175 1
113 594 1
113 785 1
114 117 1
114 118 1
114 140 1
114 142 1
114 158 1
114 169 1
115 137 1
115 145 1
115 176 1
115 183 1
115 197 1
116 146 1
116 150 1
116 610 1
117 127 1
117 131 1
117 147 1
117 151 1
117 190 1
117 275 1
117 896 1
118 126 1
118 145 1
118 148 1
118 150 1
118 179 1
118 197 1
118 198 1
118 596 1
118 693 1
119 129 1
119 182 1
119 466 1
120 121 1
120 178 1
120 202 1
120 246 1
120 559 1
120 754 1
121 170 1
121 199 1
121 540 1
121 674 1
121 710 1
122 176 1
122 329 1
122 628 1
122 842 1
122 984 1
123 912 1
124 157 1
124 200 1
125 128 1
125 161 1
125 169 1
125 171 1
125 174 1
125 303 1
125 492 1
125 665 1
125 899 1
126 144 1
126 146 1
126 154 1
126 160 1
126 193 1
126 195 1
126 199 1
126 674 1
127 171 1
128 146 1
128 161 1
128 167 1
128 172 1
128 173 1
128 177 1
128 193 1
128 197 1
129 172 1
129 379 1
129 751 1
129 805 1
130 133 1
130 158 1
130 190 1
130 196 1
131 141 1
131 179 1
131 352 1
131 450 1
131 578 1
131 987 1
132 155 1
132 165 1
132 916 1
133 139 1
133 188 1
133 473 1
133 916 1
134 135 1
134 139 1
134 147 1
134 173 1
134 185 1
135 169 1
135 179 1
135 184 1
135 488 1
136 140 1
136 147 1
136 154 1
136 167 1
136 510 1
137 145 1
137 178 1
137 192 1
137 278 1
137 410 1
137 470 1
137 692 1
138 143 1
138 171 1
138 178 1
138 181 1
138 196 1
138 441 1
138 451 1
138 628 1
139 154 1
139 181 1
139 182 1
139 189 1
139 192 1
139 197 1
139 199 1
139 731 1
140 151 1
140 155 1
140 167 1
140 170 1
140 184 1
140 291 1
140 812 1
140 873 1
141 159 1
141 176 1
141 184 1
141 186 1
141 232 1
141 361 1
141 412 1
141 612 1
142 245 1
142 966 1
143 177 1
143 248 1
144 152 1
144 161 1
144 166 1
144 177 1
144 590 1
144 868 1
145 163 1
145 171 1
145 188 1
145 380 1
145 508 1
145 832 1
146 185 1
146 413 1
146 887 1
147 168 1
147 169 1
147 181 1
147 183 1
147 815 1
147 955 1
148 157 1
149 161 1
149 178 1
149 193 1
149 196 1
149 199 1
149 493 1
149 620 1
149 852 1
150 160 1
150 162 1
150 183 1
150 388 1
151 158 1
151 159 1
151 178 1
151 193 1
151 898 1
152 164 1
152 167 1
152 182 1
152 220 1
152 453 1
152 466 1
152 667 1
152 982 1
153 191 1
153 195 1
153 516 1
153 529 1
153 718 1
154 158 1
154 159 1
154 174 1
154 921 1
155 175 1
155 192 1
155 194 1
155 800 1
156 464 1
157 198 1
157 611 1
157 926 1
158 172 1
158 195 1
158 197 1
158 200 1
158 920 1
158 961 1
159 169 1
159 174 1
159 196 1
159 248 1
159 370 1
159 419 1
159 960 1
160 168 1
160 175 1
160 192 1
160 360 1
161 167 1
161 365 1
161 366 1
161 853 1
162 174 1
162 185 1
162 514 1
163 188 1
163 375 1
163 438 1
165 175 1
165 194 1
165 374 1
165 675 1
165 918 1
166 304 1
166 366 1
166 907 1
167 168 1
167 177 1
167 547 1
167 621 1
167 827 1
167 900 1
167 913 1
168 181 1
168 199 1
169 180 1
169 187 1
169 270 1
169 484 1
170 294 1
171 172 1
171 185 1
171 248 1
172 180 1
172 182 1
173 179 1
173 192 1
173 195 1
174 182 1
174 196 1
174 200 1
174 904 1
175 876 1
176 194 1
176 267 1
176 626 1
176 795 1
177 191 1
178 183 1
178 351 1
178 593 1
178 836 1
178 845 1
178 991 1
179 198 1
180 181 1
180 194 1
180 376 1
180 710 1
181 192 1
181 566 1
182 187 1
182 198 1
182 824 1
182 844 1
182 881 1
183 658 1
184 841 1
185 186 1
185 190 1
185 436 1
185 440 1
185 762 1
186 463 1
186 484 1
187 193 1
187 483 1
187 887 1
188 198 1
188 200 1
189 735 1
190 193 1
190 539 1
190 570 1
190 993 1
191 197 1
191 244 1
191 265 1
191 781 1
194 445 1
196 581 1
196 638 1
196 715 1
197 721 1
197 921 1
197 975 1
198 468 1
198 812 1
199 223 1
199 249 1
199 532 1
199 628 1
200 313 1
201 236 1
201 243 1
201 277 1
201 713 1
201 824 1
202 221 1
202 222 1
202 232 1
202 245 1
202 252 1
202 254 1
203 247 1
203 262 1
203 263 1
203 273 1
203 294 1
203 297 1
203 409 1
203 649 1
203 839 1
204 224 1
204 235 1
204 236 1
204 255 1
204 283 1
204 862 1
205 209 1
205 220 1
205 235 1
205 261 1
205 275 1
205 277 1
205 281 1
205 287 1
205 288 1
205 309 1
205 443 1
205 890 1
206 219 1
206 226 1
206 229 1
206 269 1
206 286 1
206 645 1
206 819 1
207 255 1
207 290 1
207 295 1
207 413 1
207 775 1
208 209 1
208 239 1
208 258 1
208 285 1
208 789 1
209 211 1
209 247 1
209 284 1
209 893 1
210 223 1
210 270 1
211 230 1
211 252 1
211 256 1
211 274 1
211 284 1
211 403 1
212 228 1
212 245 1
212 246 1
212 261 1
212 267 1
212 282 1
212 300 1
212 318 1
212 937 1
213 229 1
213 247 1
213 253 1
213 296 1
213 522 1
213 616 1
214 223 1
214 231 1
214 249 1
214 255 1
214 256 1
214 261 1
214 264 1
214 274 1
214 277 1
214 289 1
214 297 1
215 222 1
215 230 1
215 279 1
216 232 1
216 265 1
216 300 1
216 606 1
216 892 1
216 908 1
217 221 1
217 227 1
217 270 1
217 277 1
217 285 1
217 481 1
217 587 1
218 225 1
218 253 1
218 258 1
218 261 1
218 291 1
218 292 1
218 668 1
218 950 1
219 224 1
219 234 1
219 250 1
219 281 1
219 293 1
219 295 1
219 689 1
220 224 1
220 238 1
220 253 1
220 264 1
220 269 1
220 287 1
220 786 1
220 864 1
221 545 1
222 223 1
222 237 1
222 277 1
222 288 1
222 501 1
222 647 1
223 231 1
223 235 1
223 250 1
223 260 1
223 262 1
223 263 1
223 269 1
223 274 1
223 399 1
223 424 1
223 635 1
224 228 1
224 277 1
224 282 1
224 295 1
224 300 1
224 631 1
225 270 1
225 288 1
225 292 1
225 293 1
225 294 1
225 295 1
225 296 1
225 300 1
226 241 1
226 250 1
226 271 1
226 273 1
226 289 1
227 240 1
227 258 1
227 259 1
227 270 1
227 298 1
227 639 1
228 230 1
228 238 1
228 240 1
228 244 1
228 279 1
228 364 1
228 838 1
229 236 1
229 266 1
229 272 1
229 283 1
229 295 1
229 561 1
230 288 1
231 240 1
231 253 1
231 289 1
231 340 1
231 955 1
232 262 1
232 279 1
233 281 1
233 282 1
233 751 1
234 267 1
234 288 1
234 296 1
234 665 1
235 251 1
236 243 1
236 259 1
236 269 1
236 288 1
236 378 1
236 467 1
236 874 1
237 280 1
237 298 1
237 376 1
237 875 1
238 256 1
238 640 1
238 662 1
238 798 1
238 813 1
239 267 1
239 275 1
239 284 1
240 248 1
240 277 1
240 279 1
240 298 1
241 248 1
241 272 1
241 605 1
241 907 1
242 265 1
242 275 1
242 291 1
242 296 1
243 250 1
243 254 1
243 285 1
243 291 1
243 511 1
243 850 1
244 250 1
244 251 1
244 299 1
244 694 1
245 275 1
245 294 1
246 274 1
246 381 1
247 273 1
247 285 1
247 296 1
247 498 1
247 675 1
248 257 1
248 262 1
248 291 1
248 343 1
248 845 1
249 263 1
249 271 1
249 283 1
249 425 1
249 497 1
249 631 1
249 802 1
249 823 1
249 921 1
250 254 1
250 278 1
250 508 1
250 640 1
250 798 1
251 263 1
251 282 1
251 296 1
251 696 1
252 298 1
252 492 1
252 736 1
252 750 1
252 909 1
253 278 1
253 279 1
253 292 1
254 281 1
254 290 1
254 504 1
255 276 1
255 277 1
255 298 1
255 864 1
256 257 1
256 264 1
256 293 1
256 614 1
256 810 1
257 273 1
257 296 1
257 301 1
257 431 1
257 808 1
257 824 1
258 268 1
258 277 1
258 278 1
258 294 1
258 362 1
259 265 1
259 272 1
259 273 1
259 276 1
259 321 1
259 377 1
259 943 1
260 284 1
260 665 1
261 274 1
261 280 1
261 292 1
261 703 1
261 726 1
262 272 1
262 286 1
262 292 1
262 710 1
263 270 1
263 300 1
263 418 1
263 517 1
264 271 1
264 278 1
264 911 1
264 953 1
264 964 1
266 268 1
266 282 1
267 275 1
267 277 1
267 293 1
267 938 1
268 280 1
268 284 1
268 659 1
269 271 1
269 337 1
269 459 1
269 896 1
270 776 1
271 281 1
271 283 1
271 300 1
271 701 1
272 425 1
273 285 1
274 300 1
274 688 1
275 718 1
276 454 1
276 542 1
276 826 1
277 296 1
277 886 1
278 295 1
278 303 1
278 869 1
280 287 1
280 426 1
280 643 1
281 433 1
281 692 1
281 751 1
282 291 1
282 416 1
283 295 1
283 696 1
283 908 1
284 475 1
285 288 1
285 582 1
285 893 1
286 287 1
287 477 1
287 558 1
288 294 1
288 299 1
288 380 1
289 356 1
290 294 1
290 298 1
290 854 1
292 458 1
295 783 1
295 851 1
296 567 1
296 835 1
296 978 1
297 298 1
297 910 1
298 518 1
299 367 1
299 780 1
301 325 1
301 336 1
301 352 1
301 751 1
301 952 1
301 988 1
302 339 1
302 366 1
302 367 1
302 373 1
302 380 1
302 395 1
303 375 1
303 380 1
303 394 1
303 444 1
303 603 1
303 727 1
303 765 1
304 324 1
304 333 1
304 341 1
304 344 1
304 353 1
305 308 1
305 327 1
305 339 1
305 351 1
305 354 1
305 367 1
305 398 1
305 670 1
305 734 1
306 324 1
306 334 1
306 364 1
306 385 1
306 394 1
306 398 1
307 325 1
307 336 1
307 339 1
307 349 1
307 356 1
307 370 1
307 371 1
307 372 1
308 314 1
308 333 1
308 346 1
308 354 1
308 370 1
308 374 1
308 376 1
308 377 1
308 387 1
309 313 1
309 343 1
309 364 1
309 389 1
309 880 1
309 903 1
309 969 1
310 315 1
310 319 1
310 333 1
310 347 1
310 398 1
310 670 1
311 328 1
311 329 1
311 331 1
311 351 1
311 361 1
311 375 1
312 317 1
312 336 1
312 343 1
312 353 1
312 362 1
312 363 1
312 386 1
312 391 1
312 454 1
313 320 1
313 321 1
313 328 1
313 358 1
313 373 1
313 398 1
314 362 1
315 393 1
315 859 1
316 338 1
316 352 1
317 321 1
317 326 1
317 350 1
317 351 1
317 369 1
317 372 1
317 379 1
317 393 1
317 394 1
317 396 1
317 857 1
317 945 1
318 320 1
318 321 1
318 344 1
318 378 1
318 396 1
318 801 1
319 339 1
319 351 1
319 358 1
319 849 1
319 944 1
319 998 1
320 332 1
320 336 1
320 347 1
320 489 1
321 339 1
321 371 1
321 376 1
321 377 1
321 399 1
321 911 1
322 323 1
322 333 1
322 335 1
322 375 1
322 682 1
323 335 1
323 356 1
323 363 1
323 375 1
323 376 1
323 386 1
323 711 1
323 838 1
324 325 1
324 329 1
324 337 1
324 372 1
324 376 1
324 388 1
324 397 1
324 631 1
324 962 1
325 660 1
326 329 1
326 359 1
326 374 1
326 768 1
327 369 1
327 389 1
327 433 1
328 364 1
328 936 1
329 335 1
329 356 1
330 340 1
330 346 1
330 376 1
330 502 1
330 535 1
330 672 1
330 872 1
330 948 1
331 354 1
331 373 1
331 413 1
331 633 1
332 340 1
332 341 1
332 373 1
332 379 1
332 395 1
332 400 1
333 355 1
333 369 1
333 387 1
333 397 1
334 368 1
334 369 1
334 373 1
334 380 1
334 391 1
334 713 1
336 341 1
336 352 1
336 450 1
336 749 1
336 976 1
337 344 1
338 342 1
338 367 1
338 373 1
338 376 1
339 343 1
339 351 1
339 518 1
339 619 1
339 643 1
340 373 1
340 388 1
340 811 1
341 353 1
342 369 1
342 373 1
342 383 1
342 661 1
342 882 1
343 350 1
343 737 1
343 766 1
343 844 1
344 354 1
344 379 1
344 646 1
345 356 1
345 366 1
345 412 1
345 530 1
345 629 1
346 354 1
346 389 1
346 966 1
347 352 1
347 382 1
347 398 1
347 919 1
348 357 1
348 373 1
348 397 1
348 645 1
349 356 1
349 362 1
349 364 1
349 392 1
350 352 1
350 365 1
351 360 1
351 482 1
351 780 1
352 358 1
352 359 1
352 361 1
352 375 1
352 386 1
352 396 1
352 759 1
353 355 1
354 369 1
354 381 1
354 383 1
354 569 1
355 385 1
355 777 1
355 778 1
356 960 1
357 638 1
358 364 1
358 378 1
358 381 1
358 382 1
358 395 1
358 442 1
358 453 1
358 526 1
359 366 1
359 391 1
359 393 1
359 619 1
359 746 1
359 799 1
359 822 1
359 958 1
360 385 1
361 734 1
361 821 1
362 383 1
362 390 1
363 366 1
363 377 1
363 400 1
363 637 1
364 804 1
364 927 1
364 968 1
365 461 1
366 399 1
366 465 1
367 382 1
367 495 1
368 400 1
368 754 1
369 390 1
369 452 1
370 371 1
370 413 1
370 727 1
370 828 1
371 379 1
371 605 1
372 378 1
372 393 1
373 384 1
373 397 1
373 680 1
373 811 1
373 824 1
373 864 1
373 918 1
374 394 1
375 384 1
375 627 1
376 384 1
376 427 1
377 398 1
378 701 1
379 386 1
379 389 1
379 545 1
379 560 1
379 744 1
380 392 1
381 566 1
382 626 1
382 768 1
383 391 1
384 425 1
387 394 1
387 749 1
388 396 1
388 622 1
390 396 1
391 952 1
392 751 1
393 959 1
394 395 1
394 396 1
394 400 1
394 685 1
394 706 1
394 734 1
394 856 1
396 404 1
397 398 1
397 538 1
397 730 1
398 635 1
399 446 1
400 538 1
400 547 1
401 409 1
401 452 1
401 463 1
401 493 1
401 564 1
402 425 1
402 426 1
402 435 1
402 437 1
402 457 1
402 471 1
402 474 1
402 488 1
402 664 1
403 408 1
403 416 1
403 417 1
403 418 1
403 432 1
403 448 1
403 549 1
403 572 1
403 653 1
403 921 1
404 434 1
404 453 1
404 456 1
404 475 1
404 477 1
404 484 1
404 494 1
404 953 1
405 409 1
405 423 1
405 438 1
405 477 1
405 891 1
406 409 1
406 410 1
406 411 1
406 413 1
406 457 1
406 597 1
406 607 1
407 424 1
407 429 1
407 442 1
407 454 1
407 488 1
407 534 1
407 590 1
407 973 1
408 484 1
408 837 1
409 410 1
409 427 1
409 484 1
409 968 1
410 421 1
410 430 1
410 436 1
410 443 1
410 474 1
410 478 1
410 486 1
410 492 1
411 429 1
411 442 1
411 453 1
411 455 1
411 466 1
411 491 1
411 496 1
412 415 1
412 476 1
412 482 1
413 421 1
413 438 1
413 440 1
413 441 1
413 447 1
413 452 1
413 485 1
413 498 1
413 894 1
414 455 1
414 466 1
414 470 1
414 473 1
414 484 1
414 492 1
415 424 1
415 430 1
415 471 1
415 473 1
416 422 1
416 424 1
416 425 1
416 460 1
416 476 1
416 478 1
416 489 1
416 492 1
416 499 1
417 438 1
417 443 1
417 449 1
417 455 1
417 479 1
417 492 1
417 633 1
418 423 1
418 467 1
418 472 1
418 475 1
418 483 1
418 874 1
419 421 1
419 431 1
419 472 1
419 491 1
419 769 1
420 431 1
420 450 1
420 452 1
420 455 1
420 476 1
420 482 1
420 484 1
420 932 1
421 424 1
421 440 1
421 442 1
421 475 1
421 478 1
421 482 1
422 439 1
422 486 1
422 487 1
422 819 1
423 459 1
423 494 1
424 427 1
424 448 1
424 492 1
424 736 1
425 469 1
425 946 1
426 441 1
426 445 1
426 493 1
426 497 1
427 446 1
427 462 1
427 482 1
427 763 1
428 432 1
428 458 1
428 464 1
428 489 1
428 530 1
429 432 1
429 457 1
429 496 1
429 499 1
430 463 1
430 490 1
430 569 1
430 661 1
430 788 1
431 454 1
431 482 1
431 631 1
431 877 1
432 440 1
432 481 1
432 496 1
432 895 1
433 455 1
433 460 1
433 474 1
433 845 1
434 435 1
434 445 1
434 446 1
434 495 1
435 492 1
436 464 1
436 474 1
436 479 1
436 488 1
436 618 1
436 801 1
437 444 1
437 459 1
438 497 1
438 835 1
439 447 1
439 459 1
439 485 1
439 838 1
440 441 1
440 554 1
440 837 1
441 442 1
441 451 1
441 475 1
441 485 1
442 471 1
442 488 1
442 492 1
442 686 1
443 464 1
443 473 1
443 478 1
443 893 1
444 474 1
444 661 1
444 818 1
444 995 1
445 452 1
445 457 1
445 465 1
445 537 1
446 459 1
446 460 1
446 469 1
446 474 1
446 496 1
446 497 1
446 962 1
447 450 1
447 461 1
447 484 1
447 491 1
447 653 1
447 863 1
448 760 1
449 454 1
449 461 1
449 462 1
449 465 1
449 477 1
449 483 1
449 484 1
450 457 1
450 460 1
450 469 1
451 456 1
451 466 1
451 484 1
451 486 1
451 495 1
452 468 1
452 471 1
452 472 1
452 475 1
452 484 1
452 493 1
452 497 1
452 575 1
453 474 1
453 512 1
453 555 1
453 668 1
453 963 1
454 486 1
454 655 1
454 697 1
455 456 1
455 475 1
455 490 1
455 843 1
455 969 1
456 460 1
456 461 1
456 496 1
457 471 1
457 589 1
458 459 1
458 468 1
458 492 1
458 495 1
458 515 1
459 493 1
459 495 1
459 572 1
460 489 1
460 776 1
461 468 1
461 473 1
462 475 1
462 476 1
462 805 1
463 492 1
463 498 1
464 485 1
464 496 1
465 494 1
466 498 1
466 565 1
466 634 1
466 863 1
467 476 1
467 739 1
468 487 1
468 593 1
468 600 1
468 949 1
469 498 1
470 477 1
470 494 1
470 793 1
470 833 1
471 787 1
472 492 1
472 609 1
472 656 1
472 665 1
473 496 1
473 849 1
474 484 1
474 485 1
475 485 1
475 487 1
475 496 1
475 499 1
475 618 1
476 498 1
476 688 1
477 537 1
478 484 1
478 550 1
478 730 1
479 499 1
479 783 1
479 887 1
480 498 1
481 537 1
481 602 1
482 494 1
482 500 1
482 776 1
483 497 1
483 613 1
484 794 1
487 498 1
487 555 1
488 493 1
489 496 1
490 492 1
490 685 1
491 493 1
491 496 1
491 497 1
492 500 1
492 773 1
494 717 1
494 873 1
495 709 1
495 729 1
496 969 1
498 998 1
500 528 1
500 777 1
501 517 1
501 527 1
501 529 1
501 542 1
501 591 1
501 659 1
502 503 1
502 564 1
502 576 1
502 582 1
502 947 1
503 528 1
503 540 1
503 547 1
503 564 1
503 582 1
503 585 1
503 594 1
504 509 1
504 574 1
505 527 1
505 553 1
505 595 1
506 567 1
506 592 1
506 782 1
507 518 1
507 532 1
507 534 1
507 567 1
507 580 1
507 919 1
508 546 1
508 549 1
509 523 1
509 595 1
510 515 1
510 532 1
510 550 1
510 587 1
511 519 1
511 551 1
511 580 1
512 538 1
512 546 1
512 572 1
512 576 1
512 595 1
512 942 1
513 517 1
513 519 1
513 540 1
513 547 1
513 548 1
513 560 1
513 563 1
513 593 1
513 660 1
513 890 1
514 535 1
514 542 1
514 860 1
514 875 1
515 520 1
515 538 1
515 539 1
515 574 1
516 529 1
516 538 1
516 542 1
516 546 1
516 547 1
516 584 1
516 586 1
516 596 1
516 727 1
517 518 1
517 529 1
517 548 1
517 553 1
517 557 1
517 590 1
518 521 1
518 527 1
518 574 1
518 589 1
518 701 1
519 530 1
519 541 1
519 557 1
519 578 1
519 812 1
519 831 1
520 529 1
520 552 1
520 556 1
520 558 1
520 782 1
520 986 1
521 563 1
521 572 1
521 587 1
521 675 1
521 961 1
522 591 1
523 554 1
523 564 1
523 577 1
523 584 1
524 559 1
524 560 1
524 588 1
525 527 1
525 532 1
525 534 1
525 545 1
525 551 1
525 570 1
525 593 1
526 549 1
526 554 1
526 564 1
526 575 1
526 590 1
526 591 1
527 554 1
527 561 1
527 564 1
527 597 1
527 598 1
527 708 1
527 943 1
528 534 1
528 550 1
528 560 1
528 569 1
528 571 1
528 596 1
529 559 1
529 598 1
530 596 1
530 712 1
531 556 1
531 562 1
531 569 1
531 574 1
531 590 1
531 606 1
531 901 1
532 534 1
532 585 1
532 595 1
532 599 1
533 547 1
533 555 1
533 582 1
533 596 1
533 599 1
534 569 1
534 593 1
534 594 1
534 596 1
535 536 1
535 562 1
535 581 1
535 598 1
536 581 1
536 586 1
537 586 1
538 540 1
538 545 1
538 557 1
538 570 1
539 587 1
540 544 1
540 587 1
541 543 1
541 545 1
542 544 1
542 585 1
542 590 1
542 791 1
542 827 1
543 553 1
543 576 1
543 583 1
543 589 1
543 710 1
543 971 1
544 553 1
544 587 1
544 595 1
545 572 1
546 575 1
546 576 1
546 599 1
547 586 1
548 549 1
548 563 1
548 573 1
548 582 1
548 584 1
549 555 1
549 574 1
549 598 1
550 553 1
550 574 1
550 586 1
550 587 1
550 589 1
550 770 1
551 558 1
551 596 1
551 806 1
552 573 1
552 584 1
553 558 1
553 560 1
553 572 1
553 624 1
553 878 1
554 583 1
555 558 1
555 589 1
556 572 1
556 584 1
556 593 1
556 594 1
557 572 1
557 594 1
558 575 1
558 622 1
559 560 1
559 561 1
559 569 1
559 587 1
559 591 1
559 592 1
560 592 1
562 563 1
562 595 1
562 600 1
562 899 1
564 595 1
564 733 1
565 583 1
565 979 1
566 567 1
566 593 1
566 594 1
566 988 1
568 570 1
568 571 1
568 573 1
568 693 1
568 877 1
568 977 1
569 706 1
572 582 1
572 586 1
572 594 1
572 600 1
573 587 1
573 591 1
574 577 1
575 581 1
575 590 1
575 596 1
575 978 1
576 578 1
576 579 1
576 585 1
576 587 1
576 716 1
577 599 1
578 587 1
578 598 1
578 599 1
580 596 1
582 599 1
583 741 1
584 587 1
585 587 1
585 620 1
585 980 1
586 594 1
587 594 1
587 959 1
591 706 1
591 846 1
591 865 1
591 939 1
592 661 1
593 599 1
594 595 1
595 599 1
595 600 1
595 790 1
596 726 1
598 600 1
598 755 1
599 688 1
600 610 1
600 705 1
600 892 1
600 930 1
601 646 1
601 661 1
601 666 1
601 851 1
602 607 1
602 645 1
602 651 1
603 624 1
603 625 1
603 632 1
603 650 1
603 672 1
603 827 1
603 979 1
604 606 1
604 612 1
604 650 1
604 655 1
604 661 1
604 670 1
604 677 1
604 687 1
604 723 1
604 822 1
605 613 1
605 614 1
605 631 1
605 632 1
605 638 1
605 675 1
605 695 1
606 681 1
606 772 1
607 663 1
607 667 1
607 876 1
608 628 1
608 638 1
608 653 1
608 654 1
608 672 1
608 687 1
609 628 1
609 674 1
609 696 1
609 838 1
610 615 1
610 639 1
610 681 1
610 874 1
611 626 1
611 639 1
611 671 1
611 694 1
612 631 1
612 638 1
612 657 1
612 668 1
612 678 1
613 661 1
613 666 1
613 692 1
613 982 1
614 618 1
614 621 1
614 624 1
614 695 1
614 696 1
614 697 1
614 964 1
615 620 1
615 648 1
615 665 1
615 689 1
615 693 1
615 697 1
616 657 1
616 674 1
616 677 1
616 698 1
616 961 1
616 995 1
617 669 1
617 674 1
617 686 1
618 627 1
618 639 1
618 690 1
618 694 1
619 638 1
619 646 1
619 675 1
619 693 1
620 636 1
620 637 1
621 625 1
621 645 1
621 646 1
621 651 1
621 695 1
621 869 1
622 636 1
622 643 1
622 645 1
622 686 1
623 627 1
623 637 1
623 678 1
624 628 1
624 631 1
624 645 1
624 665 1
624 678 1
624 689 1
624 693 1
624 695 1
624 735 1
625 638 1
625 670 1
625 672 1
625 674 1
625 677 1
625 758 1
626 641 1
626 657 1
626 671 1
627 630 1
627 637 1
627 658 1
627 662 1
627 673 1
628 634 1
628 654 1
628 673 1
628 692 1
629 656 1
629 670 1
629 677 1
629 679 1
629 684 1
630 631 1
630 634 1
630 639 1
630 667 1
630 680 1
631 643 1
631 666 1
631 675 1
631 696 1
632 673 1
633 636 1
633 652 1
633 665 1
633 669 1
633 682 1
633 685 1
634 699 1
634 754 1
634 938 1
634 943 1
634 996 1
635 648 1
635 654 1
635 830 1
636 656 1
637 653 1
637 655 1
637 657 1
637 676 1
637 687 1
637 695 1
638 884 1
639 665 1
639 686 1
639 690 1
639 699 1
639 779 1
640 647 1
640 856 1
640 960 1
641 651 1
641 652 1
641 673 1
641 801 1
641 957 1
642 651 1
642 657 1
642 666 1
642 668 1
642 882 1
643 689 1
643 696 1
643 788 1
644 660 1
644 662 1
644 672 1
644 677 1
644 689 1
644 698 1
645 651 1
645 655 1
645 673 1
645 687 1
645 749 1
646 652 1
646 655 1
646 685 1
647 661 1
648 681 1
649 677 1
649 691 1
649 698 1
649 883 1
649 946 1
650 672 1
650 674 1
650 695 1
650 700 1
650 812 1
651 682 1
652 657 1
652 666 1
652 687 1
652 697 1
652 820 1
652 880 1
652 891 1
653 669 1
653 685 1
653 697 1
653 747 1
654 663 1
654 678 1
654 685 1
654 688 1
654 770 1
654 868 1
655 657 1
655 673 1
655 675 1
655 683 1
655 690 1
655 699 1
655 881 1
656 766 1
656 822 1
656 896 1
657 675 1
657 676 1
658 670 1
658 721 1
658 962 1
659 690 1
659 698 1
660 689 1
660 753 1
661 686 1
661 879 1
662 679 1
662 681 1
662 700 1
662 721 1
663 669 1
663 695 1
663 742 1
664 669 1
665 674 1
665 679 1
665 684 1
665 698 1
666 674 1
666 959 1
667 682 1
667 698 1
669 671 1
669 681 1
669 693 1
670 695 1
671 787 1
672 679 1
672 721 1
673 679 1
673 691 1
673 943 1
674 691 1
674 763 1
675 826 1
675 936 1
676 680 1
678 682 1
678 698 1
678 736 1
679 695 1
684 698 1
685 690 1
685 700 1
685 805 1
685 822 1
685 957 1
686 700 1
687 688 1
690 691 1
690 700 1
691 698 1
692 887 1
694 700 1
695 782 1
699 700 1
701 717 1
701 718 1
701 735 1
701 740 1
701 762 1
701 770 1
701 782 1
701 800 1
701 937 1
702 753 1
702 760 1
702 764 1
702 775 1
703 707 1
703 712 1
703 735 1
703 791 1
703 799 1
704 785 1
705 707 1
705 731 1
705 733 1
705 753 1
705 756 1
705 760 1
705 784 1
705 792 1
706 710 1
706 726 1
706 730 1
706 747 1
707 767 1
707 796 1
708 730 1
708 745 1
708 770 1
708 792 1
708 797 1
708 837 1
709 710 1
709 721 1
709 738 1
709 753 1
709 776 1
710 725 1
710 730 1
710 773 1
710 784 1
711 712 1
711 748 1
711 754 1
711 774 1
711 863 1
711 931 1
712 719 1
712 740 1
712 753 1
712 757 1
712 779 1
713 715 1
713 718 1
713 719 1
713 738 1
713 745 1
713 752 1
713 907 1
714 722 1
714 740 1
714 743 1
714 795 1
715 753 1
715 781 1
716 729 1
716 748 1
716 762 1
716 877 1
717 726 1
717 750 1
717 754 1
717 798 1
718 726 1
718 732 1
718 772 1
718 782 1
718 803 1
719 720 1
719 739 1
719 747 1
720 740 1
720 744 1
720 754 1
720 755 1
720 779 1
720 988 1
721 760 1
721 768 1
721 771 1
721 797 1
722 782 1
722 785 1
722 848 1
722 954 1
723 769 1
723 790 1
724 744 1
724 775 1
724 779 1
724 792 1
725 768 1
725 784 1
725 791 1
725 816 1
725 938 1
725 974 1
726 730 1
726 788 1
726 796 1
727 733 1
727 744 1
727 791 1
728 731 1
729 764 1
729 817 1
729 873 1
730 737 1
730 787 1
730 800 1
731 752 1
731 781 1
731 793 1
731 883 1
732 751 1
732 754 1
732 769 1
732 780 1
732 798 1
733 752 1
733 761 1
733 790 1
733 792 1
733 800 1
734 736 1
734 758 1
734 948 1
735 737 1
735 738 1
735 748 1
735 753 1
735 770 1
735 774 1
735 821 1
735 964 1
736 754 1
736 756 1
736 764 1
736 781 1
737 765 1
737 780 1
737 788 1
737 986 1
738 743 1
738 746 1
738 782 1
738 792 1
738 794 1
738 796 1
738 800 1
739 751 1
739 755 1
739 760 1
739 782 1
740 766 1
740 772 1
740 790 1
741 755 1
741 779 1
742 756 1
742 764 1
742 798 1
743 781 1
743 797 1
743 838 1
744 755 1
744 765 1
745 785 1
745 854 1
745 988 1
746 759 1
746 769 1
746 777 1
746 779 1
746 952 1
747 750 1
747 751 1
747 786 1
747 792 1
748 751 1
748 781 1
748 861 1
748 915 1
749 758 1
749 763 1
750 753 1
750 781 1
750 790 1
750 791 1
750 894 1
750 956 1
751 929 1
752 756 1
752 764 1
752 778 1
752 785 1
752 791 1
752 795 1
752 796 1
753 780 1
753 783 1
753 975 1
754 768 1
754 772 1
754 775 1
755 786 1
755 791 1
755 800 1
756 784 1
756 787 1
756 851 1
757 763 1
757 767 1
757 800 1
757 984 1
758 764 1
758 790 1
759 767 1
759 775 1
759 790 1
759 940 1
759 978 1
760 784 1
760 791 1
761 772 1
761 780 1
762 772 1
762 776 1
762 795 1
763 765 1
763 766 1
763 794 1
763 952 1
764 772 1
765 779 1
765 780 1
765 797 1
766 770 1
766 784 1
766 786 1
766 791 1
767 798 1
769 770 1
769 788 1
769 792 1
770 963 1
771 803 1
772 783 1
773 775 1
773 794 1
773 871 1
775 781 1
775 787 1
775 795 1
777 789 1
778 794 1
779 780 1
779 792 1
780 791 1
780 798 1
783 937 1
784 794 1
784 799 1
784 800 1
784 824 1
786 844 1
787 794 1
787 797 1
787 834 1
787 862 1
788 805 1
788 941 1
788 976 1
790 792 1
791 794 1
791 798 1
793 795 1
793 910 1
793 921 1
794 917 1
797 921 1
800 991 1
801 823 1
801 858 1
801 892 1
801 893 1
802 804 1
802 808 1
802 814 1
802 834 1
802 849 1
802 856 1
802 883 1
802 895 1
803 856 1
803 870 1
803 872 1
804 821 1
804 829 1
804 848 1
804 860 1
804 875 1
804 884 1
804 894 1
804 955 1
805 809 1
805 839 1
805 846 1
805 869 1
805 875 1
805 887 1
806 841 1
806 843 1
806 854 1
806 885 1
806 891 1
807 830 1
807 832 1
807 843 1
807 844 1
807 855 1
808 823 1
808 824 1
808 826 1
808 829 1
808 840 1
808 854 1
808 863 1
808 867 1
808 891 1
809 810 1
809 842 1
809 860 1
809 903 1
810 811 1
810 846 1
810 849 1
810 859 1
810 877 1
810 881 1
811 819 1
811 845 1
811 876 1
811 880 1
811 889 1
811 899 1
812 863 1
812 864 1
812 866 1
812 889 1
812 924 1
813 833 1
813 856 1
813 889 1
813 899 1
814 837 1
814 856 1
814 891 1
814 990 1
815 842 1
815 855 1
815 860 1
815 882 1
815 883 1
815 899 1
816 830 1
816 858 1
816 861 1
816 867 1
816 869 1
816 872 1
816 879 1
817 819 1
817 864 1
818 828 1
818 844 1
818 851 1
818 897 1
819 880 1
819 894 1
820 848 1
820 859 1
820 884 1
821 822 1
821 852 1
821 853 1
821 866 1
821 869 1
821 887 1
821 892 1
822 866 1
822 874 1
822 877 1
822 885 1
822 886 1
822 894 1
823 825 1
823 846 1
823 848 1
823 861 1
823 895 1
823 896 1
824 845 1
824 853 1
824 861 1
824 888 1
824 897 1
824 988 1
825 846 1
825 849 1
825 861 1
825 866 1
825 899 1
826 828 1
826 851 1
826 877 1
826 880 1
826 882 1
826 891 1
827 834 1
827 838 1
827 853 1
827 874 1
827 960 1
827 974 1
828 864 1
829 872 1
829 876 1
829 884 1
829 892 1
829 899 1
830 841 1
830 860 1
830 863 1
830 895 1
830 898 1
830 950 1
831 847 1
831 1000 1
832 861 1
832 892 1
832 899 1
833 836 1
833 839 1
833 843 1
833 849 1
833 853 1
833 890 1
834 891 1
834 895 1
834 911 1
835 840 1
835 857 1
835 884 1
835 891 1
835 924 1
836 843 1
836 855 1
836 873 1
836 875 1
836 884 1
836 893 1
836 968 1
837 867 1
837 868 1
837 884 1
837 895 1
837 899 1
839 854 1
839 879 1
839 893 1
839 912 1
840 841 1
840 859 1
840 861 1
840 868 1
840 875 1
840 890 1
840 893 1
841 847 1
841 866 1
841 874 1
842 843 1
842 845 1
842 884 1
844 867 1
844 895 1
845 879 1
845 895 1
846 858 1
847 859 1
847 883 1
848 851 1
848 900 1
849 861 1
849 882 1
849 883 1
850 856 1
850 868 1
850 880 1
850 887 1
850 897 1
850 941 1
851 855 1
851 867 1
851 868 1
851 880 1
851 884 1
852 867 1
852 868 1
852 884 1
853 856 1
853 864 1
853 885 1
853 898 1
854 860 1
854 867 1
854 888 1
854 893 1
854 894 1
855 870 1
857 867 1
857 872 1
857 893 1
858 861 1
859 868 1
859 893 1
860 878 1
860 886 1
860 895 1
861 869 1
861 886 1
861 900 1
861 930 1
862 884 1
863 868 1
863 870 1
863 872 1
863 890 1
863 895 1
864 900 1
865 893 1
865 994 1
867 872 1
867 895 1
868 956 1
869 884 1
869 890 1
869 891 1
869 893 1
869 895 1
869 897 1
869 898 1
870 880 1
871 940 1
872 877 1
873 874 1
873 878 1
873 885 1
873 898 1
874 877 1
874 885 1
874 886 1
874 893 1
875 888 1
878 898 1
879 889 1
879 892 1
880 888 1
882 895 1
882 898 1
883 890 1
883 970 1
885 887 1
885 898 1
885 900 1
886 889 1
887 897 1
888 894 1
889 890 1
891 893 1
891 894 1
892 897 1
892 898 1
896 991 1
897 955 1
901 906 1
901 909 1
901 910 1
901 913 1
901 915 1
901 941 1
901 943 1
901 951 1
901 968 1
901 972 1
901 980 1
901 981 1
901 986 1
902 906 1
902 924 1
902 994 1
903 909 1
903 922 1
903 925 1
903 967 1
903 972 1
903 989 1
904 924 1
904 932 1
904 951 1
904 952 1
904 992 1
905 918 1
905 931 1
905 940 1
905 953 1
905 954 1
905 965 1
905 969 1
906 926 1
906 927 1
906 948 1
906 978 1
907 937 1
907 951 1
907 952 1
907 970 1
907 993 1
907 999 1
908 928 1
908 946 1
908 963 1
908 964 1
908 974 1
909 917 1
909 946 1
909 976 1
910 921 1
910 928 1
910 936 1
910 960 1
910 996 1
911 913 1
911 938 1
911 944 1
911 968 1
911 975 1
912 958 1
912 975 1
912 993 1
912 994 1
913 914 1
913 957 1
913 963 1
913 992 1
913 1000 1
914 931 1
914 943 1
914 958 1
914 967 1
914 993 1
914 998 1
915 923 1
915 926 1
915 952 1
915 968 1
915 971 1
915 988 1
916 973 1
916 980 1
917 920 1
917 936 1
917 939 1
918 923 1
918 935 1
918 951 1
918 974 1
918 984 1
918 993 1
919 956 1
920 922 1
920 939 1
920 972 1
920 984 1
920 989 1
920 995 1
921 953 1
921 970 1
922 923 1
922 941 1
922 966 1
922 997 1
923 930 1
923 937 1
923 978 1
923 986 1
923 987 1
923 993 1
923 995 1
924 936 1
924 953 1
925 947 1
925 998 1
926 934 1
926 935 1
926 944 1
926 946 1
926 954 1
926 982 1
927 954 1
927 957 1
927 974 1
927 991 1
928 945 1
928 954 1
928 966 1
928 977 1
929 932 1
929 971 1
930 949 1
930 977 1
930 980 1
930 989 1
930 990 1
930 996 1
931 955 1
931 969 1
932 934 1
932 936 1
932 937 1
932 985 1
932 995 1
933 969 1
933 974 1
933 975 1
933 988 1
934 936 1
934 950 1
934 954 1
934 958 1
934 988 1
935 971 1
935 979 1
936 988 1
937 973 1
938 944 1
938 953 1
938 976 1
939 964 1
939 984 1
939 989 1
939 999 1
940 967 1
940 970 1
940 980 1
940 996 1
941 973 1
941 981 1
941 989 1
942 952 1
943 971 1
944 957 1
944 974 1
944 986 1
945 950 1
945 954 1
945 976 1
945 979 1
945 985 1
945 998 1
946 985 1
947 949 1
947 961 1
947 998 1
949 961 1
950 955 1
950 968 1
950 976 1
951 968 1
951 976 1
951 992 1
952 981 1
952 982 1
952 994 1
953 977 1
954 975 1
955 963 1
956 986 1
957 962 1
957 995 1
959 981 1
959 994 1
959 995 1
960 985 1
961 965 1
961 969 1
962 997 1
963 982 1
964 965 1
965 967 1
965 971 1
965 998 1
966 976 1
966 977 1
966 993 1
966 998 1
968 970 1
968 986 1
969 977 1
969 982 1
969 986 1
969 994 1
970 973 1
971 984 1
971 989 1
971 999 1
973 986 1
975 979 1
977 989 1
978 987 1
980 993 1
980 994 1
980 995 1
980 999 1
981 991 1
982 985 1
982 993 1
982 996 1
984 987 1
984 996 1
994 999 1
