1000 3344
1 77 1
1 78 1
1 87 1
1 194 1
1 776 1
2 26 1
2 44 1
2 62 1
2 99 1
2 171 1
2 370 1
2 567 1
2 794 1
2 810 1
2 884 1
3 18 1
3 25 1
3 38 1
3 55 1
3 431 1
3 685 1
3 691 1
4 5 1
4 24 1
4 38 1
4 59 1
4 72 1
4 74 1
4 84 1
4 88 1
4 90 1
5 8 1
5 47 1
5 51 1
5 84 1
5 463 1
5 482 1
6 33 1
6 34 1
6 60 1
6 85 1
6 88 1
6 98 1
6 306 1
6 308 1
6 323 1
6 572 1
6 764 1
6 836 1
7 17 1
7 25 1
7 28 1
7 309 1
7 706 1
8 35 1
8 54 1
8 72 1
9 55 1
9 94 1
10 19 1
10 56 1
10 65 1
10 73 1
10 92 1
10 99 1
10 313 1
11 14 1
11 44 1
11 47 1
11 61 1
11 514 1
11 624 1
11 838 1
12 47 1
12 59 1
12 78 1
12 88 1
12 99 1
12 401 1
12 801 1
12 950 1
13 17 1
13 33 1
13 83 1
13 94 1
13 227 1
13 492 1
14 646 1
15 16 1
15 37 1
15 60 1
15 63 1
15 885 1
16 35 1
16 46 1
16 47 1
16 58 1
16 68 1
16 78 1
16 80 1
16 934 1
17 33 1
17 34 1
17 43 1
17 87 1
17 370 1
17 671 1
17 801 1
18 44 1
18 58 1
18 60 1
18 70 1
18 74 1
18 91 1
18 94 1
18 282 1
19 631 1
20 23 1
20 39 1
20 94 1
20 963 1
21 23 1
21 66 1
21 73 1
21 76 1
21 100 1
21 129 1
21 490 1
21 607 1
21 773 1
21 898 1
22 51 1
22 678 1
22 971 1
22 979 1
23 42 1
23 97 1
23 200 1
23 254 1
23 650 1
23 843 1
24 38 1
24 53 1
24 97 1
24 99 1
24 956 1
25 29 1
25 31 1
25 88 1
25 663 1
26 39 1
26 56 1
26 60 1
26 75 1
26 77 1
26 550 1
26 939 1
27 54 1
27 65 1
27 73 1
27 76 1
27 82 1
27 265 1
28 52 1
28 73 1
28 100 1
28 106 1
29 50 1
29 57 1
29 66 1
29 72 1
29 78 1
29 535 1
29 675 1
30 44 1
30 410 1
31 47 1
31 113 1
31 316 1
31 525 1
31 646 1
31 924 1
32 65 1
32 90 1
32 95 1
32 98 1
32 789 1
33 50 1
33 53 1
33 58 1
33 66 1
33 72 1
33 74 1
33 331 1
33 698 1
33 886 1
34 58 1
34 66 1
34 76 1
34 88 1
34 89 1
34 262 1
34 877 1
35 51 1
35 53 1
35 706 1
35 997 1
36 370 1
36 423 1
36 607 1
36 693 1
37 63 1
37 65 1
37 663 1
38 55 1
38 85 1
38 255 1
38 338 1
39 51 1
39 70 1
39 76 1
39 307 1
39 586 1
40 59 1
40 65 1
40 86 1
40 150 1
40 427 1
40 568 1
40 757 1
41 43 1
41 44 1
41 76 1
41 88 1
41 100 1
41 292 1
42 54 1
42 534 1
42 896 1
43 44 1
43 50 1
43 82 1
43 434 1
43 687 1
43 703 1
43 983 1
44 474 1
44 789 1
45 48 1
45 87 1
45 248 1
45 618 1
45 886 1
46 85 1
46 91 1
47 52 1
47 328 1
47 396 1
47 505 1
47 829 1
47 879 1
48 642 1
48 882 1
49 55 1
49 66 1
49 80 1
49 183 1
49 416 1
49 482 1
50 64 1
50 79 1
50 92 1
51 83 1
51 91 1
51 95 1
51 298 1
51 954 1
52 54 1
52 75 1
52 214 1
52 223 1
52 423 1
52 879 1
53 70 1
53 73 1
53 76 1
53 383 1
53 633 1
54 55 1
54 57 1
54 239 1
54 814 1
55 58 1
55 88 1
55 98 1
55 104 1
55 908 1
56 82 1
56 83 1
56 86 1
57 76 1
57 259 1
57 749 1
58 78 1
58 483 1
58 663 1
59 65 1
59 77 1
59 78 1
59 335 1
59 977 1
60 67 1
60 92 1
60 553 1
60 839 1
60 979 1
61 84 1
62 67 1
62 82 1
62 199 1
62 700 1
63 69 1
63 86 1
63 249 1
63 849 1
64 96 1
64 131 1
64 177 1
65 845 1
66 79 1
66 80 1
66 95 1
66 96 1
66 873 1
67 68 1
67 87 1
67 99 1
67 737 1
67 913 1
68 114 1
68 659 1
68 744 1
68 900 1
68 952 1
69 71 1
69 175 1
69 362 1
69 722 1
70 78 1
70 93 1
70 138 1
70 267 1
70 661 1
71 81 1
71 97 1
71 683 1
71 787 1
71 806 1
72 88 1
73 83 1
73 86 1
74 91 1
74 100 1
75 97 1
75 426 1
75 492 1
76 98 1
76 164 1
76 271 1
76 352 1
76 580 1
76 770 1
77 95 1
77 420 1
78 79 1
78 85 1
78 470 1
79 686 1
80 89 1
80 125 1
80 342 1
80 424 1
80 699 1
81 568 1
81 886 1
81 931 1
82 93 1
82 150 1
82 874 1
83 113 1
83 877 1
84 450 1
84 478 1
85 298 1
85 366 1
85 562 1
86 97 1
86 686 1
86 960 1
88 645 1
89 797 1
89 942 1
90 95 1
90 367 1
90 589 1
91 95 1
91 175 1
91 422 1
92 343 1
92 882 1
92 949 1
93 284 1
93 346 1
93 629 1
94 257 1
94 383 1
95 886 1
95 970 1
96 777 1
97 700 1
97 839 1
98 149 1
98 510 1
98 743 1
99 919 1
100 531 1
101 106 1
101 174 1
101 582 1
101 643 1
101 850 1
102 127 1
102 161 1
102 184 1
102 199 1
103 105 1
103 117 1
103 119 1
103 128 1
103 135 1
103 140 1
103 150 1
103 172 1
103 179 1
103 190 1
103 278 1
103 632 1
103 777 1
103 889 1
104 175 1
104 331 1
104 876 1
105 116 1
105 165 1
105 177 1
105 184 1
105 187 1
105 230 1
105 414 1
105 697 1
106 108 1
106 109 1
106 122 1
106 125 1
106 135 1
106 162 1
106 179 1
106 190 1
106 767 1
107 113 1
107 128 1
107 141 1
107 152 1
107 169 1
107 324 1
107 675 1
107 737 1
108 125 1
108 151 1
108 158 1
108 174 1
108 175 1
108 178 1
108 262 1
108 684 1
108 764 1
109 122 1
109 123 1
109 139 1
109 141 1
109 166 1
109 169 1
109 170 1
109 192 1
109 464 1
109 598 1
109 862 1
109 997 1
110 113 1
110 139 1
110 142 1
110 164 1
110 182 1
110 375 1
110 970 1
111 119 1
111 141 1
111 154 1
111 158 1
111 179 1
111 185 1
111 625 1
112 136 1
112 476 1
112 691 1
113 123 1
113 127 1
113 158 1
113 161 1
113 171 1
113 222 1
113 607 1
113 702 1
114 131 1
114 147 1
114 295 1
114 722 1
115 125 1
115 152 1
115 520 1
115 792 1
115 970 1
116 145 1
116 155 1
116 161 1
116 173 1
116 174 1
116 191 1
116 257 1
116 677 1
117 119 1
117 123 1
117 124 1
117 156 1
117 157 1
117 161 1
117 415 1
118 199 1
118 308 1
118 442 1
118 479 1
118 614 1
118 655 1
119 135 1
120 143 1
120 189 1
120 198 1
120 560 1
121 123 1
121 136 1
121 164 1
121 177 1
121 640 1
121 971 1
122 127 1
122 158 1
122 164 1
122 179 1
122 584 1
122 943 1
123 174 1
123 221 1
123 498 1
123 698 1
124 132 1
124 143 1
124 165 1
124 173 1
124 488 1
124 632 1
125 156 1
125 182 1
125 186 1
125 637 1
126 132 1
126 133 1
126 168 1
126 175 1
126 188 1
126 189 1
126 190 1
126 311 1
126 376 1
126 683 1
126 753 1
127 134 1
127 140 1
127 144 1
127 164 1
127 196 1
127 200 1
127 461 1
128 139 1
129 134 1
129 139 1
129 174 1
129 180 1
129 186 1
129 566 1
130 141 1
130 165 1
130 341 1
130 637 1
131 267 1
131 374 1
131 828 1
132 134 1
132 141 1
132 169 1
132 185 1
132 193 1
132 207 1
132 393 1
132 501 1
132 612 1
132 966 1
132 986 1
133 152 1
133 162 1
133 172 1
133 244 1
133 935 1
134 183 1
134 263 1
135 143 1
135 155 1
135 181 1
135 182 1
135 193 1
135 719 1
135 776 1
136 484 1
137 418 1
137 569 1
137 819 1
138 148 1
138 642 1
139 142 1
139 149 1
140 172 1
140 173 1
141 153 1
141 158 1
141 185 1
141 762 1
142 182 1
142 191 1
142 194 1
142 253 1
142 287 1
142 550 1
143 150 1
143 196 1
143 340 1
143 715 1
143 911 1
144 147 1
144 162 1
144 175 1
144 582 1
144 855 1
145 164 1
146 471 1
146 628 1
147 153 1
147 167 1
147 172 1
147 173 1
148 150 1
148 159 1
148 186 1
148 198 1
149 579 1
149 712 1
149 754 1
150 154 1
150 163 1
150 171 1
150 177 1
151 164 1
151 170 1
151 174 1
151 188 1
151 236 1
152 162 1
152 188 1
152 190 1
152 474 1
152 547 1
153 176 1
153 185 1
153 721 1
153 846 1
154 171 1
154 184 1
154 198 1
154 595 1
154 620 1
154 729 1
155 175 1
155 188 1
155 195 1
155 482 1
155 671 1
155 890 1
156 175 1
156 185 1
157 199 1
158 170 1
158 484 1
159 169 1
159 170 1
159 191 1
159 446 1
160 388 1
160 428 1
160 661 1
160 772 1
161 169 1
161 184 1
161 192 1
161 273 1
161 851 1
162 171 1
162 173 1
162 854 1
162 883 1
162 900 1
163 207 1
163 332 1
163 897 1
164 399 1
164 610 1
165 168 1
165 184 1
165 190 1
165 414 1
165 547 1
166 187 1
166 293 1
167 171 1
167 810 1
168 262 1
168 783 1
169 191 1
169 331 1
169 598 1
169 771 1
169 864 1
170 191 1
170 198 1
172 185 1
172 186 1
173 192 1
173 723 1
173 825 1
174 177 1
174 183 1
175 844 1
176 182 1
176 185 1
176 192 1
176 904 1
177 179 1
177 187 1
177 196 1
177 744 1
177 758 1
177 943 1
178 283 1
178 467 1
178 471 1
178 978 1
180 707 1
180 782 1
181 185 1
181 191 1
181 342 1
181 396 1
181 420 1
181 463 1
181 697 1
182 359 1
182 701 1
184 295 1
184 569 1
184 688 1
184 820 1
185 186 1
185 269 1
186 200 1
186 264 1
187 194 1
187 437 1
187 822 1
188 191 1
188 192 1
188 197 1
188 363 1
188 412 1
188 951 1
189 384 1
190 199 1
191 579 1
191 654 1
192 200 1
192 213 1
193 194 1
193 370 1
193 733 1
194 677 1
195 197 1
198 589 1
199 483 1
199 648 1
200 564 1
201 205 1
201 231 1
201 609 1
201 734 1
202 224 1
202 238 1
202 248 1
202 753 1
202 828 1
203 228 1
203 293 1
203 863 1
204 225 1
204 236 1
204 253 1
204 278 1
204 279 1
204 428 1
204 580 1
204 587 1
204 750 1
205 222 1
205 257 1
205 260 1
205 289 1
205 294 1
205 577 1
205 668 1
205 816 1
206 228 1
206 242 1
206 275 1
207 268 1
207 288 1
207 298 1
207 640 1
208 220 1
208 279 1
208 295 1
208 831 1
208 881 1
209 228 1
209 242 1
209 252 1
209 263 1
209 276 1
209 619 1
210 231 1
210 239 1
210 249 1
210 250 1
210 253 1
210 266 1
210 272 1
210 291 1
210 292 1
210 296 1
210 564 1
210 850 1
210 958 1
211 215 1
211 242 1
211 245 1
211 258 1
211 259 1
211 268 1
211 843 1
212 243 1
212 246 1
212 248 1
212 272 1
213 228 1
213 229 1
213 286 1
213 300 1
214 230 1
214 246 1
214 286 1
214 440 1
214 629 1
214 874 1
215 220 1
215 233 1
215 270 1
215 780 1
215 916 1
215 939 1
216 233 1
216 249 1
216 279 1
216 284 1
216 289 1
216 299 1
216 697 1
216 749 1
217 228 1
217 239 1
217 266 1
217 332 1
217 489 1
218 240 1
218 247 1
218 263 1
218 271 1
218 318 1
219 224 1
219 235 1
219 240 1
219 245 1
219 246 1
219 250 1
219 253 1
219 255 1
219 271 1
219 290 1
220 229 1
220 238 1
220 292 1
220 929 1
221 223 1
221 224 1
221 227 1
221 234 1
221 251 1
221 269 1
221 287 1
221 288 1
221 294 1
221 298 1
222 236 1
222 279 1
223 276 1
223 294 1
223 663 1
223 817 1
223 977 1
224 244 1
224 269 1
224 891 1
224 929 1
225 239 1
225 246 1
225 280 1
225 286 1
225 296 1
226 261 1
226 270 1
226 279 1
226 285 1
226 287 1
226 289 1
226 618 1
227 242 1
227 255 1
227 872 1
227 1000 1
228 239 1
228 243 1
228 244 1
228 257 1
228 264 1
228 267 1
228 272 1
228 276 1
228 572 1
229 237 1
229 249 1
229 268 1
229 284 1
229 291 1
229 632 1
229 774 1
230 253 1
230 269 1
230 374 1
231 235 1
231 237 1
231 240 1
231 241 1
231 283 1
232 235 1
232 243 1
232 295 1
232 297 1
232 410 1
233 243 1
233 279 1
233 282 1
233 289 1
233 296 1
233 298 1
233 525 1
233 942 1
234 247 1
234 276 1
234 285 1
234 826 1
235 259 1
235 266 1
235 284 1
235 293 1
235 377 1
235 579 1
236 531 1
236 831 1
237 282 1
239 240 1
239 242 1
239 258 1
239 269 1
239 588 1
240 245 1
240 264 1
240 286 1
240 287 1
240 297 1
240 921 1
241 288 1
241 456 1
241 728 1
242 243 1
242 267 1
242 293 1
242 409 1
242 903 1
243 246 1
243 255 1
243 294 1
243 418 1
244 247 1
244 249 1
244 286 1
244 287 1
244 299 1
244 460 1
244 498 1
244 587 1
244 678 1
244 814 1
245 371 1
245 504 1
246 266 1
246 268 1
246 278 1
246 280 1
246 800 1
247 261 1
247 262 1
247 270 1
248 253 1
248 258 1
248 290 1
249 265 1
249 266 1
249 273 1
249 288 1
249 292 1
250 276 1
250 283 1
250 288 1
250 295 1
250 525 1
250 837 1
250 916 1
251 272 1
251 300 1
251 588 1
251 958 1
252 283 1
252 284 1
252 472 1
253 257 1
253 269 1
253 528 1
254 288 1
254 578 1
255 272 1
256 292 1
257 260 1
257 392 1
257 633 1
258 268 1
259 274 1
259 832 1
259 869 1
260 282 1
260 289 1
260 295 1
260 296 1
261 282 1
261 869 1
262 424 1
262 493 1
263 275 1
263 296 1
264 299 1
264 539 1
264 690 1
265 267 1
265 665 1
266 272 1
266 284 1
266 287 1
266 296 1
267 291 1
267 615 1
267 940 1
268 273 1
268 503 1
268 765 1
269 290 1
269 292 1
269 296 1
269 365 1
269 634 1
269 799 1
271 272 1
271 283 1
272 292 1
272 558 1
272 716 1
273 274 1
273 275 1
273 281 1
273 299 1
274 275 1
274 778 1
274 809 1
274 842 1
275 291 1
275 722 1
275 726 1
275 858 1
276 423 1
277 298 1
277 914 1
278 293 1
279 298 1
279 337 1
280 293 1
280 333 1
280 685 1
281 294 1
281 799 1
282 523 1
284 288 1
284 293 1
285 294 1
285 715 1
285 733 1
286 323 1
286 389 1
286 971 1
287 299 1
287 673 1
288 291 1
289 441 1
289 850 1
290 605 1
290 718 1
291 423 1
291 675 1
291 795 1
292 514 1
292 612 1
293 370 1
293 487 1
293 977 1
294 998 1
295 300 1
295 533 1
296 744 1
296 957 1
297 402 1
297 690 1
298 661 1
298 667 1
298 908 1
299 556 1
300 349 1
301 312 1
301 341 1
302 338 1
302 361 1
302 395 1
302 552 1
303 332 1
303 350 1
303 365 1
303 374 1
304 310 1
304 331 1
304 368 1
304 385 1
305 306 1
305 683 1
305 799 1
306 310 1
306 320 1
306 322 1
306 332 1
306 348 1
306 373 1
306 378 1
307 320 1
307 357 1
307 361 1
307 369 1
307 372 1
307 566 1
307 696 1
307 886 1
308 330 1
308 337 1
308 357 1
308 377 1
308 389 1
308 394 1
308 793 1
309 381 1
309 695 1
310 574 1
310 925 1
311 340 1
311 358 1
311 383 1
311 385 1
311 393 1
311 573 1
312 315 1
312 317 1
312 340 1
312 341 1
312 350 1
312 368 1
312 386 1
312 389 1
312 518 1
313 338 1
313 343 1
313 345 1
313 381 1
313 838 1
313 941 1
314 315 1
314 327 1
314 329 1
314 377 1
314 392 1
314 395 1
314 596 1
315 331 1
315 347 1
315 348 1
315 372 1
315 382 1
315 397 1
315 972 1
316 349 1
316 371 1
316 501 1
317 323 1
317 354 1
317 359 1
317 482 1
318 331 1
318 379 1
318 399 1
319 320 1
319 381 1
319 650 1
320 332 1
320 356 1
320 363 1
320 394 1
320 612 1
321 348 1
321 369 1
321 375 1
321 377 1
321 382 1
321 973 1
322 347 1
322 377 1
322 600 1
322 909 1
322 941 1
323 375 1
323 382 1
323 398 1
324 332 1
324 335 1
324 336 1
324 394 1
324 478 1
324 735 1
324 835 1
326 372 1
326 803 1
327 343 1
327 392 1
327 393 1
328 369 1
328 898 1
329 331 1
329 367 1
329 384 1
329 979 1
330 335 1
330 338 1
330 351 1
330 368 1
330 383 1
330 385 1
330 603 1
331 567 1
332 346 1
332 363 1
332 384 1
332 397 1
332 709 1
332 782 1
333 340 1
333 365 1
333 378 1
333 394 1
333 395 1
333 958 1
334 337 1
334 340 1
334 367 1
334 396 1
335 356 1
335 361 1
335 369 1
335 935 1
336 376 1
336 377 1
337 349 1
337 358 1
337 359 1
337 362 1
337 853 1
338 346 1
338 372 1
338 812 1
339 343 1
339 362 1
339 368 1
339 369 1
339 396 1
339 397 1
339 410 1
339 429 1
340 372 1
340 377 1
341 346 1
341 348 1
341 368 1
341 383 1
341 604 1
342 344 1
342 357 1
342 366 1
342 367 1
342 375 1
342 867 1
343 345 1
343 351 1
343 376 1
343 379 1
343 385 1
343 393 1
344 365 1
344 367 1
344 391 1
344 583 1
344 922 1
345 372 1
345 378 1
345 388 1
345 393 1
345 399 1
345 458 1
346 359 1
346 365 1
346 376 1
346 387 1
346 392 1
346 436 1
346 837 1
347 357 1
347 886 1
348 365 1
348 378 1
348 382 1
348 384 1
348 386 1
349 382 1
349 492 1
349 800 1
350 373 1
350 377 1
350 382 1
351 378 1
351 744 1
352 355 1
352 391 1
352 670 1
352 762 1
353 365 1
353 387 1
353 399 1
353 738 1
354 365 1
354 380 1
354 383 1
354 552 1
354 741 1
355 369 1
356 376 1
356 389 1
356 396 1
356 603 1
357 363 1
357 374 1
357 383 1
357 393 1
358 364 1
358 366 1
358 376 1
358 400 1
358 960 1
359 370 1
360 389 1
360 393 1
361 408 1
361 536 1
361 972 1
362 396 1
362 768 1
363 377 1
363 572 1
363 704 1
363 730 1
364 380 1
364 392 1
364 393 1
365 396 1
365 400 1
366 369 1
366 377 1
366 438 1
366 827 1
367 376 1
367 389 1
367 876 1
368 554 1
368 926 1
369 371 1
369 373 1
369 386 1
369 993 1
370 374 1
370 442 1
371 378 1
371 485 1
371 541 1
371 786 1
372 508 1
373 428 1
373 549 1
374 375 1
375 400 1
375 473 1
375 823 1
376 379 1
376 382 1
376 405 1
377 397 1
377 800 1
378 433 1
379 709 1
379 803 1
380 396 1
380 917 1
382 488 1
382 806 1
383 957 1
384 389 1
384 399 1
384 400 1
385 467 1
386 388 1
386 712 1
387 533 1
389 394 1
389 773 1
390 437 1
390 679 1
391 396 1
391 519 1
392 397 1
393 399 1
393 423 1
393 857 1
393 993 1
394 602 1
394 623 1
395 839 1
396 598 1
396 755 1
397 697 1
397 823 1
400 502 1
400 891 1
401 414 1
401 421 1
401 430 1
401 431 1
401 442 1
401 456 1
401 465 1
401 486 1
401 509 1
401 700 1
402 440 1
402 467 1
402 498 1
402 578 1
402 876 1
403 409 1
403 447 1
403 472 1
403 530 1
403 545 1
404 420 1
404 426 1
404 454 1
404 481 1
405 418 1
405 449 1
405 454 1
405 461 1
405 500 1
406 418 1
406 454 1
406 463 1
406 469 1
406 799 1
406 835 1
407 420 1
407 463 1
407 479 1
407 491 1
407 661 1
408 452 1
408 476 1
408 486 1
408 901 1
409 427 1
409 481 1
409 487 1
410 488 1
410 491 1
410 812 1
411 435 1
411 440 1
411 497 1
411 726 1
412 483 1
412 491 1
412 544 1
413 426 1
413 432 1
413 438 1
413 473 1
413 485 1
413 486 1
413 494 1
414 478 1
414 867 1
415 420 1
415 435 1
415 437 1
415 443 1
416 433 1
416 440 1
416 473 1
416 479 1
416 490 1
417 449 1
417 482 1
417 486 1
418 423 1
418 439 1
418 463 1
418 480 1
418 482 1
418 487 1
418 496 1
418 500 1
420 439 1
420 465 1
420 491 1
420 495 1
420 955 1
421 457 1
421 459 1
421 471 1
421 498 1
421 577 1
422 431 1
422 470 1
422 479 1
422 483 1
422 495 1
423 461 1
423 494 1
423 752 1
423 982 1
424 439 1
424 445 1
424 449 1
424 463 1
424 496 1
424 578 1
424 834 1
425 473 1
425 496 1
425 497 1
425 550 1
425 691 1
425 711 1
425 727 1
426 427 1
426 445 1
426 465 1
426 468 1
426 487 1
427 448 1
427 488 1
427 491 1
427 496 1
427 718 1
427 745 1
427 765 1
428 452 1
428 466 1
428 482 1
428 488 1
428 681 1
429 443 1
429 456 1
429 466 1
429 497 1
430 448 1
430 465 1
431 441 1
431 444 1
431 458 1
431 464 1
431 968 1
432 441 1
432 482 1
432 497 1
432 777 1
433 434 1
433 464 1
433 479 1
434 439 1
434 462 1
434 471 1
434 626 1
435 437 1
435 450 1
435 454 1
435 482 1
436 455 1
436 796 1
437 444 1
437 480 1
437 481 1
437 498 1
437 875 1
437 913 1
437 943 1
437 955 1
438 442 1
438 447 1
438 464 1
438 485 1
438 489 1
438 498 1
438 636 1
439 453 1
439 462 1
439 536 1
439 932 1
440 455 1
441 443 1
441 456 1
441 462 1
441 467 1
441 474 1
441 476 1
441 478 1
441 479 1
441 758 1
442 872 1
443 444 1
443 454 1
443 475 1
443 480 1
443 485 1
443 490 1
443 497 1
443 499 1
443 793 1
444 448 1
444 462 1
444 484 1
444 495 1
445 447 1
445 461 1
445 478 1
445 628 1
445 725 1
446 461 1
446 464 1
446 481 1
446 521 1
447 458 1
447 461 1
447 732 1
447 864 1
448 463 1
448 474 1
448 484 1
448 487 1
448 519 1
449 453 1
449 464 1
449 473 1
449 476 1
450 484 1
450 496 1
450 767 1
452 479 1
452 486 1
453 465 1
453 546 1
454 458 1
454 464 1
454 467 1
454 662 1
454 809 1
454 924 1
455 485 1
456 654 1
456 862 1
456 963 1
457 687 1
457 890 1
458 873 1
459 460 1
459 493 1
459 837 1
460 463 1
460 465 1
460 470 1
460 474 1
460 685 1
461 462 1
461 463 1
461 482 1
461 704 1
461 789 1
461 850 1
462 463 1
462 475 1
462 485 1
462 659 1
463 491 1
463 642 1
464 465 1
464 491 1
465 467 1
465 499 1
465 789 1
465 893 1
466 474 1
466 498 1
466 914 1
467 490 1
467 499 1
467 500 1
467 924 1
468 490 1
468 491 1
468 793 1
470 481 1
470 482 1
471 473 1
471 487 1
471 496 1
471 499 1
472 492 1
472 711 1
473 490 1
473 492 1
473 502 1
473 704 1
474 498 1
474 610 1
474 772 1
475 476 1
475 481 1
475 492 1
475 496 1
475 612 1
475 683 1
476 568 1
477 480 1
477 489 1
477 673 1
478 841 1
478 844 1
482 864 1
485 572 1
485 619 1
485 775 1
486 576 1
486 943 1
487 494 1
487 498 1
487 610 1
488 498 1
490 495 1
490 497 1
490 570 1
491 494 1
491 886 1
492 686 1
493 816 1
494 620 1
494 752 1
494 895 1
495 497 1
495 831 1
496 933 1
496 965 1
497 861 1
498 846 1
498 913 1
499 551 1
500 551 1
501 502 1
501 506 1
501 524 1
501 533 1
501 538 1
501 545 1
501 785 1
501 858 1
502 507 1
502 512 1
502 516 1
502 517 1
502 529 1
502 571 1
502 576 1
502 590 1
503 506 1
503 520 1
503 538 1
503 545 1
503 557 1
503 558 1
503 563 1
503 581 1
504 519 1
504 523 1
504 546 1
504 557 1
504 595 1
504 607 1
505 518 1
505 522 1
505 537 1
505 540 1
505 566 1
505 583 1
505 598 1
505 954 1
506 525 1
506 534 1
506 558 1
506 585 1
506 596 1
506 597 1
506 667 1
507 514 1
507 530 1
507 548 1
507 551 1
507 579 1
507 586 1
507 596 1
507 654 1
507 755 1
508 509 1
508 513 1
508 579 1
508 581 1
509 518 1
509 551 1
510 515 1
510 527 1
510 558 1
511 517 1
511 518 1
511 543 1
511 569 1
511 584 1
511 593 1
511 879 1
511 887 1
511 980 1
512 520 1
512 523 1
512 553 1
512 555 1
512 583 1
513 515 1
513 566 1
513 571 1
513 600 1
513 796 1
514 547 1
514 574 1
514 575 1
514 584 1
514 595 1
515 521 1
515 526 1
515 547 1
515 564 1
515 867 1
516 520 1
516 591 1
516 912 1
517 531 1
517 534 1
517 553 1
517 580 1
518 519 1
518 531 1
518 573 1
518 595 1
518 613 1
519 525 1
519 612 1
520 540 1
520 552 1
520 554 1
520 556 1
520 592 1
520 594 1
520 958 1
521 530 1
521 545 1
521 548 1
521 555 1
521 595 1
521 598 1
521 677 1
521 782 1
521 791 1
521 968 1
522 563 1
522 569 1
522 572 1
522 781 1
523 533 1
523 541 1
523 597 1
523 893 1
525 573 1
525 574 1
525 594 1
526 538 1
526 596 1
526 668 1
527 537 1
527 550 1
527 566 1
527 568 1
527 581 1
527 585 1
527 947 1
528 532 1
528 545 1
528 552 1
528 554 1
528 563 1
528 564 1
528 568 1
528 578 1
528 588 1
528 593 1
528 813 1
528 827 1
529 531 1
529 550 1
530 532 1
530 554 1
530 566 1
530 568 1
531 546 1
531 566 1
531 580 1
532 540 1
532 559 1
532 575 1
532 685 1
533 564 1
533 583 1
534 535 1
534 587 1
535 546 1
535 574 1
535 582 1
535 586 1
535 594 1
535 719 1
535 882 1
536 548 1
536 552 1
536 585 1
537 633 1
537 780 1
537 976 1
538 540 1
538 545 1
538 563 1
538 564 1
538 571 1
538 576 1
538 581 1
538 598 1
539 569 1
539 576 1
539 591 1
539 673 1
539 855 1
540 544 1
540 546 1
540 568 1
540 583 1
541 809 1
542 554 1
542 557 1
542 587 1
542 595 1
542 614 1
543 584 1
543 591 1
544 557 1
544 566 1
544 582 1
544 588 1
544 774 1
545 550 1
545 561 1
545 565 1
545 585 1
545 591 1
545 600 1
545 831 1
546 555 1
546 580 1
546 596 1
546 599 1
546 679 1
546 717 1
547 554 1
547 563 1
547 578 1
547 596 1
548 570 1
548 591 1
549 550 1
549 567 1
550 594 1
551 553 1
551 555 1
551 594 1
552 553 1
552 557 1
552 794 1
553 579 1
553 600 1
554 556 1
554 560 1
554 976 1
556 588 1
557 579 1
557 875 1
558 594 1
558 947 1
559 574 1
559 581 1
559 582 1
560 578 1
560 593 1
560 763 1
560 924 1
561 583 1
561 586 1
561 590 1
561 598 1
561 951 1
562 563 1
562 570 1
562 762 1
562 883 1
563 581 1
563 585 1
563 594 1
564 565 1
564 566 1
564 578 1
564 623 1
564 857 1
565 932 1
566 577 1
566 589 1
566 596 1
566 599 1
566 675 1
567 788 1
567 894 1
568 591 1
568 598 1
569 580 1
570 586 1
570 782 1
571 579 1
572 578 1
572 585 1
572 623 1
574 580 1
574 584 1
574 591 1
574 810 1
575 590 1
576 577 1
576 596 1
576 639 1
576 871 1
578 583 1
579 594 1
579 600 1
580 594 1
581 596 1
581 727 1
583 588 1
583 595 1
584 683 1
584 708 1
584 713 1
584 780 1
584 898 1
585 598 1
587 818 1
588 778 1
588 803 1
589 744 1
589 835 1
590 592 1
590 627 1
590 931 1
591 597 1
591 623 1
591 658 1
594 602 1
594 618 1
594 931 1
595 599 1
595 984 1
596 819 1
597 599 1
600 813 1
601 607 1
601 652 1
601 656 1
602 661 1
603 648 1
603 664 1
603 668 1
603 676 1
603 817 1
604 616 1
604 635 1
604 644 1
604 647 1
604 695 1
604 787 1
604 918 1
605 609 1
605 637 1
605 674 1
605 680 1
605 715 1
606 651 1
606 652 1
606 838 1
606 925 1
607 609 1
607 611 1
607 659 1
607 663 1
607 862 1
608 621 1
608 627 1
608 641 1
608 643 1
608 658 1
608 686 1
608 977 1
609 639 1
609 656 1
609 665 1
610 637 1
610 640 1
610 645 1
610 675 1
610 697 1
610 700 1
610 777 1
611 645 1
611 651 1
611 657 1
611 678 1
611 680 1
611 962 1
612 615 1
612 618 1
612 661 1
612 669 1
612 690 1
612 805 1
612 981 1
613 659 1
613 699 1
614 617 1
614 656 1
614 766 1
614 983 1
615 656 1
615 671 1
616 617 1
616 625 1
616 653 1
616 677 1
616 944 1
617 635 1
617 685 1
617 988 1
618 636 1
618 647 1
618 696 1
619 643 1
619 696 1
619 956 1
620 633 1
620 636 1
620 657 1
620 664 1
620 673 1
620 674 1
620 682 1
620 686 1
620 952 1
622 625 1
622 626 1
622 627 1
622 654 1
622 674 1
622 676 1
623 632 1
623 660 1
623 666 1
623 689 1
623 778 1
624 631 1
624 649 1
624 696 1
624 987 1
625 630 1
625 668 1
625 698 1
625 848 1
625 968 1
626 631 1
626 651 1
626 665 1
626 698 1
627 635 1
627 664 1
627 696 1
627 943 1
627 951 1
628 641 1
628 652 1
628 680 1
629 658 1
629 671 1
629 673 1
629 689 1
629 917 1
630 688 1
630 699 1
631 653 1
631 658 1
631 662 1
631 666 1
631 974 1
632 642 1
632 694 1
632 827 1
633 668 1
633 801 1
634 659 1
635 637 1
635 678 1
636 642 1
636 670 1
636 695 1
637 638 1
637 649 1
637 673 1
637 677 1
637 683 1
638 647 1
638 672 1
638 698 1
639 665 1
639 672 1
639 673 1
639 682 1
639 690 1
639 879 1
640 646 1
640 667 1
641 670 1
641 697 1
641 887 1
641 936 1
642 643 1
642 939 1
643 685 1
643 870 1
644 659 1
644 661 1
644 686 1
644 698 1
644 810 1
645 664 1
645 679 1
645 698 1
646 659 1
646 668 1
646 682 1
646 691 1
647 653 1
647 686 1
647 925 1
647 967 1
648 653 1
648 673 1
649 672 1
649 674 1
649 686 1
649 755 1
649 765 1
649 939 1
650 679 1
650 695 1
651 652 1
651 668 1
651 683 1
652 686 1
653 654 1
653 693 1
653 875 1
654 681 1
655 666 1
655 667 1
655 891 1
656 914 1
658 684 1
658 896 1
659 679 1
659 728 1
659 980 1
660 693 1
660 992 1
661 693 1
662 681 1
662 698 1
663 675 1
663 678 1
664 684 1
664 872 1
665 681 1
666 669 1
666 696 1
666 700 1
667 937 1
668 669 1
668 697 1
668 699 1
670 671 1
670 675 1
670 684 1
670 698 1
670 700 1
670 958 1
671 686 1
671 792 1
672 692 1
672 930 1
672 960 1
673 691 1
673 699 1
674 697 1
674 897 1
675 682 1
675 737 1
675 783 1
676 678 1
676 680 1
676 688 1
676 697 1
678 696 1
678 964 1
679 797 1
680 682 1
681 687 1
681 698 1
681 844 1
683 696 1
683 792 1
683 841 1
683 887 1
685 690 1
685 702 1
685 909 1
685 911 1
686 815 1
687 790 1
689 696 1
689 735 1
690 692 1
690 693 1
690 726 1
690 962 1
692 851 1
693 858 1
696 787 1
697 997 1
698 699 1
700 723 1
701 709 1
701 710 1
701 713 1
701 716 1
701 726 1
701 730 1
701 738 1
701 739 1
702 710 1
702 729 1
702 771 1
702 778 1
702 785 1
703 705 1
703 716 1
703 740 1
703 776 1
703 785 1
703 794 1
704 725 1
704 730 1
704 753 1
704 773 1
704 776 1
704 905 1
705 714 1
705 718 1
705 778 1
705 787 1
705 868 1
706 707 1
706 743 1
706 753 1
706 756 1
706 759 1
706 779 1
706 800 1
707 711 1
707 789 1
707 810 1
707 860 1
708 715 1
708 758 1
708 759 1
708 779 1
708 868 1
709 753 1
709 763 1
709 772 1
709 773 1
709 794 1
709 797 1
709 799 1
710 720 1
710 778 1
710 784 1
711 733 1
711 740 1
711 741 1
711 756 1
711 767 1
711 783 1
711 784 1
711 790 1
712 717 1
712 720 1
712 744 1
712 765 1
712 790 1
713 716 1
713 728 1
713 753 1
713 761 1
713 767 1
713 789 1
714 723 1
714 777 1
714 779 1
714 786 1
714 959 1
715 733 1
715 742 1
715 744 1
716 737 1
716 771 1
717 850 1
718 723 1
718 746 1
718 755 1
718 762 1
719 723 1
719 739 1
719 760 1
719 766 1
719 785 1
719 796 1
719 913 1
720 730 1
720 748 1
720 797 1
720 799 1
722 736 1
722 762 1
722 779 1
723 725 1
723 753 1
723 761 1
723 771 1
723 857 1
724 739 1
724 776 1
724 785 1
724 796 1
724 842 1
725 742 1
725 763 1
726 764 1
726 778 1
726 789 1
726 798 1
727 734 1
727 749 1
727 792 1
728 747 1
728 798 1
729 732 1
729 744 1
729 750 1
729 759 1
729 760 1
729 773 1
729 780 1
729 791 1
729 795 1
730 745 1
730 752 1
730 754 1
730 767 1
730 822 1
731 732 1
731 736 1
731 748 1
731 919 1
732 738 1
732 752 1
732 776 1
732 802 1
733 753 1
733 775 1
733 875 1
734 749 1
734 750 1
734 780 1
734 796 1
736 783 1
737 752 1
737 772 1
737 774 1
737 785 1
737 793 1
737 796 1
738 740 1
738 778 1
738 786 1
739 740 1
739 781 1
740 799 1
741 751 1
741 756 1
741 773 1
741 776 1
741 784 1
741 799 1
741 800 1
742 758 1
742 768 1
742 779 1
742 798 1
742 800 1
742 908 1
743 748 1
743 749 1
743 764 1
743 785 1
744 745 1
744 759 1
744 902 1
745 746 1
745 764 1
745 765 1
745 797 1
746 751 1
746 779 1
747 768 1
747 787 1
748 757 1
748 763 1
748 768 1
748 777 1
748 979 1
749 757 1
749 760 1
749 790 1
751 754 1
751 757 1
751 769 1
751 790 1
751 916 1
752 757 1
752 770 1
752 774 1
753 764 1
753 775 1
753 779 1
754 766 1
754 770 1
755 762 1
755 763 1
755 769 1
755 774 1
755 784 1
756 776 1
756 786 1
756 876 1
758 783 1
758 905 1
758 949 1
759 774 1
759 794 1
759 956 1
760 771 1
760 781 1
761 762 1
761 774 1
761 785 1
763 779 1
763 928 1
764 780 1
764 886 1
764 957 1
765 791 1
765 797 1
765 798 1
765 800 1
766 780 1
766 788 1
767 777 1
768 769 1
768 890 1
770 782 1
770 792 1
770 794 1
771 775 1
771 794 1
773 798 1
775 928 1
776 778 1
776 780 1
776 784 1
776 794 1
777 786 1
777 924 1
778 784 1
778 789 1
778 790 1
778 791 1
778 796 1
778 950 1
779 884 1
781 784 1
782 788 1
782 793 1
782 798 1
782 870 1
783 794 1
783 806 1
783 982 1
784 798 1
785 788 1
785 795 1
786 800 1
789 961 1
790 998 1
791 809 1
791 998 1
792 799 1
793 901 1
796 904 1
798 807 1
801 803 1
801 804 1
801 807 1
801 825 1
801 826 1
801 831 1
801 868 1
801 878 1
801 900 1
801 944 1
802 818 1
802 845 1
802 854 1
802 868 1
802 869 1
803 820 1
803 825 1
803 841 1
803 851 1
803 865 1
803 875 1
803 894 1
804 805 1
804 825 1
804 826 1
804 840 1
804 861 1
805 833 1
805 860 1
805 862 1
805 891 1
805 899 1
806 844 1
806 851 1
806 888 1
807 841 1
807 876 1
807 880 1
807 883 1
807 893 1
808 833 1
808 837 1
808 847 1
808 874 1
808 887 1
808 892 1
809 859 1
809 879 1
810 847 1
810 876 1
811 816 1
811 879 1
812 815 1
812 821 1
812 830 1
812 831 1
812 843 1
812 844 1
812 851 1
812 852 1
812 899 1
812 930 1
812 988 1
813 814 1
813 834 1
813 839 1
813 844 1
813 875 1
813 883 1
813 885 1
813 1000 1
814 831 1
814 833 1
814 839 1
814 853 1
814 856 1
814 864 1
814 913 1
815 851 1
815 852 1
815 853 1
815 863 1
816 828 1
816 884 1
816 886 1
816 892 1
817 818 1
817 880 1
817 884 1
817 887 1
817 894 1
818 824 1
818 847 1
818 853 1
819 837 1
819 843 1
819 851 1
819 886 1
819 980 1
820 835 1
820 854 1
820 864 1
820 869 1
820 873 1
820 889 1
820 893 1
821 827 1
821 835 1
821 868 1
821 889 1
821 991 1
822 841 1
822 842 1
822 859 1
822 866 1
822 873 1
822 892 1
824 839 1
824 845 1
824 876 1
824 897 1
824 899 1
825 839 1
825 843 1
825 895 1
825 899 1
826 894 1
827 849 1
827 851 1
827 892 1
827 896 1
827 899 1
828 851 1
828 888 1
828 897 1
829 843 1
829 846 1
829 881 1
829 890 1
829 984 1
830 838 1
830 857 1
830 882 1
830 984 1
831 838 1
831 839 1
831 852 1
831 882 1
831 886 1
832 856 1
832 864 1
832 874 1
832 884 1
832 886 1
833 847 1
833 848 1
833 875 1
833 889 1
834 860 1
834 867 1
834 883 1
834 898 1
834 973 1
835 846 1
835 851 1
835 856 1
835 869 1
835 881 1
835 900 1
836 843 1
836 873 1
836 982 1
837 883 1
837 892 1
837 955 1
838 846 1
838 900 1
840 845 1
840 846 1
840 851 1
840 885 1
841 866 1
841 872 1
841 877 1
842 871 1
842 899 1
842 924 1
843 848 1
843 867 1
843 875 1
843 876 1
843 885 1
843 890 1
843 957 1
844 862 1
844 870 1
844 884 1
845 863 1
845 890 1
846 857 1
846 869 1
846 873 1
846 886 1
846 898 1
847 863 1
847 871 1
847 925 1
848 888 1
848 895 1
849 892 1
849 898 1
850 883 1
850 889 1
850 897 1
851 852 1
851 903 1
852 855 1
852 870 1
852 887 1
853 876 1
853 900 1
853 963 1
854 873 1
854 884 1
855 898 1
856 867 1
856 871 1
856 877 1
856 997 1
857 871 1
857 897 1
857 935 1
857 937 1
857 956 1
858 861 1
858 873 1
858 877 1
858 888 1
858 893 1
858 900 1
858 977 1
859 868 1
859 869 1
859 885 1
859 897 1
860 864 1
860 866 1
860 870 1
860 890 1
861 879 1
862 872 1
863 890 1
863 893 1
865 866 1
865 867 1
865 873 1
865 941 1
866 868 1
866 884 1
868 871 1
868 875 1
868 883 1
868 884 1
869 882 1
869 885 1
869 898 1
869 914 1
870 881 1
872 878 1
872 884 1
872 888 1
873 897 1
874 883 1
875 884 1
876 958 1
879 895 1
879 919 1
880 896 1
881 896 1
882 894 1
883 966 1
884 894 1
886 935 1
889 899 1
890 893 1
896 898 1
896 988 1
901 977 1
901 982 1
902 920 1
902 926 1
902 955 1
902 960 1
902 966 1
903 910 1
903 911 1
903 922 1
903 955 1
903 976 1
903 980 1
904 956 1
904 987 1
905 925 1
905 933 1
905 938 1
905 940 1
905 975 1
905 993 1
906 918 1
906 935 1
906 936 1
906 951 1
906 957 1
906 958 1
906 978 1
907 910 1
907 915 1
907 961 1
907 966 1
907 989 1
908 923 1
908 956 1
908 975 1
908 982 1
909 920 1
909 925 1
909 930 1
909 943 1
909 944 1
909 945 1
909 949 1
909 962 1
910 920 1
910 963 1
910 985 1
910 993 1
911 912 1
911 915 1
911 931 1
911 932 1
911 942 1
911 946 1
911 951 1
911 960 1
911 967 1
911 982 1
911 986 1
911 993 1
912 940 1
912 949 1
912 964 1
912 988 1
912 995 1
913 954 1
913 977 1
913 978 1
914 946 1
914 954 1
914 965 1
914 982 1
914 983 1
915 916 1
915 921 1
915 984 1
916 960 1
916 986 1
916 988 1
917 944 1
917 951 1
917 957 1
917 958 1
917 968 1
917 973 1
918 923 1
918 968 1
918 998 1
919 925 1
919 929 1
919 937 1
919 965 1
920 932 1
920 947 1
920 995 1
921 931 1
921 946 1
921 964 1
921 967 1
921 985 1
921 994 1
922 928 1
922 946 1
922 964 1
922 975 1
922 978 1
923 929 1
923 936 1
923 950 1
923 966 1
923 971 1
923 993 1
924 938 1
924 944 1
924 958 1
925 932 1
925 954 1
925 961 1
925 991 1
925 999 1
926 950 1
926 953 1
926 962 1
926 993 1
926 996 1
927 948 1
927 950 1
927 981 1
928 937 1
928 994 1
928 996 1
928 999 1
929 930 1
929 946 1
929 985 1
930 953 1
931 935 1
931 969 1
931 973 1
931 976 1
931 986 1
931 988 1
932 953 1
932 972 1
932 982 1
932 983 1
933 980 1
933 982 1
933 995 1
934 978 1
935 984 1
935 987 1
936 973 1
937 970 1
937 978 1
937 988 1
937 996 1
938 939 1
938 941 1
939 947 1
939 990 1
940 990 1
940 991 1
940 992 1
941 998 1
942 953 1
942 954 1
942 956 1
942 960 1
942 994 1
943 953 1
943 990 1
944 951 1
944 962 1
944 983 1
944 985 1
945 976 1
945 981 1
945 983 1
945 989 1
946 989 1
947 961 1
947 984 1
948 957 1
948 979 1
949 960 1
949 979 1
949 995 1
950 954 1
950 958 1
950 980 1
952 968 1
952 977 1
952 979 1
953 986 1
954 968 1
954 983 1
954 988 1
955 962 1
955 974 1
956 970 1
956 978 1
956 984 1
956 990 1
956 993 1
956 995 1
957 960 1
957 973 1
957 974 1
958 963 1
958 969 1
958 971 1
958 978 1
958 980 1
958 995 1
959 964 1
959 967 1
959 976 1
959 984 1
960 968 1
960 969 1
960 983 1
961 993 1
962 993 1
963 979 1
964 965 1
964 976 1
965 970 1
965 984 1
965 996 1
966 995 1
967 974 1
967 993 1
968 974 1
968 976 1
968 980 1
969 977 1
969 983 1
970 995 1
970 998 1
971 986 1
972 975 1
972 977 1
972 999 1
973 986 1
973 989 1
973 990 1
974 1000 1
975 980 1
975 999 1
976 979 1
977 987 1
977 990 1
978 985 1
978 997 1
979 995 1
980 986 1
984 994 1
985 995 1
986 991 1
987 990 1
988 995 1
988 998 1
989 998 1
990 995 1
992 995 1
