1000 3507
1 8 1
1 19 1
1 26 1
1 36 1
1 66 1
1 99 1
1 211 1
1 388 1
1 403 1
2 8 1
2 24 1
2 29 1
2 37 1
2 57 1
2 72 1
2 279 1
3 48 1
3 56 1
3 59 1
3 411 1
4 42 1
4 46 1
4 82 1
4 84 1
4 92 1
4 93 1
4 258 1
5 28 1
5 53 1
5 58 1
5 59 1
5 92 1
5 484 1
5 549 1
6 27 1
6 41 1
6 44 1
6 49 1
6 57 1
6 89 1
6 95 1
6 708 1
7 36 1
7 64 1
7 68 1
7 242 1
8 31 1
8 71 1
8 78 1
8 100 1
8 247 1
8 389 1
9 26 1
9 29 1
9 72 1
9 80 1
9 85 1
9 92 1
9 97 1
9 993 1
10 13 1
10 48 1
10 60 1
10 70 1
10 98 1
10 860 1
11 26 1
11 39 1
11 46 1
11 59 1
11 61 1
11 67 1
11 149 1
11 300 1
11 648 1
11 657 1
11 731 1
12 13 1
12 14 1
12 95 1
12 153 1
13 33 1
13 39 1
13 47 1
13 59 1
13 65 1
13 86 1
13 89 1
13 416 1
13 418 1
13 964 1
14 45 1
14 46 1
14 75 1
14 641 1
14 880 1
15 25 1
15 70 1
16 32 1
16 97 1
17 28 1
17 43 1
17 66 1
17 67 1
17 420 1
18 372 1
18 407 1
19 71 1
19 75 1
19 100 1
19 261 1
19 317 1
19 451 1
20 23 1
20 24 1
20 25 1
20 64 1
20 75 1
20 159 1
20 211 1
20 911 1
21 32 1
21 40 1
21 94 1
21 96 1
21 278 1
21 328 1
21 545 1
22 24 1
22 46 1
22 50 1
22 58 1
22 80 1
22 131 1
23 43 1
23 131 1
23 500 1
23 847 1
24 34 1
24 37 1
24 79 1
24 90 1
24 388 1
24 475 1
25 37 1
25 51 1
25 77 1
25 78 1
26 73 1
26 74 1
26 87 1
26 91 1
27 31 1
27 51 1
27 57 1
27 92 1
28 59 1
28 82 1
28 217 1
28 559 1
28 836 1
29 32 1
29 36 1
29 45 1
29 49 1
29 51 1
29 56 1
29 83 1
29 92 1
29 423 1
29 542 1
30 45 1
30 52 1
30 66 1
30 98 1
30 342 1
30 426 1
30 610 1
30 887 1
31 32 1
31 71 1
31 75 1
31 96 1
31 246 1
31 311 1
31 323 1
31 595 1
31 983 1
32 42 1
32 69 1
32 84 1
32 93 1
32 404 1
32 591 1
32 823 1
33 37 1
33 42 1
33 56 1
33 78 1
33 86 1
33 87 1
33 99 1
33 350 1
33 674 1
34 56 1
34 89 1
34 94 1
34 676 1
34 902 1
34 905 1
35 54 1
35 108 1
35 497 1
36 54 1
36 59 1
36 75 1
36 76 1
36 99 1
36 131 1
36 564 1
36 588 1
36 687 1
36 692 1
36 818 1
37 74 1
37 305 1
37 327 1
37 858 1
37 951 1
38 50 1
38 83 1
38 89 1
38 93 1
38 648 1
38 935 1
39 73 1
39 100 1
39 271 1
39 545 1
39 567 1
39 775 1
40 70 1
40 548 1
41 44 1
41 84 1
41 90 1
41 671 1
41 700 1
42 43 1
42 90 1
42 151 1
42 287 1
42 558 1
43 47 1
43 57 1
43 75 1
44 83 1
44 84 1
44 358 1
44 445 1
45 68 1
45 96 1
45 336 1
45 454 1
46 51 1
46 59 1
46 68 1
46 91 1
46 93 1
46 433 1
46 548 1
47 57 1
47 58 1
47 59 1
47 96 1
47 482 1
48 52 1
48 61 1
48 65 1
48 749 1
48 892 1
49 59 1
49 64 1
49 78 1
50 69 1
50 98 1
50 171 1
50 688 1
50 690 1
50 693 1
50 933 1
51 76 1
51 201 1
51 489 1
51 490 1
52 55 1
52 100 1
52 129 1
52 435 1
52 916 1
53 58 1
53 72 1
53 95 1
53 951 1
54 60 1
54 71 1
54 79 1
54 92 1
54 352 1
54 726 1
54 962 1
55 73 1
55 86 1
55 788 1
56 58 1
56 63 1
56 470 1
56 836 1
56 920 1
57 62 1
57 75 1
57 474 1
57 909 1
58 62 1
58 66 1
58 68 1
59 91 1
59 92 1
59 834 1
59 919 1
60 92 1
60 478 1
60 487 1
60 625 1
60 727 1
61 74 1
61 267 1
61 643 1
62 66 1
62 72 1
62 78 1
62 93 1
62 96 1
62 370 1
62 652 1
62 875 1
62 917 1
63 76 1
63 77 1
63 178 1
64 84 1
64 384 1
64 745 1
65 99 1
65 789 1
65 911 1
66 80 1
66 237 1
66 697 1
67 84 1
67 85 1
67 375 1
67 984 1
68 69 1
68 71 1
68 81 1
68 89 1
68 98 1
68 699 1
69 70 1
69 389 1
69 985 1
70 76 1
70 92 1
70 95 1
70 208 1
70 352 1
70 568 1
70 787 1
71 74 1
71 81 1
71 84 1
71 93 1
71 161 1
72 966 1
73 288 1
73 978 1
74 97 1
74 375 1
74 512 1
75 87 1
75 92 1
75 238 1
76 311 1
77 848 1
78 89 1
78 217 1
81 96 1
81 97 1
81 311 1
81 456 1
81 513 1
81 648 1
82 84 1
82 934 1
83 88 1
83 1000 1
84 91 1
84 94 1
84 352 1
84 364 1
85 599 1
86 91 1
86 97 1
86 858 1
87 214 1
87 314 1
87 968 1
88 613 1
88 826 1
89 208 1
90 340 1
90 552 1
91 487 1
91 982 1
93 97 1
93 220 1
94 196 1
94 267 1
94 620 1
95 898 1
96 827 1
97 738 1
97 789 1
99 138 1
99 306 1
99 893 1
100 342 1
100 445 1
100 835 1
101 110 1
101 117 1
101 122 1
101 129 1
101 141 1
101 180 1
101 574 1
102 104 1
102 178 1
102 185 1
102 610 1
102 987 1
103 130 1
103 133 1
103 138 1
103 140 1
103 184 1
104 115 1
104 198 1
104 321 1
104 379 1
104 986 1
105 126 1
105 127 1
105 145 1
105 146 1
105 154 1
105 161 1
105 182 1
105 194 1
105 598 1
106 110 1
106 115 1
106 123 1
106 184 1
106 963 1
107 131 1
107 137 1
107 163 1
107 173 1
107 186 1
107 969 1
108 115 1
108 132 1
108 145 1
108 164 1
108 178 1
108 184 1
109 191 1
109 589 1
109 803 1
109 854 1
109 903 1
110 115 1
110 125 1
110 139 1
110 166 1
110 167 1
110 174 1
110 182 1
110 195 1
110 268 1
110 992 1
111 112 1
111 126 1
111 198 1
111 211 1
111 317 1
111 452 1
111 589 1
112 137 1
112 159 1
112 169 1
112 185 1
112 193 1
112 226 1
112 773 1
113 115 1
113 121 1
113 124 1
113 139 1
113 147 1
113 153 1
113 179 1
113 190 1
113 199 1
113 387 1
113 590 1
114 151 1
114 161 1
114 197 1
114 475 1
114 525 1
114 694 1
115 122 1
115 141 1
115 194 1
115 649 1
115 705 1
116 126 1
116 137 1
116 140 1
116 434 1
116 557 1
117 129 1
117 152 1
117 162 1
117 165 1
117 497 1
117 877 1
117 983 1
118 152 1
118 167 1
118 977 1
119 174 1
119 196 1
120 125 1
120 160 1
120 172 1
120 182 1
120 184 1
120 604 1
121 125 1
121 144 1
121 148 1
121 865 1
121 933 1
121 958 1
122 139 1
122 152 1
122 178 1
122 185 1
122 536 1
122 804 1
123 144 1
123 154 1
123 181 1
123 186 1
123 190 1
123 306 1
123 726 1
124 154 1
124 185 1
124 186 1
124 845 1
125 143 1
125 165 1
125 185 1
125 186 1
125 443 1
126 159 1
126 200 1
126 349 1
126 490 1
127 142 1
127 143 1
127 164 1
127 171 1
127 175 1
128 135 1
128 137 1
128 146 1
128 164 1
128 166 1
128 196 1
128 450 1
128 683 1
129 135 1
129 169 1
129 597 1
129 896 1
129 937 1
130 150 1
130 348 1
130 383 1
131 158 1
131 905 1
132 147 1
132 181 1
132 183 1
132 192 1
133 143 1
133 195 1
133 198 1
133 500 1
133 540 1
133 732 1
133 754 1
134 135 1
134 155 1
134 164 1
134 177 1
134 178 1
134 230 1
134 351 1
134 419 1
135 142 1
135 184 1
135 199 1
135 715 1
135 823 1
136 157 1
136 180 1
136 188 1
136 843 1
137 151 1
137 153 1
137 198 1
138 148 1
138 181 1
138 188 1
138 228 1
138 334 1
138 554 1
138 616 1
139 150 1
139 181 1
139 458 1
139 600 1
140 147 1
140 196 1
140 547 1
140 730 1
140 801 1
141 144 1
141 185 1
141 757 1
142 153 1
142 162 1
142 196 1
143 191 1
143 704 1
144 158 1
144 169 1
144 174 1
144 196 1
144 197 1
144 248 1
144 406 1
144 687 1
145 171 1
145 179 1
145 180 1
145 255 1
145 315 1
145 932 1
146 184 1
146 278 1
146 507 1
146 510 1
146 594 1
146 615 1
147 165 1
147 174 1
147 195 1
147 198 1
147 532 1
147 759 1
147 941 1
148 151 1
148 158 1
148 860 1
149 543 1
149 766 1
150 172 1
150 197 1
150 911 1
151 175 1
151 225 1
152 156 1
152 167 1
152 177 1
152 195 1
152 315 1
152 387 1
153 156 1
153 181 1
153 227 1
153 274 1
153 623 1
153 705 1
154 262 1
155 178 1
155 180 1
155 194 1
155 197 1
155 420 1
156 160 1
156 194 1
157 200 1
157 645 1
157 817 1
158 161 1
158 193 1
158 199 1
158 417 1
159 186 1
159 403 1
159 762 1
159 935 1
160 185 1
160 195 1
161 377 1
161 514 1
161 650 1
162 167 1
162 169 1
162 407 1
162 686 1
163 168 1
163 183 1
163 194 1
163 364 1
164 165 1
164 172 1
164 190 1
165 187 1
165 198 1
165 838 1
166 168 1
166 172 1
166 174 1
166 196 1
166 891 1
166 940 1
167 170 1
167 192 1
167 944 1
168 182 1
168 566 1
168 816 1
169 200 1
169 631 1
169 767 1
169 774 1
170 593 1
171 177 1
171 190 1
171 196 1
171 513 1
172 251 1
172 326 1
172 486 1
172 507 1
172 564 1
172 658 1
173 176 1
173 191 1
173 283 1
173 653 1
173 844 1
173 987 1
174 195 1
174 199 1
174 883 1
175 181 1
175 192 1
175 198 1
175 407 1
175 643 1
175 878 1
176 314 1
177 188 1
177 278 1
178 543 1
178 949 1
179 189 1
179 194 1
179 613 1
179 615 1
180 190 1
180 427 1
180 644 1
180 702 1
181 183 1
181 184 1
181 681 1
183 187 1
183 192 1
183 438 1
183 910 1
183 934 1
184 846 1
185 192 1
185 756 1
185 841 1
186 279 1
186 352 1
188 694 1
188 940 1
190 962 1
191 195 1
191 618 1
191 746 1
191 895 1
192 956 1
193 194 1
193 196 1
193 198 1
193 425 1
193 458 1
193 612 1
194 387 1
195 375 1
195 738 1
195 893 1
196 731 1
197 469 1
197 541 1
198 455 1
199 684 1
199 832 1
199 871 1
199 875 1
199 929 1
200 242 1
201 217 1
201 227 1
201 229 1
201 290 1
201 719 1
201 819 1
202 209 1
202 210 1
202 250 1
202 253 1
202 288 1
202 297 1
202 429 1
202 452 1
202 760 1
203 246 1
203 254 1
203 257 1
203 524 1
203 828 1
204 211 1
204 241 1
204 248 1
204 413 1
204 940 1
205 213 1
205 232 1
205 233 1
205 237 1
205 270 1
205 273 1
206 273 1
206 274 1
206 284 1
206 285 1
206 887 1
207 209 1
207 238 1
207 249 1
207 251 1
207 274 1
207 275 1
207 290 1
207 494 1
208 223 1
208 229 1
208 236 1
208 269 1
208 274 1
208 286 1
208 344 1
208 828 1
209 214 1
209 220 1
209 223 1
209 230 1
209 257 1
209 264 1
209 286 1
209 410 1
210 220 1
210 227 1
210 234 1
210 259 1
210 261 1
210 291 1
210 300 1
210 725 1
211 224 1
211 232 1
211 237 1
211 238 1
211 257 1
211 264 1
211 270 1
211 388 1
211 511 1
212 215 1
212 258 1
212 259 1
212 290 1
213 236 1
213 240 1
213 260 1
213 263 1
213 295 1
213 373 1
213 803 1
214 285 1
214 325 1
214 444 1
214 664 1
214 877 1
215 576 1
215 858 1
216 250 1
216 280 1
216 295 1
216 699 1
217 275 1
217 284 1
217 289 1
218 223 1
218 236 1
218 253 1
218 255 1
218 599 1
218 823 1
219 228 1
219 230 1
219 238 1
219 263 1
219 271 1
219 299 1
219 582 1
220 236 1
220 261 1
220 292 1
220 371 1
220 376 1
220 398 1
220 446 1
220 735 1
221 231 1
221 246 1
221 257 1
221 266 1
221 274 1
221 402 1
221 638 1
221 966 1
222 228 1
222 336 1
222 622 1
223 370 1
224 228 1
224 234 1
224 241 1
224 259 1
224 260 1
224 262 1
224 272 1
224 492 1
225 243 1
225 255 1
225 267 1
225 272 1
225 275 1
225 282 1
225 285 1
225 300 1
226 234 1
226 260 1
226 261 1
226 266 1
226 269 1
226 273 1
226 287 1
227 273 1
227 283 1
227 669 1
228 244 1
228 292 1
228 293 1
228 445 1
228 990 1
229 239 1
229 249 1
229 259 1
229 261 1
229 279 1
229 283 1
229 299 1
229 368 1
229 830 1
230 241 1
230 243 1
230 244 1
230 257 1
230 258 1
230 263 1
230 285 1
230 855 1
231 270 1
232 250 1
232 256 1
232 270 1
232 271 1
232 275 1
232 282 1
232 288 1
232 296 1
232 462 1
233 245 1
233 247 1
233 254 1
233 270 1
233 274 1
233 756 1
234 236 1
234 279 1
234 327 1
234 523 1
234 653 1
234 658 1
235 237 1
235 252 1
235 295 1
235 573 1
235 725 1
236 237 1
236 240 1
236 271 1
236 364 1
236 431 1
237 249 1
237 267 1
237 275 1
237 295 1
237 299 1
237 439 1
237 559 1
238 244 1
238 292 1
238 841 1
239 248 1
239 292 1
241 248 1
241 258 1
241 267 1
241 271 1
241 281 1
241 289 1
241 627 1
242 264 1
242 265 1
242 266 1
242 304 1
242 480 1
242 529 1
243 246 1
243 254 1
243 255 1
243 261 1
243 282 1
243 291 1
243 420 1
243 529 1
243 589 1
243 945 1
244 265 1
244 485 1
244 527 1
245 277 1
245 547 1
246 264 1
246 273 1
246 293 1
247 251 1
247 258 1
247 260 1
247 282 1
247 297 1
248 255 1
248 270 1
248 286 1
248 300 1
248 384 1
249 266 1
249 275 1
249 299 1
249 765 1
250 261 1
250 265 1
250 267 1
250 280 1
250 485 1
251 282 1
251 288 1
251 928 1
252 262 1
252 279 1
252 288 1
252 693 1
252 761 1
252 824 1
253 275 1
253 291 1
253 687 1
254 280 1
254 281 1
254 288 1
254 507 1
254 663 1
254 870 1
255 277 1
255 280 1
255 286 1
255 289 1
255 297 1
255 646 1
255 890 1
255 959 1
256 259 1
256 290 1
256 350 1
256 368 1
257 275 1
257 296 1
257 553 1
258 268 1
258 632 1
259 273 1
259 295 1
259 527 1
259 543 1
259 611 1
259 990 1
260 322 1
260 397 1
260 430 1
260 969 1
261 299 1
262 470 1
262 713 1
263 490 1
263 871 1
264 267 1
264 276 1
264 862 1
265 272 1
265 278 1
265 292 1
265 471 1
265 695 1
265 901 1
266 287 1
266 298 1
266 768 1
267 1000 1
268 282 1
268 285 1
269 296 1
269 396 1
269 1000 1
270 288 1
270 818 1
271 278 1
271 577 1
272 275 1
272 956 1
273 275 1
274 278 1
274 297 1
274 725 1
274 892 1
275 276 1
275 278 1
275 494 1
275 676 1
275 728 1
275 909 1
276 286 1
276 288 1
276 989 1
277 282 1
277 286 1
278 280 1
278 286 1
278 288 1
278 417 1
278 615 1
279 284 1
280 293 1
280 735 1
280 790 1
280 805 1
281 287 1
281 295 1
281 498 1
282 286 1
283 300 1
284 891 1
285 871 1
286 523 1
286 773 1
288 657 1
289 300 1
290 780 1
290 972 1
291 575 1
291 696 1
291 720 1
291 814 1
291 952 1
291 980 1
293 555 1
295 312 1
298 936 1
298 941 1
299 819 1
300 446 1
300 819 1
301 304 1
301 305 1
301 341 1
301 345 1
301 364 1
301 371 1
302 313 1
302 326 1
302 330 1
302 335 1
302 337 1
302 350 1
302 355 1
302 366 1
302 390 1
302 825 1
302 941 1
303 320 1
303 328 1
303 340 1
303 354 1
303 368 1
303 375 1
303 384 1
303 395 1
303 398 1
303 813 1
303 871 1
304 309 1
304 340 1
304 349 1
304 360 1
304 403 1
304 620 1
305 307 1
305 308 1
305 326 1
305 334 1
305 369 1
305 373 1
305 531 1
305 532 1
305 547 1
305 967 1
306 307 1
306 318 1
306 343 1
306 346 1
306 371 1
306 374 1
306 390 1
306 396 1
307 316 1
307 317 1
307 319 1
307 321 1
307 332 1
307 360 1
307 380 1
307 655 1
307 658 1
307 683 1
307 798 1
307 912 1
308 346 1
308 354 1
308 364 1
308 393 1
308 416 1
308 505 1
309 336 1
309 353 1
309 399 1
310 323 1
310 325 1
310 327 1
310 334 1
310 345 1
310 349 1
310 374 1
310 387 1
310 399 1
310 995 1
311 322 1
311 365 1
311 391 1
312 364 1
312 372 1
312 380 1
312 394 1
313 329 1
313 351 1
313 355 1
313 357 1
313 399 1
313 414 1
314 318 1
314 330 1
314 334 1
314 366 1
314 378 1
314 383 1
314 394 1
314 699 1
315 332 1
315 352 1
315 393 1
315 395 1
315 745 1
315 986 1
316 336 1
316 341 1
316 377 1
316 379 1
316 391 1
317 318 1
317 367 1
317 397 1
317 769 1
318 343 1
318 353 1
318 366 1
318 376 1
318 779 1
319 324 1
319 345 1
319 364 1
319 377 1
319 393 1
319 398 1
319 589 1
319 770 1
320 329 1
320 363 1
320 377 1
320 380 1
320 389 1
320 916 1
321 323 1
321 324 1
321 344 1
321 352 1
321 358 1
321 363 1
321 366 1
321 399 1
321 428 1
321 452 1
321 727 1
321 898 1
322 343 1
322 396 1
322 765 1
322 939 1
323 331 1
323 348 1
323 360 1
323 377 1
323 383 1
324 332 1
324 351 1
324 359 1
324 376 1
324 647 1
325 335 1
325 374 1
325 385 1
325 389 1
325 399 1
325 784 1
326 352 1
326 361 1
326 374 1
326 377 1
326 399 1
326 467 1
326 884 1
327 331 1
327 338 1
327 362 1
327 390 1
328 349 1
328 353 1
328 359 1
328 382 1
328 396 1
328 488 1
328 779 1
328 910 1
329 334 1
329 358 1
329 363 1
329 375 1
329 385 1
329 663 1
329 860 1
330 344 1
330 352 1
330 359 1
330 379 1
330 866 1
331 349 1
331 361 1
331 366 1
331 775 1
332 358 1
332 399 1
332 618 1
332 688 1
332 769 1
333 347 1
333 369 1
333 400 1
333 512 1
333 583 1
334 340 1
334 364 1
334 368 1
334 389 1
334 851 1
335 337 1
335 348 1
335 370 1
335 392 1
335 398 1
335 549 1
336 362 1
336 379 1
336 386 1
336 387 1
337 361 1
337 367 1
337 374 1
337 398 1
338 356 1
338 538 1
338 553 1
338 567 1
339 368 1
339 371 1
339 383 1
339 384 1
339 535 1
339 785 1
339 981 1
340 363 1
340 377 1
340 390 1
340 441 1
340 611 1
341 343 1
341 344 1
341 431 1
341 454 1
341 818 1
342 380 1
342 381 1
342 866 1
342 902 1
343 372 1
343 392 1
344 345 1
344 364 1
344 398 1
344 912 1
344 942 1
345 355 1
345 359 1
345 360 1
345 381 1
345 435 1
345 502 1
345 619 1
346 382 1
346 399 1
346 527 1
347 365 1
347 395 1
347 715 1
347 765 1
348 356 1
348 389 1
348 414 1
348 524 1
348 922 1
349 357 1
349 361 1
349 362 1
349 527 1
349 548 1
349 906 1
350 353 1
350 368 1
350 379 1
350 387 1
351 366 1
351 375 1
351 569 1
352 353 1
352 364 1
352 366 1
352 369 1
352 612 1
352 713 1
352 973 1
353 355 1
353 362 1
353 392 1
353 682 1
353 807 1
353 862 1
353 906 1
354 366 1
355 370 1
355 384 1
355 389 1
355 727 1
356 366 1
356 385 1
356 397 1
356 578 1
357 376 1
357 385 1
357 526 1
357 707 1
358 373 1
358 385 1
358 390 1
358 439 1
359 377 1
359 393 1
359 394 1
359 398 1
359 430 1
360 366 1
360 389 1
360 639 1
361 362 1
361 370 1
361 392 1
361 395 1
361 625 1
362 381 1
362 566 1
362 654 1
362 665 1
362 706 1
362 860 1
363 372 1
363 396 1
363 859 1
364 368 1
364 382 1
365 383 1
365 388 1
365 397 1
365 496 1
366 392 1
366 499 1
367 373 1
367 377 1
367 378 1
368 371 1
368 387 1
368 456 1
369 375 1
369 381 1
369 862 1
369 960 1
370 396 1
371 654 1
371 751 1
371 812 1
372 394 1
372 745 1
372 902 1
373 377 1
373 393 1
374 390 1
374 579 1
374 635 1
374 734 1
375 387 1
375 391 1
375 394 1
375 661 1
375 891 1
375 982 1
376 391 1
376 392 1
376 730 1
376 739 1
376 830 1
377 379 1
377 687 1
377 777 1
377 811 1
378 419 1
378 906 1
380 386 1
380 400 1
380 558 1
381 396 1
381 808 1
382 957 1
383 392 1
383 399 1
383 603 1
383 789 1
383 837 1
384 385 1
384 392 1
384 523 1
385 443 1
386 392 1
386 516 1
387 841 1
388 390 1
388 426 1
388 934 1
389 672 1
389 860 1
389 973 1
390 391 1
390 400 1
390 445 1
390 550 1
390 741 1
391 615 1
391 693 1
392 975 1
393 542 1
393 606 1
394 400 1
394 730 1
394 970 1
395 482 1
397 1000 1
399 466 1
399 578 1
400 461 1
400 517 1
400 699 1
401 433 1
401 441 1
401 473 1
401 586 1
401 685 1
402 433 1
402 436 1
402 460 1
402 463 1
403 479 1
403 480 1
403 481 1
403 483 1
403 489 1
403 519 1
403 794 1
404 416 1
404 448 1
404 475 1
404 618 1
404 855 1
405 411 1
405 417 1
405 422 1
405 425 1
405 471 1
405 478 1
405 497 1
405 661 1
405 971 1
406 410 1
406 411 1
406 427 1
406 439 1
406 461 1
406 471 1
406 494 1
406 757 1
407 416 1
407 435 1
407 456 1
407 462 1
407 489 1
407 899 1
408 442 1
408 446 1
408 457 1
408 475 1
408 478 1
408 479 1
408 497 1
408 872 1
408 975 1
409 410 1
409 442 1
409 450 1
409 481 1
409 485 1
409 546 1
409 551 1
409 987 1
410 426 1
410 432 1
410 443 1
410 444 1
410 480 1
410 487 1
410 492 1
411 437 1
411 444 1
411 473 1
411 476 1
412 461 1
412 469 1
412 471 1
412 476 1
412 492 1
412 494 1
412 528 1
412 569 1
412 656 1
412 794 1
412 801 1
413 423 1
413 426 1
414 435 1
414 477 1
414 486 1
414 883 1
414 929 1
414 947 1
415 433 1
415 466 1
415 500 1
415 507 1
415 528 1
416 439 1
416 452 1
416 469 1
416 472 1
416 498 1
417 423 1
417 432 1
417 450 1
417 451 1
417 455 1
417 494 1
417 655 1
417 900 1
418 434 1
418 444 1
418 454 1
418 473 1
418 489 1
419 432 1
419 441 1
419 478 1
419 550 1
419 708 1
420 421 1
420 429 1
420 479 1
420 495 1
421 423 1
421 449 1
421 478 1
421 488 1
422 423 1
422 479 1
422 494 1
422 616 1
422 752 1
422 795 1
423 424 1
423 431 1
423 433 1
423 439 1
423 460 1
423 461 1
423 473 1
423 480 1
423 481 1
423 497 1
423 688 1
424 435 1
424 441 1
424 444 1
424 494 1
425 427 1
425 442 1
425 452 1
425 474 1
426 434 1
426 444 1
426 445 1
426 451 1
426 454 1
426 463 1
426 471 1
426 498 1
427 448 1
427 457 1
427 473 1
427 485 1
427 493 1
427 498 1
427 908 1
428 436 1
428 456 1
428 473 1
428 479 1
428 843 1
429 474 1
429 480 1
429 488 1
429 496 1
429 563 1
429 957 1
430 437 1
430 445 1
430 474 1
430 479 1
430 482 1
430 500 1
430 592 1
431 440 1
431 470 1
432 462 1
432 489 1
432 540 1
433 435 1
433 444 1
433 445 1
433 481 1
434 446 1
434 448 1
434 449 1
434 454 1
434 457 1
434 493 1
434 671 1
435 456 1
435 489 1
435 495 1
436 438 1
436 491 1
436 497 1
436 834 1
436 877 1
437 482 1
437 500 1
437 800 1
437 936 1
437 997 1
438 458 1
438 471 1
439 444 1
439 469 1
439 663 1
439 873 1
440 459 1
440 471 1
440 475 1
440 728 1
440 744 1
441 448 1
441 450 1
441 464 1
441 467 1
441 739 1
442 450 1
442 462 1
442 495 1
443 907 1
444 460 1
444 461 1
444 471 1
444 477 1
444 490 1
444 681 1
445 449 1
445 470 1
445 500 1
446 498 1
447 464 1
447 474 1
447 489 1
447 500 1
448 460 1
448 463 1
448 471 1
448 478 1
448 487 1
448 488 1
448 536 1
449 491 1
450 453 1
450 483 1
450 484 1
450 490 1
451 470 1
451 487 1
451 500 1
451 503 1
451 507 1
451 621 1
452 495 1
452 500 1
452 656 1
452 892 1
453 462 1
453 997 1
454 470 1
454 498 1
454 676 1
454 720 1
455 461 1
455 471 1
455 484 1
455 489 1
455 499 1
455 973 1
456 463 1
456 468 1
456 490 1
456 492 1
457 472 1
458 463 1
458 490 1
458 898 1
458 922 1
459 476 1
459 982 1
460 499 1
461 468 1
461 478 1
461 482 1
461 490 1
461 637 1
461 966 1
462 466 1
462 467 1
462 638 1
463 470 1
463 476 1
463 820 1
463 879 1
464 473 1
464 487 1
464 494 1
465 492 1
465 748 1
466 471 1
466 903 1
467 476 1
467 486 1
467 500 1
467 934 1
468 480 1
468 486 1
468 487 1
468 493 1
468 601 1
468 808 1
469 474 1
469 483 1
469 490 1
469 830 1
470 769 1
471 497 1
472 483 1
473 474 1
473 752 1
473 983 1
474 494 1
474 531 1
475 500 1
475 552 1
475 669 1
476 842 1
477 489 1
477 492 1
477 497 1
477 498 1
477 991 1
478 479 1
478 483 1
478 489 1
478 796 1
480 492 1
480 689 1
481 497 1
481 637 1
482 486 1
482 614 1
482 759 1
482 796 1
482 818 1
483 635 1
484 489 1
484 572 1
484 634 1
484 636 1
484 850 1
485 615 1
485 671 1
486 489 1
486 937 1
487 492 1
487 710 1
487 977 1
488 498 1
488 499 1
488 500 1
488 846 1
489 932 1
490 496 1
490 663 1
490 700 1
491 498 1
491 499 1
491 725 1
492 650 1
493 494 1
493 497 1
493 972 1
494 784 1
496 757 1
496 762 1
498 532 1
498 585 1
499 574 1
501 568 1
502 506 1
502 525 1
502 551 1
502 568 1
502 572 1
502 580 1
502 594 1
503 507 1
503 510 1
503 557 1
503 618 1
504 522 1
504 550 1
504 572 1
504 574 1
504 587 1
504 595 1
505 509 1
505 553 1
505 565 1
506 519 1
506 520 1
506 529 1
506 531 1
506 553 1
506 578 1
507 550 1
507 585 1
508 519 1
508 520 1
508 559 1
508 580 1
508 875 1
509 526 1
509 539 1
509 544 1
509 551 1
509 581 1
509 844 1
510 525 1
510 528 1
510 535 1
510 543 1
510 556 1
510 568 1
510 587 1
511 521 1
511 530 1
511 531 1
511 574 1
511 597 1
511 598 1
511 625 1
511 736 1
511 807 1
512 519 1
512 547 1
512 555 1
512 565 1
512 567 1
512 579 1
512 586 1
513 534 1
513 548 1
513 559 1
513 619 1
513 662 1
513 868 1
513 998 1
514 526 1
514 527 1
514 543 1
514 562 1
514 570 1
514 873 1
514 899 1
514 963 1
515 527 1
515 531 1
515 532 1
515 535 1
515 575 1
515 588 1
515 904 1
516 518 1
516 521 1
516 539 1
516 540 1
516 582 1
516 898 1
517 519 1
517 522 1
517 529 1
517 542 1
517 557 1
517 583 1
517 586 1
517 592 1
517 621 1
518 529 1
518 533 1
518 538 1
518 563 1
518 586 1
518 595 1
518 646 1
519 521 1
519 576 1
519 578 1
519 591 1
519 639 1
519 656 1
519 917 1
520 532 1
520 533 1
520 552 1
520 556 1
520 559 1
520 579 1
520 599 1
520 676 1
520 748 1
521 524 1
521 540 1
521 546 1
521 574 1
521 582 1
521 591 1
521 592 1
521 686 1
522 525 1
522 531 1
522 567 1
522 576 1
523 536 1
523 571 1
523 592 1
523 596 1
524 526 1
524 536 1
524 539 1
524 541 1
524 546 1
524 548 1
524 569 1
524 571 1
524 768 1
525 556 1
525 581 1
525 865 1
526 544 1
526 584 1
526 588 1
526 599 1
527 544 1
527 959 1
528 533 1
528 543 1
529 531 1
529 546 1
529 550 1
529 569 1
529 596 1
530 558 1
530 909 1
530 995 1
531 542 1
531 570 1
532 533 1
532 548 1
532 557 1
532 566 1
532 589 1
533 566 1
533 593 1
533 596 1
533 969 1
533 975 1
534 542 1
534 555 1
534 591 1
534 597 1
535 536 1
535 552 1
535 573 1
535 575 1
535 577 1
535 749 1
536 538 1
536 558 1
536 577 1
536 595 1
536 953 1
537 548 1
537 551 1
537 564 1
537 587 1
538 572 1
538 701 1
538 706 1
539 554 1
539 569 1
539 598 1
540 558 1
541 543 1
541 548 1
541 563 1
541 815 1
542 551 1
542 553 1
542 556 1
542 562 1
543 544 1
543 552 1
543 582 1
544 600 1
544 859 1
545 547 1
545 548 1
546 581 1
546 600 1
547 553 1
547 559 1
547 568 1
547 576 1
547 587 1
547 589 1
547 691 1
548 588 1
548 840 1
549 551 1
549 553 1
549 589 1
549 635 1
551 559 1
551 588 1
552 554 1
553 596 1
554 576 1
555 571 1
555 584 1
555 585 1
555 591 1
555 834 1
556 568 1
556 575 1
556 632 1
558 585 1
558 590 1
558 779 1
558 923 1
559 565 1
559 570 1
559 586 1
559 597 1
560 568 1
560 583 1
560 586 1
561 582 1
561 593 1
562 568 1
562 583 1
562 633 1
563 595 1
563 851 1
564 593 1
564 845 1
564 938 1
565 566 1
565 574 1
565 581 1
565 592 1
566 573 1
566 595 1
566 600 1
566 795 1
567 587 1
567 600 1
567 796 1
568 574 1
569 581 1
569 582 1
569 595 1
570 585 1
570 596 1
570 820 1
571 964 1
573 868 1
574 597 1
575 591 1
575 958 1
576 589 1
576 595 1
576 866 1
576 986 1
577 632 1
577 949 1
578 779 1
580 985 1
581 593 1
582 750 1
583 952 1
584 591 1
584 598 1
587 588 1
588 592 1
589 606 1
589 664 1
589 764 1
592 750 1
593 781 1
594 598 1
596 834 1
596 872 1
597 600 1
599 600 1
601 629 1
601 675 1
601 691 1
601 695 1
601 881 1
602 629 1
602 638 1
602 648 1
602 655 1
602 689 1
602 784 1
603 608 1
603 615 1
603 625 1
603 638 1
603 640 1
603 645 1
603 664 1
603 667 1
603 669 1
604 634 1
604 635 1
604 654 1
604 684 1
604 687 1
605 610 1
605 613 1
605 631 1
605 634 1
605 648 1
605 651 1
605 652 1
605 660 1
605 661 1
605 692 1
606 618 1
606 654 1
606 663 1
606 673 1
607 622 1
607 634 1
607 669 1
607 679 1
607 850 1
608 629 1
608 691 1
608 698 1
609 611 1
609 653 1
609 684 1
609 700 1
609 933 1
610 642 1
610 687 1
610 853 1
611 624 1
611 651 1
611 656 1
611 661 1
611 666 1
612 618 1
612 671 1
612 687 1
612 698 1
612 740 1
612 853 1
612 868 1
613 619 1
613 621 1
613 639 1
613 654 1
613 664 1
613 700 1
614 621 1
614 622 1
614 625 1
614 646 1
614 666 1
615 618 1
615 695 1
615 751 1
615 784 1
616 622 1
616 648 1
616 698 1
616 743 1
616 868 1
617 634 1
617 678 1
617 848 1
617 940 1
618 660 1
618 686 1
618 699 1
618 778 1
618 805 1
619 644 1
619 648 1
620 625 1
620 646 1
620 657 1
620 662 1
620 689 1
621 629 1
621 647 1
621 656 1
621 699 1
622 638 1
622 640 1
622 696 1
622 699 1
622 945 1
623 630 1
623 631 1
623 669 1
623 883 1
623 995 1
624 637 1
624 648 1
624 681 1
624 688 1
625 640 1
625 680 1
625 693 1
626 630 1
626 650 1
626 653 1
626 663 1
626 669 1
626 676 1
626 686 1
626 696 1
627 657 1
627 700 1
628 629 1
628 631 1
628 648 1
628 657 1
628 658 1
628 779 1
629 657 1
629 677 1
629 682 1
629 688 1
629 838 1
629 958 1
630 643 1
630 646 1
630 649 1
630 667 1
630 771 1
630 856 1
631 642 1
631 645 1
631 650 1
631 657 1
631 671 1
631 694 1
632 652 1
632 653 1
632 654 1
632 673 1
632 696 1
633 669 1
633 945 1
634 638 1
634 653 1
634 654 1
634 681 1
634 687 1
634 774 1
635 638 1
635 649 1
635 663 1
635 688 1
636 661 1
636 679 1
636 681 1
636 695 1
636 994 1
637 644 1
637 650 1
637 673 1
637 700 1
638 647 1
638 669 1
638 681 1
638 690 1
638 696 1
638 697 1
638 909 1
639 641 1
639 664 1
639 668 1
639 691 1
639 761 1
639 921 1
640 658 1
640 663 1
640 678 1
641 643 1
641 665 1
641 690 1
641 783 1
642 659 1
643 644 1
643 661 1
644 690 1
644 691 1
645 654 1
645 863 1
646 670 1
646 691 1
646 822 1
647 681 1
647 978 1
648 653 1
648 654 1
648 662 1
648 669 1
648 688 1
648 827 1
650 665 1
650 799 1
651 661 1
654 666 1
654 741 1
654 876 1
655 664 1
655 666 1
655 670 1
655 681 1
655 686 1
655 831 1
656 658 1
656 679 1
657 663 1
657 684 1
658 673 1
658 687 1
659 660 1
659 671 1
660 671 1
660 688 1
660 747 1
661 675 1
662 667 1
662 837 1
664 673 1
664 690 1
665 668 1
665 694 1
666 674 1
667 785 1
668 669 1
669 672 1
669 693 1
669 694 1
670 674 1
670 698 1
670 850 1
671 699 1
671 846 1
672 694 1
672 771 1
673 683 1
674 928 1
675 677 1
675 682 1
676 681 1
676 690 1
677 695 1
677 763 1
677 835 1
678 679 1
678 689 1
678 691 1
678 694 1
679 687 1
681 690 1
681 695 1
682 858 1
683 734 1
684 686 1
684 688 1
686 696 1
686 698 1
686 728 1
687 708 1
687 996 1
689 694 1
690 697 1
690 944 1
691 851 1
693 694 1
693 695 1
693 718 1
694 698 1
695 868 1
696 705 1
701 708 1
701 751 1
701 756 1
701 757 1
701 759 1
701 761 1
701 775 1
701 780 1
701 850 1
702 708 1
702 715 1
702 720 1
702 739 1
702 747 1
702 795 1
703 751 1
703 771 1
703 794 1
704 745 1
704 757 1
704 760 1
705 710 1
705 734 1
705 743 1
705 744 1
705 746 1
705 747 1
705 797 1
705 969 1
706 758 1
706 781 1
706 782 1
707 717 1
707 718 1
707 735 1
707 749 1
707 762 1
707 764 1
707 789 1
707 976 1
708 717 1
708 734 1
708 745 1
708 746 1
708 747 1
708 784 1
708 798 1
709 720 1
709 764 1
710 736 1
710 742 1
710 754 1
710 758 1
710 780 1
710 789 1
710 796 1
711 716 1
711 733 1
711 735 1
711 788 1
711 857 1
711 882 1
712 721 1
712 730 1
712 732 1
712 777 1
712 781 1
712 782 1
712 786 1
712 796 1
712 877 1
713 750 1
713 759 1
713 779 1
714 726 1
714 728 1
714 756 1
714 773 1
714 798 1
715 745 1
715 765 1
716 718 1
716 740 1
716 748 1
716 758 1
716 761 1
716 938 1
717 721 1
717 722 1
717 751 1
717 770 1
717 919 1
718 726 1
718 734 1
718 744 1
718 786 1
719 736 1
719 737 1
719 756 1
719 788 1
719 796 1
719 995 1
720 724 1
720 738 1
720 751 1
720 773 1
720 796 1
721 931 1
721 944 1
722 729 1
722 750 1
722 753 1
722 757 1
722 766 1
722 772 1
723 741 1
723 770 1
723 830 1
724 741 1
724 757 1
724 790 1
725 762 1
725 774 1
725 785 1
725 787 1
726 733 1
726 738 1
727 733 1
727 740 1
727 753 1
727 757 1
727 794 1
729 767 1
729 776 1
729 793 1
729 852 1
729 871 1
729 932 1
730 733 1
730 742 1
730 746 1
730 757 1
730 782 1
731 734 1
731 754 1
731 760 1
731 762 1
732 741 1
732 785 1
733 777 1
733 792 1
734 749 1
734 751 1
734 784 1
734 794 1
734 797 1
735 741 1
735 768 1
735 777 1
735 783 1
735 867 1
735 964 1
736 754 1
736 756 1
736 769 1
736 793 1
736 799 1
737 743 1
737 782 1
737 784 1
737 791 1
739 788 1
739 795 1
739 800 1
740 762 1
740 770 1
740 791 1
740 969 1
741 742 1
741 767 1
741 789 1
741 806 1
742 787 1
742 817 1
743 766 1
743 793 1
743 919 1
743 960 1
744 747 1
745 746 1
746 751 1
746 778 1
746 786 1
746 981 1
748 761 1
748 774 1
749 756 1
749 788 1
749 793 1
750 758 1
750 762 1
750 766 1
750 785 1
750 799 1
750 830 1
751 752 1
751 778 1
751 788 1
751 967 1
752 771 1
752 788 1
752 794 1
752 919 1
753 786 1
753 798 1
754 768 1
754 786 1
754 904 1
755 770 1
755 785 1
755 792 1
755 798 1
756 780 1
756 829 1
757 772 1
757 790 1
758 759 1
758 774 1
758 787 1
758 799 1
759 775 1
759 796 1
759 843 1
760 785 1
760 787 1
760 797 1
760 834 1
760 874 1
761 764 1
761 767 1
762 766 1
762 768 1
762 773 1
762 778 1
762 877 1
762 992 1
763 767 1
764 791 1
764 797 1
764 799 1
765 771 1
765 773 1
765 786 1
765 796 1
766 771 1
766 773 1
767 979 1
768 784 1
768 791 1
768 798 1
769 772 1
769 787 1
771 774 1
771 778 1
771 787 1
772 781 1
772 783 1
772 882 1
774 778 1
774 779 1
774 797 1
774 915 1
775 776 1
775 786 1
776 795 1
776 812 1
777 779 1
777 781 1
777 799 1
777 814 1
778 779 1
778 800 1
778 964 1
780 956 1
780 958 1
781 788 1
781 790 1
782 783 1
782 854 1
783 791 1
783 895 1
784 786 1
784 797 1
785 790 1
785 870 1
785 992 1
786 799 1
786 840 1
788 793 1
788 797 1
790 794 1
790 955 1
791 799 1
791 800 1
793 796 1
793 892 1
795 815 1
796 806 1
796 839 1
798 833 1
799 848 1
801 816 1
801 818 1
801 819 1
801 855 1
801 868 1
802 803 1
802 811 1
802 859 1
802 897 1
803 817 1
803 861 1
803 877 1
803 890 1
804 811 1
804 830 1
804 849 1
804 896 1
805 806 1
805 808 1
805 844 1
805 849 1
806 820 1
806 860 1
806 866 1
806 885 1
807 810 1
807 824 1
807 845 1
807 863 1
807 880 1
807 887 1
807 891 1
807 894 1
808 852 1
808 854 1
808 856 1
808 862 1
808 866 1
808 873 1
808 892 1
808 893 1
809 816 1
809 824 1
809 847 1
809 848 1
809 869 1
809 885 1
809 887 1
809 894 1
809 938 1
810 841 1
810 867 1
810 898 1
811 824 1
811 847 1
811 858 1
811 888 1
811 893 1
811 894 1
812 815 1
812 830 1
812 841 1
812 849 1
812 857 1
812 863 1
812 892 1
813 829 1
814 821 1
814 838 1
814 844 1
814 845 1
814 846 1
814 853 1
814 871 1
814 881 1
814 894 1
815 834 1
816 826 1
816 837 1
816 859 1
816 872 1
816 887 1
816 890 1
817 864 1
817 865 1
817 875 1
818 865 1
819 832 1
819 849 1
819 852 1
819 854 1
819 895 1
820 823 1
820 829 1
820 841 1
820 868 1
820 882 1
820 887 1
820 890 1
821 828 1
822 833 1
822 841 1
822 863 1
822 866 1
822 879 1
822 881 1
823 834 1
823 873 1
823 880 1
823 896 1
824 864 1
824 874 1
825 983 1
826 849 1
826 855 1
826 863 1
826 864 1
826 865 1
826 868 1
826 869 1
827 856 1
828 864 1
828 894 1
828 899 1
828 923 1
829 838 1
829 842 1
829 847 1
829 877 1
829 896 1
830 837 1
830 846 1
830 864 1
830 894 1
830 897 1
831 849 1
831 856 1
831 887 1
832 855 1
833 845 1
833 860 1
834 838 1
834 996 1
835 850 1
835 855 1
835 861 1
835 865 1
836 840 1
837 841 1
837 869 1
837 879 1
838 859 1
838 971 1
839 888 1
839 994 1
840 871 1
840 884 1
841 844 1
841 897 1
842 861 1
842 875 1
842 888 1
842 940 1
843 861 1
843 883 1
844 857 1
844 882 1
845 893 1
846 881 1
846 888 1
847 894 1
848 857 1
848 894 1
848 897 1
849 863 1
849 876 1
850 861 1
850 865 1
850 878 1
850 886 1
850 892 1
850 979 1
851 862 1
852 860 1
852 877 1
852 882 1
852 949 1
853 872 1
853 878 1
853 891 1
853 892 1
854 866 1
854 872 1
854 873 1
854 881 1
854 882 1
855 863 1
855 867 1
855 873 1
855 893 1
856 862 1
856 871 1
856 877 1
856 887 1
857 873 1
857 888 1
857 895 1
858 880 1
859 899 1
861 863 1
861 897 1
862 871 1
862 893 1
863 870 1
863 898 1
864 872 1
864 874 1
864 877 1
865 891 1
866 880 1
866 888 1
866 893 1
866 894 1
867 876 1
867 924 1
869 879 1
869 884 1
869 891 1
871 874 1
873 886 1
873 889 1
873 891 1
874 888 1
874 899 1
875 896 1
875 951 1
876 895 1
876 899 1
877 941 1
878 896 1
879 889 1
882 898 1
882 914 1
886 890 1
886 895 1
890 892 1
890 895 1
890 899 1
893 894 1
894 926 1
896 899 1
897 954 1
901 914 1
901 965 1
901 992 1
902 928 1
902 993 1
903 935 1
903 961 1
903 962 1
903 965 1
903 967 1
903 973 1
903 980 1
904 920 1
904 935 1
904 952 1
904 957 1
904 961 1
904 963 1
904 987 1
905 912 1
905 980 1
905 984 1
906 959 1
906 989 1
906 992 1
907 963 1
907 980 1
907 994 1
907 998 1
908 915 1
909 953 1
909 964 1
909 998 1
910 913 1
910 950 1
910 966 1
911 921 1
911 955 1
911 986 1
911 998 1
912 925 1
912 932 1
912 943 1
912 962 1
912 969 1
912 975 1
912 980 1
912 997 1
913 914 1
913 954 1
913 963 1
913 981 1
913 982 1
914 943 1
914 975 1
914 982 1
914 993 1
914 997 1
915 930 1
915 937 1
915 988 1
915 993 1
916 923 1
916 925 1
916 945 1
916 968 1
916 974 1
916 981 1
917 944 1
917 947 1
919 931 1
919 933 1
919 938 1
919 970 1
919 980 1
920 922 1
920 950 1
920 969 1
920 986 1
920 987 1
920 993 1
921 936 1
921 944 1
921 948 1
921 971 1
921 980 1
922 924 1
922 942 1
922 944 1
922 951 1
922 962 1
922 979 1
922 997 1
923 977 1
924 929 1
924 948 1
924 971 1
924 993 1
925 939 1
925 983 1
926 937 1
926 943 1
926 945 1
926 958 1
927 937 1
927 964 1
927 965 1
927 980 1
927 995 1
928 930 1
928 932 1
928 959 1
929 972 1
929 975 1
929 978 1
929 994 1
930 934 1
930 954 1
930 973 1
930 984 1
931 941 1
931 960 1
931 969 1
931 975 1
931 990 1
931 999 1
932 933 1
932 972 1
932 981 1
932 999 1
933 953 1
933 994 1
933 996 1
935 939 1
935 978 1
935 985 1
936 953 1
936 985 1
936 992 1
937 944 1
937 957 1
937 958 1
937 968 1
937 980 1
937 989 1
938 980 1
938 982 1
938 994 1
938 997 1
939 976 1
940 965 1
940 966 1
940 981 1
940 999 1
941 942 1
941 947 1
942 948 1
942 972 1
943 979 1
944 949 1
945 950 1
946 990 1
947 949 1
947 964 1
947 969 1
947 977 1
947 1000 1
948 963 1
948 966 1
948 976 1
948 985 1
948 992 1
950 965 1
951 964 1
951 968 1
951 972 1
952 991 1
953 966 1
953 967 1
954 968 1
954 981 1
955 957 1
955 959 1
955 996 1
956 993 1
957 979 1
957 987 1
957 995 1
959 973 1
960 962 1
960 966 1
960 972 1
960 975 1
960 978 1
960 994 1
962 964 1
962 972 1
962 978 1
962 984 1
962 992 1
963 967 1
963 992 1
964 976 1
964 984 1
964 987 1
965 973 1
965 993 1
966 983 1
967 972 1
967 997 1
968 999 1
969 976 1
970 975 1
971 988 1
973 980 1
973 983 1
974 976 1
976 999 1
978 983 1
978 1000 1
979 989 1
980 987 1
980 997 1
983 986 1
983 987 1
983 992 1
984 986 1
986 988 1
988 997 1
990 991 1
990 994 1
991 992 1
993 996 1
