1000 3456
1 17 1
1 44 1
1 66 1
1 90 1
1 437 1
1 926 1
2 11 1
2 18 1
2 19 1
2 23 1
2 28 1
2 37 1
2 51 1
2 72 1
2 80 1
2 720 1
2 760 1
3 13 1
3 48 1
3 55 1
3 77 1
3 79 1
3 85 1
3 88 1
3 97 1
4 6 1
4 10 1
4 38 1
4 45 1
4 66 1
4 71 1
4 75 1
4 77 1
4 89 1
4 431 1
5 25 1
5 37 1
5 41 1
5 89 1
5 95 1
6 20 1
6 37 1
6 39 1
6 50 1
6 89 1
6 96 1
6 625 1
7 16 1
7 35 1
7 44 1
7 58 1
7 75 1
7 77 1
7 83 1
7 353 1
7 794 1
8 24 1
8 25 1
8 48 1
8 459 1
8 612 1
9 23 1
9 33 1
9 43 1
9 55 1
9 71 1
9 100 1
9 473 1
10 44 1
10 57 1
10 140 1
10 716 1
11 19 1
11 37 1
11 61 1
11 62 1
11 76 1
11 80 1
11 582 1
12 56 1
12 72 1
12 85 1
12 87 1
12 88 1
12 94 1
12 314 1
12 757 1
13 22 1
13 35 1
13 56 1
13 61 1
13 100 1
13 393 1
13 484 1
13 678 1
14 86 1
14 349 1
15 28 1
15 33 1
15 89 1
15 385 1
16 43 1
16 51 1
16 100 1
17 69 1
17 84 1
17 192 1
18 35 1
18 40 1
18 66 1
18 99 1
18 719 1
19 56 1
19 99 1
19 157 1
20 39 1
20 79 1
20 331 1
20 481 1
20 614 1
20 954 1
21 54 1
21 71 1
21 96 1
21 97 1
21 99 1
21 242 1
21 617 1
21 820 1
21 973 1
22 34 1
22 54 1
22 55 1
22 80 1
22 976 1
23 45 1
23 47 1
23 60 1
23 65 1
23 98 1
23 199 1
23 733 1
24 34 1
24 59 1
24 69 1
24 81 1
24 516 1
24 695 1
24 794 1
25 33 1
25 47 1
25 64 1
25 85 1
25 972 1
26 63 1
26 94 1
26 404 1
27 39 1
27 46 1
27 58 1
27 80 1
27 88 1
27 586 1
27 842 1
28 30 1
28 58 1
28 82 1
28 96 1
28 854 1
29 50 1
29 58 1
29 60 1
29 62 1
29 79 1
29 503 1
29 723 1
29 764 1
30 38 1
30 42 1
30 63 1
30 89 1
30 570 1
30 668 1
31 33 1
31 46 1
31 62 1
31 65 1
31 93 1
31 465 1
31 872 1
32 46 1
32 66 1
32 86 1
32 99 1
32 803 1
33 36 1
33 92 1
33 528 1
33 891 1
34 35 1
34 42 1
34 61 1
34 65 1
34 251 1
34 306 1
34 619 1
34 945 1
35 53 1
35 94 1
35 564 1
35 742 1
36 66 1
36 83 1
36 88 1
36 95 1
36 97 1
37 40 1
37 50 1
37 61 1
37 91 1
38 83 1
38 93 1
38 97 1
39 57 1
39 82 1
39 83 1
39 661 1
39 690 1
39 901 1
39 903 1
40 66 1
40 76 1
40 80 1
40 81 1
40 129 1
40 389 1
40 921 1
41 54 1
41 80 1
41 438 1
41 729 1
41 964 1
41 999 1
42 73 1
42 89 1
42 96 1
42 991 1
43 59 1
43 68 1
43 78 1
43 86 1
43 95 1
43 376 1
44 59 1
44 69 1
44 81 1
44 593 1
45 47 1
45 57 1
45 95 1
45 444 1
45 474 1
46 49 1
46 55 1
46 60 1
46 144 1
47 62 1
47 81 1
47 712 1
47 949 1
48 68 1
48 97 1
48 98 1
48 188 1
48 310 1
48 313 1
48 973 1
49 50 1
49 51 1
49 639 1
49 854 1
50 57 1
50 61 1
50 65 1
50 68 1
50 278 1
50 569 1
51 52 1
51 839 1
51 951 1
52 67 1
52 88 1
52 90 1
52 423 1
53 76 1
53 379 1
53 574 1
53 611 1
53 689 1
53 749 1
53 973 1
54 71 1
54 76 1
54 83 1
54 585 1
55 81 1
55 970 1
56 66 1
56 94 1
56 100 1
56 508 1
57 63 1
57 232 1
57 538 1
57 670 1
57 780 1
57 781 1
58 77 1
58 262 1
58 323 1
58 905 1
59 73 1
59 92 1
60 87 1
60 89 1
60 270 1
60 307 1
60 901 1
61 64 1
61 65 1
61 69 1
61 71 1
61 96 1
61 205 1
62 67 1
62 75 1
62 762 1
63 95 1
64 74 1
64 96 1
65 70 1
65 76 1
65 77 1
65 80 1
65 238 1
66 80 1
66 92 1
67 88 1
67 466 1
68 267 1
69 85 1
69 559 1
70 74 1
71 95 1
71 664 1
72 87 1
72 93 1
72 503 1
73 96 1
73 212 1
74 75 1
74 96 1
74 123 1
74 211 1
74 419 1
75 89 1
75 668 1
76 86 1
76 98 1
77 79 1
77 93 1
77 97 1
77 457 1
77 519 1
77 592 1
77 850 1
78 90 1
78 625 1
78 943 1
79 82 1
79 675 1
79 966 1
80 367 1
80 379 1
80 546 1
80 838 1
81 559 1
81 743 1
82 100 1
82 289 1
82 637 1
83 721 1
84 85 1
84 86 1
84 96 1
84 210 1
84 525 1
85 938 1
86 87 1
86 444 1
86 679 1
87 94 1
87 97 1
87 543 1
87 686 1
88 197 1
88 212 1
88 489 1
88 781 1
89 283 1
89 337 1
89 457 1
89 914 1
90 97 1
91 96 1
91 405 1
91 594 1
92 129 1
93 682 1
94 97 1
94 836 1
95 312 1
95 406 1
95 909 1
95 964 1
96 161 1
96 199 1
97 327 1
97 609 1
98 158 1
98 409 1
98 535 1
99 338 1
99 534 1
100 393 1
100 417 1
101 117 1
101 154 1
101 194 1
101 907 1
101 929 1
102 168 1
102 171 1
102 188 1
102 330 1
103 135 1
103 141 1
103 149 1
103 180 1
103 182 1
103 199 1
103 589 1
104 116 1
104 122 1
104 162 1
104 177 1
104 181 1
105 121 1
105 126 1
105 131 1
105 132 1
105 141 1
105 213 1
106 115 1
106 120 1
106 135 1
106 139 1
106 146 1
106 188 1
106 198 1
106 323 1
106 400 1
106 415 1
106 421 1
106 719 1
106 728 1
107 144 1
107 162 1
107 177 1
107 183 1
107 197 1
108 143 1
108 161 1
108 163 1
108 174 1
108 368 1
108 559 1
108 730 1
109 122 1
109 150 1
109 167 1
109 183 1
109 184 1
109 301 1
110 124 1
110 145 1
110 165 1
110 166 1
110 180 1
110 181 1
110 188 1
110 193 1
110 807 1
111 115 1
111 133 1
111 134 1
111 167 1
111 168 1
111 179 1
111 185 1
111 192 1
111 332 1
111 633 1
111 872 1
112 119 1
112 167 1
112 177 1
112 183 1
112 185 1
113 150 1
113 160 1
113 169 1
113 303 1
114 133 1
114 146 1
114 151 1
114 193 1
114 833 1
115 153 1
115 156 1
115 158 1
115 169 1
115 186 1
115 190 1
115 191 1
115 192 1
116 165 1
116 171 1
116 199 1
117 121 1
117 140 1
117 146 1
117 158 1
117 161 1
117 166 1
117 262 1
117 544 1
117 609 1
117 806 1
117 832 1
117 877 1
118 123 1
118 136 1
118 144 1
118 177 1
118 191 1
118 192 1
119 124 1
119 155 1
119 157 1
119 162 1
119 167 1
119 198 1
119 659 1
119 903 1
120 133 1
120 149 1
120 183 1
120 194 1
120 251 1
121 123 1
121 171 1
121 174 1
121 192 1
121 313 1
121 954 1
122 132 1
122 148 1
122 151 1
122 190 1
123 147 1
123 165 1
123 166 1
123 172 1
123 186 1
123 510 1
124 179 1
124 184 1
124 188 1
124 352 1
125 126 1
125 179 1
125 181 1
125 185 1
125 187 1
126 132 1
126 139 1
126 140 1
126 152 1
126 171 1
126 180 1
126 190 1
126 237 1
126 373 1
126 375 1
126 379 1
126 563 1
127 136 1
127 140 1
127 157 1
127 175 1
127 187 1
127 439 1
127 661 1
128 133 1
128 136 1
128 191 1
128 356 1
128 721 1
129 130 1
129 152 1
129 157 1
129 172 1
129 194 1
129 352 1
129 374 1
129 791 1
130 151 1
130 165 1
130 173 1
130 177 1
130 187 1
130 199 1
130 346 1
130 546 1
131 136 1
131 279 1
131 794 1
132 150 1
132 633 1
132 746 1
133 138 1
133 174 1
133 179 1
133 917 1
134 136 1
134 182 1
134 510 1
135 136 1
135 175 1
135 179 1
135 193 1
135 521 1
135 928 1
136 172 1
136 173 1
136 178 1
136 181 1
136 191 1
136 333 1
136 765 1
136 857 1
137 153 1
137 166 1
138 179 1
138 788 1
139 172 1
139 191 1
139 447 1
140 141 1
140 143 1
140 148 1
140 162 1
140 283 1
141 142 1
141 152 1
142 167 1
142 817 1
142 960 1
143 174 1
143 181 1
143 436 1
143 722 1
143 939 1
144 160 1
144 730 1
145 151 1
145 163 1
145 195 1
145 197 1
145 370 1
145 632 1
146 149 1
146 159 1
146 171 1
146 181 1
146 410 1
146 629 1
146 832 1
147 151 1
147 160 1
147 161 1
147 188 1
147 190 1
148 178 1
148 188 1
148 198 1
148 741 1
149 172 1
149 604 1
149 767 1
149 953 1
150 166 1
150 188 1
150 195 1
150 197 1
150 341 1
150 342 1
150 454 1
151 165 1
151 186 1
151 995 1
152 198 1
152 225 1
152 239 1
152 768 1
153 154 1
153 158 1
153 160 1
153 183 1
153 184 1
153 186 1
153 188 1
154 156 1
154 182 1
154 400 1
154 970 1
155 188 1
156 171 1
156 190 1
156 239 1
156 293 1
156 369 1
156 654 1
156 655 1
157 187 1
157 195 1
157 942 1
158 166 1
158 182 1
159 191 1
159 437 1
160 164 1
160 175 1
160 178 1
160 193 1
160 712 1
161 196 1
161 377 1
161 536 1
162 194 1
162 197 1
162 200 1
162 565 1
163 180 1
163 200 1
163 607 1
164 167 1
164 190 1
164 347 1
165 189 1
165 531 1
166 190 1
166 520 1
166 836 1
167 362 1
167 585 1
168 180 1
168 193 1
168 198 1
168 474 1
168 622 1
169 539 1
169 936 1
169 989 1
170 563 1
170 753 1
170 992 1
171 195 1
171 438 1
171 722 1
172 194 1
172 302 1
173 190 1
173 556 1
173 706 1
174 191 1
174 194 1
174 325 1
174 514 1
174 846 1
174 895 1
175 285 1
175 902 1
176 177 1
176 907 1
177 183 1
177 193 1
177 199 1
177 722 1
178 185 1
178 231 1
178 531 1
179 193 1
179 358 1
179 490 1
179 782 1
180 191 1
180 465 1
180 467 1
180 673 1
181 264 1
181 952 1
182 186 1
182 331 1
182 833 1
183 186 1
183 193 1
183 984 1
184 246 1
184 342 1
184 720 1
184 851 1
185 189 1
185 795 1
186 191 1
186 266 1
186 776 1
186 976 1
187 278 1
187 507 1
188 475 1
188 616 1
189 941 1
190 383 1
190 902 1
190 941 1
192 675 1
192 858 1
193 198 1
194 762 1
195 200 1
195 232 1
195 241 1
195 274 1
196 635 1
197 200 1
197 458 1
197 937 1
198 667 1
199 263 1
199 450 1
199 574 1
200 319 1
200 693 1
201 220 1
201 255 1
201 264 1
201 274 1
201 291 1
202 214 1
202 220 1
202 255 1
202 256 1
202 260 1
203 205 1
203 215 1
203 248 1
203 287 1
203 430 1
203 496 1
204 206 1
204 207 1
204 231 1
204 246 1
204 252 1
204 580 1
204 987 1
205 229 1
205 237 1
205 239 1
205 264 1
205 278 1
205 281 1
205 289 1
205 298 1
205 377 1
205 454 1
205 490 1
205 630 1
205 800 1
206 237 1
206 253 1
206 290 1
206 297 1
206 533 1
206 716 1
207 218 1
207 219 1
207 227 1
207 228 1
207 229 1
207 233 1
207 270 1
207 278 1
208 216 1
208 243 1
208 260 1
208 271 1
208 414 1
208 964 1
209 231 1
209 235 1
209 236 1
209 241 1
209 247 1
209 274 1
209 814 1
210 235 1
210 264 1
210 296 1
211 238 1
211 263 1
211 285 1
211 668 1
212 213 1
212 235 1
212 261 1
212 298 1
212 338 1
212 566 1
212 803 1
213 221 1
213 238 1
213 239 1
213 491 1
214 248 1
214 249 1
214 270 1
214 284 1
214 287 1
214 293 1
214 546 1
214 608 1
214 824 1
215 223 1
215 237 1
215 262 1
215 291 1
216 238 1
216 257 1
216 559 1
217 241 1
217 257 1
217 268 1
217 354 1
217 504 1
217 939 1
218 221 1
218 222 1
218 297 1
219 274 1
219 289 1
219 295 1
219 957 1
220 243 1
220 298 1
220 392 1
221 230 1
221 240 1
221 410 1
222 227 1
222 231 1
222 243 1
222 248 1
222 258 1
222 262 1
222 275 1
222 295 1
222 538 1
223 258 1
223 279 1
223 290 1
223 296 1
223 614 1
223 641 1
224 237 1
224 290 1
224 865 1
225 238 1
225 240 1
225 309 1
225 717 1
226 261 1
226 263 1
226 293 1
226 860 1
226 932 1
227 230 1
227 240 1
227 274 1
227 290 1
228 230 1
228 249 1
228 280 1
228 281 1
229 237 1
229 239 1
229 252 1
229 275 1
229 286 1
229 287 1
230 243 1
230 282 1
230 298 1
230 364 1
230 470 1
230 893 1
231 241 1
231 291 1
231 610 1
231 815 1
232 239 1
232 242 1
232 243 1
232 255 1
232 266 1
232 281 1
232 283 1
232 293 1
232 295 1
232 360 1
232 413 1
232 695 1
232 803 1
232 935 1
233 250 1
233 255 1
233 264 1
233 872 1
234 245 1
234 251 1
234 254 1
234 527 1
234 855 1
235 286 1
235 294 1
235 627 1
235 849 1
236 258 1
236 262 1
236 293 1
237 240 1
237 243 1
237 258 1
237 281 1
237 285 1
237 290 1
238 252 1
238 382 1
238 541 1
238 661 1
239 278 1
239 297 1
239 685 1
239 850 1
240 245 1
240 259 1
240 289 1
241 258 1
241 270 1
241 286 1
241 293 1
242 381 1
242 624 1
243 244 1
243 276 1
243 668 1
243 696 1
244 265 1
244 280 1
244 300 1
244 812 1
245 246 1
245 261 1
245 272 1
245 275 1
245 551 1
245 626 1
245 659 1
246 250 1
246 254 1
246 274 1
246 443 1
246 688 1
246 817 1
247 268 1
247 277 1
247 278 1
247 655 1
247 657 1
248 278 1
248 351 1
248 444 1
248 867 1
249 276 1
249 288 1
249 296 1
250 273 1
250 285 1
250 287 1
250 480 1
250 845 1
251 270 1
251 293 1
251 298 1
251 617 1
251 692 1
252 254 1
252 267 1
252 270 1
252 274 1
252 677 1
252 835 1
253 266 1
253 286 1
254 266 1
254 282 1
254 360 1
254 724 1
254 794 1
255 258 1
255 269 1
255 462 1
255 466 1
255 822 1
256 268 1
256 285 1
256 792 1
257 262 1
257 295 1
257 468 1
258 259 1
258 280 1
258 281 1
258 283 1
258 387 1
258 975 1
259 350 1
259 404 1
259 439 1
259 575 1
260 265 1
260 270 1
260 346 1
260 681 1
261 278 1
261 280 1
261 298 1
262 263 1
262 270 1
262 298 1
262 902 1
263 290 1
264 281 1
264 289 1
264 292 1
264 295 1
264 588 1
264 941 1
264 992 1
265 271 1
265 300 1
266 275 1
266 316 1
266 661 1
266 694 1
266 889 1
266 929 1
267 463 1
267 558 1
267 807 1
268 270 1
269 299 1
269 482 1
270 365 1
270 369 1
270 847 1
272 290 1
273 294 1
273 441 1
274 278 1
274 281 1
274 285 1
274 288 1
274 297 1
274 337 1
275 291 1
275 920 1
276 299 1
276 542 1
277 298 1
277 723 1
278 287 1
278 933 1
279 283 1
279 299 1
279 475 1
280 639 1
280 677 1
280 717 1
280 827 1
280 893 1
281 289 1
281 292 1
281 300 1
281 949 1
282 467 1
282 473 1
282 614 1
283 289 1
283 291 1
283 667 1
283 694 1
283 843 1
283 988 1
284 287 1
284 291 1
285 291 1
285 521 1
285 898 1
286 293 1
287 299 1
287 349 1
287 846 1
288 342 1
290 299 1
291 703 1
291 912 1
292 600 1
292 940 1
293 518 1
293 837 1
293 997 1
294 459 1
294 611 1
294 766 1
295 355 1
295 711 1
295 773 1
295 951 1
296 553 1
296 731 1
296 776 1
297 498 1
297 534 1
297 841 1
298 413 1
299 369 1
299 664 1
300 475 1
300 888 1
301 331 1
301 375 1
301 380 1
301 528 1
301 777 1
302 363 1
302 396 1
303 310 1
303 339 1
303 380 1
303 383 1
303 385 1
304 375 1
304 385 1
304 388 1
304 401 1
304 402 1
304 405 1
304 465 1
304 713 1
304 881 1
305 326 1
305 329 1
305 335 1
305 370 1
305 386 1
305 460 1
306 310 1
306 334 1
306 341 1
306 360 1
307 339 1
307 345 1
307 353 1
307 366 1
307 371 1
307 377 1
307 381 1
307 527 1
308 313 1
308 323 1
308 324 1
308 335 1
308 336 1
308 356 1
308 365 1
308 368 1
308 389 1
308 393 1
308 465 1
308 982 1
309 321 1
309 367 1
309 374 1
309 395 1
310 331 1
310 349 1
310 374 1
310 629 1
310 962 1
311 317 1
311 329 1
311 343 1
311 364 1
311 370 1
311 385 1
311 453 1
311 794 1
312 325 1
312 367 1
312 393 1
312 401 1
313 344 1
313 355 1
313 360 1
313 390 1
313 542 1
313 571 1
314 347 1
314 354 1
314 357 1
314 358 1
314 368 1
315 342 1
315 371 1
315 397 1
315 556 1
316 317 1
316 337 1
316 361 1
316 372 1
316 842 1
317 321 1
317 396 1
317 860 1
317 879 1
318 337 1
318 352 1
318 359 1
318 369 1
318 376 1
318 380 1
318 383 1
319 337 1
319 377 1
319 395 1
319 396 1
319 557 1
319 688 1
320 322 1
320 353 1
320 458 1
321 362 1
321 365 1
321 370 1
321 375 1
321 376 1
321 384 1
321 645 1
321 755 1
322 357 1
322 366 1
322 368 1
322 396 1
322 468 1
323 334 1
323 341 1
323 399 1
323 498 1
323 531 1
323 900 1
324 325 1
324 339 1
324 370 1
324 590 1
324 712 1
324 881 1
325 373 1
325 547 1
325 804 1
325 876 1
325 890 1
326 329 1
326 334 1
326 345 1
326 359 1
326 360 1
326 361 1
326 375 1
326 381 1
327 345 1
327 357 1
327 377 1
327 394 1
327 395 1
327 396 1
327 826 1
328 335 1
328 344 1
328 345 1
328 349 1
328 359 1
328 377 1
328 399 1
328 400 1
328 777 1
329 364 1
329 372 1
329 383 1
329 497 1
329 685 1
330 336 1
330 368 1
331 375 1
331 804 1
332 349 1
332 383 1
332 464 1
333 348 1
333 649 1
333 981 1
334 343 1
334 349 1
334 396 1
334 966 1
335 350 1
335 372 1
335 381 1
335 394 1
336 345 1
336 347 1
336 358 1
336 391 1
337 369 1
337 669 1
338 353 1
338 378 1
338 819 1
339 369 1
339 373 1
339 390 1
339 400 1
339 623 1
339 745 1
340 344 1
340 347 1
340 388 1
340 653 1
340 753 1
340 993 1
341 374 1
341 389 1
341 821 1
342 365 1
342 397 1
342 399 1
343 348 1
343 393 1
343 395 1
343 447 1
343 538 1
343 834 1
344 791 1
345 384 1
345 389 1
345 392 1
345 639 1
346 350 1
346 367 1
346 372 1
346 378 1
346 385 1
346 393 1
346 848 1
347 361 1
347 364 1
347 398 1
347 476 1
347 700 1
348 378 1
348 908 1
349 361 1
349 362 1
349 396 1
349 742 1
349 844 1
350 359 1
350 395 1
351 365 1
351 369 1
351 380 1
351 409 1
351 915 1
352 354 1
352 372 1
352 391 1
352 692 1
352 758 1
352 820 1
352 896 1
353 361 1
353 408 1
353 440 1
354 358 1
354 385 1
354 386 1
354 772 1
354 844 1
355 361 1
356 383 1
356 387 1
356 391 1
356 525 1
357 372 1
357 375 1
357 380 1
357 382 1
357 384 1
357 549 1
358 384 1
358 386 1
358 664 1
358 858 1
359 365 1
359 370 1
359 374 1
359 920 1
360 362 1
361 394 1
362 450 1
362 910 1
363 385 1
363 389 1
363 687 1
363 727 1
364 379 1
364 381 1
364 384 1
364 385 1
364 396 1
365 387 1
365 918 1
366 382 1
366 896 1
367 368 1
367 382 1
368 380 1
368 392 1
369 373 1
369 375 1
369 386 1
369 396 1
370 396 1
370 970 1
371 399 1
371 498 1
371 623 1
371 665 1
373 375 1
373 389 1
373 629 1
373 718 1
374 393 1
375 392 1
375 687 1
375 750 1
375 823 1
376 748 1
376 881 1
376 906 1
377 395 1
377 478 1
377 754 1
378 381 1
378 823 1
378 975 1
379 594 1
380 382 1
380 386 1
380 567 1
380 664 1
381 644 1
381 845 1
382 395 1
382 779 1
383 390 1
383 514 1
384 983 1
385 421 1
386 579 1
386 643 1
387 590 1
387 899 1
388 594 1
389 394 1
389 396 1
391 400 1
392 935 1
393 397 1
394 398 1
394 442 1
394 582 1
395 431 1
395 657 1
395 874 1
396 397 1
396 539 1
396 585 1
396 679 1
398 445 1
398 451 1
398 787 1
398 912 1
399 572 1
399 914 1
399 927 1
400 591 1
400 642 1
400 811 1
400 819 1
401 438 1
401 454 1
401 490 1
401 494 1
401 500 1
402 429 1
402 433 1
402 490 1
403 411 1
403 446 1
403 461 1
403 463 1
403 473 1
403 475 1
403 493 1
403 498 1
403 588 1
404 438 1
404 440 1
404 450 1
404 454 1
404 459 1
404 469 1
404 788 1
405 421 1
405 454 1
405 490 1
406 410 1
406 420 1
406 422 1
406 435 1
406 448 1
406 454 1
406 472 1
406 478 1
406 490 1
406 632 1
406 723 1
406 860 1
407 411 1
407 449 1
407 488 1
407 496 1
407 820 1
408 411 1
408 441 1
408 442 1
408 464 1
408 471 1
408 492 1
408 496 1
409 423 1
409 452 1
409 464 1
409 763 1
410 417 1
410 435 1
411 425 1
411 433 1
411 442 1
411 456 1
411 479 1
411 485 1
411 994 1
412 451 1
412 634 1
412 763 1
412 947 1
413 426 1
413 432 1
413 477 1
414 429 1
414 447 1
414 464 1
414 467 1
414 481 1
414 704 1
414 736 1
415 468 1
415 500 1
416 436 1
416 446 1
416 473 1
416 484 1
416 493 1
417 491 1
417 648 1
417 783 1
418 434 1
418 449 1
418 465 1
418 500 1
418 545 1
419 436 1
419 447 1
419 493 1
419 497 1
419 963 1
420 424 1
420 471 1
420 472 1
420 479 1
420 482 1
420 544 1
420 598 1
421 453 1
421 476 1
421 480 1
422 430 1
422 434 1
422 443 1
422 451 1
422 452 1
423 434 1
423 444 1
423 445 1
423 454 1
423 466 1
423 481 1
423 620 1
424 435 1
424 484 1
424 488 1
425 430 1
425 464 1
425 471 1
426 432 1
426 465 1
426 497 1
426 823 1
427 430 1
427 449 1
427 497 1
427 532 1
427 779 1
428 451 1
428 464 1
428 485 1
428 486 1
429 439 1
429 454 1
429 465 1
429 474 1
429 940 1
430 433 1
430 453 1
430 474 1
430 480 1
431 432 1
431 979 1
432 436 1
432 443 1
432 451 1
432 452 1
432 464 1
432 479 1
432 487 1
432 700 1
433 440 1
433 454 1
433 469 1
433 477 1
433 500 1
434 441 1
434 458 1
434 699 1
435 500 1
435 731 1
436 464 1
436 471 1
436 483 1
436 910 1
437 443 1
437 450 1
437 481 1
437 482 1
438 453 1
438 463 1
438 469 1
438 472 1
438 479 1
438 484 1
438 486 1
439 440 1
439 494 1
440 458 1
440 468 1
440 480 1
440 862 1
440 997 1
441 455 1
441 482 1
441 490 1
441 498 1
441 622 1
442 452 1
442 483 1
443 465 1
443 476 1
443 480 1
443 493 1
443 500 1
443 568 1
444 488 1
444 987 1
445 450 1
445 462 1
446 467 1
446 474 1
446 483 1
447 450 1
448 474 1
448 557 1
448 785 1
449 466 1
449 487 1
449 493 1
449 598 1
449 617 1
450 452 1
450 472 1
450 481 1
450 500 1
451 473 1
451 608 1
451 709 1
451 850 1
451 874 1
452 465 1
452 476 1
452 481 1
452 484 1
452 500 1
453 455 1
453 456 1
453 465 1
453 477 1
453 561 1
453 683 1
453 781 1
454 464 1
454 483 1
454 491 1
455 465 1
456 473 1
456 476 1
457 468 1
457 469 1
457 485 1
457 576 1
458 461 1
458 487 1
458 492 1
458 509 1
459 476 1
459 478 1
459 489 1
460 465 1
460 476 1
460 498 1
461 471 1
461 480 1
461 495 1
461 610 1
461 818 1
462 481 1
462 496 1
462 497 1
462 647 1
463 479 1
464 467 1
464 491 1
464 498 1
464 703 1
465 478 1
465 520 1
465 556 1
465 856 1
466 478 1
466 481 1
466 630 1
466 634 1
467 479 1
467 485 1
467 555 1
467 609 1
467 810 1
468 471 1
469 481 1
469 485 1
470 495 1
470 755 1
471 472 1
471 487 1
472 482 1
473 495 1
473 587 1
473 904 1
473 967 1
474 478 1
474 669 1
474 750 1
474 781 1
474 854 1
475 540 1
475 701 1
477 503 1
477 739 1
477 806 1
479 763 1
480 482 1
481 582 1
481 895 1
481 962 1
482 484 1
482 641 1
482 927 1
483 492 1
483 696 1
483 719 1
484 496 1
484 629 1
485 634 1
485 659 1
485 829 1
485 852 1
486 500 1
486 572 1
487 496 1
487 614 1
488 776 1
488 933 1
489 682 1
490 744 1
490 867 1
491 493 1
492 497 1
494 724 1
495 793 1
496 605 1
499 502 1
499 930 1
501 511 1
501 527 1
501 535 1
501 536 1
501 552 1
501 562 1
501 580 1
501 679 1
502 552 1
502 557 1
502 558 1
502 593 1
502 735 1
503 508 1
503 523 1
503 555 1
503 567 1
504 506 1
504 534 1
504 582 1
504 598 1
505 513 1
505 519 1
505 532 1
505 552 1
505 557 1
505 567 1
505 596 1
505 794 1
505 846 1
506 511 1
506 578 1
506 586 1
506 697 1
506 730 1
506 987 1
507 510 1
507 517 1
507 523 1
507 546 1
507 547 1
507 555 1
507 567 1
507 600 1
507 648 1
507 752 1
508 523 1
508 567 1
508 575 1
508 579 1
508 595 1
508 896 1
509 534 1
509 580 1
509 586 1
509 634 1
510 515 1
510 539 1
510 567 1
510 573 1
510 588 1
510 599 1
510 615 1
510 859 1
510 971 1
511 512 1
511 522 1
511 539 1
511 555 1
511 567 1
511 599 1
512 526 1
512 541 1
512 545 1
512 593 1
512 595 1
512 600 1
512 866 1
513 517 1
513 543 1
513 547 1
513 566 1
513 578 1
513 583 1
513 744 1
514 552 1
514 585 1
514 590 1
514 599 1
515 532 1
515 584 1
515 585 1
515 592 1
515 993 1
516 529 1
516 556 1
516 563 1
516 572 1
516 593 1
516 600 1
516 673 1
516 800 1
517 546 1
517 559 1
517 570 1
517 573 1
517 580 1
518 521 1
518 578 1
518 579 1
519 542 1
519 550 1
519 560 1
519 572 1
519 589 1
519 721 1
520 529 1
520 558 1
520 582 1
520 589 1
520 596 1
521 540 1
521 546 1
521 553 1
522 526 1
522 571 1
522 576 1
522 592 1
522 596 1
522 598 1
522 848 1
523 532 1
523 535 1
523 540 1
523 557 1
523 558 1
523 565 1
523 568 1
523 633 1
524 538 1
524 571 1
524 573 1
524 592 1
525 533 1
525 584 1
525 987 1
526 538 1
526 594 1
526 641 1
526 649 1
526 852 1
527 591 1
527 753 1
528 533 1
528 558 1
528 591 1
528 724 1
528 757 1
529 569 1
529 571 1
529 577 1
529 581 1
529 970 1
530 541 1
530 547 1
530 555 1
530 578 1
530 686 1
531 544 1
531 548 1
531 555 1
531 565 1
531 593 1
532 536 1
532 543 1
532 556 1
532 596 1
533 539 1
533 586 1
533 599 1
533 717 1
534 552 1
534 559 1
534 571 1
534 574 1
534 595 1
534 596 1
535 552 1
535 594 1
536 987 1
537 539 1
537 581 1
537 584 1
537 598 1
537 600 1
537 901 1
538 566 1
538 568 1
538 577 1
538 598 1
539 541 1
539 572 1
539 577 1
540 643 1
541 548 1
541 556 1
541 585 1
542 559 1
542 562 1
542 563 1
542 568 1
542 576 1
542 593 1
543 560 1
543 584 1
543 585 1
543 854 1
544 548 1
544 831 1
544 894 1
545 565 1
545 578 1
545 589 1
545 594 1
546 570 1
546 579 1
547 560 1
547 576 1
547 588 1
548 566 1
549 688 1
550 557 1
550 567 1
550 577 1
550 906 1
550 971 1
551 821 1
552 554 1
552 557 1
552 583 1
552 593 1
552 594 1
553 560 1
554 573 1
554 582 1
554 596 1
554 946 1
555 560 1
555 580 1
555 589 1
556 577 1
556 579 1
556 589 1
556 595 1
556 982 1
557 590 1
557 902 1
558 585 1
558 596 1
559 593 1
559 747 1
560 574 1
560 582 1
560 585 1
560 588 1
560 592 1
560 600 1
561 581 1
561 583 1
562 594 1
563 567 1
563 576 1
563 590 1
563 977 1
563 992 1
564 599 1
564 600 1
564 839 1
565 568 1
565 583 1
565 585 1
565 592 1
565 595 1
565 651 1
565 926 1
566 600 1
568 569 1
568 594 1
568 595 1
568 597 1
568 600 1
568 710 1
569 804 1
571 836 1
572 759 1
572 775 1
572 837 1
573 589 1
573 591 1
573 598 1
574 598 1
574 610 1
575 577 1
575 586 1
575 594 1
576 585 1
576 594 1
579 593 1
580 635 1
581 821 1
581 890 1
582 596 1
582 952 1
583 592 1
583 788 1
583 803 1
585 592 1
585 598 1
585 867 1
587 979 1
588 764 1
589 744 1
589 817 1
591 846 1
592 598 1
593 596 1
595 598 1
595 599 1
595 722 1
596 1000 1
599 619 1
601 608 1
601 650 1
601 666 1
601 671 1
602 619 1
603 606 1
603 609 1
603 625 1
603 631 1
603 643 1
603 652 1
603 691 1
603 696 1
604 635 1
604 651 1
604 659 1
604 664 1
604 681 1
604 694 1
605 629 1
605 630 1
605 638 1
605 673 1
605 823 1
605 888 1
606 612 1
606 614 1
606 628 1
607 624 1
607 673 1
607 685 1
607 691 1
607 832 1
607 985 1
608 621 1
608 646 1
608 648 1
608 685 1
608 731 1
608 839 1
608 862 1
609 627 1
609 643 1
609 662 1
609 696 1
609 798 1
610 654 1
611 619 1
611 624 1
611 677 1
611 678 1
611 684 1
611 690 1
611 692 1
611 700 1
611 899 1
611 902 1
612 648 1
612 698 1
612 731 1
613 628 1
613 641 1
613 660 1
613 667 1
613 668 1
613 672 1
613 679 1
613 685 1
614 640 1
615 621 1
615 627 1
615 634 1
615 664 1
615 668 1
615 889 1
616 631 1
616 658 1
616 676 1
616 687 1
616 702 1
617 637 1
617 693 1
618 652 1
618 695 1
619 672 1
619 678 1
619 680 1
619 689 1
619 690 1
619 984 1
620 639 1
620 647 1
620 654 1
620 656 1
620 675 1
620 690 1
620 691 1
620 697 1
620 793 1
621 625 1
621 666 1
621 669 1
622 646 1
622 650 1
622 674 1
622 692 1
622 996 1
623 636 1
623 639 1
623 674 1
623 690 1
624 626 1
624 628 1
624 662 1
624 673 1
624 763 1
624 853 1
625 656 1
625 671 1
625 681 1
625 689 1
625 692 1
626 645 1
626 648 1
626 673 1
626 685 1
626 688 1
626 796 1
626 983 1
627 635 1
627 695 1
627 916 1
628 639 1
628 640 1
628 653 1
628 671 1
628 677 1
628 684 1
628 695 1
629 632 1
629 657 1
629 668 1
629 680 1
629 684 1
630 657 1
630 669 1
630 677 1
630 684 1
630 698 1
631 656 1
631 669 1
631 673 1
631 742 1
632 635 1
632 650 1
632 653 1
632 669 1
632 686 1
632 692 1
632 700 1
633 649 1
633 657 1
633 678 1
633 681 1
633 692 1
633 694 1
634 647 1
634 679 1
635 656 1
635 661 1
635 680 1
635 682 1
636 651 1
636 659 1
636 693 1
637 643 1
637 646 1
637 657 1
637 685 1
637 691 1
637 694 1
638 652 1
638 653 1
638 700 1
638 993 1
639 647 1
639 666 1
639 673 1
639 905 1
641 647 1
641 656 1
641 662 1
641 665 1
642 649 1
642 664 1
642 682 1
642 697 1
642 700 1
642 796 1
643 668 1
643 682 1
643 695 1
644 654 1
644 664 1
644 666 1
644 670 1
644 682 1
644 691 1
644 740 1
645 683 1
645 821 1
646 655 1
646 663 1
646 670 1
646 674 1
646 689 1
646 697 1
646 721 1
647 664 1
647 696 1
647 870 1
648 679 1
648 685 1
648 687 1
648 778 1
648 872 1
649 654 1
649 674 1
649 695 1
649 698 1
650 661 1
650 669 1
650 679 1
650 699 1
651 665 1
651 673 1
651 697 1
651 713 1
651 784 1
651 797 1
651 860 1
651 940 1
651 966 1
652 680 1
652 683 1
652 684 1
652 686 1
652 965 1
653 675 1
654 676 1
654 679 1
655 659 1
655 660 1
655 893 1
656 662 1
656 666 1
656 673 1
656 682 1
656 699 1
657 661 1
657 675 1
658 666 1
658 681 1
658 928 1
658 940 1
659 809 1
659 858 1
659 885 1
660 673 1
660 688 1
661 686 1
661 689 1
661 696 1
661 698 1
661 822 1
662 666 1
662 678 1
662 680 1
663 673 1
663 678 1
663 683 1
664 693 1
664 782 1
666 671 1
666 685 1
666 697 1
667 689 1
667 695 1
667 697 1
667 753 1
667 984 1
668 682 1
669 700 1
670 934 1
671 690 1
671 692 1
671 699 1
672 676 1
672 685 1
672 691 1
674 693 1
674 697 1
674 784 1
674 882 1
675 860 1
676 688 1
677 696 1
681 889 1
682 697 1
683 690 1
683 693 1
684 698 1
684 809 1
686 697 1
687 791 1
689 865 1
690 692 1
690 696 1
690 700 1
690 900 1
691 693 1
691 695 1
691 697 1
692 695 1
696 901 1
698 995 1
701 754 1
701 766 1
701 774 1
701 785 1
701 991 1
702 707 1
702 708 1
702 719 1
702 757 1
702 792 1
703 718 1
703 750 1
703 765 1
703 773 1
703 898 1
704 710 1
704 720 1
704 722 1
704 776 1
704 949 1
705 721 1
705 748 1
706 732 1
706 748 1
706 769 1
706 774 1
706 783 1
706 793 1
707 743 1
707 761 1
707 763 1
707 767 1
707 775 1
707 778 1
707 782 1
707 959 1
708 727 1
708 747 1
708 766 1
708 800 1
709 722 1
709 739 1
709 741 1
709 901 1
710 718 1
710 722 1
710 736 1
710 788 1
710 790 1
711 719 1
711 737 1
711 738 1
711 749 1
711 800 1
712 746 1
712 756 1
712 786 1
713 719 1
713 734 1
713 746 1
713 766 1
713 776 1
713 795 1
714 745 1
714 759 1
714 797 1
714 986 1
715 723 1
715 732 1
715 770 1
715 771 1
715 776 1
715 783 1
715 980 1
716 718 1
716 733 1
716 743 1
716 746 1
716 757 1
716 791 1
717 729 1
717 749 1
717 767 1
718 727 1
718 768 1
719 744 1
719 761 1
719 785 1
719 794 1
719 898 1
720 741 1
720 780 1
721 722 1
721 725 1
721 756 1
721 789 1
722 723 1
722 733 1
722 748 1
722 772 1
722 798 1
723 739 1
723 757 1
723 759 1
723 808 1
724 752 1
725 782 1
726 735 1
726 785 1
726 789 1
727 731 1
727 733 1
727 746 1
727 770 1
727 778 1
727 785 1
727 794 1
727 967 1
728 746 1
728 938 1
729 752 1
729 787 1
729 794 1
729 798 1
729 803 1
729 987 1
730 749 1
730 752 1
730 771 1
731 747 1
731 770 1
731 780 1
731 781 1
733 736 1
733 740 1
733 891 1
734 741 1
734 765 1
734 943 1
735 759 1
735 786 1
736 743 1
736 750 1
736 763 1
736 770 1
736 783 1
736 784 1
736 797 1
737 836 1
738 751 1
738 765 1
738 767 1
738 770 1
738 772 1
738 782 1
738 796 1
738 881 1
738 903 1
739 755 1
739 764 1
739 787 1
739 895 1
740 784 1
740 786 1
740 983 1
741 752 1
741 755 1
741 760 1
741 762 1
741 785 1
741 787 1
742 746 1
742 759 1
742 779 1
742 797 1
742 953 1
743 750 1
743 782 1
743 785 1
743 800 1
744 780 1
745 761 1
745 793 1
745 889 1
745 891 1
745 908 1
746 771 1
746 810 1
747 777 1
747 786 1
747 788 1
747 794 1
747 798 1
748 760 1
748 783 1
748 787 1
749 763 1
749 771 1
749 780 1
749 790 1
749 831 1
749 861 1
751 752 1
751 753 1
751 770 1
751 779 1
751 781 1
751 783 1
753 776 1
753 787 1
754 758 1
754 795 1
755 793 1
755 797 1
756 777 1
756 779 1
756 792 1
756 794 1
757 783 1
757 785 1
757 786 1
758 761 1
758 776 1
758 780 1
758 790 1
759 767 1
759 786 1
760 766 1
760 794 1
760 798 1
761 827 1
762 764 1
763 775 1
763 790 1
764 926 1
765 769 1
766 773 1
766 797 1
767 771 1
767 995 1
768 788 1
769 788 1
770 772 1
770 776 1
772 774 1
772 786 1
773 794 1
774 777 1
774 884 1
776 936 1
777 782 1
778 782 1
778 796 1
778 832 1
782 788 1
782 811 1
782 877 1
783 799 1
784 785 1
785 798 1
786 791 1
787 799 1
788 794 1
791 797 1
791 835 1
792 800 1
793 834 1
795 894 1
800 838 1
801 849 1
801 870 1
802 809 1
802 811 1
802 836 1
802 882 1
803 809 1
803 858 1
803 866 1
803 891 1
804 805 1
804 828 1
804 868 1
804 881 1
804 899 1
805 806 1
805 845 1
805 877 1
806 810 1
806 829 1
806 838 1
806 850 1
806 885 1
807 843 1
807 862 1
807 864 1
807 871 1
807 880 1
808 828 1
808 840 1
808 858 1
808 871 1
808 876 1
808 878 1
808 897 1
808 967 1
809 827 1
809 887 1
810 852 1
810 873 1
810 877 1
810 888 1
810 940 1
811 837 1
811 839 1
811 854 1
811 868 1
812 826 1
812 846 1
812 875 1
813 839 1
813 875 1
813 896 1
813 898 1
814 825 1
814 831 1
814 836 1
814 851 1
814 873 1
814 882 1
815 817 1
815 829 1
815 858 1
815 861 1
815 863 1
815 882 1
815 885 1
815 900 1
816 833 1
816 866 1
816 891 1
817 819 1
817 853 1
817 866 1
817 872 1
817 875 1
817 877 1
818 824 1
818 828 1
818 831 1
818 836 1
818 839 1
818 842 1
818 874 1
819 823 1
819 854 1
819 896 1
820 862 1
820 888 1
820 892 1
820 899 1
821 823 1
821 841 1
821 887 1
821 894 1
822 847 1
822 853 1
822 873 1
822 890 1
822 900 1
823 835 1
823 854 1
823 866 1
824 825 1
824 992 1
825 826 1
825 831 1
825 849 1
825 894 1
826 841 1
826 857 1
826 859 1
827 830 1
827 832 1
827 844 1
827 846 1
827 860 1
827 870 1
828 832 1
828 842 1
828 858 1
828 863 1
828 874 1
828 880 1
828 896 1
829 848 1
829 853 1
829 868 1
829 880 1
830 848 1
830 849 1
830 886 1
830 899 1
831 896 1
832 871 1
832 881 1
833 862 1
833 880 1
833 892 1
834 838 1
834 840 1
834 851 1
834 865 1
834 876 1
834 880 1
834 887 1
834 897 1
835 841 1
835 845 1
835 848 1
835 854 1
835 860 1
835 861 1
835 889 1
835 900 1
836 848 1
836 858 1
836 880 1
837 844 1
837 855 1
837 869 1
837 878 1
838 861 1
838 867 1
838 879 1
838 899 1
839 853 1
839 856 1
839 878 1
839 880 1
839 883 1
840 847 1
840 865 1
841 848 1
841 850 1
841 852 1
841 869 1
841 874 1
841 906 1
842 850 1
842 853 1
842 857 1
842 865 1
842 887 1
843 853 1
843 868 1
843 874 1
843 886 1
844 868 1
844 882 1
844 890 1
844 900 1
845 898 1
846 879 1
847 862 1
847 867 1
847 879 1
848 873 1
848 877 1
848 884 1
850 852 1
851 876 1
852 856 1
852 872 1
852 875 1
852 885 1
852 968 1
853 859 1
853 867 1
853 880 1
853 883 1
853 889 1
854 890 1
855 860 1
857 863 1
857 890 1
857 900 1
858 887 1
858 896 1
859 884 1
859 974 1
860 895 1
860 900 1
860 954 1
861 894 1
861 896 1
861 902 1
861 996 1
862 891 1
862 895 1
863 904 1
864 868 1
864 883 1
864 889 1
865 889 1
866 889 1
866 893 1
867 880 1
867 897 1
867 898 1
868 881 1
868 884 1
869 878 1
869 900 1
871 883 1
873 900 1
874 879 1
874 970 1
875 881 1
875 882 1
875 883 1
875 885 1
875 895 1
875 961 1
876 877 1
876 884 1
877 881 1
877 894 1
878 891 1
878 899 1
881 882 1
882 901 1
882 909 1
882 988 1
883 894 1
884 925 1
885 924 1
886 895 1
888 897 1
889 891 1
889 892 1
890 891 1
892 900 1
893 898 1
898 902 1
898 980 1
901 910 1
901 914 1
901 915 1
901 936 1
901 957 1
901 960 1
901 961 1
901 973 1
902 917 1
902 929 1
902 930 1
902 933 1
902 939 1
902 964 1
902 980 1
902 985 1
902 988 1
903 916 1
903 936 1
903 945 1
903 954 1
903 971 1
903 975 1
904 920 1
904 950 1
905 915 1
905 924 1
905 936 1
905 960 1
905 994 1
906 923 1
906 924 1
906 940 1
906 948 1
906 959 1
906 980 1
906 994 1
907 912 1
907 939 1
907 954 1
907 972 1
908 920 1
908 960 1
909 939 1
909 951 1
909 972 1
909 1000 1
910 935 1
910 937 1
911 921 1
911 929 1
911 936 1
911 943 1
911 963 1
912 935 1
912 944 1
912 950 1
912 951 1
912 989 1
912 1000 1
913 934 1
913 952 1
913 961 1
913 980 1
913 985 1
914 938 1
914 949 1
914 976 1
914 978 1
914 992 1
915 932 1
915 938 1
915 943 1
915 952 1
915 1000 1
916 929 1
916 939 1
916 955 1
916 967 1
916 973 1
917 939 1
917 947 1
917 971 1
918 927 1
918 936 1
918 965 1
918 968 1
919 939 1
919 971 1
919 981 1
920 925 1
920 979 1
920 994 1
921 940 1
921 964 1
921 976 1
921 978 1
921 994 1
922 926 1
922 958 1
922 968 1
923 950 1
923 961 1
923 971 1
923 983 1
923 986 1
924 931 1
924 940 1
924 948 1
924 989 1
924 997 1
925 942 1
925 948 1
925 952 1
925 955 1
925 963 1
925 975 1
926 965 1
926 987 1
926 989 1
927 932 1
927 939 1
927 944 1
927 960 1
927 965 1
927 973 1
928 935 1
928 936 1
928 970 1
928 972 1
928 974 1
928 989 1
928 996 1
929 944 1
929 950 1
929 962 1
929 964 1
929 968 1
929 973 1
929 985 1
929 992 1
929 993 1
930 944 1
930 948 1
930 962 1
930 964 1
930 984 1
931 936 1
931 949 1
931 951 1
932 958 1
932 972 1
932 990 1
932 993 1
932 997 1
933 944 1
933 946 1
933 968 1
934 953 1
934 970 1
934 996 1
935 946 1
935 949 1
935 962 1
935 964 1
935 973 1
935 981 1
936 952 1
936 958 1
936 960 1
936 972 1
936 974 1
936 994 1
937 943 1
937 979 1
938 968 1
938 990 1
939 946 1
939 947 1
939 953 1
939 968 1
939 977 1
939 986 1
940 941 1
940 946 1
940 986 1
940 989 1
941 961 1
941 987 1
942 944 1
944 945 1
944 965 1
944 977 1
944 981 1
944 983 1
944 998 1
945 957 1
945 976 1
945 995 1
946 968 1
946 970 1
947 969 1
948 990 1
949 967 1
950 954 1
950 965 1
950 980 1
950 990 1
951 968 1
951 974 1
952 986 1
952 988 1
953 954 1
953 966 1
954 971 1
954 978 1
955 956 1
957 978 1
957 984 1
957 992 1
960 967 1
960 977 1
960 997 1
961 976 1
961 986 1
961 1000 1
962 963 1
964 971 1
964 982 1
964 989 1
965 969 1
965 985 1
965 991 1
965 994 1
968 981 1
970 975 1
971 980 1
972 977 1
972 999 1
974 977 1
974 979 1
974 986 1
975 978 1
976 989 1
977 997 1
978 979 1
978 987 1
978 995 1
980 989 1
981 999 1
986 994 1
986 996 1
986 997 1
987 994 1
988 993 1
988 996 1
990 997 1
991 999 1
993 996 1
994 996 1
