1000 3391
1 16 1
1 44 1
1 48 1
1 53 1
1 59 1
1 67 1
1 81 1
1 90 1
2 15 1
2 427 1
3 31 1
3 83 1
3 216 1
3 582 1
3 606 1
3 778 1
3 852 1
4 21 1
4 52 1
4 69 1
4 81 1
4 230 1
5 15 1
5 23 1
5 28 1
5 37 1
5 51 1
5 80 1
5 354 1
5 757 1
6 8 1
6 23 1
6 27 1
6 44 1
6 68 1
6 79 1
6 461 1
6 735 1
7 34 1
7 79 1
7 90 1
7 339 1
7 621 1
8 18 1
8 35 1
8 39 1
8 45 1
8 61 1
8 72 1
8 75 1
8 81 1
8 109 1
8 158 1
9 10 1
9 26 1
9 31 1
9 53 1
9 95 1
9 600 1
9 956 1
10 65 1
10 82 1
10 99 1
10 924 1
11 30 1
11 47 1
11 94 1
11 100 1
11 351 1
11 423 1
12 55 1
12 62 1
12 67 1
12 76 1
12 96 1
13 57 1
13 69 1
13 231 1
13 271 1
13 465 1
14 26 1
14 55 1
14 67 1
14 151 1
14 732 1
14 938 1
15 47 1
15 66 1
15 76 1
15 82 1
15 218 1
15 424 1
15 615 1
15 863 1
16 53 1
16 68 1
16 90 1
16 645 1
16 867 1
17 38 1
17 44 1
17 71 1
17 73 1
17 76 1
17 98 1
18 47 1
18 66 1
18 94 1
18 453 1
18 964 1
19 28 1
19 31 1
19 75 1
19 77 1
19 81 1
19 88 1
19 118 1
19 233 1
19 367 1
19 568 1
19 607 1
20 21 1
20 36 1
20 50 1
20 54 1
20 78 1
20 81 1
20 90 1
20 98 1
20 640 1
21 35 1
21 79 1
21 136 1
21 413 1
22 34 1
22 58 1
22 75 1
22 959 1
23 57 1
23 84 1
23 86 1
23 95 1
23 136 1
23 681 1
24 42 1
24 43 1
24 56 1
24 64 1
24 75 1
24 301 1
24 332 1
24 565 1
24 959 1
25 44 1
25 71 1
25 72 1
25 80 1
25 92 1
25 596 1
25 855 1
26 35 1
26 49 1
26 53 1
26 80 1
26 88 1
26 92 1
26 847 1
27 46 1
27 63 1
28 30 1
28 41 1
29 53 1
29 60 1
29 61 1
29 92 1
29 439 1
29 590 1
29 841 1
30 31 1
30 53 1
30 58 1
30 878 1
30 919 1
31 42 1
31 60 1
31 93 1
31 247 1
31 261 1
31 685 1
31 821 1
32 37 1
32 41 1
32 90 1
32 94 1
32 386 1
32 489 1
32 791 1
33 50 1
33 71 1
33 87 1
33 91 1
33 236 1
33 743 1
34 37 1
34 49 1
34 52 1
35 40 1
35 51 1
35 58 1
35 59 1
35 73 1
35 87 1
35 188 1
35 357 1
35 512 1
35 580 1
35 625 1
35 630 1
36 42 1
36 59 1
36 69 1
36 76 1
36 555 1
37 51 1
37 56 1
37 75 1
37 552 1
37 810 1
38 39 1
38 49 1
38 64 1
39 58 1
39 71 1
39 89 1
39 290 1
39 303 1
39 313 1
40 49 1
40 60 1
40 77 1
40 268 1
41 53 1
41 54 1
41 61 1
41 69 1
41 71 1
41 75 1
42 48 1
42 58 1
42 64 1
42 94 1
42 96 1
42 100 1
42 173 1
42 326 1
43 46 1
43 62 1
43 64 1
43 77 1
43 83 1
43 226 1
43 294 1
44 65 1
44 90 1
44 91 1
44 98 1
44 363 1
45 51 1
45 73 1
45 86 1
45 99 1
45 251 1
45 415 1
46 47 1
46 50 1
46 874 1
47 48 1
47 65 1
47 127 1
47 426 1
47 564 1
48 58 1
48 64 1
48 69 1
48 70 1
48 71 1
48 74 1
48 76 1
48 78 1
48 373 1
48 402 1
49 50 1
49 51 1
49 52 1
49 69 1
49 98 1
49 100 1
49 840 1
50 52 1
50 59 1
50 275 1
50 364 1
50 577 1
50 618 1
52 67 1
52 82 1
52 296 1
52 418 1
53 695 1
53 998 1
54 55 1
54 78 1
55 65 1
55 86 1
55 92 1
55 99 1
55 363 1
56 78 1
56 93 1
56 99 1
57 190 1
57 841 1
57 895 1
58 89 1
59 60 1
59 66 1
59 80 1
59 90 1
59 521 1
59 563 1
59 587 1
59 858 1
59 950 1
60 61 1
60 65 1
60 67 1
60 75 1
60 100 1
60 347 1
60 972 1
61 85 1
61 97 1
61 459 1
62 161 1
62 599 1
63 65 1
63 68 1
63 92 1
63 94 1
63 156 1
64 74 1
64 78 1
64 81 1
64 89 1
64 326 1
65 66 1
65 67 1
65 78 1
65 79 1
65 460 1
65 865 1
66 70 1
66 85 1
66 89 1
66 91 1
66 434 1
66 620 1
66 661 1
67 72 1
67 80 1
67 100 1
67 259 1
68 97 1
69 92 1
69 217 1
69 301 1
69 321 1
70 736 1
71 223 1
72 92 1
73 77 1
73 185 1
73 842 1
74 78 1
74 87 1
74 94 1
74 369 1
74 825 1
75 457 1
75 480 1
76 77 1
76 386 1
77 245 1
78 208 1
79 91 1
79 254 1
79 399 1
79 545 1
79 804 1
80 364 1
80 408 1
80 605 1
80 639 1
81 83 1
82 84 1
82 149 1
82 415 1
82 755 1
82 882 1
83 259 1
83 298 1
83 956 1
84 94 1
84 160 1
84 772 1
85 89 1
85 91 1
86 485 1
86 516 1
87 99 1
87 100 1
87 126 1
87 174 1
89 90 1
89 91 1
89 96 1
90 199 1
90 441 1
90 479 1
90 691 1
91 560 1
92 100 1
92 377 1
93 129 1
93 890 1
94 495 1
95 156 1
96 456 1
97 609 1
98 275 1
99 100 1
100 243 1
100 339 1
101 127 1
101 161 1
101 166 1
101 620 1
101 746 1
102 105 1
102 139 1
102 153 1
102 192 1
102 194 1
102 198 1
103 122 1
103 149 1
103 152 1
103 154 1
103 159 1
103 183 1
103 362 1
103 456 1
103 928 1
103 933 1
104 139 1
104 175 1
105 136 1
105 160 1
105 191 1
105 199 1
105 952 1
106 122 1
106 176 1
106 189 1
106 196 1
106 380 1
107 135 1
107 167 1
107 198 1
107 359 1
107 460 1
107 482 1
107 500 1
108 121 1
108 139 1
108 145 1
108 147 1
108 151 1
108 159 1
108 199 1
108 200 1
108 878 1
109 122 1
109 141 1
109 169 1
109 179 1
109 512 1
110 138 1
110 143 1
110 155 1
110 167 1
110 175 1
110 176 1
110 184 1
110 195 1
110 821 1
110 852 1
111 135 1
111 141 1
111 154 1
111 155 1
111 169 1
111 182 1
112 126 1
112 168 1
112 183 1
112 199 1
112 336 1
112 567 1
113 132 1
113 142 1
113 147 1
113 185 1
113 288 1
113 620 1
113 807 1
113 905 1
114 125 1
114 134 1
114 144 1
114 167 1
114 179 1
114 196 1
114 197 1
115 126 1
115 164 1
115 181 1
115 183 1
115 235 1
115 876 1
116 150 1
116 159 1
116 225 1
116 282 1
116 845 1
117 130 1
117 133 1
117 134 1
117 141 1
117 169 1
117 173 1
117 523 1
117 988 1
118 136 1
118 165 1
118 183 1
118 196 1
118 197 1
118 519 1
118 522 1
118 551 1
118 812 1
119 151 1
119 165 1
119 173 1
119 174 1
119 191 1
119 192 1
119 412 1
119 561 1
120 122 1
120 160 1
120 218 1
120 525 1
121 128 1
121 138 1
121 181 1
121 183 1
121 391 1
122 124 1
122 142 1
122 163 1
122 164 1
122 187 1
122 192 1
122 570 1
122 989 1
123 132 1
123 133 1
123 199 1
123 200 1
123 827 1
124 136 1
124 184 1
124 191 1
124 200 1
125 145 1
125 149 1
125 231 1
126 181 1
126 705 1
127 143 1
127 157 1
127 161 1
127 162 1
127 182 1
127 371 1
127 737 1
128 173 1
128 185 1
128 189 1
128 197 1
128 761 1
129 159 1
129 183 1
129 656 1
130 140 1
130 166 1
130 171 1
130 177 1
130 336 1
131 134 1
131 149 1
131 161 1
131 167 1
131 305 1
131 691 1
131 841 1
131 962 1
132 166 1
132 186 1
132 198 1
132 199 1
133 145 1
133 149 1
133 157 1
133 163 1
133 182 1
133 196 1
133 911 1
134 135 1
134 159 1
134 187 1
134 207 1
134 303 1
134 357 1
134 775 1
135 136 1
135 155 1
135 191 1
135 507 1
135 703 1
135 833 1
136 145 1
136 148 1
136 195 1
136 196 1
136 639 1
137 178 1
137 184 1
137 189 1
137 209 1
137 346 1
137 419 1
137 638 1
138 148 1
138 181 1
138 185 1
138 200 1
138 347 1
139 161 1
139 183 1
139 291 1
139 786 1
140 165 1
140 180 1
140 200 1
140 277 1
140 525 1
141 191 1
141 197 1
142 196 1
142 414 1
143 188 1
143 198 1
143 264 1
143 381 1
143 565 1
144 150 1
144 159 1
144 170 1
144 173 1
144 188 1
144 310 1
145 149 1
145 151 1
145 153 1
145 197 1
145 199 1
145 418 1
145 547 1
145 694 1
145 886 1
146 157 1
146 182 1
146 675 1
147 150 1
147 174 1
147 177 1
147 194 1
147 195 1
147 588 1
147 591 1
147 901 1
148 185 1
148 188 1
148 191 1
148 200 1
148 239 1
148 738 1
149 189 1
149 200 1
149 365 1
150 193 1
150 560 1
150 785 1
151 166 1
151 179 1
151 185 1
151 194 1
151 213 1
152 168 1
152 194 1
152 197 1
152 199 1
152 200 1
152 375 1
152 394 1
152 501 1
152 602 1
153 192 1
153 945 1
154 170 1
154 187 1
154 196 1
154 199 1
154 475 1
155 529 1
156 172 1
156 599 1
157 163 1
157 430 1
157 438 1
158 168 1
158 180 1
158 182 1
158 187 1
158 192 1
158 322 1
159 169 1
159 179 1
159 278 1
160 175 1
160 566 1
161 167 1
161 173 1
161 176 1
161 178 1
161 179 1
161 196 1
161 706 1
161 795 1
161 915 1
161 1000 1
162 170 1
162 628 1
163 165 1
163 175 1
164 167 1
164 662 1
165 183 1
165 184 1
165 191 1
165 197 1
165 199 1
166 174 1
166 183 1
167 174 1
167 191 1
168 169 1
168 196 1
168 200 1
168 839 1
169 246 1
169 405 1
170 193 1
170 359 1
171 188 1
171 200 1
171 698 1
171 979 1
172 184 1
172 186 1
172 189 1
172 870 1
173 175 1
173 194 1
173 197 1
173 276 1
174 186 1
174 634 1
175 185 1
175 263 1
175 578 1
175 580 1
176 704 1
177 277 1
177 426 1
177 645 1
178 189 1
178 602 1
178 612 1
178 808 1
178 938 1
179 194 1
179 640 1
179 974 1
180 188 1
180 452 1
180 683 1
181 798 1
181 932 1
182 836 1
183 224 1
184 232 1
184 267 1
184 339 1
185 194 1
185 269 1
185 270 1
186 198 1
186 554 1
186 870 1
187 485 1
187 730 1
187 946 1
188 200 1
188 462 1
189 192 1
189 199 1
189 200 1
189 366 1
191 267 1
191 983 1
192 559 1
193 854 1
194 197 1
194 265 1
195 199 1
196 822 1
198 760 1
199 746 1
200 362 1
200 495 1
201 233 1
201 248 1
201 271 1
201 285 1
201 295 1
201 299 1
201 394 1
201 489 1
202 215 1
202 234 1
202 274 1
202 341 1
202 918 1
203 206 1
203 218 1
203 220 1
203 239 1
203 241 1
203 272 1
203 497 1
204 218 1
204 233 1
204 269 1
204 300 1
204 803 1
205 207 1
205 246 1
205 281 1
205 293 1
205 679 1
205 865 1
206 209 1
206 238 1
206 240 1
206 283 1
206 286 1
206 292 1
206 297 1
206 811 1
206 851 1
207 233 1
207 243 1
207 244 1
207 268 1
207 271 1
207 272 1
207 279 1
207 599 1
208 210 1
208 231 1
208 241 1
208 257 1
208 258 1
208 268 1
208 274 1
208 339 1
208 532 1
208 580 1
208 590 1
208 829 1
209 210 1
209 227 1
209 242 1
209 247 1
209 263 1
209 290 1
209 393 1
209 596 1
209 938 1
209 989 1
210 222 1
210 239 1
210 244 1
210 257 1
210 265 1
210 290 1
211 213 1
211 261 1
211 266 1
211 288 1
211 583 1
212 234 1
212 247 1
212 300 1
212 376 1
213 223 1
213 242 1
213 263 1
213 271 1
213 554 1
214 253 1
214 257 1
214 286 1
214 298 1
214 354 1
214 360 1
214 385 1
215 217 1
215 227 1
215 239 1
215 242 1
215 245 1
215 263 1
215 268 1
215 299 1
216 219 1
216 223 1
216 227 1
216 233 1
216 265 1
216 791 1
216 883 1
217 240 1
217 255 1
217 267 1
217 283 1
217 286 1
217 287 1
217 291 1
217 594 1
217 811 1
217 980 1
218 232 1
218 252 1
218 272 1
218 786 1
218 813 1
219 267 1
219 273 1
219 279 1
219 281 1
220 256 1
220 276 1
220 291 1
220 300 1
220 624 1
221 236 1
221 241 1
221 250 1
222 261 1
222 266 1
222 275 1
223 256 1
223 273 1
223 286 1
224 252 1
224 258 1
224 264 1
224 367 1
224 483 1
225 226 1
225 246 1
225 247 1
225 255 1
225 267 1
225 271 1
225 280 1
225 281 1
225 284 1
225 285 1
225 288 1
225 767 1
226 227 1
226 233 1
226 242 1
226 251 1
226 253 1
226 261 1
226 262 1
226 292 1
226 940 1
227 279 1
227 280 1
227 285 1
227 292 1
227 296 1
227 358 1
228 231 1
228 235 1
228 252 1
228 286 1
228 683 1
228 807 1
229 300 1
230 250 1
230 251 1
230 256 1
230 260 1
230 280 1
230 281 1
230 883 1
231 241 1
231 244 1
231 251 1
231 255 1
231 274 1
231 294 1
231 295 1
231 682 1
231 947 1
232 243 1
232 938 1
233 238 1
233 239 1
233 266 1
233 272 1
233 298 1
233 454 1
233 680 1
234 248 1
234 256 1
234 267 1
235 261 1
236 239 1
236 257 1
236 261 1
236 262 1
236 265 1
236 281 1
236 310 1
236 805 1
237 241 1
237 298 1
237 578 1
238 254 1
238 275 1
238 293 1
238 476 1
238 627 1
239 262 1
239 264 1
239 271 1
239 334 1
240 258 1
240 259 1
240 270 1
240 274 1
240 277 1
240 311 1
240 891 1
240 928 1
241 270 1
241 294 1
241 298 1
241 299 1
241 476 1
241 612 1
241 931 1
242 260 1
242 261 1
242 266 1
242 269 1
242 270 1
242 353 1
242 614 1
242 676 1
243 299 1
244 245 1
244 249 1
244 275 1
244 278 1
244 499 1
245 248 1
245 275 1
245 280 1
245 491 1
245 633 1
246 285 1
246 292 1
246 471 1
247 248 1
247 257 1
247 284 1
247 377 1
248 256 1
248 277 1
248 286 1
248 291 1
248 294 1
248 461 1
248 661 1
249 260 1
249 270 1
249 291 1
250 404 1
250 631 1
251 808 1
252 278 1
252 486 1
252 645 1
252 803 1
253 257 1
253 265 1
253 266 1
253 274 1
253 333 1
253 495 1
253 707 1
253 708 1
253 983 1
254 257 1
254 277 1
254 280 1
254 283 1
254 438 1
254 776 1
254 883 1
255 264 1
255 278 1
255 285 1
255 288 1
256 267 1
256 314 1
256 584 1
257 656 1
257 804 1
258 284 1
258 286 1
258 984 1
259 286 1
259 288 1
259 454 1
259 735 1
259 747 1
259 770 1
260 381 1
260 992 1
260 994 1
261 297 1
261 313 1
261 480 1
262 292 1
262 497 1
263 281 1
264 754 1
264 908 1
264 987 1
265 284 1
265 846 1
266 275 1
266 276 1
266 282 1
266 532 1
266 891 1
267 273 1
267 299 1
267 488 1
268 292 1
268 295 1
268 604 1
268 671 1
269 279 1
269 758 1
270 483 1
270 544 1
271 294 1
271 388 1
271 703 1
272 549 1
272 616 1
272 731 1
272 916 1
274 295 1
274 808 1
274 873 1
276 280 1
276 639 1
276 751 1
277 290 1
277 609 1
277 768 1
278 280 1
278 293 1
278 447 1
279 286 1
279 287 1
279 290 1
279 299 1
279 386 1
280 294 1
281 849 1
282 295 1
282 917 1
283 287 1
283 291 1
283 294 1
283 348 1
283 371 1
283 444 1
284 399 1
284 431 1
285 311 1
285 409 1
285 796 1
286 658 1
286 733 1
287 294 1
287 298 1
287 742 1
288 299 1
288 712 1
289 298 1
289 356 1
289 737 1
290 293 1
290 427 1
290 485 1
291 522 1
292 293 1
292 300 1
292 316 1
292 762 1
293 294 1
293 785 1
295 383 1
295 951 1
296 737 1
296 780 1
296 827 1
297 300 1
297 731 1
298 823 1
299 347 1
300 736 1
301 307 1
301 330 1
301 342 1
301 348 1
301 351 1
301 386 1
302 308 1
302 362 1
302 381 1
302 390 1
303 331 1
303 343 1
303 349 1
303 352 1
303 354 1
303 373 1
303 395 1
303 399 1
303 463 1
303 610 1
304 307 1
304 333 1
304 339 1
304 351 1
304 363 1
304 396 1
304 499 1
304 806 1
305 331 1
305 348 1
305 349 1
305 359 1
305 360 1
305 841 1
305 938 1
306 327 1
306 338 1
306 360 1
306 369 1
306 390 1
306 392 1
306 393 1
306 890 1
307 310 1
307 311 1
307 320 1
307 325 1
307 329 1
307 344 1
307 367 1
307 931 1
307 945 1
308 309 1
308 325 1
308 341 1
308 350 1
308 364 1
308 383 1
309 311 1
309 355 1
309 388 1
309 397 1
309 763 1
310 347 1
310 360 1
310 379 1
310 545 1
311 322 1
311 346 1
311 372 1
311 374 1
311 382 1
311 390 1
311 391 1
311 899 1
312 319 1
312 336 1
312 380 1
312 420 1
312 519 1
313 355 1
313 389 1
313 396 1
313 478 1
314 319 1
314 331 1
314 362 1
314 367 1
314 372 1
314 380 1
314 399 1
314 611 1
314 683 1
314 767 1
315 335 1
315 357 1
315 359 1
315 744 1
315 911 1
315 961 1
316 327 1
316 371 1
316 376 1
316 673 1
316 959 1
317 356 1
318 347 1
318 358 1
318 369 1
319 324 1
319 342 1
319 364 1
319 371 1
319 394 1
320 377 1
320 378 1
320 379 1
320 392 1
320 403 1
320 786 1
321 353 1
321 384 1
321 387 1
321 392 1
322 349 1
322 360 1
322 625 1
323 331 1
323 359 1
323 364 1
323 485 1
323 924 1
324 346 1
324 363 1
324 373 1
324 377 1
324 380 1
324 727 1
324 844 1
325 352 1
325 484 1
325 778 1
325 996 1
326 331 1
326 337 1
326 347 1
326 710 1
326 789 1
327 354 1
327 465 1
328 329 1
328 333 1
328 357 1
329 336 1
329 384 1
329 563 1
329 826 1
330 354 1
330 374 1
330 447 1
330 584 1
331 342 1
331 386 1
332 351 1
332 389 1
332 399 1
332 923 1
332 956 1
333 336 1
333 339 1
333 373 1
333 378 1
333 394 1
333 737 1
334 366 1
335 341 1
335 352 1
335 358 1
335 396 1
336 363 1
336 374 1
337 354 1
337 365 1
337 377 1
337 393 1
337 770 1
337 861 1
338 341 1
338 353 1
338 368 1
338 393 1
339 342 1
339 349 1
339 353 1
339 356 1
339 362 1
339 368 1
339 973 1
340 361 1
340 378 1
340 390 1
340 399 1
340 428 1
340 455 1
340 481 1
340 729 1
341 347 1
341 386 1
341 663 1
341 990 1
342 373 1
342 389 1
343 359 1
343 374 1
343 388 1
344 356 1
344 380 1
344 387 1
345 347 1
345 364 1
345 378 1
345 384 1
345 392 1
345 400 1
346 352 1
346 363 1
346 384 1
346 396 1
347 353 1
347 372 1
347 378 1
347 884 1
347 931 1
348 352 1
348 354 1
348 361 1
348 367 1
348 370 1
348 986 1
349 363 1
349 372 1
349 462 1
349 694 1
350 365 1
350 367 1
350 370 1
350 388 1
350 497 1
351 376 1
351 384 1
351 387 1
351 398 1
351 438 1
351 649 1
351 841 1
352 353 1
352 422 1
352 917 1
353 386 1
353 676 1
354 375 1
354 549 1
354 755 1
355 374 1
355 388 1
355 430 1
355 523 1
355 998 1
356 363 1
356 373 1
356 399 1
356 778 1
357 369 1
357 385 1
357 420 1
357 734 1
357 867 1
358 365 1
358 399 1
358 893 1
359 373 1
359 393 1
360 372 1
360 375 1
360 395 1
360 982 1
361 365 1
361 376 1
361 393 1
361 436 1
361 478 1
362 369 1
362 372 1
362 392 1
362 395 1
362 910 1
363 366 1
363 374 1
363 590 1
364 379 1
364 383 1
364 655 1
364 969 1
365 375 1
366 395 1
366 858 1
367 891 1
367 983 1
368 389 1
368 390 1
368 912 1
369 387 1
369 641 1
369 680 1
369 756 1
370 420 1
371 387 1
371 396 1
372 383 1
373 599 1
373 729 1
375 391 1
375 397 1
375 534 1
375 987 1
377 378 1
377 393 1
378 434 1
379 380 1
379 383 1
379 399 1
379 462 1
381 390 1
381 566 1
381 966 1
382 868 1
384 619 1
384 832 1
385 889 1
386 461 1
386 517 1
386 616 1
386 913 1
386 977 1
388 391 1
389 691 1
391 625 1
392 880 1
393 784 1
394 488 1
394 691 1
394 999 1
395 396 1
395 654 1
396 463 1
396 498 1
396 688 1
396 717 1
397 566 1
398 529 1
398 936 1
399 939 1
401 418 1
401 434 1
401 458 1
401 476 1
401 481 1
401 544 1
401 627 1
401 662 1
401 808 1
402 408 1
402 413 1
402 444 1
402 583 1
402 718 1
403 415 1
403 453 1
403 471 1
403 475 1
404 432 1
404 446 1
404 476 1
404 482 1
404 483 1
404 537 1
404 557 1
404 561 1
405 429 1
405 433 1
405 471 1
405 499 1
406 413 1
406 450 1
406 459 1
406 470 1
406 473 1
406 678 1
407 425 1
407 432 1
407 449 1
407 450 1
407 456 1
407 479 1
407 500 1
407 600 1
408 431 1
408 434 1
408 453 1
408 519 1
409 438 1
409 468 1
409 469 1
409 472 1
409 488 1
409 653 1
410 430 1
410 431 1
410 440 1
410 441 1
410 444 1
410 445 1
410 449 1
410 458 1
410 470 1
410 480 1
410 488 1
410 489 1
410 497 1
410 660 1
411 454 1
411 456 1
411 462 1
411 472 1
411 493 1
412 422 1
412 445 1
412 460 1
412 462 1
412 467 1
412 488 1
412 489 1
412 951 1
413 458 1
413 483 1
413 665 1
414 417 1
414 429 1
414 432 1
414 443 1
414 447 1
414 459 1
414 478 1
415 419 1
415 484 1
415 486 1
415 490 1
415 938 1
416 457 1
416 462 1
416 482 1
416 487 1
416 878 1
417 425 1
417 497 1
417 864 1
418 431 1
418 447 1
418 829 1
419 453 1
419 460 1
419 463 1
419 467 1
419 471 1
419 478 1
419 481 1
419 492 1
419 497 1
419 813 1
420 429 1
420 436 1
420 491 1
420 774 1
421 423 1
421 431 1
421 455 1
421 467 1
421 496 1
421 498 1
422 434 1
422 437 1
422 462 1
422 964 1
423 431 1
423 496 1
424 431 1
424 441 1
424 459 1
424 482 1
424 493 1
424 904 1
425 454 1
425 469 1
425 475 1
425 481 1
425 487 1
425 488 1
426 434 1
426 462 1
426 474 1
426 477 1
426 491 1
426 492 1
427 454 1
427 483 1
427 490 1
428 430 1
428 436 1
428 443 1
428 445 1
428 452 1
429 453 1
429 496 1
430 448 1
430 455 1
430 461 1
430 484 1
430 544 1
430 938 1
431 437 1
431 466 1
431 480 1
432 444 1
432 448 1
432 468 1
432 483 1
432 492 1
432 675 1
433 451 1
433 535 1
433 674 1
434 445 1
434 449 1
434 461 1
434 495 1
434 498 1
434 795 1
435 488 1
435 637 1
435 870 1
436 638 1
437 477 1
439 450 1
439 458 1
439 462 1
439 463 1
439 479 1
439 487 1
439 519 1
439 654 1
440 446 1
440 468 1
440 488 1
440 496 1
441 464 1
441 465 1
441 474 1
441 489 1
441 496 1
442 443 1
442 455 1
442 499 1
443 464 1
443 481 1
444 450 1
444 540 1
444 985 1
445 446 1
445 817 1
447 495 1
447 496 1
448 451 1
448 454 1
448 602 1
450 477 1
451 460 1
451 472 1
451 497 1
451 619 1
451 756 1
452 481 1
453 459 1
453 461 1
454 463 1
454 464 1
454 491 1
454 642 1
455 849 1
456 476 1
457 461 1
457 483 1
457 493 1
458 469 1
458 493 1
458 498 1
458 585 1
458 694 1
459 464 1
459 473 1
459 481 1
459 494 1
460 472 1
460 480 1
461 465 1
461 466 1
461 481 1
461 486 1
462 482 1
463 476 1
463 486 1
463 498 1
463 735 1
463 917 1
464 470 1
464 482 1
464 490 1
464 491 1
465 467 1
465 473 1
465 480 1
465 496 1
465 525 1
465 792 1
466 472 1
466 486 1
466 492 1
467 471 1
467 474 1
467 482 1
469 478 1
470 475 1
470 476 1
470 490 1
470 495 1
470 631 1
470 846 1
471 476 1
471 670 1
472 481 1
472 499 1
472 598 1
473 489 1
473 493 1
473 495 1
474 487 1
474 493 1
474 717 1
475 476 1
475 480 1
475 482 1
475 489 1
475 493 1
475 494 1
475 495 1
475 849 1
476 503 1
476 995 1
477 478 1
477 499 1
477 675 1
477 907 1
478 486 1
479 500 1
480 728 1
480 932 1
481 488 1
482 488 1
482 498 1
482 752 1
483 493 1
483 498 1
483 878 1
484 491 1
485 494 1
486 490 1
487 828 1
488 493 1
488 497 1
488 500 1
489 769 1
491 945 1
492 699 1
493 855 1
496 583 1
496 870 1
497 534 1
499 820 1
499 845 1
501 509 1
501 529 1
501 545 1
501 579 1
501 584 1
501 854 1
501 927 1
502 562 1
502 577 1
502 580 1
502 585 1
502 591 1
502 698 1
503 520 1
503 523 1
503 529 1
503 538 1
503 543 1
503 587 1
503 829 1
504 542 1
504 551 1
504 584 1
504 771 1
505 525 1
505 528 1
505 542 1
505 812 1
505 867 1
506 598 1
507 515 1
507 523 1
507 524 1
507 540 1
507 581 1
508 528 1
508 951 1
508 998 1
509 529 1
509 533 1
509 549 1
509 570 1
509 573 1
509 574 1
509 595 1
510 513 1
510 533 1
510 536 1
510 537 1
510 540 1
510 543 1
510 576 1
510 584 1
510 599 1
511 547 1
511 564 1
511 578 1
511 582 1
511 889 1
512 513 1
512 540 1
512 554 1
512 561 1
512 563 1
512 566 1
512 575 1
512 596 1
512 761 1
512 903 1
512 915 1
513 520 1
513 530 1
513 538 1
513 544 1
513 567 1
513 671 1
513 735 1
514 525 1
514 566 1
514 581 1
515 535 1
515 538 1
515 588 1
515 688 1
516 517 1
516 533 1
516 564 1
516 850 1
517 537 1
517 547 1
517 564 1
517 575 1
517 584 1
518 553 1
518 564 1
518 595 1
519 559 1
519 560 1
519 568 1
519 586 1
519 599 1
519 763 1
520 537 1
520 546 1
520 562 1
520 573 1
520 580 1
520 583 1
520 594 1
520 596 1
520 815 1
521 537 1
521 539 1
521 554 1
522 535 1
522 542 1
522 570 1
522 580 1
522 928 1
522 990 1
523 539 1
523 564 1
523 595 1
523 597 1
523 918 1
524 552 1
524 553 1
524 574 1
524 576 1
525 534 1
525 659 1
526 534 1
526 568 1
526 572 1
526 585 1
526 598 1
526 891 1
527 540 1
527 541 1
527 543 1
527 545 1
527 548 1
527 576 1
527 595 1
528 530 1
528 533 1
528 563 1
528 597 1
528 640 1
528 706 1
529 554 1
529 578 1
530 535 1
530 539 1
530 552 1
530 569 1
530 573 1
530 591 1
531 542 1
531 546 1
531 587 1
531 591 1
531 597 1
531 627 1
531 683 1
531 741 1
531 894 1
532 575 1
532 950 1
533 543 1
533 556 1
533 561 1
533 574 1
534 561 1
534 567 1
534 575 1
534 595 1
534 600 1
535 539 1
535 543 1
535 550 1
536 537 1
536 545 1
536 594 1
536 600 1
536 847 1
536 896 1
537 541 1
537 563 1
537 571 1
537 588 1
537 912 1
538 541 1
538 563 1
538 568 1
538 572 1
538 728 1
539 555 1
539 579 1
539 592 1
539 789 1
540 556 1
540 563 1
540 789 1
541 551 1
541 573 1
541 580 1
541 586 1
541 600 1
541 731 1
542 570 1
543 553 1
543 570 1
544 590 1
544 936 1
546 996 1
547 560 1
547 581 1
548 554 1
548 589 1
548 600 1
549 582 1
549 586 1
550 568 1
550 575 1
550 588 1
550 592 1
550 702 1
551 558 1
551 567 1
551 594 1
552 594 1
552 710 1
552 735 1
552 829 1
553 560 1
553 567 1
553 568 1
553 885 1
553 989 1
554 557 1
554 673 1
556 561 1
556 580 1
556 584 1
556 876 1
559 574 1
560 561 1
560 562 1
560 563 1
560 564 1
560 568 1
560 591 1
561 593 1
561 970 1
562 599 1
562 860 1
563 568 1
563 573 1
563 577 1
563 596 1
563 597 1
564 578 1
564 579 1
564 753 1
565 582 1
565 618 1
565 761 1
565 911 1
566 582 1
566 584 1
567 588 1
567 786 1
567 886 1
568 843 1
568 976 1
569 570 1
569 580 1
569 810 1
570 579 1
570 598 1
570 673 1
571 576 1
571 590 1
571 594 1
572 591 1
572 593 1
575 579 1
576 582 1
576 590 1
576 632 1
576 700 1
578 580 1
578 584 1
578 587 1
578 588 1
578 596 1
579 586 1
579 595 1
579 994 1
580 588 1
581 585 1
581 593 1
581 602 1
582 585 1
582 588 1
583 591 1
583 697 1
583 968 1
584 749 1
585 587 1
586 987 1
587 589 1
588 589 1
588 597 1
588 917 1
589 592 1
589 962 1
590 591 1
590 594 1
593 597 1
593 600 1
595 597 1
596 836 1
597 598 1
597 599 1
599 835 1
600 822 1
601 618 1
601 640 1
601 667 1
601 672 1
601 675 1
602 605 1
602 611 1
602 681 1
602 714 1
602 799 1
603 606 1
603 614 1
603 622 1
603 657 1
603 665 1
604 612 1
604 634 1
604 642 1
604 679 1
604 680 1
604 697 1
605 615 1
605 637 1
605 674 1
605 691 1
605 769 1
606 621 1
606 638 1
606 677 1
607 643 1
607 646 1
607 659 1
607 673 1
608 661 1
608 663 1
608 669 1
608 671 1
608 683 1
608 816 1
608 985 1
609 623 1
609 641 1
609 650 1
609 664 1
609 667 1
609 668 1
609 686 1
610 630 1
610 678 1
610 688 1
610 694 1
610 698 1
611 625 1
611 630 1
611 635 1
611 660 1
611 692 1
611 923 1
612 615 1
612 628 1
612 641 1
612 650 1
612 691 1
613 629 1
613 666 1
613 682 1
613 693 1
614 643 1
614 679 1
614 694 1
614 730 1
614 741 1
615 616 1
615 623 1
615 628 1
615 635 1
615 689 1
615 695 1
616 642 1
616 694 1
617 632 1
617 637 1
617 639 1
617 646 1
617 680 1
617 685 1
617 928 1
618 625 1
618 647 1
618 686 1
619 621 1
619 648 1
620 625 1
620 628 1
620 632 1
620 684 1
620 696 1
621 634 1
621 664 1
621 673 1
621 684 1
621 1000 1
622 628 1
622 666 1
622 679 1
622 834 1
623 647 1
623 659 1
623 679 1
623 853 1
624 658 1
624 663 1
625 642 1
625 643 1
625 700 1
625 717 1
626 632 1
626 657 1
626 663 1
627 680 1
627 689 1
628 630 1
628 637 1
628 654 1
628 657 1
628 659 1
628 667 1
628 699 1
629 646 1
629 671 1
629 695 1
629 698 1
630 666 1
630 670 1
630 678 1
630 690 1
631 645 1
631 646 1
631 665 1
631 673 1
631 681 1
631 695 1
631 821 1
632 641 1
632 655 1
632 694 1
632 700 1
633 645 1
633 694 1
633 698 1
634 655 1
634 688 1
634 696 1
635 683 1
635 693 1
636 637 1
636 646 1
636 673 1
636 691 1
636 889 1
637 681 1
637 694 1
637 950 1
638 645 1
638 692 1
639 663 1
639 668 1
639 682 1
639 835 1
640 957 1
641 642 1
641 652 1
641 660 1
641 680 1
641 686 1
642 662 1
642 680 1
643 680 1
643 687 1
644 670 1
644 696 1
644 698 1
645 888 1
646 740 1
647 672 1
647 678 1
648 650 1
648 668 1
648 673 1
648 690 1
648 869 1
648 893 1
648 943 1
649 651 1
649 653 1
649 682 1
649 834 1
650 668 1
650 681 1
651 672 1
652 681 1
652 696 1
653 687 1
654 669 1
654 690 1
654 753 1
656 660 1
656 680 1
656 814 1
657 667 1
657 671 1
657 694 1
657 697 1
657 864 1
658 667 1
658 820 1
658 896 1
659 678 1
659 682 1
659 697 1
659 785 1
660 670 1
660 714 1
660 755 1
660 969 1
661 736 1
661 858 1
661 877 1
662 690 1
663 674 1
663 677 1
663 699 1
664 675 1
664 685 1
664 692 1
665 673 1
665 690 1
665 868 1
666 672 1
666 677 1
666 678 1
666 727 1
668 682 1
669 671 1
670 676 1
670 679 1
670 690 1
670 695 1
670 787 1
671 681 1
671 687 1
671 997 1
672 700 1
672 720 1
673 674 1
673 684 1
674 679 1
674 935 1
675 677 1
675 776 1
677 684 1
677 695 1
677 861 1
678 690 1
678 767 1
678 890 1
679 687 1
679 695 1
680 688 1
680 689 1
680 694 1
680 699 1
680 828 1
682 773 1
682 946 1
683 690 1
683 694 1
683 700 1
683 833 1
684 691 1
685 838 1
685 849 1
687 694 1
687 697 1
687 739 1
687 889 1
689 747 1
692 910 1
693 695 1
696 923 1
697 860 1
697 872 1
698 771 1
698 948 1
699 726 1
702 737 1
702 744 1
702 749 1
702 755 1
703 724 1
703 733 1
704 760 1
704 770 1
705 729 1
706 720 1
706 735 1
706 745 1
706 776 1
707 712 1
707 716 1
707 725 1
707 738 1
707 754 1
707 794 1
708 734 1
708 748 1
709 718 1
709 738 1
709 745 1
709 751 1
709 754 1
709 759 1
709 764 1
709 765 1
709 800 1
709 851 1
710 711 1
710 712 1
710 728 1
710 745 1
710 750 1
710 768 1
710 792 1
710 799 1
711 717 1
711 732 1
711 751 1
711 784 1
711 797 1
712 719 1
712 725 1
712 743 1
712 784 1
712 852 1
713 715 1
713 720 1
713 769 1
713 775 1
713 798 1
714 727 1
714 728 1
714 730 1
714 786 1
715 716 1
715 719 1
715 769 1
715 777 1
716 749 1
716 750 1
717 720 1
717 740 1
718 727 1
718 738 1
718 799 1
719 765 1
719 769 1
719 784 1
719 795 1
719 800 1
720 734 1
720 744 1
721 733 1
721 781 1
722 740 1
722 753 1
722 775 1
722 783 1
723 731 1
723 749 1
723 878 1
724 751 1
724 772 1
724 777 1
724 790 1
724 799 1
725 737 1
725 744 1
725 752 1
725 863 1
726 741 1
726 750 1
726 789 1
727 769 1
727 780 1
728 729 1
728 744 1
728 776 1
728 794 1
728 797 1
729 732 1
729 751 1
729 758 1
729 784 1
730 747 1
730 795 1
731 733 1
731 745 1
731 757 1
731 760 1
731 767 1
731 787 1
731 800 1
731 910 1
731 919 1
732 735 1
732 754 1
732 772 1
732 800 1
733 743 1
733 763 1
734 766 1
734 767 1
734 780 1
735 744 1
735 768 1
735 780 1
735 782 1
735 993 1
736 748 1
736 753 1
737 761 1
737 834 1
738 744 1
738 780 1
738 994 1
739 745 1
739 760 1
740 754 1
740 756 1
740 760 1
740 788 1
741 745 1
741 752 1
741 760 1
741 772 1
741 789 1
742 744 1
742 746 1
742 761 1
742 765 1
742 795 1
743 746 1
743 768 1
743 777 1
743 778 1
743 795 1
743 832 1
743 973 1
744 777 1
744 818 1
744 879 1
745 753 1
745 767 1
745 795 1
746 751 1
746 756 1
746 761 1
746 790 1
746 792 1
746 793 1
746 797 1
747 752 1
747 782 1
748 758 1
748 768 1
748 797 1
749 755 1
749 767 1
749 775 1
749 776 1
750 817 1
751 754 1
751 802 1
752 774 1
753 791 1
753 800 1
755 756 1
755 758 1
755 759 1
755 794 1
756 770 1
756 777 1
756 789 1
756 791 1
757 764 1
757 791 1
757 848 1
758 798 1
759 773 1
759 778 1
759 788 1
759 797 1
759 800 1
760 791 1
761 787 1
761 974 1
762 763 1
764 793 1
764 828 1
764 913 1
765 766 1
765 767 1
766 800 1
769 783 1
769 790 1
770 785 1
770 910 1
771 773 1
771 778 1
771 780 1
771 793 1
772 787 1
772 790 1
772 795 1
773 789 1
773 793 1
773 860 1
774 782 1
774 793 1
775 842 1
776 781 1
776 800 1
776 870 1
777 829 1
777 893 1
778 796 1
779 790 1
780 785 1
782 790 1
783 784 1
783 793 1
783 796 1
784 788 1
785 786 1
786 944 1
787 794 1
791 797 1
792 950 1
801 803 1
801 870 1
801 889 1
801 890 1
801 891 1
802 824 1
802 825 1
802 889 1
802 894 1
802 927 1
803 830 1
803 845 1
803 860 1
803 878 1
805 808 1
805 810 1
805 824 1
805 837 1
805 841 1
805 859 1
805 860 1
805 868 1
805 871 1
805 886 1
805 888 1
805 979 1
806 842 1
806 857 1
806 868 1
806 896 1
806 899 1
806 934 1
807 873 1
807 876 1
807 883 1
807 888 1
807 899 1
808 812 1
808 814 1
808 852 1
808 856 1
808 869 1
808 882 1
808 883 1
809 843 1
809 859 1
809 861 1
809 870 1
810 826 1
810 840 1
810 859 1
810 868 1
810 869 1
810 922 1
811 816 1
811 882 1
811 890 1
811 898 1
812 814 1
812 831 1
812 834 1
812 835 1
812 838 1
812 854 1
813 835 1
813 851 1
813 868 1
813 887 1
813 929 1
814 844 1
814 894 1
815 828 1
815 859 1
815 979 1
816 821 1
816 842 1
816 856 1
816 897 1
817 819 1
817 820 1
817 877 1
817 888 1
818 837 1
818 838 1
818 882 1
818 892 1
819 849 1
819 865 1
819 867 1
819 891 1
819 898 1
820 845 1
820 865 1
820 892 1
821 823 1
821 841 1
821 864 1
821 873 1
821 891 1
821 897 1
821 992 1
822 830 1
822 839 1
822 872 1
822 873 1
822 893 1
823 829 1
823 871 1
823 979 1
824 843 1
824 850 1
824 860 1
824 887 1
824 898 1
825 828 1
825 852 1
826 856 1
826 862 1
826 871 1
826 878 1
826 880 1
826 885 1
826 888 1
827 833 1
827 841 1
828 837 1
828 842 1
828 851 1
828 891 1
829 850 1
829 873 1
829 890 1
829 898 1
830 858 1
830 883 1
830 942 1
831 912 1
831 980 1
832 857 1
832 876 1
834 855 1
834 860 1
834 863 1
834 879 1
834 891 1
834 892 1
835 870 1
835 887 1
835 894 1
835 898 1
836 880 1
836 885 1
838 843 1
838 845 1
838 857 1
838 860 1
838 871 1
838 877 1
838 884 1
838 892 1
838 894 1
838 896 1
839 866 1
839 872 1
840 963 1
841 844 1
841 858 1
841 866 1
841 873 1
841 884 1
841 896 1
842 849 1
842 856 1
842 864 1
842 867 1
842 876 1
842 888 1
843 844 1
843 845 1
843 846 1
843 852 1
843 887 1
843 889 1
843 891 1
844 877 1
844 895 1
844 896 1
845 848 1
845 867 1
845 883 1
846 858 1
846 878 1
847 888 1
847 894 1
848 874 1
849 862 1
849 866 1
849 895 1
850 876 1
850 879 1
850 890 1
851 864 1
851 893 1
851 900 1
852 878 1
852 916 1
853 855 1
853 866 1
853 888 1
854 879 1
854 887 1
855 867 1
855 880 1
855 890 1
855 896 1
855 898 1
856 874 1
856 881 1
857 866 1
857 876 1
858 878 1
859 864 1
859 865 1
859 867 1
859 868 1
859 890 1
860 866 1
860 891 1
861 868 1
861 871 1
861 876 1
861 877 1
861 883 1
861 934 1
862 869 1
862 870 1
862 886 1
863 874 1
863 880 1
863 888 1
863 895 1
863 896 1
864 868 1
864 875 1
865 874 1
865 881 1
865 883 1
866 879 1
866 885 1
868 871 1
868 884 1
869 876 1
869 889 1
869 894 1
869 912 1
869 962 1
870 886 1
870 935 1
871 884 1
871 890 1
871 896 1
872 873 1
872 922 1
872 983 1
874 877 1
874 956 1
875 882 1
876 900 1
878 977 1
879 880 1
879 898 1
880 885 1
881 887 1
881 890 1
882 883 1
882 896 1
882 969 1
883 894 1
885 889 1
885 897 1
885 900 1
886 894 1
888 891 1
892 982 1
896 905 1
897 898 1
899 941 1
900 966 1
901 904 1
901 967 1
901 968 1
901 989 1
902 906 1
902 944 1
903 909 1
903 917 1
903 928 1
903 950 1
904 907 1
904 944 1
904 951 1
904 979 1
904 1000 1
905 914 1
905 948 1
905 956 1
905 997 1
906 932 1
907 914 1
907 934 1
907 958 1
907 960 1
907 966 1
907 986 1
908 939 1
908 970 1
908 995 1
909 912 1
909 971 1
910 920 1
910 927 1
910 928 1
910 953 1
910 964 1
910 982 1
911 950 1
911 953 1
911 955 1
911 964 1
911 975 1
911 995 1
912 930 1
912 939 1
912 965 1
912 969 1
912 988 1
913 944 1
913 953 1
913 959 1
913 968 1
913 978 1
913 990 1
913 993 1
914 920 1
914 942 1
915 934 1
915 938 1
916 999 1
917 919 1
917 934 1
917 965 1
917 974 1
917 978 1
918 932 1
918 947 1
918 953 1
918 994 1
919 926 1
919 970 1
920 928 1
920 941 1
920 955 1
921 939 1
921 959 1
922 929 1
922 942 1
922 968 1
922 974 1
923 929 1
923 965 1
923 967 1
923 978 1
923 999 1
924 928 1
924 941 1
924 955 1
924 960 1
924 969 1
924 998 1
924 1000 1
925 955 1
925 957 1
925 985 1
925 993 1
926 929 1
926 934 1
926 974 1
926 994 1
927 946 1
927 978 1
928 938 1
928 996 1
928 1000 1
929 953 1
929 964 1
929 973 1
930 940 1
930 990 1
931 960 1
931 979 1
932 971 1
932 994 1
932 996 1
933 940 1
933 971 1
933 990 1
933 995 1
933 999 1
934 979 1
934 981 1
935 975 1
936 944 1
936 952 1
936 995 1
937 941 1
937 947 1
937 958 1
937 977 1
937 980 1
937 984 1
938 950 1
938 973 1
938 990 1
939 979 1
940 952 1
940 985 1
940 986 1
940 988 1
941 978 1
941 982 1
941 988 1
942 982 1
943 945 1
943 966 1
943 996 1
943 1000 1
945 953 1
945 980 1
945 994 1
945 996 1
945 999 1
946 959 1
946 972 1
946 982 1
946 984 1
946 993 1
948 955 1
948 965 1
948 969 1
948 970 1
948 973 1
949 962 1
949 973 1
949 978 1
949 986 1
949 989 1
950 998 1
951 953 1
951 969 1
951 988 1
952 972 1
952 993 1
953 964 1
953 973 1
954 958 1
954 964 1
954 973 1
954 976 1
954 982 1
954 983 1
954 990 1
954 995 1
955 979 1
955 985 1
955 987 1
955 998 1
956 959 1
957 990 1
958 967 1
958 981 1
959 978 1
959 989 1
960 991 1
961 979 1
961 986 1
961 987 1
961 1000 1
963 981 1
963 986 1
964 968 1
964 972 1
965 972 1
965 986 1
966 967 1
966 983 1
967 972 1
967 975 1
968 982 1
969 970 1
969 981 1
969 982 1
969 998 1
970 978 1
970 993 1
970 1000 1
971 983 1
971 997 1
971 998 1
972 975 1
974 996 1
975 982 1
975 996 1
976 988 1
977 988 1
981 989 1
981 992 1
982 989 1
983 995 1
984 999 1
987 995 1
988 992 1
988 998 1
989 999 1
990 991 1
990 992 1
990 996 1
991 995 1
995 999 1
999 1000 1
