1000 3351
1 13 1
1 14 1
1 24 1
1 55 1
1 59 1
1 70 1
2 9 1
2 20 1
2 28 1
2 42 1
2 62 1
2 65 1
2 818 1
2 966 1
3 18 1
3 87 1
4 22 1
4 54 1
4 97 1
4 126 1
4 608 1
5 43 1
5 210 1
5 263 1
6 31 1
6 66 1
6 73 1
6 90 1
6 982 1
7 11 1
7 13 1
7 26 1
7 34 1
7 39 1
7 64 1
7 66 1
7 73 1
7 558 1
7 843 1
7 964 1
8 27 1
8 52 1
8 317 1
8 397 1
8 776 1
9 28 1
9 39 1
9 60 1
9 80 1
9 286 1
10 29 1
10 39 1
10 44 1
10 60 1
10 74 1
10 97 1
10 409 1
10 867 1
11 34 1
11 54 1
11 60 1
11 81 1
11 100 1
11 265 1
12 31 1
12 33 1
12 40 1
12 53 1
12 76 1
12 88 1
12 955 1
13 26 1
13 65 1
14 16 1
14 18 1
14 23 1
14 39 1
14 67 1
14 72 1
14 73 1
14 253 1
14 600 1
14 779 1
14 814 1
15 16 1
15 35 1
15 64 1
15 90 1
15 95 1
15 304 1
15 461 1
16 24 1
16 42 1
16 72 1
16 81 1
16 89 1
16 906 1
17 37 1
17 55 1
17 65 1
17 80 1
17 87 1
17 91 1
17 160 1
18 25 1
18 90 1
18 598 1
19 36 1
19 62 1
19 76 1
19 83 1
19 92 1
19 501 1
20 49 1
20 60 1
20 67 1
20 396 1
20 740 1
20 816 1
21 47 1
21 58 1
21 61 1
21 511 1
21 811 1
22 59 1
22 83 1
22 801 1
23 27 1
23 51 1
23 94 1
23 548 1
24 43 1
24 46 1
24 100 1
24 245 1
24 586 1
24 995 1
25 35 1
25 38 1
25 47 1
25 57 1
25 75 1
25 79 1
25 91 1
26 49 1
26 87 1
26 98 1
26 101 1
26 488 1
27 35 1
27 66 1
27 72 1
27 96 1
27 104 1
27 501 1
27 553 1
27 614 1
27 735 1
28 66 1
28 69 1
28 78 1
29 40 1
29 42 1
29 859 1
29 861 1
30 43 1
30 63 1
30 523 1
31 53 1
31 69 1
31 78 1
31 96 1
31 287 1
31 395 1
32 45 1
32 68 1
32 108 1
32 207 1
32 398 1
32 574 1
32 709 1
33 68 1
33 77 1
33 84 1
33 86 1
33 100 1
33 924 1
34 50 1
34 58 1
34 88 1
34 278 1
34 398 1
34 518 1
34 553 1
34 605 1
35 39 1
35 73 1
35 721 1
36 56 1
36 66 1
36 82 1
36 90 1
36 815 1
37 44 1
37 49 1
37 293 1
37 577 1
37 797 1
38 67 1
38 297 1
39 50 1
39 94 1
39 133 1
39 611 1
39 680 1
39 748 1
40 61 1
40 78 1
40 93 1
40 375 1
40 621 1
41 53 1
41 237 1
41 809 1
42 54 1
42 68 1
43 81 1
43 368 1
44 64 1
44 226 1
44 422 1
45 46 1
45 74 1
45 182 1
46 57 1
46 60 1
46 68 1
46 75 1
46 83 1
46 89 1
46 99 1
46 381 1
47 54 1
47 61 1
47 69 1
47 76 1
47 88 1
47 100 1
47 158 1
48 58 1
48 90 1
48 100 1
48 312 1
48 542 1
49 614 1
49 910 1
50 61 1
50 77 1
50 86 1
51 57 1
51 58 1
51 71 1
51 76 1
51 81 1
51 97 1
51 185 1
51 307 1
52 67 1
52 150 1
53 204 1
53 904 1
54 93 1
54 304 1
54 787 1
55 99 1
55 169 1
55 392 1
56 63 1
56 69 1
56 76 1
56 222 1
57 65 1
57 70 1
57 399 1
57 797 1
58 74 1
58 89 1
58 95 1
58 767 1
59 84 1
59 89 1
59 608 1
60 77 1
60 93 1
60 95 1
60 96 1
60 100 1
61 91 1
61 374 1
61 805 1
61 997 1
62 341 1
62 573 1
62 877 1
63 72 1
63 82 1
63 98 1
63 160 1
63 505 1
64 93 1
64 97 1
65 77 1
65 528 1
66 74 1
66 87 1
66 99 1
67 71 1
67 79 1
67 92 1
67 95 1
67 713 1
68 84 1
68 88 1
68 93 1
68 303 1
69 83 1
69 212 1
69 691 1
69 883 1
69 965 1
70 80 1
70 130 1
71 625 1
71 651 1
71 674 1
71 876 1
72 83 1
72 593 1
74 75 1
74 90 1
74 281 1
75 77 1
75 78 1
75 93 1
75 135 1
75 223 1
75 271 1
75 280 1
76 84 1
77 85 1
77 87 1
77 94 1
77 98 1
77 157 1
77 224 1
78 186 1
78 534 1
79 82 1
79 84 1
79 250 1
79 931 1
80 97 1
80 533 1
80 874 1
81 92 1
81 93 1
81 494 1
81 646 1
83 84 1
83 95 1
83 96 1
84 233 1
84 658 1
85 98 1
88 479 1
89 173 1
89 247 1
93 225 1
93 650 1
93 935 1
94 250 1
94 600 1
95 271 1
95 679 1
96 772 1
96 991 1
97 98 1
97 99 1
97 548 1
97 706 1
98 129 1
98 242 1
98 529 1
98 538 1
98 804 1
99 766 1
101 117 1
101 121 1
101 139 1
101 202 1
102 124 1
102 138 1
102 139 1
102 144 1
102 166 1
102 169 1
102 177 1
102 193 1
102 305 1
102 505 1
102 646 1
103 107 1
103 130 1
103 170 1
103 187 1
103 200 1
103 351 1
103 399 1
103 684 1
104 109 1
104 152 1
104 158 1
104 163 1
104 165 1
104 167 1
104 184 1
104 190 1
104 491 1
104 722 1
105 126 1
105 142 1
105 159 1
105 194 1
105 300 1
105 998 1
106 176 1
106 465 1
106 597 1
106 748 1
106 888 1
107 114 1
107 143 1
107 148 1
107 165 1
107 168 1
107 174 1
108 143 1
108 170 1
108 194 1
108 198 1
109 139 1
109 161 1
109 192 1
109 195 1
110 113 1
110 135 1
110 140 1
110 168 1
110 187 1
111 127 1
111 145 1
111 157 1
111 182 1
111 188 1
111 523 1
111 894 1
112 162 1
112 192 1
112 222 1
112 384 1
112 825 1
113 146 1
113 182 1
113 190 1
113 811 1
114 115 1
114 131 1
114 144 1
114 147 1
114 162 1
114 175 1
115 137 1
115 156 1
115 161 1
115 198 1
115 442 1
115 472 1
116 120 1
116 131 1
116 193 1
117 162 1
117 186 1
117 195 1
118 144 1
118 158 1
118 170 1
118 183 1
118 331 1
118 772 1
119 138 1
119 148 1
119 155 1
119 624 1
119 657 1
120 128 1
120 131 1
120 163 1
120 436 1
120 753 1
121 137 1
121 142 1
121 154 1
121 155 1
121 391 1
121 667 1
121 740 1
122 136 1
122 157 1
122 158 1
122 165 1
122 600 1
122 866 1
123 129 1
123 133 1
123 180 1
123 193 1
123 273 1
123 990 1
124 157 1
124 161 1
124 178 1
124 195 1
124 782 1
124 884 1
125 135 1
125 139 1
125 170 1
125 189 1
125 196 1
125 199 1
125 258 1
125 295 1
125 787 1
125 915 1
125 987 1
126 136 1
126 155 1
126 199 1
126 263 1
126 820 1
127 146 1
127 161 1
127 173 1
127 769 1
128 139 1
128 160 1
128 164 1
128 177 1
128 178 1
128 181 1
128 199 1
128 420 1
128 438 1
128 854 1
129 156 1
129 165 1
129 194 1
129 742 1
130 181 1
130 200 1
130 309 1
131 143 1
131 144 1
131 197 1
131 293 1
132 197 1
132 291 1
132 317 1
132 396 1
133 154 1
133 163 1
133 309 1
134 135 1
134 163 1
134 190 1
134 909 1
134 953 1
135 162 1
135 980 1
136 138 1
136 168 1
136 175 1
136 191 1
136 387 1
136 594 1
137 155 1
137 167 1
137 176 1
137 183 1
138 162 1
138 169 1
138 175 1
138 178 1
138 333 1
139 178 1
139 185 1
139 773 1
140 141 1
140 149 1
140 160 1
140 179 1
140 190 1
140 436 1
140 688 1
140 991 1
141 145 1
141 149 1
141 191 1
142 173 1
142 177 1
142 178 1
142 179 1
142 570 1
142 926 1
143 161 1
143 185 1
143 551 1
144 157 1
144 203 1
144 972 1
144 984 1
145 276 1
145 531 1
145 712 1
146 175 1
146 371 1
146 504 1
146 977 1
147 153 1
147 161 1
147 165 1
147 181 1
147 191 1
147 307 1
147 375 1
147 483 1
147 731 1
147 941 1
148 173 1
149 160 1
149 174 1
149 178 1
149 456 1
150 163 1
150 175 1
150 192 1
150 343 1
150 757 1
150 943 1
151 153 1
151 173 1
151 180 1
151 190 1
151 337 1
151 767 1
152 170 1
152 190 1
153 161 1
153 174 1
153 592 1
154 764 1
154 828 1
155 166 1
155 187 1
155 197 1
155 200 1
156 172 1
156 195 1
156 790 1
157 159 1
157 172 1
157 189 1
157 643 1
157 846 1
158 180 1
158 191 1
158 254 1
159 165 1
159 183 1
159 446 1
159 988 1
160 181 1
160 190 1
161 200 1
162 377 1
162 629 1
163 182 1
164 184 1
164 196 1
164 197 1
164 558 1
164 742 1
165 169 1
165 174 1
165 744 1
166 187 1
166 343 1
166 381 1
166 599 1
167 182 1
167 191 1
167 362 1
167 426 1
167 456 1
167 852 1
168 176 1
168 200 1
168 409 1
168 704 1
170 174 1
170 176 1
170 659 1
171 188 1
171 403 1
171 661 1
171 710 1
171 825 1
172 584 1
173 175 1
173 177 1
173 197 1
174 175 1
174 177 1
174 185 1
174 187 1
174 189 1
174 348 1
174 710 1
174 930 1
175 177 1
175 183 1
175 307 1
175 980 1
176 198 1
177 188 1
177 192 1
178 188 1
178 194 1
178 385 1
178 648 1
179 193 1
179 199 1
179 501 1
179 512 1
180 825 1
180 882 1
181 556 1
181 797 1
182 192 1
182 367 1
183 184 1
183 197 1
183 200 1
183 445 1
183 939 1
183 952 1
184 343 1
184 395 1
185 187 1
185 779 1
186 194 1
186 198 1
187 876 1
187 927 1
188 246 1
188 384 1
188 471 1
188 874 1
189 198 1
189 707 1
190 194 1
190 423 1
190 500 1
191 194 1
191 276 1
191 406 1
191 573 1
191 682 1
191 785 1
192 480 1
193 241 1
193 251 1
193 820 1
193 907 1
194 581 1
194 696 1
195 821 1
195 999 1
196 471 1
196 768 1
196 841 1
196 952 1
197 313 1
197 396 1
197 848 1
198 287 1
199 733 1
200 710 1
201 210 1
201 247 1
201 253 1
201 256 1
201 268 1
201 772 1
201 893 1
202 293 1
202 298 1
202 650 1
203 212 1
203 241 1
203 248 1
203 490 1
203 585 1
203 759 1
204 207 1
204 218 1
204 229 1
204 262 1
204 273 1
204 279 1
205 233 1
205 249 1
205 250 1
205 253 1
205 270 1
205 276 1
205 280 1
205 721 1
206 268 1
206 630 1
206 949 1
206 954 1
206 955 1
207 261 1
207 294 1
207 298 1
207 670 1
208 258 1
208 289 1
208 765 1
209 248 1
209 284 1
209 285 1
209 668 1
209 818 1
210 212 1
210 218 1
210 234 1
210 246 1
210 254 1
210 284 1
210 686 1
210 814 1
211 237 1
211 259 1
211 273 1
211 284 1
211 761 1
212 216 1
212 218 1
212 231 1
212 236 1
212 284 1
212 286 1
212 849 1
212 993 1
213 227 1
213 253 1
213 272 1
213 557 1
213 855 1
214 217 1
214 269 1
214 271 1
214 287 1
214 300 1
214 359 1
214 385 1
214 578 1
215 245 1
215 266 1
215 295 1
216 227 1
216 229 1
216 236 1
216 254 1
216 288 1
216 294 1
217 226 1
217 242 1
217 250 1
217 275 1
217 279 1
217 283 1
217 399 1
218 220 1
218 255 1
218 418 1
219 220 1
219 248 1
219 267 1
219 269 1
219 270 1
219 285 1
220 234 1
220 249 1
220 251 1
220 264 1
220 265 1
220 280 1
220 300 1
220 396 1
220 642 1
220 821 1
221 224 1
221 292 1
222 282 1
222 283 1
222 327 1
222 518 1
222 605 1
223 268 1
223 276 1
223 278 1
223 291 1
223 296 1
223 353 1
223 454 1
223 509 1
224 227 1
224 257 1
224 287 1
224 298 1
224 842 1
225 228 1
225 271 1
225 299 1
225 425 1
225 444 1
225 639 1
226 228 1
227 239 1
227 271 1
227 282 1
227 573 1
227 712 1
227 838 1
227 944 1
228 262 1
228 286 1
228 298 1
228 350 1
228 555 1
228 977 1
229 247 1
229 259 1
229 265 1
229 388 1
229 870 1
230 254 1
230 286 1
230 289 1
230 296 1
230 454 1
230 481 1
230 731 1
231 234 1
231 238 1
231 240 1
231 262 1
231 285 1
232 249 1
232 251 1
232 271 1
232 291 1
232 415 1
233 275 1
233 539 1
234 240 1
234 242 1
234 272 1
234 298 1
234 483 1
234 960 1
235 288 1
235 907 1
236 887 1
237 240 1
237 243 1
237 245 1
237 486 1
237 661 1
238 284 1
238 287 1
238 290 1
238 300 1
238 593 1
238 667 1
238 900 1
239 257 1
239 263 1
239 286 1
239 287 1
239 295 1
239 915 1
240 252 1
240 275 1
240 278 1
240 664 1
240 871 1
241 263 1
241 285 1
241 287 1
241 299 1
241 778 1
243 248 1
243 292 1
243 300 1
243 739 1
245 250 1
245 263 1
245 268 1
245 701 1
245 765 1
245 904 1
246 249 1
246 271 1
247 288 1
247 289 1
247 292 1
247 381 1
247 475 1
247 711 1
247 839 1
247 921 1
248 259 1
248 388 1
249 289 1
250 252 1
250 264 1
250 282 1
250 294 1
250 300 1
250 694 1
250 856 1
251 256 1
251 267 1
251 277 1
251 290 1
251 297 1
251 311 1
252 258 1
252 266 1
252 999 1
253 262 1
253 268 1
254 275 1
254 382 1
254 999 1
255 274 1
255 275 1
255 285 1
255 286 1
255 288 1
255 819 1
256 261 1
256 269 1
256 277 1
256 283 1
257 261 1
257 273 1
257 277 1
257 281 1
257 679 1
257 818 1
258 270 1
258 292 1
259 297 1
259 918 1
260 261 1
260 262 1
260 297 1
262 295 1
262 533 1
263 282 1
264 296 1
264 590 1
265 266 1
265 282 1
265 286 1
265 300 1
265 322 1
265 462 1
266 272 1
266 280 1
266 286 1
266 376 1
267 295 1
268 297 1
268 735 1
268 874 1
269 471 1
270 323 1
270 338 1
270 685 1
270 768 1
271 342 1
271 665 1
272 278 1
272 745 1
273 284 1
273 665 1
273 886 1
274 285 1
274 293 1
274 677 1
274 779 1
275 334 1
276 579 1
276 693 1
276 838 1
277 284 1
277 288 1
277 292 1
277 299 1
277 300 1
277 309 1
278 291 1
278 402 1
278 709 1
279 289 1
279 577 1
279 918 1
280 300 1
281 284 1
281 651 1
282 290 1
282 711 1
283 284 1
283 286 1
283 313 1
284 943 1
285 288 1
286 293 1
286 442 1
287 523 1
288 289 1
288 290 1
288 403 1
289 300 1
289 613 1
289 800 1
289 805 1
290 296 1
290 543 1
290 548 1
291 943 1
291 969 1
292 301 1
292 356 1
292 421 1
292 603 1
292 872 1
295 297 1
297 299 1
297 945 1
298 299 1
298 558 1
298 651 1
298 951 1
299 472 1
299 667 1
301 326 1
301 353 1
301 376 1
301 397 1
302 307 1
302 344 1
302 360 1
302 368 1
302 372 1
302 487 1
302 767 1
303 312 1
303 320 1
303 324 1
303 332 1
303 374 1
303 399 1
303 576 1
304 363 1
304 386 1
304 392 1
304 400 1
304 948 1
305 322 1
305 333 1
305 348 1
305 350 1
305 365 1
305 373 1
305 421 1
305 614 1
306 317 1
306 325 1
306 329 1
306 335 1
306 376 1
306 397 1
306 897 1
307 346 1
307 373 1
307 392 1
307 664 1
308 320 1
308 330 1
308 331 1
308 369 1
308 375 1
308 388 1
308 393 1
308 517 1
308 611 1
309 323 1
309 331 1
309 347 1
309 350 1
309 354 1
309 384 1
309 390 1
309 395 1
309 758 1
309 915 1
310 311 1
310 325 1
310 330 1
310 343 1
310 377 1
311 321 1
311 349 1
311 356 1
311 677 1
311 703 1
312 313 1
312 349 1
312 352 1
312 358 1
312 383 1
312 385 1
312 394 1
312 621 1
312 994 1
313 316 1
313 333 1
313 345 1
313 360 1
313 374 1
313 645 1
313 665 1
314 330 1
314 474 1
314 879 1
315 331 1
315 341 1
315 357 1
315 363 1
315 376 1
315 381 1
315 399 1
315 823 1
315 870 1
316 346 1
316 363 1
317 326 1
317 341 1
317 398 1
317 495 1
318 331 1
318 349 1
318 371 1
318 379 1
318 387 1
318 389 1
318 392 1
318 393 1
319 364 1
319 366 1
319 369 1
319 375 1
319 382 1
319 629 1
320 357 1
320 372 1
320 381 1
320 382 1
320 400 1
320 622 1
321 405 1
321 783 1
322 325 1
322 336 1
322 358 1
322 400 1
322 501 1
323 338 1
323 353 1
323 364 1
323 396 1
323 482 1
324 345 1
324 352 1
324 361 1
324 374 1
324 382 1
324 397 1
325 329 1
325 330 1
326 359 1
326 361 1
326 488 1
326 942 1
327 344 1
327 349 1
327 375 1
327 376 1
327 385 1
328 332 1
328 361 1
328 400 1
328 460 1
329 340 1
329 343 1
329 348 1
329 365 1
329 394 1
330 372 1
330 396 1
330 674 1
330 898 1
331 354 1
331 356 1
331 370 1
331 777 1
331 849 1
332 348 1
332 395 1
333 365 1
333 368 1
333 384 1
334 336 1
334 350 1
334 364 1
334 381 1
334 389 1
334 398 1
335 356 1
335 385 1
335 393 1
335 398 1
336 367 1
336 369 1
337 375 1
337 397 1
337 598 1
338 340 1
338 346 1
338 356 1
338 366 1
338 387 1
338 391 1
338 454 1
338 491 1
338 808 1
338 829 1
338 860 1
339 375 1
339 398 1
339 570 1
340 360 1
340 371 1
340 375 1
340 422 1
340 548 1
340 564 1
341 372 1
341 379 1
341 470 1
341 773 1
342 363 1
342 372 1
342 394 1
343 349 1
343 355 1
343 370 1
344 368 1
344 370 1
344 383 1
344 390 1
344 392 1
344 396 1
344 890 1
345 346 1
345 360 1
345 374 1
345 436 1
345 931 1
345 944 1
346 358 1
346 364 1
346 370 1
346 388 1
347 358 1
347 364 1
347 366 1
347 388 1
347 541 1
347 923 1
348 351 1
348 362 1
348 380 1
348 396 1
348 399 1
348 813 1
349 362 1
349 383 1
349 384 1
349 389 1
349 545 1
350 365 1
350 376 1
350 677 1
350 834 1
351 367 1
351 486 1
351 503 1
352 364 1
352 398 1
352 534 1
352 601 1
352 725 1
353 372 1
353 387 1
354 365 1
354 366 1
354 398 1
355 384 1
355 609 1
356 363 1
357 360 1
357 375 1
359 365 1
359 379 1
359 390 1
359 564 1
360 361 1
360 390 1
360 396 1
360 620 1
361 383 1
362 385 1
362 396 1
363 370 1
363 737 1
363 784 1
364 382 1
364 541 1
365 366 1
365 393 1
365 396 1
365 711 1
366 666 1
367 400 1
367 794 1
368 392 1
368 397 1
369 383 1
369 384 1
369 810 1
370 388 1
370 392 1
370 689 1
371 384 1
371 941 1
372 390 1
374 510 1
374 882 1
375 399 1
376 665 1
377 378 1
377 975 1
378 557 1
378 762 1
378 1000 1
379 381 1
379 382 1
380 632 1
380 956 1
381 399 1
381 713 1
382 396 1
382 397 1
382 461 1
382 527 1
382 949 1
383 394 1
383 546 1
385 426 1
386 429 1
386 450 1
387 647 1
388 396 1
388 399 1
388 400 1
388 467 1
388 856 1
389 811 1
390 412 1
393 399 1
394 396 1
394 765 1
395 661 1
396 465 1
396 603 1
399 953 1
400 506 1
400 682 1
401 414 1
401 420 1
401 430 1
401 432 1
401 460 1
401 472 1
401 478 1
401 485 1
401 493 1
402 420 1
402 434 1
402 437 1
402 467 1
402 468 1
402 487 1
402 491 1
403 424 1
403 429 1
403 445 1
403 488 1
403 490 1
403 948 1
404 406 1
404 419 1
404 444 1
404 473 1
404 477 1
404 479 1
404 484 1
404 676 1
404 795 1
404 923 1
405 422 1
405 448 1
405 451 1
405 480 1
406 407 1
406 449 1
406 450 1
406 711 1
407 410 1
407 420 1
407 427 1
407 434 1
407 447 1
407 450 1
407 461 1
407 612 1
408 435 1
408 449 1
408 461 1
408 493 1
409 425 1
409 458 1
409 499 1
409 766 1
409 859 1
410 423 1
410 445 1
410 459 1
410 480 1
410 707 1
410 927 1
411 433 1
411 447 1
411 454 1
411 462 1
411 475 1
411 498 1
411 500 1
412 422 1
412 439 1
412 453 1
412 458 1
412 468 1
412 488 1
412 788 1
413 420 1
413 429 1
413 436 1
413 494 1
413 497 1
413 498 1
413 632 1
414 471 1
414 475 1
414 481 1
414 483 1
414 488 1
415 470 1
415 480 1
416 430 1
416 436 1
416 510 1
416 609 1
416 898 1
417 419 1
417 429 1
417 492 1
418 466 1
418 471 1
418 497 1
419 446 1
419 450 1
419 470 1
419 483 1
419 492 1
419 496 1
419 665 1
419 668 1
420 425 1
420 426 1
420 454 1
420 458 1
420 461 1
420 489 1
420 853 1
421 453 1
421 459 1
421 487 1
422 430 1
422 447 1
422 453 1
422 497 1
422 606 1
422 613 1
423 445 1
423 474 1
423 497 1
424 448 1
424 459 1
424 461 1
424 477 1
424 496 1
425 426 1
425 450 1
425 463 1
425 469 1
425 711 1
425 961 1
426 441 1
426 478 1
426 491 1
426 982 1
427 433 1
427 442 1
427 448 1
427 470 1
427 609 1
427 613 1
427 677 1
428 478 1
428 490 1
429 438 1
429 463 1
429 471 1
429 496 1
430 431 1
430 437 1
430 453 1
430 469 1
430 471 1
431 435 1
431 441 1
431 447 1
431 484 1
431 489 1
431 647 1
431 766 1
431 799 1
431 823 1
432 441 1
432 446 1
432 456 1
432 458 1
433 437 1
433 470 1
433 498 1
433 935 1
434 435 1
434 459 1
434 461 1
434 494 1
434 496 1
434 791 1
435 445 1
435 457 1
435 475 1
435 496 1
436 451 1
436 460 1
436 461 1
436 475 1
436 486 1
436 498 1
437 457 1
437 466 1
437 470 1
437 490 1
437 494 1
437 705 1
438 460 1
438 462 1
438 467 1
438 472 1
438 539 1
439 442 1
439 460 1
440 452 1
440 535 1
440 682 1
440 698 1
440 912 1
440 999 1
441 445 1
441 463 1
441 469 1
442 459 1
442 856 1
442 862 1
442 930 1
443 448 1
443 461 1
444 494 1
444 823 1
444 882 1
445 473 1
445 474 1
445 479 1
445 493 1
445 619 1
446 480 1
447 460 1
447 467 1
447 488 1
447 704 1
447 886 1
448 462 1
448 464 1
448 485 1
449 465 1
449 472 1
449 484 1
450 454 1
450 479 1
451 469 1
451 470 1
451 658 1
452 454 1
452 464 1
452 488 1
452 497 1
452 839 1
453 455 1
453 458 1
453 493 1
453 507 1
454 459 1
454 467 1
454 487 1
454 490 1
454 492 1
454 499 1
454 705 1
454 785 1
454 969 1
455 464 1
455 472 1
455 570 1
456 480 1
456 794 1
457 461 1
457 467 1
457 483 1
457 499 1
457 827 1
458 469 1
458 489 1
459 495 1
460 470 1
460 472 1
460 486 1
460 596 1
461 465 1
461 468 1
461 469 1
461 484 1
461 847 1
462 467 1
462 474 1
462 496 1
463 467 1
463 481 1
463 490 1
463 499 1
464 466 1
464 490 1
464 493 1
465 470 1
465 476 1
465 481 1
465 486 1
466 492 1
466 543 1
466 730 1
467 816 1
468 500 1
468 527 1
468 904 1
470 472 1
470 499 1
470 907 1
471 487 1
471 491 1
471 921 1
472 574 1
473 492 1
473 768 1
473 962 1
474 495 1
474 740 1
475 477 1
476 490 1
476 903 1
478 492 1
478 880 1
480 489 1
480 494 1
480 848 1
480 919 1
481 644 1
482 500 1
482 873 1
483 484 1
483 487 1
483 500 1
483 983 1
486 895 1
487 489 1
487 628 1
488 491 1
488 600 1
488 776 1
489 491 1
489 493 1
489 688 1
490 496 1
490 728 1
492 497 1
492 973 1
493 498 1
493 695 1
495 506 1
496 548 1
497 764 1
497 989 1
499 774 1
499 777 1
501 506 1
501 523 1
501 524 1
501 538 1
501 546 1
501 550 1
501 566 1
501 585 1
502 505 1
502 528 1
502 534 1
502 540 1
502 548 1
502 589 1
503 549 1
503 552 1
503 553 1
503 577 1
503 583 1
503 584 1
503 589 1
503 603 1
503 876 1
504 512 1
504 553 1
504 577 1
504 599 1
505 512 1
505 531 1
505 573 1
505 582 1
505 587 1
505 594 1
505 659 1
505 717 1
505 812 1
505 937 1
506 531 1
506 533 1
506 549 1
506 555 1
506 559 1
506 578 1
506 580 1
506 582 1
506 614 1
506 637 1
506 677 1
507 549 1
507 550 1
507 553 1
507 556 1
507 558 1
507 579 1
507 804 1
508 517 1
508 592 1
508 594 1
508 644 1
508 753 1
509 518 1
509 537 1
509 556 1
509 931 1
510 537 1
510 864 1
510 892 1
510 987 1
511 530 1
511 557 1
511 576 1
511 600 1
511 654 1
512 527 1
512 574 1
512 582 1
512 598 1
513 518 1
513 555 1
514 515 1
514 522 1
514 546 1
514 585 1
514 592 1
514 595 1
514 639 1
515 516 1
515 517 1
515 532 1
515 548 1
515 557 1
515 562 1
515 581 1
515 669 1
516 525 1
516 557 1
516 570 1
516 572 1
516 578 1
516 599 1
516 939 1
517 531 1
517 547 1
517 574 1
517 583 1
517 600 1
518 556 1
518 559 1
518 578 1
519 522 1
519 542 1
519 575 1
520 551 1
520 553 1
520 562 1
520 570 1
521 530 1
521 537 1
521 541 1
521 562 1
521 575 1
521 681 1
522 599 1
523 524 1
523 525 1
523 529 1
523 568 1
523 588 1
523 611 1
524 558 1
524 583 1
524 925 1
524 936 1
525 584 1
525 789 1
526 535 1
526 584 1
526 589 1
526 595 1
526 598 1
527 532 1
527 533 1
527 545 1
527 555 1
527 560 1
527 578 1
527 582 1
527 583 1
527 589 1
527 613 1
527 908 1
528 544 1
528 566 1
528 575 1
528 576 1
528 578 1
528 591 1
528 704 1
529 539 1
529 578 1
529 593 1
529 842 1
530 543 1
530 553 1
530 559 1
530 593 1
531 543 1
531 567 1
531 620 1
531 971 1
532 555 1
532 578 1
532 593 1
532 594 1
532 950 1
533 536 1
533 539 1
533 563 1
533 566 1
533 613 1
534 540 1
534 550 1
534 853 1
535 568 1
536 538 1
536 539 1
536 553 1
536 571 1
536 582 1
537 551 1
537 703 1
537 968 1
538 547 1
538 589 1
539 541 1
539 550 1
539 568 1
539 575 1
539 579 1
539 582 1
539 950 1
540 551 1
540 562 1
540 578 1
540 582 1
540 600 1
541 546 1
541 555 1
541 558 1
541 565 1
541 579 1
541 708 1
541 869 1
541 945 1
542 553 1
542 561 1
543 545 1
543 563 1
543 567 1
543 581 1
543 582 1
543 591 1
544 583 1
545 596 1
545 962 1
546 551 1
546 600 1
546 608 1
546 659 1
546 757 1
547 548 1
547 559 1
547 560 1
547 582 1
547 588 1
547 915 1
548 549 1
548 572 1
548 578 1
548 596 1
548 980 1
549 569 1
549 571 1
549 588 1
549 593 1
550 570 1
550 574 1
550 581 1
550 582 1
551 560 1
551 925 1
552 557 1
552 561 1
552 563 1
552 572 1
552 592 1
552 593 1
552 595 1
552 796 1
553 566 1
553 581 1
554 559 1
554 573 1
554 600 1
554 682 1
555 575 1
555 576 1
555 718 1
556 571 1
556 573 1
556 585 1
556 598 1
557 578 1
557 599 1
557 654 1
558 565 1
558 578 1
559 566 1
559 577 1
559 578 1
559 587 1
559 600 1
559 916 1
560 573 1
560 585 1
560 590 1
561 613 1
561 748 1
562 568 1
563 564 1
563 578 1
563 778 1
564 576 1
564 578 1
564 588 1
564 735 1
565 575 1
565 598 1
566 575 1
566 580 1
566 596 1
566 598 1
567 572 1
567 583 1
567 586 1
567 587 1
567 595 1
567 723 1
568 587 1
568 599 1
569 583 1
569 591 1
570 575 1
570 591 1
571 572 1
572 583 1
572 589 1
572 593 1
572 594 1
573 781 1
575 595 1
576 597 1
577 585 1
577 591 1
577 598 1
577 986 1
577 998 1
578 593 1
578 777 1
580 586 1
580 597 1
580 887 1
580 907 1
580 949 1
581 594 1
581 934 1
582 593 1
582 776 1
582 987 1
583 588 1
583 594 1
583 599 1
584 589 1
584 597 1
584 920 1
584 989 1
584 998 1
586 590 1
586 597 1
586 657 1
587 597 1
588 593 1
588 860 1
589 591 1
589 599 1
589 728 1
589 778 1
590 658 1
591 780 1
593 597 1
594 595 1
595 613 1
595 707 1
596 848 1
597 791 1
599 926 1
600 848 1
600 888 1
600 920 1
601 650 1
601 651 1
601 652 1
601 660 1
601 667 1
602 634 1
602 644 1
602 667 1
602 692 1
602 856 1
603 648 1
603 655 1
604 607 1
604 608 1
604 623 1
604 625 1
604 640 1
604 659 1
604 660 1
604 691 1
604 896 1
605 610 1
605 637 1
605 642 1
605 646 1
605 649 1
605 670 1
605 673 1
605 678 1
605 966 1
606 616 1
606 623 1
606 660 1
606 668 1
606 672 1
606 986 1
607 613 1
607 661 1
607 688 1
607 851 1
608 632 1
608 639 1
608 678 1
608 680 1
608 685 1
608 686 1
608 965 1
609 631 1
609 632 1
609 634 1
609 656 1
609 721 1
610 632 1
610 633 1
610 687 1
610 688 1
610 690 1
610 697 1
610 896 1
611 639 1
611 671 1
611 785 1
612 619 1
612 666 1
613 618 1
613 630 1
613 641 1
613 654 1
613 671 1
613 844 1
614 616 1
614 635 1
614 643 1
614 666 1
615 649 1
615 650 1
615 944 1
616 626 1
616 695 1
617 676 1
617 698 1
617 908 1
617 972 1
618 626 1
618 627 1
618 631 1
618 640 1
618 664 1
618 672 1
618 699 1
619 652 1
619 677 1
619 691 1
620 631 1
620 646 1
620 651 1
620 687 1
620 696 1
621 626 1
621 691 1
622 629 1
622 636 1
622 644 1
622 683 1
623 633 1
623 636 1
623 654 1
624 634 1
624 663 1
624 675 1
624 685 1
625 630 1
625 637 1
625 644 1
625 692 1
625 696 1
626 673 1
626 680 1
626 681 1
626 696 1
626 701 1
627 687 1
627 690 1
627 818 1
628 659 1
628 665 1
628 672 1
628 782 1
629 634 1
629 681 1
629 682 1
629 683 1
629 689 1
630 633 1
631 632 1
631 658 1
632 647 1
632 677 1
632 683 1
633 635 1
633 652 1
634 674 1
634 676 1
634 688 1
634 689 1
635 654 1
635 657 1
635 671 1
635 677 1
635 682 1
635 685 1
635 689 1
635 698 1
635 965 1
636 638 1
636 642 1
636 670 1
636 677 1
636 691 1
636 693 1
636 700 1
636 706 1
637 646 1
638 700 1
639 661 1
640 643 1
640 656 1
640 663 1
640 673 1
640 785 1
641 650 1
641 682 1
641 698 1
642 653 1
642 657 1
642 659 1
642 665 1
642 678 1
642 680 1
642 685 1
642 694 1
643 673 1
643 682 1
643 694 1
643 700 1
643 970 1
644 649 1
644 658 1
644 937 1
645 685 1
646 777 1
647 656 1
647 660 1
647 679 1
648 678 1
649 681 1
650 668 1
650 695 1
650 886 1
651 693 1
652 657 1
652 683 1
652 698 1
652 777 1
652 987 1
653 690 1
653 699 1
653 815 1
654 693 1
654 946 1
655 683 1
655 918 1
656 694 1
656 880 1
657 686 1
657 938 1
658 668 1
658 672 1
658 682 1
658 692 1
659 672 1
659 678 1
660 690 1
660 700 1
661 665 1
661 670 1
661 707 1
662 699 1
663 684 1
663 692 1
663 695 1
664 678 1
664 679 1
665 669 1
665 686 1
665 690 1
665 715 1
666 699 1
667 675 1
667 967 1
669 677 1
669 681 1
669 838 1
670 948 1
671 697 1
673 676 1
674 679 1
674 684 1
675 698 1
675 940 1
676 680 1
676 689 1
676 691 1
677 678 1
677 821 1
678 687 1
678 692 1
679 682 1
680 691 1
680 697 1
680 991 1
681 694 1
682 690 1
683 816 1
683 882 1
683 962 1
684 688 1
685 688 1
685 693 1
685 900 1
686 691 1
686 990 1
687 695 1
687 700 1
688 698 1
692 931 1
693 906 1
693 922 1
694 727 1
694 835 1
695 699 1
696 708 1
698 822 1
698 864 1
699 954 1
701 705 1
701 715 1
701 734 1
701 746 1
702 730 1
702 743 1
702 782 1
702 798 1
702 903 1
703 704 1
703 711 1
703 713 1
703 715 1
703 755 1
703 770 1
703 797 1
704 755 1
704 760 1
704 774 1
704 786 1
704 788 1
704 790 1
705 798 1
706 741 1
706 742 1
706 743 1
706 748 1
706 749 1
706 751 1
706 764 1
706 765 1
706 775 1
706 786 1
706 797 1
706 987 1
707 712 1
707 722 1
707 730 1
707 742 1
707 745 1
707 793 1
707 827 1
708 743 1
708 756 1
710 712 1
710 713 1
710 722 1
710 737 1
710 752 1
710 790 1
711 730 1
711 733 1
711 774 1
711 783 1
712 718 1
712 744 1
712 757 1
712 767 1
712 772 1
712 939 1
712 962 1
712 984 1
713 740 1
713 789 1
713 800 1
714 715 1
714 721 1
714 731 1
714 793 1
715 741 1
715 746 1
715 756 1
715 763 1
715 837 1
716 758 1
717 738 1
717 759 1
717 763 1
717 793 1
717 794 1
718 730 1
718 782 1
718 975 1
719 754 1
719 758 1
719 793 1
720 723 1
720 743 1
720 747 1
720 770 1
720 783 1
721 722 1
721 743 1
721 765 1
721 776 1
721 797 1
722 739 1
722 748 1
722 751 1
722 778 1
722 996 1
723 728 1
723 738 1
723 749 1
723 754 1
723 757 1
723 770 1
723 783 1
724 727 1
724 772 1
724 781 1
724 789 1
725 730 1
725 736 1
725 740 1
725 750 1
726 738 1
726 755 1
726 770 1
726 783 1
727 775 1
727 796 1
728 738 1
728 824 1
728 825 1
729 771 1
729 792 1
729 847 1
730 760 1
730 799 1
730 857 1
731 749 1
731 761 1
731 778 1
731 785 1
731 921 1
732 749 1
732 766 1
732 774 1
732 798 1
733 746 1
734 749 1
734 800 1
735 769 1
736 755 1
736 757 1
736 783 1
736 788 1
737 752 1
737 754 1
738 750 1
738 778 1
738 786 1
738 788 1
738 798 1
739 764 1
739 771 1
739 782 1
739 789 1
739 794 1
739 883 1
740 759 1
740 761 1
740 762 1
740 789 1
741 779 1
741 800 1
741 910 1
742 755 1
742 759 1
742 849 1
743 757 1
743 765 1
743 775 1
743 792 1
744 748 1
744 749 1
744 769 1
744 783 1
744 871 1
744 894 1
744 915 1
745 748 1
745 771 1
745 772 1
745 778 1
745 794 1
745 820 1
745 954 1
746 750 1
746 755 1
746 785 1
746 945 1
747 771 1
747 776 1
747 790 1
748 758 1
748 779 1
748 782 1
748 830 1
748 875 1
749 761 1
750 764 1
750 787 1
750 917 1
751 762 1
751 983 1
752 794 1
752 895 1
753 756 1
753 781 1
753 785 1
753 794 1
753 941 1
754 762 1
754 784 1
754 786 1
754 797 1
754 861 1
755 756 1
755 780 1
755 790 1
755 799 1
755 935 1
756 764 1
756 791 1
757 793 1
758 915 1
759 774 1
759 797 1
759 979 1
760 768 1
760 799 1
760 851 1
760 854 1
760 879 1
760 899 1
760 981 1
761 771 1
761 784 1
762 779 1
763 796 1
764 782 1
764 876 1
766 796 1
768 770 1
768 779 1
768 798 1
769 770 1
769 785 1
769 793 1
769 903 1
770 783 1
770 784 1
771 776 1
771 784 1
771 790 1
771 799 1
771 890 1
772 778 1
772 781 1
773 778 1
773 794 1
774 779 1
774 800 1
774 910 1
775 787 1
777 789 1
777 792 1
778 785 1
778 787 1
778 798 1
779 783 1
779 802 1
780 783 1
781 785 1
781 798 1
782 791 1
785 795 1
788 830 1
789 799 1
789 911 1
790 796 1
793 797 1
793 932 1
794 800 1
797 850 1
798 799 1
799 800 1
800 991 1
801 825 1
801 855 1
801 863 1
801 873 1
801 895 1
801 969 1
802 852 1
802 856 1
802 861 1
802 872 1
802 924 1
802 954 1
803 812 1
803 837 1
803 858 1
803 893 1
803 900 1
804 873 1
804 895 1
805 832 1
805 850 1
805 888 1
805 895 1
805 897 1
806 819 1
806 853 1
806 869 1
806 889 1
806 892 1
807 820 1
807 829 1
807 850 1
807 853 1
807 894 1
807 898 1
808 813 1
808 831 1
808 846 1
808 875 1
808 879 1
808 885 1
809 835 1
809 864 1
809 886 1
810 815 1
810 828 1
810 829 1
810 834 1
810 947 1
811 821 1
811 839 1
811 860 1
811 892 1
812 826 1
812 833 1
812 839 1
812 867 1
812 875 1
812 880 1
812 894 1
813 839 1
813 855 1
813 879 1
813 885 1
813 893 1
814 819 1
814 821 1
814 827 1
814 837 1
814 880 1
815 860 1
815 872 1
815 895 1
816 840 1
816 844 1
816 896 1
817 823 1
817 835 1
817 852 1
817 880 1
817 881 1
818 835 1
818 836 1
818 843 1
818 852 1
818 860 1
818 865 1
818 870 1
818 889 1
819 833 1
819 853 1
819 875 1
820 828 1
820 844 1
820 846 1
821 845 1
821 852 1
821 854 1
822 825 1
822 852 1
822 854 1
822 861 1
822 876 1
822 877 1
822 878 1
823 848 1
823 850 1
823 887 1
824 844 1
824 874 1
824 895 1
824 897 1
825 834 1
825 835 1
825 855 1
825 892 1
825 912 1
826 838 1
826 841 1
826 867 1
826 883 1
827 836 1
827 839 1
827 856 1
827 868 1
827 871 1
827 883 1
828 838 1
828 844 1
828 860 1
828 887 1
829 862 1
829 863 1
829 887 1
829 895 1
830 832 1
830 848 1
830 850 1
830 866 1
830 882 1
831 886 1
831 974 1
832 837 1
832 847 1
832 879 1
832 880 1
832 888 1
832 893 1
832 970 1
833 862 1
833 871 1
833 888 1
834 883 1
834 888 1
835 864 1
835 870 1
835 896 1
835 900 1
836 838 1
836 891 1
837 856 1
837 870 1
837 909 1
838 864 1
838 865 1
838 868 1
838 871 1
839 842 1
839 864 1
839 869 1
839 885 1
839 887 1
839 894 1
839 895 1
839 993 1
840 866 1
840 882 1
840 894 1
841 864 1
841 878 1
841 968 1
842 861 1
842 868 1
842 870 1
842 895 1
842 896 1
843 852 1
843 853 1
843 854 1
843 859 1
843 885 1
843 893 1
844 896 1
845 954 1
846 868 1
846 880 1
846 893 1
847 855 1
847 859 1
847 884 1
848 854 1
850 851 1
850 852 1
850 884 1
851 852 1
851 900 1
852 859 1
852 863 1
852 892 1
853 892 1
854 858 1
855 862 1
855 863 1
855 895 1
855 900 1
856 880 1
857 877 1
857 888 1
858 884 1
859 881 1
859 895 1
859 897 1
860 871 1
860 896 1
861 863 1
861 904 1
861 937 1
862 870 1
862 877 1
862 885 1
863 892 1
863 898 1
863 899 1
864 865 1
864 886 1
865 872 1
866 875 1
866 877 1
866 881 1
866 889 1
867 891 1
867 894 1
868 875 1
868 896 1
869 894 1
870 892 1
871 892 1
874 887 1
877 884 1
879 888 1
881 884 1
881 889 1
883 885 1
885 898 1
886 892 1
886 941 1
887 888 1
887 900 1
887 932 1
887 1000 1
888 889 1
888 897 1
890 898 1
891 898 1
892 899 1
894 979 1
896 941 1
897 898 1
901 918 1
901 923 1
901 965 1
902 986 1
903 931 1
903 950 1
903 964 1
903 987 1
904 933 1
904 976 1
905 906 1
905 917 1
905 938 1
905 951 1
905 982 1
906 916 1
906 945 1
906 965 1
906 977 1
906 995 1
907 927 1
907 942 1
908 911 1
908 924 1
908 932 1
908 945 1
908 959 1
908 966 1
909 944 1
909 946 1
909 961 1
909 977 1
909 989 1
910 950 1
910 992 1
911 920 1
911 927 1
911 942 1
911 945 1
911 975 1
911 999 1
912 967 1
912 992 1
912 994 1
912 996 1
912 998 1
913 943 1
913 955 1
913 956 1
914 917 1
914 973 1
915 952 1
915 990 1
916 920 1
916 931 1
916 934 1
916 960 1
916 977 1
916 979 1
917 919 1
917 920 1
917 953 1
917 969 1
917 970 1
917 979 1
918 920 1
918 958 1
918 964 1
919 923 1
919 964 1
919 971 1
920 924 1
920 942 1
920 954 1
920 972 1
920 989 1
920 998 1
921 944 1
921 947 1
921 992 1
921 1000 1
922 925 1
922 944 1
922 968 1
922 992 1
923 949 1
923 955 1
923 973 1
923 977 1
923 982 1
923 988 1
923 995 1
924 932 1
924 951 1
924 957 1
925 970 1
925 984 1
925 993 1
926 988 1
927 937 1
927 960 1
928 969 1
928 1000 1
929 933 1
929 935 1
929 942 1
929 950 1
929 951 1
930 956 1
930 969 1
931 984 1
932 998 1
933 934 1
933 985 1
933 986 1
933 994 1
934 961 1
934 987 1
934 999 1
935 942 1
935 949 1
935 978 1
935 980 1
935 986 1
935 997 1
936 943 1
936 959 1
936 981 1
937 960 1
938 939 1
938 962 1
938 971 1
938 977 1
938 978 1
939 976 1
939 985 1
940 942 1
940 962 1
940 967 1
940 986 1
940 987 1
940 988 1
940 993 1
940 994 1
941 959 1
941 965 1
942 953 1
942 959 1
942 999 1
943 969 1
944 975 1
944 987 1
945 954 1
945 967 1
945 969 1
945 970 1
945 982 1
945 987 1
945 988 1
945 995 1
945 997 1
946 952 1
946 988 1
946 998 1
947 989 1
947 992 1
947 995 1
948 983 1
949 974 1
950 974 1
950 982 1
951 958 1
951 968 1
951 981 1
951 987 1
951 989 1
952 960 1
952 966 1
953 975 1
953 980 1
953 994 1
954 959 1
954 962 1
954 965 1
954 970 1
955 958 1
955 967 1
955 978 1
955 982 1
956 980 1
956 991 1
956 994 1
957 958 1
957 963 1
957 995 1
957 998 1
957 999 1
958 962 1
959 973 1
959 990 1
959 994 1
959 995 1
960 972 1
960 987 1
961 972 1
961 986 1
962 963 1
962 968 1
962 976 1
962 978 1
964 975 1
964 979 1
964 998 1
965 967 1
965 979 1
966 972 1
966 974 1
966 987 1
966 989 1
968 974 1
969 985 1
970 987 1
971 984 1
971 985 1
971 995 1
973 979 1
973 987 1
974 989 1
975 987 1
975 994 1
975 1000 1
979 996 1
979 1000 1
980 996 1
981 998 1
982 983 1
983 992 1
984 986 1
985 986 1
986 989 1
986 990 1
988 995 1
991 995 1
991 1000 1
993 996 1
