1000 3447
1 29 1
1 41 1
1 56 1
1 73 1
1 83 1
2 17 1
2 35 1
2 40 1
2 222 1
2 298 1
2 614 1
3 23 1
3 42 1
3 46 1
3 51 1
3 62 1
3 71 1
3 93 1
3 99 1
3 244 1
4 27 1
4 28 1
4 40 1
4 44 1
4 46 1
4 95 1
4 462 1
4 653 1
5 65 1
5 72 1
5 80 1
5 186 1
5 600 1
5 615 1
5 894 1
5 896 1
6 24 1
6 29 1
6 56 1
6 265 1
6 521 1
7 21 1
7 91 1
7 440 1
7 452 1
7 987 1
8 16 1
8 19 1
8 47 1
8 67 1
8 243 1
9 10 1
9 43 1
9 83 1
9 87 1
9 90 1
9 92 1
9 97 1
9 178 1
9 236 1
9 282 1
9 564 1
10 17 1
10 34 1
10 50 1
10 608 1
10 655 1
10 1000 1
11 18 1
11 23 1
11 55 1
11 83 1
11 97 1
11 606 1
12 22 1
12 68 1
12 90 1
12 362 1
13 29 1
13 39 1
13 41 1
13 56 1
13 66 1
13 77 1
13 312 1
14 45 1
14 67 1
14 77 1
14 89 1
14 93 1
14 109 1
14 286 1
14 644 1
15 23 1
15 51 1
15 82 1
15 85 1
15 752 1
17 18 1
17 59 1
17 62 1
17 81 1
18 22 1
18 100 1
18 234 1
18 851 1
19 22 1
19 29 1
19 45 1
19 61 1
19 93 1
19 360 1
19 586 1
20 26 1
20 67 1
20 100 1
20 716 1
21 26 1
21 344 1
21 500 1
22 64 1
22 86 1
22 171 1
22 500 1
22 693 1
23 38 1
23 80 1
23 88 1
23 99 1
23 410 1
23 847 1
23 943 1
24 36 1
24 87 1
24 93 1
24 99 1
24 350 1
24 678 1
25 390 1
25 958 1
26 34 1
26 35 1
26 74 1
26 82 1
26 257 1
26 815 1
27 36 1
27 72 1
27 416 1
27 438 1
27 661 1
27 789 1
28 31 1
28 58 1
28 65 1
28 76 1
28 354 1
28 981 1
29 31 1
29 44 1
29 67 1
29 81 1
29 87 1
29 651 1
30 38 1
30 44 1
30 63 1
30 102 1
30 642 1
30 723 1
31 64 1
31 74 1
31 79 1
31 98 1
31 99 1
31 256 1
31 525 1
32 48 1
32 853 1
32 909 1
33 59 1
33 61 1
33 63 1
33 84 1
34 45 1
34 51 1
34 79 1
34 97 1
34 202 1
34 695 1
35 45 1
35 59 1
35 130 1
35 915 1
35 920 1
36 98 1
36 152 1
36 668 1
37 83 1
37 91 1
37 93 1
37 97 1
37 224 1
37 680 1
37 992 1
38 44 1
38 60 1
38 71 1
39 869 1
40 42 1
40 54 1
40 69 1
40 86 1
40 259 1
40 475 1
41 44 1
41 82 1
41 92 1
41 98 1
41 100 1
41 149 1
41 376 1
41 459 1
41 904 1
42 67 1
42 89 1
43 71 1
43 77 1
43 78 1
43 92 1
43 265 1
43 283 1
43 518 1
43 698 1
43 978 1
44 47 1
44 48 1
44 87 1
44 93 1
44 99 1
44 617 1
44 748 1
45 74 1
45 237 1
46 55 1
46 60 1
46 66 1
46 923 1
47 73 1
47 78 1
47 92 1
47 95 1
47 103 1
47 314 1
48 77 1
48 842 1
48 883 1
49 209 1
49 237 1
50 57 1
50 73 1
50 83 1
50 104 1
50 894 1
51 83 1
51 95 1
51 99 1
51 829 1
52 62 1
52 63 1
52 79 1
52 427 1
52 709 1
53 66 1
53 134 1
53 209 1
53 300 1
53 412 1
53 465 1
54 88 1
54 468 1
54 570 1
55 67 1
55 383 1
55 995 1
56 77 1
56 81 1
56 90 1
56 91 1
56 404 1
57 63 1
57 87 1
57 514 1
58 66 1
58 88 1
58 537 1
58 593 1
59 100 1
59 111 1
59 165 1
59 631 1
60 61 1
60 91 1
60 119 1
60 318 1
60 352 1
61 71 1
61 99 1
61 860 1
62 70 1
62 79 1
62 89 1
63 65 1
63 71 1
63 95 1
63 580 1
63 983 1
64 342 1
64 636 1
65 70 1
65 78 1
65 330 1
65 439 1
66 82 1
67 74 1
67 88 1
67 94 1
67 364 1
68 84 1
69 966 1
70 100 1
70 423 1
70 731 1
70 835 1
70 873 1
71 87 1
71 395 1
71 503 1
72 81 1
72 91 1
72 217 1
72 256 1
72 647 1
73 322 1
73 892 1
74 86 1
74 361 1
74 542 1
74 597 1
75 87 1
77 754 1
78 550 1
79 85 1
79 98 1
79 588 1
79 983 1
80 82 1
80 134 1
80 160 1
80 201 1
80 318 1
80 434 1
80 690 1
80 883 1
81 84 1
81 579 1
81 785 1
82 88 1
83 95 1
83 839 1
84 200 1
84 944 1
85 167 1
85 551 1
85 571 1
85 746 1
86 898 1
87 969 1
88 92 1
88 94 1
88 99 1
89 91 1
89 356 1
89 738 1
90 582 1
91 442 1
91 478 1
92 94 1
92 413 1
92 449 1
93 333 1
93 362 1
93 494 1
93 801 1
94 97 1
94 564 1
94 747 1
94 820 1
95 610 1
95 643 1
96 119 1
96 120 1
96 867 1
96 966 1
97 99 1
97 223 1
97 979 1
98 232 1
98 294 1
98 311 1
99 495 1
101 107 1
101 136 1
101 141 1
101 160 1
101 194 1
101 715 1
102 134 1
102 189 1
102 531 1
103 139 1
103 165 1
103 174 1
103 182 1
103 486 1
104 115 1
104 155 1
104 163 1
104 187 1
104 298 1
105 106 1
105 118 1
105 136 1
105 146 1
105 148 1
105 164 1
105 422 1
106 107 1
106 131 1
106 175 1
106 182 1
106 194 1
106 920 1
107 122 1
107 125 1
107 140 1
107 141 1
107 149 1
107 200 1
107 432 1
108 145 1
108 152 1
108 179 1
108 846 1
108 881 1
108 891 1
109 116 1
109 127 1
109 128 1
109 135 1
109 278 1
109 412 1
110 138 1
110 140 1
110 149 1
110 154 1
110 176 1
110 605 1
110 662 1
110 941 1
111 146 1
111 171 1
111 186 1
111 252 1
111 663 1
112 125 1
112 130 1
112 142 1
112 146 1
112 177 1
112 184 1
112 191 1
112 808 1
113 133 1
113 138 1
113 143 1
113 162 1
113 195 1
113 405 1
113 716 1
113 815 1
113 913 1
114 154 1
114 311 1
114 482 1
115 147 1
115 158 1
115 162 1
115 191 1
115 195 1
115 197 1
115 589 1
115 950 1
116 147 1
116 152 1
116 161 1
116 163 1
116 176 1
116 179 1
116 197 1
117 157 1
117 178 1
117 185 1
117 194 1
117 198 1
117 415 1
117 576 1
117 706 1
118 150 1
118 155 1
118 439 1
119 153 1
119 159 1
119 160 1
119 162 1
119 190 1
119 275 1
120 136 1
120 147 1
120 152 1
120 163 1
120 171 1
120 711 1
120 854 1
121 137 1
121 168 1
121 186 1
121 196 1
121 623 1
122 130 1
122 162 1
122 187 1
122 192 1
122 194 1
122 217 1
122 253 1
122 920 1
123 163 1
123 200 1
123 382 1
123 584 1
123 638 1
123 831 1
124 139 1
124 140 1
124 141 1
124 155 1
124 195 1
125 135 1
125 137 1
125 143 1
125 160 1
125 178 1
125 182 1
125 338 1
125 385 1
125 935 1
126 175 1
126 186 1
126 187 1
126 466 1
126 711 1
127 134 1
127 153 1
127 169 1
127 174 1
127 198 1
127 269 1
127 618 1
127 702 1
128 156 1
128 163 1
128 647 1
128 871 1
129 131 1
129 160 1
129 173 1
129 181 1
129 196 1
129 860 1
130 131 1
130 146 1
130 157 1
130 161 1
130 194 1
130 340 1
130 348 1
131 138 1
131 150 1
131 171 1
131 173 1
131 183 1
131 192 1
131 593 1
131 792 1
132 135 1
132 156 1
132 172 1
132 196 1
132 198 1
132 200 1
133 149 1
133 151 1
133 187 1
133 196 1
133 197 1
133 657 1
134 152 1
134 162 1
134 181 1
134 257 1
135 152 1
136 155 1
136 169 1
136 182 1
136 183 1
137 149 1
137 270 1
137 356 1
137 443 1
137 494 1
138 162 1
138 176 1
138 181 1
139 172 1
139 196 1
139 803 1
140 150 1
141 405 1
142 154 1
142 175 1
142 391 1
142 394 1
143 172 1
143 183 1
143 186 1
143 188 1
144 160 1
144 164 1
144 165 1
144 167 1
145 170 1
145 182 1
145 184 1
145 269 1
145 859 1
146 149 1
146 154 1
146 162 1
146 187 1
146 778 1
146 849 1
147 199 1
147 885 1
148 153 1
148 159 1
148 164 1
149 159 1
149 186 1
149 195 1
149 211 1
150 155 1
150 175 1
150 204 1
151 173 1
151 175 1
151 176 1
151 179 1
151 192 1
151 200 1
151 278 1
151 959 1
151 970 1
152 165 1
152 169 1
152 295 1
153 154 1
153 161 1
153 181 1
153 195 1
154 179 1
154 542 1
154 643 1
154 743 1
155 200 1
155 509 1
156 178 1
156 180 1
156 598 1
156 611 1
157 464 1
158 173 1
158 175 1
158 178 1
159 179 1
159 190 1
159 200 1
159 320 1
159 499 1
159 681 1
160 479 1
160 625 1
160 685 1
161 178 1
161 454 1
161 680 1
161 734 1
162 167 1
162 176 1
162 181 1
162 888 1
163 182 1
163 188 1
164 191 1
164 197 1
165 174 1
165 198 1
165 414 1
165 439 1
165 581 1
165 633 1
165 729 1
165 748 1
166 175 1
166 283 1
166 707 1
167 173 1
167 324 1
167 620 1
168 191 1
169 295 1
169 627 1
170 173 1
170 649 1
171 173 1
171 181 1
171 188 1
171 194 1
171 196 1
171 850 1
172 219 1
172 443 1
173 192 1
173 486 1
174 198 1
174 215 1
174 232 1
174 294 1
174 311 1
174 812 1
175 191 1
175 370 1
175 460 1
175 793 1
176 191 1
176 640 1
177 182 1
177 196 1
177 507 1
177 770 1
177 785 1
178 358 1
178 617 1
178 887 1
179 270 1
179 574 1
180 199 1
180 542 1
181 189 1
181 253 1
181 846 1
182 529 1
182 616 1
182 705 1
182 721 1
182 852 1
183 184 1
183 455 1
183 680 1
183 703 1
184 187 1
184 267 1
184 316 1
184 342 1
185 188 1
185 197 1
185 627 1
186 187 1
186 584 1
186 725 1
186 887 1
187 191 1
187 258 1
187 314 1
187 578 1
187 615 1
187 715 1
188 198 1
188 200 1
188 300 1
189 197 1
189 230 1
189 674 1
190 812 1
191 200 1
192 322 1
192 537 1
192 710 1
193 253 1
193 601 1
195 787 1
195 957 1
196 309 1
197 449 1
199 755 1
200 354 1
200 512 1
201 206 1
201 217 1
201 220 1
201 221 1
201 237 1
201 244 1
201 487 1
201 632 1
201 976 1
202 211 1
202 214 1
202 231 1
202 234 1
202 235 1
202 258 1
202 284 1
202 294 1
202 295 1
202 353 1
203 246 1
203 847 1
203 927 1
203 931 1
204 232 1
204 234 1
204 236 1
204 238 1
204 239 1
204 272 1
204 280 1
204 293 1
204 415 1
204 789 1
205 259 1
205 284 1
205 287 1
205 298 1
205 448 1
205 599 1
205 781 1
206 215 1
206 248 1
206 255 1
206 262 1
206 280 1
206 904 1
207 230 1
207 237 1
207 248 1
207 290 1
207 311 1
207 406 1
207 800 1
207 905 1
207 981 1
208 215 1
208 268 1
208 281 1
208 295 1
208 409 1
209 229 1
209 232 1
209 256 1
209 277 1
209 286 1
209 289 1
210 264 1
210 288 1
210 982 1
211 219 1
211 232 1
211 245 1
211 260 1
211 265 1
211 273 1
212 218 1
212 238 1
212 249 1
212 255 1
212 282 1
212 298 1
212 603 1
212 772 1
213 245 1
213 261 1
213 554 1
213 854 1
214 222 1
214 243 1
214 282 1
214 823 1
215 225 1
215 283 1
215 779 1
216 258 1
216 325 1
216 440 1
217 242 1
217 267 1
217 270 1
217 293 1
217 430 1
217 624 1
217 859 1
217 910 1
218 222 1
218 246 1
218 259 1
218 267 1
219 245 1
219 255 1
219 301 1
220 273 1
220 283 1
220 753 1
220 911 1
221 223 1
221 248 1
221 257 1
221 262 1
221 263 1
221 290 1
221 358 1
222 225 1
222 253 1
222 297 1
222 546 1
222 548 1
222 831 1
222 958 1
223 262 1
223 644 1
223 809 1
224 230 1
224 237 1
224 269 1
224 279 1
224 291 1
224 782 1
224 904 1
225 265 1
225 287 1
225 296 1
225 306 1
225 600 1
225 791 1
226 231 1
226 238 1
226 240 1
226 256 1
226 277 1
226 289 1
226 295 1
226 469 1
226 670 1
227 229 1
227 240 1
227 286 1
227 294 1
228 234 1
228 248 1
228 266 1
228 479 1
228 631 1
229 246 1
229 273 1
229 274 1
229 862 1
230 255 1
230 506 1
230 869 1
231 254 1
231 263 1
231 265 1
231 294 1
231 295 1
232 260 1
232 287 1
232 291 1
232 295 1
233 255 1
233 274 1
233 288 1
233 292 1
233 755 1
234 261 1
234 276 1
234 288 1
234 386 1
234 396 1
235 269 1
235 276 1
235 288 1
235 297 1
235 962 1
236 245 1
236 247 1
236 268 1
236 275 1
236 279 1
236 291 1
236 292 1
236 499 1
236 724 1
237 241 1
237 290 1
237 365 1
237 555 1
237 647 1
238 257 1
238 274 1
238 383 1
238 595 1
238 773 1
238 785 1
238 948 1
239 286 1
239 292 1
239 294 1
239 295 1
239 382 1
239 596 1
239 633 1
240 242 1
240 243 1
240 247 1
240 253 1
240 259 1
240 291 1
240 506 1
240 630 1
240 813 1
241 258 1
241 266 1
241 762 1
241 935 1
242 251 1
242 255 1
242 257 1
242 262 1
243 260 1
243 284 1
243 293 1
244 248 1
244 280 1
244 286 1
244 297 1
244 334 1
244 349 1
245 279 1
245 280 1
245 295 1
246 255 1
246 261 1
246 277 1
247 251 1
247 282 1
248 258 1
248 273 1
248 276 1
248 279 1
248 280 1
248 694 1
248 702 1
248 732 1
249 255 1
249 260 1
249 290 1
249 296 1
249 302 1
249 606 1
250 251 1
251 256 1
251 818 1
252 274 1
252 278 1
252 295 1
252 297 1
253 271 1
253 360 1
253 987 1
254 300 1
254 633 1
254 972 1
255 262 1
255 334 1
255 517 1
255 639 1
256 267 1
256 280 1
256 715 1
257 275 1
257 279 1
257 319 1
257 422 1
257 844 1
257 989 1
258 260 1
258 287 1
258 291 1
258 662 1
259 275 1
259 288 1
259 290 1
259 293 1
259 300 1
259 330 1
259 572 1
259 770 1
259 774 1
260 281 1
260 291 1
260 872 1
261 277 1
261 282 1
261 292 1
262 264 1
262 267 1
262 278 1
262 284 1
262 564 1
262 576 1
263 289 1
264 270 1
264 283 1
264 430 1
264 652 1
265 278 1
265 285 1
265 525 1
265 583 1
266 270 1
266 284 1
266 299 1
266 733 1
267 275 1
267 276 1
267 511 1
268 367 1
269 279 1
269 283 1
269 284 1
270 684 1
270 702 1
270 813 1
271 296 1
271 299 1
271 599 1
271 827 1
272 280 1
272 293 1
272 459 1
273 289 1
273 417 1
273 876 1
274 281 1
274 295 1
274 665 1
275 288 1
275 297 1
275 912 1
276 281 1
276 534 1
276 623 1
277 287 1
277 297 1
277 298 1
277 311 1
277 747 1
278 744 1
278 909 1
279 288 1
279 292 1
279 818 1
280 283 1
280 284 1
281 283 1
281 295 1
281 482 1
282 286 1
282 290 1
282 297 1
282 525 1
282 573 1
282 694 1
283 287 1
283 293 1
283 867 1
284 666 1
285 520 1
286 297 1
286 769 1
287 809 1
288 295 1
288 303 1
289 296 1
289 884 1
289 942 1
290 610 1
290 868 1
291 741 1
292 335 1
292 561 1
292 572 1
292 618 1
293 425 1
294 380 1
294 724 1
295 299 1
295 441 1
295 655 1
295 821 1
296 299 1
296 857 1
297 300 1
297 344 1
298 485 1
298 507 1
299 401 1
299 533 1
300 651 1
301 319 1
301 321 1
301 343 1
301 364 1
301 389 1
301 872 1
302 307 1
302 315 1
302 327 1
302 328 1
302 344 1
302 376 1
302 638 1
302 654 1
303 305 1
303 328 1
303 353 1
303 358 1
303 399 1
303 453 1
304 306 1
304 328 1
304 345 1
304 364 1
305 306 1
305 332 1
305 354 1
305 367 1
305 375 1
305 381 1
305 397 1
305 587 1
305 629 1
306 313 1
306 363 1
306 414 1
306 450 1
306 635 1
306 720 1
306 980 1
307 323 1
307 331 1
307 347 1
307 348 1
307 355 1
307 384 1
307 389 1
307 394 1
307 398 1
307 696 1
308 314 1
308 323 1
308 324 1
308 337 1
308 357 1
308 380 1
309 328 1
309 342 1
309 355 1
309 357 1
309 369 1
309 370 1
309 392 1
309 396 1
310 335 1
310 338 1
310 349 1
310 350 1
311 345 1
311 350 1
311 376 1
312 339 1
312 340 1
312 359 1
312 370 1
312 376 1
312 960 1
313 319 1
313 323 1
313 324 1
313 329 1
313 332 1
313 355 1
313 395 1
314 358 1
315 372 1
315 377 1
316 319 1
316 341 1
316 345 1
316 359 1
316 374 1
316 385 1
316 390 1
316 527 1
316 767 1
317 338 1
317 371 1
318 343 1
318 371 1
318 393 1
318 607 1
318 682 1
318 954 1
318 969 1
319 332 1
319 348 1
319 378 1
319 387 1
319 421 1
319 813 1
319 920 1
320 328 1
320 399 1
320 760 1
320 834 1
321 333 1
321 351 1
321 352 1
321 367 1
321 380 1
321 391 1
321 395 1
321 399 1
321 757 1
321 900 1
322 329 1
322 359 1
322 369 1
322 703 1
323 329 1
323 341 1
323 361 1
323 370 1
324 354 1
324 356 1
324 377 1
324 387 1
324 521 1
324 887 1
325 326 1
325 351 1
325 353 1
325 361 1
325 711 1
326 353 1
326 361 1
326 363 1
326 371 1
326 480 1
326 804 1
326 823 1
327 374 1
327 382 1
327 388 1
327 392 1
327 399 1
328 342 1
328 360 1
328 370 1
328 382 1
328 413 1
328 823 1
329 429 1
330 333 1
330 349 1
330 389 1
330 390 1
330 396 1
330 400 1
331 336 1
331 337 1
331 351 1
331 353 1
331 361 1
331 388 1
331 428 1
331 949 1
332 348 1
332 361 1
332 367 1
332 370 1
332 385 1
332 388 1
332 395 1
332 441 1
333 338 1
333 367 1
334 377 1
334 378 1
334 382 1
334 399 1
334 432 1
334 988 1
335 357 1
335 363 1
335 383 1
335 970 1
336 337 1
336 342 1
336 351 1
336 385 1
336 718 1
336 752 1
337 365 1
337 370 1
337 371 1
337 395 1
338 344 1
338 369 1
338 378 1
338 396 1
338 475 1
338 569 1
338 942 1
339 347 1
339 398 1
339 476 1
339 603 1
339 788 1
340 367 1
340 563 1
340 726 1
340 973 1
341 358 1
341 360 1
341 381 1
341 385 1
341 387 1
341 392 1
341 396 1
341 403 1
342 346 1
342 367 1
342 379 1
342 393 1
342 441 1
342 535 1
343 354 1
343 356 1
343 379 1
343 391 1
343 398 1
343 734 1
344 388 1
344 389 1
345 397 1
345 462 1
345 580 1
346 366 1
346 379 1
346 398 1
346 542 1
347 349 1
347 366 1
347 397 1
347 490 1
347 678 1
348 352 1
348 396 1
348 915 1
349 357 1
349 795 1
350 374 1
350 510 1
351 392 1
351 396 1
351 915 1
351 925 1
352 357 1
352 366 1
352 369 1
352 372 1
352 397 1
352 461 1
353 373 1
353 378 1
353 395 1
354 357 1
354 364 1
354 371 1
354 389 1
354 390 1
354 397 1
354 643 1
355 364 1
355 800 1
356 371 1
356 382 1
356 386 1
356 605 1
356 731 1
357 379 1
358 398 1
358 621 1
359 389 1
359 557 1
359 580 1
360 365 1
360 371 1
360 374 1
361 362 1
361 374 1
361 381 1
361 395 1
361 568 1
361 792 1
361 959 1
362 395 1
362 397 1
363 399 1
364 375 1
364 381 1
364 393 1
365 649 1
365 656 1
365 985 1
366 383 1
366 687 1
366 741 1
367 392 1
367 399 1
368 371 1
368 388 1
369 385 1
369 388 1
369 397 1
370 380 1
370 396 1
370 919 1
370 969 1
371 379 1
371 390 1
371 395 1
371 396 1
371 550 1
373 382 1
373 718 1
373 806 1
373 847 1
374 378 1
374 386 1
374 750 1
374 879 1
375 376 1
375 390 1
375 449 1
376 382 1
376 383 1
376 388 1
376 393 1
376 398 1
376 665 1
376 828 1
377 379 1
377 388 1
377 399 1
377 516 1
377 698 1
377 895 1
377 924 1
378 879 1
379 399 1
379 710 1
379 928 1
380 383 1
381 443 1
381 493 1
381 910 1
382 400 1
382 469 1
382 802 1
383 386 1
383 848 1
384 389 1
384 390 1
384 497 1
384 625 1
384 998 1
385 395 1
386 839 1
386 852 1
387 393 1
387 762 1
388 725 1
388 807 1
389 986 1
390 399 1
390 400 1
391 394 1
392 397 1
393 780 1
393 797 1
394 611 1
396 542 1
396 802 1
396 831 1
397 646 1
398 764 1
400 485 1
400 791 1
401 402 1
401 478 1
401 493 1
401 497 1
401 499 1
401 699 1
402 411 1
402 423 1
402 428 1
402 440 1
402 441 1
402 454 1
402 462 1
402 484 1
403 420 1
403 428 1
403 429 1
403 444 1
404 422 1
404 446 1
404 453 1
404 493 1
405 448 1
405 468 1
405 966 1
406 860 1
407 449 1
407 462 1
407 465 1
407 479 1
407 793 1
408 425 1
408 440 1
408 469 1
408 478 1
408 489 1
408 493 1
408 998 1
409 416 1
409 437 1
409 448 1
409 464 1
409 481 1
409 732 1
410 423 1
410 428 1
410 436 1
410 446 1
410 452 1
410 461 1
410 472 1
410 485 1
410 502 1
411 418 1
411 449 1
411 452 1
411 465 1
412 434 1
412 439 1
412 463 1
412 472 1
412 473 1
412 477 1
412 541 1
412 588 1
412 648 1
413 436 1
413 440 1
413 443 1
413 448 1
413 462 1
413 479 1
413 481 1
413 487 1
413 491 1
413 584 1
414 438 1
414 442 1
414 446 1
414 464 1
415 489 1
415 497 1
416 440 1
416 442 1
416 443 1
417 421 1
417 434 1
417 435 1
417 444 1
417 465 1
417 478 1
417 769 1
417 797 1
418 429 1
418 447 1
418 463 1
418 468 1
418 484 1
418 610 1
419 442 1
419 464 1
419 494 1
419 776 1
419 838 1
420 422 1
420 455 1
420 956 1
421 428 1
421 438 1
421 525 1
421 596 1
421 782 1
421 852 1
421 950 1
422 428 1
422 447 1
422 456 1
422 485 1
422 676 1
423 434 1
423 448 1
423 468 1
423 480 1
423 872 1
424 440 1
424 442 1
424 484 1
425 426 1
425 438 1
425 493 1
425 549 1
425 646 1
426 453 1
426 456 1
426 464 1
426 487 1
426 553 1
427 485 1
428 459 1
428 464 1
428 475 1
428 477 1
428 480 1
428 488 1
428 580 1
429 430 1
429 435 1
429 443 1
429 447 1
429 455 1
429 492 1
429 579 1
429 612 1
429 767 1
430 450 1
430 466 1
430 468 1
430 488 1
430 840 1
431 481 1
431 485 1
431 646 1
431 910 1
432 456 1
432 466 1
432 500 1
432 932 1
433 481 1
433 483 1
433 490 1
433 542 1
434 468 1
434 490 1
434 491 1
434 498 1
435 443 1
435 475 1
435 487 1
436 448 1
436 959 1
437 480 1
437 493 1
437 777 1
438 496 1
439 448 1
439 460 1
439 462 1
439 474 1
439 483 1
439 488 1
439 490 1
440 449 1
440 453 1
440 456 1
440 483 1
441 449 1
441 456 1
441 468 1
441 484 1
441 928 1
442 456 1
442 640 1
443 444 1
443 450 1
443 459 1
443 473 1
443 937 1
444 489 1
444 673 1
444 945 1
445 454 1
445 459 1
445 461 1
445 498 1
445 546 1
445 870 1
445 885 1
446 486 1
446 490 1
446 854 1
447 911 1
447 972 1
448 475 1
448 484 1
449 468 1
449 494 1
450 487 1
450 495 1
450 498 1
451 495 1
451 499 1
451 723 1
452 496 1
453 458 1
453 484 1
453 487 1
453 729 1
454 472 1
454 474 1
454 487 1
454 895 1
455 463 1
455 472 1
455 477 1
455 492 1
456 485 1
456 864 1
457 479 1
457 690 1
457 887 1
457 914 1
458 463 1
458 470 1
458 476 1
458 686 1
459 466 1
459 467 1
459 489 1
459 491 1
459 492 1
459 500 1
460 465 1
460 482 1
460 484 1
460 487 1
460 882 1
461 498 1
461 942 1
462 464 1
462 468 1
464 917 1
465 467 1
465 481 1
465 508 1
465 630 1
465 745 1
467 472 1
467 479 1
467 505 1
468 478 1
468 487 1
468 536 1
468 943 1
469 867 1
470 473 1
470 494 1
470 733 1
470 825 1
471 475 1
471 479 1
471 491 1
471 494 1
471 524 1
471 633 1
472 474 1
474 493 1
475 490 1
475 589 1
475 700 1
476 484 1
476 489 1
476 497 1
476 862 1
477 484 1
477 602 1
477 845 1
478 479 1
478 487 1
478 495 1
478 760 1
478 806 1
479 485 1
479 498 1
479 500 1
479 532 1
479 582 1
479 856 1
480 493 1
480 908 1
481 490 1
481 498 1
482 486 1
482 831 1
483 994 1
484 489 1
484 492 1
485 534 1
485 542 1
485 585 1
486 821 1
487 846 1
488 496 1
488 499 1
488 609 1
489 500 1
489 629 1
489 652 1
490 906 1
491 498 1
492 493 1
492 496 1
493 832 1
494 497 1
494 655 1
494 657 1
494 861 1
495 728 1
495 864 1
495 934 1
496 542 1
497 801 1
498 726 1
498 868 1
499 708 1
499 733 1
500 704 1
501 514 1
501 516 1
501 519 1
501 524 1
501 527 1
501 533 1
501 555 1
501 962 1
502 510 1
502 512 1
502 536 1
502 548 1
502 551 1
502 560 1
503 531 1
503 587 1
503 592 1
503 974 1
504 505 1
504 516 1
504 519 1
504 537 1
504 542 1
504 570 1
504 608 1
505 512 1
505 532 1
505 553 1
505 564 1
505 571 1
505 576 1
505 577 1
505 588 1
505 659 1
506 517 1
506 532 1
506 548 1
506 568 1
506 578 1
507 508 1
507 518 1
507 546 1
507 572 1
507 591 1
508 511 1
508 525 1
508 547 1
508 548 1
508 560 1
508 595 1
509 510 1
509 527 1
509 529 1
509 599 1
510 512 1
510 515 1
510 522 1
511 518 1
511 530 1
511 531 1
511 533 1
511 570 1
511 583 1
511 584 1
511 589 1
511 593 1
511 753 1
511 762 1
512 513 1
512 521 1
512 526 1
512 533 1
512 546 1
512 555 1
512 587 1
513 540 1
513 545 1
513 582 1
514 519 1
514 522 1
514 531 1
514 538 1
514 545 1
514 577 1
514 592 1
514 598 1
514 836 1
515 537 1
515 538 1
515 542 1
515 544 1
515 554 1
515 558 1
515 931 1
516 521 1
516 526 1
516 534 1
516 547 1
516 565 1
516 575 1
516 578 1
516 583 1
516 595 1
517 520 1
517 527 1
517 595 1
518 538 1
518 539 1
518 582 1
518 915 1
519 524 1
519 550 1
519 576 1
519 583 1
519 586 1
519 594 1
519 615 1
519 777 1
519 900 1
519 961 1
520 802 1
520 803 1
521 535 1
521 538 1
521 567 1
521 570 1
521 575 1
521 583 1
522 558 1
522 594 1
522 627 1
523 552 1
523 563 1
524 526 1
524 535 1
524 554 1
524 557 1
524 560 1
524 585 1
524 600 1
524 626 1
525 533 1
525 552 1
525 564 1
525 572 1
525 591 1
526 590 1
526 610 1
526 790 1
526 913 1
527 545 1
527 563 1
527 565 1
527 588 1
528 540 1
528 563 1
528 568 1
528 586 1
528 590 1
528 593 1
528 630 1
528 957 1
529 531 1
529 556 1
529 590 1
530 533 1
530 546 1
530 571 1
530 583 1
530 591 1
531 544 1
531 861 1
532 534 1
532 540 1
532 563 1
532 565 1
532 589 1
532 600 1
532 920 1
532 970 1
533 546 1
533 586 1
534 573 1
534 575 1
535 579 1
535 581 1
535 587 1
535 677 1
535 827 1
536 574 1
536 794 1
536 863 1
537 538 1
537 567 1
537 592 1
537 886 1
538 560 1
538 568 1
538 594 1
538 706 1
539 552 1
539 561 1
539 590 1
540 566 1
540 570 1
540 589 1
540 954 1
541 545 1
541 570 1
541 574 1
541 581 1
542 569 1
542 573 1
542 577 1
542 910 1
543 545 1
543 579 1
543 608 1
544 551 1
544 575 1
545 556 1
545 560 1
545 577 1
545 596 1
546 575 1
547 581 1
547 731 1
548 566 1
548 572 1
548 573 1
548 578 1
548 587 1
549 575 1
550 552 1
550 558 1
550 582 1
550 584 1
550 586 1
552 560 1
552 562 1
552 584 1
553 558 1
553 566 1
553 584 1
553 585 1
553 810 1
553 965 1
554 597 1
555 566 1
555 578 1
555 579 1
556 597 1
556 693 1
557 574 1
558 578 1
558 593 1
558 722 1
558 874 1
559 572 1
559 580 1
559 599 1
560 561 1
560 564 1
560 572 1
560 597 1
560 841 1
560 928 1
560 979 1
561 571 1
561 582 1
561 600 1
562 569 1
562 583 1
562 614 1
563 577 1
563 887 1
564 570 1
564 571 1
565 571 1
565 615 1
566 573 1
567 584 1
567 593 1
568 575 1
568 652 1
568 799 1
569 573 1
570 599 1
571 589 1
571 600 1
572 574 1
572 588 1
573 590 1
573 592 1
573 593 1
574 589 1
574 594 1
574 731 1
576 595 1
576 597 1
578 652 1
578 983 1
579 596 1
579 769 1
580 581 1
580 817 1
581 598 1
582 586 1
582 595 1
583 588 1
585 587 1
586 957 1
589 593 1
589 597 1
589 891 1
589 930 1
590 599 1
591 598 1
591 600 1
591 614 1
591 998 1
592 609 1
592 785 1
595 800 1
595 813 1
597 690 1
597 704 1
597 990 1
599 635 1
599 913 1
600 801 1
601 603 1
601 614 1
601 629 1
601 654 1
601 693 1
601 698 1
601 716 1
601 983 1
602 612 1
602 643 1
602 697 1
603 615 1
603 626 1
603 641 1
603 652 1
603 656 1
603 677 1
603 691 1
604 623 1
604 643 1
605 624 1
605 666 1
605 669 1
606 608 1
606 613 1
606 639 1
606 643 1
606 649 1
606 651 1
606 678 1
606 680 1
607 615 1
607 630 1
607 632 1
607 637 1
607 696 1
607 709 1
608 617 1
608 631 1
608 634 1
608 668 1
608 684 1
608 727 1
609 610 1
609 614 1
609 648 1
609 685 1
609 687 1
609 809 1
610 620 1
610 622 1
610 643 1
610 649 1
610 670 1
610 803 1
611 627 1
611 651 1
611 659 1
611 667 1
611 671 1
611 694 1
612 678 1
612 688 1
612 759 1
613 691 1
614 646 1
614 648 1
614 656 1
614 665 1
614 677 1
614 685 1
614 695 1
614 699 1
614 845 1
615 641 1
615 663 1
615 680 1
615 758 1
616 665 1
616 666 1
616 669 1
616 689 1
616 731 1
617 645 1
617 651 1
617 655 1
617 667 1
617 674 1
617 693 1
617 729 1
617 746 1
618 654 1
618 686 1
618 697 1
618 849 1
618 899 1
619 621 1
619 623 1
619 630 1
619 648 1
619 680 1
619 687 1
619 696 1
620 624 1
620 625 1
620 632 1
620 637 1
620 653 1
620 679 1
621 624 1
622 677 1
622 691 1
622 821 1
623 654 1
623 663 1
623 664 1
623 673 1
623 678 1
623 693 1
624 625 1
624 627 1
624 645 1
624 654 1
624 662 1
624 675 1
624 684 1
625 643 1
625 645 1
625 648 1
625 698 1
625 779 1
626 629 1
626 638 1
626 689 1
627 640 1
627 649 1
627 653 1
629 630 1
629 632 1
629 647 1
629 657 1
629 668 1
629 681 1
629 692 1
629 852 1
629 892 1
630 639 1
630 667 1
630 676 1
630 694 1
630 698 1
631 650 1
631 687 1
631 923 1
632 638 1
632 645 1
632 671 1
632 681 1
632 689 1
632 842 1
633 636 1
633 657 1
633 677 1
633 691 1
634 655 1
634 683 1
634 684 1
636 638 1
636 648 1
636 654 1
636 698 1
637 638 1
637 641 1
637 664 1
637 700 1
637 766 1
638 647 1
638 651 1
638 697 1
638 985 1
639 640 1
639 661 1
639 677 1
639 686 1
639 693 1
639 696 1
640 697 1
640 699 1
641 650 1
641 658 1
641 660 1
641 662 1
641 664 1
641 688 1
641 918 1
642 644 1
642 686 1
642 692 1
643 645 1
643 648 1
643 665 1
643 667 1
643 697 1
643 776 1
643 937 1
644 662 1
644 682 1
645 648 1
645 661 1
645 694 1
645 697 1
645 877 1
645 899 1
646 649 1
646 662 1
646 664 1
646 674 1
646 678 1
646 679 1
646 694 1
647 656 1
647 676 1
648 650 1
648 655 1
648 656 1
648 669 1
648 731 1
650 662 1
650 667 1
650 670 1
650 685 1
650 693 1
651 675 1
651 679 1
651 689 1
651 691 1
651 694 1
651 807 1
652 662 1
652 677 1
652 683 1
652 689 1
652 699 1
652 772 1
652 801 1
653 655 1
653 698 1
653 978 1
654 723 1
655 664 1
656 660 1
656 675 1
656 676 1
656 684 1
657 662 1
658 660 1
658 700 1
660 667 1
660 669 1
660 675 1
660 699 1
660 814 1
661 665 1
661 670 1
661 689 1
661 784 1
662 685 1
662 825 1
662 841 1
663 671 1
663 855 1
664 667 1
664 749 1
664 786 1
665 669 1
665 675 1
665 679 1
665 697 1
665 713 1
666 687 1
666 689 1
667 679 1
667 686 1
668 669 1
670 803 1
670 899 1
670 971 1
671 676 1
671 677 1
672 674 1
672 685 1
672 695 1
674 678 1
675 684 1
676 680 1
676 681 1
676 690 1
677 684 1
677 698 1
678 680 1
678 685 1
679 689 1
679 741 1
679 892 1
680 697 1
680 980 1
680 981 1
681 762 1
683 696 1
683 698 1
684 803 1
685 809 1
686 691 1
686 879 1
688 695 1
688 861 1
689 695 1
689 734 1
690 981 1
691 700 1
692 693 1
694 884 1
696 697 1
698 856 1
698 958 1
701 716 1
701 725 1
701 784 1
701 793 1
702 729 1
702 751 1
702 760 1
702 766 1
703 716 1
703 726 1
703 748 1
703 765 1
703 769 1
703 785 1
704 729 1
704 735 1
704 765 1
704 772 1
704 785 1
704 787 1
705 710 1
705 712 1
705 715 1
705 719 1
705 729 1
705 737 1
705 781 1
705 864 1
706 756 1
706 766 1
706 785 1
706 928 1
707 760 1
707 762 1
707 769 1
708 719 1
708 735 1
708 765 1
709 710 1
709 716 1
709 717 1
709 733 1
709 742 1
709 769 1
709 778 1
710 712 1
710 772 1
710 796 1
710 919 1
711 726 1
711 743 1
711 745 1
711 751 1
711 775 1
711 854 1
711 884 1
711 995 1
712 714 1
712 721 1
712 743 1
712 744 1
712 764 1
713 719 1
713 736 1
713 752 1
713 776 1
713 798 1
713 841 1
714 728 1
714 729 1
714 732 1
714 741 1
714 744 1
714 747 1
714 769 1
714 777 1
714 785 1
714 790 1
714 795 1
714 799 1
715 736 1
715 746 1
715 756 1
715 839 1
716 732 1
716 742 1
716 745 1
716 799 1
717 799 1
718 754 1
718 772 1
718 795 1
719 726 1
719 740 1
719 748 1
719 776 1
719 787 1
720 755 1
720 769 1
720 793 1
721 769 1
721 770 1
721 858 1
722 788 1
723 795 1
724 903 1
725 752 1
725 759 1
725 774 1
726 746 1
726 748 1
726 775 1
726 798 1
726 824 1
727 734 1
727 758 1
727 763 1
727 764 1
727 774 1
728 732 1
728 735 1
728 790 1
729 746 1
729 748 1
729 755 1
729 767 1
729 781 1
729 800 1
729 849 1
730 756 1
730 785 1
730 787 1
730 961 1
731 737 1
731 744 1
731 747 1
731 760 1
731 771 1
731 773 1
731 796 1
731 797 1
732 750 1
732 754 1
733 768 1
733 793 1
733 828 1
734 738 1
734 758 1
734 799 1
734 827 1
735 742 1
735 747 1
735 771 1
735 841 1
736 751 1
736 765 1
736 773 1
736 783 1
737 769 1
737 781 1
737 784 1
737 933 1
738 779 1
738 860 1
739 756 1
739 776 1
739 783 1
739 786 1
739 790 1
740 745 1
740 766 1
740 784 1
741 749 1
741 767 1
741 769 1
741 794 1
741 800 1
741 841 1
743 747 1
743 762 1
743 763 1
744 763 1
744 764 1
744 796 1
745 775 1
745 827 1
746 767 1
746 769 1
746 786 1
747 750 1
747 754 1
747 773 1
747 795 1
748 767 1
748 775 1
748 792 1
748 795 1
748 815 1
749 750 1
749 751 1
749 787 1
749 793 1
749 818 1
749 926 1
750 779 1
751 792 1
752 778 1
752 798 1
753 869 1
753 875 1
754 764 1
755 758 1
755 770 1
755 828 1
756 772 1
756 784 1
757 772 1
757 831 1
758 778 1
758 780 1
758 786 1
758 804 1
759 792 1
759 799 1
761 778 1
761 796 1
761 798 1
761 955 1
762 775 1
764 778 1
764 794 1
765 773 1
765 777 1
765 796 1
766 789 1
766 793 1
767 785 1
770 799 1
771 774 1
771 791 1
772 780 1
773 789 1
773 959 1
775 785 1
775 791 1
775 866 1
776 782 1
777 788 1
778 998 1
779 789 1
781 984 1
783 787 1
784 788 1
784 799 1
784 800 1
785 790 1
786 935 1
787 788 1
788 790 1
788 799 1
790 865 1
790 868 1
791 793 1
791 797 1
791 873 1
792 800 1
793 800 1
797 800 1
797 865 1
801 803 1
801 825 1
801 843 1
801 874 1
801 892 1
801 919 1
802 805 1
802 819 1
802 849 1
802 864 1
802 878 1
802 884 1
802 889 1
803 804 1
803 805 1
803 808 1
803 813 1
803 827 1
803 838 1
803 857 1
803 900 1
804 809 1
804 812 1
804 821 1
804 826 1
804 833 1
804 870 1
804 891 1
805 830 1
805 871 1
806 812 1
806 825 1
806 874 1
806 883 1
806 896 1
807 808 1
807 821 1
807 826 1
807 834 1
807 864 1
807 886 1
808 843 1
808 856 1
808 883 1
808 892 1
809 829 1
809 844 1
809 853 1
809 855 1
809 882 1
809 890 1
809 907 1
810 831 1
810 864 1
810 867 1
811 818 1
811 865 1
811 868 1
811 896 1
812 824 1
812 827 1
812 852 1
812 899 1
813 818 1
813 861 1
814 856 1
814 875 1
814 882 1
815 829 1
815 832 1
815 857 1
815 860 1
815 862 1
815 875 1
816 900 1
817 831 1
817 838 1
817 846 1
817 847 1
817 853 1
817 857 1
817 861 1
817 877 1
817 900 1
817 910 1
818 849 1
818 851 1
818 863 1
819 823 1
819 827 1
819 958 1
820 828 1
820 844 1
820 853 1
820 861 1
820 885 1
821 852 1
821 865 1
822 845 1
822 864 1
822 872 1
822 883 1
823 862 1
823 878 1
824 826 1
824 831 1
824 853 1
824 857 1
824 860 1
824 866 1
824 874 1
824 878 1
824 899 1
825 826 1
825 840 1
825 853 1
825 889 1
826 827 1
826 829 1
826 845 1
826 865 1
826 899 1
827 833 1
827 868 1
828 833 1
828 834 1
828 838 1
828 857 1
828 880 1
829 845 1
829 879 1
829 954 1
830 868 1
831 867 1
831 871 1
831 877 1
831 888 1
832 873 1
832 882 1
833 837 1
833 838 1
833 839 1
833 840 1
833 844 1
833 851 1
833 858 1
833 861 1
833 890 1
833 995 1
834 836 1
834 842 1
834 843 1
834 846 1
834 856 1
834 863 1
834 884 1
835 841 1
835 846 1
835 856 1
835 879 1
835 999 1
836 877 1
836 885 1
836 891 1
837 838 1
837 845 1
837 863 1
837 884 1
837 895 1
838 851 1
838 856 1
838 862 1
838 868 1
838 876 1
838 884 1
838 894 1
838 897 1
839 849 1
839 861 1
839 867 1
839 898 1
840 864 1
840 898 1
840 904 1
841 845 1
841 870 1
841 982 1
842 858 1
843 858 1
843 884 1
844 863 1
845 861 1
845 944 1
846 871 1
846 896 1
846 900 1
846 937 1
847 856 1
847 869 1
847 999 1
848 852 1
848 875 1
848 894 1
850 855 1
850 885 1
851 886 1
851 961 1
851 990 1
852 980 1
853 856 1
854 870 1
854 873 1
854 931 1
854 956 1
855 893 1
855 925 1
856 863 1
856 883 1
856 941 1
857 879 1
857 964 1
858 879 1
859 862 1
859 863 1
859 864 1
859 871 1
860 875 1
860 896 1
861 911 1
862 873 1
862 881 1
862 901 1
863 966 1
864 880 1
865 886 1
865 906 1
865 975 1
866 871 1
866 873 1
866 883 1
866 890 1
866 948 1
868 869 1
868 877 1
868 900 1
869 887 1
869 893 1
870 880 1
870 881 1
871 940 1
871 964 1
873 898 1
874 885 1
875 891 1
876 896 1
878 880 1
878 899 1
879 881 1
879 898 1
882 982 1
885 918 1
886 900 1
886 948 1
889 899 1
895 899 1
895 931 1
899 961 1
900 913 1
901 996 1
902 922 1
902 950 1
902 953 1
902 977 1
903 906 1
903 949 1
903 966 1
903 969 1
903 976 1
903 981 1
904 923 1
904 926 1
904 940 1
904 948 1
904 982 1
904 995 1
905 936 1
905 959 1
905 961 1
905 990 1
906 910 1
906 945 1
907 917 1
907 936 1
907 957 1
907 961 1
907 966 1
907 968 1
907 977 1
907 984 1
908 915 1
908 947 1
908 960 1
909 910 1
909 927 1
909 937 1
909 943 1
909 965 1
909 977 1
909 989 1
910 918 1
910 927 1
910 928 1
910 974 1
910 995 1
911 919 1
911 940 1
911 950 1
911 952 1
911 957 1
911 972 1
912 971 1
912 984 1
912 985 1
913 915 1
913 930 1
913 959 1
913 976 1
913 985 1
914 918 1
914 939 1
914 948 1
914 955 1
914 966 1
914 968 1
914 970 1
914 973 1
915 925 1
915 991 1
916 920 1
916 936 1
916 937 1
916 940 1
916 943 1
916 980 1
916 997 1
916 998 1
916 999 1
917 926 1
917 947 1
917 954 1
917 971 1
918 925 1
918 932 1
918 938 1
918 984 1
919 928 1
919 952 1
919 968 1
919 993 1
920 929 1
920 933 1
920 935 1
920 982 1
921 934 1
921 935 1
921 945 1
921 998 1
922 966 1
922 988 1
923 925 1
923 927 1
923 991 1
924 938 1
924 960 1
924 961 1
924 988 1
924 989 1
925 929 1
925 933 1
925 973 1
926 930 1
926 948 1
926 962 1
926 975 1
926 977 1
926 985 1
927 944 1
927 961 1
927 966 1
927 981 1
927 994 1
928 956 1
928 965 1
928 996 1
928 998 1
929 974 1
929 975 1
929 979 1
929 981 1
929 988 1
930 955 1
930 971 1
930 985 1
931 937 1
931 950 1
931 958 1
931 965 1
931 997 1
932 1000 1
933 940 1
933 943 1
933 944 1
933 979 1
934 947 1
934 955 1
934 959 1
934 980 1
934 992 1
935 940 1
935 962 1
935 971 1
935 976 1
936 942 1
936 951 1
936 967 1
936 983 1
936 998 1
936 999 1
937 994 1
938 949 1
938 988 1
939 968 1
939 981 1
939 993 1
940 944 1
940 949 1
940 953 1
940 976 1
940 982 1
941 961 1
942 944 1
942 952 1
942 955 1
942 982 1
943 972 1
943 984 1
944 995 1
945 949 1
945 968 1
945 972 1
946 974 1
947 963 1
947 974 1
948 984 1
948 989 1
949 954 1
950 979 1
950 1000 1
951 963 1
951 975 1
951 994 1
952 961 1
952 982 1
952 997 1
952 999 1
953 963 1
953 980 1
954 973 1
954 986 1
954 992 1
955 987 1
957 959 1
957 970 1
957 994 1
958 979 1
958 983 1
959 962 1
960 1000 1
962 981 1
962 999 1
963 1000 1
964 969 1
965 968 1
965 971 1
965 973 1
965 977 1
965 984 1
965 993 1
965 995 1
966 967 1
966 975 1
967 980 1
968 970 1
968 974 1
970 990 1
970 994 1
971 1000 1
972 999 1
973 994 1
976 987 1
977 981 1
977 989 1
980 983 1
980 984 1
980 990 1
984 987 1
984 1000 1
985 996 1
985 998 1
986 990 1
988 992 1
989 1000 1
992 1000 1
995 996 1
995 997 1
996 998 1
997 999 1
