1000 3456
1 84 1
1 92 1
1 93 1
1 270 1
1 608 1
2 26 1
2 30 1
2 62 1
2 78 1
2 91 1
2 414 1
2 994 1
3 28 1
3 39 1
3 63 1
3 81 1
3 82 1
3 614 1
3 648 1
4 5 1
4 18 1
4 36 1
4 41 1
4 54 1
4 83 1
4 399 1
4 778 1
5 12 1
5 22 1
5 39 1
5 49 1
5 55 1
5 56 1
5 75 1
5 84 1
5 103 1
6 20 1
6 24 1
6 37 1
6 57 1
6 94 1
6 494 1
6 683 1
7 37 1
7 39 1
7 69 1
7 93 1
7 97 1
7 99 1
7 371 1
7 383 1
8 35 1
8 43 1
8 87 1
8 100 1
8 139 1
8 895 1
8 999 1
9 15 1
9 27 1
9 30 1
9 37 1
9 70 1
9 75 1
9 76 1
9 92 1
9 93 1
10 15 1
10 21 1
10 33 1
10 67 1
10 84 1
10 89 1
10 306 1
11 63 1
11 65 1
11 66 1
11 71 1
11 75 1
11 92 1
11 351 1
11 400 1
11 766 1
11 771 1
11 992 1
12 25 1
12 61 1
12 69 1
12 242 1
12 317 1
12 449 1
12 532 1
12 981 1
13 87 1
13 94 1
13 715 1
13 756 1
14 52 1
14 64 1
14 694 1
15 42 1
15 57 1
15 59 1
15 74 1
15 100 1
15 154 1
15 371 1
16 20 1
16 27 1
16 31 1
16 40 1
16 52 1
16 53 1
16 61 1
16 67 1
16 69 1
16 70 1
16 85 1
16 99 1
16 104 1
16 520 1
16 838 1
17 21 1
17 41 1
17 60 1
17 70 1
17 78 1
17 79 1
17 84 1
17 88 1
17 177 1
18 22 1
18 45 1
18 60 1
18 75 1
18 95 1
18 539 1
19 27 1
19 36 1
19 38 1
19 43 1
19 74 1
19 85 1
19 88 1
19 99 1
19 134 1
19 237 1
19 611 1
19 743 1
19 811 1
19 833 1
20 34 1
20 35 1
20 37 1
20 58 1
20 67 1
20 96 1
20 283 1
20 400 1
20 711 1
21 44 1
21 99 1
21 694 1
22 37 1
22 51 1
22 75 1
22 93 1
22 547 1
22 925 1
23 56 1
23 77 1
23 79 1
23 260 1
23 726 1
23 935 1
24 25 1
24 40 1
24 77 1
24 93 1
24 473 1
25 44 1
25 62 1
25 72 1
26 40 1
26 79 1
26 95 1
26 526 1
26 741 1
27 39 1
27 65 1
27 292 1
27 355 1
27 895 1
28 65 1
28 96 1
28 727 1
29 32 1
29 55 1
29 69 1
29 70 1
29 272 1
29 412 1
29 620 1
29 842 1
30 52 1
30 64 1
30 531 1
31 74 1
31 86 1
31 375 1
31 530 1
31 694 1
31 798 1
31 803 1
32 46 1
32 52 1
32 62 1
32 75 1
32 86 1
33 53 1
33 60 1
33 64 1
33 81 1
33 91 1
33 403 1
33 899 1
33 905 1
34 43 1
34 77 1
34 83 1
34 93 1
35 37 1
35 56 1
35 57 1
35 82 1
35 572 1
35 583 1
36 75 1
36 347 1
36 425 1
36 491 1
36 553 1
36 925 1
37 44 1
37 68 1
37 93 1
38 42 1
38 75 1
38 94 1
38 105 1
38 131 1
38 257 1
38 329 1
39 62 1
39 64 1
39 79 1
39 85 1
39 190 1
39 783 1
39 874 1
40 50 1
40 58 1
40 66 1
40 78 1
40 99 1
41 78 1
41 80 1
41 408 1
41 547 1
41 566 1
42 76 1
42 860 1
43 49 1
43 84 1
43 97 1
43 260 1
43 661 1
43 714 1
43 863 1
44 62 1
44 81 1
44 95 1
44 98 1
44 148 1
44 289 1
44 780 1
44 894 1
45 52 1
45 135 1
45 588 1
45 820 1
45 888 1
46 86 1
46 333 1
46 665 1
47 52 1
47 60 1
47 62 1
47 69 1
47 74 1
47 82 1
47 97 1
47 318 1
47 401 1
48 59 1
48 78 1
48 92 1
48 97 1
48 98 1
48 187 1
48 473 1
48 621 1
49 65 1
49 75 1
49 77 1
49 489 1
49 928 1
50 89 1
50 99 1
50 455 1
51 58 1
51 63 1
51 97 1
51 353 1
51 356 1
51 370 1
51 619 1
51 986 1
52 68 1
53 192 1
53 233 1
53 265 1
53 280 1
53 294 1
53 851 1
54 589 1
54 745 1
54 971 1
55 63 1
55 80 1
55 81 1
55 93 1
56 97 1
56 125 1
56 388 1
56 588 1
57 65 1
57 92 1
57 99 1
57 574 1
57 580 1
57 800 1
58 78 1
58 81 1
58 87 1
58 875 1
59 63 1
59 89 1
59 170 1
60 66 1
60 71 1
60 94 1
61 74 1
61 79 1
61 510 1
61 745 1
61 771 1
62 86 1
62 97 1
63 82 1
63 83 1
63 979 1
64 84 1
64 99 1
64 114 1
64 272 1
64 853 1
65 86 1
65 94 1
65 96 1
65 619 1
65 810 1
66 70 1
66 95 1
66 96 1
66 787 1
67 71 1
67 73 1
67 88 1
67 433 1
67 764 1
68 650 1
69 75 1
69 84 1
69 96 1
69 244 1
69 767 1
69 918 1
70 100 1
70 603 1
70 702 1
71 80 1
71 100 1
71 245 1
72 75 1
72 77 1
72 78 1
72 97 1
72 979 1
73 441 1
74 82 1
74 287 1
74 549 1
74 995 1
75 78 1
75 81 1
75 88 1
75 92 1
75 178 1
75 235 1
75 513 1
75 915 1
76 80 1
76 84 1
76 519 1
76 883 1
77 84 1
77 89 1
77 253 1
77 601 1
78 79 1
78 91 1
78 627 1
78 647 1
78 892 1
79 94 1
79 95 1
79 567 1
79 700 1
79 764 1
79 778 1
80 86 1
80 87 1
80 88 1
80 244 1
82 89 1
82 96 1
82 649 1
82 812 1
83 955 1
84 85 1
84 612 1
85 532 1
86 94 1
86 613 1
86 774 1
87 98 1
87 453 1
88 89 1
88 194 1
88 481 1
89 982 1
90 96 1
90 274 1
90 903 1
91 400 1
91 690 1
91 873 1
91 905 1
92 121 1
92 460 1
92 674 1
93 100 1
93 404 1
93 406 1
95 99 1
95 114 1
95 161 1
96 284 1
96 870 1
96 966 1
98 263 1
100 263 1
101 107 1
101 111 1
101 114 1
101 130 1
101 144 1
101 149 1
101 154 1
101 158 1
101 162 1
101 184 1
101 197 1
101 198 1
101 246 1
101 710 1
102 110 1
102 167 1
102 195 1
102 214 1
102 323 1
102 769 1
103 139 1
103 150 1
103 274 1
103 768 1
104 162 1
104 175 1
104 181 1
104 184 1
104 342 1
104 697 1
104 978 1
105 108 1
105 109 1
105 114 1
105 122 1
105 123 1
105 149 1
105 166 1
105 312 1
105 443 1
106 111 1
106 117 1
106 134 1
106 135 1
106 153 1
106 175 1
106 208 1
106 361 1
106 622 1
107 116 1
107 140 1
107 144 1
107 165 1
107 292 1
108 145 1
108 149 1
108 159 1
108 189 1
108 197 1
108 198 1
108 227 1
108 680 1
108 712 1
109 111 1
109 130 1
109 135 1
109 180 1
109 440 1
109 814 1
110 119 1
110 133 1
110 147 1
110 157 1
110 163 1
110 168 1
110 426 1
110 848 1
110 972 1
111 283 1
111 530 1
112 132 1
112 148 1
112 190 1
112 191 1
112 196 1
112 964 1
113 142 1
113 156 1
113 163 1
113 252 1
113 460 1
113 551 1
114 127 1
114 145 1
114 151 1
114 152 1
114 157 1
114 187 1
114 193 1
115 135 1
115 188 1
115 190 1
115 198 1
115 884 1
116 118 1
116 142 1
116 146 1
116 147 1
116 488 1
116 494 1
116 808 1
117 121 1
117 182 1
118 121 1
118 465 1
118 844 1
118 920 1
118 933 1
119 143 1
119 145 1
119 159 1
119 194 1
119 389 1
119 627 1
120 133 1
120 147 1
120 149 1
120 153 1
120 167 1
120 168 1
120 188 1
120 192 1
120 798 1
121 153 1
121 181 1
121 183 1
121 189 1
121 297 1
121 479 1
121 618 1
121 817 1
122 127 1
122 143 1
122 153 1
122 163 1
122 199 1
123 126 1
123 129 1
123 136 1
123 143 1
123 165 1
123 172 1
123 215 1
123 331 1
123 589 1
124 162 1
124 166 1
124 173 1
126 162 1
126 196 1
127 184 1
127 191 1
127 512 1
128 136 1
128 156 1
128 188 1
128 862 1
128 874 1
129 134 1
129 147 1
129 180 1
129 181 1
129 186 1
129 381 1
129 385 1
130 136 1
130 150 1
130 155 1
130 685 1
131 139 1
131 141 1
131 183 1
131 184 1
131 189 1
131 196 1
132 163 1
132 183 1
132 184 1
132 544 1
133 153 1
133 172 1
133 602 1
134 160 1
134 193 1
135 149 1
135 163 1
135 165 1
136 974 1
137 171 1
137 175 1
137 177 1
137 219 1
137 500 1
138 155 1
138 620 1
138 733 1
139 158 1
140 151 1
140 182 1
140 388 1
140 515 1
140 603 1
140 911 1
141 184 1
141 197 1
141 331 1
141 994 1
142 164 1
142 170 1
142 177 1
142 185 1
142 194 1
142 229 1
143 233 1
143 828 1
144 157 1
144 168 1
144 176 1
144 182 1
145 152 1
145 163 1
145 166 1
145 176 1
145 638 1
146 169 1
146 194 1
147 150 1
147 152 1
147 157 1
147 174 1
147 187 1
147 191 1
148 174 1
148 193 1
148 194 1
148 557 1
149 162 1
149 174 1
149 186 1
149 319 1
149 443 1
149 986 1
150 165 1
150 407 1
150 851 1
151 153 1
151 158 1
151 160 1
151 182 1
152 164 1
152 168 1
152 180 1
152 194 1
152 484 1
152 708 1
153 155 1
153 167 1
153 187 1
154 173 1
154 188 1
154 421 1
154 470 1
154 724 1
154 763 1
155 166 1
155 187 1
155 195 1
155 196 1
155 307 1
155 514 1
155 911 1
156 179 1
156 189 1
156 888 1
157 167 1
157 168 1
157 196 1
158 180 1
158 194 1
158 313 1
158 820 1
159 183 1
159 189 1
159 342 1
160 171 1
160 183 1
160 307 1
160 459 1
160 559 1
160 818 1
160 966 1
161 164 1
161 183 1
161 563 1
161 733 1
162 168 1
162 170 1
162 174 1
162 187 1
162 199 1
162 597 1
162 712 1
162 839 1
163 165 1
163 173 1
163 184 1
163 454 1
164 179 1
164 180 1
164 219 1
164 648 1
165 173 1
165 192 1
165 271 1
165 672 1
165 705 1
166 183 1
166 187 1
166 727 1
166 971 1
167 192 1
167 299 1
167 484 1
167 673 1
168 198 1
168 400 1
168 768 1
169 172 1
169 184 1
169 192 1
170 185 1
170 219 1
170 345 1
170 657 1
170 763 1
171 180 1
171 322 1
171 608 1
171 662 1
171 843 1
171 933 1
172 178 1
172 691 1
172 756 1
173 198 1
173 230 1
173 873 1
174 196 1
174 200 1
174 452 1
174 961 1
175 215 1
175 872 1
175 911 1
176 190 1
176 333 1
177 210 1
177 288 1
177 743 1
177 815 1
178 199 1
178 368 1
178 447 1
178 554 1
179 191 1
179 384 1
180 195 1
180 476 1
180 678 1
180 804 1
181 197 1
181 538 1
181 875 1
182 486 1
183 430 1
183 629 1
184 196 1
184 199 1
184 336 1
184 390 1
185 197 1
185 337 1
186 199 1
186 245 1
187 272 1
187 661 1
187 945 1
188 196 1
188 431 1
188 499 1
188 561 1
189 197 1
189 513 1
193 330 1
193 846 1
194 198 1
194 199 1
194 586 1
195 258 1
195 445 1
195 864 1
196 435 1
197 352 1
200 706 1
201 218 1
201 232 1
201 235 1
201 253 1
201 259 1
201 279 1
201 298 1
201 299 1
201 307 1
201 491 1
201 520 1
202 205 1
202 245 1
202 248 1
202 272 1
202 689 1
203 252 1
203 261 1
203 262 1
203 269 1
203 298 1
203 347 1
203 828 1
203 936 1
204 217 1
204 225 1
204 226 1
204 254 1
204 269 1
204 279 1
204 293 1
204 326 1
204 542 1
204 983 1
205 206 1
205 214 1
205 229 1
205 245 1
205 276 1
205 385 1
205 707 1
206 251 1
206 264 1
206 270 1
206 285 1
206 288 1
207 265 1
207 289 1
207 624 1
208 635 1
209 212 1
209 229 1
209 231 1
209 243 1
209 264 1
209 271 1
209 284 1
209 287 1
209 586 1
210 264 1
210 299 1
211 241 1
211 247 1
211 254 1
211 676 1
211 976 1
212 229 1
212 230 1
212 232 1
212 237 1
212 238 1
212 256 1
212 258 1
212 283 1
212 495 1
212 886 1
212 929 1
213 268 1
213 272 1
213 294 1
213 984 1
214 288 1
214 290 1
214 324 1
215 219 1
215 244 1
215 262 1
215 272 1
216 239 1
216 245 1
216 273 1
216 281 1
216 299 1
216 408 1
216 504 1
216 964 1
217 285 1
217 857 1
218 271 1
218 272 1
218 280 1
218 282 1
218 669 1
219 230 1
219 284 1
220 222 1
220 225 1
220 231 1
220 278 1
221 225 1
221 237 1
221 243 1
221 271 1
221 273 1
221 284 1
221 292 1
221 293 1
221 298 1
221 616 1
222 238 1
222 246 1
222 248 1
222 249 1
222 254 1
222 422 1
222 521 1
222 897 1
223 228 1
223 235 1
223 534 1
223 966 1
224 243 1
224 258 1
224 275 1
224 280 1
224 629 1
225 234 1
225 271 1
225 277 1
225 937 1
226 239 1
226 280 1
226 283 1
226 314 1
227 243 1
227 279 1
227 297 1
228 232 1
228 244 1
228 246 1
228 257 1
228 295 1
229 241 1
229 720 1
229 771 1
230 233 1
230 235 1
230 245 1
230 253 1
230 265 1
230 267 1
230 268 1
230 286 1
230 290 1
230 946 1
231 238 1
231 261 1
231 293 1
231 535 1
231 611 1
232 236 1
232 249 1
232 255 1
232 267 1
232 276 1
232 299 1
233 256 1
233 273 1
233 278 1
233 723 1
233 813 1
233 896 1
234 242 1
234 249 1
234 251 1
234 285 1
234 296 1
234 509 1
234 547 1
235 263 1
235 710 1
235 890 1
236 258 1
236 260 1
236 287 1
236 353 1
236 518 1
237 242 1
237 256 1
237 269 1
237 282 1
237 297 1
237 622 1
237 687 1
238 242 1
238 257 1
238 290 1
238 293 1
238 340 1
239 248 1
239 249 1
239 265 1
239 497 1
239 618 1
239 852 1
239 991 1
240 292 1
240 438 1
240 653 1
241 262 1
241 291 1
241 292 1
241 638 1
241 768 1
242 248 1
242 250 1
242 253 1
242 293 1
242 532 1
242 669 1
242 677 1
243 249 1
243 279 1
243 374 1
243 569 1
244 246 1
244 275 1
244 282 1
244 283 1
244 296 1
244 824 1
245 250 1
245 257 1
245 879 1
246 249 1
246 257 1
247 268 1
247 270 1
247 271 1
247 626 1
247 889 1
248 289 1
248 968 1
249 250 1
249 252 1
249 256 1
249 264 1
249 272 1
249 279 1
249 288 1
249 484 1
250 266 1
250 272 1
250 289 1
250 424 1
250 899 1
251 273 1
251 677 1
252 260 1
252 296 1
253 264 1
253 268 1
253 555 1
254 255 1
254 259 1
254 283 1
254 294 1
255 260 1
255 282 1
255 493 1
255 628 1
255 704 1
256 271 1
256 933 1
257 265 1
258 263 1
258 274 1
258 282 1
258 300 1
258 600 1
259 290 1
259 297 1
259 593 1
259 777 1
259 905 1
259 940 1
260 264 1
260 532 1
260 600 1
261 262 1
261 286 1
261 426 1
262 274 1
262 283 1
262 399 1
263 282 1
263 755 1
263 889 1
264 271 1
264 272 1
264 292 1
264 296 1
264 394 1
264 477 1
264 573 1
264 610 1
264 694 1
264 849 1
265 279 1
265 283 1
265 297 1
266 297 1
266 958 1
267 273 1
267 278 1
268 277 1
268 612 1
269 281 1
269 288 1
269 655 1
269 838 1
270 282 1
270 294 1
271 290 1
271 497 1
271 523 1
271 630 1
273 288 1
273 307 1
273 661 1
274 280 1
274 282 1
274 284 1
274 298 1
274 755 1
275 278 1
275 279 1
275 490 1
275 873 1
276 280 1
276 294 1
276 295 1
276 299 1
276 861 1
277 289 1
278 279 1
278 394 1
278 550 1
279 286 1
279 396 1
280 521 1
281 282 1
281 469 1
281 869 1
283 339 1
284 291 1
284 707 1
285 300 1
285 500 1
287 289 1
288 494 1
290 601 1
290 644 1
290 714 1
290 738 1
291 300 1
293 549 1
293 871 1
294 599 1
295 539 1
295 604 1
297 439 1
297 590 1
298 790 1
298 794 1
299 414 1
300 860 1
301 318 1
301 325 1
301 327 1
301 347 1
301 351 1
301 355 1
301 360 1
301 373 1
301 375 1
301 384 1
301 390 1
301 394 1
301 747 1
302 305 1
302 314 1
302 345 1
302 354 1
302 361 1
302 370 1
302 377 1
302 381 1
302 395 1
302 532 1
302 959 1
302 960 1
303 335 1
303 378 1
303 385 1
303 391 1
303 400 1
304 362 1
304 380 1
304 385 1
304 389 1
304 438 1
304 920 1
304 941 1
305 347 1
305 357 1
305 358 1
306 335 1
306 343 1
306 360 1
306 375 1
306 698 1
307 370 1
307 391 1
307 393 1
307 478 1
307 623 1
307 866 1
308 323 1
308 399 1
309 310 1
309 314 1
309 367 1
309 384 1
309 765 1
310 319 1
310 329 1
310 330 1
310 335 1
310 352 1
310 363 1
310 376 1
310 397 1
310 400 1
311 320 1
311 335 1
311 373 1
311 393 1
312 338 1
312 363 1
312 691 1
313 329 1
313 331 1
313 375 1
313 681 1
314 319 1
314 380 1
314 396 1
315 331 1
315 394 1
315 398 1
316 350 1
316 377 1
316 858 1
317 319 1
317 326 1
317 332 1
317 339 1
317 373 1
317 642 1
318 329 1
318 346 1
318 357 1
318 361 1
318 379 1
318 385 1
318 388 1
318 392 1
318 396 1
318 495 1
319 325 1
319 336 1
319 733 1
319 824 1
319 880 1
319 919 1
320 325 1
320 354 1
320 361 1
320 391 1
321 330 1
321 338 1
321 345 1
321 346 1
321 360 1
321 679 1
322 636 1
322 693 1
322 777 1
322 823 1
322 866 1
323 351 1
323 368 1
323 381 1
323 388 1
324 327 1
324 387 1
324 392 1
324 968 1
325 336 1
325 352 1
325 372 1
325 378 1
325 389 1
325 557 1
326 350 1
326 351 1
326 365 1
326 372 1
326 380 1
326 800 1
327 331 1
327 332 1
327 336 1
327 413 1
328 336 1
328 357 1
328 363 1
328 386 1
328 411 1
328 742 1
329 340 1
329 519 1
329 559 1
330 375 1
330 386 1
330 393 1
330 647 1
330 732 1
331 362 1
331 385 1
331 765 1
332 347 1
332 360 1
332 363 1
332 376 1
332 383 1
332 392 1
332 395 1
332 436 1
332 479 1
332 481 1
332 713 1
333 349 1
334 357 1
334 383 1
334 399 1
334 494 1
334 918 1
335 491 1
335 617 1
336 359 1
336 368 1
336 384 1
336 385 1
336 398 1
337 354 1
337 355 1
337 372 1
337 377 1
337 387 1
337 388 1
337 973 1
338 372 1
338 391 1
339 357 1
339 382 1
339 385 1
339 424 1
339 473 1
339 733 1
340 347 1
340 362 1
340 372 1
340 388 1
340 627 1
341 377 1
341 389 1
341 494 1
342 343 1
342 379 1
342 393 1
342 737 1
342 787 1
343 356 1
343 879 1
344 381 1
344 848 1
345 348 1
345 397 1
345 453 1
345 882 1
346 349 1
346 355 1
346 360 1
346 386 1
346 427 1
347 357 1
347 371 1
347 531 1
347 813 1
347 926 1
348 352 1
348 353 1
348 373 1
348 376 1
348 397 1
349 358 1
349 394 1
350 555 1
351 388 1
351 390 1
351 398 1
351 887 1
352 354 1
352 370 1
352 372 1
352 387 1
352 421 1
352 442 1
353 355 1
353 381 1
353 383 1
353 400 1
353 958 1
354 358 1
354 370 1
354 374 1
354 387 1
354 391 1
354 396 1
354 880 1
355 372 1
355 384 1
355 395 1
355 397 1
355 431 1
355 504 1
355 556 1
355 631 1
355 950 1
356 381 1
357 396 1
357 567 1
358 366 1
358 400 1
359 374 1
359 387 1
359 924 1
360 377 1
360 391 1
361 363 1
361 369 1
361 372 1
361 653 1
361 702 1
362 373 1
363 400 1
363 848 1
364 385 1
364 399 1
364 824 1
365 368 1
365 373 1
365 965 1
366 389 1
366 390 1
366 617 1
366 990 1
367 380 1
367 387 1
367 822 1
368 937 1
369 379 1
369 396 1
370 385 1
370 389 1
370 391 1
370 938 1
370 999 1
372 375 1
372 389 1
372 392 1
372 397 1
372 641 1
372 677 1
373 386 1
373 521 1
373 631 1
374 380 1
374 388 1
374 412 1
374 457 1
374 799 1
374 899 1
375 779 1
377 379 1
377 384 1
377 446 1
377 897 1
378 400 1
378 607 1
379 395 1
380 394 1
380 787 1
381 394 1
381 663 1
382 540 1
382 829 1
383 386 1
383 391 1
383 396 1
383 530 1
385 398 1
385 549 1
385 739 1
386 642 1
387 389 1
387 447 1
387 755 1
387 934 1
388 391 1
388 395 1
388 859 1
389 574 1
392 557 1
393 399 1
394 395 1
396 752 1
399 400 1
399 619 1
400 854 1
401 443 1
401 494 1
401 853 1
402 432 1
402 436 1
402 446 1
402 450 1
402 459 1
402 473 1
402 489 1
402 758 1
402 943 1
402 964 1
403 435 1
403 489 1
403 490 1
403 779 1
403 818 1
403 998 1
404 418 1
404 450 1
404 461 1
404 475 1
404 478 1
404 483 1
405 413 1
405 415 1
405 420 1
405 427 1
405 439 1
405 727 1
405 834 1
405 904 1
406 409 1
406 411 1
406 436 1
406 488 1
406 496 1
406 613 1
406 742 1
407 427 1
407 434 1
407 466 1
407 468 1
407 504 1
407 573 1
407 721 1
407 792 1
408 422 1
408 444 1
408 452 1
408 455 1
408 474 1
408 498 1
408 828 1
409 442 1
409 446 1
409 483 1
409 558 1
409 574 1
409 922 1
410 469 1
410 819 1
411 417 1
411 435 1
411 452 1
411 461 1
411 486 1
411 492 1
411 494 1
411 696 1
412 414 1
412 491 1
412 553 1
413 426 1
413 445 1
413 460 1
413 467 1
413 470 1
413 479 1
413 598 1
413 652 1
414 428 1
414 449 1
414 456 1
414 475 1
414 486 1
414 494 1
414 926 1
415 420 1
415 485 1
415 494 1
416 444 1
416 450 1
416 454 1
416 462 1
416 484 1
417 456 1
417 496 1
417 688 1
417 696 1
418 445 1
418 448 1
418 456 1
418 481 1
418 482 1
418 700 1
419 421 1
419 424 1
419 441 1
419 444 1
419 464 1
419 467 1
419 596 1
419 623 1
419 827 1
420 431 1
420 446 1
420 489 1
420 495 1
420 500 1
420 738 1
421 429 1
421 488 1
421 492 1
421 493 1
421 907 1
422 449 1
422 452 1
422 490 1
422 498 1
423 459 1
423 462 1
423 475 1
423 485 1
423 830 1
424 441 1
424 454 1
424 463 1
424 477 1
424 548 1
424 736 1
425 439 1
425 448 1
425 568 1
425 602 1
425 631 1
425 881 1
426 465 1
426 467 1
426 475 1
426 491 1
426 547 1
427 438 1
428 434 1
428 441 1
428 450 1
428 452 1
428 472 1
428 494 1
428 499 1
428 723 1
429 466 1
429 474 1
429 487 1
430 446 1
430 449 1
430 478 1
431 437 1
431 440 1
431 477 1
431 483 1
431 859 1
431 907 1
431 923 1
433 440 1
433 445 1
433 451 1
433 468 1
433 679 1
433 802 1
434 439 1
434 442 1
434 458 1
434 461 1
434 483 1
434 489 1
434 954 1
435 447 1
435 456 1
435 467 1
435 477 1
435 484 1
435 499 1
435 968 1
436 446 1
436 486 1
436 493 1
437 438 1
437 459 1
437 464 1
437 489 1
438 467 1
438 493 1
438 498 1
439 460 1
439 468 1
439 490 1
439 495 1
439 548 1
439 613 1
439 684 1
439 719 1
439 798 1
440 444 1
440 470 1
441 443 1
441 490 1
441 871 1
441 879 1
442 490 1
442 538 1
443 458 1
443 461 1
443 472 1
443 488 1
443 493 1
443 638 1
444 466 1
444 475 1
445 462 1
445 472 1
445 478 1
445 493 1
445 497 1
445 541 1
445 987 1
446 455 1
446 457 1
446 494 1
446 867 1
447 448 1
447 517 1
447 829 1
448 470 1
448 475 1
448 484 1
448 494 1
449 778 1
450 454 1
450 459 1
450 473 1
450 773 1
450 805 1
451 469 1
451 483 1
451 494 1
451 657 1
451 784 1
451 860 1
452 456 1
452 490 1
452 526 1
453 889 1
454 482 1
454 791 1
454 1000 1
455 495 1
455 497 1
456 475 1
456 497 1
457 460 1
457 498 1
458 460 1
458 476 1
458 499 1
459 500 1
459 547 1
459 635 1
460 463 1
460 481 1
460 540 1
461 469 1
461 473 1
461 492 1
462 469 1
462 470 1
462 474 1
462 482 1
462 571 1
463 473 1
463 481 1
463 836 1
464 607 1
465 474 1
465 483 1
465 485 1
465 823 1
465 827 1
466 468 1
466 484 1
466 487 1
466 580 1
466 760 1
467 479 1
467 498 1
467 832 1
468 483 1
468 491 1
469 491 1
469 496 1
469 763 1
469 916 1
470 482 1
470 486 1
470 498 1
471 475 1
471 486 1
472 489 1
472 494 1
472 498 1
473 526 1
473 811 1
474 484 1
474 493 1
474 495 1
475 604 1
476 483 1
476 485 1
477 478 1
477 939 1
478 493 1
479 481 1
480 485 1
481 492 1
481 493 1
481 973 1
482 496 1
482 500 1
483 498 1
483 817 1
484 536 1
486 493 1
486 497 1
487 497 1
487 499 1
488 547 1
488 788 1
491 493 1
494 651 1
495 685 1
496 537 1
496 675 1
498 718 1
500 517 1
500 672 1
500 871 1
501 506 1
501 520 1
501 527 1
501 567 1
501 570 1
501 571 1
501 574 1
501 583 1
501 592 1
502 524 1
502 533 1
502 551 1
502 571 1
502 572 1
503 580 1
503 587 1
503 590 1
503 595 1
504 507 1
504 531 1
504 538 1
504 599 1
505 517 1
505 519 1
505 527 1
505 535 1
505 948 1
506 508 1
506 509 1
506 528 1
506 529 1
506 600 1
506 852 1
506 945 1
507 527 1
507 532 1
507 571 1
507 592 1
508 539 1
508 545 1
508 549 1
509 515 1
509 562 1
509 564 1
509 931 1
510 518 1
510 530 1
510 562 1
510 565 1
510 575 1
510 579 1
510 590 1
511 513 1
511 526 1
511 540 1
511 553 1
511 559 1
511 576 1
511 592 1
511 615 1
511 790 1
512 523 1
512 532 1
512 560 1
512 571 1
512 579 1
513 521 1
513 524 1
513 538 1
513 542 1
513 544 1
513 548 1
513 600 1
513 607 1
514 525 1
514 533 1
514 545 1
514 553 1
514 570 1
514 571 1
514 575 1
514 579 1
514 582 1
515 516 1
515 523 1
515 544 1
515 552 1
515 567 1
515 596 1
515 962 1
516 549 1
516 554 1
516 566 1
516 580 1
516 590 1
516 598 1
517 531 1
517 540 1
517 562 1
517 574 1
517 597 1
517 859 1
517 867 1
517 897 1
518 570 1
518 593 1
519 525 1
519 576 1
519 579 1
519 583 1
519 593 1
519 717 1
520 566 1
520 570 1
520 598 1
520 620 1
521 544 1
521 545 1
521 557 1
521 565 1
521 587 1
521 590 1
521 597 1
521 640 1
522 778 1
522 954 1
523 527 1
523 534 1
523 555 1
523 575 1
523 611 1
524 837 1
525 531 1
525 539 1
525 546 1
525 547 1
525 574 1
525 584 1
526 531 1
526 549 1
526 936 1
527 541 1
527 553 1
527 579 1
527 597 1
527 923 1
528 538 1
528 561 1
528 579 1
528 582 1
529 566 1
529 580 1
529 823 1
530 589 1
530 653 1
531 546 1
531 584 1
531 597 1
531 600 1
531 942 1
531 998 1
532 537 1
532 973 1
533 557 1
533 564 1
533 568 1
533 577 1
534 546 1
534 552 1
534 555 1
534 587 1
534 592 1
534 598 1
535 545 1
535 555 1
535 568 1
535 580 1
535 592 1
536 558 1
536 566 1
536 568 1
536 571 1
536 574 1
536 580 1
536 588 1
536 590 1
536 989 1
537 541 1
537 544 1
537 573 1
537 588 1
537 607 1
537 946 1
538 555 1
538 559 1
538 855 1
538 905 1
539 543 1
539 554 1
539 571 1
539 629 1
539 693 1
540 544 1
540 558 1
540 593 1
541 548 1
541 556 1
541 567 1
541 589 1
542 544 1
542 563 1
542 738 1
544 573 1
544 578 1
544 865 1
545 573 1
545 576 1
545 595 1
545 598 1
545 912 1
546 568 1
546 575 1
546 597 1
547 564 1
547 583 1
549 567 1
549 577 1
549 850 1
549 975 1
550 570 1
550 575 1
550 576 1
550 580 1
550 757 1
551 553 1
551 584 1
552 584 1
552 675 1
552 899 1
553 571 1
553 581 1
553 850 1
554 567 1
554 571 1
554 580 1
554 591 1
554 611 1
555 570 1
555 622 1
556 574 1
556 576 1
556 763 1
557 572 1
557 578 1
557 590 1
558 575 1
558 597 1
559 570 1
559 581 1
560 561 1
560 572 1
561 575 1
561 588 1
561 937 1
562 567 1
562 589 1
562 613 1
563 574 1
563 889 1
563 968 1
564 594 1
566 573 1
567 593 1
568 578 1
568 777 1
568 838 1
569 581 1
570 571 1
571 598 1
571 891 1
572 980 1
573 579 1
573 582 1
573 592 1
573 594 1
573 769 1
574 596 1
574 597 1
575 598 1
575 600 1
576 588 1
576 657 1
578 778 1
579 580 1
580 600 1
580 609 1
581 681 1
581 793 1
582 583 1
582 590 1
583 600 1
583 896 1
584 596 1
584 730 1
585 591 1
585 600 1
586 595 1
587 595 1
587 662 1
587 704 1
587 716 1
588 592 1
588 597 1
588 598 1
588 663 1
588 981 1
589 593 1
589 600 1
591 613 1
592 595 1
592 599 1
594 599 1
595 805 1
596 827 1
600 836 1
601 608 1
601 621 1
601 638 1
601 687 1
601 788 1
602 611 1
602 654 1
602 668 1
602 693 1
602 694 1
602 921 1
603 636 1
603 642 1
603 680 1
603 984 1
604 616 1
604 623 1
604 624 1
604 636 1
604 660 1
604 698 1
605 625 1
605 626 1
605 649 1
605 756 1
605 943 1
606 610 1
606 624 1
606 852 1
607 648 1
607 653 1
607 656 1
607 664 1
608 624 1
608 626 1
608 631 1
608 649 1
608 677 1
608 684 1
608 696 1
608 698 1
608 770 1
609 616 1
609 645 1
609 693 1
610 621 1
610 624 1
610 637 1
610 692 1
610 929 1
611 624 1
611 685 1
611 732 1
612 614 1
612 627 1
612 631 1
612 648 1
612 680 1
612 690 1
612 700 1
613 631 1
613 647 1
613 666 1
613 690 1
613 908 1
614 696 1
614 746 1
614 808 1
615 628 1
615 639 1
616 632 1
616 667 1
616 668 1
616 688 1
617 661 1
617 690 1
618 619 1
618 622 1
618 627 1
618 631 1
618 644 1
618 661 1
618 668 1
619 624 1
619 644 1
619 654 1
619 670 1
619 678 1
619 684 1
620 624 1
620 663 1
620 668 1
621 625 1
621 678 1
622 649 1
622 796 1
623 649 1
623 690 1
624 626 1
624 645 1
625 699 1
626 635 1
626 636 1
626 639 1
626 650 1
626 953 1
627 628 1
627 675 1
627 682 1
627 694 1
628 638 1
628 656 1
628 660 1
628 665 1
629 644 1
629 676 1
629 678 1
629 682 1
630 632 1
630 640 1
630 658 1
630 978 1
631 632 1
631 639 1
631 660 1
631 662 1
631 663 1
631 664 1
631 667 1
631 674 1
631 683 1
631 695 1
631 948 1
632 644 1
632 681 1
632 687 1
633 654 1
634 644 1
634 650 1
634 684 1
634 752 1
634 862 1
635 699 1
635 751 1
636 654 1
636 663 1
636 674 1
636 675 1
636 677 1
636 680 1
636 682 1
636 685 1
637 640 1
637 643 1
637 655 1
637 674 1
637 680 1
637 692 1
638 656 1
638 691 1
638 698 1
638 699 1
639 665 1
639 686 1
639 688 1
639 696 1
640 655 1
640 672 1
640 681 1
640 688 1
640 689 1
640 970 1
641 646 1
641 780 1
642 670 1
642 671 1
643 651 1
643 653 1
643 657 1
643 673 1
643 687 1
643 693 1
644 647 1
644 650 1
644 655 1
644 660 1
644 674 1
644 679 1
644 682 1
644 687 1
644 693 1
644 700 1
645 648 1
645 656 1
645 678 1
645 679 1
645 694 1
646 654 1
646 663 1
646 665 1
646 722 1
647 658 1
647 669 1
647 673 1
647 678 1
647 686 1
648 692 1
649 656 1
649 678 1
649 679 1
650 661 1
650 683 1
650 689 1
650 691 1
650 693 1
651 652 1
651 669 1
651 694 1
651 995 1
652 674 1
652 683 1
652 695 1
652 929 1
653 663 1
653 697 1
653 756 1
654 661 1
654 664 1
654 674 1
654 688 1
654 698 1
655 658 1
655 666 1
655 671 1
655 679 1
655 695 1
656 684 1
656 865 1
657 658 1
657 665 1
657 696 1
658 687 1
658 780 1
658 847 1
658 939 1
659 675 1
660 955 1
661 693 1
662 686 1
662 691 1
662 694 1
662 914 1
663 690 1
663 736 1
663 865 1
663 880 1
664 675 1
665 676 1
665 697 1
665 837 1
666 788 1
667 692 1
668 669 1
668 688 1
668 722 1
670 680 1
670 686 1
670 687 1
671 690 1
671 694 1
672 689 1
672 698 1
672 995 1
673 679 1
673 680 1
673 697 1
674 694 1
674 695 1
674 696 1
674 711 1
674 947 1
674 951 1
675 684 1
675 690 1
676 677 1
676 893 1
676 946 1
677 692 1
677 699 1
678 685 1
678 699 1
679 688 1
679 691 1
681 691 1
681 697 1
681 708 1
681 739 1
682 683 1
683 936 1
684 726 1
686 861 1
687 915 1
688 694 1
688 732 1
690 802 1
691 695 1
692 717 1
692 722 1
692 726 1
693 695 1
693 832 1
695 919 1
696 846 1
696 917 1
697 730 1
697 749 1
698 824 1
701 704 1
701 705 1
701 731 1
701 778 1
702 709 1
702 730 1
702 741 1
702 759 1
702 770 1
703 756 1
703 779 1
703 780 1
703 796 1
703 899 1
703 994 1
704 714 1
704 752 1
704 756 1
704 867 1
705 727 1
705 756 1
705 777 1
705 786 1
706 730 1
706 759 1
706 780 1
706 794 1
707 720 1
707 748 1
707 762 1
707 825 1
708 727 1
708 796 1
709 711 1
709 723 1
709 734 1
709 753 1
709 793 1
710 712 1
710 742 1
710 754 1
711 727 1
711 738 1
711 774 1
711 792 1
712 727 1
712 739 1
712 761 1
712 766 1
712 776 1
712 788 1
712 792 1
712 793 1
713 737 1
713 747 1
713 768 1
713 786 1
713 807 1
714 743 1
714 749 1
714 755 1
714 777 1
714 1000 1
715 716 1
715 750 1
715 764 1
715 765 1
715 777 1
715 791 1
716 726 1
716 740 1
716 789 1
716 959 1
717 725 1
717 726 1
717 742 1
717 753 1
717 755 1
717 780 1
717 826 1
718 719 1
718 730 1
718 744 1
718 758 1
718 765 1
718 776 1
718 783 1
719 739 1
719 751 1
719 782 1
720 775 1
720 780 1
721 739 1
721 781 1
721 782 1
722 743 1
722 759 1
722 764 1
722 770 1
722 861 1
723 745 1
723 764 1
724 732 1
724 762 1
724 777 1
724 800 1
725 744 1
725 789 1
725 856 1
726 728 1
726 735 1
726 746 1
726 753 1
726 792 1
726 795 1
727 741 1
727 748 1
727 749 1
727 750 1
727 774 1
727 787 1
727 865 1
727 960 1
728 729 1
728 754 1
728 769 1
728 785 1
729 740 1
729 773 1
729 790 1
729 798 1
729 890 1
729 967 1
730 745 1
730 778 1
731 743 1
731 784 1
732 734 1
732 751 1
732 757 1
732 795 1
732 846 1
733 762 1
733 769 1
733 773 1
734 768 1
734 778 1
734 785 1
734 794 1
734 799 1
734 935 1
735 740 1
735 768 1
735 782 1
736 948 1
736 957 1
737 739 1
737 743 1
737 748 1
737 749 1
737 768 1
737 786 1
737 800 1
737 895 1
738 748 1
738 750 1
738 751 1
738 768 1
738 769 1
738 776 1
738 784 1
738 788 1
739 746 1
739 797 1
740 776 1
740 797 1
741 743 1
741 758 1
741 770 1
742 747 1
742 959 1
743 821 1
744 800 1
745 748 1
745 772 1
745 792 1
746 751 1
746 771 1
746 868 1
747 760 1
747 872 1
748 751 1
748 752 1
748 753 1
748 760 1
748 772 1
748 775 1
748 778 1
749 763 1
749 770 1
749 797 1
750 791 1
750 799 1
751 759 1
751 761 1
751 763 1
751 778 1
751 789 1
752 774 1
752 793 1
752 797 1
752 941 1
752 990 1
753 769 1
753 782 1
753 783 1
753 796 1
754 755 1
755 756 1
755 775 1
756 757 1
756 766 1
756 793 1
757 792 1
757 929 1
758 840 1
758 960 1
759 767 1
759 778 1
759 779 1
759 786 1
759 789 1
760 784 1
762 792 1
763 771 1
763 780 1
763 799 1
765 793 1
765 899 1
766 785 1
766 788 1
766 799 1
767 782 1
767 975 1
769 775 1
769 797 1
769 895 1
770 778 1
771 778 1
771 792 1
771 881 1
774 781 1
775 782 1
775 797 1
778 788 1
779 925 1
781 913 1
782 836 1
782 878 1
783 791 1
783 796 1
783 945 1
787 876 1
788 791 1
788 795 1
790 795 1
791 795 1
792 794 1
793 799 1
793 908 1
794 795 1
800 803 1
801 848 1
801 850 1
801 851 1
801 854 1
801 864 1
801 865 1
802 814 1
802 817 1
802 834 1
802 854 1
802 862 1
802 885 1
803 804 1
803 861 1
803 863 1
803 864 1
803 870 1
803 874 1
803 877 1
803 879 1
803 887 1
803 891 1
804 818 1
804 838 1
804 866 1
804 876 1
804 889 1
805 807 1
805 812 1
805 813 1
805 849 1
805 854 1
805 873 1
806 809 1
806 824 1
806 829 1
806 844 1
806 861 1
806 878 1
807 816 1
807 824 1
807 845 1
807 847 1
807 854 1
807 875 1
807 880 1
808 811 1
808 814 1
808 830 1
808 863 1
808 898 1
808 900 1
809 844 1
809 870 1
809 897 1
810 817 1
810 847 1
810 853 1
810 887 1
810 927 1
811 816 1
811 830 1
811 831 1
811 837 1
811 859 1
811 881 1
811 885 1
812 829 1
812 854 1
812 861 1
812 868 1
812 876 1
812 886 1
813 834 1
813 837 1
813 847 1
813 886 1
814 824 1
814 828 1
814 838 1
814 855 1
814 862 1
814 896 1
814 899 1
815 834 1
815 859 1
815 866 1
815 900 1
816 818 1
816 855 1
816 859 1
816 874 1
816 886 1
817 900 1
818 844 1
818 886 1
818 889 1
819 834 1
819 863 1
819 864 1
820 822 1
820 829 1
820 831 1
820 857 1
820 890 1
820 895 1
820 900 1
821 830 1
821 841 1
821 847 1
821 851 1
821 864 1
822 827 1
822 843 1
822 845 1
822 850 1
822 870 1
822 918 1
823 859 1
823 879 1
824 830 1
824 831 1
824 861 1
824 866 1
824 883 1
824 884 1
825 827 1
825 834 1
825 835 1
825 857 1
825 875 1
826 837 1
826 840 1
826 860 1
826 882 1
827 850 1
827 862 1
827 867 1
827 881 1
828 838 1
828 870 1
828 876 1
829 830 1
829 863 1
829 875 1
829 895 1
830 849 1
831 849 1
831 855 1
831 865 1
831 876 1
832 837 1
833 835 1
833 850 1
833 859 1
833 889 1
833 895 1
834 843 1
834 850 1
834 861 1
834 863 1
834 872 1
834 881 1
834 886 1
835 840 1
835 881 1
835 893 1
836 843 1
836 856 1
837 849 1
837 858 1
837 897 1
838 842 1
838 845 1
838 858 1
838 877 1
839 840 1
839 876 1
839 898 1
840 851 1
840 854 1
841 857 1
841 899 1
842 846 1
843 845 1
843 897 1
843 909 1
844 853 1
844 867 1
844 875 1
844 893 1
845 861 1
845 893 1
846 852 1
846 857 1
846 880 1
846 894 1
847 849 1
847 863 1
847 894 1
848 891 1
848 991 1
849 880 1
849 886 1
849 893 1
850 881 1
850 892 1
850 898 1
851 869 1
851 880 1
851 887 1
852 859 1
853 879 1
854 855 1
855 867 1
856 870 1
856 874 1
856 966 1
858 861 1
858 867 1
858 883 1
858 895 1
858 897 1
860 862 1
861 882 1
861 997 1
862 868 1
862 869 1
862 870 1
863 874 1
863 883 1
865 888 1
865 891 1
865 896 1
866 874 1
866 888 1
868 886 1
868 900 1
869 897 1
869 898 1
869 906 1
869 951 1
871 885 1
871 887 1
871 889 1
873 886 1
873 893 1
874 894 1
874 932 1
875 882 1
875 883 1
875 896 1
877 878 1
878 882 1
878 891 1
878 893 1
878 900 1
879 889 1
879 895 1
880 888 1
881 882 1
881 899 1
882 884 1
882 895 1
883 984 1
885 888 1
886 897 1
886 900 1
888 975 1
891 896 1
891 899 1
893 897 1
895 900 1
896 897 1
897 899 1
901 936 1
901 940 1
901 941 1
901 952 1
902 946 1
902 964 1
902 966 1
903 909 1
903 959 1
903 978 1
904 925 1
904 931 1
904 954 1
904 962 1
904 995 1
905 910 1
905 921 1
905 933 1
905 967 1
905 972 1
905 979 1
905 988 1
905 998 1
906 921 1
906 938 1
906 976 1
907 918 1
907 952 1
907 958 1
907 961 1
907 976 1
908 995 1
909 919 1
909 929 1
909 947 1
909 980 1
909 981 1
909 987 1
909 991 1
910 928 1
910 957 1
910 969 1
910 983 1
910 986 1
910 990 1
911 915 1
911 919 1
911 927 1
911 964 1
911 967 1
911 971 1
911 982 1
912 933 1
912 941 1
912 959 1
912 969 1
913 946 1
914 917 1
914 920 1
914 923 1
914 940 1
914 952 1
914 960 1
914 997 1
915 930 1
915 955 1
915 957 1
915 991 1
915 995 1
916 925 1
916 954 1
916 987 1
916 993 1
917 933 1
917 935 1
917 944 1
917 948 1
917 951 1
917 968 1
917 976 1
917 993 1
918 958 1
918 974 1
918 978 1
919 920 1
919 927 1
919 972 1
919 977 1
920 954 1
921 923 1
921 924 1
921 934 1
921 949 1
921 959 1
921 960 1
921 992 1
922 925 1
922 929 1
922 966 1
922 970 1
922 992 1
922 1000 1
923 936 1
923 937 1
923 957 1
923 963 1
923 989 1
924 957 1
924 965 1
925 953 1
925 966 1
925 991 1
926 931 1
926 937 1
926 938 1
926 969 1
926 978 1
927 928 1
927 994 1
928 965 1
928 988 1
928 997 1
930 941 1
930 951 1
930 979 1
930 996 1
930 999 1
931 938 1
931 939 1
931 944 1
931 959 1
931 960 1
931 969 1
931 977 1
932 943 1
932 967 1
932 1000 1
933 957 1
933 962 1
933 975 1
934 935 1
935 964 1
935 968 1
935 970 1
935 988 1
935 995 1
936 970 1
936 984 1
936 988 1
937 945 1
937 952 1
937 978 1
938 966 1
938 987 1
938 997 1
938 999 1
939 989 1
941 958 1
941 960 1
941 966 1
941 985 1
941 986 1
942 973 1
942 975 1
942 991 1
943 946 1
943 962 1
944 949 1
944 951 1
944 957 1
944 974 1
944 985 1
945 987 1
946 999 1
947 963 1
947 965 1
947 966 1
947 980 1
947 982 1
947 987 1
947 1000 1
948 979 1
948 983 1
948 993 1
949 955 1
949 964 1
949 998 1
950 986 1
950 994 1
950 1000 1
951 952 1
951 962 1
951 978 1
951 992 1
952 956 1
952 986 1
953 971 1
953 989 1
954 991 1
955 974 1
955 977 1
956 973 1
956 977 1
956 998 1
957 959 1
957 998 1
957 1000 1
958 971 1
958 999 1
959 968 1
959 982 1
959 983 1
959 985 1
960 972 1
960 973 1
960 975 1
961 998 1
963 976 1
963 988 1
964 972 1
964 977 1
965 990 1
966 972 1
966 976 1
966 991 1
966 999 1
967 974 1
967 983 1
967 987 1
967 995 1
968 976 1
970 986 1
971 982 1
971 990 1
971 992 1
971 998 1
972 982 1
973 977 1
973 991 1
974 977 1
975 985 1
975 989 1
975 1000 1
977 988 1
977 989 1
978 983 1
979 984 1
979 988 1
980 984 1
980 997 1
981 985 1
982 992 1
982 996 1
983 994 1
984 986 1
984 994 1
985 989 1
989 995 1
990 993 1
990 998 1
990 1000 1
