1000 3365
1 36 1
1 43 1
1 47 1
1 82 1
1 89 1
1 292 1
1 601 1
2 4 1
2 16 1
2 34 1
2 42 1
2 65 1
2 87 1
2 95 1
2 98 1
2 289 1
3 12 1
3 20 1
3 31 1
3 48 1
3 83 1
3 93 1
4 23 1
4 46 1
4 96 1
4 97 1
4 568 1
5 55 1
5 94 1
5 871 1
5 887 1
6 33 1
6 50 1
6 70 1
6 85 1
6 742 1
7 12 1
7 43 1
7 44 1
7 100 1
7 197 1
7 595 1
7 615 1
7 716 1
8 16 1
8 42 1
8 54 1
8 72 1
8 82 1
8 820 1
8 858 1
9 25 1
9 38 1
9 59 1
9 71 1
9 79 1
9 100 1
10 12 1
10 15 1
10 20 1
10 26 1
10 31 1
10 481 1
10 899 1
11 29 1
11 57 1
11 85 1
11 573 1
11 674 1
11 999 1
12 33 1
12 549 1
13 20 1
13 58 1
13 74 1
13 82 1
13 582 1
13 681 1
14 24 1
14 26 1
14 35 1
14 37 1
14 58 1
14 68 1
14 71 1
14 87 1
14 270 1
14 539 1
15 17 1
15 75 1
15 76 1
15 671 1
15 717 1
16 28 1
16 62 1
16 83 1
17 41 1
17 49 1
18 54 1
18 91 1
18 348 1
19 20 1
19 50 1
19 73 1
19 79 1
19 94 1
19 98 1
19 604 1
19 673 1
19 883 1
19 905 1
20 27 1
20 48 1
20 58 1
20 61 1
20 228 1
20 232 1
21 67 1
21 69 1
21 92 1
21 99 1
21 312 1
21 432 1
21 448 1
22 23 1
22 442 1
22 660 1
22 797 1
23 30 1
23 50 1
23 75 1
23 84 1
23 179 1
23 339 1
23 633 1
23 801 1
24 31 1
24 40 1
24 55 1
24 68 1
24 95 1
24 99 1
24 307 1
24 352 1
24 383 1
24 765 1
25 35 1
25 48 1
25 78 1
25 88 1
25 97 1
25 542 1
25 556 1
26 33 1
26 34 1
26 37 1
26 55 1
26 59 1
26 63 1
26 74 1
26 170 1
26 551 1
26 643 1
26 978 1
27 68 1
27 95 1
27 555 1
28 31 1
28 35 1
28 36 1
28 79 1
28 91 1
28 127 1
28 319 1
29 32 1
29 44 1
29 444 1
29 868 1
30 66 1
30 78 1
30 85 1
30 92 1
30 96 1
30 118 1
30 905 1
31 54 1
31 57 1
31 98 1
32 48 1
32 57 1
32 58 1
32 60 1
32 63 1
32 73 1
32 78 1
32 91 1
32 98 1
33 44 1
33 56 1
33 67 1
33 77 1
33 85 1
34 51 1
34 67 1
34 94 1
34 150 1
34 445 1
34 519 1
34 660 1
35 66 1
35 424 1
35 975 1
36 41 1
36 51 1
36 71 1
36 86 1
36 96 1
36 178 1
36 379 1
36 426 1
36 453 1
36 805 1
38 60 1
38 77 1
38 81 1
38 99 1
38 194 1
38 489 1
38 894 1
39 73 1
39 76 1
39 108 1
39 298 1
39 549 1
39 690 1
39 965 1
40 93 1
40 128 1
40 352 1
40 889 1
41 503 1
41 996 1
42 45 1
42 55 1
42 59 1
42 63 1
42 76 1
42 89 1
42 91 1
42 384 1
43 674 1
44 438 1
44 662 1
45 451 1
45 543 1
45 737 1
46 66 1
46 69 1
47 71 1
47 76 1
47 81 1
47 85 1
47 90 1
47 505 1
47 835 1
48 77 1
48 80 1
48 436 1
49 96 1
49 99 1
49 892 1
50 87 1
50 94 1
50 274 1
51 74 1
51 91 1
51 97 1
51 884 1
52 75 1
52 83 1
52 310 1
53 57 1
53 83 1
54 56 1
54 62 1
54 89 1
54 92 1
54 717 1
54 724 1
55 59 1
55 66 1
55 76 1
55 95 1
56 76 1
56 80 1
56 921 1
57 334 1
57 719 1
58 63 1
58 83 1
58 85 1
58 88 1
58 677 1
58 895 1
59 62 1
59 65 1
59 66 1
59 74 1
59 167 1
59 308 1
59 375 1
59 636 1
60 85 1
60 89 1
60 227 1
60 476 1
61 88 1
61 98 1
61 137 1
61 257 1
62 94 1
62 98 1
62 133 1
63 75 1
63 93 1
63 349 1
64 67 1
64 99 1
64 486 1
65 83 1
65 223 1
66 72 1
66 94 1
66 966 1
67 100 1
67 845 1
67 906 1
67 979 1
69 70 1
69 85 1
69 89 1
69 376 1
70 76 1
70 89 1
70 152 1
70 545 1
71 75 1
71 77 1
71 84 1
71 97 1
71 245 1
71 259 1
71 534 1
72 79 1
72 85 1
72 395 1
72 852 1
73 83 1
73 491 1
73 703 1
74 874 1
75 80 1
75 93 1
75 471 1
76 446 1
77 93 1
77 98 1
77 424 1
77 714 1
78 254 1
78 380 1
79 100 1
79 342 1
79 414 1
79 709 1
80 86 1
80 90 1
81 87 1
82 86 1
82 94 1
82 375 1
82 967 1
83 359 1
84 301 1
84 359 1
85 93 1
85 94 1
85 768 1
85 851 1
85 856 1
86 713 1
87 127 1
87 505 1
87 835 1
88 91 1
88 326 1
88 487 1
89 100 1
90 98 1
90 899 1
91 96 1
92 95 1
92 290 1
92 911 1
93 386 1
94 850 1
95 163 1
96 718 1
96 841 1
97 860 1
98 591 1
98 769 1
99 498 1
99 697 1
100 254 1
100 292 1
101 111 1
101 112 1
101 113 1
101 118 1
101 146 1
101 154 1
101 173 1
101 180 1
101 185 1
101 198 1
101 464 1
101 834 1
102 108 1
102 115 1
102 134 1
102 187 1
102 412 1
102 533 1
103 130 1
103 141 1
103 150 1
103 165 1
103 186 1
103 656 1
103 670 1
103 954 1
104 133 1
104 170 1
104 576 1
105 108 1
105 113 1
105 118 1
105 125 1
105 191 1
106 160 1
106 186 1
106 880 1
107 166 1
107 193 1
107 919 1
108 113 1
108 151 1
108 294 1
108 465 1
108 872 1
109 123 1
109 127 1
109 135 1
109 148 1
109 171 1
109 185 1
109 346 1
110 112 1
110 113 1
110 177 1
110 690 1
111 113 1
111 135 1
111 136 1
111 141 1
111 194 1
112 116 1
112 126 1
112 131 1
112 160 1
112 170 1
112 171 1
112 172 1
112 174 1
112 185 1
113 141 1
113 168 1
113 178 1
113 190 1
113 746 1
113 793 1
114 137 1
114 155 1
114 162 1
114 169 1
114 186 1
114 192 1
114 812 1
115 120 1
115 151 1
116 159 1
116 165 1
116 754 1
116 900 1
117 131 1
117 138 1
117 442 1
117 584 1
118 154 1
118 184 1
118 197 1
118 199 1
118 464 1
119 126 1
119 170 1
119 176 1
119 361 1
119 471 1
120 157 1
120 160 1
120 161 1
120 182 1
120 192 1
120 610 1
121 125 1
121 137 1
121 144 1
121 150 1
121 166 1
121 169 1
121 200 1
121 438 1
121 939 1
122 128 1
122 188 1
122 689 1
122 845 1
123 134 1
123 196 1
123 440 1
123 500 1
124 173 1
124 496 1
124 662 1
124 774 1
125 174 1
125 196 1
126 138 1
126 147 1
126 186 1
126 199 1
126 801 1
127 152 1
127 165 1
127 194 1
127 294 1
127 477 1
127 671 1
128 158 1
128 165 1
128 215 1
128 683 1
129 135 1
129 143 1
129 157 1
129 166 1
129 179 1
129 294 1
129 387 1
130 163 1
130 175 1
130 903 1
131 139 1
131 162 1
131 176 1
131 179 1
131 804 1
131 838 1
131 910 1
132 139 1
132 145 1
132 159 1
132 176 1
132 183 1
132 195 1
132 197 1
132 563 1
133 200 1
134 172 1
134 193 1
134 500 1
134 526 1
134 823 1
135 136 1
135 716 1
135 854 1
136 137 1
136 150 1
136 155 1
136 169 1
136 173 1
136 625 1
137 147 1
137 154 1
137 454 1
137 812 1
138 144 1
138 193 1
138 200 1
138 266 1
138 543 1
138 718 1
138 726 1
138 849 1
139 170 1
139 174 1
139 244 1
139 897 1
140 148 1
140 170 1
140 184 1
140 196 1
140 629 1
140 967 1
141 146 1
141 165 1
141 181 1
141 182 1
141 222 1
141 714 1
141 776 1
142 144 1
142 169 1
142 217 1
142 266 1
142 446 1
143 159 1
143 169 1
143 181 1
143 199 1
143 471 1
143 652 1
143 750 1
143 815 1
143 866 1
144 182 1
144 496 1
144 552 1
145 155 1
145 165 1
146 189 1
146 200 1
146 598 1
146 838 1
147 184 1
147 187 1
147 437 1
148 168 1
148 585 1
148 709 1
148 755 1
149 150 1
149 672 1
150 158 1
150 195 1
150 197 1
150 673 1
150 781 1
151 168 1
151 181 1
151 184 1
151 198 1
152 153 1
152 783 1
152 794 1
153 157 1
153 180 1
153 196 1
153 507 1
153 511 1
154 182 1
154 527 1
155 174 1
155 198 1
155 701 1
155 793 1
156 187 1
156 472 1
156 589 1
157 192 1
157 195 1
157 200 1
158 183 1
158 555 1
159 804 1
160 173 1
160 197 1
160 760 1
161 178 1
161 563 1
161 781 1
161 801 1
162 164 1
162 167 1
163 193 1
163 196 1
163 701 1
164 179 1
164 190 1
164 602 1
164 991 1
165 199 1
167 198 1
168 170 1
168 181 1
168 199 1
168 491 1
168 993 1
169 175 1
169 186 1
169 529 1
170 193 1
171 216 1
171 309 1
171 428 1
171 652 1
172 193 1
172 507 1
173 306 1
173 711 1
174 177 1
174 184 1
174 659 1
175 189 1
175 609 1
175 860 1
176 199 1
176 362 1
176 802 1
177 329 1
177 360 1
177 871 1
178 313 1
178 787 1
179 489 1
179 948 1
180 183 1
180 199 1
180 218 1
180 376 1
180 710 1
180 815 1
180 966 1
181 198 1
181 243 1
182 196 1
183 764 1
184 195 1
184 591 1
185 189 1
185 340 1
185 902 1
186 187 1
186 200 1
186 477 1
187 581 1
187 898 1
187 969 1
189 782 1
190 579 1
190 874 1
190 918 1
191 461 1
191 771 1
192 738 1
193 195 1
193 570 1
193 759 1
196 484 1
196 504 1
197 892 1
198 458 1
198 623 1
199 354 1
199 489 1
199 808 1
200 587 1
200 750 1
201 215 1
201 229 1
201 241 1
201 261 1
201 279 1
201 363 1
201 488 1
201 863 1
201 930 1
202 254 1
202 260 1
202 274 1
202 361 1
203 217 1
203 246 1
203 262 1
203 275 1
203 280 1
203 281 1
203 288 1
203 743 1
204 219 1
204 239 1
204 241 1
204 253 1
204 264 1
204 279 1
204 300 1
204 672 1
205 219 1
205 267 1
205 284 1
205 287 1
205 292 1
205 609 1
205 611 1
206 217 1
206 219 1
206 220 1
206 235 1
206 258 1
206 274 1
206 286 1
206 698 1
206 777 1
207 220 1
207 223 1
207 232 1
207 245 1
207 252 1
207 290 1
208 209 1
208 219 1
208 243 1
208 249 1
208 252 1
208 257 1
208 267 1
208 285 1
208 360 1
208 453 1
208 645 1
209 255 1
209 283 1
209 291 1
209 294 1
209 296 1
209 505 1
209 890 1
210 214 1
210 218 1
210 222 1
210 232 1
210 248 1
210 275 1
210 442 1
210 612 1
211 236 1
211 272 1
211 278 1
212 224 1
212 232 1
212 253 1
212 628 1
213 235 1
213 249 1
213 296 1
213 721 1
213 750 1
213 867 1
214 240 1
214 252 1
214 255 1
214 270 1
214 273 1
214 276 1
214 280 1
214 284 1
214 292 1
214 554 1
214 688 1
215 219 1
215 222 1
215 236 1
215 288 1
215 397 1
215 991 1
216 224 1
217 220 1
217 241 1
217 253 1
217 410 1
217 755 1
218 222 1
218 245 1
218 255 1
218 435 1
218 991 1
219 238 1
219 245 1
219 251 1
219 256 1
219 287 1
219 291 1
219 299 1
219 427 1
219 805 1
219 844 1
220 247 1
220 251 1
221 225 1
221 254 1
221 257 1
221 264 1
221 276 1
221 282 1
221 285 1
221 289 1
221 622 1
222 239 1
222 253 1
222 268 1
222 278 1
222 283 1
223 239 1
223 913 1
224 241 1
224 251 1
224 255 1
224 275 1
224 286 1
224 288 1
224 507 1
224 845 1
225 227 1
225 240 1
225 246 1
225 251 1
225 273 1
225 289 1
225 300 1
225 377 1
226 253 1
226 277 1
226 280 1
226 433 1
226 794 1
227 233 1
227 265 1
227 266 1
227 283 1
227 284 1
227 294 1
227 595 1
228 244 1
228 261 1
228 287 1
228 291 1
228 745 1
229 232 1
229 245 1
229 265 1
229 278 1
229 280 1
229 289 1
229 381 1
229 739 1
230 280 1
230 425 1
230 478 1
231 235 1
231 244 1
231 271 1
231 276 1
231 741 1
231 956 1
232 274 1
232 569 1
233 234 1
233 255 1
233 264 1
233 284 1
234 281 1
234 283 1
234 358 1
234 693 1
235 250 1
235 251 1
235 270 1
235 286 1
235 291 1
235 884 1
236 271 1
236 283 1
236 346 1
237 239 1
237 709 1
237 774 1
238 269 1
238 280 1
238 289 1
238 863 1
239 269 1
239 782 1
240 285 1
241 283 1
241 806 1
242 247 1
242 248 1
242 269 1
243 272 1
243 282 1
243 287 1
243 393 1
244 278 1
244 287 1
245 254 1
245 264 1
245 290 1
245 725 1
245 919 1
245 928 1
246 274 1
247 262 1
247 328 1
247 742 1
248 735 1
248 867 1
249 251 1
249 261 1
249 266 1
249 271 1
249 290 1
249 687 1
250 256 1
250 262 1
250 267 1
250 272 1
250 275 1
250 808 1
250 852 1
250 868 1
251 262 1
251 285 1
251 290 1
251 298 1
251 971 1
252 255 1
252 257 1
252 263 1
252 282 1
252 424 1
253 277 1
253 278 1
253 287 1
254 289 1
254 498 1
255 276 1
255 288 1
255 291 1
255 293 1
256 260 1
256 264 1
256 267 1
256 280 1
256 892 1
257 258 1
257 261 1
257 294 1
257 521 1
257 573 1
257 863 1
258 260 1
258 267 1
258 279 1
259 269 1
259 295 1
259 474 1
259 565 1
260 273 1
260 288 1
260 601 1
260 631 1
260 971 1
262 276 1
262 283 1
262 284 1
263 265 1
263 286 1
263 816 1
263 875 1
264 290 1
264 413 1
264 531 1
265 275 1
265 287 1
266 299 1
266 399 1
266 563 1
266 596 1
266 707 1
266 945 1
267 276 1
267 281 1
267 491 1
268 276 1
268 830 1
268 998 1
269 327 1
269 930 1
270 294 1
271 283 1
271 284 1
271 486 1
272 275 1
272 299 1
272 359 1
273 276 1
273 288 1
273 383 1
274 279 1
274 287 1
274 289 1
274 293 1
275 280 1
275 284 1
275 292 1
275 789 1
277 452 1
277 582 1
278 286 1
278 912 1
280 618 1
281 438 1
281 494 1
281 677 1
283 360 1
283 520 1
283 582 1
283 678 1
284 584 1
286 968 1
288 412 1
288 894 1
288 933 1
289 883 1
290 601 1
290 622 1
290 672 1
290 872 1
291 623 1
292 293 1
292 322 1
292 934 1
294 298 1
294 568 1
296 746 1
297 387 1
298 371 1
298 851 1
299 304 1
299 310 1
300 527 1
300 580 1
300 753 1
301 304 1
301 306 1
301 310 1
301 329 1
301 345 1
301 348 1
301 362 1
301 378 1
301 395 1
301 635 1
302 320 1
302 334 1
302 358 1
302 374 1
302 390 1
302 391 1
303 319 1
303 344 1
303 347 1
303 364 1
303 373 1
303 388 1
303 417 1
303 930 1
304 315 1
304 317 1
304 337 1
304 348 1
304 354 1
304 371 1
304 911 1
305 315 1
305 325 1
305 361 1
305 877 1
306 346 1
306 374 1
306 387 1
306 726 1
307 313 1
307 327 1
307 338 1
307 360 1
307 362 1
307 368 1
307 373 1
307 397 1
308 316 1
308 389 1
308 912 1
308 979 1
309 396 1
309 448 1
309 544 1
309 626 1
309 943 1
310 335 1
310 370 1
311 332 1
311 340 1
311 598 1
311 609 1
312 323 1
312 352 1
312 359 1
312 667 1
312 709 1
312 731 1
313 318 1
313 338 1
313 348 1
313 393 1
313 483 1
313 525 1
313 927 1
314 360 1
314 362 1
314 367 1
314 372 1
315 352 1
315 373 1
315 379 1
315 391 1
315 508 1
315 873 1
315 904 1
315 969 1
316 338 1
316 340 1
316 354 1
316 362 1
316 374 1
316 384 1
316 395 1
316 592 1
317 331 1
317 337 1
317 358 1
317 360 1
317 396 1
317 399 1
318 335 1
318 336 1
318 342 1
318 346 1
318 349 1
318 373 1
318 568 1
318 579 1
318 1000 1
319 343 1
319 375 1
319 455 1
319 489 1
320 322 1
320 384 1
320 400 1
320 878 1
321 325 1
321 360 1
321 370 1
321 442 1
321 486 1
322 337 1
322 340 1
322 366 1
322 378 1
322 380 1
323 328 1
323 339 1
323 340 1
323 343 1
323 355 1
323 365 1
323 393 1
323 703 1
323 928 1
324 343 1
324 353 1
324 373 1
324 374 1
324 670 1
325 337 1
325 341 1
325 367 1
325 372 1
325 657 1
325 906 1
326 364 1
326 384 1
326 386 1
326 390 1
326 763 1
327 338 1
327 349 1
327 387 1
327 392 1
327 395 1
328 359 1
328 373 1
328 381 1
328 581 1
328 633 1
329 333 1
329 336 1
329 337 1
329 365 1
329 389 1
329 400 1
330 994 1
331 339 1
331 353 1
331 362 1
331 379 1
331 393 1
331 772 1
332 341 1
332 375 1
332 376 1
333 344 1
333 356 1
333 390 1
333 398 1
333 903 1
334 353 1
334 382 1
334 451 1
335 346 1
335 359 1
335 369 1
335 376 1
335 379 1
335 396 1
335 527 1
335 689 1
336 377 1
336 389 1
336 499 1
337 381 1
337 395 1
337 838 1
338 383 1
338 728 1
339 356 1
339 357 1
339 379 1
339 380 1
339 386 1
339 392 1
339 871 1
340 341 1
340 368 1
340 371 1
340 374 1
340 377 1
340 380 1
341 348 1
341 358 1
341 374 1
341 377 1
341 386 1
341 504 1
342 390 1
342 993 1
343 353 1
343 355 1
343 369 1
343 969 1
344 603 1
344 832 1
344 943 1
345 355 1
345 358 1
345 363 1
345 686 1
346 389 1
346 424 1
346 431 1
346 559 1
346 788 1
347 358 1
347 359 1
347 379 1
347 394 1
347 399 1
347 828 1
347 878 1
348 375 1
348 400 1
349 354 1
349 363 1
349 375 1
349 380 1
349 381 1
350 353 1
350 387 1
350 508 1
351 365 1
351 377 1
351 392 1
351 398 1
351 835 1
352 386 1
352 397 1
352 558 1
352 753 1
352 915 1
353 360 1
353 382 1
353 393 1
353 736 1
354 357 1
354 361 1
354 369 1
355 358 1
355 384 1
356 394 1
356 888 1
357 384 1
358 372 1
358 375 1
358 393 1
358 475 1
358 515 1
359 380 1
359 395 1
359 635 1
359 928 1
360 362 1
360 396 1
361 363 1
361 368 1
361 369 1
361 373 1
361 612 1
361 674 1
361 738 1
361 920 1
362 368 1
362 373 1
362 376 1
363 377 1
363 378 1
363 384 1
364 382 1
366 585 1
366 658 1
367 396 1
367 501 1
369 388 1
369 436 1
369 774 1
370 371 1
370 376 1
370 481 1
370 864 1
370 868 1
371 372 1
371 392 1
371 430 1
372 519 1
372 793 1
373 390 1
373 394 1
374 396 1
375 379 1
375 381 1
375 399 1
375 932 1
376 382 1
376 383 1
377 386 1
380 386 1
380 396 1
380 539 1
380 819 1
380 909 1
381 850 1
382 384 1
382 403 1
382 545 1
382 603 1
382 634 1
382 912 1
382 937 1
383 392 1
383 403 1
383 589 1
383 913 1
384 523 1
384 855 1
385 841 1
385 886 1
386 388 1
387 398 1
387 567 1
387 601 1
387 960 1
388 951 1
389 414 1
389 738 1
390 738 1
390 743 1
391 394 1
391 662 1
391 669 1
393 400 1
393 488 1
393 753 1
394 796 1
395 459 1
396 908 1
397 635 1
397 851 1
398 735 1
399 710 1
399 755 1
400 484 1
400 664 1
400 670 1
401 440 1
401 463 1
401 479 1
401 483 1
401 490 1
402 410 1
402 418 1
402 421 1
402 425 1
402 427 1
402 435 1
402 448 1
402 468 1
403 426 1
403 475 1
404 460 1
404 611 1
405 424 1
405 425 1
405 479 1
405 486 1
405 488 1
405 499 1
406 416 1
406 443 1
406 450 1
406 464 1
406 473 1
406 492 1
406 500 1
406 972 1
407 448 1
407 489 1
407 750 1
407 763 1
408 412 1
408 419 1
408 469 1
409 413 1
409 422 1
409 454 1
409 467 1
409 482 1
409 553 1
409 647 1
409 713 1
410 425 1
410 432 1
410 435 1
410 466 1
410 469 1
410 471 1
410 477 1
410 484 1
411 449 1
411 464 1
411 492 1
411 497 1
411 498 1
411 907 1
412 447 1
412 451 1
412 453 1
412 458 1
412 662 1
413 431 1
413 432 1
413 480 1
413 906 1
414 437 1
414 469 1
414 486 1
414 492 1
415 424 1
415 439 1
415 450 1
415 459 1
415 462 1
415 467 1
415 490 1
415 900 1
416 458 1
416 461 1
416 468 1
416 473 1
416 848 1
416 992 1
417 472 1
417 478 1
417 490 1
417 769 1
418 437 1
418 450 1
418 460 1
418 475 1
418 486 1
418 922 1
419 427 1
419 471 1
419 479 1
419 485 1
419 492 1
419 495 1
419 846 1
419 980 1
420 431 1
420 451 1
420 459 1
420 472 1
420 893 1
421 422 1
421 439 1
421 448 1
421 449 1
421 482 1
421 483 1
422 423 1
422 430 1
422 437 1
422 488 1
422 490 1
422 523 1
422 555 1
422 667 1
423 431 1
423 449 1
423 469 1
423 474 1
423 484 1
423 667 1
424 444 1
424 467 1
424 482 1
424 500 1
424 693 1
424 841 1
424 845 1
425 439 1
425 453 1
425 483 1
425 491 1
426 453 1
426 488 1
426 493 1
426 497 1
426 522 1
426 896 1
427 462 1
427 468 1
427 481 1
427 487 1
427 493 1
428 438 1
428 456 1
428 484 1
428 492 1
428 584 1
428 671 1
429 435 1
429 443 1
429 449 1
429 450 1
429 474 1
429 482 1
429 741 1
429 827 1
430 445 1
430 470 1
430 475 1
430 489 1
430 500 1
430 794 1
431 436 1
431 445 1
431 474 1
431 776 1
432 437 1
432 498 1
433 440 1
433 447 1
433 459 1
433 722 1
434 438 1
434 452 1
434 485 1
434 800 1
434 976 1
435 437 1
435 446 1
435 483 1
435 498 1
435 702 1
435 974 1
436 474 1
436 479 1
436 546 1
436 978 1
437 451 1
437 458 1
437 465 1
437 468 1
437 482 1
437 497 1
437 892 1
438 448 1
438 475 1
438 497 1
439 442 1
439 471 1
439 497 1
439 778 1
440 443 1
440 470 1
440 485 1
441 453 1
441 454 1
441 458 1
441 483 1
441 565 1
442 444 1
442 456 1
442 467 1
442 479 1
442 484 1
442 498 1
443 473 1
444 480 1
444 494 1
444 496 1
444 622 1
445 471 1
445 486 1
445 493 1
446 486 1
446 533 1
447 452 1
447 467 1
447 485 1
447 492 1
447 724 1
447 730 1
448 469 1
448 471 1
448 482 1
448 489 1
448 498 1
448 555 1
449 483 1
449 497 1
449 498 1
449 631 1
450 498 1
450 499 1
451 483 1
451 494 1
452 458 1
452 464 1
452 478 1
452 484 1
453 459 1
453 465 1
453 475 1
453 481 1
454 467 1
454 468 1
455 466 1
455 620 1
455 915 1
456 459 1
456 474 1
456 476 1
456 624 1
457 609 1
460 464 1
460 482 1
460 854 1
461 482 1
461 599 1
461 975 1
462 474 1
462 485 1
463 468 1
463 472 1
463 493 1
465 473 1
465 474 1
466 483 1
466 485 1
466 975 1
467 475 1
468 497 1
468 732 1
469 485 1
469 497 1
469 500 1
470 862 1
470 982 1
471 486 1
471 537 1
471 894 1
472 708 1
473 492 1
474 495 1
474 770 1
475 479 1
475 484 1
475 838 1
477 479 1
477 480 1
477 509 1
477 982 1
478 726 1
478 827 1
479 481 1
479 499 1
480 485 1
480 630 1
481 485 1
481 500 1
482 499 1
482 631 1
482 950 1
483 496 1
483 984 1
484 748 1
485 491 1
485 961 1
487 500 1
487 979 1
487 992 1
488 493 1
488 499 1
489 498 1
490 786 1
491 497 1
491 974 1
492 620 1
492 966 1
493 494 1
493 685 1
493 738 1
494 497 1
494 771 1
494 775 1
494 898 1
495 743 1
497 571 1
498 885 1
500 674 1
500 683 1
501 519 1
501 520 1
501 594 1
501 596 1
501 618 1
502 503 1
502 505 1
502 552 1
502 590 1
502 827 1
502 851 1
503 508 1
503 524 1
503 552 1
503 566 1
503 570 1
504 508 1
504 509 1
504 527 1
504 573 1
504 600 1
504 690 1
505 506 1
505 520 1
505 557 1
505 570 1
505 758 1
505 766 1
505 920 1
506 517 1
506 524 1
506 588 1
506 595 1
506 991 1
507 531 1
507 555 1
507 570 1
507 702 1
508 522 1
508 523 1
508 561 1
508 587 1
508 596 1
508 856 1
509 528 1
509 533 1
509 537 1
509 593 1
509 684 1
510 516 1
510 528 1
510 532 1
510 557 1
510 587 1
510 742 1
510 873 1
511 516 1
511 608 1
511 649 1
512 529 1
512 559 1
512 574 1
512 578 1
512 593 1
513 517 1
513 524 1
513 525 1
513 549 1
513 555 1
513 583 1
513 585 1
513 778 1
513 860 1
514 530 1
514 580 1
514 585 1
514 739 1
515 529 1
515 542 1
515 544 1
515 559 1
515 581 1
515 588 1
516 520 1
516 544 1
516 547 1
516 571 1
517 518 1
517 534 1
517 541 1
517 547 1
517 567 1
517 578 1
517 583 1
517 852 1
518 529 1
518 533 1
518 535 1
518 595 1
519 526 1
519 534 1
519 542 1
519 555 1
519 557 1
519 971 1
520 529 1
520 531 1
520 536 1
520 545 1
520 547 1
520 550 1
520 553 1
521 562 1
521 564 1
521 566 1
521 574 1
521 580 1
521 589 1
522 592 1
522 628 1
522 997 1
523 530 1
523 531 1
523 539 1
523 549 1
523 551 1
523 728 1
524 715 1
524 764 1
525 526 1
525 540 1
525 543 1
525 557 1
525 570 1
525 590 1
526 556 1
526 579 1
526 582 1
527 533 1
527 538 1
527 567 1
527 694 1
528 530 1
528 548 1
528 556 1
528 559 1
528 562 1
528 654 1
529 580 1
530 550 1
530 574 1
530 584 1
531 543 1
531 547 1
531 577 1
531 581 1
531 582 1
531 586 1
531 883 1
532 533 1
532 536 1
533 583 1
533 594 1
534 576 1
535 547 1
535 551 1
535 559 1
535 563 1
535 588 1
535 591 1
535 758 1
535 783 1
535 807 1
536 541 1
536 542 1
536 565 1
536 573 1
536 594 1
536 847 1
537 577 1
537 884 1
538 558 1
538 593 1
538 930 1
539 541 1
539 544 1
539 564 1
539 566 1
539 580 1
539 583 1
539 882 1
540 569 1
540 573 1
540 583 1
540 588 1
541 565 1
541 568 1
541 572 1
541 739 1
542 551 1
542 558 1
542 586 1
542 590 1
542 835 1
543 552 1
543 631 1
543 646 1
543 768 1
544 973 1
545 546 1
545 555 1
545 581 1
545 598 1
545 682 1
545 809 1
545 855 1
545 989 1
546 561 1
547 549 1
547 555 1
547 822 1
547 834 1
548 553 1
548 558 1
548 582 1
548 588 1
548 726 1
548 771 1
548 782 1
548 898 1
549 551 1
549 564 1
549 569 1
549 571 1
549 579 1
549 649 1
549 775 1
549 802 1
550 556 1
550 559 1
550 575 1
550 576 1
550 581 1
550 583 1
550 588 1
550 817 1
550 819 1
551 638 1
552 563 1
552 569 1
552 577 1
552 578 1
553 646 1
554 593 1
554 596 1
554 797 1
554 942 1
555 573 1
555 584 1
555 600 1
555 885 1
556 581 1
556 583 1
558 576 1
558 595 1
559 560 1
559 581 1
559 596 1
560 585 1
560 586 1
561 579 1
562 564 1
562 589 1
562 685 1
563 564 1
564 578 1
564 604 1
566 594 1
566 780 1
567 600 1
567 623 1
568 589 1
568 596 1
569 586 1
569 591 1
570 599 1
572 597 1
572 598 1
573 897 1
574 588 1
574 776 1
574 940 1
575 579 1
575 588 1
575 594 1
576 598 1
576 870 1
576 959 1
577 677 1
577 863 1
577 948 1
579 813 1
582 587 1
582 589 1
583 597 1
583 707 1
584 595 1
584 716 1
585 792 1
586 588 1
586 651 1
586 776 1
587 597 1
587 658 1
587 694 1
588 598 1
588 833 1
590 767 1
591 625 1
592 593 1
593 595 1
593 835 1
594 862 1
595 620 1
596 644 1
598 621 1
599 615 1
599 661 1
599 982 1
600 722 1
601 604 1
601 607 1
602 608 1
602 614 1
602 629 1
602 631 1
602 643 1
602 645 1
602 662 1
602 664 1
602 666 1
602 692 1
602 754 1
603 623 1
603 640 1
603 661 1
603 670 1
603 686 1
603 694 1
604 619 1
604 624 1
604 659 1
605 661 1
605 665 1
605 676 1
605 779 1
606 614 1
606 625 1
606 641 1
606 650 1
606 668 1
606 670 1
606 683 1
607 629 1
607 643 1
607 647 1
607 694 1
607 917 1
608 611 1
608 628 1
608 695 1
608 697 1
609 618 1
609 635 1
609 661 1
609 697 1
610 642 1
610 644 1
610 645 1
610 648 1
610 685 1
611 618 1
611 629 1
611 662 1
611 683 1
612 630 1
612 636 1
612 644 1
612 653 1
612 717 1
612 873 1
613 639 1
613 667 1
613 670 1
613 671 1
613 699 1
614 627 1
614 630 1
614 636 1
614 646 1
614 649 1
614 662 1
614 682 1
614 698 1
615 617 1
615 667 1
616 650 1
616 651 1
616 674 1
616 698 1
617 620 1
617 630 1
617 633 1
617 634 1
617 660 1
617 665 1
617 683 1
617 697 1
617 698 1
617 997 1
618 636 1
618 670 1
618 689 1
618 700 1
618 845 1
619 622 1
619 641 1
619 665 1
619 668 1
619 675 1
620 640 1
620 675 1
620 683 1
620 684 1
620 688 1
620 691 1
621 622 1
621 656 1
621 697 1
621 699 1
621 700 1
621 998 1
622 626 1
622 675 1
622 818 1
622 990 1
623 649 1
623 653 1
623 667 1
623 677 1
623 688 1
623 690 1
624 681 1
624 692 1
625 637 1
625 660 1
625 687 1
626 633 1
626 636 1
626 657 1
626 660 1
626 683 1
626 694 1
626 972 1
627 646 1
627 649 1
627 668 1
627 681 1
628 632 1
628 687 1
628 833 1
629 666 1
629 684 1
629 692 1
629 694 1
630 642 1
630 646 1
630 652 1
630 667 1
630 670 1
630 671 1
630 699 1
630 700 1
630 715 1
631 647 1
631 682 1
631 743 1
631 791 1
631 966 1
632 644 1
632 898 1
633 645 1
633 674 1
633 923 1
634 676 1
634 695 1
635 641 1
635 657 1
635 683 1
635 688 1
635 690 1
635 700 1
636 647 1
636 711 1
637 652 1
637 659 1
637 689 1
637 695 1
638 895 1
639 646 1
639 661 1
639 668 1
639 815 1
640 642 1
640 649 1
640 654 1
640 656 1
640 663 1
640 688 1
640 691 1
641 649 1
641 673 1
641 683 1
641 695 1
642 650 1
642 668 1
642 712 1
643 651 1
643 655 1
643 669 1
643 697 1
643 928 1
644 659 1
644 669 1
644 684 1
644 697 1
645 678 1
645 683 1
646 692 1
646 737 1
647 688 1
648 677 1
649 655 1
649 670 1
649 698 1
649 770 1
650 660 1
650 663 1
650 684 1
651 659 1
651 661 1
651 673 1
651 693 1
652 671 1
652 675 1
652 695 1
653 687 1
653 858 1
653 1000 1
654 663 1
654 691 1
655 671 1
655 691 1
655 892 1
656 678 1
656 680 1
656 695 1
656 873 1
657 661 1
657 674 1
657 799 1
658 691 1
658 980 1
659 661 1
659 666 1
659 673 1
659 742 1
660 679 1
660 683 1
660 684 1
660 979 1
661 671 1
661 673 1
661 696 1
661 698 1
662 674 1
662 700 1
662 760 1
662 767 1
663 750 1
665 667 1
665 672 1
665 691 1
665 697 1
665 837 1
666 699 1
666 962 1
667 671 1
669 731 1
670 685 1
670 688 1
670 738 1
671 676 1
671 679 1
671 681 1
672 688 1
672 726 1
673 685 1
673 692 1
673 700 1
674 676 1
674 693 1
674 877 1
676 681 1
676 692 1
677 692 1
678 683 1
679 680 1
679 684 1
679 966 1
681 880 1
682 698 1
683 692 1
683 699 1
683 754 1
684 699 1
684 796 1
684 860 1
685 692 1
685 848 1
686 697 1
686 751 1
686 843 1
686 937 1
687 829 1
688 911 1
692 899 1
693 724 1
695 789 1
696 798 1
698 699 1
698 960 1
699 920 1
700 867 1
701 706 1
701 758 1
701 797 1
702 719 1
702 723 1
702 752 1
702 793 1
703 736 1
703 738 1
703 750 1
703 755 1
703 760 1
703 773 1
703 797 1
703 841 1
704 724 1
704 751 1
704 755 1
704 782 1
705 711 1
705 715 1
705 721 1
705 751 1
705 759 1
705 768 1
705 787 1
706 728 1
706 757 1
706 776 1
707 710 1
707 731 1
707 744 1
707 746 1
707 755 1
707 756 1
707 764 1
707 790 1
707 798 1
708 803 1
709 715 1
709 732 1
709 745 1
709 750 1
709 759 1
709 776 1
709 787 1
709 855 1
710 721 1
710 741 1
710 765 1
710 770 1
711 770 1
711 780 1
711 794 1
712 713 1
712 731 1
712 735 1
712 738 1
712 756 1
712 758 1
712 760 1
712 762 1
712 767 1
712 777 1
712 791 1
713 756 1
713 761 1
713 781 1
713 792 1
714 721 1
714 724 1
714 790 1
714 796 1
714 862 1
714 886 1
715 716 1
715 720 1
715 727 1
715 775 1
715 797 1
716 728 1
716 751 1
716 765 1
716 778 1
716 783 1
716 795 1
717 719 1
717 729 1
717 743 1
717 783 1
717 797 1
717 879 1
717 959 1
718 767 1
718 769 1
718 772 1
718 794 1
718 904 1
719 729 1
719 828 1
720 759 1
720 771 1
720 795 1
720 800 1
721 722 1
721 771 1
722 748 1
722 793 1
722 798 1
723 743 1
723 744 1
723 773 1
723 793 1
724 749 1
724 765 1
724 770 1
724 777 1
725 740 1
725 764 1
725 795 1
725 850 1
725 938 1
726 732 1
726 742 1
726 747 1
726 800 1
727 733 1
727 734 1
727 743 1
727 754 1
727 768 1
727 777 1
727 782 1
727 784 1
728 738 1
728 744 1
728 751 1
728 763 1
728 881 1
728 918 1
729 773 1
729 784 1
730 736 1
730 747 1
730 778 1
730 838 1
730 912 1
731 735 1
731 776 1
732 735 1
732 750 1
732 772 1
733 795 1
734 738 1
734 779 1
734 927 1
735 736 1
735 784 1
736 739 1
736 771 1
736 781 1
737 744 1
737 773 1
737 782 1
737 801 1
738 762 1
738 763 1
738 791 1
739 740 1
739 741 1
739 753 1
740 749 1
740 870 1
740 884 1
741 744 1
741 750 1
741 785 1
741 800 1
742 749 1
742 772 1
742 788 1
743 754 1
743 756 1
743 790 1
745 752 1
745 760 1
745 792 1
745 795 1
745 798 1
746 768 1
746 769 1
746 792 1
747 943 1
748 756 1
748 757 1
748 790 1
748 899 1
749 759 1
749 767 1
749 768 1
749 771 1
749 785 1
749 793 1
749 800 1
749 869 1
750 752 1
750 756 1
750 779 1
750 797 1
751 772 1
751 778 1
751 810 1
751 954 1
752 775 1
753 764 1
753 766 1
753 774 1
753 778 1
753 781 1
753 796 1
754 766 1
754 779 1
755 776 1
755 790 1
755 791 1
756 764 1
756 800 1
757 770 1
758 788 1
758 794 1
758 795 1
759 777 1
759 779 1
759 793 1
760 901 1
761 772 1
761 797 1
761 842 1
761 870 1
762 767 1
762 771 1
762 923 1
763 785 1
763 857 1
764 772 1
764 773 1
764 781 1
764 785 1
764 789 1
764 849 1
765 772 1
765 788 1
765 833 1
766 773 1
767 800 1
768 783 1
768 792 1
769 772 1
770 778 1
770 795 1
771 774 1
771 778 1
771 781 1
771 910 1
772 776 1
772 780 1
772 787 1
772 800 1
773 795 1
775 777 1
775 786 1
775 855 1
775 993 1
776 794 1
776 947 1
777 781 1
777 818 1
778 786 1
778 902 1
780 791 1
780 798 1
781 797 1
781 890 1
782 791 1
783 792 1
783 948 1
784 785 1
784 788 1
784 794 1
784 905 1
785 788 1
785 794 1
785 799 1
787 799 1
788 789 1
788 792 1
789 805 1
790 793 1
790 795 1
790 797 1
793 823 1
796 800 1
799 908 1
800 956 1
801 804 1
801 809 1
801 823 1
801 882 1
802 807 1
802 826 1
802 851 1
802 864 1
802 939 1
803 830 1
803 846 1
803 854 1
803 891 1
804 833 1
804 849 1
804 855 1
804 857 1
804 872 1
804 878 1
804 897 1
805 828 1
805 847 1
805 883 1
805 894 1
806 824 1
806 835 1
806 837 1
806 859 1
807 809 1
807 827 1
807 843 1
807 875 1
807 888 1
808 809 1
808 857 1
809 822 1
809 889 1
810 849 1
810 862 1
810 869 1
810 891 1
810 892 1
810 979 1
811 812 1
811 857 1
811 865 1
811 868 1
811 872 1
812 834 1
812 858 1
812 863 1
812 869 1
812 877 1
812 879 1
813 822 1
813 840 1
813 843 1
813 845 1
813 861 1
814 830 1
815 817 1
815 837 1
815 843 1
815 849 1
815 855 1
815 862 1
815 865 1
815 866 1
815 873 1
815 879 1
815 882 1
815 884 1
815 885 1
815 890 1
815 927 1
816 818 1
816 846 1
816 852 1
817 869 1
817 873 1
818 826 1
818 844 1
819 860 1
819 861 1
819 862 1
820 828 1
820 852 1
820 880 1
820 886 1
821 829 1
821 841 1
821 867 1
821 891 1
822 859 1
822 870 1
822 879 1
822 965 1
823 860 1
823 871 1
823 885 1
824 862 1
825 841 1
825 857 1
826 836 1
826 847 1
826 895 1
827 862 1
827 869 1
828 842 1
829 861 1
829 865 1
829 897 1
830 838 1
830 879 1
830 889 1
831 858 1
832 838 1
832 842 1
832 873 1
832 878 1
832 895 1
833 862 1
833 866 1
833 874 1
833 894 1
834 851 1
834 897 1
835 896 1
836 859 1
836 861 1
836 899 1
837 844 1
837 865 1
837 874 1
837 889 1
837 890 1
837 893 1
838 872 1
838 890 1
839 857 1
839 870 1
839 877 1
839 883 1
839 885 1
839 895 1
840 853 1
841 856 1
841 859 1
841 861 1
841 869 1
842 858 1
842 876 1
843 845 1
843 896 1
844 881 1
844 898 1
845 891 1
846 849 1
846 866 1
846 871 1
847 892 1
848 879 1
848 891 1
848 987 1
849 861 1
850 866 1
850 872 1
851 852 1
852 855 1
852 875 1
852 885 1
853 892 1
854 871 1
854 872 1
854 879 1
854 890 1
854 891 1
854 899 1
854 900 1
855 878 1
855 899 1
855 945 1
856 889 1
856 893 1
857 899 1
860 868 1
860 874 1
860 897 1
860 934 1
861 868 1
862 871 1
862 876 1
863 876 1
863 879 1
864 871 1
865 869 1
865 870 1
865 900 1
866 879 1
866 896 1
868 900 1
869 881 1
870 875 1
871 872 1
871 881 1
871 888 1
871 899 1
872 900 1
873 883 1
874 886 1
874 887 1
874 895 1
874 898 1
874 899 1
874 900 1
877 889 1
877 898 1
878 880 1
878 881 1
879 884 1
879 889 1
880 896 1
881 882 1
881 891 1
881 893 1
882 890 1
882 891 1
882 912 1
883 888 1
883 891 1
883 892 1
884 886 1
884 895 1
884 896 1
885 970 1
886 897 1
887 894 1
887 897 1
888 897 1
894 896 1
897 936 1
901 927 1
901 974 1
901 977 1
902 904 1
902 909 1
902 919 1
902 931 1
902 938 1
902 941 1
902 965 1
902 972 1
902 990 1
903 914 1
903 922 1
903 933 1
903 944 1
903 947 1
903 951 1
903 958 1
903 974 1
903 993 1
903 997 1
904 992 1
904 996 1
905 939 1
905 956 1
905 963 1
905 971 1
905 981 1
905 984 1
905 995 1
906 913 1
906 914 1
906 938 1
906 942 1
906 961 1
907 934 1
907 940 1
907 965 1
907 991 1
908 917 1
908 927 1
908 940 1
908 950 1
908 973 1
908 981 1
908 999 1
909 914 1
909 939 1
909 943 1
909 955 1
909 966 1
909 969 1
910 916 1
910 918 1
910 949 1
910 952 1
910 966 1
910 974 1
910 999 1
910 1000 1
911 967 1
911 998 1
912 917 1
912 918 1
912 920 1
912 944 1
912 961 1
913 919 1
913 947 1
913 1000 1
914 975 1
915 921 1
915 960 1
915 973 1
915 994 1
916 957 1
916 967 1
917 920 1
917 925 1
917 937 1
917 992 1
917 994 1
918 945 1
918 956 1
918 968 1
918 1000 1
919 944 1
919 969 1
919 989 1
919 995 1
920 946 1
920 965 1
920 973 1
920 986 1
921 957 1
921 991 1
922 948 1
922 949 1
922 973 1
922 983 1
922 998 1
923 934 1
923 946 1
923 958 1
923 969 1
923 983 1
923 988 1
924 933 1
924 961 1
924 970 1
925 927 1
925 930 1
925 935 1
925 953 1
925 955 1
925 986 1
925 996 1
926 934 1
926 991 1
926 995 1
927 932 1
927 978 1
927 979 1
928 937 1
928 938 1
928 948 1
928 980 1
928 990 1
929 932 1
929 967 1
929 988 1
929 994 1
930 936 1
930 975 1
931 937 1
931 946 1
931 978 1
931 985 1
931 994 1
931 995 1
931 999 1
932 935 1
932 955 1
932 965 1
932 989 1
932 990 1
933 939 1
933 958 1
933 968 1
933 983 1
934 971 1
934 980 1
934 981 1
934 989 1
935 941 1
935 949 1
935 966 1
935 981 1
935 998 1
936 950 1
936 974 1
936 982 1
936 985 1
937 938 1
937 943 1
937 963 1
937 977 1
937 985 1
938 949 1
938 982 1
939 945 1
939 953 1
939 969 1
940 968 1
940 992 1
940 993 1
940 995 1
940 998 1
941 964 1
941 971 1
941 978 1
942 963 1
942 964 1
942 969 1
942 974 1
942 979 1
943 945 1
944 972 1
944 989 1
945 973 1
945 990 1
946 960 1
946 970 1
946 988 1
948 976 1
949 974 1
949 980 1
949 997 1
949 999 1
951 953 1
951 967 1
952 960 1
952 985 1
952 996 1
953 955 1
953 957 1
953 997 1
954 964 1
954 971 1
954 974 1
955 984 1
955 995 1
956 979 1
956 989 1
957 966 1
957 973 1
957 974 1
957 975 1
957 981 1
957 982 1
957 987 1
957 994 1
958 959 1
958 965 1
958 975 1
958 990 1
959 986 1
960 963 1
960 974 1
960 992 1
960 996 1
961 962 1
961 969 1
961 976 1
961 981 1
962 980 1
963 976 1
964 977 1
964 998 1
965 981 1
966 981 1
967 982 1
968 982 1
968 1000 1
969 975 1
969 983 1
969 987 1
972 986 1
973 990 1
973 997 1
974 987 1
974 998 1
975 1000 1
976 977 1
977 987 1
977 994 1
978 980 1
978 987 1
978 996 1
980 992 1
980 998 1
982 989 1
982 994 1
983 988 1
986 997 1
987 992 1
990 993 1
991 998 1
992 996 1
994 997 1
994 998 1
