1000 3389
1 33 1
1 90 1
1 95 1
1 329 1
2 40 1
2 43 1
2 73 1
2 84 1
2 95 1
2 488 1
3 22 1
3 31 1
3 58 1
3 70 1
3 71 1
3 96 1
3 98 1
3 100 1
4 12 1
4 21 1
4 33 1
4 41 1
4 44 1
4 46 1
4 286 1
4 457 1
5 13 1
5 26 1
5 37 1
5 39 1
5 51 1
5 63 1
5 74 1
5 86 1
6 21 1
6 36 1
6 48 1
6 53 1
6 65 1
6 83 1
6 89 1
7 19 1
7 32 1
7 52 1
7 83 1
7 85 1
7 94 1
7 506 1
7 600 1
8 14 1
8 53 1
8 83 1
8 199 1
8 311 1
8 619 1
8 875 1
8 945 1
9 23 1
9 28 1
9 29 1
9 68 1
9 70 1
10 33 1
10 40 1
10 91 1
10 214 1
11 24 1
11 25 1
11 30 1
11 45 1
11 55 1
11 78 1
11 79 1
11 94 1
11 377 1
12 31 1
12 45 1
12 429 1
13 62 1
13 76 1
13 685 1
14 38 1
14 70 1
14 84 1
14 277 1
14 852 1
14 931 1
14 956 1
15 18 1
15 50 1
15 59 1
15 89 1
15 95 1
15 288 1
15 515 1
15 683 1
16 31 1
16 32 1
16 35 1
16 39 1
16 46 1
16 60 1
16 65 1
16 66 1
16 494 1
17 59 1
17 87 1
17 186 1
18 29 1
18 30 1
18 33 1
18 79 1
18 92 1
18 262 1
18 405 1
18 467 1
19 35 1
19 77 1
19 524 1
20 28 1
20 31 1
20 60 1
20 80 1
21 67 1
21 79 1
21 83 1
21 93 1
21 204 1
21 282 1
21 501 1
22 27 1
22 31 1
22 41 1
22 44 1
22 60 1
22 68 1
22 82 1
22 977 1
23 28 1
23 31 1
23 140 1
23 531 1
24 37 1
24 38 1
24 66 1
25 41 1
25 50 1
25 52 1
25 56 1
25 93 1
25 679 1
25 772 1
26 87 1
26 89 1
26 93 1
26 146 1
26 814 1
27 40 1
27 400 1
28 55 1
28 56 1
28 80 1
28 94 1
28 181 1
28 517 1
28 538 1
29 86 1
29 415 1
29 714 1
29 899 1
29 900 1
30 66 1
30 186 1
30 369 1
30 768 1
31 44 1
31 51 1
31 54 1
31 55 1
31 64 1
31 68 1
31 71 1
31 618 1
31 766 1
32 42 1
32 44 1
32 78 1
32 98 1
32 183 1
32 621 1
33 41 1
33 45 1
33 60 1
33 97 1
33 846 1
33 898 1
34 42 1
34 45 1
34 90 1
34 145 1
34 223 1
34 991 1
35 43 1
35 52 1
35 74 1
35 77 1
35 95 1
35 454 1
35 899 1
36 53 1
36 84 1
36 92 1
36 410 1
36 672 1
36 769 1
37 55 1
37 82 1
37 87 1
37 97 1
37 683 1
38 39 1
38 84 1
38 471 1
38 741 1
39 92 1
40 80 1
40 99 1
40 100 1
40 135 1
40 435 1
40 745 1
41 44 1
41 65 1
41 77 1
41 314 1
41 405 1
41 649 1
41 657 1
41 819 1
42 54 1
42 60 1
42 73 1
42 178 1
42 216 1
43 49 1
43 66 1
43 92 1
43 532 1
43 869 1
44 70 1
44 76 1
44 97 1
44 628 1
44 665 1
44 790 1
46 51 1
46 81 1
46 90 1
46 189 1
46 440 1
47 49 1
47 73 1
47 74 1
47 77 1
47 80 1
47 88 1
47 91 1
47 363 1
48 819 1
49 51 1
49 66 1
49 242 1
50 59 1
50 69 1
50 70 1
50 79 1
50 558 1
50 586 1
51 224 1
51 568 1
52 66 1
52 80 1
52 86 1
52 98 1
52 577 1
53 72 1
54 65 1
54 83 1
54 95 1
54 162 1
54 451 1
54 604 1
54 858 1
55 66 1
55 505 1
55 550 1
55 614 1
56 60 1
56 66 1
56 69 1
56 443 1
57 63 1
57 265 1
57 791 1
58 70 1
58 77 1
58 371 1
58 583 1
58 602 1
59 60 1
59 87 1
59 99 1
59 154 1
59 828 1
60 75 1
60 404 1
61 64 1
61 577 1
61 738 1
62 679 1
62 759 1
62 986 1
64 79 1
64 87 1
64 99 1
64 564 1
64 955 1
65 67 1
65 78 1
65 88 1
65 90 1
66 69 1
66 100 1
66 154 1
66 516 1
67 70 1
67 71 1
67 806 1
67 871 1
67 903 1
68 75 1
68 84 1
68 97 1
68 887 1
69 86 1
69 93 1
69 511 1
70 72 1
70 96 1
70 98 1
70 178 1
70 196 1
70 212 1
70 866 1
71 98 1
71 251 1
71 921 1
72 85 1
72 88 1
72 99 1
72 289 1
72 362 1
73 79 1
73 96 1
73 160 1
73 746 1
73 880 1
74 80 1
75 91 1
75 701 1
76 79 1
76 82 1
76 87 1
76 173 1
78 733 1
79 89 1
79 843 1
80 84 1
80 103 1
80 218 1
80 526 1
80 548 1
81 87 1
81 92 1
81 378 1
81 492 1
82 97 1
82 493 1
83 455 1
83 641 1
84 296 1
84 674 1
85 88 1
85 667 1
86 291 1
86 432 1
86 505 1
87 92 1
87 408 1
87 954 1
89 92 1
89 625 1
90 100 1
91 92 1
92 268 1
92 536 1
93 98 1
94 95 1
94 550 1
94 643 1
95 97 1
95 413 1
95 700 1
96 97 1
96 754 1
97 98 1
98 229 1
98 251 1
98 617 1
99 256 1
99 651 1
99 756 1
99 807 1
100 216 1
100 739 1
101 111 1
101 141 1
101 161 1
101 171 1
101 192 1
101 200 1
101 444 1
102 144 1
102 146 1
102 159 1
102 174 1
102 191 1
102 200 1
102 974 1
103 105 1
103 139 1
103 140 1
103 152 1
103 167 1
103 190 1
103 220 1
103 404 1
103 636 1
103 882 1
104 106 1
104 118 1
104 132 1
104 137 1
104 176 1
104 177 1
104 197 1
104 326 1
104 546 1
104 845 1
105 175 1
105 182 1
106 116 1
106 119 1
106 143 1
106 190 1
106 311 1
106 559 1
107 127 1
107 128 1
107 153 1
107 158 1
107 177 1
107 182 1
107 184 1
107 851 1
108 148 1
108 172 1
108 177 1
108 813 1
109 119 1
109 128 1
109 130 1
109 165 1
109 168 1
109 180 1
109 187 1
109 421 1
109 731 1
109 766 1
110 121 1
110 122 1
110 123 1
110 126 1
110 128 1
110 152 1
110 169 1
110 180 1
110 182 1
110 185 1
110 189 1
111 126 1
111 451 1
112 114 1
112 136 1
112 139 1
112 145 1
112 151 1
112 154 1
112 160 1
112 179 1
112 182 1
112 432 1
112 813 1
112 853 1
113 120 1
113 142 1
113 174 1
113 179 1
113 187 1
113 188 1
113 470 1
113 953 1
113 968 1
114 120 1
114 135 1
114 148 1
114 175 1
114 178 1
114 181 1
115 117 1
115 124 1
115 143 1
115 174 1
115 181 1
115 188 1
115 585 1
116 122 1
116 137 1
116 161 1
116 189 1
116 194 1
116 260 1
117 125 1
117 148 1
117 159 1
117 178 1
117 179 1
117 188 1
117 198 1
117 429 1
117 451 1
118 148 1
118 162 1
118 566 1
119 129 1
119 151 1
119 174 1
120 164 1
120 187 1
120 191 1
120 291 1
120 749 1
120 892 1
121 153 1
121 159 1
121 170 1
121 188 1
121 189 1
121 773 1
122 138 1
122 162 1
122 178 1
122 179 1
122 933 1
123 126 1
123 129 1
123 135 1
123 173 1
123 318 1
123 888 1
123 944 1
124 135 1
124 165 1
124 607 1
125 168 1
125 180 1
125 637 1
126 131 1
126 134 1
126 160 1
126 174 1
126 525 1
126 847 1
126 931 1
127 128 1
127 143 1
127 162 1
127 164 1
127 171 1
127 198 1
127 478 1
128 193 1
128 428 1
128 718 1
128 849 1
129 200 1
129 675 1
130 133 1
130 135 1
130 154 1
130 164 1
130 179 1
130 190 1
131 132 1
131 193 1
131 347 1
131 432 1
131 997 1
132 150 1
132 152 1
132 170 1
132 182 1
132 188 1
132 577 1
132 588 1
132 809 1
132 843 1
132 901 1
133 142 1
133 188 1
133 196 1
133 212 1
133 654 1
134 138 1
134 141 1
134 178 1
134 393 1
134 644 1
135 181 1
135 422 1
135 842 1
136 143 1
136 164 1
136 175 1
136 197 1
136 200 1
136 245 1
136 883 1
137 181 1
138 139 1
138 142 1
138 169 1
138 182 1
138 190 1
138 198 1
138 454 1
138 557 1
139 146 1
139 161 1
139 313 1
139 803 1
140 145 1
140 184 1
141 164 1
141 180 1
141 183 1
141 184 1
141 323 1
141 379 1
142 185 1
142 196 1
142 614 1
143 283 1
144 163 1
144 168 1
144 189 1
145 166 1
145 167 1
145 176 1
145 900 1
146 161 1
146 199 1
146 852 1
146 854 1
146 923 1
147 187 1
147 405 1
148 156 1
148 182 1
148 706 1
148 766 1
149 172 1
149 192 1
149 829 1
150 172 1
150 185 1
150 191 1
150 198 1
150 610 1
151 157 1
151 169 1
151 171 1
151 877 1
152 168 1
152 367 1
152 767 1
153 171 1
153 420 1
154 292 1
155 167 1
155 486 1
155 695 1
156 830 1
157 294 1
157 325 1
157 520 1
157 910 1
158 719 1
159 197 1
159 484 1
159 536 1
159 843 1
160 166 1
160 188 1
160 683 1
160 707 1
160 996 1
161 179 1
161 332 1
161 851 1
163 165 1
163 170 1
163 366 1
163 709 1
164 172 1
164 191 1
164 543 1
164 797 1
165 193 1
165 565 1
166 169 1
166 176 1
166 177 1
166 204 1
166 634 1
166 743 1
166 980 1
166 1000 1
167 175 1
167 183 1
167 190 1
167 219 1
167 224 1
167 263 1
167 837 1
168 183 1
170 328 1
170 926 1
171 189 1
171 198 1
171 830 1
171 989 1
172 174 1
172 197 1
172 331 1
172 445 1
172 627 1
173 190 1
173 196 1
173 367 1
173 910 1
174 187 1
174 199 1
175 176 1
175 179 1
175 193 1
176 718 1
176 740 1
177 939 1
177 988 1
178 495 1
178 814 1
178 949 1
178 973 1
179 184 1
179 194 1
179 195 1
179 253 1
179 698 1
179 746 1
179 813 1
181 183 1
182 186 1
182 907 1
183 195 1
183 528 1
183 620 1
184 195 1
185 312 1
185 639 1
185 780 1
185 871 1
186 187 1
186 270 1
186 433 1
186 849 1
187 189 1
187 770 1
188 710 1
188 902 1
189 498 1
189 756 1
190 192 1
190 665 1
191 198 1
191 843 1
191 897 1
192 937 1
193 406 1
194 263 1
194 825 1
195 945 1
196 489 1
197 347 1
197 555 1
197 983 1
199 302 1
199 576 1
199 598 1
200 509 1
201 206 1
201 239 1
201 270 1
201 272 1
201 274 1
201 279 1
201 297 1
201 494 1
201 514 1
201 731 1
201 798 1
202 206 1
202 211 1
202 212 1
202 219 1
202 242 1
202 250 1
202 269 1
202 282 1
203 213 1
203 270 1
203 294 1
203 298 1
203 546 1
203 562 1
203 715 1
204 230 1
204 283 1
204 286 1
204 526 1
204 744 1
205 230 1
205 255 1
205 275 1
205 684 1
205 987 1
206 216 1
206 217 1
206 224 1
206 234 1
206 793 1
206 929 1
206 945 1
207 232 1
207 254 1
207 258 1
207 312 1
207 667 1
207 679 1
207 966 1
208 236 1
208 248 1
208 285 1
208 290 1
208 293 1
208 572 1
208 598 1
208 900 1
209 244 1
209 245 1
209 287 1
209 298 1
209 346 1
210 240 1
210 262 1
210 296 1
210 443 1
210 941 1
211 257 1
211 259 1
211 276 1
211 277 1
211 294 1
211 299 1
212 213 1
212 215 1
212 231 1
212 256 1
212 265 1
212 272 1
212 304 1
212 413 1
212 890 1
213 222 1
213 267 1
213 275 1
213 284 1
214 233 1
214 267 1
214 268 1
214 272 1
214 287 1
214 292 1
214 748 1
214 849 1
215 224 1
215 228 1
215 293 1
215 316 1
216 233 1
216 239 1
216 241 1
216 243 1
216 246 1
216 276 1
216 297 1
216 437 1
216 438 1
216 644 1
216 787 1
217 232 1
217 254 1
217 291 1
217 859 1
218 252 1
218 253 1
218 254 1
218 259 1
218 272 1
218 290 1
218 293 1
218 382 1
218 800 1
219 222 1
219 226 1
219 249 1
219 252 1
219 258 1
219 294 1
219 541 1
219 861 1
219 882 1
220 247 1
220 248 1
220 266 1
221 245 1
221 803 1
222 233 1
222 252 1
222 261 1
222 263 1
222 264 1
222 269 1
222 275 1
222 284 1
222 293 1
222 297 1
223 259 1
223 269 1
223 270 1
223 281 1
223 601 1
224 226 1
224 250 1
224 259 1
224 265 1
224 294 1
224 299 1
224 684 1
224 750 1
224 886 1
225 234 1
225 237 1
225 242 1
225 264 1
225 269 1
225 278 1
225 606 1
225 644 1
225 860 1
226 254 1
226 259 1
226 275 1
226 294 1
226 994 1
227 238 1
227 252 1
227 259 1
227 266 1
228 241 1
228 243 1
229 268 1
229 474 1
229 863 1
230 233 1
230 261 1
230 268 1
230 295 1
230 299 1
230 526 1
230 557 1
231 239 1
231 249 1
231 252 1
231 456 1
232 242 1
232 253 1
232 284 1
233 245 1
233 249 1
233 285 1
233 290 1
233 515 1
234 255 1
234 261 1
234 273 1
234 300 1
234 632 1
234 685 1
234 815 1
235 293 1
236 248 1
236 250 1
236 253 1
236 261 1
236 269 1
236 420 1
237 238 1
237 250 1
237 255 1
237 263 1
237 546 1
237 599 1
238 269 1
238 287 1
238 410 1
239 286 1
239 300 1
239 749 1
239 863 1
239 984 1
240 261 1
240 267 1
240 300 1
240 647 1
241 274 1
241 403 1
241 458 1
241 887 1
242 252 1
242 258 1
242 276 1
243 273 1
243 275 1
243 278 1
243 284 1
243 291 1
243 525 1
243 953 1
244 250 1
244 294 1
244 702 1
245 254 1
245 265 1
245 280 1
245 298 1
245 616 1
246 273 1
246 923 1
247 283 1
247 514 1
247 596 1
248 531 1
248 894 1
249 265 1
249 269 1
249 471 1
250 255 1
250 266 1
250 289 1
250 299 1
251 253 1
251 278 1
251 279 1
251 290 1
251 292 1
252 255 1
252 258 1
252 262 1
252 272 1
252 530 1
252 710 1
253 266 1
253 291 1
254 258 1
254 261 1
254 300 1
255 273 1
255 295 1
255 354 1
255 785 1
256 290 1
256 563 1
257 268 1
257 282 1
257 294 1
257 314 1
257 612 1
258 260 1
258 274 1
258 275 1
258 283 1
258 288 1
259 926 1
260 272 1
260 291 1
260 328 1
260 458 1
260 541 1
261 272 1
261 992 1
262 454 1
262 782 1
262 966 1
263 702 1
264 287 1
264 757 1
265 756 1
266 298 1
266 701 1
267 284 1
267 297 1
267 300 1
267 439 1
267 472 1
267 554 1
269 277 1
269 289 1
269 290 1
269 698 1
270 589 1
270 737 1
271 294 1
271 519 1
272 273 1
272 308 1
273 275 1
273 291 1
273 296 1
273 298 1
273 564 1
274 285 1
274 292 1
274 502 1
274 704 1
274 714 1
274 932 1
275 279 1
275 280 1
276 282 1
276 285 1
277 684 1
278 279 1
278 291 1
278 294 1
278 297 1
278 401 1
278 473 1
278 629 1
279 280 1
279 285 1
279 289 1
279 290 1
279 300 1
279 322 1
279 897 1
280 285 1
280 287 1
280 291 1
280 504 1
280 856 1
282 295 1
282 659 1
283 294 1
283 423 1
283 494 1
283 793 1
284 887 1
285 291 1
285 452 1
285 918 1
286 293 1
286 358 1
286 482 1
287 570 1
287 730 1
288 294 1
289 294 1
289 715 1
290 300 1
290 739 1
290 850 1
291 300 1
291 521 1
292 803 1
293 517 1
294 624 1
296 364 1
296 420 1
297 631 1
298 393 1
298 751 1
298 963 1
299 303 1
299 572 1
299 996 1
300 452 1
300 732 1
301 302 1
301 339 1
301 355 1
301 360 1
302 330 1
302 364 1
302 374 1
302 389 1
302 486 1
302 665 1
302 761 1
303 307 1
303 353 1
303 374 1
303 376 1
303 768 1
304 346 1
304 348 1
304 350 1
304 371 1
304 377 1
305 312 1
305 316 1
305 650 1
305 896 1
306 309 1
306 331 1
306 353 1
306 356 1
306 376 1
306 398 1
306 437 1
306 474 1
307 310 1
307 333 1
307 359 1
307 400 1
307 860 1
308 325 1
308 350 1
308 368 1
308 369 1
308 382 1
308 456 1
308 613 1
309 343 1
310 317 1
310 325 1
310 369 1
310 371 1
310 376 1
310 381 1
310 385 1
310 392 1
310 398 1
311 333 1
311 348 1
311 384 1
311 388 1
311 394 1
311 399 1
311 623 1
312 319 1
312 372 1
312 411 1
312 594 1
313 332 1
313 334 1
313 373 1
313 389 1
314 323 1
314 338 1
314 368 1
314 390 1
314 775 1
315 318 1
315 326 1
315 363 1
315 377 1
315 393 1
315 478 1
315 583 1
316 361 1
316 367 1
316 400 1
317 319 1
317 346 1
317 370 1
317 524 1
317 687 1
317 736 1
317 847 1
318 335 1
318 380 1
318 382 1
318 413 1
319 349 1
319 352 1
319 356 1
319 585 1
320 331 1
320 395 1
321 329 1
321 349 1
321 354 1
321 355 1
321 375 1
321 382 1
322 338 1
322 379 1
322 551 1
322 609 1
323 331 1
323 339 1
323 363 1
323 376 1
323 382 1
323 528 1
323 722 1
324 333 1
324 334 1
324 381 1
324 395 1
324 997 1
325 672 1
326 329 1
326 349 1
326 351 1
326 435 1
327 333 1
327 340 1
327 359 1
327 370 1
327 376 1
327 397 1
328 331 1
328 362 1
328 368 1
328 420 1
329 339 1
329 348 1
329 350 1
329 354 1
329 373 1
329 379 1
329 380 1
329 384 1
329 751 1
329 808 1
329 989 1
330 334 1
330 354 1
330 371 1
330 434 1
330 497 1
331 334 1
331 337 1
331 399 1
331 670 1
332 336 1
332 362 1
332 363 1
332 502 1
333 334 1
333 386 1
333 393 1
333 709 1
334 384 1
334 394 1
334 726 1
335 336 1
335 344 1
335 355 1
335 356 1
335 397 1
335 899 1
336 366 1
336 368 1
336 389 1
336 393 1
336 493 1
337 382 1
337 385 1
338 346 1
338 349 1
339 378 1
339 389 1
339 675 1
340 344 1
340 398 1
340 466 1
340 551 1
340 886 1
340 887 1
341 357 1
341 362 1
341 389 1
341 506 1
341 734 1
342 382 1
343 395 1
343 615 1
344 364 1
344 629 1
344 825 1
345 368 1
345 846 1
346 377 1
346 386 1
346 390 1
346 394 1
347 351 1
347 393 1
347 455 1
347 616 1
347 808 1
348 359 1
348 399 1
349 370 1
349 372 1
349 398 1
350 353 1
350 356 1
350 368 1
350 534 1
351 352 1
351 356 1
351 372 1
351 382 1
351 391 1
352 365 1
352 370 1
352 371 1
352 374 1
352 399 1
352 400 1
353 388 1
353 392 1
353 632 1
353 808 1
354 381 1
354 388 1
354 495 1
354 730 1
354 934 1
355 373 1
355 375 1
355 382 1
355 525 1
355 672 1
355 694 1
355 873 1
355 951 1
356 388 1
356 390 1
357 361 1
357 370 1
357 375 1
357 380 1
357 393 1
357 398 1
357 569 1
358 378 1
358 394 1
358 860 1
359 364 1
359 387 1
359 395 1
360 366 1
360 972 1
361 369 1
361 370 1
361 380 1
361 382 1
361 390 1
362 840 1
363 397 1
363 645 1
363 797 1
364 373 1
364 388 1
365 376 1
365 378 1
365 381 1
365 701 1
366 575 1
367 397 1
367 516 1
367 718 1
367 820 1
367 821 1
367 977 1
368 394 1
368 476 1
369 381 1
369 534 1
369 977 1
370 390 1
371 382 1
372 380 1
372 382 1
372 664 1
372 903 1
373 379 1
373 387 1
373 434 1
373 550 1
373 945 1
375 381 1
375 523 1
375 658 1
376 386 1
376 388 1
377 385 1
378 391 1
379 399 1
379 759 1
380 394 1
380 396 1
380 420 1
380 553 1
380 940 1
381 385 1
381 418 1
382 383 1
382 385 1
382 720 1
383 394 1
383 398 1
383 467 1
385 396 1
385 397 1
385 584 1
386 692 1
387 389 1
387 394 1
387 395 1
388 409 1
389 390 1
390 872 1
390 912 1
390 923 1
392 605 1
392 849 1
393 775 1
394 833 1
395 398 1
395 810 1
397 531 1
397 902 1
398 858 1
398 916 1
400 767 1
401 409 1
401 422 1
401 441 1
401 470 1
401 809 1
401 843 1
402 431 1
402 496 1
403 436 1
403 441 1
403 453 1
403 485 1
403 655 1
404 408 1
404 440 1
404 460 1
404 477 1
404 936 1
405 442 1
405 453 1
405 572 1
406 444 1
406 499 1
406 606 1
406 869 1
407 420 1
407 423 1
407 470 1
407 491 1
407 705 1
407 823 1
408 421 1
408 443 1
408 447 1
408 470 1
408 497 1
408 985 1
409 412 1
409 437 1
409 500 1
410 419 1
410 427 1
410 447 1
410 472 1
410 474 1
410 954 1
411 412 1
411 476 1
411 493 1
411 496 1
411 660 1
411 683 1
411 811 1
411 975 1
412 413 1
412 424 1
412 438 1
412 455 1
412 456 1
412 457 1
412 462 1
412 476 1
413 432 1
413 446 1
413 485 1
414 418 1
415 436 1
415 450 1
415 814 1
416 428 1
416 439 1
416 449 1
416 461 1
416 577 1
417 429 1
417 432 1
417 446 1
417 478 1
417 495 1
417 506 1
418 650 1
418 825 1
419 439 1
419 454 1
419 460 1
419 467 1
419 486 1
420 450 1
420 457 1
420 483 1
421 433 1
421 439 1
421 443 1
421 460 1
421 476 1
421 611 1
421 630 1
422 434 1
422 476 1
422 486 1
422 804 1
423 435 1
423 456 1
423 476 1
423 861 1
424 452 1
424 457 1
424 459 1
424 466 1
424 467 1
424 482 1
424 824 1
425 428 1
425 466 1
425 470 1
425 476 1
425 477 1
425 784 1
426 449 1
426 454 1
426 464 1
426 500 1
426 737 1
426 923 1
427 429 1
427 431 1
427 435 1
427 444 1
427 466 1
427 478 1
427 781 1
428 431 1
428 470 1
428 478 1
428 816 1
428 903 1
429 624 1
429 846 1
430 470 1
430 480 1
430 499 1
431 481 1
431 489 1
431 494 1
431 495 1
431 926 1
432 459 1
432 475 1
432 489 1
433 483 1
434 438 1
434 471 1
434 482 1
435 474 1
436 443 1
436 477 1
436 481 1
436 498 1
436 905 1
437 444 1
437 449 1
437 488 1
437 495 1
438 441 1
438 448 1
439 445 1
439 455 1
439 460 1
439 620 1
439 647 1
439 679 1
440 443 1
440 453 1
440 862 1
440 945 1
441 467 1
441 482 1
441 495 1
441 499 1
441 974 1
442 463 1
442 467 1
442 475 1
442 494 1
442 703 1
443 479 1
443 484 1
443 735 1
444 463 1
444 470 1
444 488 1
444 491 1
445 450 1
445 462 1
445 466 1
445 468 1
445 475 1
445 485 1
445 620 1
446 462 1
446 469 1
446 965 1
447 452 1
447 453 1
447 457 1
447 464 1
447 473 1
447 804 1
448 479 1
448 499 1
449 456 1
449 460 1
449 467 1
449 474 1
449 477 1
449 485 1
449 591 1
450 466 1
450 467 1
450 481 1
450 488 1
451 452 1
451 468 1
451 484 1
451 492 1
452 471 1
452 475 1
452 479 1
452 480 1
453 456 1
453 465 1
453 469 1
453 475 1
453 481 1
453 652 1
454 456 1
454 478 1
454 495 1
454 788 1
455 492 1
455 673 1
456 640 1
457 463 1
457 472 1
457 487 1
458 460 1
458 469 1
459 484 1
460 463 1
460 499 1
460 965 1
460 966 1
461 645 1
461 703 1
462 505 1
462 551 1
462 679 1
464 495 1
465 467 1
465 488 1
465 498 1
465 817 1
466 476 1
466 491 1
466 499 1
468 494 1
468 532 1
468 623 1
469 483 1
469 884 1
470 476 1
470 493 1
470 590 1
471 477 1
471 496 1
471 792 1
472 481 1
473 478 1
473 482 1
473 484 1
473 495 1
473 919 1
474 487 1
476 896 1
477 480 1
477 498 1
477 877 1
477 908 1
478 487 1
479 490 1
479 492 1
480 494 1
481 491 1
483 755 1
483 844 1
484 497 1
486 493 1
486 498 1
486 863 1
488 535 1
488 921 1
488 986 1
489 511 1
489 999 1
490 493 1
490 583 1
490 933 1
491 672 1
492 667 1
493 667 1
494 499 1
494 900 1
495 496 1
495 499 1
499 968 1
501 507 1
501 514 1
501 523 1
501 576 1
501 583 1
501 589 1
501 620 1
502 506 1
502 513 1
502 545 1
502 572 1
502 587 1
502 710 1
503 575 1
503 584 1
503 595 1
503 689 1
504 509 1
504 523 1
504 528 1
504 530 1
504 556 1
504 557 1
504 567 1
504 569 1
504 573 1
504 592 1
504 788 1
505 527 1
505 529 1
505 565 1
505 584 1
505 588 1
506 540 1
506 593 1
506 657 1
507 557 1
507 559 1
507 566 1
507 568 1
507 575 1
507 915 1
508 533 1
508 541 1
508 576 1
508 599 1
509 527 1
509 529 1
509 536 1
509 566 1
509 567 1
509 584 1
509 849 1
509 996 1
510 521 1
510 543 1
510 545 1
510 552 1
510 713 1
511 513 1
511 523 1
511 540 1
511 566 1
511 572 1
512 527 1
512 572 1
512 574 1
512 588 1
512 597 1
512 803 1
512 982 1
513 520 1
513 554 1
513 581 1
513 585 1
513 620 1
513 680 1
513 913 1
514 529 1
514 533 1
514 549 1
514 551 1
514 571 1
514 890 1
515 542 1
515 568 1
516 537 1
516 559 1
516 562 1
516 581 1
516 585 1
516 587 1
516 769 1
517 553 1
517 556 1
517 569 1
517 756 1
518 563 1
518 596 1
518 720 1
519 521 1
519 528 1
519 531 1
519 567 1
519 571 1
519 597 1
519 756 1
519 879 1
519 968 1
520 521 1
520 538 1
520 557 1
520 565 1
520 570 1
520 576 1
520 579 1
520 598 1
520 599 1
521 525 1
521 536 1
521 543 1
521 546 1
521 567 1
521 582 1
521 735 1
521 796 1
521 838 1
521 933 1
522 532 1
522 534 1
522 538 1
522 542 1
522 567 1
523 526 1
523 547 1
523 961 1
524 528 1
524 548 1
524 556 1
524 578 1
524 579 1
525 528 1
525 534 1
525 566 1
525 569 1
525 581 1
525 587 1
525 922 1
525 979 1
526 539 1
526 549 1
526 551 1
526 576 1
526 580 1
526 589 1
526 608 1
526 614 1
526 771 1
526 835 1
527 530 1
527 536 1
527 547 1
527 584 1
527 596 1
527 712 1
528 586 1
528 587 1
528 592 1
528 595 1
529 532 1
529 551 1
529 582 1
529 588 1
529 923 1
530 538 1
530 541 1
530 543 1
530 551 1
530 578 1
530 582 1
531 551 1
531 552 1
531 587 1
532 545 1
532 552 1
532 553 1
532 589 1
532 703 1
533 543 1
533 549 1
533 572 1
534 557 1
534 589 1
535 541 1
535 551 1
535 564 1
535 600 1
536 558 1
536 580 1
536 597 1
536 841 1
537 541 1
537 549 1
537 829 1
538 584 1
538 608 1
539 554 1
539 574 1
539 583 1
539 593 1
540 556 1
540 562 1
540 563 1
540 564 1
540 570 1
540 572 1
540 744 1
540 765 1
541 566 1
541 585 1
541 599 1
542 557 1
542 559 1
542 579 1
542 995 1
543 564 1
543 565 1
543 579 1
543 821 1
544 550 1
544 558 1
544 577 1
544 580 1
544 592 1
544 769 1
544 819 1
545 572 1
545 585 1
545 589 1
546 556 1
546 573 1
546 575 1
546 576 1
546 583 1
546 591 1
547 580 1
547 860 1
548 563 1
548 576 1
548 590 1
549 559 1
549 651 1
550 599 1
550 714 1
551 560 1
551 563 1
551 596 1
551 600 1
551 849 1
552 585 1
552 595 1
553 555 1
553 575 1
553 583 1
553 937 1
555 558 1
555 573 1
555 574 1
555 587 1
555 693 1
556 566 1
557 571 1
557 573 1
558 582 1
558 592 1
558 667 1
559 580 1
559 586 1
559 769 1
560 561 1
560 563 1
560 573 1
560 576 1
560 597 1
561 580 1
561 600 1
562 590 1
562 597 1
563 576 1
563 818 1
563 952 1
564 572 1
564 575 1
564 584 1
564 588 1
564 591 1
565 975 1
566 904 1
567 568 1
567 598 1
568 575 1
568 591 1
568 921 1
569 600 1
571 587 1
571 597 1
571 926 1
572 580 1
572 596 1
572 853 1
573 598 1
573 861 1
574 583 1
574 694 1
575 589 1
577 580 1
577 595 1
577 828 1
578 663 1
579 855 1
580 584 1
580 596 1
580 932 1
581 596 1
581 639 1
581 703 1
581 927 1
581 942 1
582 935 1
582 971 1
583 592 1
583 625 1
583 985 1
584 592 1
584 634 1
584 992 1
585 595 1
586 926 1
586 943 1
586 948 1
588 594 1
589 598 1
589 900 1
591 596 1
592 867 1
594 604 1
594 864 1
595 596 1
595 598 1
595 614 1
596 617 1
597 598 1
598 625 1
599 759 1
599 773 1
599 819 1
601 617 1
601 674 1
601 683 1
602 669 1
603 633 1
603 635 1
603 645 1
604 605 1
604 618 1
604 631 1
604 638 1
604 695 1
604 698 1
604 700 1
604 709 1
604 800 1
605 627 1
605 650 1
605 661 1
605 681 1
605 697 1
606 616 1
606 654 1
606 660 1
606 681 1
606 695 1
606 698 1
607 642 1
607 656 1
608 609 1
608 613 1
608 619 1
608 633 1
608 648 1
608 652 1
608 678 1
608 679 1
608 691 1
608 739 1
608 764 1
608 858 1
609 611 1
609 626 1
609 629 1
609 657 1
609 671 1
609 675 1
609 684 1
609 892 1
610 612 1
610 650 1
610 655 1
610 665 1
610 698 1
610 949 1
611 641 1
611 643 1
611 646 1
611 651 1
611 666 1
611 698 1
612 627 1
612 647 1
612 659 1
612 660 1
612 671 1
612 674 1
612 680 1
612 897 1
613 646 1
613 652 1
614 621 1
614 653 1
615 620 1
615 638 1
615 642 1
615 644 1
615 654 1
615 655 1
615 658 1
615 689 1
615 691 1
615 733 1
616 647 1
616 683 1
617 665 1
617 705 1
618 620 1
618 628 1
618 630 1
618 676 1
618 679 1
618 682 1
618 684 1
619 636 1
619 644 1
619 685 1
620 685 1
620 689 1
621 630 1
621 645 1
621 650 1
621 998 1
622 629 1
622 649 1
622 674 1
622 679 1
623 681 1
623 907 1
623 914 1
624 639 1
624 664 1
624 675 1
624 681 1
624 686 1
624 690 1
625 630 1
625 649 1
625 657 1
625 665 1
625 763 1
626 642 1
626 649 1
626 715 1
627 690 1
628 632 1
628 638 1
628 659 1
628 960 1
629 630 1
629 635 1
629 640 1
629 644 1
629 647 1
629 673 1
629 677 1
630 682 1
630 685 1
631 645 1
631 664 1
631 855 1
632 633 1
632 666 1
632 667 1
632 687 1
632 688 1
632 695 1
632 698 1
633 668 1
633 769 1
634 650 1
634 814 1
635 649 1
635 660 1
635 679 1
635 697 1
635 713 1
636 639 1
636 644 1
636 649 1
636 695 1
637 640 1
637 642 1
637 669 1
637 676 1
637 678 1
637 690 1
637 696 1
637 798 1
637 930 1
637 946 1
638 648 1
638 656 1
638 677 1
638 794 1
639 676 1
639 678 1
639 696 1
639 788 1
639 882 1
640 645 1
640 652 1
640 674 1
641 672 1
641 679 1
641 695 1
641 781 1
642 658 1
643 656 1
643 657 1
643 694 1
644 647 1
644 658 1
644 685 1
644 696 1
645 660 1
645 688 1
645 699 1
645 849 1
646 663 1
646 675 1
646 678 1
646 682 1
646 691 1
647 671 1
647 679 1
647 681 1
647 769 1
647 903 1
648 672 1
648 678 1
648 696 1
648 700 1
649 678 1
649 690 1
649 694 1
650 666 1
650 667 1
650 672 1
650 682 1
650 700 1
651 683 1
651 946 1
652 664 1
652 667 1
652 691 1
652 693 1
652 695 1
653 674 1
653 677 1
653 681 1
653 684 1
653 799 1
654 661 1
654 691 1
655 668 1
656 658 1
656 661 1
656 692 1
656 694 1
657 672 1
657 683 1
657 692 1
657 695 1
657 950 1
658 693 1
659 666 1
659 670 1
659 683 1
659 729 1
659 848 1
660 688 1
661 666 1
662 677 1
662 683 1
662 752 1
663 682 1
663 688 1
664 695 1
664 827 1
665 666 1
665 686 1
665 876 1
667 681 1
667 685 1
667 760 1
667 961 1
670 679 1
670 690 1
670 776 1
671 693 1
671 710 1
672 897 1
673 689 1
673 696 1
673 805 1
674 681 1
674 692 1
674 695 1
675 690 1
676 689 1
676 697 1
678 698 1
678 926 1
679 689 1
679 693 1
680 691 1
681 939 1
682 693 1
684 692 1
684 694 1
685 691 1
685 756 1
686 691 1
688 695 1
688 931 1
689 699 1
689 849 1
690 827 1
690 972 1
692 1000 1
694 749 1
694 757 1
694 887 1
697 866 1
697 935 1
701 706 1
701 753 1
701 770 1
701 774 1
701 780 1
701 784 1
701 786 1
702 711 1
702 736 1
703 740 1
703 783 1
703 796 1
703 800 1
704 729 1
704 730 1
704 744 1
704 757 1
704 789 1
705 710 1
705 720 1
705 765 1
705 770 1
705 800 1
706 710 1
706 721 1
706 730 1
706 764 1
706 787 1
706 797 1
707 736 1
707 737 1
707 793 1
708 721 1
708 759 1
708 765 1
708 775 1
708 799 1
708 834 1
709 745 1
709 876 1
710 711 1
710 719 1
710 738 1
710 757 1
710 767 1
711 718 1
711 725 1
711 729 1
711 767 1
711 769 1
711 770 1
711 776 1
711 778 1
712 735 1
712 737 1
712 791 1
712 800 1
712 897 1
713 730 1
713 758 1
713 765 1
713 775 1
713 777 1
713 794 1
713 797 1
714 719 1
714 721 1
714 728 1
714 773 1
714 796 1
714 797 1
715 717 1
715 779 1
715 790 1
715 912 1
715 981 1
716 729 1
716 738 1
716 760 1
716 779 1
716 793 1
716 796 1
717 738 1
717 742 1
718 752 1
718 759 1
718 778 1
718 780 1
719 743 1
719 810 1
719 853 1
719 940 1
719 944 1
720 725 1
720 726 1
720 777 1
720 797 1
721 726 1
721 735 1
721 746 1
721 758 1
721 768 1
722 729 1
722 746 1
722 801 1
722 825 1
723 753 1
724 731 1
724 732 1
724 747 1
724 772 1
725 726 1
725 767 1
725 892 1
726 734 1
726 735 1
726 748 1
726 757 1
727 764 1
727 793 1
728 760 1
728 762 1
728 793 1
729 768 1
729 778 1
729 790 1
730 736 1
730 775 1
730 792 1
731 778 1
731 780 1
731 790 1
731 798 1
732 735 1
732 741 1
732 753 1
732 774 1
732 784 1
732 786 1
732 789 1
732 792 1
733 767 1
733 769 1
734 751 1
734 787 1
735 744 1
735 795 1
735 914 1
735 939 1
736 738 1
736 744 1
736 749 1
736 791 1
737 738 1
737 790 1
738 750 1
738 761 1
738 787 1
738 909 1
739 748 1
739 760 1
739 763 1
739 774 1
739 788 1
739 795 1
739 800 1
740 779 1
740 791 1
740 798 1
740 830 1
741 745 1
741 748 1
741 766 1
741 925 1
742 788 1
742 792 1
743 745 1
743 748 1
743 754 1
743 762 1
743 775 1
744 763 1
744 770 1
744 771 1
744 966 1
745 749 1
745 796 1
746 782 1
746 798 1
747 800 1
747 838 1
748 766 1
748 785 1
748 799 1
748 962 1
749 766 1
749 789 1
749 791 1
749 885 1
750 753 1
750 758 1
750 765 1
750 779 1
750 791 1
751 762 1
751 772 1
751 775 1
751 787 1
751 788 1
751 856 1
751 878 1
752 754 1
752 762 1
752 763 1
752 771 1
752 792 1
753 760 1
753 764 1
753 790 1
753 792 1
753 796 1
754 800 1
755 760 1
755 788 1
756 788 1
756 957 1
758 764 1
758 772 1
758 779 1
758 790 1
759 791 1
759 793 1
759 795 1
759 912 1
759 988 1
760 788 1
761 762 1
761 789 1
761 900 1
762 788 1
762 797 1
762 884 1
762 974 1
765 785 1
765 949 1
768 770 1
768 994 1
769 774 1
769 800 1
769 898 1
770 774 1
770 795 1
771 772 1
771 776 1
771 785 1
771 796 1
771 800 1
772 786 1
772 978 1
774 776 1
774 788 1
774 800 1
774 867 1
774 876 1
775 799 1
775 985 1
776 777 1
776 794 1
776 872 1
777 794 1
777 869 1
778 781 1
778 786 1
778 793 1
778 869 1
779 788 1
779 800 1
781 785 1
781 795 1
781 796 1
781 800 1
781 864 1
782 785 1
783 784 1
783 882 1
784 785 1
784 862 1
785 786 1
785 835 1
786 787 1
786 788 1
786 795 1
787 796 1
787 797 1
788 799 1
793 932 1
794 796 1
794 798 1
795 799 1
795 924 1
795 992 1
799 952 1
801 804 1
801 807 1
801 810 1
801 836 1
801 844 1
801 861 1
801 884 1
801 890 1
801 894 1
801 902 1
802 831 1
802 845 1
802 855 1
802 896 1
802 942 1
803 814 1
803 837 1
803 860 1
803 885 1
803 895 1
804 805 1
804 827 1
804 875 1
804 883 1
805 817 1
805 818 1
805 850 1
805 855 1
805 881 1
805 888 1
805 895 1
806 815 1
806 835 1
806 855 1
806 881 1
806 888 1
806 896 1
807 817 1
807 824 1
807 834 1
807 845 1
807 861 1
807 875 1
807 879 1
807 899 1
808 815 1
808 828 1
808 853 1
808 869 1
808 871 1
808 876 1
808 890 1
809 839 1
809 849 1
809 875 1
809 895 1
809 896 1
810 891 1
811 816 1
811 838 1
811 861 1
811 873 1
812 816 1
812 839 1
812 843 1
812 845 1
812 849 1
812 879 1
812 883 1
813 817 1
813 825 1
813 850 1
813 865 1
813 891 1
813 892 1
814 846 1
814 855 1
814 858 1
814 892 1
814 895 1
814 987 1
814 990 1
815 820 1
815 852 1
815 877 1
815 884 1
816 877 1
817 828 1
817 833 1
817 839 1
817 871 1
817 888 1
817 897 1
818 828 1
818 840 1
818 841 1
818 860 1
818 883 1
818 892 1
818 896 1
818 897 1
818 937 1
819 822 1
819 888 1
819 928 1
820 855 1
820 868 1
820 871 1
821 867 1
822 826 1
822 851 1
822 881 1
822 889 1
822 890 1
822 900 1
823 830 1
823 842 1
823 865 1
823 866 1
823 877 1
823 881 1
823 883 1
823 919 1
824 832 1
824 842 1
825 829 1
825 842 1
825 866 1
825 888 1
826 830 1
826 881 1
826 882 1
826 890 1
826 891 1
827 844 1
828 880 1
829 831 1
829 871 1
829 874 1
829 879 1
829 986 1
830 833 1
830 835 1
830 851 1
830 858 1
830 869 1
830 877 1
830 887 1
830 893 1
830 896 1
830 898 1
831 865 1
831 866 1
831 870 1
831 889 1
832 847 1
832 871 1
832 882 1
832 895 1
832 897 1
833 871 1
834 842 1
834 854 1
834 862 1
834 879 1
834 881 1
835 848 1
835 861 1
835 868 1
835 875 1
835 879 1
835 887 1
836 847 1
836 858 1
836 888 1
836 894 1
836 897 1
837 845 1
837 880 1
837 897 1
838 850 1
838 862 1
838 900 1
840 882 1
840 884 1
841 849 1
841 853 1
841 893 1
842 848 1
842 860 1
842 871 1
843 849 1
843 856 1
843 868 1
844 847 1
844 893 1
845 863 1
845 885 1
845 897 1
846 872 1
846 881 1
846 892 1
847 857 1
848 868 1
848 871 1
848 878 1
848 890 1
848 898 1
849 869 1
849 871 1
850 858 1
850 862 1
850 865 1
850 868 1
850 880 1
850 898 1
850 931 1
851 866 1
851 895 1
851 899 1
852 855 1
852 859 1
852 870 1
852 887 1
853 895 1
854 859 1
854 892 1
855 863 1
855 873 1
855 883 1
855 888 1
856 861 1
856 880 1
857 877 1
857 899 1
857 927 1
858 862 1
858 864 1
858 870 1
859 889 1
859 896 1
860 868 1
860 878 1
860 897 1
861 873 1
861 878 1
861 896 1
862 878 1
862 884 1
862 894 1
863 878 1
863 884 1
864 880 1
864 882 1
865 892 1
866 877 1
867 888 1
867 890 1
867 897 1
867 899 1
867 940 1
868 887 1
868 970 1
869 876 1
871 886 1
873 884 1
874 885 1
877 887 1
877 891 1
877 925 1
879 882 1
879 890 1
880 892 1
880 893 1
880 921 1
881 887 1
882 883 1
882 886 1
882 887 1
883 891 1
883 897 1
883 898 1
883 960 1
884 887 1
884 933 1
886 896 1
888 893 1
889 896 1
897 959 1
901 902 1
901 925 1
901 968 1
901 998 1
902 926 1
902 931 1
902 953 1
902 958 1
902 965 1
903 955 1
903 980 1
903 985 1
903 988 1
903 999 1
904 934 1
904 946 1
904 965 1
904 1000 1
905 906 1
905 921 1
905 943 1
905 987 1
905 991 1
905 1000 1
906 919 1
906 935 1
906 958 1
906 969 1
906 976 1
906 983 1
907 909 1
907 912 1
907 931 1
907 937 1
907 948 1
908 990 1
908 998 1
909 911 1
909 917 1
909 955 1
909 958 1
910 927 1
910 928 1
910 945 1
910 952 1
910 968 1
910 975 1
911 926 1
911 935 1
911 983 1
912 914 1
912 926 1
912 963 1
913 934 1
913 970 1
914 933 1
914 957 1
914 965 1
914 970 1
914 998 1
915 923 1
915 928 1
915 942 1
915 969 1
915 972 1
915 997 1
915 999 1
916 927 1
916 943 1
916 946 1
916 947 1
918 935 1
918 983 1
918 995 1
919 933 1
919 937 1
919 948 1
919 950 1
919 955 1
919 957 1
919 959 1
919 965 1
919 990 1
920 923 1
920 947 1
920 953 1
920 957 1
920 987 1
921 922 1
922 924 1
922 987 1
922 988 1
923 952 1
923 956 1
923 966 1
924 928 1
924 941 1
924 959 1
924 986 1
924 996 1
924 997 1
925 952 1
925 953 1
925 968 1
925 975 1
925 986 1
926 945 1
927 928 1
927 950 1
927 966 1
928 933 1
928 940 1
928 972 1
928 978 1
928 979 1
928 982 1
928 994 1
929 962 1
929 985 1
929 995 1
929 996 1
930 949 1
930 977 1
931 951 1
931 952 1
931 954 1
931 987 1
932 951 1
932 955 1
932 963 1
932 985 1
932 997 1
933 959 1
933 976 1
934 935 1
934 937 1
935 937 1
935 959 1
935 970 1
935 981 1
935 995 1
936 937 1
936 947 1
936 980 1
936 984 1
936 1000 1
937 941 1
938 967 1
938 975 1
938 985 1
938 992 1
938 998 1
939 969 1
939 979 1
940 951 1
940 989 1
940 1000 1
941 957 1
941 982 1
941 988 1
941 993 1
942 943 1
942 952 1
943 945 1
943 979 1
943 991 1
944 957 1
944 971 1
944 994 1
944 995 1
945 953 1
945 954 1
945 966 1
945 987 1
947 958 1
947 964 1
947 991 1
948 951 1
948 953 1
948 957 1
948 962 1
949 967 1
949 980 1
949 981 1
949 986 1
949 989 1
950 971 1
951 953 1
951 955 1
952 983 1
953 975 1
954 986 1
954 991 1
955 990 1
956 969 1
956 983 1
956 994 1
957 965 1
958 967 1
958 971 1
958 995 1
959 960 1
959 984 1
959 986 1
959 992 1
960 961 1
960 980 1
960 983 1
960 997 1
961 988 1
962 983 1
963 986 1
964 973 1
966 995 1
967 974 1
968 993 1
969 977 1
969 992 1
971 978 1
971 987 1
971 991 1
971 996 1
974 980 1
974 986 1
976 983 1
983 986 1
984 1000 1
987 999 1
988 995 1
992 995 1
