1000 3510
1 21 1
1 44 1
1 52 1
1 65 1
1 82 1
1 85 1
1 87 1
1 95 1
1 96 1
1 334 1
1 529 1
1 591 1
2 17 1
2 163 1
2 248 1
3 4 1
3 40 1
3 68 1
3 97 1
3 789 1
3 922 1
3 966 1
4 44 1
4 47 1
4 88 1
4 192 1
4 380 1
4 742 1
4 930 1
5 54 1
5 88 1
5 89 1
5 236 1
5 566 1
5 716 1
6 8 1
6 17 1
6 168 1
6 460 1
6 741 1
6 968 1
7 10 1
7 40 1
7 81 1
7 601 1
8 40 1
8 72 1
8 79 1
8 416 1
8 849 1
9 11 1
9 13 1
9 23 1
9 31 1
9 34 1
9 98 1
9 171 1
10 26 1
10 35 1
10 50 1
10 57 1
10 76 1
10 84 1
10 95 1
10 98 1
10 198 1
10 390 1
11 24 1
11 41 1
11 74 1
11 76 1
12 36 1
12 37 1
12 38 1
12 39 1
12 65 1
12 83 1
12 86 1
12 367 1
12 493 1
12 615 1
13 45 1
13 47 1
13 77 1
13 689 1
14 42 1
14 51 1
14 61 1
14 75 1
14 186 1
14 349 1
14 745 1
14 910 1
15 43 1
15 62 1
15 998 1
16 70 1
16 91 1
16 93 1
16 437 1
16 565 1
16 938 1
17 22 1
17 40 1
17 49 1
17 63 1
17 96 1
18 55 1
18 68 1
18 84 1
19 29 1
19 31 1
19 33 1
19 64 1
19 73 1
19 94 1
19 97 1
19 98 1
19 170 1
19 587 1
19 763 1
19 951 1
20 24 1
20 32 1
20 56 1
20 73 1
20 238 1
20 280 1
21 39 1
21 66 1
21 87 1
21 99 1
21 469 1
22 24 1
22 182 1
22 517 1
23 29 1
23 30 1
23 46 1
23 59 1
23 67 1
23 92 1
24 51 1
24 53 1
24 60 1
24 70 1
24 92 1
24 96 1
24 268 1
25 31 1
25 77 1
25 80 1
25 86 1
25 94 1
25 138 1
25 642 1
25 882 1
26 35 1
26 37 1
26 57 1
26 68 1
26 72 1
26 80 1
26 88 1
26 300 1
26 767 1
26 780 1
26 842 1
27 31 1
27 49 1
27 86 1
28 49 1
28 53 1
28 231 1
28 249 1
29 58 1
29 96 1
29 426 1
29 463 1
30 55 1
30 88 1
30 843 1
31 43 1
31 44 1
31 74 1
31 325 1
31 655 1
31 824 1
31 981 1
32 33 1
32 38 1
32 56 1
32 73 1
32 387 1
32 635 1
32 761 1
32 971 1
33 51 1
33 66 1
33 78 1
33 92 1
34 72 1
34 92 1
34 367 1
34 423 1
34 496 1
34 847 1
35 49 1
35 59 1
35 82 1
35 93 1
36 37 1
36 503 1
37 153 1
38 44 1
38 79 1
38 81 1
38 85 1
38 622 1
38 769 1
39 58 1
39 100 1
39 411 1
39 740 1
39 894 1
39 989 1
40 72 1
40 78 1
40 84 1
40 88 1
40 98 1
40 471 1
41 44 1
41 50 1
41 61 1
41 93 1
41 358 1
41 424 1
41 956 1
42 55 1
42 56 1
42 605 1
42 987 1
43 50 1
43 57 1
43 87 1
43 90 1
43 142 1
43 215 1
44 50 1
44 62 1
44 64 1
44 86 1
44 91 1
44 95 1
44 175 1
44 588 1
44 705 1
45 70 1
45 71 1
45 83 1
45 473 1
45 821 1
46 50 1
46 51 1
46 96 1
46 393 1
46 425 1
47 410 1
47 720 1
47 787 1
48 79 1
48 88 1
48 98 1
48 351 1
48 521 1
49 50 1
49 51 1
49 52 1
49 62 1
49 71 1
49 98 1
49 711 1
50 54 1
50 61 1
50 74 1
50 78 1
50 106 1
50 356 1
50 882 1
50 988 1
51 55 1
51 66 1
51 80 1
51 92 1
52 70 1
52 74 1
52 124 1
52 728 1
53 370 1
54 62 1
54 79 1
54 583 1
56 82 1
56 235 1
56 814 1
56 837 1
57 78 1
57 84 1
57 220 1
57 462 1
57 490 1
57 865 1
58 62 1
58 74 1
58 573 1
58 945 1
59 72 1
59 77 1
59 655 1
60 61 1
60 95 1
60 100 1
60 102 1
60 172 1
60 176 1
60 180 1
60 421 1
61 77 1
61 91 1
61 100 1
61 487 1
61 817 1
62 86 1
62 617 1
62 976 1
63 69 1
63 70 1
63 74 1
63 91 1
63 96 1
63 230 1
63 375 1
63 391 1
63 572 1
64 69 1
64 88 1
64 658 1
65 68 1
65 75 1
65 87 1
65 91 1
65 500 1
66 68 1
66 72 1
66 73 1
66 99 1
66 435 1
67 95 1
68 247 1
68 355 1
69 85 1
69 888 1
70 73 1
70 87 1
70 93 1
71 230 1
71 546 1
71 677 1
72 217 1
72 724 1
72 820 1
72 924 1
73 419 1
73 498 1
73 552 1
73 626 1
73 672 1
74 89 1
74 98 1
74 130 1
75 80 1
75 387 1
75 693 1
76 87 1
76 97 1
76 460 1
76 634 1
77 96 1
77 831 1
78 81 1
78 473 1
79 131 1
79 385 1
79 648 1
79 669 1
79 775 1
80 94 1
80 95 1
80 316 1
81 93 1
81 94 1
81 802 1
82 86 1
82 89 1
82 420 1
82 547 1
82 756 1
83 94 1
83 982 1
84 100 1
85 86 1
85 470 1
86 470 1
86 947 1
87 224 1
88 90 1
88 653 1
89 96 1
89 99 1
89 789 1
90 99 1
90 168 1
90 461 1
90 726 1
90 815 1
91 97 1
91 623 1
91 634 1
91 917 1
92 96 1
92 614 1
92 642 1
92 829 1
92 877 1
92 900 1
93 96 1
93 99 1
95 869 1
96 121 1
96 251 1
96 393 1
96 440 1
96 944 1
98 487 1
98 916 1
99 451 1
101 106 1
101 114 1
101 145 1
101 152 1
101 155 1
101 159 1
101 166 1
101 178 1
101 185 1
101 193 1
101 199 1
101 725 1
102 110 1
102 116 1
102 138 1
102 164 1
102 188 1
102 313 1
102 315 1
103 112 1
103 154 1
103 163 1
103 171 1
103 199 1
103 227 1
103 927 1
104 119 1
104 137 1
104 158 1
104 161 1
104 167 1
104 183 1
104 198 1
104 490 1
104 960 1
105 114 1
105 118 1
105 126 1
105 133 1
105 137 1
105 143 1
105 151 1
105 176 1
105 912 1
106 143 1
106 155 1
106 161 1
106 166 1
106 257 1
107 138 1
107 151 1
107 162 1
107 166 1
107 196 1
107 428 1
108 123 1
108 152 1
108 165 1
108 181 1
108 185 1
108 487 1
109 153 1
109 186 1
109 879 1
109 998 1
110 156 1
110 161 1
110 653 1
110 899 1
111 123 1
111 141 1
111 176 1
111 200 1
111 502 1
111 858 1
112 156 1
112 183 1
112 200 1
112 439 1
112 641 1
112 981 1
113 128 1
113 142 1
113 162 1
113 171 1
113 175 1
114 175 1
114 316 1
115 130 1
115 165 1
115 186 1
115 192 1
115 475 1
116 180 1
116 183 1
116 189 1
116 192 1
116 562 1
116 919 1
117 138 1
117 146 1
117 154 1
117 400 1
117 468 1
117 934 1
118 175 1
118 176 1
118 198 1
118 335 1
118 935 1
118 964 1
119 148 1
119 149 1
119 195 1
120 161 1
120 196 1
121 123 1
121 138 1
121 141 1
121 147 1
121 155 1
121 181 1
121 216 1
122 143 1
122 156 1
122 196 1
122 238 1
122 498 1
122 842 1
123 124 1
123 167 1
123 176 1
123 185 1
123 615 1
123 785 1
123 915 1
124 125 1
124 157 1
124 188 1
124 190 1
124 213 1
124 227 1
124 401 1
124 439 1
124 836 1
124 879 1
125 175 1
125 414 1
125 515 1
125 859 1
126 131 1
126 137 1
126 138 1
126 191 1
126 196 1
126 375 1
126 445 1
127 156 1
127 161 1
127 249 1
127 431 1
128 170 1
128 171 1
128 177 1
128 181 1
128 193 1
128 866 1
129 141 1
129 151 1
129 195 1
129 317 1
129 534 1
130 152 1
130 154 1
130 190 1
130 796 1
131 146 1
131 155 1
131 163 1
131 191 1
132 138 1
132 143 1
132 170 1
132 191 1
132 554 1
132 599 1
132 726 1
133 165 1
133 175 1
133 199 1
133 536 1
133 836 1
134 150 1
134 162 1
134 168 1
135 165 1
135 189 1
135 240 1
135 345 1
136 143 1
136 156 1
136 162 1
136 191 1
136 192 1
136 753 1
136 811 1
137 156 1
137 196 1
138 156 1
138 174 1
138 195 1
138 774 1
139 141 1
139 155 1
139 160 1
139 186 1
139 722 1
139 834 1
139 990 1
140 148 1
140 173 1
140 716 1
141 157 1
141 163 1
141 165 1
141 185 1
141 194 1
141 197 1
142 163 1
142 167 1
142 183 1
142 200 1
143 146 1
143 159 1
143 180 1
143 624 1
143 826 1
144 146 1
144 150 1
144 152 1
144 222 1
144 260 1
144 307 1
144 720 1
145 151 1
145 155 1
145 179 1
145 187 1
145 290 1
145 557 1
146 156 1
146 161 1
146 435 1
146 583 1
147 186 1
147 196 1
147 304 1
148 166 1
148 200 1
148 270 1
148 367 1
148 515 1
148 872 1
149 180 1
149 198 1
150 158 1
150 188 1
150 198 1
150 526 1
150 538 1
150 841 1
151 172 1
151 435 1
151 711 1
151 805 1
152 190 1
152 652 1
152 985 1
153 175 1
153 181 1
153 186 1
153 197 1
153 253 1
153 346 1
153 959 1
153 960 1
154 163 1
154 189 1
154 432 1
154 682 1
155 189 1
155 252 1
156 180 1
156 183 1
156 832 1
157 978 1
158 186 1
159 160 1
159 166 1
159 335 1
159 543 1
159 609 1
159 729 1
159 881 1
160 175 1
160 211 1
160 289 1
160 740 1
161 170 1
161 172 1
161 178 1
161 198 1
161 910 1
162 175 1
162 176 1
162 381 1
162 485 1
162 664 1
163 935 1
164 898 1
165 230 1
165 781 1
166 168 1
166 175 1
167 379 1
167 655 1
167 728 1
168 189 1
168 214 1
168 965 1
168 1000 1
170 173 1
170 187 1
170 198 1
171 179 1
171 191 1
171 195 1
171 655 1
172 173 1
172 194 1
173 195 1
173 200 1
173 314 1
174 205 1
174 413 1
175 178 1
175 189 1
175 198 1
175 322 1
175 691 1
175 939 1
176 183 1
176 186 1
176 761 1
177 515 1
178 188 1
178 193 1
178 194 1
178 449 1
179 209 1
180 190 1
180 430 1
180 505 1
180 583 1
180 680 1
181 183 1
181 483 1
181 691 1
181 738 1
182 563 1
182 638 1
183 251 1
183 862 1
184 187 1
184 705 1
184 716 1
184 867 1
185 202 1
185 667 1
185 849 1
185 902 1
186 326 1
186 470 1
186 962 1
187 232 1
187 534 1
189 192 1
189 561 1
190 193 1
190 484 1
191 197 1
191 199 1
191 200 1
191 267 1
191 760 1
192 215 1
192 974 1
194 243 1
195 367 1
195 422 1
195 445 1
196 334 1
196 444 1
196 722 1
196 848 1
198 741 1
199 200 1
201 204 1
201 220 1
201 251 1
201 266 1
201 270 1
201 941 1
202 218 1
202 227 1
202 229 1
202 249 1
202 258 1
202 264 1
202 286 1
203 226 1
203 233 1
203 246 1
203 247 1
203 266 1
203 277 1
203 285 1
203 351 1
203 813 1
203 818 1
204 212 1
204 224 1
204 226 1
204 249 1
204 256 1
204 261 1
205 209 1
205 235 1
205 236 1
205 251 1
205 272 1
205 275 1
205 292 1
205 296 1
206 219 1
206 233 1
206 252 1
206 285 1
207 238 1
207 262 1
207 283 1
207 520 1
207 855 1
207 995 1
208 245 1
208 247 1
208 252 1
208 266 1
208 275 1
208 277 1
208 289 1
208 462 1
208 697 1
208 798 1
208 858 1
209 274 1
209 293 1
209 298 1
209 337 1
209 752 1
209 995 1
210 212 1
210 215 1
210 227 1
210 242 1
210 254 1
210 260 1
210 261 1
210 267 1
210 270 1
210 272 1
210 279 1
210 354 1
210 492 1
210 974 1
211 213 1
211 264 1
211 290 1
211 647 1
212 224 1
212 258 1
212 266 1
213 282 1
213 283 1
213 411 1
213 433 1
214 277 1
214 297 1
214 340 1
215 238 1
215 263 1
215 264 1
215 361 1
215 377 1
216 235 1
216 278 1
216 288 1
216 420 1
216 640 1
217 225 1
217 241 1
217 254 1
217 268 1
217 272 1
217 285 1
217 438 1
217 853 1
218 223 1
218 238 1
218 262 1
218 273 1
218 682 1
218 828 1
219 252 1
219 270 1
219 274 1
219 287 1
219 360 1
219 804 1
220 228 1
220 229 1
220 247 1
220 258 1
220 288 1
220 404 1
221 232 1
221 233 1
221 275 1
221 289 1
221 298 1
221 900 1
222 229 1
222 239 1
222 243 1
222 245 1
222 248 1
222 256 1
222 258 1
222 259 1
222 298 1
222 343 1
222 961 1
223 224 1
223 228 1
223 229 1
223 237 1
223 247 1
223 257 1
223 272 1
223 276 1
223 279 1
224 237 1
224 250 1
224 258 1
224 269 1
224 275 1
224 276 1
224 278 1
224 514 1
224 657 1
224 981 1
225 230 1
225 231 1
225 246 1
225 261 1
225 763 1
226 264 1
226 283 1
226 293 1
226 640 1
227 233 1
227 242 1
227 294 1
227 527 1
227 998 1
228 257 1
228 272 1
228 284 1
228 293 1
228 791 1
229 245 1
229 248 1
229 867 1
229 983 1
230 263 1
230 265 1
230 270 1
230 272 1
230 286 1
230 670 1
231 252 1
231 269 1
232 239 1
232 271 1
232 273 1
232 445 1
233 247 1
233 257 1
233 270 1
233 556 1
233 586 1
233 711 1
234 270 1
234 281 1
234 293 1
234 300 1
234 863 1
235 238 1
235 261 1
235 272 1
235 285 1
235 286 1
235 290 1
235 298 1
235 346 1
235 948 1
236 256 1
236 261 1
236 265 1
236 286 1
236 337 1
236 494 1
237 252 1
237 259 1
237 283 1
237 297 1
237 462 1
238 249 1
238 250 1
238 267 1
238 278 1
238 285 1
238 310 1
238 378 1
238 726 1
238 757 1
239 250 1
239 258 1
239 260 1
239 297 1
239 300 1
239 368 1
240 258 1
240 261 1
240 265 1
240 287 1
240 293 1
240 300 1
240 487 1
240 927 1
241 265 1
241 275 1
241 280 1
241 285 1
241 293 1
241 377 1
241 441 1
241 734 1
242 256 1
242 260 1
242 264 1
242 281 1
242 295 1
242 298 1
242 894 1
243 248 1
243 252 1
243 256 1
243 276 1
243 291 1
243 602 1
243 749 1
244 246 1
244 247 1
244 255 1
244 262 1
244 268 1
244 285 1
244 456 1
245 430 1
245 806 1
245 943 1
246 265 1
246 268 1
246 270 1
246 297 1
246 727 1
247 250 1
247 273 1
247 283 1
247 833 1
248 270 1
248 276 1
249 252 1
249 623 1
249 640 1
250 253 1
250 255 1
250 264 1
250 268 1
251 267 1
251 411 1
251 629 1
252 264 1
252 901 1
253 265 1
254 269 1
254 298 1
255 261 1
255 272 1
255 290 1
255 576 1
256 289 1
256 808 1
256 877 1
256 924 1
257 258 1
257 260 1
257 269 1
257 449 1
257 611 1
257 940 1
258 287 1
258 746 1
259 270 1
259 273 1
259 281 1
259 283 1
259 981 1
260 272 1
260 309 1
261 274 1
261 276 1
261 279 1
261 285 1
261 292 1
261 293 1
261 516 1
261 935 1
262 280 1
262 288 1
262 296 1
262 432 1
263 277 1
263 281 1
264 299 1
264 579 1
264 905 1
264 965 1
265 284 1
265 285 1
265 300 1
266 278 1
266 556 1
266 600 1
266 675 1
266 816 1
267 276 1
267 802 1
267 975 1
267 989 1
268 539 1
269 296 1
269 323 1
269 603 1
270 285 1
270 292 1
270 628 1
271 273 1
271 390 1
272 965 1
273 569 1
274 290 1
274 298 1
274 570 1
274 806 1
275 283 1
275 292 1
275 299 1
275 525 1
276 281 1
276 291 1
276 296 1
276 464 1
277 283 1
277 286 1
277 298 1
277 353 1
277 725 1
278 294 1
278 335 1
278 707 1
278 919 1
279 295 1
279 298 1
279 548 1
280 339 1
280 435 1
280 989 1
281 291 1
281 944 1
283 296 1
283 683 1
283 846 1
284 285 1
284 682 1
284 893 1
284 953 1
285 296 1
285 315 1
285 420 1
285 735 1
286 292 1
286 438 1
286 482 1
287 298 1
287 405 1
287 981 1
288 593 1
289 493 1
289 610 1
289 673 1
290 297 1
290 880 1
290 919 1
292 466 1
293 502 1
293 922 1
294 882 1
295 298 1
295 529 1
295 780 1
296 478 1
297 299 1
299 607 1
299 814 1
300 551 1
300 854 1
301 323 1
301 333 1
301 381 1
301 398 1
301 743 1
301 776 1
301 986 1
302 303 1
302 322 1
302 327 1
302 334 1
302 353 1
302 356 1
302 392 1
302 400 1
302 458 1
302 460 1
303 369 1
303 390 1
304 324 1
304 372 1
304 388 1
304 392 1
304 400 1
304 532 1
305 346 1
305 365 1
305 366 1
305 397 1
305 437 1
306 333 1
306 351 1
306 373 1
306 396 1
307 315 1
307 322 1
307 335 1
307 337 1
307 348 1
307 379 1
307 730 1
307 795 1
308 323 1
308 342 1
308 371 1
308 378 1
308 393 1
309 334 1
309 635 1
310 315 1
310 342 1
310 345 1
310 368 1
310 390 1
310 391 1
311 349 1
311 392 1
311 525 1
312 324 1
312 354 1
312 357 1
312 372 1
312 380 1
312 397 1
312 733 1
312 755 1
313 316 1
313 321 1
313 348 1
313 357 1
313 378 1
313 393 1
313 697 1
314 330 1
314 340 1
314 350 1
314 356 1
314 358 1
314 363 1
314 875 1
315 332 1
315 350 1
315 365 1
315 390 1
315 542 1
315 798 1
316 363 1
316 698 1
317 344 1
317 352 1
317 379 1
317 495 1
318 319 1
318 335 1
318 336 1
318 381 1
318 397 1
319 358 1
319 365 1
319 390 1
319 391 1
319 524 1
319 673 1
320 354 1
320 362 1
320 441 1
320 796 1
321 327 1
321 395 1
321 432 1
321 785 1
322 365 1
322 391 1
322 809 1
322 945 1
323 369 1
323 374 1
323 386 1
323 746 1
324 410 1
325 366 1
325 374 1
325 383 1
325 388 1
325 641 1
326 332 1
326 350 1
326 355 1
326 363 1
326 370 1
326 373 1
326 389 1
327 339 1
327 365 1
327 386 1
328 332 1
328 369 1
328 370 1
328 377 1
328 387 1
328 769 1
329 331 1
329 343 1
329 368 1
329 372 1
329 379 1
330 334 1
330 347 1
330 359 1
330 398 1
330 965 1
330 973 1
331 345 1
331 381 1
331 394 1
331 625 1
331 719 1
332 394 1
332 676 1
333 336 1
333 351 1
333 359 1
333 368 1
333 393 1
333 398 1
334 340 1
334 343 1
334 345 1
334 350 1
334 352 1
334 368 1
334 382 1
334 389 1
334 393 1
334 602 1
334 933 1
335 336 1
335 379 1
336 344 1
336 376 1
336 556 1
336 596 1
337 345 1
337 370 1
337 827 1
338 353 1
338 356 1
339 347 1
339 349 1
339 384 1
339 386 1
340 655 1
341 348 1
341 350 1
341 351 1
341 355 1
341 375 1
341 868 1
342 368 1
343 353 1
343 381 1
343 388 1
343 390 1
344 360 1
344 381 1
344 390 1
344 395 1
344 443 1
344 906 1
345 351 1
345 489 1
345 567 1
346 351 1
346 352 1
346 484 1
346 734 1
347 384 1
347 391 1
347 510 1
347 627 1
348 385 1
348 399 1
348 761 1
349 350 1
349 370 1
349 785 1
349 967 1
350 352 1
350 366 1
350 373 1
350 376 1
350 399 1
350 402 1
350 774 1
351 358 1
351 363 1
351 364 1
351 372 1
351 378 1
352 356 1
352 362 1
352 367 1
352 377 1
352 506 1
352 828 1
353 364 1
353 380 1
353 391 1
353 393 1
354 361 1
354 386 1
354 388 1
354 389 1
354 392 1
354 662 1
355 357 1
355 914 1
356 366 1
356 377 1
357 364 1
357 894 1
358 372 1
358 498 1
358 684 1
358 888 1
359 377 1
359 980 1
360 371 1
360 398 1
360 523 1
361 367 1
361 385 1
361 392 1
361 782 1
361 999 1
362 365 1
362 438 1
363 397 1
363 729 1
364 372 1
364 384 1
364 543 1
365 385 1
365 552 1
365 877 1
366 372 1
366 378 1
366 716 1
367 381 1
367 386 1
367 704 1
367 910 1
367 956 1
368 718 1
369 375 1
369 391 1
369 396 1
369 400 1
369 513 1
369 793 1
370 439 1
371 386 1
371 389 1
371 393 1
371 397 1
371 631 1
371 661 1
371 984 1
372 377 1
372 380 1
372 426 1
373 378 1
373 418 1
373 858 1
374 390 1
375 381 1
375 711 1
375 830 1
376 385 1
376 724 1
376 854 1
377 378 1
377 842 1
377 915 1
377 969 1
378 636 1
378 742 1
378 895 1
379 453 1
380 396 1
380 400 1
382 446 1
382 549 1
382 987 1
383 400 1
383 648 1
383 982 1
384 436 1
386 387 1
386 392 1
386 539 1
386 853 1
387 723 1
388 859 1
388 882 1
388 941 1
389 896 1
390 396 1
390 641 1
391 397 1
391 405 1
392 397 1
395 458 1
395 752 1
396 518 1
397 543 1
397 651 1
397 657 1
399 448 1
399 791 1
400 742 1
401 413 1
401 445 1
401 473 1
401 478 1
401 488 1
402 432 1
402 445 1
402 456 1
402 458 1
402 491 1
402 829 1
403 439 1
403 446 1
403 488 1
403 788 1
404 422 1
404 436 1
404 839 1
405 412 1
405 453 1
405 799 1
406 414 1
406 416 1
406 429 1
406 440 1
406 469 1
406 488 1
406 509 1
406 859 1
406 865 1
406 881 1
407 413 1
407 446 1
407 456 1
407 586 1
407 656 1
407 912 1
408 414 1
408 439 1
408 712 1
409 421 1
409 425 1
409 484 1
409 581 1
410 421 1
410 459 1
410 461 1
410 462 1
410 465 1
411 417 1
411 422 1
411 434 1
411 443 1
411 464 1
411 469 1
411 473 1
411 488 1
412 422 1
412 428 1
412 483 1
412 484 1
412 488 1
412 602 1
412 746 1
413 458 1
413 474 1
413 476 1
413 495 1
413 757 1
414 434 1
414 451 1
414 471 1
414 485 1
414 499 1
415 434 1
415 440 1
415 462 1
415 570 1
416 431 1
416 455 1
416 488 1
416 692 1
417 420 1
417 425 1
417 460 1
418 424 1
418 450 1
418 483 1
418 738 1
419 428 1
419 432 1
419 447 1
419 454 1
419 458 1
419 465 1
420 421 1
420 440 1
420 455 1
420 494 1
420 499 1
420 645 1
420 710 1
421 423 1
421 452 1
421 480 1
421 498 1
421 544 1
422 461 1
422 472 1
422 474 1
422 477 1
422 498 1
422 909 1
423 424 1
423 429 1
423 435 1
423 452 1
423 463 1
423 471 1
423 642 1
424 447 1
424 450 1
424 473 1
424 491 1
425 469 1
425 479 1
425 487 1
425 497 1
426 494 1
426 892 1
426 911 1
426 995 1
427 441 1
427 454 1
427 494 1
428 442 1
428 483 1
428 500 1
428 963 1
429 438 1
429 442 1
429 448 1
429 462 1
429 493 1
429 717 1
430 438 1
430 444 1
430 458 1
430 459 1
430 470 1
431 442 1
431 444 1
431 455 1
431 465 1
431 472 1
431 478 1
431 482 1
431 494 1
431 608 1
431 937 1
432 459 1
432 471 1
432 484 1
432 491 1
432 495 1
432 924 1
433 437 1
433 494 1
433 587 1
434 446 1
434 451 1
434 469 1
434 481 1
434 716 1
435 451 1
435 478 1
435 498 1
435 707 1
436 498 1
436 564 1
437 496 1
437 497 1
438 797 1
439 469 1
439 472 1
439 994 1
440 445 1
440 487 1
441 450 1
441 455 1
441 469 1
441 495 1
441 498 1
441 529 1
441 531 1
442 451 1
443 497 1
444 452 1
444 456 1
444 459 1
444 477 1
444 491 1
444 589 1
445 461 1
445 483 1
445 494 1
445 497 1
446 689 1
447 456 1
447 463 1
447 471 1
447 476 1
447 982 1
448 482 1
448 487 1
448 494 1
449 450 1
449 467 1
449 494 1
449 897 1
450 462 1
450 467 1
450 474 1
450 482 1
451 455 1
451 456 1
451 470 1
451 620 1
451 723 1
451 907 1
452 464 1
452 468 1
452 485 1
452 678 1
452 751 1
453 489 1
453 504 1
453 571 1
454 471 1
454 496 1
455 456 1
455 465 1
455 473 1
456 462 1
456 464 1
456 469 1
456 497 1
457 467 1
457 483 1
457 500 1
457 695 1
457 826 1
458 468 1
458 503 1
458 550 1
458 802 1
458 883 1
459 778 1
460 462 1
460 478 1
460 500 1
461 462 1
461 475 1
461 492 1
461 620 1
463 494 1
463 497 1
463 542 1
463 570 1
463 751 1
464 573 1
465 747 1
466 702 1
466 955 1
468 477 1
468 479 1
468 536 1
468 884 1
469 482 1
469 615 1
469 860 1
470 477 1
470 480 1
471 756 1
471 911 1
471 951 1
472 643 1
472 656 1
472 944 1
473 489 1
473 496 1
473 498 1
474 476 1
475 488 1
476 493 1
476 604 1
476 700 1
476 845 1
476 857 1
477 485 1
477 642 1
478 494 1
478 889 1
479 483 1
480 492 1
481 485 1
481 486 1
481 873 1
482 492 1
483 485 1
483 508 1
483 926 1
484 486 1
484 600 1
485 495 1
486 488 1
486 848 1
487 488 1
487 500 1
487 508 1
487 514 1
487 639 1
487 649 1
487 789 1
487 859 1
488 998 1
489 498 1
489 531 1
489 657 1
490 496 1
490 497 1
490 789 1
491 497 1
491 499 1
496 619 1
496 905 1
496 941 1
497 988 1
498 657 1
498 805 1
500 900 1
500 998 1
501 506 1
501 522 1
501 524 1
501 578 1
501 580 1
501 599 1
502 517 1
502 518 1
502 524 1
502 543 1
502 593 1
502 621 1
502 723 1
502 874 1
503 511 1
503 524 1
503 544 1
503 548 1
503 558 1
503 559 1
503 565 1
503 905 1
504 530 1
504 584 1
505 527 1
505 546 1
505 557 1
505 568 1
505 586 1
505 772 1
505 939 1
506 534 1
506 536 1
506 540 1
506 577 1
506 579 1
506 583 1
506 588 1
506 589 1
506 596 1
506 598 1
506 742 1
507 531 1
507 577 1
507 584 1
507 979 1
508 526 1
508 544 1
508 553 1
508 926 1
508 942 1
509 511 1
509 517 1
509 545 1
509 574 1
509 587 1
509 735 1
510 516 1
510 591 1
510 593 1
510 806 1
510 908 1
511 552 1
511 797 1
511 937 1
512 530 1
513 548 1
513 556 1
513 564 1
513 571 1
513 579 1
513 587 1
513 588 1
513 599 1
513 767 1
514 530 1
514 532 1
514 557 1
514 570 1
514 759 1
515 532 1
515 534 1
515 553 1
515 985 1
515 995 1
516 528 1
516 547 1
516 554 1
516 569 1
516 582 1
516 583 1
516 597 1
516 840 1
516 871 1
517 521 1
517 557 1
517 585 1
517 600 1
518 526 1
518 541 1
518 798 1
520 537 1
520 549 1
520 556 1
520 567 1
520 770 1
521 572 1
521 576 1
521 586 1
521 778 1
521 835 1
522 531 1
522 649 1
523 546 1
523 579 1
523 589 1
524 532 1
524 545 1
524 568 1
524 578 1
524 596 1
524 942 1
525 528 1
525 535 1
525 551 1
525 556 1
525 586 1
525 835 1
525 953 1
526 571 1
526 584 1
526 586 1
526 676 1
527 543 1
527 557 1
527 582 1
527 612 1
527 950 1
528 550 1
528 572 1
528 594 1
529 561 1
529 572 1
529 579 1
529 596 1
529 775 1
530 544 1
530 566 1
530 577 1
530 581 1
530 592 1
530 729 1
530 800 1
530 918 1
531 533 1
531 538 1
531 578 1
531 588 1
531 718 1
532 539 1
532 546 1
532 557 1
532 569 1
532 577 1
532 586 1
533 544 1
533 561 1
534 817 1
534 836 1
535 590 1
535 591 1
535 592 1
535 777 1
536 542 1
536 546 1
536 584 1
537 556 1
538 548 1
538 567 1
538 578 1
538 590 1
539 546 1
539 547 1
539 560 1
539 572 1
539 577 1
539 584 1
539 592 1
540 553 1
540 573 1
540 656 1
541 548 1
541 551 1
542 548 1
542 571 1
542 579 1
542 583 1
542 598 1
542 668 1
543 544 1
543 570 1
543 573 1
543 576 1
543 594 1
543 597 1
544 890 1
544 899 1
544 921 1
545 555 1
545 564 1
545 590 1
545 933 1
546 568 1
546 570 1
546 596 1
547 550 1
547 551 1
547 558 1
547 589 1
547 996 1
548 917 1
548 980 1
549 584 1
549 733 1
550 552 1
550 554 1
551 592 1
551 890 1
552 562 1
552 573 1
552 593 1
552 595 1
553 589 1
553 752 1
553 793 1
554 556 1
554 575 1
554 823 1
554 934 1
555 581 1
555 595 1
555 878 1
557 581 1
557 596 1
558 562 1
558 588 1
558 591 1
559 572 1
559 738 1
560 563 1
560 564 1
560 725 1
560 963 1
561 563 1
562 567 1
562 585 1
562 592 1
563 568 1
563 585 1
563 599 1
563 656 1
563 731 1
564 591 1
565 878 1
566 579 1
566 585 1
566 594 1
566 695 1
567 809 1
568 569 1
568 877 1
568 995 1
569 578 1
569 591 1
570 591 1
570 597 1
570 600 1
572 636 1
572 792 1
573 588 1
573 591 1
574 579 1
574 597 1
574 676 1
575 593 1
575 594 1
575 688 1
576 995 1
577 686 1
580 588 1
580 596 1
580 652 1
581 585 1
581 600 1
581 910 1
582 589 1
582 662 1
583 590 1
583 749 1
584 597 1
584 706 1
587 599 1
587 846 1
588 589 1
588 593 1
588 595 1
588 599 1
588 834 1
589 594 1
589 599 1
589 776 1
590 596 1
591 624 1
591 982 1
591 990 1
593 637 1
594 967 1
595 597 1
595 891 1
598 775 1
598 809 1
600 792 1
601 622 1
601 654 1
601 911 1
602 624 1
602 632 1
602 635 1
602 647 1
602 660 1
602 977 1
603 606 1
603 608 1
603 627 1
603 647 1
603 663 1
603 664 1
603 667 1
603 682 1
603 699 1
603 972 1
604 625 1
604 657 1
604 688 1
604 691 1
605 638 1
605 692 1
606 614 1
606 650 1
606 658 1
606 684 1
607 626 1
607 660 1
607 675 1
608 633 1
608 642 1
608 644 1
608 657 1
608 658 1
608 663 1
608 667 1
609 612 1
609 626 1
609 643 1
609 674 1
609 675 1
609 693 1
610 615 1
610 640 1
610 670 1
610 685 1
610 857 1
610 982 1
610 991 1
611 617 1
611 671 1
611 948 1
612 632 1
612 661 1
612 689 1
613 621 1
613 624 1
613 627 1
613 633 1
613 642 1
613 648 1
613 700 1
613 917 1
614 638 1
614 643 1
614 646 1
614 657 1
615 638 1
615 654 1
615 664 1
615 689 1
616 641 1
616 661 1
616 668 1
616 696 1
616 802 1
617 644 1
617 665 1
617 683 1
617 685 1
617 692 1
617 700 1
617 722 1
617 894 1
617 942 1
618 654 1
618 665 1
618 676 1
618 691 1
618 694 1
619 658 1
619 663 1
619 675 1
619 683 1
619 719 1
619 933 1
620 636 1
620 639 1
620 644 1
620 648 1
620 650 1
620 682 1
620 686 1
620 695 1
620 805 1
621 630 1
621 633 1
621 675 1
621 684 1
621 686 1
621 711 1
622 633 1
622 650 1
622 674 1
622 675 1
622 677 1
622 781 1
622 830 1
623 631 1
623 665 1
623 957 1
624 636 1
624 637 1
624 688 1
624 786 1
624 899 1
625 629 1
625 641 1
625 646 1
625 653 1
625 657 1
625 671 1
625 683 1
625 686 1
626 630 1
626 687 1
627 638 1
627 648 1
627 651 1
627 652 1
627 662 1
627 902 1
627 911 1
628 637 1
628 656 1
628 674 1
628 683 1
629 637 1
629 650 1
629 675 1
630 634 1
630 665 1
630 682 1
630 688 1
630 783 1
630 785 1
631 641 1
631 654 1
631 668 1
631 683 1
631 685 1
631 698 1
632 655 1
632 678 1
632 679 1
632 693 1
633 636 1
633 648 1
633 666 1
633 684 1
634 659 1
634 691 1
635 675 1
635 681 1
635 682 1
635 688 1
636 645 1
636 647 1
636 695 1
636 697 1
636 865 1
637 649 1
637 667 1
637 677 1
637 682 1
637 686 1
637 696 1
637 697 1
637 980 1
638 653 1
638 666 1
638 668 1
639 667 1
639 670 1
640 667 1
640 683 1
641 656 1
641 664 1
641 675 1
641 687 1
641 697 1
642 658 1
642 682 1
643 659 1
643 672 1
643 679 1
643 694 1
643 699 1
644 655 1
644 659 1
644 675 1
644 685 1
644 697 1
644 715 1
645 692 1
646 654 1
646 659 1
646 665 1
646 669 1
646 672 1
646 686 1
646 690 1
646 725 1
647 649 1
647 651 1
647 659 1
647 676 1
648 656 1
648 660 1
648 667 1
648 675 1
648 802 1
648 978 1
649 657 1
649 673 1
649 687 1
649 900 1
650 655 1
650 685 1
650 687 1
650 697 1
651 956 1
652 653 1
652 667 1
653 662 1
653 678 1
653 689 1
653 695 1
654 656 1
654 682 1
654 684 1
654 685 1
654 832 1
655 710 1
655 802 1
655 806 1
656 665 1
656 670 1
656 686 1
657 663 1
657 665 1
657 671 1
657 682 1
658 678 1
659 669 1
659 685 1
659 695 1
659 698 1
659 803 1
660 674 1
660 689 1
660 913 1
661 671 1
661 691 1
662 668 1
662 682 1
662 913 1
663 681 1
663 931 1
664 983 1
665 685 1
665 851 1
667 683 1
667 788 1
668 691 1
668 853 1
669 744 1
670 677 1
671 686 1
671 690 1
672 676 1
672 700 1
674 685 1
674 691 1
674 695 1
674 696 1
674 698 1
674 791 1
674 889 1
675 676 1
675 681 1
676 677 1
676 679 1
676 680 1
677 681 1
677 855 1
677 970 1
678 797 1
678 975 1
679 687 1
679 695 1
680 695 1
681 823 1
681 830 1
681 923 1
682 683 1
682 849 1
682 870 1
683 781 1
685 698 1
685 715 1
685 883 1
686 690 1
686 692 1
686 921 1
687 700 1
688 690 1
690 692 1
691 901 1
692 697 1
692 936 1
694 838 1
694 846 1
696 774 1
696 975 1
697 917 1
700 885 1
701 731 1
701 733 1
701 749 1
701 755 1
701 775 1
701 807 1
701 931 1
702 741 1
702 744 1
702 766 1
702 867 1
703 715 1
703 718 1
703 721 1
703 759 1
703 761 1
703 776 1
703 778 1
704 716 1
704 782 1
704 796 1
705 713 1
705 726 1
705 734 1
705 747 1
706 723 1
707 710 1
707 749 1
707 761 1
707 776 1
707 782 1
707 910 1
708 725 1
708 741 1
708 767 1
708 774 1
709 760 1
709 763 1
709 764 1
709 795 1
710 744 1
710 792 1
711 715 1
711 738 1
711 775 1
711 781 1
711 805 1
712 739 1
712 742 1
712 757 1
712 769 1
712 777 1
712 782 1
712 803 1
712 961 1
712 975 1
712 979 1
713 738 1
713 747 1
713 752 1
714 718 1
714 720 1
714 776 1
714 837 1
715 720 1
715 751 1
715 792 1
715 799 1
716 730 1
716 760 1
716 783 1
717 748 1
717 754 1
717 828 1
718 730 1
718 733 1
718 780 1
718 786 1
719 722 1
719 735 1
719 785 1
720 723 1
720 728 1
720 762 1
720 763 1
720 788 1
721 735 1
722 734 1
722 741 1
722 743 1
722 799 1
722 872 1
722 959 1
723 741 1
723 754 1
723 767 1
723 777 1
723 782 1
723 858 1
724 740 1
724 771 1
724 799 1
725 731 1
725 739 1
725 750 1
725 778 1
725 791 1
725 896 1
726 763 1
726 767 1
726 782 1
726 799 1
727 737 1
727 763 1
728 744 1
728 754 1
728 774 1
728 779 1
729 754 1
729 781 1
729 915 1
730 756 1
730 781 1
730 782 1
731 738 1
731 741 1
731 756 1
731 762 1
732 744 1
732 774 1
732 777 1
732 959 1
733 734 1
733 769 1
734 743 1
734 755 1
735 749 1
735 761 1
735 775 1
735 788 1
735 789 1
735 961 1
736 746 1
736 760 1
736 800 1
737 743 1
737 746 1
737 748 1
737 988 1
738 743 1
738 747 1
738 767 1
738 789 1
738 795 1
738 797 1
738 922 1
738 963 1
739 777 1
739 953 1
740 749 1
740 758 1
740 791 1
741 747 1
741 779 1
741 784 1
741 791 1
742 752 1
742 755 1
742 763 1
742 766 1
742 794 1
743 756 1
744 758 1
744 759 1
744 765 1
744 768 1
744 771 1
744 787 1
744 797 1
745 748 1
745 756 1
745 775 1
745 776 1
745 794 1
746 762 1
746 766 1
746 785 1
746 786 1
746 790 1
747 781 1
749 765 1
749 785 1
749 789 1
750 765 1
750 779 1
750 783 1
750 789 1
751 791 1
751 799 1
751 899 1
752 764 1
752 765 1
753 763 1
753 773 1
753 775 1
753 779 1
753 790 1
754 756 1
754 767 1
754 778 1
754 781 1
754 783 1
754 795 1
755 843 1
756 766 1
756 902 1
757 766 1
757 775 1
757 782 1
758 779 1
759 785 1
759 789 1
759 791 1
759 797 1
760 787 1
760 930 1
761 763 1
761 764 1
761 907 1
762 768 1
763 768 1
763 785 1
763 798 1
764 768 1
764 794 1
764 796 1
765 930 1
766 907 1
767 786 1
767 933 1
768 772 1
768 794 1
769 776 1
769 788 1
769 795 1
769 815 1
769 933 1
770 771 1
770 782 1
770 793 1
770 911 1
771 774 1
771 787 1
772 773 1
772 799 1
773 849 1
773 994 1
775 788 1
776 791 1
776 802 1
777 779 1
777 788 1
778 800 1
779 796 1
779 916 1
780 783 1
780 800 1
781 796 1
781 799 1
782 800 1
783 786 1
783 793 1
783 897 1
783 925 1
784 835 1
787 793 1
788 791 1
790 851 1
791 844 1
793 797 1
793 879 1
795 901 1
799 885 1
800 855 1
800 916 1
801 813 1
801 819 1
801 820 1
802 808 1
802 813 1
802 827 1
802 862 1
802 882 1
803 846 1
804 808 1
804 832 1
804 841 1
804 843 1
804 856 1
804 875 1
804 882 1
804 898 1
804 942 1
805 816 1
805 882 1
806 818 1
806 834 1
807 810 1
807 827 1
807 859 1
807 881 1
807 882 1
808 881 1
809 813 1
809 822 1
809 852 1
809 861 1
810 817 1
810 821 1
810 822 1
810 827 1
810 841 1
810 868 1
810 878 1
810 899 1
810 966 1
811 812 1
811 844 1
811 848 1
811 866 1
811 869 1
811 888 1
812 859 1
813 852 1
813 875 1
813 884 1
813 888 1
814 826 1
814 827 1
814 838 1
814 845 1
814 849 1
814 853 1
814 873 1
815 825 1
815 833 1
815 882 1
815 886 1
815 892 1
815 896 1
816 821 1
816 844 1
816 858 1
816 955 1
817 841 1
817 851 1
817 876 1
817 882 1
818 848 1
818 860 1
818 872 1
818 875 1
818 900 1
819 823 1
819 827 1
819 834 1
819 869 1
819 874 1
819 875 1
819 898 1
820 821 1
820 842 1
820 859 1
820 868 1
820 870 1
820 879 1
821 897 1
822 833 1
822 836 1
822 845 1
822 848 1
822 865 1
822 880 1
822 895 1
823 849 1
823 862 1
823 864 1
823 877 1
824 860 1
824 898 1
825 854 1
825 867 1
826 838 1
826 840 1
826 852 1
826 872 1
826 885 1
827 835 1
827 839 1
827 841 1
827 842 1
827 850 1
827 852 1
827 856 1
827 857 1
827 883 1
827 906 1
828 862 1
828 884 1
828 885 1
829 857 1
829 881 1
830 833 1
830 850 1
830 894 1
831 880 1
831 884 1
831 898 1
831 962 1
832 836 1
833 836 1
833 840 1
833 844 1
833 846 1
833 861 1
834 861 1
834 872 1
834 890 1
834 900 1
834 913 1
835 872 1
835 879 1
836 851 1
836 872 1
836 881 1
836 886 1
836 900 1
837 846 1
838 847 1
838 878 1
838 884 1
839 840 1
839 874 1
839 896 1
839 899 1
840 850 1
840 856 1
840 870 1
840 880 1
840 890 1
841 866 1
841 884 1
841 897 1
841 968 1
842 959 1
842 992 1
843 844 1
843 900 1
844 872 1
844 877 1
844 884 1
844 885 1
844 975 1
844 981 1
844 985 1
845 881 1
845 887 1
845 888 1
846 850 1
846 863 1
846 868 1
846 872 1
846 882 1
847 879 1
847 893 1
848 863 1
848 937 1
849 857 1
849 858 1
849 891 1
849 892 1
849 934 1
850 857 1
850 863 1
850 888 1
851 887 1
851 894 1
852 858 1
852 879 1
852 950 1
853 881 1
854 856 1
854 877 1
855 894 1
855 896 1
856 884 1
857 860 1
857 861 1
857 865 1
858 866 1
858 868 1
858 880 1
858 895 1
858 897 1
859 864 1
859 882 1
859 889 1
860 862 1
860 877 1
860 884 1
860 895 1
862 892 1
862 976 1
863 871 1
863 900 1
865 868 1
865 879 1
865 888 1
865 896 1
865 897 1
866 868 1
866 870 1
866 945 1
867 883 1
867 887 1
868 870 1
868 874 1
869 877 1
869 884 1
870 898 1
871 882 1
873 881 1
873 894 1
873 957 1
874 877 1
874 881 1
874 903 1
876 877 1
876 884 1
878 880 1
878 885 1
878 895 1
879 882 1
881 900 1
882 883 1
882 886 1
884 968 1
885 926 1
889 899 1
890 899 1
891 900 1
892 900 1
892 908 1
893 897 1
894 898 1
894 900 1
894 937 1
901 915 1
901 932 1
901 933 1
901 966 1
901 988 1
902 973 1
902 993 1
902 999 1
903 921 1
903 931 1
903 937 1
903 960 1
903 963 1
903 989 1
904 921 1
904 981 1
905 935 1
905 952 1
905 969 1
905 980 1
905 984 1
905 985 1
905 988 1
905 994 1
906 961 1
907 908 1
907 937 1
907 960 1
907 985 1
907 996 1
907 1000 1
908 927 1
908 937 1
908 955 1
908 975 1
908 979 1
908 999 1
909 921 1
909 964 1
909 967 1
909 987 1
910 912 1
910 950 1
910 994 1
911 950 1
911 951 1
911 972 1
911 976 1
912 919 1
912 939 1
912 962 1
912 982 1
912 1000 1
913 916 1
913 922 1
913 937 1
913 994 1
914 917 1
914 950 1
914 967 1
914 994 1
914 995 1
915 924 1
915 933 1
915 935 1
915 947 1
915 964 1
915 967 1
915 998 1
916 938 1
916 949 1
916 959 1
916 962 1
916 981 1
916 985 1
916 999 1
916 1000 1
917 926 1
917 951 1
917 965 1
917 966 1
918 927 1
918 939 1
918 946 1
918 955 1
918 963 1
918 979 1
919 922 1
919 927 1
919 962 1
919 970 1
919 985 1
919 997 1
920 928 1
920 930 1
920 936 1
920 938 1
920 960 1
920 966 1
921 941 1
921 963 1
921 968 1
921 999 1
922 928 1
922 932 1
922 948 1
922 969 1
922 977 1
923 947 1
923 963 1
923 985 1
923 1000 1
924 926 1
924 939 1
924 964 1
924 995 1
925 962 1
925 963 1
925 990 1
925 996 1
926 947 1
926 955 1
926 959 1
926 969 1
926 972 1
926 984 1
927 957 1
927 986 1
927 988 1
928 935 1
928 950 1
928 952 1
928 956 1
928 977 1
928 989 1
928 1000 1
929 934 1
929 945 1
929 975 1
930 937 1
930 952 1
930 969 1
930 982 1
931 932 1
931 943 1
931 949 1
931 1000 1
932 964 1
932 977 1
932 979 1
933 967 1
933 970 1
934 941 1
934 942 1
934 968 1
935 961 1
935 988 1
935 991 1
935 998 1
936 940 1
936 942 1
936 959 1
936 980 1
936 996 1
936 1000 1
937 943 1
937 946 1
937 961 1
937 966 1
937 968 1
937 976 1
937 984 1
937 994 1
937 998 1
938 963 1
939 958 1
940 945 1
940 952 1
940 994 1
941 978 1
941 980 1
941 982 1
941 993 1
942 980 1
943 962 1
943 983 1
943 988 1
944 964 1
944 967 1
944 971 1
944 974 1
944 977 1
944 983 1
944 990 1
944 997 1
945 951 1
945 953 1
946 947 1
946 962 1
946 966 1
946 988 1
947 961 1
947 967 1
947 986 1
947 996 1
948 955 1
948 956 1
948 967 1
948 971 1
948 977 1
949 951 1
949 959 1
949 964 1
949 971 1
949 975 1
949 985 1
949 989 1
950 954 1
950 965 1
950 983 1
950 997 1
951 959 1
951 992 1
951 1000 1
952 976 1
952 996 1
953 977 1
953 993 1
953 1000 1
954 978 1
955 981 1
956 979 1
956 991 1
956 995 1
957 996 1
958 960 1
958 988 1
958 992 1
959 970 1
959 974 1
959 994 1
959 996 1
960 965 1
960 966 1
960 985 1
960 990 1
961 995 1
961 998 1
961 999 1
962 975 1
962 976 1
962 978 1
962 987 1
962 1000 1
963 979 1
963 982 1
964 977 1
965 973 1
966 976 1
966 977 1
966 983 1
966 986 1
966 993 1
967 973 1
967 993 1
969 975 1
969 1000 1
970 974 1
971 991 1
972 988 1
972 999 1
973 981 1
974 1000 1
975 977 1
975 995 1
975 996 1
976 985 1
976 992 1
979 981 1
979 985 1
979 1000 1
980 981 1
981 985 1
981 995 1
982 996 1
983 991 1
983 993 1
985 987 1
986 993 1
988 994 1
988 995 1
993 998 1
996 1000 1
