1000 3395
1 22 1
1 51 1
1 66 1
1 69 1
1 91 1
1 203 1
1 292 1
1 931 1
1 985 1
2 5 1
2 20 1
2 30 1
2 46 1
2 54 1
2 68 1
2 76 1
2 79 1
2 97 1
2 777 1
3 85 1
3 97 1
3 109 1
3 123 1
3 286 1
3 386 1
3 560 1
3 749 1
3 927 1
4 15 1
4 21 1
4 25 1
4 171 1
4 320 1
4 559 1
5 13 1
5 34 1
5 41 1
5 72 1
5 83 1
5 132 1
6 10 1
6 18 1
6 22 1
6 24 1
6 76 1
6 631 1
6 814 1
7 13 1
7 21 1
7 64 1
7 76 1
7 78 1
7 94 1
7 177 1
7 640 1
7 865 1
8 19 1
8 23 1
8 38 1
8 40 1
8 59 1
8 60 1
8 67 1
8 98 1
8 99 1
8 101 1
8 237 1
8 699 1
8 714 1
9 16 1
9 23 1
9 32 1
9 44 1
9 47 1
9 425 1
10 27 1
10 32 1
10 53 1
10 62 1
10 578 1
11 16 1
11 22 1
11 60 1
11 71 1
11 74 1
11 545 1
11 605 1
11 676 1
11 937 1
12 21 1
12 31 1
12 41 1
12 57 1
12 65 1
12 77 1
12 95 1
12 121 1
13 21 1
13 61 1
13 86 1
13 136 1
13 478 1
13 742 1
13 950 1
15 27 1
15 30 1
15 41 1
15 70 1
15 81 1
15 129 1
15 476 1
15 964 1
16 53 1
17 43 1
17 51 1
17 60 1
17 67 1
17 79 1
17 383 1
17 600 1
18 20 1
18 66 1
18 468 1
18 936 1
19 275 1
19 335 1
19 986 1
20 24 1
20 39 1
20 41 1
20 50 1
20 65 1
20 72 1
20 178 1
20 499 1
20 705 1
20 842 1
21 27 1
21 79 1
22 31 1
22 49 1
22 70 1
22 94 1
22 453 1
22 728 1
22 864 1
23 37 1
23 38 1
23 64 1
23 841 1
23 989 1
24 69 1
24 77 1
24 86 1
24 93 1
24 96 1
24 169 1
24 547 1
24 683 1
24 824 1
25 30 1
25 38 1
25 44 1
25 64 1
25 96 1
25 283 1
26 31 1
26 56 1
26 63 1
26 71 1
26 77 1
26 87 1
26 98 1
27 38 1
27 65 1
28 31 1
28 35 1
28 57 1
28 66 1
28 74 1
28 98 1
28 172 1
28 281 1
28 390 1
29 33 1
29 46 1
29 695 1
30 68 1
30 548 1
30 573 1
31 62 1
31 82 1
32 52 1
32 75 1
32 78 1
32 84 1
32 194 1
32 265 1
32 547 1
33 53 1
33 56 1
33 66 1
33 968 1
34 39 1
34 92 1
34 236 1
34 399 1
34 696 1
34 907 1
35 42 1
35 65 1
35 84 1
35 614 1
36 56 1
36 62 1
36 100 1
36 170 1
36 565 1
37 42 1
37 68 1
37 211 1
38 657 1
39 40 1
39 243 1
40 56 1
40 79 1
40 181 1
41 57 1
41 97 1
41 99 1
41 144 1
41 151 1
42 70 1
42 73 1
42 74 1
42 86 1
42 96 1
42 480 1
42 848 1
43 47 1
43 70 1
43 97 1
44 54 1
44 72 1
44 99 1
45 59 1
45 91 1
45 659 1
46 82 1
46 83 1
46 109 1
46 643 1
46 809 1
47 77 1
47 136 1
47 337 1
47 571 1
47 773 1
47 852 1
48 81 1
48 90 1
48 445 1
48 734 1
49 99 1
49 638 1
49 983 1
50 513 1
50 613 1
50 633 1
50 684 1
51 70 1
51 72 1
51 99 1
51 200 1
51 251 1
52 62 1
52 72 1
52 547 1
52 839 1
53 61 1
53 98 1
53 809 1
54 59 1
54 67 1
54 69 1
54 74 1
54 83 1
54 84 1
54 246 1
55 82 1
55 100 1
55 136 1
55 255 1
55 443 1
56 60 1
56 70 1
56 115 1
56 123 1
56 499 1
57 59 1
57 63 1
57 65 1
57 90 1
57 92 1
57 95 1
57 295 1
58 73 1
58 876 1
59 87 1
59 94 1
59 356 1
59 589 1
59 770 1
60 63 1
60 73 1
60 84 1
60 85 1
60 97 1
60 468 1
61 70 1
61 95 1
61 322 1
62 65 1
62 73 1
63 70 1
63 82 1
63 397 1
63 512 1
63 958 1
64 89 1
64 90 1
65 73 1
65 75 1
65 79 1
65 690 1
66 84 1
66 359 1
66 765 1
66 821 1
67 95 1
68 81 1
69 89 1
69 93 1
70 284 1
70 294 1
70 905 1
71 72 1
71 89 1
71 601 1
72 171 1
72 630 1
73 76 1
73 650 1
73 722 1
73 821 1
73 857 1
73 875 1
73 904 1
74 77 1
74 92 1
74 237 1
74 284 1
74 333 1
74 471 1
74 679 1
74 998 1
76 84 1
76 659 1
77 79 1
77 81 1
77 88 1
77 401 1
77 620 1
78 80 1
78 93 1
78 892 1
80 784 1
81 646 1
81 794 1
81 834 1
82 93 1
83 99 1
83 544 1
84 385 1
84 512 1
85 980 1
86 147 1
86 208 1
86 776 1
87 491 1
87 979 1
88 541 1
88 617 1
89 218 1
89 502 1
90 560 1
90 819 1
91 95 1
91 323 1
91 389 1
91 484 1
91 526 1
92 112 1
92 968 1
93 237 1
93 759 1
94 98 1
94 277 1
94 282 1
95 150 1
95 227 1
95 477 1
95 799 1
95 916 1
96 168 1
96 523 1
96 678 1
96 770 1
96 882 1
97 155 1
97 213 1
97 272 1
98 226 1
98 777 1
100 497 1
101 102 1
101 110 1
101 112 1
101 144 1
101 171 1
101 188 1
101 765 1
102 118 1
102 145 1
102 158 1
102 922 1
103 106 1
103 122 1
103 143 1
103 154 1
103 175 1
103 195 1
103 550 1
103 650 1
103 828 1
104 125 1
104 127 1
104 188 1
105 111 1
105 130 1
105 132 1
105 147 1
105 161 1
105 166 1
105 191 1
105 542 1
106 125 1
106 147 1
106 154 1
106 183 1
106 188 1
106 194 1
106 247 1
106 858 1
107 109 1
107 122 1
107 132 1
107 142 1
107 165 1
107 169 1
107 361 1
108 114 1
108 130 1
108 155 1
108 166 1
108 181 1
108 190 1
108 466 1
109 112 1
109 179 1
109 196 1
109 775 1
110 122 1
110 128 1
110 396 1
110 569 1
110 607 1
111 164 1
111 342 1
112 115 1
112 126 1
112 133 1
112 149 1
112 156 1
112 164 1
112 194 1
113 121 1
113 125 1
113 167 1
113 172 1
113 176 1
113 194 1
113 199 1
114 119 1
114 125 1
114 161 1
114 165 1
114 186 1
114 960 1
115 117 1
115 199 1
115 364 1
115 525 1
115 642 1
116 132 1
116 162 1
116 172 1
116 185 1
116 188 1
116 319 1
116 913 1
117 155 1
117 546 1
118 119 1
118 121 1
118 125 1
118 141 1
118 165 1
118 169 1
118 197 1
119 130 1
119 135 1
119 144 1
119 160 1
119 179 1
119 180 1
119 200 1
119 655 1
119 691 1
120 124 1
120 150 1
120 154 1
120 188 1
120 193 1
120 198 1
121 124 1
121 133 1
121 174 1
122 133 1
122 161 1
122 876 1
123 156 1
123 158 1
123 178 1
123 186 1
123 192 1
123 721 1
124 143 1
124 403 1
124 459 1
124 504 1
125 136 1
125 147 1
125 162 1
125 189 1
126 127 1
126 142 1
126 196 1
127 130 1
127 133 1
127 186 1
127 187 1
128 140 1
128 167 1
128 179 1
128 895 1
128 992 1
129 156 1
129 169 1
129 175 1
129 191 1
129 580 1
129 740 1
130 159 1
130 190 1
130 610 1
130 990 1
131 151 1
131 179 1
131 469 1
131 491 1
131 700 1
132 154 1
132 170 1
132 194 1
132 198 1
132 486 1
133 158 1
133 170 1
133 174 1
133 180 1
133 195 1
133 813 1
134 136 1
134 140 1
134 142 1
134 156 1
134 197 1
134 343 1
134 388 1
135 139 1
135 150 1
135 179 1
135 182 1
135 194 1
135 269 1
135 663 1
137 140 1
137 159 1
137 170 1
137 183 1
137 198 1
138 157 1
138 173 1
138 195 1
138 614 1
139 157 1
139 172 1
139 180 1
139 285 1
139 561 1
139 717 1
139 790 1
140 152 1
140 170 1
140 200 1
140 269 1
140 943 1
141 152 1
141 162 1
141 592 1
142 150 1
142 170 1
142 382 1
142 746 1
142 969 1
143 151 1
143 174 1
143 176 1
143 198 1
143 333 1
143 458 1
143 944 1
144 159 1
144 185 1
144 187 1
144 912 1
145 151 1
145 173 1
145 182 1
145 333 1
146 148 1
146 184 1
146 186 1
147 178 1
147 193 1
147 195 1
147 290 1
147 408 1
147 420 1
147 972 1
148 150 1
148 163 1
148 165 1
148 171 1
148 196 1
149 161 1
149 162 1
149 184 1
149 188 1
150 174 1
150 183 1
150 272 1
152 153 1
152 587 1
152 890 1
152 957 1
153 195 1
153 657 1
153 760 1
154 155 1
154 187 1
154 199 1
154 239 1
154 649 1
154 657 1
154 970 1
155 200 1
156 160 1
156 195 1
156 274 1
156 887 1
157 197 1
157 434 1
157 623 1
157 762 1
158 161 1
158 165 1
158 174 1
158 187 1
158 190 1
158 418 1
158 706 1
159 175 1
159 177 1
159 185 1
159 194 1
159 335 1
160 171 1
160 188 1
160 200 1
161 162 1
161 187 1
161 189 1
161 635 1
161 787 1
161 994 1
162 194 1
162 529 1
163 171 1
163 185 1
163 195 1
164 171 1
164 179 1
165 181 1
165 184 1
165 430 1
165 847 1
165 945 1
166 172 1
167 172 1
167 795 1
168 174 1
168 177 1
168 198 1
169 188 1
169 195 1
169 200 1
169 424 1
169 523 1
170 183 1
170 187 1
170 189 1
170 488 1
170 910 1
171 186 1
171 187 1
171 634 1
171 791 1
172 174 1
173 178 1
173 196 1
173 200 1
174 192 1
174 204 1
174 641 1
175 184 1
175 194 1
176 296 1
176 658 1
177 188 1
177 377 1
177 731 1
178 179 1
178 913 1
179 180 1
179 186 1
179 730 1
180 192 1
180 196 1
181 183 1
181 189 1
181 199 1
181 571 1
181 683 1
181 960 1
181 996 1
182 196 1
182 202 1
182 273 1
182 309 1
182 529 1
183 766 1
183 946 1
184 198 1
184 250 1
184 530 1
185 189 1
185 195 1
185 336 1
185 509 1
186 192 1
186 605 1
186 803 1
186 883 1
186 906 1
187 195 1
187 196 1
189 604 1
190 386 1
191 403 1
191 899 1
192 197 1
192 199 1
193 194 1
193 195 1
194 731 1
194 761 1
194 831 1
194 889 1
194 966 1
195 197 1
195 210 1
195 801 1
196 331 1
196 649 1
196 953 1
198 724 1
200 664 1
201 214 1
201 242 1
201 251 1
201 517 1
202 213 1
202 220 1
202 235 1
202 240 1
202 247 1
202 261 1
202 262 1
202 271 1
202 836 1
202 918 1
202 963 1
203 206 1
203 209 1
203 224 1
203 264 1
203 282 1
203 581 1
203 712 1
204 209 1
204 234 1
204 244 1
204 246 1
204 249 1
204 400 1
204 983 1
205 221 1
205 223 1
205 241 1
205 258 1
205 261 1
206 220 1
206 278 1
206 283 1
206 370 1
206 429 1
206 827 1
207 222 1
207 228 1
207 261 1
207 283 1
208 242 1
208 260 1
208 282 1
208 283 1
208 723 1
209 213 1
209 230 1
209 245 1
209 396 1
209 419 1
210 211 1
210 231 1
210 255 1
210 278 1
211 229 1
211 263 1
211 639 1
211 751 1
212 215 1
212 241 1
212 244 1
212 259 1
212 274 1
212 292 1
212 603 1
212 706 1
213 218 1
213 234 1
213 272 1
213 283 1
213 292 1
214 249 1
214 265 1
214 290 1
214 291 1
214 483 1
214 988 1
215 224 1
215 245 1
215 257 1
215 267 1
215 293 1
215 900 1
216 249 1
216 283 1
216 392 1
216 666 1
217 218 1
217 249 1
217 252 1
217 274 1
217 298 1
217 444 1
217 576 1
217 641 1
217 828 1
218 220 1
218 232 1
218 280 1
218 300 1
219 241 1
219 679 1
219 882 1
220 224 1
220 230 1
220 232 1
220 234 1
220 238 1
220 248 1
220 265 1
220 276 1
220 299 1
220 780 1
221 237 1
221 245 1
221 255 1
221 261 1
221 266 1
221 558 1
221 641 1
221 947 1
222 232 1
222 256 1
222 287 1
222 293 1
222 654 1
222 765 1
223 258 1
223 280 1
223 296 1
224 239 1
224 289 1
224 397 1
224 798 1
225 234 1
225 243 1
225 272 1
225 284 1
225 285 1
225 288 1
225 398 1
225 593 1
225 953 1
226 239 1
226 296 1
226 300 1
226 557 1
226 927 1
227 252 1
227 259 1
227 741 1
227 790 1
228 236 1
228 242 1
228 245 1
228 253 1
228 257 1
228 716 1
229 253 1
229 275 1
229 289 1
229 296 1
229 298 1
229 827 1
229 919 1
230 235 1
230 241 1
230 246 1
230 248 1
230 938 1
231 287 1
231 892 1
232 239 1
232 257 1
232 278 1
232 291 1
232 292 1
233 274 1
233 284 1
233 875 1
233 890 1
234 245 1
234 287 1
234 419 1
234 538 1
234 856 1
235 247 1
235 248 1
235 277 1
235 288 1
235 290 1
235 353 1
236 238 1
236 250 1
236 261 1
236 282 1
236 694 1
236 758 1
237 267 1
237 283 1
237 446 1
237 620 1
238 247 1
238 254 1
238 265 1
238 274 1
238 299 1
239 244 1
239 285 1
239 397 1
239 419 1
240 252 1
240 268 1
240 848 1
241 247 1
241 259 1
241 267 1
241 283 1
241 457 1
241 483 1
241 898 1
242 244 1
242 246 1
242 267 1
242 289 1
242 291 1
242 300 1
243 249 1
243 259 1
243 275 1
243 276 1
243 296 1
243 515 1
244 246 1
244 277 1
245 272 1
245 291 1
246 271 1
246 291 1
246 422 1
246 749 1
246 799 1
246 808 1
247 267 1
247 287 1
247 601 1
247 800 1
248 266 1
248 269 1
248 299 1
248 540 1
249 279 1
249 284 1
249 818 1
249 953 1
250 257 1
250 259 1
251 283 1
251 295 1
252 286 1
252 876 1
252 996 1
253 273 1
253 442 1
253 871 1
253 937 1
254 262 1
254 297 1
254 790 1
254 849 1
255 258 1
255 261 1
255 275 1
255 284 1
255 699 1
256 262 1
256 273 1
256 284 1
256 294 1
257 262 1
257 283 1
257 295 1
257 296 1
257 827 1
258 273 1
258 274 1
259 265 1
259 281 1
259 294 1
259 296 1
259 741 1
259 995 1
260 261 1
260 264 1
261 286 1
261 292 1
261 300 1
261 718 1
261 783 1
262 308 1
263 296 1
263 718 1
264 270 1
264 273 1
264 286 1
264 292 1
264 296 1
264 889 1
265 275 1
265 844 1
268 290 1
268 525 1
268 792 1
269 281 1
269 757 1
270 286 1
270 543 1
271 276 1
271 481 1
272 298 1
272 299 1
273 274 1
273 277 1
273 292 1
273 661 1
274 280 1
274 288 1
274 325 1
274 468 1
274 941 1
275 663 1
276 315 1
276 408 1
276 958 1
277 300 1
278 293 1
279 285 1
279 290 1
279 689 1
280 490 1
280 566 1
281 293 1
281 594 1
282 292 1
282 593 1
282 943 1
283 785 1
283 833 1
283 977 1
284 287 1
284 290 1
284 293 1
284 378 1
284 691 1
284 825 1
285 286 1
285 291 1
285 292 1
285 609 1
285 910 1
286 401 1
288 563 1
290 295 1
290 297 1
290 371 1
291 927 1
292 296 1
292 609 1
292 660 1
292 906 1
293 634 1
293 874 1
293 887 1
294 297 1
294 789 1
295 539 1
295 775 1
295 850 1
296 298 1
296 330 1
297 623 1
297 684 1
298 400 1
298 469 1
298 478 1
298 862 1
298 950 1
300 434 1
300 740 1
301 340 1
301 341 1
301 383 1
301 386 1
301 392 1
301 400 1
302 324 1
302 349 1
302 363 1
302 586 1
302 953 1
303 331 1
303 344 1
303 359 1
303 374 1
303 541 1
304 313 1
304 332 1
304 340 1
304 385 1
305 375 1
305 403 1
306 367 1
306 386 1
306 400 1
306 437 1
307 318 1
307 319 1
307 325 1
307 329 1
307 332 1
307 351 1
307 352 1
307 364 1
307 378 1
307 379 1
307 385 1
307 393 1
307 520 1
307 534 1
308 316 1
308 317 1
308 345 1
308 350 1
308 357 1
308 360 1
308 361 1
308 759 1
308 762 1
309 323 1
309 325 1
309 329 1
309 338 1
309 341 1
309 377 1
309 390 1
309 448 1
309 671 1
309 775 1
310 315 1
310 325 1
310 546 1
311 332 1
311 356 1
311 632 1
311 908 1
312 332 1
312 361 1
312 379 1
312 385 1
313 320 1
313 322 1
313 338 1
313 341 1
313 356 1
313 361 1
313 372 1
313 395 1
313 940 1
314 315 1
314 320 1
314 321 1
314 347 1
314 348 1
314 396 1
314 397 1
314 398 1
315 344 1
315 380 1
315 388 1
315 400 1
315 479 1
316 331 1
316 354 1
316 358 1
316 360 1
316 361 1
316 378 1
316 381 1
316 392 1
316 680 1
316 909 1
316 981 1
317 351 1
317 366 1
317 367 1
318 326 1
318 345 1
318 347 1
318 395 1
318 957 1
319 321 1
319 328 1
319 391 1
319 400 1
320 330 1
320 337 1
320 360 1
320 378 1
320 381 1
320 393 1
320 570 1
320 829 1
321 381 1
321 390 1
321 856 1
323 330 1
323 343 1
323 389 1
323 698 1
323 705 1
324 328 1
324 351 1
324 355 1
324 367 1
324 369 1
324 371 1
324 375 1
324 388 1
324 639 1
325 334 1
325 336 1
325 371 1
326 335 1
326 339 1
326 345 1
326 822 1
327 354 1
327 358 1
327 362 1
327 368 1
327 377 1
328 346 1
328 549 1
328 624 1
328 816 1
328 893 1
329 361 1
329 362 1
329 368 1
329 399 1
330 343 1
330 359 1
330 373 1
331 340 1
331 399 1
331 400 1
331 821 1
332 341 1
332 382 1
332 396 1
332 955 1
333 339 1
333 384 1
333 852 1
333 876 1
333 989 1
334 341 1
334 378 1
334 386 1
334 392 1
335 342 1
335 371 1
336 338 1
336 348 1
336 362 1
337 408 1
337 805 1
338 339 1
338 350 1
338 352 1
338 356 1
339 342 1
339 361 1
339 395 1
340 356 1
340 528 1
340 740 1
341 347 1
341 362 1
341 380 1
341 394 1
341 660 1
341 868 1
342 349 1
342 744 1
343 348 1
343 379 1
343 895 1
344 345 1
344 357 1
344 364 1
344 393 1
344 592 1
344 882 1
345 354 1
345 371 1
345 400 1
346 357 1
346 359 1
346 376 1
346 396 1
346 398 1
346 485 1
347 356 1
347 358 1
347 397 1
348 352 1
348 356 1
348 396 1
348 398 1
349 352 1
349 374 1
349 381 1
349 394 1
349 396 1
349 422 1
349 585 1
350 366 1
351 354 1
351 370 1
351 398 1
351 455 1
351 718 1
352 382 1
353 361 1
353 366 1
353 383 1
353 384 1
353 629 1
354 373 1
354 391 1
354 397 1
354 597 1
355 378 1
355 444 1
355 554 1
356 380 1
356 397 1
356 587 1
356 775 1
357 365 1
357 758 1
358 637 1
358 783 1
359 374 1
359 896 1
360 362 1
360 372 1
360 392 1
360 552 1
360 713 1
360 860 1
361 917 1
362 368 1
362 378 1
362 399 1
362 854 1
362 890 1
363 393 1
363 394 1
363 803 1
364 388 1
364 771 1
364 891 1
365 387 1
366 391 1
366 831 1
367 390 1
367 604 1
367 753 1
368 384 1
368 394 1
369 377 1
369 605 1
370 595 1
371 380 1
371 382 1
371 387 1
371 523 1
372 390 1
372 582 1
372 918 1
373 377 1
373 567 1
373 623 1
374 381 1
374 880 1
374 935 1
375 380 1
375 385 1
375 416 1
375 578 1
375 665 1
376 643 1
376 882 1
376 898 1
377 393 1
377 745 1
377 896 1
378 384 1
378 400 1
378 625 1
378 802 1
380 397 1
380 534 1
381 394 1
381 982 1
382 431 1
383 384 1
383 387 1
383 389 1
383 397 1
383 400 1
383 443 1
384 389 1
384 681 1
386 400 1
386 870 1
386 964 1
387 395 1
387 464 1
388 390 1
388 397 1
389 493 1
389 736 1
389 917 1
390 613 1
393 792 1
393 952 1
394 486 1
395 966 1
395 992 1
396 641 1
397 555 1
397 580 1
398 875 1
399 418 1
399 440 1
400 586 1
401 415 1
401 427 1
401 467 1
401 475 1
401 751 1
402 442 1
402 457 1
402 471 1
402 473 1
403 421 1
403 425 1
403 494 1
403 498 1
403 571 1
404 406 1
404 408 1
404 418 1
404 432 1
404 439 1
404 461 1
404 484 1
405 429 1
405 432 1
405 437 1
405 451 1
405 455 1
405 473 1
405 534 1
406 418 1
406 424 1
406 425 1
406 453 1
406 461 1
406 462 1
406 479 1
406 493 1
407 408 1
407 427 1
407 448 1
407 482 1
407 493 1
407 495 1
407 753 1
408 414 1
408 445 1
408 448 1
408 454 1
409 414 1
409 432 1
409 463 1
409 484 1
409 492 1
409 761 1
409 942 1
409 964 1
410 438 1
410 976 1
411 435 1
411 443 1
411 495 1
412 417 1
412 438 1
412 446 1
412 449 1
412 882 1
413 419 1
413 423 1
413 443 1
413 444 1
413 457 1
413 462 1
413 487 1
413 777 1
414 423 1
414 437 1
414 443 1
414 444 1
414 458 1
414 472 1
414 486 1
414 489 1
414 490 1
414 692 1
415 454 1
415 478 1
415 651 1
415 727 1
416 422 1
416 462 1
416 613 1
416 925 1
417 440 1
417 444 1
417 452 1
417 471 1
417 487 1
418 427 1
418 432 1
419 426 1
419 445 1
419 458 1
419 606 1
420 425 1
420 488 1
420 493 1
420 712 1
420 920 1
421 430 1
421 432 1
421 445 1
421 446 1
421 471 1
421 475 1
421 486 1
421 488 1
421 496 1
421 531 1
422 458 1
422 472 1
422 530 1
423 438 1
423 452 1
423 480 1
423 852 1
424 481 1
424 493 1
424 747 1
425 431 1
425 443 1
425 467 1
425 810 1
426 467 1
426 477 1
427 495 1
427 883 1
428 431 1
428 437 1
428 472 1
428 478 1
428 487 1
428 489 1
428 494 1
429 438 1
429 445 1
430 441 1
430 451 1
430 453 1
430 663 1
430 787 1
431 451 1
431 460 1
432 673 1
433 457 1
433 467 1
433 473 1
433 484 1
433 780 1
434 440 1
434 447 1
434 451 1
434 603 1
434 899 1
435 449 1
435 473 1
435 491 1
435 500 1
436 447 1
436 451 1
436 465 1
436 489 1
436 493 1
436 495 1
436 822 1
437 440 1
437 443 1
437 444 1
437 480 1
437 500 1
438 465 1
438 471 1
438 482 1
438 488 1
439 486 1
439 498 1
439 783 1
440 441 1
440 927 1
441 475 1
441 560 1
442 453 1
442 458 1
442 481 1
442 498 1
443 595 1
443 762 1
444 452 1
444 457 1
444 464 1
444 467 1
444 624 1
444 779 1
444 932 1
444 941 1
445 451 1
445 467 1
445 468 1
445 473 1
445 486 1
445 487 1
445 513 1
445 988 1
446 470 1
446 473 1
446 497 1
446 641 1
446 950 1
447 450 1
447 475 1
447 485 1
448 466 1
448 497 1
448 498 1
448 562 1
448 611 1
449 482 1
449 487 1
449 932 1
450 459 1
450 477 1
450 492 1
450 852 1
451 454 1
451 457 1
452 459 1
452 476 1
453 464 1
453 475 1
454 469 1
454 489 1
454 492 1
455 461 1
455 471 1
455 484 1
455 499 1
456 556 1
456 849 1
457 468 1
457 471 1
458 465 1
459 496 1
459 556 1
460 465 1
460 469 1
460 476 1
460 637 1
460 658 1
460 775 1
461 484 1
461 499 1
461 751 1
462 471 1
462 499 1
462 706 1
462 863 1
463 465 1
464 778 1
465 483 1
466 477 1
466 654 1
467 875 1
468 469 1
468 471 1
468 480 1
469 473 1
469 500 1
469 515 1
470 487 1
470 494 1
470 495 1
470 496 1
471 484 1
471 486 1
471 605 1
472 474 1
472 479 1
472 500 1
472 673 1
472 925 1
473 492 1
473 579 1
473 661 1
474 483 1
475 484 1
475 491 1
476 480 1
476 482 1
476 494 1
476 642 1
476 661 1
476 925 1
477 483 1
477 492 1
477 717 1
478 492 1
478 784 1
479 491 1
480 655 1
481 486 1
481 495 1
481 496 1
481 716 1
482 499 1
482 555 1
482 783 1
484 497 1
484 941 1
485 580 1
485 664 1
486 498 1
487 495 1
487 876 1
488 492 1
490 496 1
490 542 1
491 497 1
491 697 1
491 904 1
492 493 1
492 496 1
492 588 1
494 697 1
495 870 1
495 926 1
495 949 1
496 833 1
497 925 1
499 711 1
500 996 1
501 502 1
501 518 1
501 533 1
501 541 1
501 553 1
501 582 1
501 595 1
501 599 1
501 642 1
502 513 1
502 524 1
502 536 1
502 554 1
502 559 1
502 580 1
502 584 1
502 793 1
503 559 1
503 565 1
503 573 1
504 525 1
504 564 1
504 575 1
504 578 1
504 580 1
504 583 1
505 518 1
505 543 1
505 548 1
505 597 1
506 519 1
506 525 1
506 554 1
506 573 1
506 906 1
507 518 1
507 550 1
507 553 1
507 569 1
507 573 1
507 583 1
507 588 1
507 595 1
508 524 1
508 543 1
508 581 1
508 585 1
508 588 1
508 682 1
509 513 1
509 553 1
509 558 1
509 568 1
509 600 1
509 907 1
510 511 1
510 519 1
510 520 1
510 535 1
510 537 1
510 542 1
510 549 1
510 565 1
510 582 1
510 591 1
510 594 1
511 538 1
511 546 1
511 556 1
511 707 1
512 516 1
512 536 1
512 545 1
512 559 1
512 560 1
512 637 1
512 894 1
513 540 1
513 550 1
513 576 1
513 577 1
513 590 1
513 744 1
514 523 1
514 538 1
514 587 1
514 776 1
515 521 1
515 548 1
515 555 1
515 578 1
515 588 1
516 546 1
516 556 1
516 597 1
516 744 1
516 764 1
516 945 1
517 520 1
517 526 1
517 531 1
517 539 1
517 544 1
517 546 1
517 575 1
517 585 1
517 613 1
517 683 1
518 530 1
518 536 1
518 567 1
518 576 1
518 583 1
519 527 1
519 545 1
519 547 1
519 562 1
519 908 1
520 539 1
520 551 1
520 554 1
520 559 1
520 561 1
520 589 1
520 861 1
521 538 1
521 542 1
521 547 1
521 563 1
521 594 1
521 981 1
522 554 1
522 575 1
522 588 1
522 868 1
523 535 1
523 555 1
523 569 1
524 531 1
524 545 1
524 550 1
524 551 1
525 543 1
525 544 1
525 577 1
525 588 1
525 694 1
525 864 1
525 992 1
526 536 1
526 544 1
526 545 1
526 553 1
526 577 1
526 592 1
526 593 1
526 600 1
526 699 1
527 544 1
527 550 1
527 553 1
527 557 1
527 563 1
527 590 1
527 630 1
527 847 1
528 580 1
529 546 1
529 582 1
529 841 1
529 922 1
530 537 1
530 569 1
530 578 1
530 698 1
530 780 1
531 545 1
531 551 1
531 554 1
531 557 1
531 560 1
531 579 1
531 904 1
531 990 1
532 579 1
533 536 1
533 554 1
533 558 1
534 539 1
534 540 1
534 549 1
534 585 1
534 681 1
535 559 1
535 561 1
535 568 1
535 572 1
535 773 1
535 862 1
536 540 1
536 549 1
536 677 1
536 766 1
537 563 1
537 582 1
537 593 1
537 595 1
538 541 1
538 565 1
538 568 1
538 575 1
538 579 1
538 596 1
538 720 1
539 540 1
539 550 1
539 561 1
539 562 1
539 565 1
539 589 1
539 792 1
540 545 1
540 549 1
540 584 1
540 592 1
540 963 1
541 555 1
541 564 1
541 907 1
542 546 1
542 550 1
542 580 1
542 771 1
543 555 1
543 557 1
543 560 1
543 567 1
543 571 1
543 597 1
544 560 1
544 561 1
544 567 1
544 580 1
544 588 1
545 549 1
545 551 1
545 570 1
545 595 1
545 609 1
546 551 1
546 554 1
546 560 1
546 575 1
546 579 1
546 856 1
547 560 1
547 710 1
547 756 1
548 552 1
548 563 1
548 569 1
549 568 1
549 575 1
549 598 1
550 554 1
550 580 1
550 993 1
551 552 1
551 562 1
551 769 1
552 573 1
552 575 1
552 590 1
552 604 1
553 562 1
553 575 1
553 576 1
553 594 1
553 893 1
553 975 1
554 584 1
554 654 1
554 872 1
555 596 1
555 622 1
555 830 1
556 573 1
556 574 1
556 575 1
557 579 1
557 858 1
558 566 1
559 568 1
559 584 1
559 594 1
560 563 1
560 634 1
561 580 1
561 581 1
561 589 1
561 597 1
561 642 1
561 859 1
562 584 1
562 828 1
563 570 1
563 571 1
563 574 1
563 582 1
564 579 1
565 567 1
565 594 1
565 977 1
566 578 1
566 583 1
566 584 1
567 571 1
567 580 1
568 580 1
568 717 1
569 571 1
569 584 1
569 588 1
569 591 1
569 599 1
570 588 1
570 589 1
570 600 1
570 860 1
570 989 1
571 878 1
572 631 1
572 671 1
572 856 1
574 597 1
574 737 1
574 769 1
575 598 1
575 758 1
576 591 1
576 907 1
577 578 1
577 591 1
577 974 1
578 581 1
578 733 1
579 581 1
580 594 1
580 597 1
581 592 1
581 595 1
582 588 1
582 979 1
584 592 1
584 594 1
584 742 1
585 593 1
585 804 1
586 803 1
586 917 1
587 593 1
587 600 1
590 717 1
590 821 1
591 598 1
591 856 1
594 749 1
594 807 1
595 600 1
595 957 1
600 645 1
600 937 1
601 610 1
601 617 1
601 622 1
601 647 1
601 659 1
601 663 1
601 666 1
601 677 1
601 870 1
602 619 1
602 628 1
602 675 1
602 825 1
603 626 1
603 663 1
603 664 1
603 672 1
603 697 1
603 771 1
604 624 1
604 640 1
604 687 1
604 992 1
605 638 1
605 662 1
605 669 1
605 670 1
605 679 1
605 682 1
606 612 1
606 622 1
606 638 1
606 656 1
606 693 1
607 630 1
607 661 1
607 673 1
607 697 1
607 703 1
607 877 1
608 619 1
608 627 1
608 635 1
608 648 1
608 662 1
608 683 1
608 688 1
608 727 1
609 630 1
609 651 1
609 654 1
609 685 1
609 708 1
610 637 1
610 638 1
610 641 1
610 695 1
610 832 1
610 956 1
611 616 1
611 618 1
611 678 1
611 681 1
611 691 1
611 805 1
612 617 1
612 624 1
612 640 1
612 756 1
613 617 1
613 626 1
613 632 1
613 636 1
613 658 1
613 815 1
613 849 1
613 883 1
614 642 1
614 655 1
614 676 1
614 685 1
614 692 1
615 673 1
615 675 1
615 679 1
615 683 1
615 804 1
616 620 1
616 629 1
616 632 1
616 633 1
616 670 1
617 637 1
617 662 1
617 690 1
617 699 1
617 781 1
617 824 1
618 631 1
618 659 1
618 933 1
619 633 1
619 642 1
619 659 1
619 928 1
620 695 1
621 641 1
622 625 1
622 626 1
622 668 1
622 672 1
622 692 1
622 810 1
623 627 1
623 678 1
623 698 1
624 638 1
624 649 1
624 678 1
624 686 1
624 699 1
624 971 1
625 628 1
625 644 1
625 646 1
625 654 1
625 695 1
625 727 1
625 982 1
626 666 1
626 723 1
627 649 1
627 654 1
627 659 1
627 664 1
627 682 1
628 640 1
628 642 1
628 647 1
628 682 1
629 679 1
629 698 1
630 652 1
630 670 1
631 644 1
631 663 1
631 674 1
632 640 1
632 654 1
632 689 1
632 692 1
632 697 1
633 634 1
633 638 1
633 648 1
633 652 1
633 657 1
633 658 1
633 674 1
633 679 1
634 637 1
634 696 1
635 651 1
635 668 1
635 766 1
636 643 1
636 649 1
636 662 1
636 973 1
637 654 1
637 668 1
637 677 1
637 698 1
638 643 1
638 646 1
638 691 1
639 671 1
639 695 1
639 855 1
639 932 1
640 659 1
640 673 1
640 677 1
640 682 1
640 686 1
640 693 1
641 668 1
641 697 1
642 647 1
642 654 1
642 689 1
642 724 1
643 697 1
643 957 1
644 694 1
644 699 1
644 773 1
645 671 1
645 685 1
645 918 1
646 657 1
646 674 1
646 697 1
646 702 1
647 672 1
647 698 1
648 686 1
648 775 1
649 650 1
649 653 1
649 657 1
649 664 1
649 671 1
649 695 1
649 815 1
650 656 1
650 668 1
650 696 1
650 782 1
650 901 1
651 652 1
651 663 1
651 691 1
652 666 1
652 698 1
653 723 1
654 861 1
654 975 1
655 663 1
655 683 1
655 691 1
655 696 1
655 717 1
655 755 1
655 847 1
656 692 1
656 697 1
656 822 1
657 882 1
658 668 1
658 800 1
658 945 1
659 682 1
659 716 1
659 786 1
659 816 1
660 671 1
660 672 1
660 686 1
660 687 1
661 674 1
662 671 1
662 689 1
663 680 1
664 670 1
664 700 1
664 909 1
666 673 1
667 675 1
667 693 1
667 887 1
668 690 1
668 691 1
668 926 1
669 678 1
669 684 1
669 690 1
669 944 1
669 997 1
670 688 1
670 698 1
670 760 1
671 743 1
672 678 1
672 690 1
672 947 1
673 782 1
674 678 1
674 681 1
674 695 1
675 685 1
676 682 1
676 685 1
677 686 1
677 917 1
678 682 1
678 687 1
678 694 1
680 688 1
680 695 1
681 700 1
681 805 1
682 690 1
683 688 1
683 693 1
683 699 1
684 723 1
685 926 1
686 697 1
687 689 1
687 949 1
689 740 1
690 695 1
693 694 1
694 914 1
694 976 1
695 941 1
695 950 1
696 699 1
696 747 1
699 902 1
699 928 1
701 739 1
701 749 1
701 750 1
701 767 1
701 768 1
701 783 1
701 786 1
701 789 1
701 791 1
701 994 1
702 703 1
702 710 1
702 730 1
702 786 1
703 705 1
703 709 1
703 735 1
703 761 1
703 790 1
703 798 1
703 897 1
703 990 1
704 708 1
704 715 1
704 754 1
704 765 1
704 791 1
705 715 1
705 726 1
705 729 1
705 733 1
705 767 1
705 798 1
706 726 1
706 730 1
706 749 1
706 798 1
707 728 1
707 733 1
707 749 1
707 782 1
708 710 1
708 723 1
708 750 1
708 755 1
708 770 1
708 776 1
708 793 1
708 799 1
708 992 1
709 713 1
709 779 1
709 790 1
710 722 1
710 730 1
710 750 1
710 757 1
710 772 1
711 724 1
711 736 1
711 739 1
711 752 1
711 773 1
711 778 1
711 788 1
712 713 1
712 764 1
712 780 1
712 799 1
712 834 1
713 721 1
713 723 1
713 728 1
713 731 1
713 746 1
713 755 1
713 766 1
713 778 1
713 780 1
713 787 1
714 727 1
714 792 1
714 796 1
715 748 1
715 783 1
715 788 1
715 799 1
715 977 1
716 722 1
716 724 1
716 768 1
716 779 1
716 781 1
716 789 1
717 729 1
717 755 1
717 776 1
717 780 1
717 800 1
718 728 1
718 780 1
718 783 1
719 729 1
719 746 1
720 776 1
721 725 1
721 764 1
721 767 1
722 730 1
722 736 1
722 746 1
722 757 1
722 780 1
723 774 1
723 779 1
723 790 1
723 792 1
724 756 1
724 765 1
725 735 1
725 746 1
725 757 1
725 768 1
725 790 1
726 755 1
726 765 1
726 768 1
726 796 1
726 950 1
727 743 1
727 745 1
727 748 1
727 779 1
727 901 1
728 766 1
729 741 1
729 749 1
729 754 1
729 796 1
729 799 1
730 735 1
730 745 1
730 758 1
730 778 1
730 780 1
730 783 1
730 785 1
730 788 1
730 798 1
730 917 1
731 751 1
731 755 1
731 775 1
731 790 1
731 820 1
731 975 1
732 788 1
732 797 1
733 740 1
733 777 1
733 876 1
734 739 1
734 743 1
734 754 1
734 759 1
734 770 1
734 793 1
735 778 1
735 780 1
735 870 1
736 748 1
736 756 1
736 758 1
736 768 1
736 770 1
736 772 1
736 781 1
736 785 1
737 740 1
737 794 1
737 795 1
737 797 1
738 771 1
738 798 1
739 760 1
739 769 1
739 795 1
740 760 1
740 798 1
741 765 1
742 759 1
742 765 1
743 752 1
743 797 1
743 798 1
743 958 1
744 767 1
744 774 1
744 776 1
744 800 1
745 786 1
745 797 1
746 773 1
747 761 1
747 768 1
747 772 1
747 778 1
748 779 1
748 784 1
748 785 1
748 943 1
748 997 1
749 755 1
749 763 1
749 769 1
749 794 1
750 753 1
750 762 1
751 758 1
751 764 1
751 786 1
751 795 1
751 799 1
751 848 1
751 947 1
752 783 1
752 787 1
753 757 1
753 759 1
753 761 1
753 775 1
753 786 1
753 792 1
753 975 1
754 771 1
754 777 1
754 788 1
755 772 1
755 774 1
755 785 1
755 791 1
756 762 1
756 788 1
756 800 1
757 763 1
757 786 1
758 772 1
758 784 1
758 792 1
758 797 1
759 764 1
759 780 1
759 871 1
760 765 1
760 787 1
760 994 1
761 782 1
762 777 1
763 785 1
763 789 1
764 793 1
766 792 1
766 795 1
767 783 1
768 770 1
768 797 1
769 985 1
770 800 1
771 774 1
772 793 1
772 800 1
772 887 1
773 781 1
773 918 1
774 791 1
774 800 1
774 963 1
775 911 1
776 783 1
776 801 1
776 848 1
776 885 1
776 962 1
777 849 1
779 782 1
779 784 1
779 785 1
779 790 1
782 791 1
785 797 1
785 855 1
787 789 1
787 793 1
787 794 1
788 927 1
789 795 1
789 798 1
790 791 1
791 798 1
791 983 1
795 938 1
796 853 1
796 943 1
797 799 1
798 828 1
798 909 1
799 800 1
800 862 1
801 850 1
801 868 1
801 875 1
801 883 1
802 874 1
803 832 1
803 838 1
803 856 1
804 816 1
804 838 1
804 858 1
804 864 1
804 880 1
804 889 1
804 892 1
804 894 1
805 813 1
805 814 1
805 825 1
805 834 1
805 864 1
805 867 1
805 876 1
805 880 1
806 816 1
806 822 1
806 848 1
806 857 1
806 867 1
806 888 1
807 814 1
807 824 1
807 839 1
807 869 1
808 823 1
808 864 1
808 867 1
808 887 1
808 894 1
808 899 1
809 837 1
809 842 1
809 856 1
809 858 1
809 909 1
810 867 1
810 885 1
810 886 1
810 896 1
811 833 1
811 834 1
811 854 1
811 855 1
811 861 1
811 898 1
812 819 1
812 869 1
812 886 1
812 888 1
812 895 1
813 825 1
813 841 1
813 847 1
813 858 1
813 864 1
814 845 1
814 865 1
814 866 1
814 894 1
814 972 1
815 817 1
815 842 1
815 864 1
815 867 1
815 876 1
815 885 1
815 893 1
816 836 1
817 838 1
817 864 1
817 882 1
817 887 1
818 843 1
818 855 1
818 887 1
819 843 1
819 844 1
819 857 1
819 858 1
819 943 1
820 840 1
820 842 1
820 846 1
820 860 1
820 875 1
821 827 1
821 869 1
821 871 1
821 874 1
821 890 1
821 896 1
821 898 1
822 855 1
822 857 1
822 872 1
822 884 1
823 835 1
823 840 1
823 853 1
823 873 1
823 880 1
823 890 1
823 900 1
824 851 1
824 888 1
825 848 1
825 869 1
825 900 1
826 850 1
826 875 1
826 877 1
826 880 1
826 881 1
827 861 1
827 894 1
828 867 1
828 873 1
828 886 1
829 884 1
830 855 1
830 858 1
830 862 1
831 863 1
831 879 1
832 841 1
832 865 1
832 887 1
832 899 1
833 850 1
833 875 1
833 918 1
834 878 1
835 864 1
835 870 1
836 837 1
836 850 1
836 851 1
836 862 1
837 846 1
837 991 1
838 846 1
838 971 1
839 842 1
839 889 1
840 875 1
840 887 1
841 844 1
841 886 1
842 890 1
842 921 1
843 897 1
844 845 1
844 854 1
844 865 1
844 868 1
845 880 1
846 851 1
846 857 1
846 864 1
846 884 1
847 854 1
847 894 1
848 873 1
848 884 1
848 892 1
849 871 1
849 872 1
849 884 1
849 896 1
849 897 1
850 852 1
850 859 1
850 890 1
851 870 1
851 889 1
852 871 1
852 882 1
853 876 1
853 879 1
854 864 1
854 885 1
854 899 1
854 945 1
855 874 1
855 888 1
856 888 1
856 969 1
857 944 1
858 898 1
859 882 1
859 891 1
860 876 1
861 867 1
862 881 1
862 887 1
863 865 1
863 872 1
863 878 1
863 889 1
863 895 1
863 927 1
863 952 1
863 989 1
864 865 1
864 866 1
865 894 1
866 891 1
866 892 1
868 875 1
868 878 1
869 875 1
869 884 1
870 879 1
874 881 1
874 891 1
876 880 1
877 879 1
878 890 1
878 891 1
879 881 1
880 883 1
880 897 1
881 989 1
882 891 1
882 998 1
883 894 1
883 965 1
884 890 1
885 886 1
885 891 1
885 892 1
885 991 1
886 896 1
891 898 1
891 969 1
894 928 1
896 898 1
897 923 1
901 970 1
901 980 1
902 925 1
902 939 1
902 949 1
902 964 1
902 965 1
902 986 1
902 994 1
903 914 1
903 921 1
903 932 1
903 946 1
903 954 1
903 957 1
903 961 1
903 968 1
903 977 1
904 916 1
904 924 1
904 930 1
904 951 1
904 957 1
904 959 1
904 966 1
904 987 1
904 988 1
905 916 1
905 920 1
905 940 1
905 973 1
905 979 1
906 914 1
906 931 1
906 945 1
906 987 1
907 973 1
908 932 1
908 958 1
909 922 1
909 932 1
909 935 1
909 974 1
910 915 1
910 920 1
910 961 1
910 975 1
911 920 1
911 929 1
911 948 1
911 969 1
912 913 1
912 932 1
912 938 1
912 986 1
912 996 1
913 988 1
914 942 1
914 976 1
914 996 1
914 999 1
915 977 1
915 991 1
916 929 1
916 941 1
916 947 1
916 956 1
916 964 1
916 975 1
916 993 1
916 997 1
917 926 1
917 938 1
917 955 1
918 935 1
918 951 1
918 954 1
918 985 1
919 922 1
919 923 1
919 942 1
919 990 1
919 1000 1
920 959 1
920 960 1
920 986 1
921 955 1
921 956 1
921 966 1
921 972 1
921 977 1
921 997 1
922 945 1
922 951 1
922 953 1
922 959 1
923 933 1
923 942 1
923 979 1
924 935 1
924 947 1
924 948 1
924 953 1
924 985 1
924 999 1
925 929 1
925 950 1
925 972 1
925 977 1
926 929 1
927 969 1
928 956 1
928 974 1
928 985 1
928 994 1
929 932 1
929 933 1
929 940 1
929 988 1
929 997 1
930 959 1
930 975 1
930 978 1
931 938 1
931 944 1
931 967 1
931 980 1
932 936 1
932 940 1
932 941 1
932 953 1
932 954 1
932 962 1
933 967 1
934 938 1
934 941 1
934 953 1
935 951 1
935 981 1
935 997 1
936 948 1
936 959 1
936 995 1
936 997 1
937 944 1
937 970 1
937 979 1
937 986 1
939 955 1
939 966 1
939 972 1
939 984 1
940 966 1
940 984 1
940 999 1
941 998 1
942 950 1
942 954 1
942 957 1
943 946 1
943 949 1
943 958 1
943 987 1
944 971 1
944 974 1
945 979 1
945 995 1
946 957 1
946 966 1
946 981 1
946 990 1
947 951 1
947 962 1
948 981 1
949 961 1
949 979 1
950 997 1
951 985 1
952 964 1
952 992 1
953 974 1
953 984 1
953 997 1
954 962 1
954 965 1
954 972 1
955 962 1
956 968 1
956 973 1
956 981 1
956 983 1
956 987 1
958 965 1
958 967 1
958 976 1
958 977 1
959 999 1
960 984 1
960 996 1
961 962 1
961 980 1
962 978 1
963 987 1
964 965 1
964 971 1
964 987 1
964 989 1
965 976 1
965 987 1
965 992 1
965 994 1
968 988 1
969 973 1
969 980 1
969 987 1
970 980 1
970 987 1
971 974 1
972 996 1
973 986 1
975 995 1
976 992 1
977 986 1
978 987 1
979 988 1
979 994 1
979 998 1
980 993 1
981 983 1
981 995 1
982 993 1
987 997 1
989 990 1
991 997 1
996 1000 1
