1000 3387
1 2 1
1 26 1
1 38 1
1 777 1
1 964 1
2 15 1
2 20 1
2 23 1
2 56 1
2 58 1
2 61 1
2 69 1
2 72 1
2 75 1
2 153 1
2 213 1
2 269 1
3 21 1
3 36 1
3 50 1
3 52 1
3 66 1
3 77 1
3 93 1
3 523 1
3 705 1
3 712 1
3 715 1
3 768 1
4 16 1
4 23 1
4 27 1
4 47 1
4 52 1
4 70 1
4 80 1
4 87 1
4 91 1
4 511 1
5 7 1
5 24 1
5 53 1
5 871 1
6 11 1
6 13 1
6 32 1
6 47 1
6 82 1
6 97 1
6 248 1
6 508 1
7 21 1
7 30 1
7 37 1
7 49 1
7 54 1
7 100 1
7 375 1
7 462 1
7 633 1
8 24 1
8 526 1
9 40 1
9 71 1
9 932 1
10 11 1
10 50 1
10 410 1
10 872 1
11 40 1
11 87 1
11 98 1
11 623 1
12 15 1
12 52 1
12 55 1
12 85 1
12 87 1
12 96 1
12 98 1
12 351 1
12 371 1
12 549 1
13 91 1
13 650 1
13 660 1
14 22 1
14 48 1
14 62 1
14 67 1
14 68 1
14 79 1
14 274 1
14 386 1
14 687 1
14 781 1
14 986 1
15 17 1
15 19 1
15 29 1
15 34 1
15 39 1
15 54 1
15 64 1
15 531 1
15 558 1
16 54 1
16 66 1
16 72 1
16 74 1
16 76 1
16 95 1
16 98 1
16 631 1
17 37 1
17 81 1
17 98 1
17 288 1
17 743 1
18 25 1
18 45 1
18 53 1
18 74 1
18 100 1
18 343 1
18 499 1
19 29 1
19 100 1
19 137 1
19 249 1
19 528 1
19 907 1
20 42 1
20 50 1
20 59 1
20 67 1
20 86 1
20 774 1
21 48 1
21 67 1
21 588 1
21 866 1
22 27 1
22 52 1
22 80 1
22 91 1
22 99 1
22 122 1
22 276 1
22 556 1
22 686 1
22 803 1
23 37 1
23 38 1
23 72 1
23 189 1
23 221 1
23 384 1
23 583 1
24 43 1
24 48 1
24 54 1
24 56 1
24 69 1
25 42 1
25 45 1
25 76 1
25 98 1
25 273 1
25 373 1
25 905 1
26 28 1
26 34 1
26 40 1
26 49 1
26 70 1
27 45 1
27 56 1
27 71 1
27 499 1
27 773 1
28 211 1
28 253 1
29 31 1
29 38 1
29 160 1
29 390 1
29 592 1
29 609 1
30 36 1
30 50 1
30 53 1
30 54 1
30 81 1
30 86 1
30 159 1
30 193 1
31 39 1
31 47 1
31 54 1
31 75 1
31 96 1
31 98 1
31 442 1
31 869 1
32 41 1
32 320 1
33 65 1
33 82 1
33 97 1
33 238 1
33 488 1
33 816 1
34 50 1
34 63 1
34 70 1
34 81 1
34 91 1
34 96 1
34 100 1
35 56 1
35 58 1
35 88 1
35 100 1
35 971 1
36 52 1
36 80 1
36 764 1
36 796 1
37 41 1
37 61 1
37 472 1
37 477 1
37 750 1
38 40 1
38 50 1
38 99 1
38 447 1
38 722 1
39 53 1
39 608 1
39 744 1
39 845 1
40 52 1
40 72 1
40 86 1
40 519 1
40 918 1
41 59 1
41 97 1
41 103 1
41 168 1
42 70 1
42 78 1
42 83 1
42 292 1
43 63 1
43 84 1
43 464 1
44 60 1
44 80 1
44 96 1
44 133 1
44 231 1
44 394 1
45 56 1
45 61 1
45 84 1
45 89 1
45 91 1
45 98 1
45 111 1
45 298 1
45 987 1
46 50 1
47 50 1
47 51 1
47 93 1
47 414 1
47 451 1
48 70 1
48 72 1
49 65 1
49 70 1
49 93 1
49 210 1
49 372 1
49 791 1
49 912 1
50 857 1
50 962 1
51 52 1
51 53 1
51 60 1
51 88 1
51 99 1
51 331 1
51 906 1
52 396 1
53 66 1
53 260 1
53 791 1
54 60 1
54 86 1
54 92 1
54 445 1
55 71 1
55 93 1
55 98 1
55 100 1
55 439 1
55 466 1
55 750 1
56 102 1
56 573 1
57 80 1
57 83 1
57 311 1
57 562 1
58 115 1
58 221 1
58 386 1
58 955 1
59 100 1
59 319 1
59 361 1
59 836 1
59 890 1
59 977 1
61 75 1
61 77 1
61 100 1
61 324 1
61 372 1
62 87 1
62 90 1
62 585 1
62 722 1
62 772 1
62 825 1
62 962 1
63 81 1
63 90 1
64 75 1
64 79 1
64 90 1
64 113 1
64 209 1
65 233 1
65 859 1
66 83 1
66 84 1
66 224 1
67 81 1
67 106 1
67 212 1
67 547 1
68 91 1
69 76 1
69 81 1
69 838 1
69 982 1
70 90 1
70 112 1
71 86 1
71 365 1
71 446 1
71 875 1
72 778 1
73 129 1
73 142 1
73 368 1
74 84 1
74 246 1
75 653 1
75 772 1
76 80 1
76 242 1
76 246 1
76 290 1
76 452 1
76 457 1
76 516 1
76 533 1
76 982 1
77 79 1
77 696 1
77 798 1
77 861 1
77 879 1
78 80 1
78 92 1
78 94 1
78 95 1
78 734 1
79 84 1
79 186 1
79 423 1
79 496 1
80 193 1
81 541 1
81 623 1
82 93 1
82 186 1
82 378 1
82 922 1
83 89 1
83 90 1
83 91 1
83 100 1
84 89 1
84 91 1
84 93 1
84 98 1
84 205 1
85 601 1
85 877 1
86 266 1
86 343 1
86 407 1
87 90 1
87 93 1
87 95 1
87 98 1
87 577 1
88 95 1
88 631 1
88 853 1
88 973 1
89 273 1
89 278 1
89 413 1
89 647 1
89 968 1
90 368 1
91 481 1
91 485 1
91 975 1
93 186 1
93 399 1
93 976 1
94 249 1
94 578 1
95 959 1
97 326 1
97 384 1
97 987 1
98 313 1
98 693 1
99 220 1
99 720 1
99 832 1
100 428 1
100 479 1
100 806 1
101 108 1
101 111 1
101 133 1
101 165 1
101 187 1
101 193 1
101 467 1
102 117 1
102 130 1
102 132 1
102 136 1
102 145 1
102 200 1
103 106 1
103 183 1
104 124 1
104 143 1
104 147 1
104 152 1
104 160 1
104 177 1
104 189 1
104 365 1
104 422 1
104 424 1
105 137 1
105 140 1
105 147 1
105 791 1
105 800 1
106 159 1
106 170 1
106 187 1
106 190 1
106 347 1
106 428 1
106 540 1
107 129 1
107 167 1
107 180 1
107 400 1
107 814 1
108 123 1
108 159 1
108 557 1
108 570 1
108 802 1
109 115 1
109 146 1
109 180 1
110 128 1
110 142 1
110 150 1
110 177 1
110 186 1
110 705 1
110 931 1
111 124 1
111 130 1
111 198 1
111 330 1
112 114 1
112 164 1
112 172 1
112 190 1
112 624 1
112 702 1
112 863 1
112 991 1
113 117 1
113 119 1
113 128 1
113 155 1
113 187 1
113 199 1
113 200 1
113 730 1
114 141 1
114 165 1
114 177 1
115 117 1
115 125 1
115 148 1
115 150 1
115 151 1
115 159 1
115 181 1
115 191 1
115 536 1
115 829 1
115 985 1
116 143 1
116 180 1
116 998 1
117 126 1
117 194 1
117 717 1
117 793 1
118 134 1
118 156 1
118 161 1
118 678 1
119 152 1
119 163 1
119 561 1
119 911 1
119 915 1
120 121 1
120 122 1
120 127 1
120 142 1
120 594 1
120 692 1
120 803 1
121 128 1
121 137 1
121 170 1
121 269 1
121 636 1
121 903 1
121 910 1
122 148 1
122 159 1
122 178 1
122 184 1
122 188 1
123 132 1
123 198 1
123 430 1
124 131 1
124 138 1
124 170 1
124 197 1
125 152 1
125 156 1
125 196 1
125 416 1
125 883 1
126 142 1
126 151 1
126 996 1
127 129 1
127 132 1
127 141 1
127 197 1
127 248 1
127 332 1
127 350 1
127 683 1
127 701 1
128 143 1
128 149 1
128 154 1
128 166 1
128 195 1
128 463 1
128 735 1
129 150 1
129 178 1
129 426 1
129 963 1
130 191 1
130 247 1
130 344 1
130 508 1
130 899 1
131 169 1
131 195 1
131 200 1
132 137 1
132 140 1
132 152 1
132 158 1
132 188 1
132 676 1
133 188 1
133 193 1
133 966 1
134 140 1
134 141 1
134 148 1
134 167 1
134 175 1
134 190 1
134 717 1
135 137 1
135 161 1
136 138 1
136 175 1
136 177 1
137 143 1
137 157 1
137 166 1
137 171 1
137 535 1
138 177 1
138 185 1
138 188 1
138 491 1
139 142 1
139 192 1
139 197 1
139 265 1
139 321 1
139 780 1
140 145 1
140 169 1
141 149 1
141 158 1
141 167 1
141 175 1
141 806 1
142 157 1
142 174 1
142 176 1
142 195 1
142 836 1
143 164 1
143 176 1
143 776 1
144 146 1
144 154 1
144 628 1
144 769 1
145 147 1
145 171 1
145 175 1
145 336 1
145 498 1
146 150 1
146 182 1
146 195 1
146 617 1
146 968 1
147 190 1
147 193 1
147 641 1
148 198 1
148 716 1
148 969 1
149 166 1
149 172 1
149 182 1
149 190 1
149 479 1
150 161 1
150 174 1
150 177 1
151 161 1
151 162 1
151 183 1
151 412 1
151 578 1
152 157 1
152 164 1
152 170 1
152 175 1
152 436 1
152 539 1
152 844 1
152 943 1
153 154 1
153 187 1
153 189 1
153 865 1
154 199 1
155 191 1
155 192 1
155 193 1
156 419 1
156 971 1
157 162 1
157 181 1
157 187 1
157 789 1
158 177 1
158 185 1
158 196 1
159 168 1
159 172 1
159 186 1
159 195 1
160 163 1
160 175 1
160 195 1
160 687 1
160 838 1
161 173 1
161 190 1
161 737 1
162 164 1
162 178 1
162 192 1
162 606 1
162 799 1
163 184 1
163 199 1
163 552 1
164 372 1
164 772 1
164 875 1
165 181 1
165 182 1
166 169 1
166 186 1
166 210 1
166 293 1
166 559 1
166 597 1
166 684 1
167 199 1
167 513 1
167 537 1
168 178 1
168 198 1
168 508 1
169 182 1
169 411 1
169 743 1
170 185 1
170 404 1
170 553 1
170 841 1
170 959 1
170 999 1
171 296 1
171 691 1
172 348 1
172 499 1
172 934 1
173 194 1
173 283 1
173 692 1
173 940 1
174 187 1
174 371 1
174 924 1
175 243 1
175 834 1
175 839 1
176 557 1
176 725 1
177 179 1
177 199 1
177 591 1
178 195 1
178 768 1
179 196 1
179 198 1
179 278 1
179 363 1
179 533 1
179 827 1
180 436 1
180 971 1
181 340 1
181 960 1
182 484 1
182 733 1
182 760 1
183 189 1
184 319 1
184 754 1
185 193 1
185 195 1
185 198 1
185 209 1
185 774 1
186 188 1
186 197 1
186 264 1
186 845 1
187 188 1
187 195 1
187 374 1
187 483 1
188 190 1
188 200 1
188 363 1
188 707 1
189 492 1
189 641 1
190 192 1
191 221 1
191 723 1
192 788 1
192 854 1
192 992 1
193 418 1
194 714 1
196 747 1
197 299 1
197 766 1
197 926 1
199 701 1
200 464 1
201 231 1
201 241 1
201 254 1
201 270 1
201 431 1
202 206 1
202 218 1
202 238 1
202 266 1
202 268 1
202 283 1
202 287 1
202 288 1
202 296 1
202 682 1
203 241 1
203 243 1
203 262 1
203 266 1
203 282 1
203 387 1
203 536 1
204 222 1
204 224 1
204 226 1
204 259 1
204 263 1
204 761 1
204 836 1
205 206 1
205 222 1
205 225 1
205 229 1
205 233 1
205 236 1
205 270 1
205 271 1
205 285 1
205 288 1
206 230 1
206 239 1
206 252 1
206 278 1
207 276 1
208 219 1
208 242 1
208 251 1
208 296 1
208 818 1
209 233 1
209 250 1
209 294 1
209 641 1
210 231 1
210 234 1
210 259 1
210 286 1
210 296 1
210 620 1
211 220 1
211 232 1
211 263 1
211 294 1
211 295 1
211 479 1
212 215 1
212 233 1
212 268 1
212 279 1
213 219 1
213 248 1
213 266 1
213 277 1
213 412 1
213 534 1
214 263 1
214 268 1
215 218 1
215 240 1
215 244 1
215 274 1
215 284 1
215 293 1
215 722 1
215 731 1
216 231 1
216 237 1
216 275 1
216 281 1
216 297 1
217 221 1
217 235 1
217 258 1
217 297 1
217 367 1
217 883 1
218 231 1
218 257 1
218 261 1
219 241 1
219 277 1
220 225 1
220 226 1
220 232 1
220 285 1
220 286 1
220 293 1
220 299 1
220 312 1
220 379 1
220 402 1
220 412 1
220 473 1
221 246 1
221 274 1
221 297 1
221 298 1
221 400 1
221 575 1
222 250 1
222 278 1
222 510 1
222 622 1
223 264 1
223 282 1
223 314 1
223 747 1
223 860 1
223 869 1
224 236 1
224 249 1
224 270 1
224 277 1
224 279 1
224 285 1
224 386 1
224 506 1
224 806 1
224 883 1
225 246 1
226 227 1
226 251 1
226 262 1
226 541 1
226 935 1
227 235 1
227 244 1
227 279 1
227 324 1
228 233 1
228 287 1
228 300 1
228 982 1
229 295 1
229 298 1
229 577 1
229 738 1
230 247 1
230 270 1
230 272 1
230 276 1
230 294 1
230 395 1
231 254 1
231 267 1
231 293 1
231 388 1
231 759 1
232 275 1
233 245 1
233 256 1
233 266 1
233 299 1
233 631 1
233 994 1
234 236 1
234 237 1
234 286 1
234 293 1
235 268 1
235 292 1
235 876 1
236 253 1
236 299 1
236 622 1
237 244 1
237 263 1
237 280 1
238 243 1
238 246 1
238 379 1
238 568 1
239 256 1
239 264 1
239 286 1
240 271 1
240 297 1
240 989 1
241 272 1
242 259 1
242 264 1
242 276 1
242 286 1
242 293 1
242 296 1
242 297 1
242 828 1
243 572 1
243 700 1
244 709 1
244 881 1
245 276 1
245 727 1
246 255 1
246 299 1
246 719 1
247 250 1
247 256 1
247 281 1
247 324 1
247 410 1
247 879 1
248 296 1
248 327 1
249 275 1
249 284 1
249 303 1
249 829 1
250 289 1
250 291 1
250 465 1
250 903 1
250 908 1
251 268 1
251 270 1
251 294 1
251 615 1
252 288 1
252 290 1
253 254 1
253 268 1
253 297 1
253 405 1
254 292 1
254 525 1
255 261 1
255 270 1
255 282 1
255 658 1
255 883 1
256 285 1
256 294 1
256 766 1
257 293 1
257 498 1
257 499 1
257 856 1
258 259 1
258 266 1
258 278 1
258 280 1
258 281 1
258 485 1
259 264 1
259 285 1
259 294 1
259 296 1
259 569 1
259 781 1
260 270 1
260 272 1
260 286 1
260 296 1
260 443 1
260 574 1
260 759 1
261 283 1
261 293 1
262 273 1
263 267 1
263 271 1
263 286 1
264 285 1
264 300 1
264 412 1
264 492 1
264 641 1
265 287 1
265 288 1
265 290 1
265 295 1
266 285 1
266 298 1
266 431 1
266 952 1
267 274 1
267 293 1
267 336 1
267 424 1
267 948 1
268 448 1
269 288 1
269 289 1
269 290 1
269 298 1
269 588 1
269 686 1
269 802 1
269 818 1
270 280 1
270 297 1
270 577 1
270 899 1
271 281 1
271 285 1
271 300 1
271 448 1
272 816 1
272 871 1
273 292 1
273 293 1
273 433 1
274 298 1
274 378 1
275 276 1
275 281 1
275 428 1
275 875 1
276 746 1
277 463 1
277 498 1
277 932 1
278 285 1
278 292 1
278 303 1
278 737 1
278 765 1
279 291 1
279 298 1
279 985 1
280 289 1
281 289 1
281 370 1
282 289 1
282 300 1
283 673 1
283 831 1
285 293 1
285 516 1
287 300 1
287 531 1
287 677 1
287 692 1
288 295 1
288 469 1
288 838 1
291 298 1
291 521 1
291 983 1
292 696 1
292 736 1
292 964 1
293 592 1
294 946 1
295 297 1
296 906 1
296 996 1
301 306 1
301 322 1
301 352 1
301 396 1
301 682 1
302 304 1
302 353 1
302 359 1
302 388 1
303 366 1
303 381 1
303 570 1
304 322 1
304 376 1
304 385 1
304 397 1
304 400 1
304 642 1
304 878 1
305 329 1
305 343 1
305 378 1
305 393 1
305 694 1
306 319 1
306 395 1
306 515 1
307 365 1
307 370 1
307 894 1
307 949 1
307 962 1
308 322 1
308 360 1
308 393 1
308 405 1
308 464 1
309 341 1
309 356 1
309 380 1
310 325 1
310 336 1
310 560 1
310 623 1
310 680 1
311 314 1
311 341 1
311 353 1
311 354 1
311 373 1
311 379 1
311 386 1
311 413 1
311 861 1
311 971 1
312 340 1
312 379 1
312 397 1
312 640 1
313 318 1
313 347 1
313 379 1
313 383 1
313 471 1
314 330 1
314 432 1
314 921 1
315 343 1
315 379 1
315 384 1
315 400 1
315 678 1
315 956 1
316 368 1
316 393 1
316 464 1
316 652 1
316 753 1
316 940 1
317 331 1
317 335 1
317 344 1
317 396 1
318 321 1
318 389 1
318 396 1
318 490 1
319 357 1
319 379 1
319 387 1
320 324 1
320 377 1
320 379 1
320 715 1
321 355 1
321 369 1
321 386 1
321 399 1
321 744 1
322 344 1
322 357 1
322 374 1
322 391 1
322 483 1
323 326 1
323 354 1
323 355 1
323 383 1
323 391 1
323 518 1
323 690 1
323 737 1
324 333 1
324 339 1
324 350 1
324 354 1
324 387 1
324 608 1
325 355 1
325 566 1
326 338 1
326 383 1
326 385 1
326 522 1
327 339 1
327 357 1
327 358 1
327 371 1
327 381 1
327 389 1
327 391 1
327 635 1
328 333 1
328 346 1
328 353 1
328 357 1
328 386 1
328 388 1
328 429 1
328 472 1
328 822 1
330 390 1
330 480 1
330 830 1
331 334 1
331 343 1
331 354 1
331 360 1
331 372 1
331 391 1
331 394 1
332 351 1
332 356 1
333 347 1
333 369 1
333 398 1
334 359 1
334 378 1
334 381 1
334 625 1
335 344 1
335 360 1
335 397 1
335 476 1
336 376 1
336 377 1
337 353 1
337 357 1
337 392 1
337 693 1
337 793 1
338 342 1
338 358 1
338 385 1
338 554 1
338 590 1
338 981 1
339 383 1
339 388 1
339 390 1
339 498 1
340 354 1
340 370 1
340 379 1
341 379 1
341 380 1
341 389 1
342 350 1
342 355 1
342 375 1
342 941 1
342 962 1
343 357 1
343 360 1
343 362 1
344 359 1
344 364 1
344 397 1
344 592 1
344 910 1
345 368 1
345 386 1
346 369 1
346 391 1
346 514 1
346 745 1
346 876 1
347 348 1
347 369 1
347 376 1
347 380 1
347 401 1
348 365 1
348 368 1
348 375 1
348 379 1
348 389 1
348 392 1
348 640 1
349 358 1
349 379 1
349 396 1
350 353 1
350 371 1
350 380 1
350 396 1
350 400 1
351 372 1
351 385 1
351 490 1
351 968 1
352 363 1
352 420 1
352 916 1
353 392 1
353 400 1
353 474 1
354 375 1
354 379 1
354 395 1
354 397 1
355 363 1
355 369 1
355 370 1
355 372 1
356 729 1
357 361 1
357 362 1
357 372 1
357 923 1
358 362 1
358 411 1
358 735 1
359 383 1
359 389 1
359 395 1
359 670 1
360 394 1
360 434 1
360 611 1
360 922 1
361 378 1
361 379 1
361 382 1
361 479 1
361 681 1
362 464 1
363 372 1
363 389 1
363 398 1
364 383 1
364 550 1
364 733 1
365 369 1
365 373 1
365 388 1
365 411 1
365 630 1
365 983 1
366 690 1
367 369 1
367 427 1
367 748 1
368 685 1
369 382 1
369 391 1
369 820 1
370 380 1
370 399 1
371 372 1
371 382 1
371 386 1
371 388 1
372 383 1
372 384 1
372 701 1
372 940 1
372 985 1
373 788 1
373 940 1
374 459 1
375 380 1
375 387 1
375 558 1
376 468 1
376 912 1
377 849 1
378 394 1
378 434 1
379 387 1
379 389 1
379 533 1
379 886 1
380 954 1
381 877 1
382 397 1
382 854 1
383 393 1
384 389 1
384 870 1
386 387 1
386 591 1
387 576 1
388 395 1
388 585 1
388 625 1
388 758 1
389 397 1
389 822 1
389 921 1
390 392 1
390 561 1
390 779 1
391 396 1
391 454 1
392 640 1
392 891 1
393 524 1
393 549 1
394 999 1
395 555 1
395 952 1
397 790 1
398 589 1
398 810 1
399 764 1
400 524 1
400 947 1
401 426 1
401 835 1
402 410 1
402 435 1
402 436 1
402 441 1
402 444 1
402 461 1
402 465 1
402 489 1
402 490 1
402 965 1
403 442 1
403 448 1
403 449 1
403 453 1
403 468 1
403 473 1
403 484 1
403 599 1
403 929 1
404 437 1
404 450 1
404 487 1
404 488 1
405 432 1
405 443 1
405 474 1
405 528 1
405 720 1
406 409 1
406 487 1
407 472 1
407 993 1
408 417 1
408 432 1
408 448 1
408 954 1
409 422 1
409 447 1
409 496 1
409 589 1
409 896 1
409 959 1
410 420 1
410 426 1
410 443 1
410 470 1
410 472 1
411 422 1
411 459 1
411 473 1
411 489 1
411 494 1
411 863 1
412 444 1
412 460 1
412 465 1
412 475 1
412 500 1
412 684 1
413 416 1
413 444 1
413 462 1
413 470 1
413 474 1
414 424 1
414 442 1
414 456 1
414 496 1
415 455 1
415 471 1
415 498 1
415 601 1
416 463 1
416 474 1
416 477 1
416 499 1
416 549 1
416 593 1
416 699 1
417 430 1
417 432 1
417 440 1
417 484 1
417 496 1
417 577 1
418 427 1
418 464 1
418 472 1
418 493 1
419 433 1
420 431 1
420 434 1
420 471 1
420 495 1
420 497 1
420 763 1
420 855 1
421 426 1
421 466 1
421 471 1
422 438 1
422 444 1
422 497 1
423 428 1
423 437 1
423 440 1
423 449 1
423 451 1
423 469 1
423 470 1
423 474 1
423 574 1
424 433 1
424 449 1
425 443 1
425 461 1
425 484 1
425 819 1
425 913 1
426 427 1
426 442 1
426 449 1
426 459 1
426 461 1
426 473 1
426 475 1
426 477 1
426 487 1
427 441 1
427 457 1
427 485 1
427 486 1
427 491 1
427 528 1
427 561 1
427 929 1
428 436 1
428 456 1
428 457 1
428 478 1
428 493 1
428 594 1
428 632 1
429 435 1
429 466 1
429 476 1
429 482 1
430 461 1
430 474 1
430 495 1
430 520 1
430 839 1
430 970 1
431 457 1
431 475 1
431 494 1
431 495 1
431 500 1
431 514 1
432 434 1
432 483 1
432 492 1
432 494 1
432 759 1
433 434 1
433 454 1
433 474 1
433 493 1
433 496 1
433 499 1
434 435 1
434 436 1
434 446 1
434 450 1
434 455 1
434 461 1
434 496 1
435 441 1
435 452 1
435 473 1
436 438 1
436 861 1
436 893 1
437 447 1
437 480 1
437 494 1
437 540 1
437 806 1
438 461 1
438 477 1
438 699 1
439 440 1
439 450 1
439 466 1
439 468 1
439 475 1
439 498 1
439 500 1
439 914 1
439 993 1
440 500 1
440 584 1
441 445 1
441 473 1
441 988 1
442 444 1
442 718 1
443 457 1
443 458 1
443 481 1
443 532 1
444 446 1
444 462 1
444 639 1
445 454 1
445 479 1
447 459 1
447 480 1
448 453 1
448 462 1
449 450 1
449 493 1
449 497 1
449 526 1
450 478 1
450 635 1
450 921 1
451 485 1
451 488 1
451 888 1
452 484 1
452 495 1
452 859 1
453 462 1
453 469 1
453 815 1
453 923 1
454 457 1
454 471 1
454 488 1
454 491 1
454 496 1
454 514 1
454 992 1
455 468 1
455 478 1
455 480 1
455 581 1
456 466 1
456 470 1
457 468 1
457 500 1
458 473 1
458 474 1
458 489 1
459 472 1
460 496 1
461 468 1
461 481 1
462 476 1
462 479 1
462 499 1
463 481 1
463 525 1
464 466 1
464 467 1
464 487 1
464 499 1
465 493 1
466 467 1
466 742 1
467 475 1
467 484 1
467 493 1
467 853 1
468 475 1
468 478 1
469 470 1
469 479 1
469 481 1
469 485 1
469 488 1
469 492 1
469 584 1
469 651 1
470 488 1
470 849 1
471 809 1
472 498 1
472 803 1
474 478 1
474 490 1
474 495 1
475 483 1
475 484 1
475 486 1
475 491 1
476 490 1
476 513 1
476 777 1
477 493 1
477 494 1
477 633 1
478 500 1
478 648 1
479 487 1
480 634 1
480 953 1
481 631 1
481 976 1
482 491 1
482 498 1
483 763 1
483 820 1
484 950 1
485 525 1
485 658 1
486 490 1
486 494 1
486 590 1
488 489 1
489 624 1
490 495 1
490 525 1
491 584 1
491 587 1
491 884 1
492 494 1
492 498 1
492 499 1
492 653 1
493 954 1
496 723 1
497 673 1
497 942 1
500 900 1
501 507 1
501 529 1
501 566 1
501 568 1
501 574 1
501 753 1
502 506 1
502 512 1
502 516 1
502 547 1
502 563 1
502 568 1
502 576 1
502 589 1
502 596 1
502 714 1
503 538 1
503 557 1
503 573 1
503 591 1
504 594 1
504 596 1
504 783 1
504 874 1
505 515 1
505 525 1
505 562 1
505 593 1
505 594 1
505 598 1
505 757 1
505 800 1
506 508 1
506 513 1
506 524 1
506 581 1
506 656 1
507 510 1
507 525 1
507 527 1
507 536 1
507 539 1
507 547 1
507 570 1
507 584 1
507 589 1
507 754 1
508 546 1
508 595 1
508 855 1
509 514 1
510 525 1
510 532 1
510 535 1
510 551 1
510 552 1
510 563 1
510 566 1
510 569 1
510 586 1
510 590 1
511 558 1
511 560 1
511 591 1
511 788 1
511 963 1
512 528 1
512 538 1
512 541 1
512 544 1
512 599 1
512 600 1
512 791 1
512 895 1
513 526 1
513 571 1
513 594 1
514 518 1
514 523 1
514 532 1
514 783 1
514 886 1
515 518 1
515 524 1
515 545 1
515 567 1
515 796 1
516 555 1
516 574 1
516 588 1
516 600 1
517 543 1
517 549 1
517 556 1
517 566 1
517 569 1
517 571 1
517 579 1
518 586 1
518 594 1
518 597 1
518 713 1
519 524 1
519 536 1
519 585 1
520 542 1
520 564 1
520 809 1
520 897 1
521 540 1
521 563 1
521 568 1
521 586 1
521 587 1
522 594 1
522 757 1
522 790 1
523 528 1
523 539 1
523 557 1
523 598 1
524 594 1
525 567 1
525 897 1
526 555 1
526 593 1
526 598 1
526 839 1
526 890 1
526 935 1
527 534 1
527 541 1
527 553 1
527 555 1
527 564 1
527 566 1
527 567 1
527 580 1
527 583 1
527 785 1
527 999 1
528 538 1
528 560 1
528 587 1
528 668 1
529 562 1
529 565 1
529 569 1
529 586 1
529 592 1
529 783 1
529 790 1
531 563 1
531 567 1
531 572 1
531 582 1
532 551 1
532 564 1
532 570 1
532 583 1
532 589 1
533 538 1
533 561 1
533 564 1
533 569 1
533 573 1
533 577 1
533 593 1
533 597 1
533 783 1
533 876 1
534 558 1
534 581 1
534 837 1
535 547 1
535 549 1
535 577 1
536 559 1
536 570 1
536 597 1
537 539 1
537 550 1
537 575 1
537 803 1
538 562 1
538 564 1
538 581 1
538 597 1
538 821 1
539 546 1
539 576 1
539 584 1
539 588 1
540 587 1
540 590 1
541 554 1
541 564 1
541 568 1
541 585 1
542 583 1
542 587 1
542 860 1
543 545 1
543 548 1
543 558 1
543 735 1
543 932 1
543 977 1
544 545 1
544 550 1
544 552 1
544 553 1
544 570 1
544 589 1
544 594 1
545 563 1
545 579 1
545 951 1
546 576 1
546 586 1
547 591 1
547 594 1
548 589 1
548 598 1
548 625 1
548 871 1
549 552 1
549 570 1
549 574 1
549 577 1
549 833 1
550 552 1
550 561 1
550 580 1
550 858 1
551 565 1
551 580 1
551 582 1
551 588 1
552 560 1
553 572 1
553 576 1
553 578 1
554 561 1
554 565 1
554 571 1
554 583 1
554 587 1
554 609 1
554 689 1
555 589 1
555 763 1
556 592 1
556 742 1
557 576 1
557 578 1
557 593 1
557 861 1
558 572 1
558 598 1
559 578 1
559 593 1
560 582 1
561 569 1
561 615 1
562 588 1
562 600 1
563 570 1
563 669 1
564 567 1
564 575 1
564 576 1
564 597 1
566 583 1
566 588 1
566 598 1
567 574 1
567 584 1
567 960 1
568 577 1
568 875 1
569 574 1
569 931 1
570 573 1
570 624 1
571 582 1
571 702 1
572 589 1
572 610 1
572 724 1
572 753 1
572 784 1
573 583 1
573 584 1
573 594 1
573 997 1
574 587 1
574 846 1
575 592 1
575 698 1
575 963 1
576 589 1
576 953 1
577 581 1
577 586 1
577 594 1
577 863 1
578 780 1
578 865 1
578 946 1
579 583 1
579 590 1
580 583 1
580 695 1
581 590 1
582 981 1
583 586 1
583 756 1
584 585 1
587 596 1
588 590 1
589 596 1
589 599 1
591 592 1
591 597 1
594 600 1
595 627 1
595 893 1
596 938 1
598 635 1
599 688 1
599 691 1
600 877 1
600 958 1
601 627 1
601 632 1
601 648 1
601 653 1
601 672 1
601 694 1
601 700 1
601 871 1
602 603 1
602 616 1
602 619 1
602 626 1
602 638 1
602 655 1
602 681 1
603 632 1
603 634 1
603 637 1
603 680 1
603 726 1
603 942 1
604 618 1
604 628 1
604 647 1
604 648 1
604 654 1
604 680 1
604 691 1
604 698 1
605 611 1
605 614 1
605 627 1
605 645 1
605 675 1
605 729 1
606 608 1
606 621 1
606 647 1
606 657 1
606 676 1
606 692 1
606 917 1
607 615 1
607 623 1
607 629 1
607 654 1
607 669 1
607 684 1
607 696 1
607 697 1
608 633 1
608 643 1
608 662 1
608 690 1
608 768 1
609 613 1
609 616 1
609 632 1
609 645 1
609 686 1
609 687 1
610 632 1
610 634 1
610 652 1
610 674 1
611 614 1
611 673 1
612 630 1
612 644 1
612 648 1
612 822 1
613 615 1
613 681 1
613 701 1
613 952 1
614 623 1
614 642 1
614 645 1
614 658 1
614 675 1
614 697 1
614 887 1
614 917 1
615 627 1
615 645 1
615 669 1
615 672 1
615 680 1
616 657 1
616 665 1
616 666 1
616 956 1
617 630 1
617 638 1
617 668 1
617 673 1
617 677 1
617 683 1
618 630 1
618 641 1
618 666 1
618 670 1
618 675 1
618 684 1
618 690 1
618 696 1
619 669 1
619 693 1
619 918 1
620 638 1
620 648 1
620 651 1
620 669 1
620 680 1
620 697 1
620 914 1
621 644 1
621 689 1
622 646 1
622 652 1
622 655 1
622 661 1
622 670 1
623 633 1
623 654 1
623 659 1
624 653 1
624 667 1
625 636 1
625 680 1
625 682 1
625 700 1
626 637 1
626 697 1
626 856 1
626 895 1
627 642 1
627 649 1
627 665 1
627 667 1
627 674 1
627 913 1
628 646 1
628 652 1
629 634 1
629 635 1
629 637 1
629 700 1
630 692 1
630 696 1
630 699 1
630 951 1
631 649 1
631 655 1
631 663 1
631 695 1
631 943 1
632 667 1
632 675 1
633 638 1
633 640 1
633 654 1
633 665 1
633 671 1
633 682 1
634 669 1
635 655 1
635 664 1
635 684 1
635 687 1
635 697 1
635 870 1
635 989 1
636 664 1
636 673 1
637 670 1
638 641 1
638 675 1
638 691 1
639 653 1
639 675 1
639 689 1
639 809 1
640 656 1
640 674 1
640 681 1
640 691 1
640 882 1
641 660 1
641 673 1
641 697 1
641 725 1
641 846 1
642 686 1
642 691 1
642 698 1
643 650 1
643 654 1
643 662 1
643 688 1
643 697 1
645 669 1
646 649 1
646 660 1
646 663 1
646 679 1
646 931 1
648 661 1
648 664 1
648 678 1
648 685 1
649 653 1
649 654 1
649 913 1
651 659 1
651 683 1
651 979 1
652 665 1
652 681 1
652 685 1
652 908 1
653 690 1
654 680 1
654 682 1
654 683 1
654 869 1
655 827 1
656 659 1
656 686 1
656 688 1
657 699 1
657 962 1
658 664 1
658 890 1
661 674 1
661 685 1
663 667 1
663 693 1
663 695 1
665 691 1
665 692 1
665 697 1
666 673 1
666 684 1
666 810 1
667 670 1
667 673 1
667 676 1
669 689 1
669 692 1
670 671 1
670 680 1
671 673 1
671 676 1
671 683 1
671 696 1
672 680 1
673 682 1
673 687 1
674 694 1
674 696 1
674 699 1
675 685 1
675 686 1
675 754 1
676 689 1
677 684 1
677 688 1
677 699 1
677 909 1
677 975 1
678 683 1
678 740 1
679 681 1
679 832 1
680 845 1
681 696 1
682 687 1
683 694 1
683 771 1
684 826 1
684 913 1
685 687 1
686 698 1
686 882 1
687 817 1
688 693 1
688 697 1
690 694 1
690 698 1
691 707 1
691 971 1
698 700 1
701 715 1
701 734 1
701 737 1
701 738 1
701 744 1
701 749 1
701 762 1
701 769 1
701 783 1
701 862 1
702 706 1
702 719 1
702 747 1
702 759 1
702 793 1
702 795 1
702 834 1
702 998 1
703 733 1
703 777 1
703 782 1
704 761 1
704 770 1
704 779 1
704 782 1
704 796 1
705 751 1
705 752 1
705 771 1
705 778 1
706 747 1
706 772 1
706 780 1
706 861 1
707 708 1
707 728 1
707 742 1
707 743 1
707 761 1
707 781 1
707 788 1
707 790 1
707 992 1
708 724 1
708 727 1
708 756 1
708 766 1
708 775 1
708 782 1
708 901 1
709 740 1
709 744 1
709 765 1
709 861 1
710 728 1
710 744 1
710 745 1
710 746 1
710 749 1
710 755 1
710 757 1
710 760 1
710 770 1
710 894 1
711 740 1
712 779 1
712 784 1
712 786 1
712 794 1
712 814 1
713 720 1
713 728 1
713 769 1
713 784 1
713 789 1
714 718 1
714 764 1
715 719 1
715 732 1
715 736 1
715 741 1
715 768 1
715 769 1
715 787 1
716 735 1
716 742 1
716 763 1
716 769 1
716 774 1
717 740 1
717 793 1
718 719 1
718 748 1
718 752 1
718 762 1
718 782 1
718 887 1
719 736 1
719 742 1
719 779 1
719 781 1
719 790 1
720 727 1
720 729 1
720 741 1
720 744 1
720 768 1
720 771 1
720 773 1
720 781 1
720 791 1
720 800 1
721 760 1
721 776 1
722 727 1
722 729 1
722 735 1
722 743 1
722 763 1
722 788 1
723 784 1
723 785 1
723 789 1
723 793 1
724 726 1
724 792 1
725 733 1
725 749 1
725 774 1
725 775 1
725 781 1
725 789 1
725 794 1
725 845 1
726 729 1
726 739 1
726 767 1
726 781 1
726 789 1
727 730 1
727 781 1
727 796 1
728 763 1
728 780 1
728 798 1
729 746 1
729 767 1
729 786 1
729 948 1
729 972 1
730 750 1
730 766 1
730 772 1
730 798 1
730 800 1
731 981 1
732 738 1
732 756 1
732 775 1
733 736 1
733 789 1
733 790 1
734 736 1
734 742 1
734 745 1
734 751 1
734 754 1
734 778 1
734 783 1
734 788 1
735 754 1
735 776 1
735 788 1
735 790 1
736 746 1
736 747 1
736 749 1
736 752 1
736 765 1
736 794 1
736 795 1
737 742 1
737 759 1
737 1000 1
738 741 1
738 785 1
739 740 1
739 751 1
739 794 1
739 826 1
739 863 1
740 760 1
740 787 1
740 966 1
741 761 1
741 769 1
741 784 1
741 786 1
741 796 1
741 800 1
742 775 1
742 776 1
742 792 1
742 971 1
743 775 1
743 816 1
744 746 1
744 770 1
745 752 1
746 753 1
746 783 1
746 784 1
747 765 1
747 777 1
747 780 1
747 787 1
748 763 1
748 764 1
748 767 1
748 773 1
748 798 1
748 985 1
749 769 1
749 779 1
750 754 1
750 787 1
750 835 1
751 756 1
751 774 1
751 798 1
751 805 1
752 758 1
752 762 1
752 764 1
752 782 1
752 788 1
752 793 1
753 759 1
753 760 1
753 765 1
753 771 1
753 936 1
754 777 1
754 788 1
754 902 1
754 992 1
755 788 1
756 778 1
757 761 1
758 771 1
758 778 1
759 778 1
759 779 1
759 781 1
759 794 1
760 766 1
760 781 1
761 793 1
761 917 1
762 775 1
763 766 1
763 786 1
763 792 1
763 795 1
763 796 1
764 775 1
764 788 1
765 941 1
766 768 1
766 769 1
766 774 1
766 788 1
769 772 1
769 782 1
770 779 1
770 789 1
770 793 1
770 879 1
771 777 1
771 918 1
771 943 1
771 979 1
772 784 1
772 799 1
774 799 1
775 796 1
776 781 1
776 782 1
777 785 1
778 921 1
779 813 1
782 792 1
782 793 1
782 798 1
783 790 1
783 797 1
784 792 1
785 820 1
785 907 1
785 982 1
788 794 1
789 793 1
790 881 1
796 812 1
799 883 1
801 830 1
801 833 1
801 856 1
801 876 1
801 897 1
801 916 1
802 806 1
802 897 1
803 817 1
803 840 1
803 851 1
803 860 1
803 863 1
803 866 1
803 875 1
804 811 1
804 822 1
804 826 1
804 832 1
804 841 1
804 872 1
805 816 1
805 832 1
805 863 1
805 864 1
805 899 1
806 820 1
806 836 1
806 841 1
806 857 1
806 860 1
806 866 1
806 868 1
806 872 1
807 821 1
807 828 1
807 844 1
807 879 1
807 900 1
808 822 1
808 834 1
808 836 1
808 850 1
808 871 1
808 890 1
808 893 1
808 896 1
808 900 1
809 814 1
809 824 1
809 856 1
809 887 1
809 900 1
809 985 1
810 863 1
810 871 1
810 879 1
810 890 1
811 815 1
811 829 1
811 847 1
811 849 1
811 896 1
811 970 1
812 814 1
812 824 1
812 853 1
812 888 1
813 821 1
813 828 1
813 840 1
813 849 1
813 862 1
813 889 1
813 890 1
814 818 1
814 853 1
814 883 1
814 899 1
815 826 1
815 863 1
815 874 1
815 883 1
815 895 1
816 830 1
816 843 1
816 844 1
816 850 1
816 853 1
816 898 1
816 974 1
816 989 1
817 825 1
817 877 1
817 895 1
818 831 1
818 834 1
818 842 1
818 856 1
818 893 1
818 932 1
819 830 1
819 839 1
819 848 1
819 852 1
819 931 1
820 831 1
820 856 1
821 830 1
821 841 1
821 859 1
822 831 1
822 834 1
822 839 1
822 866 1
822 878 1
822 883 1
824 828 1
824 830 1
825 834 1
825 846 1
825 860 1
825 870 1
825 880 1
825 888 1
825 923 1
826 828 1
826 871 1
827 835 1
827 869 1
827 871 1
827 877 1
828 832 1
828 845 1
828 889 1
828 995 1
829 871 1
829 874 1
829 886 1
829 889 1
830 851 1
830 870 1
830 890 1
831 849 1
831 860 1
831 862 1
831 878 1
831 889 1
832 833 1
832 872 1
832 881 1
832 897 1
833 861 1
833 878 1
833 885 1
834 861 1
834 876 1
834 892 1
835 850 1
835 853 1
835 872 1
835 880 1
835 888 1
835 892 1
836 852 1
836 983 1
837 838 1
837 874 1
837 885 1
839 850 1
839 863 1
839 865 1
840 859 1
840 876 1
841 889 1
843 844 1
843 869 1
843 876 1
843 900 1
843 965 1
844 862 1
844 867 1
844 883 1
844 899 1
845 847 1
845 855 1
845 865 1
845 882 1
845 890 1
846 851 1
846 868 1
846 870 1
846 886 1
846 896 1
847 875 1
847 891 1
848 863 1
848 892 1
849 869 1
849 882 1
850 859 1
850 872 1
850 874 1
850 897 1
851 869 1
851 872 1
851 884 1
851 889 1
851 895 1
852 854 1
852 897 1
853 873 1
854 876 1
854 894 1
854 900 1
855 882 1
855 884 1
856 859 1
856 866 1
856 928 1
857 871 1
857 874 1
857 879 1
857 899 1
858 871 1
858 884 1
858 887 1
858 891 1
858 926 1
859 882 1
860 881 1
860 886 1
861 892 1
861 900 1
863 890 1
864 870 1
864 871 1
864 880 1
866 877 1
866 896 1
867 989 1
868 886 1
869 870 1
869 897 1
870 873 1
870 884 1
873 877 1
873 884 1
874 900 1
875 890 1
875 898 1
876 887 1
876 890 1
877 898 1
879 880 1
879 887 1
881 885 1
881 889 1
882 900 1
883 890 1
884 897 1
884 900 1
884 995 1
885 890 1
885 897 1
886 987 1
887 888 1
887 904 1
887 913 1
889 924 1
890 892 1
890 961 1
893 898 1
893 900 1
894 895 1
897 898 1
899 900 1
901 902 1
901 904 1
901 905 1
901 906 1
901 929 1
901 967 1
901 985 1
901 993 1
902 907 1
902 908 1
902 920 1
902 932 1
902 942 1
902 950 1
902 958 1
902 976 1
902 983 1
902 992 1
902 996 1
902 998 1
902 1000 1
903 922 1
903 936 1
903 959 1
903 960 1
903 992 1
904 906 1
904 971 1
904 995 1
904 999 1
905 923 1
905 954 1
905 957 1
905 960 1
906 908 1
906 937 1
906 953 1
906 974 1
906 985 1
906 990 1
907 921 1
907 943 1
907 962 1
907 972 1
908 925 1
908 931 1
908 960 1
909 913 1
909 920 1
909 945 1
909 950 1
909 959 1
909 973 1
909 990 1
910 913 1
910 947 1
910 964 1
910 966 1
911 937 1
912 947 1
912 1000 1
913 920 1
913 933 1
913 937 1
913 960 1
913 982 1
913 998 1
913 1000 1
914 915 1
914 927 1
914 938 1
914 945 1
914 947 1
914 971 1
916 950 1
916 980 1
916 990 1
917 930 1
917 936 1
917 955 1
918 923 1
918 924 1
918 927 1
918 937 1
918 939 1
918 946 1
918 959 1
918 963 1
918 967 1
919 920 1
919 929 1
919 937 1
919 938 1
919 948 1
919 953 1
919 958 1
919 965 1
919 969 1
919 972 1
920 925 1
920 935 1
920 940 1
920 952 1
920 988 1
920 993 1
920 994 1
922 928 1
922 936 1
922 969 1
922 976 1
922 977 1
922 978 1
922 989 1
922 999 1
922 1000 1
923 963 1
923 973 1
923 978 1
923 995 1
924 934 1
924 976 1
924 984 1
925 935 1
925 970 1
925 998 1
926 932 1
926 933 1
926 948 1
926 1000 1
927 942 1
927 955 1
927 964 1
927 965 1
927 981 1
927 999 1
928 929 1
928 931 1
928 970 1
929 936 1
929 952 1
929 999 1
929 1000 1
930 945 1
930 959 1
930 975 1
930 983 1
930 995 1
931 933 1
931 956 1
931 966 1
931 971 1
931 981 1
931 992 1
931 995 1
932 957 1
932 974 1
932 999 1
933 982 1
933 985 1
934 997 1
935 940 1
935 964 1
935 970 1
936 982 1
937 952 1
937 966 1
937 981 1
937 985 1
937 994 1
938 939 1
938 958 1
938 963 1
938 980 1
939 952 1
939 964 1
940 968 1
940 972 1
941 948 1
941 956 1
941 965 1
941 969 1
941 976 1
941 978 1
941 992 1
941 996 1
942 972 1
942 981 1
942 986 1
942 993 1
942 996 1
942 1000 1
943 991 1
944 973 1
945 946 1
945 953 1
945 970 1
945 973 1
945 984 1
945 994 1
946 965 1
947 966 1
947 983 1
948 974 1
950 969 1
950 982 1
950 988 1
950 998 1
951 968 1
951 993 1
952 986 1
953 962 1
953 975 1
953 982 1
953 990 1
953 991 1
953 995 1
954 974 1
954 982 1
954 994 1
955 964 1
955 968 1
956 963 1
956 976 1
956 983 1
957 965 1
957 972 1
958 971 1
958 991 1
958 993 1
959 961 1
959 992 1
960 965 1
960 967 1
960 976 1
961 972 1
961 973 1
961 977 1
961 985 1
962 968 1
962 981 1
963 984 1
963 991 1
965 967 1
965 979 1
965 983 1
966 1000 1
967 968 1
968 970 1
968 992 1
968 995 1
970 975 1
970 989 1
971 973 1
972 977 1
972 986 1
973 982 1
974 997 1
975 978 1
975 979 1
975 989 1
976 978 1
978 980 1
981 991 1
981 997 1
981 999 1
981 1000 1
983 992 1
986 991 1
988 998 1
990 994 1
991 993 1
993 995 1
998 1000 1
999 1000 1
