1000 3278
1 4 1
1 24 1
1 35 1
1 42 1
1 72 1
1 433 1
1 653 1
2 25 1
2 34 1
2 56 1
2 319 1
2 802 1
2 951 1
2 995 1
3 50 1
3 88 1
3 93 1
3 96 1
4 11 1
4 43 1
4 66 1
4 75 1
4 373 1
4 606 1
5 13 1
5 24 1
5 82 1
5 89 1
6 43 1
6 44 1
6 53 1
6 70 1
6 74 1
6 84 1
6 89 1
6 93 1
6 356 1
6 642 1
7 65 1
7 95 1
8 28 1
8 60 1
8 83 1
8 94 1
8 132 1
8 430 1
8 729 1
9 29 1
9 32 1
9 45 1
9 46 1
9 63 1
9 74 1
9 94 1
9 173 1
9 207 1
9 558 1
10 25 1
10 85 1
10 86 1
10 245 1
11 16 1
11 23 1
11 41 1
11 98 1
11 624 1
11 804 1
12 23 1
12 32 1
12 38 1
12 63 1
12 68 1
12 79 1
12 83 1
12 85 1
12 93 1
12 253 1
12 405 1
12 788 1
12 861 1
12 870 1
12 999 1
13 28 1
13 31 1
13 44 1
13 56 1
13 66 1
13 93 1
13 158 1
13 350 1
14 16 1
14 25 1
14 53 1
14 61 1
14 76 1
14 95 1
14 886 1
15 16 1
15 37 1
15 97 1
15 547 1
16 18 1
16 35 1
16 55 1
16 56 1
16 74 1
16 83 1
16 95 1
16 96 1
16 256 1
16 516 1
16 533 1
17 81 1
18 21 1
18 31 1
18 59 1
18 64 1
18 71 1
18 84 1
18 456 1
18 777 1
19 69 1
19 201 1
20 43 1
20 97 1
20 99 1
20 747 1
21 25 1
21 40 1
21 46 1
21 75 1
21 623 1
21 979 1
22 66 1
22 331 1
22 442 1
22 526 1
22 773 1
22 891 1
23 26 1
23 31 1
23 54 1
23 55 1
23 95 1
23 267 1
23 491 1
24 34 1
24 69 1
24 87 1
24 96 1
24 564 1
24 689 1
25 40 1
25 45 1
25 53 1
25 78 1
25 218 1
25 221 1
25 243 1
26 31 1
26 33 1
26 39 1
26 316 1
26 449 1
26 841 1
26 990 1
27 40 1
27 63 1
27 81 1
27 297 1
27 312 1
28 53 1
28 66 1
28 69 1
28 95 1
28 96 1
28 485 1
29 53 1
29 56 1
29 96 1
29 295 1
29 972 1
30 36 1
30 39 1
30 67 1
30 73 1
30 84 1
30 612 1
31 41 1
31 80 1
31 87 1
31 90 1
31 96 1
31 99 1
31 428 1
31 453 1
32 45 1
32 82 1
32 84 1
32 87 1
33 67 1
33 640 1
33 677 1
34 74 1
34 90 1
35 96 1
35 192 1
35 573 1
35 919 1
36 47 1
36 54 1
36 66 1
36 73 1
36 93 1
37 57 1
37 80 1
37 94 1
37 574 1
38 100 1
38 108 1
38 443 1
39 62 1
39 87 1
39 91 1
39 403 1
39 429 1
40 44 1
40 82 1
40 90 1
40 96 1
40 362 1
40 609 1
41 75 1
41 76 1
41 249 1
42 44 1
42 65 1
42 100 1
42 209 1
42 284 1
42 771 1
42 776 1
43 46 1
43 82 1
43 85 1
43 90 1
43 167 1
43 259 1
43 467 1
44 98 1
44 725 1
44 867 1
44 892 1
45 73 1
45 79 1
46 705 1
47 77 1
47 88 1
47 92 1
47 100 1
47 142 1
47 341 1
47 787 1
48 87 1
48 664 1
49 51 1
49 118 1
49 266 1
49 797 1
49 918 1
50 67 1
50 828 1
50 840 1
51 54 1
51 58 1
51 249 1
51 917 1
52 89 1
52 271 1
52 727 1
53 64 1
53 80 1
53 395 1
53 795 1
54 67 1
55 58 1
55 79 1
55 627 1
56 78 1
56 97 1
56 486 1
56 929 1
57 59 1
57 69 1
57 71 1
57 175 1
57 859 1
58 67 1
58 72 1
58 76 1
58 80 1
58 89 1
58 872 1
59 96 1
59 694 1
60 63 1
60 199 1
60 361 1
60 434 1
60 448 1
61 87 1
61 95 1
61 96 1
61 98 1
62 67 1
62 68 1
62 277 1
62 786 1
62 855 1
63 83 1
63 372 1
63 831 1
64 77 1
64 82 1
64 93 1
64 97 1
64 99 1
64 635 1
64 739 1
65 74 1
65 77 1
65 96 1
66 72 1
66 640 1
68 90 1
68 94 1
68 96 1
69 997 1
70 982 1
71 88 1
71 100 1
71 529 1
71 922 1
72 89 1
72 94 1
72 100 1
72 140 1
72 439 1
73 80 1
73 81 1
74 91 1
74 274 1
75 91 1
75 441 1
75 733 1
75 799 1
75 973 1
76 83 1
76 86 1
76 236 1
77 436 1
78 214 1
78 250 1
79 499 1
80 84 1
80 97 1
80 283 1
80 632 1
80 908 1
81 93 1
81 536 1
81 579 1
82 86 1
82 985 1
85 91 1
85 132 1
85 384 1
86 91 1
86 99 1
86 596 1
87 182 1
87 253 1
88 91 1
88 166 1
88 500 1
89 94 1
89 607 1
91 97 1
91 112 1
92 107 1
92 201 1
92 324 1
92 611 1
92 898 1
94 119 1
94 801 1
95 423 1
95 596 1
95 922 1
97 170 1
97 636 1
97 734 1
97 972 1
98 830 1
99 107 1
99 907 1
100 395 1
100 654 1
101 123 1
101 125 1
101 130 1
101 144 1
101 145 1
101 146 1
101 155 1
101 163 1
101 174 1
101 176 1
101 183 1
101 502 1
101 645 1
102 107 1
102 138 1
102 144 1
102 157 1
102 165 1
102 172 1
102 463 1
102 654 1
102 667 1
102 950 1
103 191 1
103 369 1
104 116 1
104 117 1
104 144 1
104 151 1
104 159 1
104 161 1
104 397 1
104 578 1
105 109 1
105 110 1
105 116 1
105 138 1
105 181 1
105 193 1
105 252 1
106 110 1
106 112 1
106 149 1
106 191 1
106 608 1
107 117 1
107 139 1
107 144 1
107 147 1
107 180 1
107 187 1
107 189 1
107 674 1
107 866 1
108 120 1
108 135 1
108 144 1
108 160 1
108 168 1
108 195 1
109 125 1
109 174 1
109 578 1
109 877 1
110 144 1
110 152 1
110 192 1
110 394 1
110 660 1
110 718 1
111 139 1
111 143 1
111 425 1
111 659 1
112 125 1
112 150 1
112 158 1
112 162 1
112 194 1
113 143 1
113 148 1
113 159 1
113 970 1
114 157 1
114 174 1
114 223 1
114 902 1
115 126 1
115 543 1
116 189 1
116 881 1
117 127 1
117 146 1
117 149 1
117 169 1
117 193 1
117 196 1
118 164 1
118 173 1
118 184 1
118 191 1
118 818 1
119 120 1
119 161 1
119 165 1
119 174 1
119 179 1
119 195 1
119 333 1
119 580 1
120 130 1
120 148 1
120 175 1
120 842 1
120 957 1
121 144 1
121 146 1
121 149 1
121 167 1
121 184 1
121 188 1
121 195 1
121 709 1
122 129 1
122 131 1
122 146 1
122 153 1
122 167 1
122 172 1
122 173 1
122 190 1
122 274 1
123 131 1
123 158 1
123 169 1
123 170 1
123 178 1
123 197 1
123 544 1
123 575 1
124 141 1
124 142 1
124 144 1
124 145 1
124 158 1
124 162 1
124 163 1
124 164 1
124 243 1
125 128 1
125 140 1
125 144 1
125 169 1
125 195 1
125 200 1
125 707 1
126 161 1
126 181 1
126 195 1
126 197 1
126 549 1
126 848 1
126 895 1
127 135 1
127 172 1
127 181 1
127 194 1
127 619 1
128 160 1
128 181 1
129 143 1
129 170 1
129 512 1
130 145 1
130 178 1
130 376 1
131 134 1
131 164 1
131 169 1
131 170 1
131 180 1
131 187 1
131 190 1
131 734 1
132 139 1
132 175 1
132 182 1
132 724 1
132 920 1
133 404 1
133 574 1
133 656 1
134 148 1
134 186 1
134 192 1
135 145 1
135 155 1
135 180 1
136 164 1
136 167 1
136 179 1
137 146 1
137 147 1
137 179 1
137 192 1
137 195 1
137 565 1
138 152 1
138 196 1
138 355 1
139 172 1
139 520 1
139 535 1
140 174 1
140 177 1
140 178 1
140 191 1
140 716 1
140 734 1
141 162 1
141 657 1
142 197 1
142 616 1
143 150 1
143 151 1
143 157 1
143 188 1
144 145 1
144 403 1
145 159 1
145 160 1
145 164 1
145 189 1
145 266 1
145 661 1
145 994 1
146 163 1
146 659 1
146 762 1
147 326 1
147 734 1
147 774 1
148 186 1
148 336 1
148 494 1
149 156 1
149 176 1
149 180 1
149 181 1
149 184 1
149 189 1
149 331 1
150 159 1
150 160 1
150 171 1
150 530 1
150 725 1
151 155 1
151 157 1
151 180 1
151 181 1
151 194 1
151 198 1
151 289 1
151 440 1
151 913 1
152 153 1
152 155 1
152 183 1
152 533 1
153 165 1
153 513 1
154 239 1
154 745 1
155 382 1
155 807 1
156 165 1
156 781 1
157 162 1
157 164 1
157 310 1
157 443 1
158 169 1
158 199 1
159 185 1
159 200 1
160 180 1
160 214 1
160 666 1
161 165 1
161 176 1
161 181 1
161 183 1
161 185 1
161 751 1
162 190 1
162 193 1
162 587 1
162 865 1
163 169 1
163 177 1
164 306 1
165 173 1
165 539 1
166 175 1
166 356 1
166 476 1
167 199 1
167 528 1
167 892 1
168 200 1
168 514 1
168 942 1
169 197 1
169 199 1
169 577 1
169 579 1
171 172 1
171 182 1
171 200 1
171 694 1
171 889 1
172 196 1
172 197 1
173 178 1
173 195 1
173 397 1
174 188 1
174 838 1
175 656 1
175 885 1
176 196 1
176 541 1
176 566 1
176 713 1
176 951 1
177 183 1
177 769 1
178 988 1
179 429 1
179 694 1
179 779 1
180 200 1
180 363 1
180 649 1
181 187 1
181 198 1
181 371 1
181 409 1
181 482 1
182 196 1
183 190 1
186 668 1
187 881 1
188 195 1
188 770 1
188 980 1
188 993 1
189 199 1
189 486 1
189 536 1
189 591 1
189 740 1
189 865 1
190 191 1
190 571 1
191 211 1
191 471 1
192 194 1
192 387 1
192 874 1
192 918 1
193 302 1
193 561 1
193 890 1
194 524 1
195 236 1
195 629 1
196 229 1
196 304 1
197 199 1
197 516 1
197 982 1
198 643 1
199 245 1
199 904 1
200 842 1
201 203 1
201 219 1
201 221 1
201 230 1
201 236 1
201 253 1
201 766 1
202 209 1
202 226 1
202 236 1
202 257 1
202 262 1
202 275 1
202 284 1
202 295 1
202 492 1
203 221 1
203 234 1
203 255 1
203 260 1
203 278 1
203 288 1
203 289 1
204 217 1
204 222 1
204 237 1
204 246 1
204 269 1
204 553 1
204 879 1
205 230 1
205 239 1
205 271 1
205 281 1
205 282 1
205 289 1
206 210 1
206 219 1
206 229 1
206 260 1
206 282 1
206 607 1
206 778 1
207 209 1
207 221 1
207 259 1
207 286 1
207 292 1
208 214 1
208 254 1
208 261 1
208 285 1
208 541 1
209 223 1
209 225 1
209 230 1
209 259 1
210 221 1
210 229 1
210 249 1
210 289 1
210 294 1
210 300 1
210 446 1
210 611 1
211 213 1
211 214 1
211 246 1
211 258 1
211 278 1
211 299 1
211 515 1
211 715 1
211 720 1
212 224 1
212 241 1
212 244 1
212 889 1
212 913 1
213 247 1
213 295 1
213 297 1
213 299 1
213 517 1
213 769 1
214 256 1
214 258 1
214 283 1
214 296 1
214 616 1
214 887 1
214 906 1
215 216 1
215 219 1
215 230 1
215 231 1
215 253 1
215 279 1
215 840 1
215 928 1
215 989 1
216 244 1
216 246 1
216 270 1
216 273 1
216 276 1
216 283 1
216 291 1
217 220 1
217 230 1
217 266 1
217 417 1
217 627 1
218 247 1
218 264 1
218 269 1
218 271 1
218 280 1
218 297 1
218 382 1
218 993 1
219 231 1
219 233 1
219 250 1
219 266 1
219 267 1
219 279 1
219 533 1
220 270 1
220 275 1
220 288 1
220 293 1
221 277 1
221 285 1
221 298 1
221 519 1
221 557 1
222 235 1
222 274 1
222 806 1
223 229 1
223 235 1
223 263 1
223 268 1
223 270 1
223 287 1
223 933 1
224 269 1
224 279 1
224 286 1
224 381 1
225 228 1
225 259 1
226 265 1
226 292 1
226 300 1
226 700 1
227 234 1
227 238 1
227 246 1
227 267 1
227 288 1
227 289 1
227 294 1
227 697 1
228 232 1
228 337 1
229 278 1
229 282 1
229 295 1
230 238 1
230 244 1
230 252 1
230 283 1
230 575 1
231 279 1
231 283 1
232 233 1
232 241 1
232 273 1
232 283 1
232 293 1
232 765 1
233 235 1
233 283 1
233 954 1
234 264 1
234 269 1
234 284 1
234 285 1
234 296 1
234 298 1
234 977 1
235 290 1
235 523 1
236 261 1
236 266 1
236 283 1
236 621 1
237 246 1
237 256 1
237 270 1
237 278 1
237 801 1
237 808 1
238 254 1
238 260 1
239 250 1
239 251 1
239 269 1
239 296 1
240 247 1
240 249 1
240 254 1
240 265 1
240 266 1
240 492 1
240 614 1
241 249 1
241 475 1
241 906 1
242 247 1
242 259 1
242 266 1
242 271 1
242 295 1
242 541 1
243 253 1
243 268 1
244 247 1
244 280 1
244 732 1
244 751 1
245 263 1
245 274 1
245 736 1
245 964 1
246 252 1
246 260 1
246 279 1
246 282 1
246 288 1
247 253 1
247 289 1
247 300 1
247 490 1
248 265 1
248 284 1
248 360 1
248 675 1
248 1000 1
249 257 1
249 277 1
249 850 1
249 898 1
250 272 1
250 286 1
250 290 1
250 292 1
250 297 1
251 278 1
251 790 1
252 291 1
252 372 1
252 615 1
253 262 1
253 267 1
253 282 1
254 265 1
254 267 1
254 270 1
254 292 1
254 918 1
255 263 1
255 276 1
255 277 1
255 297 1
255 380 1
255 912 1
256 467 1
257 287 1
257 290 1
258 263 1
258 266 1
258 269 1
258 283 1
258 867 1
259 270 1
259 272 1
259 276 1
260 271 1
260 272 1
260 288 1
260 555 1
260 790 1
260 824 1
261 268 1
262 268 1
262 270 1
262 271 1
262 276 1
262 524 1
263 292 1
263 296 1
263 299 1
263 713 1
264 266 1
264 276 1
264 295 1
264 554 1
264 642 1
265 275 1
265 294 1
265 645 1
267 293 1
267 294 1
268 292 1
268 298 1
269 277 1
269 297 1
270 290 1
270 920 1
270 947 1
271 604 1
271 704 1
273 289 1
273 297 1
273 876 1
274 276 1
274 466 1
274 468 1
274 711 1
275 707 1
276 528 1
276 551 1
276 629 1
276 796 1
277 290 1
277 546 1
277 826 1
278 693 1
279 299 1
279 322 1
279 721 1
281 294 1
281 371 1
281 561 1
281 580 1
282 283 1
282 421 1
282 850 1
283 295 1
283 646 1
284 296 1
286 433 1
286 456 1
286 512 1
286 781 1
287 366 1
287 800 1
287 949 1
289 568 1
290 342 1
290 395 1
290 647 1
291 303 1
291 579 1
292 293 1
292 294 1
292 416 1
292 545 1
293 497 1
294 601 1
295 425 1
295 838 1
296 894 1
297 536 1
297 539 1
297 739 1
297 943 1
298 915 1
299 465 1
299 993 1
300 352 1
300 673 1
300 914 1
301 302 1
301 324 1
301 336 1
301 387 1
301 395 1
302 330 1
302 341 1
302 358 1
302 376 1
303 315 1
303 377 1
304 333 1
304 364 1
304 372 1
304 381 1
304 401 1
305 338 1
305 362 1
305 394 1
306 307 1
306 353 1
306 370 1
306 384 1
306 388 1
306 399 1
307 324 1
307 384 1
307 385 1
308 344 1
308 348 1
308 365 1
308 376 1
308 400 1
308 588 1
309 317 1
309 335 1
309 395 1
309 398 1
309 597 1
310 336 1
310 338 1
310 383 1
310 394 1
310 399 1
310 543 1
311 322 1
311 328 1
311 362 1
311 372 1
311 399 1
311 400 1
311 597 1
312 315 1
312 317 1
312 336 1
312 339 1
312 356 1
312 364 1
312 380 1
312 807 1
313 321 1
313 352 1
313 380 1
313 390 1
313 430 1
314 361 1
314 381 1
314 519 1
314 980 1
315 322 1
315 344 1
315 358 1
315 386 1
315 393 1
315 417 1
315 515 1
316 322 1
316 334 1
316 354 1
316 368 1
316 369 1
317 331 1
317 364 1
317 365 1
317 366 1
317 374 1
317 941 1
317 947 1
318 322 1
318 328 1
318 337 1
318 361 1
318 372 1
319 356 1
319 374 1
319 377 1
320 324 1
320 330 1
320 342 1
320 372 1
320 393 1
320 526 1
320 859 1
321 388 1
321 392 1
321 579 1
321 700 1
321 723 1
322 333 1
322 352 1
322 375 1
322 699 1
323 331 1
323 367 1
323 374 1
323 451 1
323 868 1
324 340 1
324 349 1
324 351 1
324 355 1
324 360 1
324 362 1
324 377 1
324 736 1
324 787 1
324 912 1
325 364 1
325 366 1
325 440 1
325 629 1
325 770 1
326 394 1
326 776 1
327 369 1
327 389 1
327 696 1
327 844 1
328 336 1
328 348 1
328 388 1
328 389 1
328 677 1
328 786 1
329 330 1
329 331 1
329 364 1
329 376 1
330 345 1
330 348 1
330 357 1
330 362 1
330 376 1
331 369 1
331 371 1
331 390 1
332 352 1
332 362 1
332 375 1
332 388 1
333 353 1
333 369 1
333 370 1
333 399 1
334 399 1
334 586 1
334 850 1
334 925 1
335 395 1
335 558 1
336 356 1
336 400 1
337 360 1
337 369 1
337 390 1
337 397 1
338 348 1
338 373 1
338 392 1
338 964 1
339 340 1
339 342 1
339 376 1
339 697 1
340 354 1
340 362 1
340 375 1
340 383 1
340 400 1
340 899 1
341 376 1
341 398 1
341 910 1
342 358 1
342 882 1
343 353 1
343 372 1
343 388 1
344 367 1
344 376 1
345 354 1
345 373 1
345 391 1
345 493 1
345 725 1
346 355 1
346 357 1
346 376 1
346 381 1
346 390 1
347 350 1
347 745 1
348 368 1
348 386 1
348 388 1
348 391 1
348 395 1
348 399 1
348 400 1
349 353 1
349 354 1
349 355 1
349 361 1
350 959 1
351 395 1
352 358 1
352 361 1
352 383 1
352 552 1
353 355 1
353 376 1
353 392 1
353 395 1
354 356 1
354 391 1
354 396 1
354 775 1
355 382 1
355 417 1
356 362 1
356 377 1
357 397 1
358 366 1
358 368 1
358 374 1
358 385 1
358 976 1
359 392 1
359 730 1
359 931 1
359 973 1
360 400 1
360 615 1
361 394 1
362 363 1
362 373 1
362 374 1
362 391 1
362 394 1
363 387 1
363 398 1
363 777 1
363 895 1
364 386 1
364 773 1
365 367 1
365 382 1
365 392 1
365 780 1
366 382 1
366 388 1
366 477 1
367 394 1
367 399 1
368 374 1
368 387 1
368 889 1
369 374 1
369 508 1
369 961 1
370 388 1
370 389 1
370 993 1
370 999 1
371 374 1
372 800 1
372 970 1
373 383 1
373 590 1
374 378 1
374 382 1
374 384 1
374 445 1
375 387 1
375 717 1
375 923 1
376 378 1
376 391 1
376 538 1
377 383 1
377 388 1
377 398 1
378 386 1
378 394 1
378 396 1
378 617 1
378 896 1
379 383 1
379 386 1
379 389 1
379 396 1
379 913 1
380 398 1
380 399 1
381 395 1
381 998 1
382 389 1
383 384 1
383 733 1
384 389 1
384 505 1
384 772 1
385 392 1
386 603 1
386 883 1
387 391 1
387 832 1
388 408 1
388 760 1
389 757 1
390 624 1
391 504 1
391 630 1
391 914 1
392 397 1
392 721 1
392 931 1
393 653 1
394 397 1
397 401 1
397 602 1
397 898 1
398 511 1
398 515 1
398 562 1
398 968 1
401 413 1
401 425 1
401 443 1
401 455 1
401 490 1
402 421 1
402 432 1
402 469 1
402 481 1
402 497 1
402 696 1
403 408 1
403 426 1
403 428 1
403 441 1
403 448 1
403 484 1
403 488 1
403 491 1
403 693 1
404 416 1
404 417 1
404 435 1
404 452 1
404 459 1
404 462 1
404 468 1
405 457 1
405 483 1
405 488 1
405 489 1
405 497 1
405 500 1
405 804 1
406 408 1
406 427 1
406 472 1
406 496 1
407 435 1
407 445 1
407 454 1
407 457 1
407 462 1
407 484 1
408 430 1
408 449 1
408 452 1
408 482 1
408 690 1
408 912 1
408 997 1
409 425 1
409 428 1
409 446 1
409 454 1
409 455 1
409 456 1
409 466 1
409 490 1
409 752 1
410 422 1
410 425 1
410 428 1
410 431 1
410 439 1
410 962 1
411 412 1
411 432 1
411 601 1
412 448 1
412 452 1
412 457 1
412 496 1
412 498 1
413 435 1
413 440 1
413 469 1
413 486 1
413 495 1
413 500 1
413 556 1
413 651 1
414 422 1
414 461 1
414 500 1
414 953 1
415 428 1
415 436 1
415 454 1
415 459 1
415 484 1
415 831 1
416 417 1
416 431 1
416 475 1
416 584 1
417 431 1
417 489 1
417 496 1
418 448 1
418 449 1
418 451 1
418 496 1
418 931 1
419 433 1
419 473 1
419 483 1
420 432 1
420 451 1
420 467 1
420 470 1
420 488 1
420 490 1
421 428 1
421 481 1
421 941 1
422 458 1
422 462 1
422 465 1
422 477 1
422 480 1
422 481 1
422 484 1
422 487 1
422 706 1
423 433 1
423 467 1
424 491 1
424 493 1
424 534 1
424 600 1
424 845 1
425 468 1
425 471 1
425 749 1
425 779 1
425 865 1
426 427 1
426 433 1
426 753 1
427 428 1
427 440 1
427 468 1
427 481 1
427 489 1
427 493 1
427 499 1
428 445 1
428 474 1
428 478 1
428 762 1
429 448 1
429 470 1
429 587 1
430 433 1
430 448 1
430 462 1
430 491 1
431 439 1
431 468 1
431 477 1
431 483 1
431 484 1
431 738 1
431 814 1
432 436 1
432 462 1
432 465 1
432 468 1
432 476 1
432 487 1
432 488 1
432 662 1
432 751 1
433 439 1
433 456 1
433 466 1
433 469 1
433 474 1
433 500 1
433 522 1
433 767 1
434 458 1
434 480 1
434 491 1
434 496 1
435 477 1
435 494 1
435 500 1
436 464 1
436 477 1
436 478 1
436 500 1
436 529 1
437 596 1
437 663 1
438 468 1
438 965 1
439 442 1
439 475 1
439 490 1
440 464 1
440 467 1
440 468 1
440 481 1
440 484 1
440 490 1
440 493 1
440 514 1
440 519 1
440 545 1
440 594 1
440 606 1
440 925 1
441 458 1
441 470 1
441 479 1
441 485 1
441 729 1
441 864 1
442 457 1
442 490 1
442 727 1
443 467 1
443 472 1
443 499 1
444 496 1
444 975 1
445 449 1
445 518 1
446 451 1
446 461 1
446 466 1
446 473 1
446 486 1
446 495 1
447 476 1
447 490 1
447 496 1
447 917 1
447 928 1
448 466 1
448 470 1
448 488 1
448 492 1
448 499 1
449 457 1
449 463 1
449 647 1
450 460 1
450 469 1
450 474 1
450 480 1
451 452 1
451 454 1
451 608 1
452 477 1
452 498 1
452 979 1
453 485 1
453 486 1
453 498 1
454 460 1
456 493 1
456 901 1
457 474 1
457 476 1
457 479 1
457 485 1
458 474 1
458 479 1
458 487 1
459 470 1
459 965 1
460 480 1
460 500 1
460 981 1
461 463 1
461 526 1
461 609 1
462 464 1
462 670 1
462 819 1
462 916 1
463 483 1
463 491 1
463 929 1
464 489 1
464 493 1
464 496 1
465 487 1
465 737 1
466 478 1
466 486 1
468 498 1
468 970 1
469 478 1
469 482 1
470 475 1
470 476 1
470 484 1
470 499 1
470 878 1
471 481 1
471 879 1
472 486 1
472 521 1
472 579 1
472 664 1
472 785 1
473 489 1
473 509 1
474 476 1
474 939 1
475 489 1
475 497 1
475 818 1
476 499 1
476 970 1
477 493 1
477 729 1
478 491 1
479 492 1
479 518 1
479 818 1
480 487 1
480 494 1
480 498 1
480 699 1
481 493 1
481 731 1
482 494 1
482 599 1
484 531 1
484 768 1
485 600 1
485 748 1
486 860 1
487 498 1
488 857 1
490 494 1
490 752 1
491 507 1
492 756 1
493 504 1
493 807 1
493 975 1
495 499 1
498 838 1
500 617 1
500 813 1
501 517 1
501 519 1
501 525 1
501 567 1
501 587 1
501 598 1
501 949 1
502 511 1
502 555 1
502 564 1
502 583 1
502 600 1
503 504 1
503 512 1
503 552 1
503 564 1
503 571 1
503 573 1
503 600 1
503 696 1
503 918 1
504 515 1
504 534 1
504 548 1
504 570 1
505 506 1
505 516 1
505 551 1
505 557 1
505 561 1
505 689 1
505 950 1
506 520 1
506 533 1
506 565 1
506 566 1
506 578 1
506 580 1
507 560 1
507 575 1
508 549 1
508 577 1
508 581 1
508 586 1
508 591 1
508 808 1
508 811 1
509 574 1
509 598 1
510 522 1
510 570 1
510 585 1
510 587 1
510 588 1
510 984 1
511 525 1
511 555 1
511 556 1
511 566 1
511 584 1
511 595 1
511 946 1
512 518 1
512 529 1
512 554 1
512 563 1
512 576 1
512 581 1
512 582 1
513 522 1
513 545 1
513 569 1
513 574 1
513 586 1
514 543 1
514 555 1
515 522 1
515 523 1
515 528 1
515 533 1
515 555 1
515 777 1
516 576 1
516 580 1
516 589 1
516 644 1
517 530 1
517 544 1
517 550 1
517 559 1
517 579 1
517 582 1
517 596 1
517 626 1
517 905 1
518 554 1
518 557 1
519 525 1
519 541 1
519 580 1
519 591 1
519 592 1
519 603 1
519 997 1
520 525 1
520 540 1
520 582 1
520 586 1
521 525 1
521 547 1
521 583 1
522 535 1
522 545 1
522 554 1
522 579 1
523 524 1
523 559 1
523 890 1
524 525 1
524 531 1
524 563 1
524 568 1
524 581 1
524 807 1
525 529 1
525 533 1
525 569 1
525 589 1
526 530 1
526 538 1
526 562 1
526 724 1
527 558 1
527 571 1
528 533 1
528 599 1
528 791 1
528 851 1
529 683 1
530 540 1
530 553 1
530 557 1
530 574 1
530 590 1
530 596 1
530 867 1
531 535 1
531 555 1
531 565 1
531 966 1
532 537 1
532 545 1
532 597 1
532 732 1
533 534 1
533 544 1
533 548 1
533 574 1
533 582 1
533 586 1
533 708 1
534 536 1
534 537 1
534 548 1
534 549 1
534 559 1
534 582 1
534 583 1
535 543 1
535 573 1
535 589 1
535 937 1
536 545 1
536 705 1
536 970 1
537 555 1
537 588 1
537 598 1
537 600 1
537 849 1
537 929 1
538 560 1
538 575 1
538 587 1
539 565 1
540 547 1
540 565 1
540 567 1
540 575 1
540 898 1
541 549 1
541 565 1
541 578 1
541 598 1
541 667 1
542 567 1
542 578 1
542 588 1
543 557 1
543 569 1
543 965 1
544 914 1
545 563 1
545 598 1
545 693 1
545 743 1
546 553 1
546 556 1
546 574 1
547 590 1
547 772 1
548 557 1
548 567 1
548 575 1
548 578 1
548 580 1
548 584 1
548 694 1
548 911 1
549 557 1
549 567 1
549 842 1
550 587 1
550 589 1
550 738 1
551 566 1
551 591 1
551 655 1
551 764 1
551 783 1
552 581 1
552 786 1
552 871 1
552 916 1
553 586 1
554 556 1
554 561 1
554 924 1
555 569 1
555 582 1
556 588 1
556 598 1
557 587 1
557 858 1
558 569 1
558 582 1
558 585 1
558 655 1
559 579 1
559 594 1
559 709 1
560 568 1
561 854 1
562 570 1
562 589 1
562 590 1
562 593 1
563 582 1
563 591 1
563 600 1
564 690 1
564 694 1
565 594 1
565 597 1
566 578 1
566 598 1
567 744 1
567 811 1
567 921 1
567 952 1
567 964 1
568 574 1
568 593 1
568 598 1
569 582 1
569 600 1
569 710 1
569 789 1
569 993 1
570 592 1
570 674 1
571 580 1
571 586 1
571 598 1
571 999 1
572 573 1
572 576 1
572 578 1
573 589 1
573 898 1
574 582 1
575 879 1
576 895 1
577 605 1
577 809 1
578 583 1
578 595 1
578 752 1
579 588 1
579 816 1
579 980 1
580 591 1
580 592 1
580 643 1
580 914 1
581 587 1
581 596 1
581 619 1
582 589 1
582 592 1
582 594 1
582 815 1
582 903 1
583 655 1
587 597 1
588 591 1
588 594 1
589 592 1
589 857 1
590 828 1
592 595 1
595 659 1
596 900 1
597 610 1
597 944 1
598 883 1
599 628 1
600 707 1
600 933 1
601 625 1
601 634 1
601 636 1
601 659 1
601 670 1
601 686 1
601 855 1
602 612 1
602 630 1
602 651 1
602 653 1
602 767 1
602 782 1
603 608 1
603 628 1
603 638 1
603 640 1
603 659 1
603 893 1
603 945 1
604 637 1
604 642 1
604 643 1
604 677 1
604 697 1
605 610 1
605 622 1
605 655 1
605 680 1
605 691 1
605 695 1
605 697 1
606 613 1
606 650 1
606 684 1
606 700 1
607 625 1
607 632 1
607 672 1
607 686 1
608 648 1
608 655 1
608 677 1
608 684 1
608 722 1
609 650 1
609 665 1
609 683 1
610 629 1
610 630 1
610 647 1
610 660 1
610 677 1
611 618 1
611 679 1
611 899 1
612 619 1
612 632 1
612 653 1
612 671 1
612 674 1
612 684 1
613 634 1
613 651 1
614 634 1
614 645 1
614 654 1
614 700 1
614 718 1
615 621 1
615 677 1
616 617 1
616 644 1
616 647 1
616 656 1
616 669 1
616 674 1
616 688 1
617 623 1
617 696 1
617 753 1
618 619 1
618 624 1
618 628 1
618 645 1
618 658 1
618 683 1
619 802 1
620 625 1
620 637 1
620 638 1
620 696 1
620 944 1
621 638 1
621 645 1
621 698 1
622 656 1
622 662 1
622 665 1
622 671 1
622 680 1
623 652 1
623 655 1
623 669 1
624 664 1
624 680 1
625 644 1
625 653 1
625 664 1
625 821 1
625 887 1
626 638 1
626 641 1
626 650 1
626 664 1
626 672 1
626 684 1
626 691 1
627 661 1
627 687 1
627 871 1
628 649 1
628 663 1
628 856 1
628 944 1
628 945 1
629 636 1
629 639 1
629 657 1
629 670 1
629 729 1
630 633 1
630 644 1
631 641 1
631 680 1
631 692 1
631 698 1
632 640 1
632 647 1
632 665 1
632 679 1
632 760 1
632 963 1
633 662 1
633 667 1
633 669 1
633 683 1
633 685 1
635 637 1
635 652 1
635 653 1
635 676 1
635 744 1
636 657 1
636 690 1
636 693 1
637 640 1
637 679 1
637 724 1
638 649 1
638 669 1
638 674 1
638 678 1
638 692 1
638 696 1
639 646 1
639 664 1
639 671 1
639 699 1
641 655 1
641 668 1
641 686 1
641 704 1
642 643 1
642 687 1
642 793 1
643 646 1
643 648 1
643 680 1
643 810 1
643 842 1
643 895 1
645 647 1
645 654 1
645 661 1
645 666 1
645 679 1
645 691 1
645 692 1
645 736 1
645 858 1
646 657 1
646 662 1
646 664 1
646 694 1
646 696 1
647 660 1
647 674 1
647 680 1
647 690 1
647 693 1
647 695 1
648 656 1
648 662 1
649 670 1
649 695 1
650 686 1
650 845 1
651 685 1
652 660 1
652 662 1
652 687 1
654 670 1
654 695 1
654 891 1
656 676 1
656 690 1
656 843 1
657 662 1
657 670 1
657 695 1
657 778 1
658 666 1
658 683 1
659 686 1
659 687 1
659 696 1
660 667 1
660 671 1
660 698 1
661 665 1
661 670 1
661 673 1
661 678 1
661 723 1
661 780 1
662 675 1
663 667 1
663 672 1
663 680 1
664 695 1
664 696 1
664 697 1
664 937 1
665 698 1
667 676 1
668 674 1
668 677 1
668 678 1
668 689 1
668 712 1
669 956 1
670 681 1
671 676 1
671 738 1
671 881 1
671 898 1
673 697 1
673 743 1
674 683 1
674 688 1
674 836 1
675 679 1
675 698 1
676 680 1
676 683 1
677 698 1
679 682 1
679 685 1
679 697 1
680 681 1
680 692 1
680 694 1
680 699 1
681 693 1
681 867 1
682 697 1
686 691 1
686 935 1
687 698 1
688 690 1
688 692 1
689 700 1
690 797 1
690 835 1
690 957 1
691 695 1
691 697 1
693 694 1
695 938 1
697 904 1
697 965 1
699 887 1
701 724 1
701 726 1
701 728 1
701 757 1
701 759 1
701 760 1
701 791 1
701 794 1
701 982 1
702 705 1
702 742 1
702 758 1
702 774 1
702 791 1
702 797 1
703 706 1
703 715 1
703 739 1
703 746 1
703 761 1
703 794 1
703 934 1
704 711 1
704 781 1
705 740 1
705 771 1
705 777 1
705 794 1
706 720 1
706 721 1
706 745 1
706 754 1
706 755 1
706 764 1
706 772 1
706 781 1
706 782 1
707 715 1
707 720 1
707 740 1
708 710 1
708 717 1
708 721 1
709 710 1
709 716 1
709 719 1
709 733 1
709 738 1
709 751 1
709 757 1
709 765 1
709 770 1
709 791 1
709 794 1
710 721 1
710 740 1
710 751 1
710 763 1
710 790 1
710 794 1
711 727 1
711 747 1
711 759 1
711 761 1
711 764 1
711 789 1
712 746 1
712 797 1
712 864 1
713 724 1
713 745 1
713 778 1
713 787 1
713 795 1
714 721 1
714 744 1
714 753 1
715 758 1
716 731 1
716 741 1
716 766 1
716 862 1
717 733 1
717 743 1
717 773 1
717 786 1
717 787 1
718 721 1
718 722 1
718 736 1
718 743 1
718 773 1
718 800 1
718 889 1
718 925 1
719 742 1
719 766 1
719 784 1
720 730 1
720 737 1
720 751 1
720 760 1
721 724 1
721 726 1
722 741 1
722 751 1
722 774 1
723 729 1
723 744 1
723 748 1
723 768 1
723 773 1
723 786 1
723 789 1
723 790 1
723 794 1
723 796 1
723 798 1
724 752 1
724 759 1
724 792 1
725 742 1
725 776 1
725 792 1
726 753 1
726 775 1
726 781 1
726 782 1
726 784 1
726 895 1
727 729 1
727 776 1
727 799 1
727 801 1
728 731 1
728 741 1
728 742 1
728 769 1
728 856 1
729 772 1
729 779 1
729 781 1
729 796 1
730 749 1
730 772 1
730 800 1
730 833 1
731 763 1
731 769 1
732 736 1
732 907 1
733 744 1
733 762 1
734 758 1
734 774 1
734 779 1
734 788 1
734 798 1
734 869 1
735 752 1
735 753 1
735 755 1
735 766 1
735 781 1
735 789 1
735 794 1
736 743 1
736 773 1
736 774 1
736 795 1
737 749 1
737 756 1
737 760 1
737 792 1
738 989 1
739 767 1
739 771 1
739 783 1
740 764 1
740 766 1
740 777 1
740 783 1
740 787 1
740 791 1
741 751 1
741 755 1
741 765 1
741 769 1
741 782 1
741 786 1
742 753 1
742 791 1
742 932 1
743 763 1
743 770 1
743 791 1
743 798 1
744 751 1
744 754 1
744 796 1
745 763 1
745 764 1
745 784 1
745 791 1
745 918 1
746 747 1
747 777 1
747 787 1
748 767 1
748 791 1
748 877 1
749 754 1
749 755 1
749 770 1
750 795 1
750 946 1
751 794 1
751 800 1
752 798 1
753 771 1
753 779 1
753 781 1
753 800 1
754 763 1
754 781 1
754 841 1
756 760 1
756 762 1
756 782 1
757 765 1
757 769 1
757 779 1
757 800 1
760 775 1
760 787 1
760 792 1
760 940 1
761 795 1
761 915 1
762 770 1
762 798 1
763 777 1
765 795 1
765 974 1
766 770 1
766 775 1
766 785 1
767 769 1
767 789 1
767 793 1
767 836 1
767 841 1
767 880 1
767 998 1
768 775 1
769 778 1
769 784 1
770 796 1
770 800 1
770 806 1
770 902 1
770 986 1
771 796 1
772 777 1
772 798 1
773 780 1
775 784 1
775 785 1
775 790 1
776 794 1
778 792 1
779 970 1
780 786 1
780 798 1
782 828 1
783 793 1
784 974 1
785 789 1
785 791 1
786 791 1
787 904 1
789 834 1
789 959 1
790 801 1
790 815 1
792 796 1
792 797 1
795 900 1
795 966 1
796 830 1
798 909 1
799 954 1
800 956 1
801 821 1
801 826 1
801 828 1
801 874 1
802 837 1
802 844 1
802 852 1
802 858 1
802 863 1
802 878 1
802 898 1
803 805 1
803 806 1
803 816 1
803 851 1
804 805 1
804 854 1
804 869 1
804 874 1
804 886 1
804 893 1
804 898 1
804 900 1
805 832 1
805 838 1
805 876 1
807 809 1
807 810 1
807 844 1
807 849 1
807 879 1
807 966 1
807 973 1
808 846 1
808 848 1
808 857 1
808 871 1
808 876 1
808 893 1
809 854 1
809 863 1
809 879 1
809 891 1
810 824 1
810 862 1
810 888 1
811 819 1
811 820 1
811 841 1
811 862 1
811 867 1
811 887 1
812 817 1
812 834 1
812 835 1
812 861 1
812 878 1
813 838 1
813 852 1
814 883 1
814 896 1
814 900 1
815 827 1
815 856 1
816 840 1
816 855 1
816 863 1
816 874 1
816 894 1
817 823 1
817 832 1
817 836 1
817 840 1
817 870 1
817 873 1
817 884 1
818 848 1
818 857 1
818 863 1
819 865 1
819 899 1
819 926 1
820 848 1
820 853 1
820 893 1
821 828 1
821 840 1
822 851 1
822 874 1
822 881 1
822 893 1
823 867 1
824 853 1
824 857 1
824 881 1
825 844 1
825 895 1
826 829 1
826 852 1
826 853 1
826 857 1
826 861 1
827 841 1
827 843 1
827 852 1
827 856 1
827 864 1
827 886 1
828 831 1
828 838 1
828 855 1
828 862 1
828 863 1
828 883 1
828 884 1
829 840 1
829 850 1
829 854 1
829 874 1
830 862 1
831 842 1
832 893 1
833 892 1
834 857 1
834 877 1
834 884 1
834 888 1
834 893 1
834 897 1
835 879 1
835 898 1
836 887 1
836 894 1
837 848 1
837 861 1
837 878 1
837 892 1
838 850 1
838 885 1
839 876 1
840 856 1
840 875 1
840 879 1
840 886 1
840 889 1
841 849 1
841 867 1
841 884 1
841 888 1
841 899 1
842 871 1
842 888 1
843 865 1
843 884 1
843 893 1
844 845 1
844 879 1
844 899 1
845 856 1
845 878 1
846 866 1
846 871 1
846 882 1
846 976 1
847 870 1
847 880 1
848 852 1
848 874 1
848 885 1
849 863 1
849 876 1
849 878 1
849 886 1
849 948 1
850 866 1
850 874 1
851 861 1
851 878 1
851 886 1
851 900 1
852 855 1
853 864 1
853 868 1
853 876 1
853 880 1
853 891 1
853 895 1
854 880 1
854 886 1
855 872 1
855 876 1
855 893 1
857 899 1
857 900 1
857 997 1
858 860 1
858 881 1
860 867 1
860 877 1
861 882 1
861 885 1
861 897 1
861 918 1
862 894 1
862 899 1
864 885 1
864 971 1
865 874 1
865 926 1
866 875 1
866 898 1
867 899 1
868 872 1
869 876 1
869 950 1
870 886 1
871 883 1
871 977 1
872 883 1
872 884 1
872 891 1
872 967 1
873 892 1
873 920 1
874 887 1
874 975 1
875 877 1
875 899 1
876 883 1
876 885 1
877 878 1
877 892 1
877 896 1
879 882 1
879 886 1
884 885 1
886 896 1
886 897 1
886 899 1
887 898 1
889 894 1
889 900 1
891 956 1
899 900 1
901 920 1
901 926 1
901 935 1
901 960 1
901 973 1
902 937 1
903 930 1
903 955 1
903 961 1
903 982 1
903 992 1
904 912 1
904 913 1
904 919 1
904 944 1
904 978 1
905 924 1
905 957 1
906 907 1
906 913 1
906 967 1
906 999 1
907 924 1
907 944 1
907 952 1
907 954 1
907 976 1
907 988 1
907 992 1
908 926 1
908 936 1
908 939 1
908 962 1
908 969 1
909 952 1
909 955 1
909 981 1
909 998 1
911 912 1
911 956 1
911 976 1
912 927 1
912 950 1
912 955 1
912 961 1
912 979 1
912 989 1
912 1000 1
913 922 1
913 923 1
913 944 1
914 931 1
914 997 1
915 926 1
915 961 1
915 973 1
915 995 1
916 964 1
916 973 1
916 984 1
917 919 1
917 926 1
917 937 1
917 939 1
917 951 1
917 963 1
917 980 1
917 991 1
917 994 1
917 998 1
918 951 1
918 952 1
918 977 1
919 927 1
919 951 1
919 978 1
920 968 1
921 933 1
921 943 1
921 949 1
921 978 1
921 980 1
921 984 1
921 997 1
922 951 1
922 968 1
922 973 1
922 989 1
922 993 1
923 935 1
923 987 1
924 934 1
924 982 1
924 997 1
925 928 1
925 958 1
925 968 1
925 969 1
926 958 1
926 980 1
926 997 1
926 999 1
927 968 1
929 935 1
929 936 1
929 940 1
929 952 1
929 990 1
930 947 1
930 958 1
930 990 1
930 997 1
931 958 1
931 962 1
931 964 1
931 982 1
932 934 1
932 963 1
932 983 1
932 988 1
933 952 1
933 964 1
933 984 1
933 992 1
934 938 1
935 969 1
935 984 1
936 948 1
936 953 1
937 942 1
937 961 1
937 990 1
938 940 1
938 945 1
938 987 1
938 996 1
939 972 1
939 991 1
940 945 1
940 952 1
940 963 1
940 974 1
940 983 1
940 991 1
941 949 1
941 950 1
941 954 1
941 974 1
941 995 1
942 1000 1
943 986 1
944 959 1
944 963 1
944 1000 1
945 956 1
945 977 1
946 984 1
947 958 1
948 967 1
948 978 1
949 997 1
950 951 1
950 966 1
950 975 1
950 1000 1
951 966 1
951 979 1
952 983 1
953 957 1
953 965 1
953 975 1
953 979 1
954 956 1
954 995 1
954 1000 1
955 961 1
955 972 1
955 979 1
955 997 1
956 961 1
956 963 1
956 1000 1
957 960 1
957 981 1
957 986 1
958 962 1
958 963 1
958 968 1
958 972 1
958 986 1
958 990 1
959 960 1
959 964 1
959 966 1
959 977 1
959 990 1
959 997 1
961 966 1
961 967 1
961 992 1
961 998 1
962 965 1
962 978 1
962 983 1
963 971 1
963 972 1
964 977 1
965 993 1
965 999 1
966 981 1
967 972 1
967 994 1
967 997 1
968 981 1
968 987 1
969 989 1
970 995 1
972 995 1
973 987 1
973 991 1
975 990 1
977 981 1
977 983 1
977 985 1
979 990 1
979 994 1
979 1000 1
980 994 1
981 985 1
983 997 1
984 992 1
984 1000 1
985 989 1
986 989 1
988 992 1
988 999 1
990 991 1
992 995 1
994 996 1
994 998 1
995 999 1
