1000 3356
1 35 1
1 65 1
1 79 1
1 84 1
1 88 1
1 897 1
2 10 1
2 19 1
2 44 1
2 90 1
2 333 1
2 654 1
2 709 1
2 878 1
3 60 1
3 82 1
3 98 1
3 141 1
3 912 1
4 5 1
4 6 1
4 16 1
4 25 1
4 74 1
4 89 1
4 273 1
5 39 1
5 60 1
5 63 1
5 71 1
5 90 1
5 306 1
6 24 1
6 56 1
6 391 1
6 542 1
6 551 1
6 570 1
6 691 1
6 923 1
6 972 1
7 22 1
7 31 1
7 64 1
7 72 1
7 82 1
7 99 1
7 156 1
7 412 1
7 742 1
7 985 1
8 17 1
8 36 1
8 42 1
8 58 1
8 63 1
8 79 1
8 133 1
9 37 1
9 56 1
9 73 1
9 84 1
9 812 1
10 15 1
10 62 1
10 79 1
10 81 1
10 160 1
10 688 1
11 31 1
11 41 1
11 583 1
12 13 1
12 64 1
12 100 1
12 321 1
13 21 1
13 30 1
13 32 1
13 37 1
13 83 1
13 90 1
13 628 1
14 19 1
14 24 1
14 35 1
14 41 1
14 50 1
14 54 1
14 70 1
14 71 1
14 78 1
14 150 1
14 621 1
15 33 1
15 44 1
15 49 1
15 59 1
15 71 1
15 77 1
15 82 1
15 88 1
15 480 1
15 624 1
15 801 1
17 60 1
17 79 1
17 92 1
18 39 1
18 64 1
18 67 1
18 826 1
19 72 1
19 75 1
19 501 1
20 50 1
20 66 1
20 88 1
20 317 1
21 26 1
21 31 1
21 33 1
21 486 1
21 524 1
21 934 1
22 48 1
22 67 1
22 85 1
22 90 1
22 996 1
23 24 1
23 27 1
23 33 1
23 49 1
23 75 1
23 85 1
23 88 1
23 936 1
23 937 1
24 50 1
24 79 1
24 93 1
24 445 1
25 132 1
25 944 1
26 47 1
26 72 1
26 802 1
27 99 1
27 773 1
28 60 1
28 88 1
28 92 1
28 99 1
28 121 1
28 394 1
29 94 1
29 500 1
29 753 1
29 788 1
30 95 1
30 156 1
30 192 1
31 53 1
31 79 1
31 81 1
31 95 1
31 100 1
31 365 1
32 45 1
32 72 1
32 85 1
33 38 1
33 64 1
33 71 1
33 81 1
33 92 1
33 94 1
33 288 1
33 771 1
34 41 1
34 43 1
34 62 1
34 65 1
34 81 1
34 97 1
34 100 1
34 118 1
34 253 1
34 605 1
35 49 1
35 135 1
36 41 1
36 58 1
36 90 1
36 311 1
36 512 1
36 954 1
37 83 1
37 143 1
37 457 1
37 585 1
37 814 1
37 985 1
38 62 1
38 67 1
38 76 1
38 97 1
38 98 1
38 645 1
38 699 1
38 727 1
39 50 1
39 78 1
39 83 1
39 288 1
40 45 1
40 58 1
40 535 1
40 835 1
41 76 1
41 100 1
41 360 1
41 786 1
42 61 1
42 93 1
43 49 1
43 57 1
43 63 1
43 77 1
43 78 1
43 86 1
43 88 1
43 96 1
43 98 1
43 112 1
44 46 1
44 62 1
44 64 1
44 78 1
44 110 1
44 251 1
44 298 1
44 449 1
44 645 1
45 71 1
45 88 1
45 93 1
45 94 1
45 100 1
45 797 1
46 90 1
46 100 1
46 143 1
46 990 1
47 48 1
47 67 1
47 68 1
47 78 1
47 86 1
47 790 1
48 51 1
48 75 1
48 81 1
48 374 1
49 79 1
49 86 1
49 97 1
50 52 1
50 64 1
50 66 1
50 76 1
50 94 1
50 95 1
51 57 1
51 79 1
51 83 1
51 94 1
51 259 1
51 507 1
51 700 1
52 56 1
52 67 1
52 72 1
52 73 1
52 93 1
53 63 1
53 526 1
53 956 1
53 965 1
54 431 1
54 523 1
55 64 1
55 69 1
55 79 1
55 680 1
55 997 1
56 57 1
56 90 1
56 275 1
57 369 1
57 780 1
58 79 1
58 98 1
58 156 1
59 84 1
59 93 1
59 239 1
59 931 1
60 868 1
61 68 1
61 73 1
61 807 1
62 71 1
62 75 1
62 94 1
62 293 1
63 92 1
63 94 1
63 98 1
63 642 1
64 83 1
64 87 1
65 84 1
65 506 1
65 601 1
67 85 1
67 296 1
68 77 1
68 92 1
68 93 1
68 358 1
68 710 1
69 72 1
69 921 1
70 72 1
70 96 1
70 288 1
71 81 1
71 147 1
72 82 1
72 92 1
72 472 1
73 168 1
73 414 1
73 650 1
74 91 1
74 218 1
74 543 1
75 80 1
75 85 1
75 417 1
75 528 1
76 83 1
76 85 1
76 704 1
77 550 1
78 468 1
78 970 1
79 98 1
79 521 1
79 655 1
80 437 1
80 748 1
80 896 1
81 92 1
81 95 1
81 359 1
82 274 1
82 699 1
82 974 1
83 824 1
83 899 1
84 89 1
84 91 1
84 918 1
85 703 1
87 91 1
87 93 1
87 96 1
87 111 1
87 257 1
88 706 1
89 92 1
89 321 1
89 698 1
90 962 1
90 983 1
91 94 1
91 98 1
91 549 1
91 719 1
91 863 1
92 727 1
93 680 1
95 120 1
95 171 1
95 595 1
95 744 1
95 890 1
96 864 1
97 648 1
100 912 1
101 187 1
101 189 1
101 198 1
101 482 1
102 106 1
102 122 1
102 134 1
102 135 1
102 162 1
102 163 1
102 169 1
102 529 1
102 847 1
103 108 1
103 153 1
103 198 1
103 200 1
103 751 1
103 870 1
104 168 1
105 136 1
105 142 1
105 152 1
105 167 1
105 173 1
105 305 1
106 122 1
106 133 1
106 160 1
106 199 1
106 559 1
106 767 1
107 113 1
107 131 1
107 173 1
107 174 1
107 175 1
107 198 1
107 200 1
107 336 1
107 764 1
108 149 1
108 173 1
108 193 1
108 200 1
108 252 1
108 460 1
108 618 1
109 160 1
109 196 1
109 282 1
109 746 1
110 111 1
110 125 1
110 178 1
110 691 1
110 752 1
110 950 1
110 963 1
111 125 1
111 127 1
111 139 1
111 154 1
111 163 1
112 132 1
112 134 1
112 140 1
112 145 1
112 147 1
112 158 1
112 167 1
112 187 1
112 198 1
113 127 1
113 159 1
113 167 1
113 188 1
113 196 1
113 371 1
113 748 1
113 972 1
114 131 1
114 153 1
114 173 1
114 178 1
114 191 1
115 122 1
115 125 1
115 142 1
115 174 1
115 187 1
115 423 1
116 119 1
116 128 1
116 151 1
116 169 1
116 170 1
116 194 1
116 424 1
116 532 1
117 137 1
117 143 1
117 153 1
117 159 1
117 163 1
117 187 1
117 194 1
117 475 1
117 562 1
118 121 1
118 171 1
118 172 1
118 181 1
118 184 1
118 200 1
118 504 1
118 717 1
118 825 1
119 131 1
119 137 1
119 145 1
119 158 1
119 183 1
119 196 1
119 215 1
119 352 1
119 410 1
119 483 1
119 500 1
119 513 1
120 147 1
120 179 1
120 259 1
120 304 1
120 415 1
120 944 1
121 147 1
121 187 1
122 149 1
122 193 1
123 190 1
123 258 1
123 429 1
124 142 1
124 157 1
124 158 1
124 177 1
125 158 1
125 170 1
125 186 1
125 312 1
125 441 1
125 919 1
126 132 1
126 141 1
126 168 1
126 192 1
126 199 1
127 130 1
127 146 1
127 162 1
127 173 1
127 180 1
127 599 1
127 969 1
128 133 1
128 174 1
128 192 1
128 644 1
129 136 1
129 153 1
129 170 1
129 176 1
129 179 1
129 190 1
129 194 1
129 199 1
129 576 1
130 162 1
130 174 1
130 178 1
131 135 1
131 137 1
131 149 1
131 898 1
131 937 1
132 193 1
132 405 1
132 805 1
132 923 1
132 956 1
133 138 1
133 143 1
133 191 1
133 218 1
134 155 1
134 206 1
134 453 1
135 140 1
135 167 1
135 169 1
135 173 1
135 909 1
136 153 1
136 169 1
136 200 1
137 142 1
137 147 1
137 233 1
137 236 1
137 765 1
138 179 1
138 801 1
139 184 1
139 196 1
139 544 1
140 142 1
140 165 1
140 169 1
140 211 1
140 285 1
140 619 1
141 143 1
141 172 1
141 176 1
141 178 1
141 734 1
142 152 1
142 153 1
142 154 1
142 157 1
142 172 1
142 545 1
142 619 1
142 858 1
142 929 1
143 171 1
143 174 1
143 175 1
143 396 1
143 558 1
143 889 1
144 157 1
144 191 1
144 229 1
144 241 1
145 182 1
145 198 1
145 610 1
146 168 1
146 171 1
147 158 1
147 187 1
147 196 1
148 190 1
148 192 1
148 439 1
149 152 1
149 155 1
149 173 1
150 161 1
150 165 1
150 168 1
150 171 1
150 257 1
150 609 1
151 169 1
151 197 1
151 712 1
152 991 1
153 159 1
153 193 1
153 649 1
154 159 1
154 161 1
154 172 1
154 174 1
154 197 1
155 193 1
156 167 1
156 175 1
156 179 1
157 158 1
157 173 1
157 179 1
157 185 1
157 188 1
158 160 1
158 166 1
158 189 1
158 500 1
158 818 1
159 190 1
159 572 1
159 936 1
160 173 1
160 176 1
161 180 1
161 444 1
161 819 1
162 163 1
162 179 1
162 187 1
162 584 1
162 918 1
163 170 1
163 915 1
164 173 1
164 174 1
164 199 1
164 249 1
164 651 1
165 182 1
167 176 1
167 301 1
167 329 1
167 918 1
168 190 1
168 192 1
168 194 1
169 178 1
169 191 1
169 199 1
169 202 1
170 177 1
170 259 1
170 739 1
171 175 1
171 181 1
171 182 1
171 195 1
171 302 1
171 312 1
172 182 1
172 198 1
172 326 1
172 358 1
172 465 1
174 181 1
174 185 1
174 187 1
175 402 1
175 535 1
175 711 1
175 883 1
176 292 1
176 518 1
176 798 1
176 896 1
177 178 1
177 227 1
177 492 1
177 709 1
177 937 1
178 193 1
178 204 1
179 345 1
179 349 1
179 633 1
179 827 1
180 190 1
180 193 1
180 936 1
181 627 1
182 191 1
182 193 1
182 856 1
182 904 1
183 720 1
184 348 1
185 186 1
186 198 1
186 424 1
187 429 1
188 191 1
188 193 1
188 334 1
188 449 1
189 573 1
190 260 1
190 853 1
191 200 1
191 424 1
191 477 1
191 479 1
192 313 1
193 218 1
195 935 1
196 320 1
197 744 1
198 706 1
199 370 1
199 623 1
201 212 1
201 216 1
201 218 1
201 255 1
201 767 1
201 885 1
202 206 1
202 247 1
203 208 1
203 211 1
203 222 1
203 246 1
203 251 1
203 252 1
203 257 1
203 269 1
203 272 1
203 576 1
203 957 1
204 207 1
204 213 1
204 231 1
204 477 1
204 508 1
204 834 1
205 225 1
205 270 1
205 272 1
205 283 1
205 909 1
206 209 1
206 213 1
206 214 1
206 218 1
206 249 1
206 266 1
206 289 1
206 297 1
206 299 1
207 212 1
207 218 1
207 257 1
207 265 1
207 272 1
207 355 1
207 659 1
208 247 1
208 257 1
209 211 1
209 226 1
209 257 1
209 265 1
209 273 1
209 286 1
209 297 1
209 679 1
209 761 1
210 215 1
210 217 1
210 253 1
210 258 1
210 264 1
210 274 1
210 388 1
210 569 1
210 812 1
211 229 1
211 237 1
211 263 1
211 265 1
211 283 1
211 410 1
211 713 1
212 243 1
212 273 1
212 283 1
213 237 1
213 245 1
213 246 1
213 249 1
213 251 1
213 266 1
213 278 1
213 286 1
213 570 1
214 215 1
214 266 1
214 340 1
215 229 1
215 237 1
215 245 1
215 256 1
215 282 1
215 638 1
216 229 1
216 261 1
216 263 1
216 275 1
216 276 1
216 679 1
217 230 1
217 256 1
217 271 1
217 280 1
217 293 1
217 554 1
218 243 1
218 256 1
218 262 1
218 290 1
218 762 1
219 231 1
219 236 1
219 244 1
219 255 1
219 276 1
219 280 1
219 424 1
219 900 1
220 226 1
220 234 1
220 248 1
220 383 1
220 452 1
220 620 1
221 260 1
221 270 1
221 291 1
221 297 1
222 295 1
222 637 1
222 654 1
222 880 1
222 886 1
223 262 1
223 290 1
223 937 1
224 236 1
224 287 1
224 288 1
224 294 1
224 850 1
225 241 1
225 249 1
225 252 1
225 261 1
225 308 1
225 420 1
225 452 1
225 472 1
225 560 1
225 836 1
226 259 1
226 276 1
226 277 1
226 293 1
226 504 1
226 505 1
226 535 1
226 837 1
227 234 1
227 238 1
227 276 1
227 293 1
227 297 1
227 299 1
228 249 1
228 285 1
229 238 1
229 240 1
229 279 1
230 260 1
230 511 1
231 253 1
231 256 1
231 258 1
231 263 1
231 299 1
232 266 1
232 269 1
232 740 1
232 948 1
233 255 1
233 276 1
233 286 1
233 427 1
234 243 1
234 266 1
234 267 1
234 284 1
234 287 1
234 858 1
235 253 1
235 315 1
235 548 1
235 765 1
235 933 1
236 275 1
236 350 1
236 444 1
236 525 1
236 537 1
236 942 1
237 238 1
237 259 1
237 505 1
237 828 1
238 247 1
238 249 1
238 272 1
238 296 1
238 454 1
238 948 1
239 247 1
239 250 1
239 294 1
239 438 1
239 994 1
240 755 1
241 244 1
241 256 1
241 268 1
241 276 1
241 434 1
241 572 1
242 250 1
242 258 1
243 255 1
243 899 1
244 434 1
246 292 1
246 741 1
246 853 1
246 950 1
247 270 1
247 282 1
248 290 1
248 892 1
249 253 1
249 258 1
249 262 1
249 280 1
249 291 1
249 907 1
249 952 1
250 274 1
250 283 1
250 286 1
251 272 1
251 273 1
251 277 1
251 435 1
251 724 1
252 287 1
252 698 1
253 743 1
253 760 1
254 272 1
254 275 1
254 278 1
254 293 1
255 270 1
255 292 1
255 299 1
255 680 1
256 282 1
256 409 1
256 768 1
256 947 1
257 274 1
257 275 1
257 293 1
258 260 1
258 282 1
258 401 1
258 803 1
259 282 1
259 283 1
259 558 1
260 277 1
260 294 1
260 297 1
260 504 1
261 264 1
261 283 1
261 419 1
261 744 1
262 274 1
263 548 1
263 948 1
264 290 1
264 369 1
265 279 1
265 296 1
265 303 1
266 269 1
266 291 1
266 293 1
266 296 1
266 392 1
266 691 1
266 873 1
267 287 1
267 721 1
267 778 1
267 986 1
268 269 1
268 272 1
269 281 1
269 284 1
269 286 1
269 688 1
269 839 1
270 288 1
270 594 1
270 842 1
271 279 1
272 278 1
272 290 1
272 443 1
273 278 1
273 282 1
273 440 1
273 625 1
273 776 1
274 297 1
274 345 1
275 281 1
275 284 1
275 287 1
275 312 1
275 703 1
276 289 1
276 295 1
277 288 1
277 656 1
278 279 1
278 351 1
278 369 1
278 427 1
278 612 1
278 895 1
279 454 1
279 750 1
280 291 1
280 381 1
281 296 1
281 430 1
281 591 1
281 837 1
282 285 1
282 290 1
283 293 1
283 847 1
284 291 1
284 506 1
285 295 1
285 345 1
285 503 1
286 683 1
287 896 1
288 299 1
288 882 1
290 665 1
292 548 1
292 838 1
293 300 1
294 296 1
295 581 1
295 695 1
295 895 1
296 344 1
297 734 1
298 685 1
300 412 1
301 308 1
301 337 1
301 346 1
301 356 1
301 427 1
301 609 1
302 307 1
302 310 1
302 316 1
302 317 1
302 389 1
302 391 1
302 398 1
302 973 1
303 326 1
303 327 1
303 385 1
303 469 1
303 776 1
304 313 1
304 315 1
304 337 1
304 377 1
304 387 1
304 415 1
304 652 1
305 318 1
305 350 1
305 352 1
305 382 1
305 390 1
305 395 1
305 918 1
306 317 1
306 334 1
306 347 1
306 353 1
306 372 1
306 377 1
306 387 1
306 748 1
307 325 1
307 330 1
307 372 1
307 374 1
307 376 1
307 378 1
307 388 1
308 312 1
308 348 1
308 377 1
308 396 1
308 718 1
308 848 1
309 310 1
309 317 1
309 327 1
309 388 1
309 717 1
310 326 1
310 385 1
310 390 1
310 392 1
310 615 1
310 883 1
311 312 1
311 369 1
311 390 1
311 400 1
311 700 1
312 354 1
313 375 1
313 378 1
313 632 1
314 324 1
314 354 1
314 378 1
314 391 1
314 395 1
314 454 1
315 360 1
315 383 1
315 397 1
315 478 1
316 333 1
316 357 1
316 394 1
316 395 1
316 399 1
316 512 1
316 655 1
316 777 1
316 881 1
317 362 1
317 364 1
317 449 1
318 344 1
318 348 1
318 350 1
318 361 1
319 330 1
319 333 1
319 335 1
319 356 1
319 398 1
319 871 1
320 323 1
320 329 1
320 342 1
320 355 1
320 356 1
320 357 1
320 365 1
320 385 1
320 726 1
321 357 1
321 391 1
321 960 1
322 350 1
322 376 1
323 325 1
323 331 1
323 364 1
323 373 1
323 390 1
323 923 1
324 329 1
324 352 1
324 363 1
324 379 1
325 330 1
325 347 1
325 379 1
325 381 1
325 393 1
325 703 1
326 334 1
326 352 1
326 366 1
326 368 1
326 382 1
326 397 1
327 346 1
327 350 1
327 377 1
327 675 1
327 878 1
328 344 1
328 360 1
328 366 1
328 373 1
328 386 1
328 387 1
328 483 1
328 930 1
328 995 1
329 337 1
329 339 1
329 351 1
329 375 1
329 784 1
329 869 1
329 964 1
330 353 1
330 358 1
330 373 1
330 376 1
330 389 1
330 392 1
330 393 1
330 403 1
330 930 1
331 353 1
331 400 1
331 726 1
332 370 1
332 391 1
332 393 1
332 395 1
332 396 1
332 448 1
333 351 1
333 355 1
333 367 1
333 396 1
334 366 1
334 926 1
335 363 1
335 395 1
335 743 1
335 776 1
336 382 1
336 386 1
336 724 1
337 347 1
337 349 1
337 358 1
337 359 1
337 373 1
337 385 1
337 917 1
338 345 1
338 347 1
338 381 1
339 382 1
339 398 1
340 342 1
340 350 1
340 362 1
340 363 1
340 381 1
341 375 1
342 352 1
342 376 1
343 371 1
343 377 1
343 400 1
343 609 1
343 678 1
344 351 1
344 374 1
344 418 1
345 356 1
345 385 1
345 961 1
346 360 1
346 370 1
346 386 1
346 964 1
347 363 1
347 371 1
347 384 1
347 395 1
348 385 1
348 387 1
348 778 1
349 374 1
349 379 1
349 397 1
349 398 1
349 400 1
349 641 1
350 373 1
350 381 1
350 397 1
351 362 1
351 394 1
351 397 1
351 635 1
351 910 1
352 371 1
352 377 1
352 388 1
352 677 1
352 744 1
353 376 1
353 398 1
353 505 1
354 368 1
354 376 1
354 378 1
354 387 1
354 675 1
355 393 1
355 400 1
355 588 1
355 721 1
355 866 1
356 377 1
356 556 1
356 678 1
356 733 1
357 375 1
357 385 1
357 955 1
358 363 1
358 368 1
358 384 1
358 786 1
359 375 1
360 470 1
360 993 1
361 369 1
361 392 1
361 395 1
362 364 1
362 369 1
362 370 1
362 396 1
362 876 1
362 937 1
363 375 1
363 379 1
363 785 1
364 388 1
364 500 1
366 378 1
366 385 1
366 706 1
366 953 1
367 369 1
367 372 1
369 375 1
369 397 1
369 779 1
370 395 1
370 546 1
370 899 1
370 970 1
371 654 1
371 747 1
371 886 1
372 377 1
372 399 1
372 856 1
373 378 1
373 390 1
373 650 1
374 377 1
374 390 1
374 420 1
374 803 1
374 925 1
375 378 1
376 808 1
377 382 1
378 388 1
378 739 1
379 697 1
379 810 1
380 399 1
381 396 1
381 507 1
381 578 1
382 630 1
382 804 1
382 998 1
383 683 1
385 394 1
385 399 1
386 392 1
386 399 1
386 629 1
386 666 1
387 393 1
387 918 1
388 950 1
389 398 1
389 588 1
390 400 1
390 713 1
390 746 1
391 600 1
391 794 1
391 857 1
392 396 1
392 883 1
392 948 1
393 954 1
394 942 1
397 688 1
398 561 1
399 801 1
400 647 1
401 439 1
401 442 1
401 450 1
401 478 1
401 686 1
402 421 1
402 423 1
402 454 1
402 458 1
402 464 1
402 466 1
402 496 1
402 587 1
402 970 1
403 412 1
403 415 1
403 428 1
403 448 1
403 471 1
403 474 1
403 499 1
403 750 1
404 408 1
404 413 1
404 496 1
404 755 1
404 862 1
405 418 1
405 461 1
405 477 1
405 860 1
405 873 1
406 438 1
406 455 1
406 457 1
406 467 1
406 494 1
406 536 1
406 710 1
406 783 1
407 414 1
407 443 1
407 444 1
407 491 1
407 801 1
407 1000 1
408 426 1
408 431 1
408 442 1
408 478 1
408 494 1
409 420 1
409 438 1
409 460 1
410 419 1
410 434 1
410 435 1
410 439 1
410 453 1
410 455 1
410 463 1
410 472 1
410 474 1
410 484 1
410 559 1
410 712 1
410 978 1
411 446 1
411 478 1
411 582 1
412 420 1
412 461 1
412 469 1
412 482 1
412 493 1
412 641 1
412 903 1
413 424 1
413 453 1
413 464 1
413 466 1
413 481 1
413 550 1
413 937 1
414 433 1
414 436 1
414 450 1
414 483 1
414 861 1
414 925 1
414 961 1
415 441 1
416 605 1
417 430 1
417 433 1
417 438 1
417 452 1
417 454 1
417 477 1
417 482 1
417 490 1
417 845 1
418 423 1
418 426 1
418 453 1
418 479 1
418 489 1
418 494 1
418 572 1
419 474 1
419 988 1
420 430 1
420 450 1
420 452 1
420 478 1
420 500 1
421 433 1
421 445 1
421 473 1
421 479 1
421 486 1
421 489 1
421 775 1
422 429 1
422 466 1
422 491 1
422 518 1
423 432 1
423 468 1
423 697 1
424 437 1
424 446 1
424 448 1
424 452 1
424 466 1
424 467 1
424 479 1
424 485 1
424 491 1
424 697 1
424 957 1
425 429 1
425 470 1
425 472 1
425 476 1
425 480 1
425 481 1
425 484 1
425 559 1
425 724 1
425 746 1
425 977 1
426 455 1
426 461 1
426 463 1
426 478 1
426 814 1
426 928 1
427 434 1
427 485 1
428 435 1
428 436 1
428 447 1
428 475 1
428 476 1
428 487 1
428 489 1
428 500 1
429 442 1
429 452 1
429 462 1
429 492 1
430 474 1
430 487 1
430 500 1
430 723 1
430 889 1
431 484 1
431 488 1
431 490 1
431 496 1
431 497 1
431 799 1
432 455 1
432 484 1
432 763 1
433 491 1
433 604 1
433 684 1
434 448 1
434 489 1
434 627 1
434 810 1
434 981 1
435 438 1
435 446 1
435 452 1
435 453 1
435 464 1
435 473 1
435 494 1
436 466 1
436 927 1
437 443 1
437 444 1
437 445 1
437 461 1
437 474 1
438 443 1
438 468 1
438 637 1
438 706 1
438 999 1
439 450 1
439 463 1
439 472 1
439 475 1
439 831 1
440 452 1
440 469 1
440 490 1
441 996 1
442 445 1
442 458 1
442 459 1
442 467 1
442 487 1
443 445 1
443 483 1
443 712 1
443 903 1
444 483 1
444 484 1
444 498 1
445 491 1
445 492 1
445 789 1
446 451 1
446 466 1
446 476 1
446 793 1
446 806 1
447 452 1
447 483 1
448 469 1
448 483 1
448 498 1
448 535 1
449 450 1
449 461 1
449 471 1
449 474 1
449 482 1
449 500 1
449 826 1
450 460 1
450 466 1
450 483 1
450 636 1
450 756 1
451 479 1
451 493 1
452 479 1
452 494 1
453 463 1
453 534 1
455 462 1
455 472 1
456 473 1
456 476 1
456 496 1
456 499 1
456 826 1
456 993 1
457 464 1
457 478 1
458 466 1
458 474 1
458 476 1
458 479 1
458 493 1
458 563 1
458 590 1
459 460 1
459 497 1
460 960 1
461 478 1
461 732 1
462 481 1
464 495 1
464 712 1
464 750 1
464 809 1
465 492 1
465 592 1
465 659 1
465 693 1
466 494 1
466 716 1
467 495 1
467 771 1
467 780 1
467 937 1
468 485 1
468 486 1
469 477 1
469 480 1
469 481 1
469 486 1
469 487 1
469 964 1
470 477 1
470 495 1
470 499 1
471 484 1
472 689 1
473 783 1
473 997 1
474 476 1
474 481 1
474 482 1
475 476 1
475 496 1
477 886 1
479 480 1
479 485 1
479 490 1
479 612 1
480 498 1
480 592 1
480 708 1
481 497 1
482 484 1
483 496 1
483 509 1
484 493 1
485 710 1
486 490 1
486 606 1
487 488 1
487 492 1
487 704 1
488 493 1
489 664 1
489 724 1
491 645 1
491 869 1
491 955 1
491 982 1
492 609 1
493 789 1
494 498 1
495 662 1
497 796 1
500 533 1
501 527 1
501 529 1
501 535 1
501 549 1
501 551 1
501 581 1
501 846 1
502 532 1
502 553 1
502 574 1
502 581 1
502 590 1
502 591 1
502 595 1
502 597 1
502 598 1
503 508 1
503 531 1
503 533 1
503 540 1
503 557 1
503 569 1
503 845 1
504 527 1
504 577 1
504 582 1
504 595 1
504 841 1
505 523 1
505 559 1
505 568 1
505 623 1
505 712 1
505 756 1
505 783 1
505 829 1
506 510 1
506 512 1
506 515 1
506 518 1
506 546 1
506 581 1
506 584 1
507 541 1
507 556 1
507 907 1
508 509 1
508 537 1
508 572 1
508 575 1
508 867 1
508 994 1
509 511 1
509 526 1
509 527 1
509 537 1
509 541 1
509 553 1
509 558 1
509 570 1
509 584 1
509 595 1
509 888 1
510 540 1
510 552 1
510 568 1
510 592 1
511 576 1
512 554 1
512 589 1
512 600 1
513 521 1
513 592 1
513 594 1
514 536 1
514 583 1
514 584 1
514 597 1
514 683 1
514 901 1
515 530 1
515 536 1
515 550 1
515 568 1
515 589 1
515 795 1
516 520 1
516 773 1
517 532 1
517 544 1
517 554 1
517 560 1
517 564 1
517 586 1
517 600 1
518 567 1
518 573 1
518 591 1
518 625 1
518 734 1
519 554 1
519 575 1
519 853 1
520 535 1
520 552 1
521 530 1
521 562 1
521 566 1
521 575 1
521 830 1
521 993 1
522 549 1
522 552 1
522 853 1
522 923 1
523 536 1
523 564 1
523 595 1
523 930 1
524 539 1
524 540 1
524 547 1
524 580 1
524 588 1
525 531 1
525 534 1
525 552 1
525 567 1
525 581 1
525 784 1
526 548 1
526 574 1
526 589 1
526 594 1
526 687 1
526 844 1
527 544 1
527 567 1
527 573 1
527 581 1
528 537 1
529 530 1
529 535 1
529 568 1
529 573 1
529 730 1
530 544 1
530 555 1
530 573 1
530 591 1
530 598 1
531 552 1
531 556 1
531 561 1
531 570 1
531 575 1
531 580 1
531 589 1
531 845 1
531 869 1
531 1000 1
532 538 1
532 551 1
532 580 1
532 585 1
532 586 1
533 536 1
533 545 1
533 546 1
533 558 1
533 576 1
533 646 1
533 648 1
534 540 1
534 560 1
535 545 1
535 564 1
536 568 1
536 576 1
536 586 1
536 605 1
537 562 1
537 563 1
537 568 1
537 595 1
538 540 1
538 544 1
538 566 1
538 584 1
539 562 1
539 564 1
539 590 1
540 553 1
540 654 1
541 559 1
541 568 1
542 578 1
542 585 1
543 550 1
543 552 1
543 564 1
543 565 1
544 552 1
544 578 1
544 713 1
545 559 1
546 567 1
546 581 1
546 589 1
546 826 1
547 556 1
547 563 1
547 564 1
547 749 1
548 582 1
548 592 1
548 940 1
549 553 1
549 583 1
550 566 1
550 568 1
550 585 1
550 589 1
550 591 1
551 562 1
551 569 1
551 570 1
551 594 1
551 893 1
552 561 1
552 589 1
552 688 1
553 561 1
553 695 1
554 591 1
554 593 1
555 557 1
555 562 1
555 564 1
555 590 1
555 669 1
556 567 1
556 660 1
556 888 1
556 902 1
557 599 1
558 570 1
558 590 1
558 910 1
558 932 1
559 563 1
559 937 1
560 561 1
560 574 1
560 608 1
561 574 1
561 583 1
561 619 1
562 574 1
563 583 1
563 716 1
564 582 1
564 600 1
564 824 1
565 570 1
565 588 1
565 597 1
566 568 1
566 574 1
566 577 1
567 588 1
568 577 1
568 599 1
568 695 1
569 584 1
569 649 1
571 598 1
571 912 1
571 928 1
572 576 1
572 587 1
572 598 1
573 584 1
573 588 1
573 592 1
573 968 1
575 599 1
576 818 1
577 578 1
577 587 1
577 596 1
577 599 1
577 621 1
578 582 1
578 588 1
578 591 1
578 664 1
579 948 1
580 595 1
580 720 1
581 586 1
581 588 1
582 597 1
582 599 1
583 596 1
583 788 1
583 975 1
584 600 1
584 939 1
586 687 1
586 701 1
586 823 1
587 590 1
587 673 1
588 665 1
589 599 1
590 829 1
591 632 1
592 621 1
592 635 1
594 777 1
595 636 1
596 985 1
598 755 1
599 609 1
600 876 1
601 605 1
601 680 1
601 692 1
601 694 1
602 607 1
602 615 1
602 637 1
602 647 1
602 675 1
602 688 1
603 651 1
603 663 1
603 681 1
603 895 1
604 615 1
605 627 1
605 636 1
605 640 1
605 695 1
605 820 1
606 666 1
606 673 1
606 679 1
606 680 1
606 698 1
607 622 1
607 642 1
607 671 1
608 635 1
608 638 1
608 648 1
608 676 1
608 680 1
608 689 1
608 699 1
609 625 1
609 658 1
609 673 1
609 708 1
609 955 1
610 624 1
610 672 1
610 683 1
610 700 1
611 634 1
611 642 1
611 655 1
611 658 1
611 670 1
611 686 1
611 699 1
611 994 1
612 632 1
612 643 1
612 685 1
612 692 1
613 618 1
613 627 1
613 662 1
613 682 1
613 698 1
614 645 1
614 665 1
614 674 1
614 676 1
614 685 1
615 673 1
615 677 1
615 720 1
616 620 1
616 621 1
616 663 1
616 675 1
616 678 1
616 686 1
616 689 1
616 758 1
617 618 1
617 636 1
617 665 1
617 669 1
617 683 1
617 694 1
618 629 1
618 638 1
618 662 1
618 668 1
618 671 1
618 673 1
618 683 1
619 620 1
619 623 1
619 641 1
620 622 1
620 628 1
620 643 1
620 678 1
620 762 1
620 826 1
620 996 1
621 629 1
621 634 1
621 641 1
621 652 1
621 672 1
621 707 1
621 737 1
622 626 1
622 631 1
623 628 1
623 629 1
623 657 1
623 663 1
623 670 1
624 631 1
624 651 1
624 653 1
624 672 1
624 676 1
624 700 1
624 838 1
625 646 1
625 653 1
625 671 1
625 689 1
625 694 1
625 698 1
625 813 1
626 629 1
626 640 1
626 683 1
626 766 1
627 638 1
627 659 1
627 660 1
627 664 1
627 686 1
627 688 1
627 691 1
627 703 1
629 642 1
629 652 1
629 698 1
629 763 1
630 635 1
630 636 1
630 643 1
630 645 1
630 665 1
630 670 1
630 674 1
630 687 1
630 695 1
630 967 1
631 651 1
631 732 1
631 920 1
632 662 1
632 691 1
633 642 1
633 645 1
633 663 1
633 682 1
633 687 1
633 692 1
634 642 1
634 659 1
634 662 1
634 675 1
634 693 1
635 651 1
635 653 1
636 670 1
636 691 1
637 643 1
637 846 1
637 876 1
638 639 1
638 646 1
638 668 1
638 687 1
638 691 1
638 699 1
638 909 1
639 680 1
639 690 1
639 700 1
639 736 1
640 680 1
640 688 1
641 644 1
641 667 1
641 692 1
642 678 1
642 843 1
643 645 1
643 648 1
643 656 1
643 658 1
643 691 1
643 698 1
643 936 1
644 678 1
644 691 1
644 987 1
645 659 1
645 665 1
645 731 1
645 971 1
646 663 1
646 673 1
646 675 1
646 696 1
646 835 1
647 669 1
647 676 1
648 649 1
648 659 1
648 672 1
648 683 1
648 688 1
648 694 1
648 866 1
648 934 1
649 688 1
649 880 1
649 893 1
650 657 1
650 661 1
650 687 1
650 692 1
650 700 1
651 655 1
651 659 1
652 666 1
652 673 1
653 663 1
653 666 1
653 684 1
653 693 1
653 697 1
654 689 1
654 692 1
654 695 1
654 710 1
655 657 1
655 842 1
655 880 1
656 663 1
656 675 1
656 688 1
656 754 1
657 682 1
657 692 1
658 662 1
658 857 1
658 996 1
659 663 1
659 706 1
660 662 1
660 667 1
661 693 1
661 903 1
661 987 1
662 681 1
663 670 1
663 682 1
663 683 1
663 684 1
663 697 1
664 666 1
664 667 1
664 671 1
665 689 1
666 673 1
667 670 1
667 690 1
668 681 1
669 694 1
670 694 1
670 700 1
671 897 1
672 697 1
672 996 1
673 679 1
673 893 1
674 692 1
674 699 1
675 687 1
675 698 1
676 679 1
677 745 1
678 744 1
680 860 1
681 697 1
681 815 1
681 891 1
682 697 1
683 689 1
683 983 1
684 792 1
685 695 1
685 745 1
689 698 1
689 995 1
690 740 1
691 848 1
696 940 1
697 699 1
701 745 1
701 754 1
701 755 1
701 785 1
701 794 1
701 840 1
702 709 1
702 736 1
702 751 1
702 780 1
702 958 1
703 727 1
703 738 1
703 757 1
703 927 1
704 706 1
704 732 1
704 737 1
704 748 1
704 763 1
704 768 1
704 772 1
704 773 1
704 817 1
705 706 1
705 716 1
705 745 1
705 746 1
705 793 1
705 794 1
706 725 1
706 749 1
706 754 1
706 755 1
706 761 1
707 745 1
707 753 1
707 754 1
707 757 1
707 775 1
707 777 1
707 795 1
707 798 1
708 709 1
708 714 1
708 721 1
708 730 1
708 736 1
708 783 1
709 741 1
709 742 1
709 753 1
709 773 1
710 729 1
710 750 1
710 757 1
710 782 1
711 714 1
711 781 1
711 789 1
712 738 1
712 749 1
712 778 1
712 779 1
713 720 1
713 754 1
713 766 1
713 776 1
714 745 1
714 774 1
714 800 1
715 725 1
715 726 1
715 741 1
715 763 1
715 775 1
715 779 1
716 762 1
716 784 1
716 785 1
716 787 1
716 795 1
717 750 1
718 735 1
718 791 1
718 794 1
718 921 1
719 749 1
719 755 1
719 790 1
720 735 1
720 740 1
720 762 1
720 763 1
721 729 1
721 746 1
721 752 1
721 793 1
721 811 1
721 868 1
722 733 1
722 747 1
722 776 1
722 788 1
722 790 1
722 796 1
723 754 1
723 766 1
723 771 1
723 785 1
723 791 1
724 725 1
724 740 1
724 759 1
724 761 1
724 778 1
724 780 1
724 783 1
724 788 1
724 800 1
724 813 1
725 749 1
726 744 1
726 750 1
726 792 1
726 804 1
727 755 1
727 757 1
728 739 1
728 774 1
728 784 1
728 929 1
729 730 1
729 791 1
730 738 1
730 739 1
730 760 1
730 763 1
730 800 1
731 776 1
732 760 1
732 795 1
733 750 1
733 753 1
734 777 1
734 789 1
734 793 1
734 794 1
735 746 1
735 798 1
736 738 1
736 739 1
736 850 1
736 987 1
737 748 1
737 781 1
738 781 1
738 795 1
738 796 1
738 973 1
738 989 1
739 761 1
739 777 1
739 778 1
740 763 1
740 778 1
740 790 1
741 762 1
741 788 1
741 793 1
741 797 1
741 837 1
742 788 1
742 789 1
742 798 1
743 774 1
744 771 1
744 797 1
745 750 1
745 765 1
745 769 1
745 776 1
745 844 1
746 754 1
746 777 1
747 778 1
747 788 1
747 789 1
748 753 1
748 768 1
748 782 1
748 797 1
749 750 1
749 764 1
749 773 1
749 776 1
749 780 1
750 754 1
751 752 1
751 765 1
751 789 1
751 795 1
751 800 1
751 863 1
752 761 1
752 792 1
753 759 1
754 766 1
754 793 1
755 781 1
755 918 1
756 760 1
756 769 1
756 798 1
756 800 1
757 784 1
757 794 1
758 776 1
758 790 1
758 854 1
758 957 1
759 788 1
759 799 1
760 765 1
760 778 1
760 787 1
760 788 1
760 798 1
762 772 1
762 790 1
762 869 1
763 784 1
763 881 1
764 768 1
764 770 1
764 771 1
764 789 1
764 795 1
767 976 1
769 774 1
769 799 1
770 789 1
770 795 1
770 796 1
771 775 1
771 777 1
771 778 1
771 787 1
771 794 1
771 797 1
771 947 1
772 785 1
773 774 1
773 779 1
773 916 1
774 785 1
776 784 1
776 791 1
776 796 1
776 829 1
779 793 1
779 970 1
780 826 1
781 890 1
781 954 1
784 793 1
784 795 1
784 807 1
786 791 1
786 969 1
787 788 1
787 794 1
787 862 1
788 963 1
789 798 1
790 798 1
791 835 1
792 797 1
793 798 1
794 795 1
797 800 1
801 804 1
801 811 1
801 812 1
801 821 1
801 826 1
801 841 1
801 846 1
801 885 1
801 897 1
802 834 1
802 836 1
802 843 1
802 899 1
803 811 1
803 839 1
803 842 1
803 851 1
803 862 1
803 879 1
803 883 1
803 894 1
804 806 1
804 811 1
804 837 1
804 882 1
805 810 1
805 824 1
805 875 1
806 814 1
806 845 1
806 848 1
806 853 1
806 860 1
806 866 1
806 882 1
807 837 1
807 841 1
807 849 1
807 858 1
807 888 1
807 893 1
807 896 1
808 816 1
808 831 1
808 836 1
808 877 1
808 887 1
808 892 1
808 894 1
808 897 1
809 820 1
809 892 1
810 835 1
810 836 1
811 819 1
811 823 1
811 832 1
811 837 1
811 859 1
811 879 1
811 887 1
812 831 1
812 853 1
812 860 1
812 896 1
813 835 1
813 837 1
813 879 1
813 898 1
814 847 1
814 856 1
814 862 1
814 888 1
815 834 1
815 849 1
815 851 1
815 866 1
816 838 1
816 844 1
816 857 1
817 824 1
817 854 1
817 862 1
817 893 1
817 897 1
818 827 1
818 882 1
819 823 1
819 865 1
819 867 1
819 875 1
819 893 1
820 828 1
820 832 1
820 844 1
820 849 1
820 883 1
820 889 1
821 833 1
821 847 1
821 860 1
821 863 1
821 874 1
821 897 1
822 836 1
822 841 1
822 853 1
822 856 1
822 861 1
822 863 1
822 895 1
823 827 1
823 828 1
823 841 1
823 842 1
823 853 1
823 872 1
823 894 1
824 852 1
824 882 1
824 885 1
824 973 1
825 829 1
825 861 1
825 881 1
825 897 1
825 916 1
826 838 1
826 850 1
826 862 1
826 892 1
827 887 1
827 895 1
828 897 1
828 899 1
829 839 1
829 856 1
829 859 1
829 888 1
830 856 1
830 861 1
831 847 1
831 864 1
831 869 1
831 897 1
832 834 1
832 838 1
832 843 1
832 854 1
832 864 1
832 895 1
833 862 1
833 870 1
833 878 1
834 883 1
834 900 1
834 964 1
835 864 1
835 888 1
835 892 1
835 950 1
836 857 1
836 871 1
836 885 1
836 977 1
837 854 1
837 856 1
837 894 1
837 900 1
839 849 1
839 853 1
839 884 1
839 885 1
839 890 1
839 956 1
840 857 1
840 861 1
840 883 1
840 888 1
840 892 1
841 851 1
841 867 1
842 851 1
842 860 1
842 865 1
842 884 1
843 871 1
843 884 1
844 845 1
844 851 1
844 852 1
844 886 1
844 895 1
845 854 1
845 899 1
846 898 1
847 848 1
847 851 1
847 852 1
847 870 1
847 885 1
847 891 1
847 896 1
847 943 1
848 849 1
848 858 1
848 864 1
848 866 1
848 870 1
848 876 1
848 891 1
848 895 1
849 854 1
849 870 1
849 875 1
849 878 1
849 887 1
849 891 1
849 996 1
850 878 1
851 855 1
851 861 1
851 863 1
851 875 1
851 878 1
851 880 1
851 888 1
852 871 1
852 878 1
852 881 1
852 886 1
853 888 1
854 885 1
854 896 1
854 899 1
855 900 1
856 880 1
856 883 1
856 885 1
857 869 1
857 878 1
857 888 1
858 883 1
858 884 1
858 894 1
858 899 1
858 939 1
858 968 1
859 878 1
861 874 1
861 883 1
861 891 1
862 871 1
862 875 1
862 896 1
862 898 1
862 905 1
863 865 1
863 868 1
863 873 1
863 880 1
864 890 1
864 892 1
865 871 1
865 893 1
865 895 1
866 867 1
866 875 1
866 876 1
866 881 1
866 882 1
867 896 1
868 877 1
868 899 1
870 875 1
871 872 1
871 875 1
871 890 1
871 907 1
872 889 1
872 900 1
875 975 1
876 883 1
877 879 1
879 885 1
880 886 1
880 892 1
880 893 1
880 898 1
880 951 1
881 883 1
881 892 1
881 894 1
881 895 1
883 890 1
884 897 1
886 889 1
886 890 1
886 900 1
888 892 1
889 897 1
889 899 1
893 896 1
896 898 1
897 904 1
901 906 1
901 960 1
901 980 1
901 981 1
901 988 1
902 925 1
902 933 1
902 985 1
903 910 1
903 920 1
903 957 1
903 969 1
903 974 1
904 921 1
904 954 1
904 958 1
904 959 1
904 981 1
905 921 1
905 923 1
905 924 1
905 927 1
905 930 1
905 933 1
905 951 1
905 953 1
905 984 1
905 992 1
906 912 1
906 925 1
906 933 1
906 955 1
906 962 1
906 979 1
906 983 1
906 990 1
907 913 1
907 927 1
907 929 1
907 935 1
907 945 1
907 947 1
907 954 1
907 1000 1
908 969 1
908 998 1
908 999 1
909 914 1
909 930 1
909 935 1
909 968 1
909 971 1
909 979 1
909 985 1
910 920 1
910 925 1
910 927 1
910 967 1
911 916 1
911 931 1
911 988 1
911 1000 1
912 913 1
912 916 1
912 932 1
912 951 1
913 941 1
913 944 1
913 961 1
913 969 1
914 943 1
914 971 1
914 972 1
914 976 1
915 946 1
915 968 1
915 976 1
916 932 1
916 939 1
916 944 1
916 965 1
916 966 1
916 980 1
916 983 1
916 997 1
917 945 1
917 956 1
917 961 1
918 925 1
918 932 1
918 935 1
918 954 1
918 984 1
918 995 1
919 955 1
919 991 1
919 995 1
920 924 1
920 990 1
921 932 1
921 990 1
921 999 1
922 928 1
922 941 1
922 970 1
922 993 1
923 930 1
923 937 1
923 969 1
923 975 1
923 976 1
923 982 1
924 943 1
924 956 1
924 968 1
924 976 1
925 937 1
925 987 1
926 951 1
926 970 1
926 984 1
928 931 1
928 944 1
928 998 1
929 933 1
929 977 1
929 993 1
929 996 1
929 998 1
930 942 1
930 944 1
930 956 1
930 972 1
930 988 1
931 934 1
931 948 1
931 951 1
931 981 1
932 948 1
932 987 1
933 939 1
933 955 1
933 959 1
933 970 1
933 992 1
934 945 1
934 954 1
934 971 1
935 941 1
936 977 1
936 990 1
937 961 1
938 946 1
938 951 1
938 977 1
938 984 1
939 970 1
939 983 1
939 990 1
940 960 1
940 974 1
941 951 1
941 956 1
941 958 1
941 973 1
941 982 1
941 989 1
942 952 1
942 965 1
942 968 1
942 970 1
943 998 1
944 976 1
944 999 1
945 955 1
945 956 1
946 968 1
946 969 1
946 971 1
946 972 1
946 985 1
947 951 1
947 952 1
947 956 1
948 952 1
948 965 1
948 971 1
948 975 1
949 967 1
949 987 1
949 998 1
950 962 1
951 990 1
951 999 1
952 995 1
953 971 1
953 983 1
953 989 1
954 965 1
955 979 1
956 964 1
957 958 1
957 964 1
957 971 1
957 987 1
958 959 1
958 972 1
959 975 1
959 990 1
960 961 1
961 970 1
961 999 1
962 977 1
963 971 1
965 967 1
965 977 1
966 977 1
966 988 1
966 1000 1
967 987 1
968 1000 1
969 978 1
970 973 1
970 977 1
971 987 1
971 992 1
973 974 1
973 976 1
973 988 1
974 976 1
974 992 1
976 983 1
976 987 1
977 989 1
977 995 1
978 987 1
978 996 1
978 998 1
980 991 1
981 987 1
985 993 1
986 1000 1
988 995 1
993 1000 1
995 999 1
