1000 3445
1 12 1
1 21 1
1 50 1
1 61 1
1 72 1
1 204 1
2 5 1
2 26 1
2 38 1
2 42 1
2 49 1
2 61 1
2 65 1
2 75 1
2 183 1
2 337 1
2 840 1
3 15 1
3 23 1
3 31 1
3 33 1
3 65 1
3 77 1
3 503 1
3 610 1
4 41 1
4 48 1
4 64 1
4 96 1
4 807 1
5 36 1
5 43 1
5 49 1
5 217 1
5 343 1
5 374 1
5 713 1
5 786 1
6 15 1
6 25 1
6 59 1
6 62 1
6 82 1
7 8 1
7 18 1
7 25 1
7 30 1
7 42 1
7 55 1
7 65 1
7 79 1
7 84 1
7 86 1
7 92 1
8 50 1
8 58 1
8 63 1
8 73 1
8 77 1
8 106 1
9 33 1
9 57 1
9 75 1
9 77 1
9 791 1
10 33 1
10 36 1
10 37 1
10 65 1
10 71 1
10 80 1
10 386 1
10 851 1
11 59 1
11 63 1
11 68 1
11 76 1
11 255 1
11 747 1
12 19 1
12 34 1
12 55 1
12 62 1
12 63 1
12 89 1
12 562 1
13 58 1
14 27 1
14 32 1
14 36 1
14 42 1
14 55 1
14 84 1
15 17 1
15 43 1
15 66 1
15 88 1
15 89 1
15 321 1
15 755 1
16 26 1
16 56 1
16 64 1
16 66 1
16 296 1
17 25 1
17 42 1
17 60 1
17 77 1
17 96 1
17 446 1
18 977 1
19 28 1
19 38 1
19 39 1
19 52 1
19 54 1
19 61 1
19 92 1
19 474 1
19 560 1
19 970 1
20 45 1
20 94 1
20 195 1
20 831 1
21 43 1
21 55 1
21 56 1
21 64 1
21 65 1
21 71 1
21 74 1
21 752 1
21 993 1
22 38 1
22 42 1
22 46 1
22 50 1
22 52 1
22 57 1
22 61 1
22 276 1
22 713 1
22 781 1
22 985 1
23 35 1
23 55 1
23 84 1
23 101 1
23 193 1
24 26 1
24 69 1
24 94 1
24 743 1
25 39 1
25 50 1
25 58 1
26 37 1
26 40 1
26 87 1
26 138 1
27 61 1
27 81 1
27 84 1
27 302 1
27 334 1
27 452 1
28 32 1
28 38 1
28 53 1
28 89 1
28 91 1
28 99 1
28 122 1
28 154 1
28 749 1
29 35 1
29 96 1
30 78 1
30 91 1
30 99 1
31 59 1
31 60 1
31 75 1
31 199 1
32 39 1
32 40 1
32 52 1
32 66 1
32 68 1
32 726 1
32 961 1
33 36 1
33 38 1
33 56 1
34 55 1
34 73 1
34 78 1
34 202 1
34 496 1
34 702 1
35 40 1
35 271 1
35 288 1
36 49 1
36 98 1
36 912 1
37 40 1
37 49 1
37 64 1
37 87 1
37 223 1
37 696 1
37 727 1
37 891 1
37 968 1
38 82 1
38 383 1
38 453 1
38 565 1
38 851 1
38 921 1
39 57 1
39 79 1
39 243 1
39 583 1
40 53 1
40 389 1
40 704 1
40 748 1
40 956 1
41 73 1
41 97 1
41 481 1
41 714 1
42 79 1
42 91 1
42 96 1
42 112 1
42 124 1
42 930 1
43 48 1
43 102 1
43 392 1
43 882 1
44 79 1
44 94 1
44 99 1
44 273 1
45 61 1
45 598 1
46 58 1
46 76 1
46 81 1
46 852 1
47 59 1
47 65 1
47 75 1
47 174 1
47 676 1
48 69 1
48 70 1
48 77 1
48 273 1
48 322 1
48 364 1
49 85 1
49 113 1
49 605 1
50 54 1
50 69 1
50 87 1
50 838 1
51 85 1
51 179 1
51 572 1
51 856 1
52 64 1
52 90 1
52 198 1
52 685 1
52 928 1
53 482 1
53 703 1
54 72 1
54 92 1
54 99 1
54 637 1
55 79 1
55 350 1
55 485 1
55 624 1
55 768 1
56 71 1
57 71 1
57 81 1
57 90 1
57 146 1
57 715 1
57 831 1
58 60 1
58 69 1
58 100 1
58 440 1
59 76 1
59 90 1
59 93 1
60 98 1
60 162 1
61 64 1
61 89 1
61 94 1
61 879 1
61 964 1
62 89 1
62 97 1
62 312 1
63 92 1
63 685 1
64 88 1
64 215 1
64 889 1
64 898 1
64 976 1
65 67 1
65 74 1
65 93 1
65 166 1
65 209 1
65 295 1
66 73 1
66 954 1
66 989 1
67 69 1
67 72 1
67 75 1
67 84 1
67 109 1
67 492 1
68 82 1
68 95 1
68 210 1
68 620 1
69 84 1
69 299 1
69 555 1
69 991 1
70 86 1
70 100 1
70 527 1
70 945 1
70 953 1
71 86 1
71 91 1
71 349 1
71 403 1
71 962 1
71 964 1
72 73 1
72 79 1
72 82 1
72 88 1
72 322 1
72 377 1
73 74 1
73 89 1
73 99 1
73 176 1
73 471 1
73 721 1
74 87 1
74 90 1
75 85 1
75 109 1
75 182 1
76 81 1
76 436 1
76 747 1
77 84 1
77 86 1
77 88 1
77 96 1
77 779 1
78 323 1
78 486 1
78 728 1
78 976 1
79 560 1
80 85 1
80 93 1
80 472 1
80 663 1
80 687 1
81 86 1
81 93 1
81 465 1
81 624 1
82 93 1
82 596 1
83 96 1
83 770 1
84 359 1
84 394 1
84 520 1
85 89 1
85 400 1
85 601 1
85 851 1
86 87 1
87 88 1
87 90 1
87 97 1
87 421 1
88 302 1
89 271 1
90 137 1
90 158 1
92 494 1
93 100 1
93 452 1
93 885 1
94 100 1
94 720 1
95 474 1
95 956 1
96 239 1
96 608 1
99 615 1
100 576 1
100 629 1
101 111 1
101 113 1
101 175 1
101 200 1
101 512 1
102 108 1
102 120 1
102 166 1
102 172 1
102 191 1
102 192 1
102 198 1
102 563 1
103 104 1
103 120 1
103 691 1
103 810 1
104 162 1
104 166 1
104 170 1
104 200 1
104 233 1
104 556 1
105 111 1
105 118 1
105 123 1
105 127 1
105 146 1
105 167 1
105 189 1
105 192 1
106 118 1
106 165 1
106 180 1
107 139 1
107 147 1
107 171 1
107 608 1
107 871 1
107 942 1
108 116 1
108 151 1
108 175 1
108 180 1
108 749 1
109 134 1
109 167 1
109 891 1
110 126 1
110 132 1
110 148 1
110 152 1
110 175 1
110 191 1
110 192 1
110 198 1
110 464 1
110 885 1
111 123 1
111 124 1
111 128 1
111 143 1
111 162 1
111 440 1
111 555 1
111 623 1
111 804 1
112 121 1
112 126 1
112 145 1
112 155 1
112 161 1
112 196 1
112 198 1
112 733 1
113 184 1
113 188 1
113 196 1
114 117 1
114 133 1
114 141 1
114 144 1
114 164 1
114 175 1
114 180 1
114 187 1
114 192 1
114 291 1
114 390 1
115 116 1
115 119 1
115 164 1
115 165 1
115 183 1
115 190 1
115 484 1
115 756 1
115 978 1
116 139 1
116 155 1
116 182 1
116 188 1
116 626 1
117 151 1
117 191 1
117 306 1
118 120 1
118 126 1
118 156 1
118 534 1
118 695 1
118 727 1
118 738 1
119 180 1
119 200 1
119 871 1
120 126 1
120 149 1
120 156 1
120 163 1
120 283 1
120 629 1
121 157 1
121 181 1
121 219 1
121 497 1
121 962 1
122 135 1
122 187 1
122 797 1
123 130 1
123 131 1
123 140 1
123 142 1
123 151 1
123 165 1
123 166 1
123 184 1
123 708 1
123 861 1
124 125 1
124 144 1
124 147 1
124 153 1
124 189 1
125 137 1
125 146 1
125 153 1
125 158 1
125 184 1
125 257 1
125 640 1
126 144 1
126 148 1
126 153 1
126 195 1
126 197 1
126 448 1
127 163 1
127 196 1
127 290 1
127 351 1
127 805 1
127 952 1
128 131 1
128 196 1
128 297 1
128 577 1
128 625 1
129 137 1
129 166 1
129 178 1
129 180 1
129 189 1
129 194 1
129 720 1
129 811 1
130 144 1
130 155 1
130 167 1
130 193 1
130 198 1
130 250 1
130 863 1
131 143 1
131 182 1
131 185 1
131 191 1
131 216 1
131 395 1
132 155 1
132 156 1
132 164 1
132 177 1
132 188 1
133 179 1
133 190 1
133 229 1
134 143 1
134 156 1
134 158 1
134 173 1
134 176 1
134 180 1
134 562 1
134 773 1
135 153 1
135 171 1
135 192 1
135 196 1
136 163 1
136 168 1
136 173 1
136 187 1
136 238 1
136 306 1
136 861 1
136 886 1
137 148 1
137 149 1
137 152 1
137 155 1
138 153 1
138 158 1
138 165 1
138 180 1
138 827 1
138 872 1
139 143 1
139 175 1
139 178 1
139 319 1
139 776 1
139 834 1
140 165 1
140 171 1
140 193 1
140 284 1
141 157 1
141 168 1
141 186 1
141 190 1
141 922 1
142 155 1
142 158 1
142 161 1
142 269 1
142 868 1
143 156 1
143 165 1
143 174 1
143 189 1
143 194 1
144 158 1
144 165 1
144 174 1
144 175 1
144 973 1
145 147 1
145 152 1
145 166 1
145 182 1
146 168 1
146 186 1
146 195 1
146 772 1
146 779 1
146 821 1
147 164 1
147 189 1
147 669 1
147 773 1
148 188 1
148 429 1
148 627 1
148 759 1
148 902 1
149 193 1
149 732 1
150 185 1
150 779 1
150 834 1
150 936 1
151 195 1
151 281 1
151 993 1
152 175 1
152 181 1
152 239 1
152 383 1
152 821 1
152 970 1
153 166 1
153 167 1
153 177 1
153 181 1
153 182 1
153 197 1
153 352 1
153 476 1
153 856 1
154 173 1
154 178 1
154 185 1
154 191 1
154 492 1
154 971 1
154 997 1
155 169 1
155 181 1
155 255 1
156 160 1
156 167 1
156 719 1
157 158 1
157 165 1
157 168 1
157 172 1
157 180 1
157 228 1
157 344 1
157 645 1
158 164 1
158 292 1
158 350 1
158 622 1
158 985 1
159 530 1
159 598 1
159 733 1
159 838 1
160 183 1
160 200 1
160 454 1
160 774 1
161 195 1
161 660 1
161 779 1
161 940 1
162 387 1
162 509 1
162 667 1
163 288 1
163 468 1
163 733 1
164 426 1
165 174 1
165 285 1
165 560 1
165 727 1
166 181 1
166 184 1
166 195 1
166 197 1
167 176 1
167 178 1
167 182 1
167 241 1
167 945 1
168 205 1
168 290 1
168 324 1
168 747 1
168 869 1
169 172 1
169 853 1
170 198 1
170 224 1
172 241 1
172 342 1
172 355 1
172 679 1
173 179 1
173 722 1
174 198 1
174 314 1
174 340 1
174 632 1
174 819 1
175 186 1
175 191 1
175 356 1
175 877 1
175 923 1
175 924 1
176 180 1
176 183 1
176 873 1
176 911 1
177 188 1
177 238 1
177 861 1
178 186 1
178 803 1
179 192 1
179 197 1
179 515 1
179 755 1
179 947 1
180 196 1
180 250 1
180 814 1
180 859 1
182 199 1
182 253 1
183 784 1
184 238 1
184 243 1
185 192 1
185 197 1
185 365 1
185 491 1
185 804 1
185 895 1
186 195 1
186 196 1
186 199 1
187 198 1
187 928 1
188 776 1
189 198 1
190 192 1
190 612 1
190 788 1
190 911 1
191 194 1
191 199 1
191 501 1
192 323 1
192 849 1
193 938 1
194 198 1
194 199 1
194 200 1
194 311 1
194 348 1
194 516 1
194 984 1
195 197 1
195 273 1
195 886 1
196 485 1
196 731 1
196 852 1
196 933 1
197 256 1
197 423 1
199 539 1
200 454 1
200 626 1
201 216 1
201 250 1
201 269 1
201 701 1
202 252 1
202 280 1
202 299 1
202 379 1
202 598 1
203 262 1
203 277 1
203 371 1
203 910 1
204 226 1
204 236 1
204 244 1
204 266 1
204 290 1
204 295 1
204 595 1
204 903 1
205 206 1
205 207 1
205 215 1
205 219 1
205 234 1
205 247 1
205 253 1
205 277 1
205 278 1
205 667 1
206 236 1
206 267 1
206 269 1
206 433 1
206 795 1
206 831 1
207 213 1
207 244 1
207 245 1
207 264 1
207 655 1
208 223 1
208 225 1
208 230 1
208 259 1
208 260 1
208 265 1
208 271 1
208 273 1
208 285 1
208 286 1
208 496 1
209 210 1
209 216 1
209 217 1
209 710 1
209 988 1
210 211 1
210 217 1
210 218 1
210 235 1
210 284 1
211 220 1
211 263 1
211 281 1
211 288 1
211 509 1
212 226 1
212 304 1
212 308 1
212 415 1
212 496 1
213 253 1
213 256 1
213 350 1
213 718 1
213 737 1
214 218 1
214 228 1
214 280 1
214 287 1
214 375 1
214 647 1
214 842 1
215 274 1
215 284 1
215 387 1
215 769 1
216 296 1
216 298 1
216 749 1
216 832 1
217 282 1
218 221 1
218 222 1
218 234 1
218 242 1
218 255 1
218 272 1
218 275 1
218 276 1
218 413 1
219 220 1
219 221 1
219 230 1
219 262 1
219 264 1
219 274 1
219 281 1
219 492 1
219 555 1
219 670 1
219 731 1
219 775 1
219 953 1
219 999 1
220 249 1
220 287 1
220 288 1
220 372 1
220 528 1
221 236 1
221 237 1
221 246 1
221 269 1
221 287 1
221 292 1
222 244 1
222 284 1
222 289 1
222 290 1
222 291 1
222 294 1
223 250 1
223 285 1
223 297 1
224 244 1
224 252 1
225 235 1
225 263 1
225 282 1
225 300 1
225 314 1
226 271 1
226 276 1
226 522 1
226 736 1
227 731 1
227 897 1
228 247 1
228 261 1
228 555 1
229 230 1
229 300 1
229 731 1
230 231 1
230 239 1
230 263 1
230 274 1
230 291 1
230 299 1
230 663 1
231 234 1
231 252 1
231 258 1
231 421 1
231 690 1
231 779 1
232 246 1
232 284 1
232 514 1
233 255 1
233 290 1
233 299 1
233 401 1
233 761 1
234 288 1
234 986 1
235 247 1
235 287 1
235 361 1
235 750 1
236 240 1
236 256 1
236 257 1
236 285 1
236 294 1
237 286 1
238 241 1
238 253 1
238 885 1
239 268 1
239 276 1
239 296 1
240 243 1
240 254 1
240 259 1
240 267 1
240 286 1
240 295 1
240 297 1
240 604 1
240 724 1
241 252 1
241 282 1
241 286 1
241 702 1
241 772 1
241 967 1
242 250 1
242 256 1
242 261 1
242 271 1
242 274 1
242 289 1
242 551 1
243 254 1
243 263 1
243 267 1
243 289 1
243 305 1
243 443 1
243 543 1
244 255 1
244 272 1
244 278 1
244 318 1
244 352 1
244 836 1
245 256 1
245 264 1
245 863 1
246 279 1
246 294 1
246 830 1
246 832 1
247 257 1
247 272 1
247 276 1
247 283 1
247 537 1
247 577 1
247 848 1
247 891 1
247 938 1
248 292 1
248 295 1
248 556 1
249 261 1
249 296 1
250 261 1
250 262 1
250 278 1
250 283 1
251 266 1
251 280 1
251 290 1
251 498 1
251 974 1
252 259 1
252 923 1
253 256 1
253 278 1
253 281 1
253 386 1
253 895 1
254 292 1
254 293 1
254 389 1
254 404 1
255 261 1
255 270 1
255 294 1
255 358 1
255 979 1
256 843 1
257 282 1
257 298 1
257 382 1
258 289 1
259 581 1
259 804 1
260 264 1
260 824 1
261 266 1
261 279 1
261 524 1
261 569 1
261 937 1
262 266 1
262 272 1
262 274 1
263 279 1
263 283 1
263 302 1
263 379 1
263 386 1
263 742 1
263 817 1
264 282 1
264 623 1
265 281 1
265 287 1
265 595 1
266 275 1
266 282 1
266 479 1
267 268 1
267 292 1
267 296 1
267 297 1
267 592 1
268 274 1
268 279 1
268 281 1
268 288 1
268 569 1
269 300 1
269 535 1
269 885 1
269 922 1
270 285 1
270 286 1
270 292 1
270 325 1
270 570 1
270 841 1
271 274 1
271 630 1
272 826 1
273 277 1
273 295 1
273 811 1
274 425 1
274 972 1
275 278 1
275 291 1
275 657 1
276 286 1
276 358 1
276 545 1
277 828 1
277 883 1
277 958 1
278 910 1
278 974 1
279 803 1
279 949 1
280 295 1
281 291 1
281 585 1
282 699 1
282 796 1
283 285 1
283 649 1
283 991 1
284 286 1
284 350 1
285 540 1
285 775 1
285 784 1
287 839 1
287 956 1
288 292 1
288 293 1
288 390 1
289 295 1
289 606 1
289 659 1
289 668 1
289 923 1
290 380 1
290 559 1
291 293 1
291 335 1
291 345 1
291 758 1
293 297 1
293 389 1
293 413 1
293 554 1
293 793 1
294 626 1
294 696 1
295 411 1
295 808 1
296 837 1
298 971 1
299 305 1
299 643 1
299 774 1
300 692 1
300 828 1
301 303 1
301 313 1
301 326 1
301 328 1
301 357 1
301 413 1
302 307 1
302 324 1
302 340 1
302 351 1
302 380 1
302 391 1
302 395 1
302 455 1
302 510 1
302 676 1
302 902 1
303 371 1
303 390 1
303 393 1
303 395 1
303 584 1
304 336 1
304 339 1
304 358 1
304 363 1
304 368 1
304 386 1
304 823 1
305 306 1
305 375 1
306 332 1
306 359 1
306 372 1
306 388 1
306 916 1
307 337 1
307 362 1
307 366 1
307 374 1
307 389 1
307 468 1
307 804 1
308 313 1
308 321 1
308 332 1
308 340 1
308 343 1
308 353 1
308 355 1
308 372 1
308 381 1
308 390 1
308 551 1
309 330 1
309 340 1
309 350 1
309 355 1
310 325 1
310 333 1
310 346 1
310 385 1
310 739 1
311 321 1
311 372 1
311 392 1
312 326 1
312 344 1
312 353 1
312 354 1
312 376 1
312 499 1
312 668 1
312 721 1
313 343 1
313 364 1
313 389 1
313 390 1
313 400 1
313 696 1
314 324 1
314 329 1
314 351 1
314 353 1
314 382 1
314 385 1
315 321 1
315 367 1
316 344 1
316 351 1
316 376 1
316 468 1
316 505 1
317 341 1
317 364 1
317 375 1
318 323 1
319 335 1
319 363 1
319 373 1
319 374 1
320 322 1
320 324 1
320 326 1
320 356 1
320 365 1
320 369 1
320 376 1
320 382 1
320 398 1
320 501 1
320 525 1
321 325 1
321 368 1
321 369 1
321 371 1
321 387 1
321 967 1
322 326 1
322 337 1
322 391 1
322 396 1
322 878 1
323 364 1
323 380 1
323 395 1
323 433 1
323 893 1
324 348 1
324 358 1
324 360 1
324 362 1
324 364 1
324 375 1
324 385 1
324 731 1
324 818 1
325 334 1
325 355 1
325 365 1
325 368 1
325 383 1
325 399 1
326 367 1
326 395 1
326 423 1
327 400 1
328 395 1
329 373 1
329 385 1
329 393 1
329 394 1
330 344 1
330 349 1
330 368 1
330 372 1
330 376 1
330 378 1
330 729 1
331 344 1
331 352 1
331 357 1
331 370 1
331 371 1
331 380 1
331 383 1
333 348 1
333 349 1
333 366 1
333 374 1
333 380 1
333 392 1
333 515 1
334 349 1
334 369 1
334 375 1
334 608 1
335 366 1
335 376 1
335 378 1
335 381 1
335 394 1
336 352 1
336 366 1
336 384 1
336 387 1
337 348 1
337 350 1
337 368 1
337 400 1
337 737 1
338 354 1
338 367 1
338 386 1
339 606 1
340 391 1
340 397 1
340 858 1
341 348 1
341 359 1
341 386 1
342 351 1
342 356 1
342 367 1
342 370 1
342 445 1
343 348 1
343 361 1
343 377 1
343 438 1
343 788 1
343 901 1
344 362 1
344 710 1
345 426 1
345 569 1
346 383 1
346 385 1
346 527 1
347 390 1
347 933 1
348 366 1
348 378 1
348 389 1
348 400 1
349 367 1
349 370 1
349 373 1
349 515 1
349 991 1
350 351 1
350 360 1
351 369 1
351 371 1
351 375 1
351 391 1
351 397 1
351 704 1
351 996 1
352 357 1
352 372 1
352 375 1
352 386 1
353 365 1
353 366 1
353 374 1
353 378 1
353 502 1
353 679 1
354 592 1
354 725 1
355 356 1
355 358 1
355 378 1
355 389 1
356 392 1
356 447 1
356 644 1
356 657 1
358 372 1
358 394 1
358 683 1
358 932 1
358 951 1
359 362 1
359 377 1
359 379 1
359 384 1
359 542 1
359 625 1
359 774 1
360 398 1
361 371 1
361 388 1
361 937 1
362 382 1
362 391 1
362 395 1
362 545 1
363 376 1
364 365 1
364 366 1
364 374 1
364 395 1
366 379 1
366 391 1
366 393 1
366 721 1
366 810 1
367 369 1
367 388 1
367 398 1
368 373 1
368 374 1
368 463 1
368 576 1
369 387 1
369 580 1
369 696 1
370 385 1
370 387 1
370 728 1
370 963 1
371 708 1
372 376 1
372 392 1
374 379 1
374 584 1
375 382 1
375 389 1
375 397 1
375 847 1
376 415 1
377 378 1
378 384 1
378 530 1
379 391 1
379 567 1
379 916 1
380 647 1
380 801 1
381 384 1
381 394 1
381 576 1
382 391 1
382 395 1
382 398 1
382 580 1
382 943 1
383 400 1
383 997 1
384 402 1
384 592 1
384 875 1
385 388 1
385 626 1
386 392 1
386 443 1
386 996 1
387 389 1
387 395 1
388 395 1
388 421 1
389 496 1
389 890 1
390 396 1
390 722 1
391 399 1
392 416 1
392 757 1
393 977 1
394 400 1
396 655 1
397 516 1
397 896 1
399 612 1
401 435 1
401 477 1
401 478 1
401 839 1
401 842 1
402 420 1
402 423 1
402 435 1
402 439 1
402 448 1
402 465 1
402 476 1
402 484 1
402 499 1
402 695 1
403 414 1
403 415 1
403 471 1
403 487 1
403 492 1
403 850 1
403 877 1
404 409 1
404 428 1
404 439 1
404 461 1
404 463 1
404 680 1
405 415 1
405 459 1
405 464 1
405 469 1
405 487 1
405 490 1
406 469 1
406 471 1
406 488 1
406 940 1
407 485 1
407 487 1
407 500 1
407 675 1
407 823 1
407 911 1
408 410 1
408 411 1
408 425 1
408 435 1
408 444 1
408 445 1
408 449 1
408 450 1
408 455 1
408 470 1
408 476 1
408 874 1
408 994 1
409 413 1
409 423 1
409 428 1
409 446 1
409 451 1
409 453 1
409 460 1
409 463 1
409 718 1
409 861 1
409 887 1
410 416 1
410 428 1
410 440 1
411 425 1
411 428 1
411 434 1
411 457 1
411 474 1
412 471 1
412 536 1
413 419 1
413 426 1
413 478 1
413 586 1
414 422 1
414 423 1
414 430 1
414 435 1
414 438 1
414 446 1
414 482 1
414 490 1
414 872 1
414 942 1
415 422 1
415 427 1
415 450 1
415 453 1
415 461 1
415 482 1
415 487 1
415 491 1
415 497 1
415 749 1
415 947 1
416 431 1
416 442 1
416 455 1
416 460 1
416 484 1
416 694 1
417 447 1
417 476 1
417 486 1
417 750 1
418 450 1
418 466 1
418 484 1
418 496 1
418 499 1
418 724 1
419 425 1
419 435 1
419 467 1
419 494 1
420 421 1
420 430 1
420 431 1
420 448 1
420 490 1
421 443 1
421 445 1
421 477 1
421 495 1
421 497 1
421 565 1
422 476 1
422 478 1
422 490 1
422 702 1
422 798 1
423 434 1
423 464 1
423 467 1
423 469 1
423 470 1
424 428 1
424 468 1
424 470 1
424 494 1
424 500 1
424 635 1
425 427 1
425 444 1
425 457 1
425 461 1
425 493 1
425 496 1
425 498 1
425 547 1
426 427 1
426 439 1
426 444 1
426 462 1
426 465 1
426 495 1
426 496 1
426 752 1
427 431 1
427 439 1
427 445 1
427 488 1
427 491 1
427 569 1
428 429 1
428 460 1
428 464 1
428 581 1
428 645 1
428 716 1
428 894 1
429 445 1
429 459 1
429 495 1
429 497 1
429 498 1
429 578 1
429 862 1
430 478 1
430 567 1
430 723 1
431 490 1
432 435 1
432 459 1
432 467 1
432 474 1
432 480 1
432 633 1
432 971 1
433 445 1
433 450 1
433 482 1
434 443 1
434 450 1
434 459 1
434 464 1
434 470 1
434 494 1
434 530 1
435 475 1
435 482 1
435 684 1
435 964 1
436 465 1
436 477 1
436 591 1
437 476 1
437 496 1
437 499 1
437 850 1
437 866 1
438 440 1
438 445 1
438 471 1
438 477 1
438 491 1
438 500 1
438 675 1
438 754 1
439 467 1
439 955 1
440 443 1
440 450 1
440 452 1
440 453 1
440 739 1
441 458 1
441 486 1
441 714 1
442 476 1
442 583 1
442 660 1
442 815 1
443 468 1
443 497 1
443 874 1
443 885 1
444 445 1
444 449 1
444 458 1
444 495 1
444 499 1
444 632 1
444 894 1
444 925 1
445 472 1
445 476 1
445 477 1
445 679 1
445 749 1
446 479 1
447 558 1
448 471 1
449 456 1
449 475 1
449 477 1
449 728 1
450 494 1
450 497 1
450 500 1
450 846 1
452 482 1
452 496 1
452 497 1
452 798 1
452 859 1
452 928 1
453 487 1
454 481 1
454 486 1
454 492 1
454 740 1
455 499 1
455 644 1
456 469 1
456 473 1
456 474 1
457 495 1
457 496 1
458 839 1
459 461 1
459 487 1
459 707 1
459 718 1
459 787 1
460 490 1
461 489 1
461 684 1
461 710 1
461 798 1
463 471 1
463 484 1
463 495 1
463 645 1
463 783 1
463 998 1
464 471 1
464 481 1
464 628 1
464 854 1
465 470 1
466 482 1
466 484 1
467 475 1
467 484 1
467 494 1
468 485 1
468 594 1
468 681 1
468 857 1
469 483 1
469 490 1
469 571 1
470 494 1
470 983 1
472 473 1
472 488 1
472 494 1
472 497 1
472 590 1
474 489 1
475 486 1
475 490 1
476 485 1
476 496 1
476 497 1
477 500 1
478 488 1
478 494 1
478 548 1
479 863 1
480 500 1
480 532 1
480 952 1
481 490 1
481 494 1
481 500 1
482 493 1
483 484 1
483 583 1
483 741 1
485 492 1
486 546 1
486 678 1
487 489 1
487 492 1
487 517 1
487 629 1
487 770 1
487 902 1
488 494 1
489 638 1
489 733 1
490 641 1
490 752 1
490 940 1
491 948 1
492 580 1
493 526 1
495 700 1
500 531 1
500 967 1
501 538 1
501 556 1
501 573 1
501 582 1
501 666 1
501 852 1
502 518 1
502 521 1
502 571 1
502 742 1
503 553 1
503 578 1
503 591 1
503 688 1
503 699 1
504 534 1
504 540 1
504 544 1
504 546 1
504 547 1
504 555 1
504 556 1
504 591 1
504 594 1
504 599 1
505 537 1
505 549 1
505 558 1
505 559 1
505 564 1
505 565 1
505 580 1
505 589 1
506 539 1
506 550 1
506 569 1
506 570 1
506 588 1
506 589 1
506 734 1
506 926 1
507 515 1
507 524 1
507 546 1
507 550 1
507 580 1
507 597 1
507 976 1
507 998 1
508 527 1
508 528 1
508 535 1
508 569 1
508 596 1
508 599 1
509 515 1
509 540 1
509 542 1
509 568 1
509 581 1
510 555 1
511 530 1
511 575 1
511 576 1
511 964 1
512 519 1
512 523 1
512 548 1
512 565 1
512 643 1
512 832 1
513 556 1
514 551 1
514 566 1
514 568 1
514 570 1
514 589 1
514 847 1
515 541 1
515 544 1
515 551 1
515 568 1
515 570 1
515 574 1
515 579 1
515 586 1
515 597 1
515 669 1
516 528 1
516 539 1
516 542 1
516 544 1
516 561 1
516 570 1
517 538 1
517 547 1
517 557 1
517 562 1
517 591 1
517 593 1
517 616 1
518 524 1
518 528 1
518 546 1
518 550 1
518 574 1
518 582 1
518 589 1
518 913 1
519 522 1
519 535 1
519 536 1
519 540 1
519 552 1
519 574 1
519 588 1
519 596 1
520 523 1
520 569 1
520 575 1
520 613 1
521 565 1
521 834 1
522 525 1
522 527 1
522 554 1
522 575 1
522 587 1
523 524 1
523 560 1
523 576 1
523 593 1
523 791 1
523 909 1
524 526 1
524 806 1
525 528 1
525 531 1
525 532 1
525 538 1
525 545 1
525 573 1
526 530 1
526 533 1
526 536 1
526 544 1
526 545 1
526 583 1
527 581 1
527 600 1
527 912 1
528 537 1
528 546 1
528 547 1
528 551 1
528 555 1
528 559 1
528 591 1
528 598 1
529 563 1
530 581 1
530 583 1
530 585 1
530 597 1
530 598 1
530 776 1
530 779 1
531 549 1
531 590 1
532 551 1
532 570 1
532 595 1
532 785 1
533 537 1
533 540 1
533 547 1
533 578 1
533 675 1
533 750 1
534 581 1
534 589 1
534 595 1
534 878 1
534 996 1
535 553 1
535 558 1
535 563 1
535 569 1
535 701 1
535 739 1
535 790 1
535 833 1
536 542 1
536 546 1
536 572 1
537 554 1
537 572 1
537 585 1
537 588 1
538 552 1
538 592 1
538 596 1
538 600 1
538 770 1
538 913 1
539 568 1
539 594 1
539 596 1
540 542 1
540 553 1
540 574 1
540 594 1
540 911 1
541 555 1
541 560 1
541 571 1
541 575 1
541 584 1
541 599 1
541 834 1
541 879 1
541 965 1
542 597 1
543 570 1
543 582 1
543 589 1
543 685 1
544 561 1
545 554 1
545 614 1
546 566 1
546 576 1
547 594 1
547 599 1
548 554 1
548 575 1
548 591 1
548 596 1
549 582 1
549 599 1
549 706 1
549 758 1
550 667 1
550 950 1
551 586 1
551 590 1
553 586 1
553 587 1
553 590 1
553 761 1
554 570 1
554 572 1
554 584 1
554 585 1
554 590 1
554 766 1
554 795 1
555 557 1
555 576 1
555 580 1
555 583 1
555 646 1
555 841 1
556 561 1
556 583 1
556 596 1
556 598 1
556 722 1
557 570 1
557 575 1
557 576 1
557 580 1
557 592 1
557 594 1
558 561 1
559 572 1
559 993 1
560 573 1
560 596 1
561 564 1
561 575 1
561 595 1
561 596 1
562 570 1
562 842 1
563 582 1
563 583 1
564 566 1
564 581 1
565 568 1
566 588 1
567 570 1
567 580 1
567 591 1
567 874 1
569 573 1
570 574 1
570 863 1
571 911 1
572 599 1
572 921 1
572 948 1
573 577 1
573 587 1
574 614 1
575 655 1
576 666 1
576 842 1
577 655 1
578 581 1
578 584 1
578 585 1
579 596 1
579 638 1
580 589 1
580 986 1
581 594 1
581 597 1
581 989 1
582 590 1
584 987 1
585 703 1
586 624 1
586 678 1
587 598 1
587 715 1
590 591 1
590 597 1
590 719 1
591 690 1
591 722 1
591 823 1
592 596 1
594 597 1
594 599 1
594 825 1
595 598 1
595 613 1
598 903 1
599 683 1
599 799 1
601 641 1
601 694 1
602 608 1
602 630 1
602 640 1
602 647 1
602 649 1
602 650 1
602 662 1
602 697 1
602 802 1
603 605 1
603 645 1
603 655 1
603 659 1
603 670 1
603 738 1
604 628 1
604 643 1
604 661 1
604 665 1
604 680 1
604 682 1
604 777 1
605 622 1
605 638 1
605 663 1
605 676 1
605 696 1
605 796 1
606 608 1
606 622 1
606 647 1
606 648 1
606 650 1
606 682 1
606 686 1
606 689 1
606 699 1
606 858 1
607 620 1
608 637 1
608 639 1
608 644 1
608 712 1
609 645 1
609 678 1
609 688 1
609 905 1
610 621 1
610 649 1
610 660 1
610 666 1
610 670 1
610 672 1
610 694 1
611 625 1
611 658 1
611 661 1
611 669 1
611 671 1
611 686 1
611 937 1
612 619 1
612 634 1
612 676 1
612 701 1
612 774 1
613 636 1
613 642 1
613 669 1
614 628 1
614 653 1
614 672 1
615 625 1
615 626 1
615 654 1
615 659 1
615 661 1
615 681 1
615 913 1
616 631 1
616 665 1
616 671 1
616 791 1
617 636 1
617 638 1
617 676 1
617 677 1
617 690 1
617 699 1
617 833 1
618 633 1
618 665 1
618 673 1
619 631 1
619 645 1
619 669 1
619 694 1
619 727 1
619 843 1
620 621 1
620 639 1
620 644 1
620 651 1
620 660 1
620 668 1
620 694 1
621 633 1
621 654 1
621 658 1
621 661 1
621 676 1
621 691 1
622 636 1
622 693 1
622 774 1
623 648 1
623 650 1
623 659 1
623 679 1
623 866 1
624 640 1
624 644 1
624 650 1
624 696 1
625 650 1
625 659 1
625 668 1
625 690 1
625 696 1
625 959 1
626 660 1
626 671 1
626 676 1
626 690 1
626 693 1
627 632 1
627 650 1
627 699 1
628 637 1
628 647 1
628 651 1
628 689 1
628 693 1
628 697 1
629 688 1
629 694 1
630 633 1
630 637 1
630 645 1
630 692 1
631 644 1
631 646 1
631 679 1
632 656 1
632 673 1
632 681 1
632 693 1
633 642 1
633 666 1
634 636 1
634 641 1
634 648 1
634 664 1
634 667 1
634 672 1
634 677 1
635 638 1
635 662 1
635 678 1
636 645 1
636 670 1
636 672 1
636 693 1
636 844 1
636 920 1
637 662 1
637 689 1
637 696 1
637 698 1
638 647 1
638 659 1
638 661 1
638 662 1
638 689 1
638 690 1
638 767 1
638 853 1
639 686 1
639 687 1
639 757 1
640 665 1
640 995 1
641 664 1
641 674 1
641 695 1
641 915 1
641 940 1
642 655 1
642 659 1
642 888 1
643 646 1
643 667 1
643 689 1
644 652 1
644 659 1
644 665 1
644 697 1
645 652 1
645 669 1
645 671 1
645 745 1
645 857 1
646 657 1
646 665 1
646 675 1
646 676 1
646 684 1
646 931 1
647 669 1
647 679 1
648 660 1
648 672 1
648 685 1
648 686 1
649 660 1
649 664 1
650 662 1
650 672 1
650 759 1
650 824 1
650 873 1
651 670 1
652 693 1
653 675 1
653 690 1
653 879 1
654 662 1
654 679 1
655 675 1
655 696 1
656 666 1
657 686 1
657 808 1
658 665 1
658 698 1
658 790 1
658 810 1
659 674 1
659 692 1
659 694 1
659 850 1
660 665 1
660 674 1
661 695 1
662 691 1
662 696 1
662 816 1
662 997 1
663 690 1
663 915 1
663 993 1
664 671 1
664 932 1
665 683 1
666 669 1
666 682 1
666 684 1
666 694 1
667 668 1
667 680 1
667 695 1
667 768 1
667 904 1
668 675 1
668 689 1
669 674 1
669 692 1
669 910 1
670 676 1
672 735 1
673 686 1
673 691 1
674 688 1
674 804 1
675 715 1
676 686 1
676 776 1
677 687 1
678 680 1
678 687 1
678 697 1
679 707 1
679 760 1
680 700 1
681 697 1
681 921 1
682 693 1
683 696 1
683 994 1
686 694 1
687 700 1
688 690 1
688 874 1
689 852 1
690 904 1
691 692 1
691 695 1
693 852 1
694 695 1
696 700 1
698 993 1
699 981 1
701 703 1
701 711 1
701 745 1
701 772 1
702 776 1
702 790 1
702 808 1
703 716 1
703 728 1
703 753 1
703 759 1
703 793 1
703 797 1
704 720 1
704 766 1
704 793 1
704 880 1
705 712 1
705 724 1
705 736 1
705 745 1
705 755 1
705 761 1
705 766 1
705 772 1
705 795 1
706 736 1
706 741 1
706 751 1
707 773 1
707 781 1
707 784 1
708 721 1
708 726 1
708 739 1
708 769 1
708 793 1
708 855 1
709 711 1
709 727 1
709 745 1
709 754 1
709 766 1
709 800 1
710 719 1
710 720 1
710 734 1
710 743 1
710 761 1
710 768 1
710 769 1
711 717 1
711 731 1
711 734 1
711 748 1
711 769 1
711 770 1
712 735 1
712 740 1
712 765 1
712 794 1
713 719 1
713 746 1
713 749 1
713 794 1
714 728 1
714 731 1
714 760 1
714 775 1
714 800 1
715 719 1
715 721 1
715 753 1
715 754 1
715 768 1
715 776 1
715 786 1
716 737 1
716 762 1
716 792 1
716 794 1
716 796 1
717 725 1
717 728 1
717 734 1
717 793 1
718 754 1
718 796 1
718 798 1
718 983 1
719 727 1
719 736 1
719 763 1
719 779 1
720 759 1
720 765 1
720 766 1
720 772 1
721 744 1
721 747 1
721 775 1
721 788 1
722 730 1
722 754 1
722 765 1
722 786 1
723 729 1
723 733 1
723 736 1
723 743 1
725 737 1
725 753 1
725 755 1
725 982 1
726 749 1
726 754 1
726 778 1
726 798 1
727 762 1
727 799 1
727 877 1
728 730 1
728 737 1
728 750 1
728 771 1
728 787 1
728 797 1
729 744 1
729 748 1
729 774 1
729 787 1
730 731 1
730 738 1
730 766 1
730 767 1
730 779 1
730 794 1
730 798 1
731 737 1
731 745 1
731 749 1
731 945 1
732 739 1
732 740 1
732 772 1
732 786 1
732 882 1
733 735 1
733 767 1
733 776 1
734 753 1
734 776 1
734 966 1
735 747 1
735 756 1
735 760 1
735 762 1
736 760 1
736 794 1
736 883 1
737 746 1
737 752 1
738 769 1
738 770 1
738 784 1
739 750 1
739 764 1
739 780 1
739 791 1
740 746 1
741 751 1
741 753 1
741 761 1
741 771 1
741 777 1
742 760 1
742 780 1
742 787 1
742 790 1
742 795 1
743 758 1
743 760 1
743 771 1
743 790 1
743 798 1
743 813 1
744 751 1
744 880 1
745 786 1
745 925 1
746 772 1
746 951 1
747 751 1
747 753 1
747 760 1
748 761 1
748 790 1
748 794 1
749 763 1
749 766 1
749 787 1
750 758 1
750 781 1
750 796 1
750 948 1
751 756 1
751 771 1
752 769 1
752 771 1
752 785 1
753 763 1
753 860 1
754 761 1
754 767 1
754 769 1
754 775 1
754 781 1
755 792 1
755 928 1
756 777 1
756 794 1
756 879 1
756 893 1
757 780 1
757 890 1
758 769 1
758 770 1
758 787 1
758 794 1
758 798 1
758 869 1
758 923 1
759 783 1
759 916 1
760 790 1
760 798 1
762 781 1
762 878 1
762 919 1
764 766 1
765 784 1
766 784 1
766 789 1
766 798 1
767 770 1
767 858 1
767 946 1
769 795 1
770 771 1
770 777 1
770 790 1
771 772 1
771 789 1
771 941 1
773 797 1
774 789 1
776 790 1
777 780 1
778 782 1
779 782 1
779 788 1
779 789 1
779 885 1
780 993 1
781 797 1
782 784 1
782 786 1
782 787 1
782 791 1
783 794 1
783 799 1
783 943 1
784 833 1
785 788 1
786 796 1
787 791 1
787 863 1
788 993 1
791 906 1
793 971 1
794 949 1
796 797 1
798 967 1
799 961 1
801 830 1
801 850 1
801 868 1
801 895 1
802 823 1
802 896 1
803 810 1
803 837 1
803 843 1
803 864 1
803 870 1
803 904 1
804 818 1
804 821 1
804 824 1
804 825 1
804 857 1
804 863 1
804 866 1
805 815 1
805 836 1
805 850 1
805 856 1
805 876 1
805 878 1
806 835 1
806 855 1
806 859 1
806 873 1
806 877 1
806 881 1
806 889 1
806 891 1
807 840 1
807 844 1
807 847 1
807 871 1
807 886 1
807 887 1
808 815 1
808 833 1
808 837 1
808 847 1
808 849 1
808 890 1
809 811 1
809 852 1
810 820 1
810 833 1
810 850 1
810 872 1
811 847 1
811 863 1
811 880 1
811 968 1
812 866 1
812 873 1
812 896 1
813 825 1
813 854 1
813 892 1
814 825 1
814 826 1
814 835 1
814 838 1
814 839 1
814 858 1
814 865 1
814 868 1
815 833 1
815 854 1
815 869 1
815 884 1
816 848 1
816 866 1
816 868 1
816 882 1
816 892 1
817 823 1
817 847 1
817 851 1
817 868 1
817 871 1
817 886 1
817 924 1
818 832 1
818 841 1
818 842 1
818 854 1
819 824 1
819 840 1
819 846 1
819 852 1
819 867 1
819 872 1
819 892 1
821 833 1
821 840 1
821 856 1
821 863 1
821 880 1
822 893 1
822 896 1
823 870 1
823 895 1
824 837 1
824 843 1
824 851 1
824 869 1
824 877 1
824 920 1
824 948 1
825 830 1
825 860 1
825 863 1
825 867 1
826 846 1
826 850 1
826 887 1
826 896 1
826 969 1
827 855 1
827 883 1
827 886 1
828 888 1
829 832 1
829 838 1
829 844 1
829 856 1
829 869 1
830 834 1
830 837 1
830 844 1
830 853 1
830 859 1
830 866 1
830 869 1
831 850 1
831 851 1
831 855 1
831 874 1
831 883 1
831 886 1
831 898 1
832 885 1
833 870 1
833 991 1
834 835 1
834 838 1
834 849 1
834 853 1
834 867 1
834 886 1
834 890 1
835 851 1
835 871 1
835 885 1
835 914 1
836 837 1
836 840 1
836 878 1
837 864 1
838 842 1
838 869 1
838 886 1
838 888 1
839 863 1
839 873 1
839 884 1
840 879 1
840 895 1
840 931 1
841 881 1
841 892 1
841 893 1
842 846 1
842 851 1
844 860 1
844 867 1
844 895 1
845 886 1
846 896 1
847 861 1
847 866 1
847 899 1
848 904 1
849 851 1
849 875 1
849 885 1
849 887 1
849 958 1
851 871 1
851 875 1
852 863 1
852 869 1
852 874 1
852 897 1
854 880 1
855 888 1
856 868 1
856 879 1
856 883 1
857 892 1
857 896 1
858 867 1
858 869 1
858 871 1
858 898 1
859 864 1
859 875 1
859 884 1
860 866 1
860 871 1
860 894 1
860 975 1
861 865 1
861 873 1
861 890 1
862 870 1
862 892 1
863 886 1
863 889 1
863 893 1
864 877 1
864 889 1
864 890 1
865 869 1
865 923 1
867 897 1
868 892 1
868 894 1
869 897 1
870 886 1
873 885 1
873 897 1
875 882 1
875 884 1
876 877 1
876 881 1
876 891 1
877 885 1
880 884 1
881 886 1
881 887 1
881 889 1
881 894 1
883 884 1
883 898 1
884 887 1
887 889 1
887 895 1
888 897 1
889 895 1
889 909 1
891 893 1
891 898 1
894 917 1
900 936 1
901 908 1
901 912 1
901 946 1
901 973 1
901 974 1
901 979 1
901 1000 1
902 919 1
902 928 1
902 986 1
903 908 1
903 910 1
903 970 1
903 983 1
904 921 1
904 938 1
905 928 1
905 945 1
905 958 1
905 976 1
906 957 1
906 979 1
906 982 1
906 996 1
907 931 1
907 932 1
907 945 1
907 949 1
907 960 1
907 981 1
908 965 1
908 971 1
908 999 1
909 912 1
909 921 1
909 935 1
909 946 1
909 986 1
910 919 1
910 936 1
910 959 1
910 965 1
911 926 1
911 929 1
911 955 1
911 959 1
911 977 1
911 978 1
911 991 1
912 920 1
912 981 1
912 990 1
912 1000 1
913 952 1
913 960 1
913 964 1
913 971 1
913 989 1
913 992 1
914 917 1
914 974 1
914 1000 1
915 922 1
915 931 1
915 944 1
915 951 1
915 956 1
915 982 1
915 999 1
916 929 1
916 930 1
916 933 1
916 962 1
916 964 1
916 980 1
916 987 1
917 921 1
917 994 1
918 943 1
918 969 1
918 979 1
918 983 1
918 992 1
918 1000 1
919 943 1
919 946 1
919 986 1
920 930 1
920 974 1
920 993 1
920 994 1
920 1000 1
921 959 1
921 970 1
921 986 1
922 967 1
922 987 1
923 939 1
923 966 1
923 974 1
923 989 1
923 996 1
924 925 1
924 942 1
924 963 1
924 973 1
924 993 1
924 1000 1
925 929 1
925 931 1
925 953 1
925 968 1
926 935 1
926 941 1
926 956 1
926 978 1
927 940 1
927 941 1
927 950 1
927 991 1
928 933 1
928 939 1
928 950 1
928 964 1
928 968 1
928 970 1
928 998 1
928 999 1
929 947 1
930 935 1
930 961 1
930 966 1
930 969 1
930 984 1
930 985 1
930 986 1
930 997 1
930 998 1
931 934 1
931 939 1
931 971 1
932 936 1
932 979 1
932 986 1
932 993 1
933 955 1
933 960 1
934 936 1
934 944 1
934 946 1
934 964 1
934 969 1
934 976 1
934 984 1
935 964 1
935 984 1
936 938 1
936 960 1
937 943 1
937 962 1
937 967 1
937 981 1
937 994 1
939 964 1
939 970 1
939 983 1
940 942 1
941 996 1
942 955 1
942 976 1
943 986 1
944 985 1
944 995 1
945 957 1
945 969 1
945 974 1
945 986 1
945 989 1
945 993 1
946 958 1
946 996 1
947 985 1
947 994 1
947 1000 1
948 979 1
948 980 1
948 992 1
949 952 1
949 959 1
949 961 1
949 968 1
949 997 1
949 1000 1
950 969 1
950 982 1
951 966 1
951 976 1
952 979 1
952 986 1
953 996 1
953 998 1
954 965 1
954 984 1
955 978 1
956 967 1
956 980 1
958 977 1
960 989 1
961 968 1
961 970 1
962 964 1
962 981 1
963 971 1
963 987 1
963 998 1
964 970 1
965 998 1
965 1000 1
966 969 1
967 978 1
967 989 1
967 999 1
968 970 1
969 972 1
970 972 1
971 972 1
971 975 1
971 980 1
971 995 1
972 976 1
972 984 1
973 984 1
975 987 1
975 993 1
977 1000 1
978 990 1
978 991 1
978 998 1
979 981 1
979 995 1
980 992 1
981 988 1
982 984 1
982 990 1
983 984 1
986 995 1
988 995 1
