1000 3369
1 7 1
1 14 1
1 37 1
1 41 1
1 53 1
1 64 1
1 72 1
1 301 1
1 531 1
2 26 1
2 29 1
2 73 1
2 82 1
2 99 1
3 11 1
3 13 1
3 36 1
3 53 1
3 105 1
4 25 1
4 66 1
4 67 1
4 69 1
4 698 1
5 6 1
5 22 1
5 23 1
5 74 1
5 79 1
5 419 1
5 529 1
6 13 1
6 54 1
6 75 1
6 91 1
6 100 1
6 282 1
6 360 1
6 460 1
6 492 1
6 964 1
6 992 1
7 45 1
7 59 1
7 66 1
7 175 1
7 366 1
7 734 1
8 26 1
8 68 1
8 76 1
8 78 1
8 79 1
8 89 1
8 507 1
8 565 1
9 31 1
9 56 1
9 67 1
9 72 1
9 839 1
10 45 1
10 76 1
10 80 1
10 85 1
10 301 1
11 20 1
11 42 1
11 95 1
11 207 1
12 13 1
12 24 1
12 26 1
12 87 1
12 400 1
12 639 1
13 15 1
13 62 1
13 67 1
13 417 1
14 17 1
14 79 1
14 163 1
14 441 1
15 21 1
15 23 1
15 44 1
15 63 1
15 66 1
15 73 1
15 93 1
16 30 1
16 64 1
16 85 1
16 134 1
16 250 1
16 718 1
17 44 1
17 59 1
17 60 1
17 77 1
17 87 1
17 89 1
17 98 1
17 831 1
17 984 1
18 22 1
18 70 1
18 72 1
18 80 1
18 82 1
18 510 1
18 701 1
19 49 1
19 77 1
19 136 1
19 594 1
20 30 1
20 56 1
20 81 1
20 296 1
20 406 1
21 60 1
21 85 1
21 223 1
22 43 1
22 47 1
22 81 1
22 960 1
23 45 1
23 52 1
23 57 1
23 61 1
23 75 1
23 938 1
24 65 1
24 69 1
24 79 1
24 926 1
25 49 1
25 71 1
25 82 1
25 100 1
25 669 1
25 718 1
26 36 1
26 66 1
26 67 1
26 73 1
26 78 1
26 94 1
26 244 1
26 667 1
26 674 1
26 746 1
26 809 1
26 885 1
27 58 1
27 83 1
28 39 1
28 43 1
28 64 1
29 40 1
29 57 1
29 91 1
29 388 1
29 547 1
30 50 1
30 61 1
30 64 1
30 190 1
30 415 1
30 567 1
31 37 1
31 48 1
31 93 1
31 142 1
31 477 1
31 864 1
31 888 1
31 906 1
32 35 1
32 45 1
32 52 1
32 373 1
32 881 1
33 36 1
33 40 1
33 51 1
33 54 1
33 59 1
33 99 1
33 280 1
33 476 1
33 477 1
33 608 1
33 692 1
34 35 1
34 58 1
34 63 1
34 95 1
34 166 1
35 82 1
35 339 1
35 484 1
36 72 1
36 81 1
36 92 1
36 99 1
36 100 1
36 890 1
37 42 1
37 53 1
37 61 1
37 85 1
37 92 1
37 419 1
38 53 1
38 215 1
38 400 1
38 475 1
39 40 1
39 47 1
39 57 1
39 82 1
39 83 1
39 462 1
39 991 1
40 53 1
40 66 1
40 68 1
40 307 1
40 766 1
41 80 1
42 54 1
42 63 1
42 91 1
42 307 1
42 704 1
42 775 1
43 45 1
43 49 1
43 81 1
43 122 1
43 804 1
44 51 1
45 94 1
45 132 1
45 528 1
45 860 1
46 52 1
46 134 1
47 55 1
47 65 1
47 72 1
48 54 1
48 56 1
48 67 1
48 78 1
48 152 1
48 626 1
49 62 1
49 63 1
49 73 1
49 77 1
49 82 1
49 89 1
49 92 1
49 529 1
50 54 1
50 65 1
50 72 1
50 85 1
50 218 1
50 364 1
50 424 1
50 440 1
50 474 1
50 893 1
51 56 1
51 100 1
51 573 1
52 66 1
52 95 1
52 811 1
53 80 1
53 177 1
53 459 1
53 975 1
54 61 1
54 69 1
54 82 1
54 83 1
54 92 1
54 899 1
55 59 1
55 61 1
55 66 1
55 86 1
55 316 1
56 80 1
57 99 1
57 626 1
58 61 1
58 89 1
58 222 1
58 413 1
59 98 1
60 62 1
60 69 1
60 74 1
60 120 1
60 223 1
61 64 1
61 95 1
62 97 1
62 824 1
63 68 1
63 88 1
63 218 1
63 367 1
63 428 1
63 649 1
63 770 1
64 85 1
64 91 1
64 99 1
64 105 1
64 196 1
64 802 1
65 100 1
65 184 1
65 438 1
66 69 1
66 77 1
66 83 1
66 284 1
66 432 1
66 495 1
67 70 1
67 83 1
67 97 1
68 123 1
68 287 1
68 724 1
69 85 1
69 121 1
69 151 1
69 371 1
70 76 1
70 87 1
70 452 1
70 513 1
71 173 1
72 87 1
72 91 1
72 95 1
72 144 1
72 253 1
72 820 1
73 79 1
73 80 1
73 84 1
73 349 1
73 564 1
73 998 1
74 80 1
74 219 1
74 838 1
75 99 1
75 801 1
76 83 1
76 85 1
76 357 1
76 620 1
77 85 1
77 96 1
77 100 1
77 746 1
77 970 1
78 84 1
78 328 1
78 871 1
78 987 1
79 86 1
80 143 1
80 741 1
80 781 1
81 83 1
81 91 1
81 393 1
81 535 1
82 339 1
82 599 1
82 914 1
83 241 1
83 264 1
83 693 1
84 87 1
84 100 1
85 97 1
85 162 1
85 634 1
85 697 1
86 91 1
86 181 1
87 237 1
87 598 1
88 528 1
88 857 1
89 95 1
90 738 1
91 893 1
92 99 1
92 377 1
92 716 1
93 97 1
93 244 1
93 367 1
93 842 1
94 98 1
95 100 1
95 535 1
95 569 1
95 572 1
95 600 1
95 865 1
96 224 1
96 300 1
97 227 1
97 463 1
99 611 1
100 475 1
101 121 1
101 170 1
101 174 1
101 179 1
101 311 1
101 568 1
102 106 1
102 120 1
102 131 1
102 143 1
102 381 1
103 118 1
103 176 1
103 185 1
103 186 1
103 195 1
103 517 1
104 120 1
104 128 1
104 139 1
104 600 1
104 668 1
105 109 1
105 156 1
105 157 1
105 178 1
105 179 1
105 183 1
105 188 1
105 198 1
105 250 1
105 568 1
105 743 1
106 107 1
106 120 1
106 128 1
106 155 1
106 193 1
107 146 1
107 190 1
107 917 1
108 114 1
108 117 1
108 119 1
108 124 1
108 135 1
108 149 1
108 150 1
108 167 1
108 193 1
108 569 1
108 656 1
108 925 1
109 121 1
109 159 1
109 162 1
109 186 1
109 192 1
109 194 1
109 198 1
109 256 1
109 571 1
110 117 1
110 120 1
110 131 1
110 151 1
110 154 1
110 183 1
111 130 1
111 164 1
111 169 1
112 164 1
113 121 1
113 124 1
113 125 1
113 141 1
113 156 1
113 190 1
113 196 1
113 403 1
113 708 1
113 724 1
113 727 1
114 120 1
114 134 1
114 144 1
115 154 1
115 177 1
115 182 1
115 199 1
115 713 1
116 121 1
116 163 1
116 168 1
116 171 1
116 983 1
117 121 1
117 134 1
117 136 1
117 164 1
117 189 1
118 120 1
118 152 1
118 376 1
118 823 1
118 936 1
118 994 1
119 156 1
119 177 1
119 191 1
119 209 1
119 321 1
119 599 1
120 124 1
120 161 1
120 168 1
120 323 1
120 430 1
121 169 1
121 177 1
121 185 1
121 387 1
121 423 1
122 185 1
122 186 1
123 126 1
123 133 1
123 170 1
123 171 1
124 125 1
124 141 1
124 164 1
124 165 1
124 175 1
124 193 1
124 413 1
124 846 1
125 131 1
125 150 1
125 155 1
125 176 1
125 180 1
125 200 1
125 972 1
126 132 1
126 133 1
126 140 1
126 185 1
126 485 1
127 137 1
127 649 1
128 138 1
128 157 1
128 182 1
128 186 1
128 191 1
128 256 1
128 491 1
128 605 1
129 141 1
129 159 1
129 193 1
129 284 1
129 410 1
129 724 1
129 844 1
130 140 1
130 154 1
130 158 1
130 196 1
130 829 1
131 184 1
131 291 1
131 667 1
131 706 1
132 157 1
132 452 1
132 922 1
133 175 1
133 657 1
134 155 1
134 178 1
134 182 1
134 183 1
134 892 1
135 517 1
135 683 1
136 146 1
136 171 1
136 174 1
136 177 1
137 197 1
137 397 1
137 944 1
138 156 1
138 171 1
139 147 1
139 166 1
139 171 1
139 196 1
139 205 1
139 213 1
139 270 1
139 283 1
139 464 1
139 537 1
140 151 1
140 164 1
140 167 1
140 299 1
140 956 1
141 148 1
141 156 1
141 158 1
141 184 1
141 196 1
141 304 1
141 929 1
142 159 1
142 167 1
142 171 1
142 192 1
142 247 1
142 450 1
142 631 1
143 152 1
143 155 1
143 175 1
143 203 1
143 346 1
144 148 1
144 155 1
144 170 1
144 197 1
144 531 1
145 159 1
145 169 1
145 460 1
145 638 1
145 678 1
146 168 1
146 189 1
146 190 1
146 528 1
146 738 1
147 179 1
147 651 1
147 749 1
147 827 1
148 179 1
148 626 1
149 156 1
149 168 1
149 176 1
149 179 1
149 199 1
149 823 1
150 195 1
151 187 1
151 190 1
151 312 1
152 187 1
152 188 1
152 197 1
152 205 1
152 427 1
152 622 1
152 686 1
152 893 1
152 936 1
153 164 1
153 663 1
153 810 1
154 171 1
154 176 1
154 364 1
155 160 1
155 361 1
156 172 1
156 188 1
156 412 1
156 460 1
156 922 1
157 199 1
157 229 1
157 539 1
157 744 1
158 174 1
158 176 1
158 186 1
158 194 1
158 458 1
158 708 1
159 177 1
159 186 1
159 188 1
159 810 1
160 168 1
160 262 1
161 199 1
161 571 1
162 164 1
162 171 1
162 191 1
162 194 1
163 182 1
163 445 1
163 587 1
163 847 1
164 167 1
164 484 1
164 733 1
165 175 1
165 183 1
165 184 1
165 210 1
165 884 1
165 921 1
165 958 1
166 182 1
166 186 1
166 856 1
166 875 1
166 878 1
167 179 1
167 504 1
168 192 1
168 198 1
168 750 1
169 179 1
170 178 1
170 182 1
170 622 1
170 681 1
171 174 1
171 175 1
171 176 1
171 191 1
171 337 1
171 449 1
172 183 1
172 249 1
172 389 1
172 688 1
172 894 1
173 183 1
173 669 1
174 176 1
174 215 1
174 550 1
175 176 1
175 185 1
175 360 1
177 180 1
177 830 1
178 193 1
178 229 1
178 255 1
179 188 1
179 197 1
180 480 1
180 625 1
180 707 1
181 185 1
181 190 1
181 673 1
182 560 1
182 658 1
184 185 1
185 194 1
185 584 1
185 605 1
186 365 1
187 198 1
187 367 1
188 193 1
188 331 1
189 907 1
191 314 1
191 885 1
193 362 1
193 878 1
194 365 1
194 471 1
194 845 1
196 437 1
196 732 1
197 200 1
197 645 1
198 377 1
198 837 1
199 210 1
199 341 1
199 681 1
200 530 1
200 635 1
200 777 1
200 814 1
201 217 1
201 222 1
201 236 1
201 282 1
202 224 1
202 248 1
202 257 1
202 295 1
203 222 1
203 244 1
203 250 1
203 278 1
203 289 1
204 218 1
204 244 1
204 264 1
204 269 1
205 228 1
205 232 1
205 233 1
205 240 1
205 601 1
206 214 1
206 229 1
206 239 1
206 240 1
206 277 1
206 278 1
206 289 1
206 525 1
207 253 1
207 256 1
207 261 1
207 272 1
207 283 1
207 284 1
207 297 1
207 778 1
207 883 1
208 212 1
208 235 1
208 288 1
208 513 1
208 820 1
208 851 1
208 999 1
209 232 1
209 247 1
209 265 1
209 268 1
209 269 1
209 272 1
209 285 1
209 457 1
209 803 1
210 212 1
210 265 1
210 280 1
210 927 1
211 237 1
211 278 1
211 287 1
211 563 1
212 213 1
212 224 1
212 225 1
212 279 1
212 484 1
212 500 1
213 226 1
213 227 1
213 267 1
213 271 1
213 282 1
213 290 1
213 513 1
213 807 1
214 217 1
214 224 1
214 245 1
214 261 1
214 298 1
214 931 1
215 225 1
215 246 1
215 258 1
215 261 1
215 269 1
215 278 1
215 283 1
215 287 1
215 633 1
216 220 1
216 245 1
216 251 1
216 281 1
216 287 1
216 289 1
216 300 1
217 296 1
217 297 1
217 311 1
217 943 1
218 223 1
218 226 1
218 241 1
218 275 1
218 285 1
218 389 1
219 228 1
219 251 1
219 257 1
219 267 1
219 282 1
219 295 1
219 300 1
219 764 1
220 228 1
220 235 1
220 252 1
220 283 1
220 286 1
220 541 1
220 692 1
220 940 1
220 1000 1
221 283 1
221 297 1
222 240 1
222 245 1
223 273 1
223 294 1
223 882 1
223 893 1
224 245 1
224 259 1
224 260 1
224 274 1
224 277 1
224 281 1
224 293 1
224 318 1
225 260 1
225 270 1
225 648 1
225 998 1
226 240 1
226 247 1
226 259 1
226 262 1
226 266 1
226 286 1
226 287 1
226 295 1
226 298 1
226 334 1
226 999 1
227 270 1
227 286 1
227 291 1
228 231 1
228 239 1
228 240 1
228 292 1
229 231 1
229 234 1
229 239 1
229 252 1
229 274 1
229 299 1
229 332 1
230 247 1
230 248 1
230 249 1
231 259 1
231 282 1
231 291 1
231 826 1
232 283 1
232 286 1
233 256 1
233 269 1
233 287 1
233 290 1
233 294 1
233 298 1
233 794 1
234 241 1
235 284 1
235 299 1
235 330 1
235 922 1
236 239 1
236 251 1
236 276 1
236 287 1
236 291 1
236 422 1
236 776 1
236 854 1
237 250 1
237 265 1
237 371 1
237 713 1
238 268 1
238 289 1
238 299 1
238 304 1
238 514 1
238 770 1
239 272 1
239 288 1
239 291 1
239 316 1
239 984 1
240 267 1
240 288 1
240 294 1
240 296 1
240 864 1
241 270 1
241 292 1
242 246 1
242 254 1
242 283 1
242 293 1
242 736 1
243 261 1
243 839 1
244 253 1
244 256 1
245 282 1
246 255 1
246 263 1
246 264 1
246 282 1
246 896 1
247 266 1
247 285 1
247 387 1
248 273 1
248 294 1
248 295 1
248 712 1
249 300 1
249 423 1
249 666 1
249 799 1
250 261 1
250 272 1
250 279 1
250 288 1
250 289 1
250 297 1
250 755 1
251 254 1
251 281 1
251 287 1
252 346 1
253 268 1
253 272 1
253 849 1
254 263 1
254 290 1
254 298 1
254 1000 1
255 266 1
255 275 1
255 288 1
256 264 1
256 268 1
256 282 1
256 283 1
256 286 1
256 294 1
256 299 1
256 580 1
256 823 1
257 259 1
257 279 1
257 280 1
257 292 1
257 600 1
258 259 1
258 278 1
258 287 1
258 470 1
258 502 1
258 708 1
259 261 1
259 354 1
259 572 1
260 432 1
260 853 1
261 278 1
261 463 1
261 910 1
262 681 1
263 739 1
264 276 1
264 278 1
264 741 1
265 266 1
265 276 1
265 285 1
265 295 1
265 296 1
266 536 1
267 279 1
267 297 1
267 317 1
267 457 1
267 845 1
268 300 1
269 275 1
269 299 1
269 821 1
270 350 1
270 373 1
271 277 1
271 646 1
271 738 1
272 288 1
272 297 1
272 507 1
273 689 1
275 961 1
276 287 1
276 299 1
276 496 1
276 580 1
277 288 1
277 293 1
277 350 1
277 479 1
277 505 1
277 713 1
278 291 1
281 292 1
281 378 1
282 533 1
282 542 1
282 679 1
283 294 1
283 771 1
284 663 1
286 297 1
286 382 1
286 987 1
288 294 1
288 462 1
288 572 1
288 739 1
288 947 1
289 337 1
290 625 1
290 808 1
290 941 1
292 591 1
292 824 1
293 314 1
293 530 1
294 297 1
294 397 1
294 537 1
294 802 1
295 470 1
295 603 1
296 480 1
297 953 1
298 964 1
299 595 1
300 834 1
300 930 1
301 312 1
301 368 1
301 994 1
302 312 1
302 315 1
302 326 1
302 359 1
302 393 1
302 394 1
302 399 1
302 560 1
303 352 1
303 353 1
303 371 1
303 379 1
303 489 1
303 789 1
303 939 1
304 321 1
304 334 1
304 335 1
304 341 1
304 349 1
304 360 1
304 908 1
304 951 1
305 369 1
305 394 1
305 493 1
306 316 1
306 328 1
306 344 1
306 346 1
306 363 1
306 365 1
306 368 1
306 388 1
306 724 1
307 311 1
307 314 1
307 327 1
307 329 1
307 351 1
307 356 1
307 365 1
307 376 1
307 634 1
307 677 1
307 727 1
308 316 1
308 358 1
308 371 1
308 386 1
308 580 1
309 315 1
309 361 1
309 363 1
309 617 1
309 790 1
310 344 1
310 346 1
310 361 1
310 362 1
310 388 1
310 587 1
310 714 1
311 331 1
311 341 1
311 357 1
311 380 1
311 390 1
311 396 1
311 535 1
311 981 1
311 984 1
312 322 1
312 359 1
312 362 1
312 490 1
312 936 1
313 324 1
313 347 1
313 350 1
313 359 1
313 385 1
313 389 1
314 348 1
314 363 1
314 382 1
315 368 1
315 375 1
315 381 1
315 386 1
315 397 1
315 609 1
316 347 1
316 366 1
316 553 1
316 791 1
317 323 1
317 328 1
317 396 1
317 582 1
318 327 1
318 329 1
318 352 1
318 371 1
318 381 1
318 390 1
318 458 1
319 321 1
319 363 1
319 388 1
319 933 1
320 393 1
321 325 1
321 343 1
321 345 1
321 359 1
321 391 1
321 394 1
321 677 1
322 329 1
322 354 1
322 372 1
322 568 1
322 836 1
322 869 1
322 910 1
323 339 1
323 378 1
324 344 1
324 353 1
324 367 1
324 393 1
324 805 1
324 826 1
325 332 1
325 337 1
325 381 1
325 395 1
325 429 1
326 356 1
326 368 1
326 372 1
326 390 1
326 395 1
326 946 1
327 343 1
327 379 1
327 386 1
327 988 1
328 329 1
328 339 1
328 359 1
328 372 1
328 378 1
328 385 1
328 395 1
329 376 1
329 391 1
329 464 1
329 484 1
330 347 1
330 385 1
330 386 1
330 393 1
330 541 1
330 565 1
331 334 1
332 333 1
332 342 1
332 360 1
332 362 1
332 376 1
332 388 1
332 391 1
332 399 1
332 745 1
333 334 1
333 339 1
333 343 1
333 351 1
333 364 1
333 396 1
334 357 1
334 991 1
335 380 1
335 382 1
335 943 1
336 338 1
336 351 1
336 400 1
337 366 1
337 376 1
337 378 1
337 518 1
337 989 1
338 342 1
338 352 1
338 362 1
338 368 1
338 371 1
338 394 1
338 674 1
338 731 1
339 357 1
339 371 1
339 380 1
339 385 1
339 387 1
339 400 1
339 508 1
339 671 1
340 371 1
340 385 1
340 387 1
340 393 1
340 396 1
340 523 1
341 344 1
341 358 1
341 394 1
341 574 1
341 633 1
341 715 1
342 345 1
342 350 1
342 387 1
342 392 1
342 393 1
343 393 1
344 350 1
344 363 1
344 366 1
344 455 1
344 751 1
345 366 1
345 369 1
345 371 1
345 393 1
345 883 1
346 365 1
346 396 1
346 667 1
346 979 1
347 356 1
347 358 1
347 393 1
348 369 1
348 396 1
348 532 1
349 352 1
349 363 1
349 367 1
349 388 1
350 391 1
350 392 1
350 414 1
350 782 1
351 385 1
351 395 1
351 884 1
352 362 1
352 387 1
352 444 1
353 366 1
353 388 1
353 470 1
353 603 1
354 389 1
354 538 1
354 654 1
354 892 1
355 370 1
355 373 1
355 432 1
356 376 1
356 397 1
356 701 1
357 362 1
357 392 1
357 415 1
358 365 1
358 393 1
358 657 1
359 933 1
360 382 1
360 383 1
360 391 1
360 394 1
361 369 1
361 381 1
362 387 1
362 391 1
362 395 1
362 936 1
363 370 1
363 374 1
363 651 1
364 376 1
364 727 1
364 885 1
365 370 1
365 377 1
365 383 1
365 390 1
365 393 1
365 540 1
365 999 1
366 371 1
366 373 1
366 375 1
366 387 1
366 959 1
367 947 1
367 964 1
368 389 1
369 372 1
369 385 1
369 390 1
369 396 1
369 569 1
370 389 1
370 501 1
371 379 1
371 381 1
371 429 1
371 502 1
372 377 1
372 473 1
372 739 1
372 749 1
373 377 1
373 394 1
373 395 1
373 826 1
374 391 1
374 713 1
374 855 1
374 871 1
376 680 1
376 686 1
378 392 1
378 393 1
378 612 1
378 962 1
379 389 1
379 391 1
380 520 1
382 388 1
382 608 1
383 391 1
383 548 1
384 385 1
384 724 1
384 893 1
385 389 1
385 391 1
385 644 1
385 712 1
386 469 1
388 398 1
388 553 1
388 927 1
389 393 1
389 400 1
389 679 1
390 498 1
390 619 1
391 623 1
391 807 1
391 883 1
391 911 1
392 397 1
392 676 1
393 422 1
393 525 1
393 736 1
393 916 1
393 992 1
394 396 1
394 410 1
394 698 1
394 743 1
395 439 1
395 599 1
395 659 1
397 718 1
397 799 1
397 981 1
398 820 1
400 675 1
401 430 1
401 432 1
401 452 1
401 475 1
401 496 1
401 500 1
401 659 1
402 422 1
402 426 1
402 448 1
403 437 1
403 440 1
403 447 1
403 458 1
403 461 1
403 486 1
403 495 1
403 496 1
403 585 1
403 622 1
403 701 1
403 888 1
404 420 1
404 430 1
404 466 1
404 472 1
404 486 1
404 490 1
404 875 1
405 407 1
405 474 1
405 480 1
405 483 1
405 487 1
405 490 1
405 714 1
405 757 1
406 425 1
406 426 1
406 440 1
406 452 1
406 483 1
406 692 1
407 421 1
407 423 1
407 424 1
407 426 1
407 482 1
407 484 1
407 883 1
408 416 1
408 419 1
408 424 1
408 427 1
408 429 1
408 442 1
408 1000 1
409 446 1
409 454 1
409 467 1
409 471 1
409 474 1
409 476 1
410 418 1
410 491 1
410 692 1
411 412 1
411 492 1
411 656 1
412 434 1
412 441 1
413 422 1
413 454 1
413 485 1
414 422 1
414 423 1
414 424 1
414 435 1
414 494 1
414 497 1
414 758 1
415 438 1
415 453 1
415 462 1
415 474 1
415 479 1
415 480 1
415 482 1
415 701 1
416 439 1
416 441 1
416 464 1
416 469 1
417 451 1
417 465 1
417 472 1
418 463 1
418 481 1
418 491 1
418 705 1
418 862 1
419 465 1
419 496 1
419 498 1
420 423 1
420 424 1
420 446 1
420 468 1
420 470 1
421 433 1
421 470 1
421 500 1
421 503 1
422 454 1
422 776 1
423 443 1
423 487 1
423 498 1
423 846 1
424 460 1
424 467 1
424 478 1
425 432 1
425 463 1
425 465 1
425 496 1
425 681 1
425 915 1
426 440 1
426 469 1
427 429 1
427 435 1
427 447 1
427 467 1
427 492 1
427 815 1
427 927 1
428 456 1
428 466 1
428 471 1
428 479 1
428 484 1
429 457 1
429 477 1
430 434 1
430 455 1
430 470 1
431 524 1
431 817 1
432 455 1
432 490 1
432 498 1
432 721 1
432 725 1
433 459 1
433 460 1
433 662 1
433 974 1
434 438 1
434 439 1
434 481 1
434 488 1
434 493 1
434 494 1
435 439 1
435 445 1
435 452 1
435 463 1
435 473 1
435 486 1
435 816 1
435 829 1
436 438 1
436 451 1
436 457 1
436 477 1
436 829 1
436 840 1
437 488 1
437 490 1
437 889 1
437 931 1
438 771 1
439 753 1
439 965 1
440 451 1
440 466 1
440 485 1
440 566 1
441 451 1
441 459 1
441 481 1
441 482 1
442 445 1
442 472 1
442 480 1
442 489 1
442 496 1
443 846 1
443 997 1
444 487 1
444 734 1
445 474 1
445 481 1
445 490 1
445 495 1
445 505 1
445 510 1
446 476 1
446 483 1
446 490 1
446 954 1
446 955 1
447 461 1
447 475 1
447 489 1
447 497 1
447 500 1
447 564 1
447 989 1
448 454 1
448 478 1
450 477 1
453 472 1
453 475 1
453 697 1
454 466 1
454 483 1
454 495 1
454 695 1
455 460 1
455 464 1
455 493 1
456 473 1
456 491 1
457 469 1
457 482 1
458 488 1
458 654 1
459 461 1
459 538 1
459 729 1
460 464 1
460 478 1
460 497 1
460 499 1
461 488 1
461 491 1
461 494 1
461 847 1
462 469 1
462 481 1
462 486 1
462 490 1
463 478 1
463 495 1
464 467 1
464 488 1
465 482 1
465 500 1
465 595 1
465 995 1
466 473 1
466 493 1
466 693 1
467 479 1
467 494 1
467 497 1
468 469 1
468 492 1
469 483 1
469 487 1
469 496 1
469 808 1
471 892 1
471 897 1
471 966 1
471 984 1
472 483 1
472 494 1
472 498 1
472 645 1
472 964 1
473 651 1
473 861 1
474 475 1
474 723 1
475 481 1
476 496 1
476 744 1
478 486 1
478 488 1
479 690 1
480 493 1
480 538 1
482 490 1
482 588 1
483 506 1
483 564 1
483 872 1
484 644 1
484 811 1
485 488 1
485 495 1
485 603 1
485 729 1
486 489 1
486 494 1
486 495 1
486 966 1
487 492 1
488 695 1
488 792 1
489 797 1
490 494 1
490 619 1
491 502 1
493 499 1
493 653 1
493 815 1
493 827 1
494 990 1
495 859 1
496 792 1
496 798 1
497 498 1
498 718 1
499 586 1
500 589 1
501 504 1
501 594 1
502 562 1
502 573 1
502 591 1
502 595 1
503 515 1
503 538 1
503 563 1
503 593 1
503 899 1
504 507 1
504 510 1
504 523 1
504 549 1
504 599 1
505 507 1
505 508 1
505 548 1
505 554 1
505 556 1
505 564 1
505 569 1
505 579 1
505 592 1
505 646 1
505 900 1
505 998 1
506 537 1
506 566 1
506 709 1
507 516 1
507 566 1
507 570 1
507 651 1
507 680 1
508 512 1
508 514 1
508 524 1
508 557 1
508 590 1
508 596 1
508 797 1
509 549 1
509 553 1
509 576 1
509 578 1
509 587 1
510 532 1
510 537 1
510 552 1
510 557 1
510 596 1
510 867 1
510 899 1
511 518 1
511 528 1
511 540 1
511 542 1
511 546 1
511 558 1
511 566 1
511 846 1
512 518 1
512 540 1
512 581 1
512 582 1
512 590 1
512 597 1
512 598 1
512 600 1
512 830 1
513 539 1
513 559 1
514 517 1
514 523 1
514 552 1
514 565 1
514 578 1
515 516 1
515 575 1
515 578 1
516 527 1
516 532 1
516 576 1
516 935 1
517 544 1
517 553 1
517 554 1
517 581 1
517 588 1
517 591 1
517 597 1
518 550 1
518 561 1
518 564 1
518 596 1
519 550 1
519 551 1
519 563 1
519 577 1
519 589 1
519 635 1
519 705 1
520 521 1
520 535 1
520 548 1
520 586 1
520 591 1
520 592 1
520 767 1
521 538 1
521 544 1
521 563 1
521 593 1
521 636 1
521 922 1
522 527 1
522 541 1
522 561 1
522 581 1
522 600 1
523 526 1
523 538 1
523 552 1
523 574 1
523 582 1
524 531 1
524 556 1
524 568 1
524 572 1
524 582 1
524 593 1
525 545 1
525 550 1
525 578 1
525 583 1
525 682 1
526 547 1
526 550 1
526 573 1
526 732 1
526 757 1
527 529 1
527 533 1
527 599 1
527 924 1
527 942 1
528 546 1
528 575 1
528 586 1
528 590 1
528 881 1
529 630 1
529 728 1
529 910 1
530 531 1
530 572 1
530 575 1
530 582 1
531 532 1
531 782 1
531 919 1
532 540 1
532 542 1
532 558 1
532 571 1
532 578 1
532 928 1
533 540 1
533 563 1
533 590 1
533 870 1
534 563 1
534 575 1
534 599 1
534 968 1
535 547 1
535 580 1
535 583 1
535 589 1
536 547 1
536 568 1
536 598 1
536 601 1
536 955 1
537 577 1
538 557 1
538 717 1
538 821 1
538 968 1
539 550 1
539 593 1
540 569 1
540 571 1
541 562 1
541 564 1
541 568 1
541 575 1
541 595 1
541 596 1
542 555 1
542 565 1
542 575 1
542 581 1
542 596 1
542 614 1
543 560 1
543 575 1
543 653 1
544 557 1
544 561 1
544 575 1
544 775 1
546 554 1
546 579 1
546 580 1
546 586 1
546 595 1
546 989 1
547 589 1
548 555 1
548 563 1
548 760 1
549 561 1
549 621 1
550 834 1
551 556 1
551 570 1
551 587 1
552 590 1
552 596 1
553 560 1
553 569 1
553 581 1
553 599 1
553 600 1
554 573 1
554 593 1
554 645 1
555 588 1
555 593 1
555 632 1
556 568 1
557 559 1
557 565 1
557 592 1
558 564 1
558 921 1
559 560 1
559 570 1
559 575 1
559 584 1
559 939 1
560 574 1
560 587 1
560 598 1
560 802 1
561 572 1
561 840 1
562 594 1
562 597 1
563 566 1
563 573 1
563 576 1
563 586 1
563 595 1
564 569 1
564 581 1
565 571 1
565 585 1
565 589 1
566 574 1
567 572 1
567 574 1
567 581 1
567 585 1
567 703 1
567 811 1
568 572 1
568 584 1
569 570 1
569 978 1
570 578 1
570 745 1
571 588 1
572 583 1
572 594 1
572 600 1
572 788 1
573 579 1
573 597 1
574 576 1
574 587 1
575 587 1
575 598 1
575 983 1
576 703 1
577 588 1
578 580 1
578 591 1
578 594 1
578 953 1
579 692 1
580 584 1
580 591 1
580 598 1
581 593 1
581 803 1
582 585 1
583 621 1
583 898 1
584 592 1
584 683 1
585 669 1
585 964 1
588 592 1
589 683 1
591 944 1
594 600 1
597 639 1
597 811 1
598 619 1
598 669 1
598 738 1
600 904 1
601 609 1
601 611 1
601 619 1
601 633 1
601 636 1
601 652 1
601 662 1
601 667 1
601 671 1
601 686 1
601 697 1
602 604 1
602 605 1
602 637 1
602 650 1
602 651 1
602 660 1
602 661 1
602 664 1
602 679 1
603 651 1
603 686 1
603 697 1
604 614 1
604 623 1
604 627 1
604 695 1
605 606 1
605 612 1
605 626 1
605 629 1
605 660 1
605 671 1
605 698 1
605 700 1
606 630 1
606 636 1
606 665 1
606 681 1
606 688 1
607 612 1
607 615 1
607 625 1
607 652 1
607 658 1
607 854 1
607 910 1
608 610 1
608 611 1
608 633 1
608 655 1
609 610 1
609 640 1
609 660 1
609 664 1
609 666 1
609 669 1
609 681 1
609 686 1
610 656 1
610 664 1
610 683 1
610 692 1
610 694 1
610 708 1
611 657 1
611 659 1
612 700 1
613 622 1
613 641 1
613 648 1
613 649 1
613 660 1
613 661 1
613 673 1
613 862 1
613 899 1
613 984 1
614 658 1
614 664 1
614 698 1
615 653 1
615 666 1
615 693 1
616 645 1
616 683 1
617 625 1
617 632 1
617 652 1
617 660 1
617 661 1
617 794 1
617 936 1
618 622 1
618 638 1
618 640 1
618 655 1
618 672 1
618 677 1
618 682 1
618 697 1
618 753 1
618 978 1
619 639 1
619 651 1
619 677 1
620 672 1
620 687 1
620 699 1
621 624 1
621 638 1
621 652 1
621 674 1
621 681 1
622 636 1
622 651 1
622 656 1
622 661 1
622 679 1
623 629 1
623 632 1
623 664 1
623 686 1
623 692 1
623 694 1
624 626 1
624 642 1
624 645 1
624 673 1
624 725 1
624 788 1
624 906 1
624 932 1
624 976 1
625 688 1
625 689 1
625 994 1
626 632 1
626 634 1
626 643 1
626 687 1
626 689 1
627 628 1
628 643 1
628 654 1
628 672 1
629 634 1
629 641 1
629 686 1
629 694 1
629 699 1
629 724 1
630 636 1
630 638 1
630 650 1
630 651 1
630 663 1
631 651 1
631 673 1
631 696 1
632 646 1
632 647 1
632 651 1
632 687 1
632 693 1
633 636 1
633 638 1
633 663 1
633 687 1
633 700 1
634 648 1
634 656 1
634 659 1
634 665 1
634 668 1
634 681 1
634 682 1
635 650 1
635 666 1
635 689 1
635 695 1
636 641 1
636 670 1
636 687 1
636 882 1
637 686 1
637 983 1
638 652 1
638 878 1
639 641 1
639 648 1
639 700 1
640 679 1
641 648 1
641 651 1
641 674 1
641 677 1
641 733 1
641 913 1
642 652 1
642 661 1
642 668 1
642 695 1
643 670 1
643 695 1
644 671 1
644 693 1
644 819 1
645 646 1
645 658 1
645 754 1
645 986 1
646 651 1
646 670 1
647 668 1
647 690 1
647 699 1
647 876 1
648 678 1
648 682 1
648 688 1
649 672 1
649 675 1
649 691 1
649 698 1
649 851 1
650 682 1
650 688 1
650 692 1
650 845 1
651 661 1
651 665 1
651 671 1
651 679 1
651 692 1
651 759 1
652 661 1
652 664 1
652 667 1
652 688 1
652 697 1
653 657 1
653 668 1
653 680 1
654 659 1
655 671 1
655 678 1
656 660 1
656 672 1
656 686 1
657 660 1
657 698 1
657 888 1
658 660 1
658 662 1
658 688 1
658 700 1
658 812 1
659 668 1
659 673 1
659 860 1
659 874 1
660 678 1
660 683 1
660 698 1
662 671 1
662 690 1
663 681 1
663 931 1
664 676 1
664 681 1
664 699 1
664 710 1
665 696 1
665 783 1
666 689 1
667 670 1
668 677 1
668 681 1
668 742 1
669 673 1
669 684 1
669 697 1
670 674 1
671 678 1
671 699 1
671 962 1
672 688 1
672 695 1
672 714 1
673 693 1
674 695 1
674 744 1
677 691 1
678 686 1
678 750 1
679 684 1
680 752 1
681 685 1
683 699 1
683 840 1
685 722 1
685 731 1
686 695 1
687 799 1
689 697 1
690 698 1
690 813 1
692 812 1
693 694 1
695 697 1
695 706 1
695 734 1
695 929 1
695 937 1
697 937 1
701 735 1
701 762 1
701 774 1
701 778 1
701 785 1
701 786 1
701 791 1
702 730 1
702 738 1
702 742 1
702 750 1
702 759 1
702 764 1
703 710 1
703 718 1
703 755 1
703 758 1
704 725 1
704 766 1
704 771 1
705 709 1
705 747 1
705 748 1
705 760 1
706 720 1
706 765 1
706 777 1
706 786 1
706 843 1
707 762 1
707 773 1
707 774 1
707 794 1
708 730 1
709 733 1
709 760 1
709 761 1
709 762 1
709 787 1
709 893 1
710 711 1
710 716 1
710 717 1
710 726 1
710 737 1
710 755 1
710 794 1
710 926 1
711 774 1
711 791 1
711 979 1
712 790 1
712 924 1
713 723 1
713 738 1
713 756 1
714 735 1
714 740 1
714 745 1
714 781 1
714 792 1
715 721 1
715 728 1
715 741 1
715 744 1
716 733 1
716 736 1
716 760 1
716 781 1
717 736 1
717 750 1
717 777 1
717 790 1
718 730 1
718 789 1
718 874 1
719 780 1
719 885 1
719 903 1
719 913 1
720 733 1
720 736 1
720 744 1
720 745 1
720 770 1
720 775 1
721 736 1
721 745 1
721 791 1
722 727 1
722 733 1
722 760 1
722 768 1
722 818 1
723 724 1
723 737 1
723 756 1
723 774 1
723 777 1
723 790 1
724 726 1
724 753 1
725 760 1
725 795 1
725 926 1
726 743 1
726 745 1
726 755 1
726 757 1
726 769 1
726 792 1
726 872 1
727 783 1
727 973 1
728 737 1
728 744 1
728 758 1
728 798 1
729 786 1
729 798 1
730 739 1
730 740 1
730 764 1
730 776 1
731 749 1
731 756 1
731 760 1
731 763 1
732 741 1
732 752 1
732 763 1
732 775 1
732 786 1
732 798 1
733 780 1
734 749 1
734 787 1
735 739 1
735 778 1
736 743 1
736 783 1
736 937 1
737 749 1
737 775 1
737 779 1
737 798 1
737 839 1
738 765 1
738 783 1
738 786 1
739 747 1
739 770 1
739 802 1
740 750 1
741 756 1
741 759 1
741 795 1
741 857 1
742 745 1
742 769 1
742 773 1
743 745 1
743 789 1
744 745 1
744 757 1
744 765 1
744 785 1
744 799 1
744 886 1
745 781 1
745 782 1
745 793 1
745 906 1
747 756 1
747 764 1
748 961 1
749 754 1
749 759 1
749 775 1
749 788 1
750 755 1
750 770 1
750 869 1
751 775 1
751 781 1
751 922 1
752 783 1
752 908 1
754 757 1
754 764 1
755 771 1
755 778 1
755 784 1
755 799 1
755 941 1
756 757 1
756 769 1
756 771 1
757 930 1
758 771 1
758 870 1
759 763 1
759 773 1
759 799 1
760 785 1
760 797 1
761 769 1
761 772 1
761 785 1
762 869 1
763 765 1
763 774 1
763 796 1
764 770 1
764 774 1
764 783 1
764 795 1
764 985 1
765 771 1
765 775 1
765 882 1
766 775 1
766 792 1
766 964 1
767 782 1
767 787 1
767 792 1
767 904 1
768 993 1
769 781 1
769 994 1
771 785 1
771 791 1
771 963 1
773 788 1
773 836 1
774 784 1
774 796 1
775 780 1
775 795 1
776 777 1
777 786 1
777 791 1
777 953 1
778 916 1
780 789 1
780 795 1
780 799 1
781 782 1
781 787 1
782 793 1
783 791 1
784 786 1
786 794 1
786 798 1
787 797 1
790 978 1
790 984 1
791 931 1
793 794 1
794 798 1
795 850 1
796 799 1
797 864 1
797 891 1
800 856 1
800 881 1
801 811 1
801 826 1
801 836 1
801 840 1
801 857 1
801 888 1
801 927 1
802 807 1
802 846 1
802 847 1
802 989 1
803 864 1
804 810 1
804 828 1
804 863 1
804 872 1
804 876 1
804 891 1
804 896 1
804 969 1
805 807 1
805 813 1
805 823 1
805 885 1
805 891 1
805 897 1
806 807 1
806 813 1
806 837 1
806 845 1
806 867 1
806 881 1
806 883 1
806 884 1
807 833 1
807 844 1
807 849 1
807 854 1
807 875 1
807 923 1
808 836 1
808 872 1
808 876 1
809 838 1
809 857 1
809 865 1
809 873 1
809 885 1
809 888 1
810 814 1
810 824 1
810 827 1
810 849 1
810 874 1
810 886 1
810 899 1
811 824 1
811 891 1
811 936 1
812 895 1
812 898 1
813 865 1
813 878 1
813 879 1
813 888 1
814 849 1
814 874 1
815 817 1
815 850 1
815 858 1
815 865 1
815 866 1
815 894 1
816 836 1
816 869 1
816 892 1
817 825 1
817 831 1
817 842 1
817 856 1
817 859 1
817 864 1
817 866 1
817 868 1
817 882 1
817 887 1
817 892 1
817 894 1
818 834 1
818 840 1
818 847 1
818 866 1
818 870 1
818 877 1
818 900 1
819 837 1
819 859 1
819 860 1
819 889 1
819 893 1
820 835 1
820 840 1
820 842 1
820 852 1
820 872 1
820 888 1
820 897 1
821 868 1
821 869 1
823 828 1
823 833 1
823 841 1
823 859 1
823 861 1
823 897 1
824 835 1
824 847 1
824 891 1
825 844 1
825 866 1
826 834 1
826 845 1
826 853 1
826 854 1
826 855 1
827 850 1
827 875 1
827 890 1
828 895 1
829 835 1
829 838 1
829 840 1
829 852 1
829 855 1
829 860 1
829 875 1
829 895 1
829 925 1
829 982 1
830 864 1
830 866 1
830 868 1
830 874 1
830 879 1
830 893 1
831 858 1
831 860 1
831 901 1
832 850 1
832 852 1
832 861 1
833 844 1
833 856 1
833 863 1
833 864 1
833 866 1
833 877 1
833 879 1
834 844 1
834 861 1
834 871 1
834 987 1
835 847 1
835 866 1
835 884 1
836 838 1
836 859 1
836 864 1
836 876 1
836 888 1
836 890 1
836 961 1
837 867 1
837 899 1
838 853 1
838 892 1
839 840 1
839 851 1
839 855 1
839 862 1
839 894 1
839 900 1
840 859 1
840 887 1
840 900 1
841 868 1
841 887 1
842 845 1
842 851 1
842 852 1
842 855 1
842 869 1
842 897 1
842 900 1
843 846 1
843 861 1
843 900 1
844 850 1
844 862 1
844 875 1
844 883 1
845 849 1
845 852 1
845 868 1
845 882 1
845 953 1
846 853 1
846 863 1
846 867 1
846 887 1
847 856 1
847 882 1
847 888 1
847 891 1
847 900 1
848 861 1
848 871 1
848 877 1
849 850 1
849 876 1
849 878 1
849 884 1
850 853 1
850 862 1
850 865 1
850 879 1
850 896 1
851 867 1
851 869 1
852 886 1
853 867 1
853 875 1
853 880 1
853 898 1
854 864 1
854 891 1
855 856 1
855 864 1
855 896 1
856 873 1
856 880 1
857 861 1
857 862 1
857 881 1
857 906 1
858 874 1
858 875 1
859 898 1
859 982 1
860 884 1
861 879 1
861 948 1
862 868 1
863 869 1
863 878 1
864 865 1
864 889 1
864 892 1
864 994 1
864 996 1
866 870 1
866 879 1
866 884 1
866 885 1
866 896 1
866 900 1
867 879 1
867 887 1
868 884 1
869 872 1
870 889 1
870 890 1
870 897 1
870 930 1
871 877 1
871 932 1
873 896 1
874 881 1
874 893 1
875 888 1
876 887 1
877 898 1
883 938 1
884 897 1
884 903 1
886 888 1
887 889 1
887 898 1
890 895 1
893 894 1
894 898 1
897 898 1
897 900 1
901 908 1
901 941 1
901 953 1
901 958 1
901 970 1
901 971 1
902 914 1
902 921 1
903 935 1
903 980 1
903 1000 1
904 906 1
904 913 1
904 940 1
904 960 1
904 974 1
905 906 1
905 919 1
905 943 1
905 971 1
905 981 1
906 926 1
906 944 1
906 951 1
906 958 1
906 968 1
906 981 1
906 989 1
906 990 1
906 994 1
906 998 1
907 912 1
907 930 1
907 967 1
907 993 1
908 941 1
908 944 1
909 918 1
909 978 1
909 984 1
910 964 1
910 984 1
911 919 1
911 964 1
911 971 1
912 918 1
912 920 1
912 941 1
912 970 1
912 993 1
913 918 1
913 950 1
913 975 1
913 989 1
915 921 1
915 924 1
915 931 1
915 940 1
915 988 1
915 989 1
916 929 1
916 930 1
916 983 1
917 931 1
917 951 1
917 952 1
917 981 1
917 998 1
918 920 1
918 955 1
918 958 1
918 960 1
918 962 1
918 978 1
918 990 1
918 991 1
918 1000 1
919 939 1
919 951 1
919 974 1
919 975 1
920 934 1
920 942 1
920 951 1
920 953 1
920 955 1
920 961 1
921 939 1
921 946 1
921 948 1
921 950 1
921 961 1
921 989 1
922 927 1
922 972 1
923 957 1
923 961 1
923 1000 1
924 938 1
924 967 1
925 933 1
925 949 1
925 978 1
925 980 1
926 934 1
926 956 1
927 928 1
927 939 1
927 953 1
927 960 1
927 975 1
927 984 1
927 994 1
927 1000 1
928 932 1
928 938 1
928 992 1
929 950 1
929 995 1
930 938 1
930 954 1
930 970 1
930 976 1
930 982 1
930 988 1
931 940 1
931 958 1
931 973 1
932 948 1
932 949 1
932 963 1
932 968 1
932 970 1
932 975 1
933 964 1
933 969 1
934 941 1
934 962 1
935 994 1
935 1000 1
936 958 1
936 964 1
936 965 1
936 967 1
936 987 1
937 945 1
937 960 1
937 978 1
938 959 1
938 962 1
939 954 1
939 993 1
940 958 1
940 967 1
940 994 1
940 997 1
941 951 1
941 967 1
941 991 1
942 948 1
942 956 1
943 962 1
944 961 1
944 985 1
945 960 1
945 964 1
945 974 1
945 975 1
946 989 1
946 997 1
947 961 1
947 966 1
947 972 1
948 970 1
949 981 1
949 997 1
950 952 1
950 964 1
950 973 1
951 964 1
952 966 1
952 970 1
952 979 1
952 980 1
952 981 1
952 990 1
952 992 1
953 976 1
953 993 1
953 996 1
954 969 1
955 970 1
955 980 1
955 982 1
955 997 1
956 961 1
956 967 1
956 969 1
957 980 1
958 970 1
959 997 1
960 966 1
960 974 1
961 980 1
961 981 1
961 985 1
962 976 1
962 993 1
963 972 1
963 988 1
963 993 1
964 986 1
964 998 1
965 999 1
966 976 1
967 995 1
968 980 1
969 974 1
969 976 1
970 974 1
971 979 1
973 975 1
973 978 1
973 998 1
974 985 1
974 994 1
975 983 1
977 992 1
977 994 1
980 984 1
981 990 1
983 986 1
984 989 1
985 997 1
987 991 1
988 997 1
988 999 1
989 994 1
991 999 1
996 997 1
