1000 3455
1 10 1
1 11 1
1 47 1
1 57 1
1 68 1
1 78 1
1 80 1
1 317 1
1 824 1
1 994 1
2 5 1
2 55 1
2 56 1
2 59 1
2 93 1
2 100 1
2 518 1
2 599 1
2 779 1
3 26 1
3 33 1
3 34 1
3 59 1
3 78 1
3 656 1
4 64 1
4 73 1
4 455 1
4 525 1
4 689 1
4 947 1
5 6 1
5 18 1
5 37 1
5 63 1
6 8 1
6 48 1
6 56 1
6 78 1
6 79 1
6 93 1
6 345 1
6 638 1
6 895 1
7 13 1
7 19 1
7 29 1
7 30 1
7 34 1
7 35 1
7 37 1
7 44 1
7 64 1
7 65 1
7 87 1
7 342 1
7 431 1
8 41 1
8 43 1
8 180 1
8 483 1
9 25 1
9 33 1
9 50 1
9 54 1
9 83 1
9 548 1
9 593 1
10 23 1
10 55 1
10 93 1
10 680 1
10 790 1
11 36 1
11 60 1
11 91 1
11 772 1
12 25 1
12 33 1
12 57 1
12 62 1
12 64 1
12 100 1
12 495 1
12 802 1
13 21 1
13 24 1
13 42 1
13 92 1
13 161 1
13 414 1
13 772 1
14 27 1
14 32 1
14 39 1
14 40 1
14 42 1
14 50 1
14 52 1
14 76 1
14 99 1
15 22 1
15 80 1
15 87 1
15 407 1
15 769 1
16 95 1
16 99 1
16 245 1
16 293 1
17 30 1
17 53 1
17 60 1
17 886 1
17 935 1
18 19 1
18 20 1
18 28 1
18 51 1
18 67 1
18 68 1
18 72 1
18 92 1
18 784 1
18 862 1
19 29 1
19 87 1
19 99 1
19 670 1
20 46 1
20 55 1
20 82 1
20 302 1
20 449 1
20 573 1
20 678 1
21 60 1
21 82 1
21 92 1
21 133 1
21 455 1
21 897 1
22 50 1
22 70 1
22 74 1
22 75 1
22 80 1
22 86 1
22 96 1
22 309 1
23 34 1
23 52 1
23 57 1
23 75 1
23 400 1
23 763 1
23 886 1
23 957 1
24 35 1
24 52 1
24 69 1
24 82 1
24 465 1
24 857 1
25 43 1
25 65 1
25 80 1
25 811 1
26 40 1
26 84 1
26 88 1
26 129 1
26 891 1
27 39 1
27 43 1
27 46 1
27 76 1
27 89 1
27 93 1
27 410 1
27 909 1
28 49 1
28 51 1
28 53 1
28 69 1
28 96 1
28 98 1
28 427 1
28 881 1
29 39 1
29 84 1
29 251 1
29 499 1
30 93 1
31 37 1
31 67 1
31 88 1
31 100 1
32 34 1
32 65 1
32 74 1
32 80 1
32 98 1
32 932 1
33 35 1
33 48 1
33 49 1
33 59 1
33 68 1
33 86 1
33 89 1
33 761 1
34 75 1
34 85 1
34 90 1
34 99 1
34 199 1
35 61 1
35 126 1
35 504 1
35 598 1
35 681 1
35 924 1
36 45 1
36 48 1
36 70 1
36 77 1
36 314 1
36 422 1
37 52 1
37 54 1
37 58 1
37 87 1
37 868 1
37 921 1
38 86 1
38 700 1
38 952 1
39 48 1
39 49 1
39 79 1
39 82 1
39 721 1
40 51 1
40 61 1
40 73 1
40 77 1
40 657 1
40 772 1
41 55 1
41 83 1
41 92 1
41 95 1
41 651 1
41 932 1
42 49 1
42 86 1
42 709 1
42 931 1
43 283 1
43 714 1
44 94 1
44 713 1
45 93 1
45 100 1
45 571 1
46 49 1
46 53 1
46 58 1
46 81 1
46 723 1
46 842 1
47 87 1
48 59 1
48 68 1
48 77 1
48 93 1
49 85 1
49 964 1
50 52 1
50 89 1
50 322 1
50 400 1
50 498 1
50 642 1
50 716 1
51 81 1
51 86 1
51 109 1
51 753 1
51 901 1
51 943 1
52 65 1
52 406 1
53 65 1
53 89 1
53 414 1
54 69 1
54 87 1
54 100 1
54 493 1
55 63 1
55 73 1
55 82 1
55 83 1
55 507 1
55 757 1
55 993 1
56 62 1
56 98 1
56 99 1
56 281 1
56 609 1
56 683 1
57 61 1
57 74 1
57 78 1
57 123 1
57 502 1
57 734 1
58 60 1
58 65 1
58 83 1
58 587 1
59 70 1
59 77 1
59 718 1
59 728 1
59 904 1
59 973 1
60 64 1
61 94 1
61 97 1
61 318 1
61 355 1
61 880 1
62 63 1
62 83 1
63 65 1
63 70 1
63 91 1
63 94 1
63 99 1
64 68 1
64 71 1
64 82 1
64 83 1
64 893 1
65 98 1
66 75 1
66 96 1
66 117 1
66 122 1
66 229 1
66 661 1
66 801 1
67 74 1
67 94 1
67 820 1
68 77 1
68 87 1
68 100 1
69 91 1
69 299 1
69 320 1
69 447 1
71 548 1
71 686 1
71 745 1
72 77 1
72 89 1
72 91 1
72 95 1
73 85 1
73 89 1
74 482 1
74 794 1
75 99 1
75 976 1
76 91 1
76 199 1
76 275 1
77 79 1
77 83 1
77 98 1
77 373 1
78 93 1
78 350 1
79 81 1
79 99 1
79 284 1
80 725 1
80 845 1
80 898 1
81 89 1
81 882 1
81 952 1
82 94 1
82 218 1
83 329 1
83 780 1
83 788 1
84 96 1
84 286 1
84 611 1
84 734 1
85 611 1
86 94 1
86 95 1
86 96 1
88 94 1
88 219 1
88 830 1
88 857 1
89 406 1
89 900 1
90 402 1
92 95 1
92 189 1
92 938 1
93 506 1
93 549 1
94 133 1
95 96 1
95 100 1
95 359 1
96 347 1
96 518 1
97 828 1
98 130 1
98 890 1
99 913 1
101 154 1
101 185 1
101 196 1
101 323 1
101 482 1
101 510 1
101 604 1
101 846 1
102 112 1
102 115 1
102 135 1
102 136 1
102 166 1
102 409 1
102 681 1
103 106 1
103 124 1
103 125 1
103 126 1
103 162 1
103 165 1
103 174 1
103 182 1
103 195 1
103 950 1
104 143 1
104 164 1
104 468 1
104 570 1
104 848 1
105 111 1
105 121 1
105 126 1
105 153 1
105 233 1
105 391 1
105 762 1
106 107 1
106 119 1
106 141 1
106 143 1
106 148 1
106 158 1
106 173 1
107 135 1
107 150 1
107 167 1
107 199 1
107 600 1
108 687 1
108 964 1
109 788 1
110 180 1
110 191 1
110 339 1
110 422 1
110 496 1
111 129 1
111 152 1
111 162 1
111 196 1
111 376 1
111 504 1
112 114 1
112 120 1
112 133 1
112 150 1
112 152 1
112 175 1
112 179 1
112 900 1
113 137 1
113 197 1
113 225 1
113 838 1
114 157 1
114 158 1
114 178 1
115 126 1
115 166 1
115 168 1
115 250 1
115 368 1
116 126 1
116 137 1
116 145 1
116 147 1
116 300 1
117 139 1
117 142 1
117 149 1
117 159 1
117 175 1
117 931 1
118 127 1
118 135 1
118 139 1
118 142 1
118 180 1
118 428 1
118 544 1
118 755 1
119 181 1
119 444 1
119 801 1
120 125 1
120 129 1
120 154 1
120 159 1
120 162 1
120 163 1
120 166 1
120 218 1
120 495 1
120 715 1
121 184 1
121 229 1
122 125 1
122 130 1
122 131 1
122 139 1
122 174 1
122 222 1
122 623 1
123 130 1
123 148 1
123 186 1
123 189 1
123 764 1
124 140 1
124 189 1
125 127 1
125 153 1
125 157 1
125 187 1
125 709 1
126 136 1
126 156 1
126 160 1
126 178 1
126 179 1
126 193 1
126 199 1
126 349 1
127 142 1
127 144 1
127 161 1
127 176 1
127 295 1
127 594 1
127 894 1
128 147 1
128 161 1
128 195 1
128 235 1
128 506 1
128 865 1
129 168 1
129 176 1
129 196 1
129 198 1
129 199 1
129 224 1
129 832 1
130 134 1
130 145 1
130 159 1
130 162 1
130 178 1
130 627 1
131 184 1
131 187 1
131 198 1
131 471 1
131 544 1
131 843 1
131 980 1
132 160 1
132 197 1
132 287 1
132 341 1
133 184 1
133 197 1
133 261 1
133 326 1
133 474 1
133 625 1
133 739 1
134 141 1
134 155 1
134 170 1
134 178 1
134 180 1
134 639 1
135 162 1
135 163 1
135 180 1
135 200 1
135 204 1
136 140 1
136 162 1
136 165 1
136 170 1
136 178 1
136 191 1
136 683 1
136 881 1
136 904 1
137 149 1
137 184 1
138 146 1
138 150 1
138 160 1
138 187 1
138 191 1
139 155 1
139 380 1
139 549 1
140 165 1
140 175 1
140 178 1
140 700 1
140 721 1
141 159 1
141 289 1
141 658 1
141 842 1
142 161 1
142 175 1
143 144 1
143 151 1
143 153 1
143 156 1
143 157 1
143 173 1
143 182 1
143 189 1
143 191 1
143 198 1
144 153 1
144 169 1
145 172 1
145 179 1
145 184 1
145 743 1
146 152 1
146 178 1
146 179 1
146 687 1
147 152 1
147 156 1
147 165 1
147 714 1
148 149 1
148 162 1
148 189 1
148 347 1
148 591 1
148 928 1
149 190 1
149 197 1
149 325 1
149 517 1
149 906 1
150 165 1
150 174 1
150 200 1
150 472 1
150 995 1
152 159 1
152 173 1
153 155 1
153 157 1
153 160 1
153 182 1
153 196 1
153 666 1
154 160 1
154 171 1
154 181 1
154 196 1
155 167 1
155 168 1
155 176 1
155 195 1
156 157 1
156 162 1
156 185 1
156 186 1
156 192 1
156 195 1
156 211 1
157 183 1
157 194 1
157 200 1
157 337 1
158 161 1
158 162 1
158 191 1
158 287 1
158 359 1
158 517 1
159 175 1
159 188 1
159 611 1
159 709 1
160 162 1
160 170 1
160 180 1
160 270 1
160 732 1
161 165 1
161 195 1
161 196 1
161 399 1
161 847 1
162 165 1
162 170 1
162 186 1
162 189 1
162 195 1
162 882 1
163 193 1
163 705 1
164 287 1
164 733 1
164 882 1
165 166 1
165 177 1
165 180 1
165 198 1
165 200 1
166 215 1
166 595 1
166 786 1
167 176 1
167 181 1
167 198 1
167 630 1
167 649 1
167 844 1
168 192 1
168 343 1
168 363 1
168 400 1
168 513 1
168 578 1
169 187 1
169 190 1
169 198 1
169 251 1
169 266 1
169 683 1
170 200 1
170 430 1
170 662 1
171 183 1
171 200 1
171 606 1
172 177 1
172 178 1
172 199 1
172 245 1
172 688 1
173 182 1
173 976 1
173 985 1
174 176 1
174 215 1
174 432 1
174 466 1
174 591 1
174 752 1
175 191 1
175 197 1
175 337 1
176 180 1
176 189 1
176 438 1
176 822 1
177 242 1
177 619 1
177 729 1
178 179 1
178 853 1
179 221 1
179 235 1
179 413 1
180 199 1
180 848 1
181 620 1
183 185 1
183 607 1
185 195 1
185 861 1
186 576 1
187 190 1
187 192 1
187 194 1
187 338 1
187 412 1
187 627 1
187 741 1
188 195 1
188 198 1
188 199 1
190 449 1
190 596 1
191 227 1
191 745 1
191 904 1
192 258 1
192 265 1
192 495 1
194 199 1
194 657 1
195 267 1
195 711 1
195 830 1
196 199 1
196 256 1
196 979 1
198 975 1
200 789 1
200 976 1
201 210 1
201 220 1
201 245 1
202 221 1
202 256 1
202 285 1
203 228 1
203 248 1
203 257 1
203 267 1
203 280 1
204 211 1
204 214 1
204 217 1
204 230 1
204 244 1
204 245 1
204 300 1
204 530 1
204 855 1
205 235 1
205 244 1
205 257 1
205 258 1
205 265 1
205 268 1
205 272 1
205 280 1
205 287 1
205 408 1
205 814 1
205 871 1
207 251 1
207 252 1
207 255 1
207 271 1
207 298 1
207 474 1
208 215 1
208 261 1
208 272 1
208 304 1
208 348 1
208 877 1
209 242 1
209 270 1
209 275 1
209 288 1
209 334 1
209 603 1
210 223 1
210 235 1
210 275 1
210 285 1
210 601 1
211 238 1
211 244 1
211 299 1
211 370 1
212 217 1
212 225 1
212 230 1
212 276 1
212 287 1
212 629 1
212 881 1
213 216 1
213 222 1
213 233 1
213 234 1
213 240 1
213 782 1
214 225 1
214 264 1
214 289 1
214 886 1
215 232 1
215 240 1
215 249 1
215 253 1
215 276 1
215 288 1
215 824 1
216 224 1
216 233 1
216 249 1
216 280 1
216 299 1
216 820 1
217 236 1
217 252 1
217 287 1
217 290 1
217 299 1
217 535 1
218 219 1
218 227 1
218 235 1
218 258 1
218 260 1
218 271 1
218 279 1
218 298 1
218 505 1
218 621 1
218 715 1
218 995 1
219 261 1
219 262 1
219 280 1
219 300 1
219 725 1
220 242 1
220 254 1
220 268 1
220 293 1
220 896 1
221 276 1
221 285 1
221 287 1
221 592 1
221 755 1
221 758 1
222 226 1
222 243 1
222 291 1
222 293 1
223 234 1
223 265 1
223 273 1
223 274 1
223 280 1
224 227 1
224 232 1
224 276 1
224 567 1
224 867 1
225 235 1
225 257 1
225 268 1
225 287 1
225 425 1
225 687 1
226 233 1
226 235 1
226 250 1
226 270 1
226 693 1
226 810 1
227 230 1
227 241 1
227 248 1
227 254 1
227 282 1
227 303 1
227 396 1
227 446 1
228 265 1
229 231 1
229 258 1
229 288 1
229 295 1
229 299 1
229 477 1
230 232 1
230 243 1
230 247 1
230 270 1
230 278 1
230 611 1
230 640 1
231 233 1
231 265 1
231 283 1
231 295 1
231 468 1
231 559 1
232 246 1
232 262 1
232 277 1
232 286 1
232 298 1
232 640 1
232 762 1
233 260 1
233 283 1
233 402 1
234 237 1
234 242 1
234 875 1
234 886 1
235 242 1
235 281 1
235 282 1
235 492 1
236 238 1
236 252 1
236 264 1
236 272 1
236 294 1
236 705 1
236 834 1
236 923 1
237 261 1
237 262 1
237 676 1
238 239 1
238 243 1
238 268 1
238 765 1
238 797 1
238 1000 1
239 248 1
239 262 1
239 263 1
239 289 1
239 294 1
240 282 1
240 377 1
240 828 1
240 892 1
241 247 1
241 272 1
241 295 1
241 395 1
241 579 1
241 908 1
242 247 1
242 253 1
242 264 1
242 275 1
242 299 1
242 300 1
242 611 1
243 281 1
243 447 1
244 251 1
244 270 1
244 279 1
244 430 1
244 624 1
245 253 1
245 272 1
245 278 1
245 287 1
245 292 1
245 573 1
245 649 1
246 618 1
246 768 1
246 814 1
247 284 1
247 300 1
247 315 1
247 690 1
248 272 1
248 300 1
249 268 1
249 287 1
249 415 1
250 271 1
251 290 1
251 678 1
252 265 1
252 571 1
252 671 1
252 781 1
253 255 1
253 259 1
254 283 1
255 274 1
255 278 1
255 294 1
256 259 1
256 281 1
256 435 1
256 601 1
257 261 1
257 278 1
257 609 1
258 259 1
258 263 1
260 272 1
260 275 1
260 369 1
260 997 1
261 279 1
261 434 1
261 617 1
261 907 1
262 272 1
262 290 1
262 294 1
262 906 1
263 273 1
263 274 1
263 300 1
263 419 1
263 424 1
263 671 1
263 735 1
263 859 1
264 275 1
264 284 1
264 300 1
264 489 1
264 491 1
265 282 1
265 286 1
266 803 1
267 284 1
267 295 1
267 338 1
267 603 1
267 616 1
268 284 1
268 295 1
268 397 1
268 450 1
269 281 1
269 291 1
269 453 1
269 632 1
270 273 1
270 289 1
270 291 1
270 435 1
270 853 1
271 288 1
271 293 1
271 297 1
272 343 1
272 644 1
273 295 1
273 751 1
273 806 1
274 288 1
274 299 1
274 980 1
275 283 1
275 952 1
276 439 1
277 530 1
277 589 1
277 662 1
280 298 1
280 391 1
280 758 1
282 284 1
282 405 1
282 760 1
283 300 1
283 404 1
283 741 1
284 297 1
284 298 1
284 302 1
284 307 1
284 486 1
284 512 1
285 291 1
285 554 1
285 596 1
285 800 1
287 293 1
287 586 1
287 691 1
288 923 1
288 996 1
289 293 1
289 296 1
289 770 1
289 784 1
290 835 1
292 392 1
292 418 1
293 659 1
295 950 1
297 627 1
297 762 1
298 774 1
299 754 1
300 626 1
300 792 1
301 304 1
301 307 1
301 314 1
301 327 1
301 328 1
301 346 1
301 355 1
301 365 1
301 395 1
301 398 1
301 482 1
302 330 1
302 355 1
302 359 1
302 376 1
302 399 1
302 434 1
303 390 1
303 394 1
303 397 1
304 312 1
304 327 1
304 343 1
304 387 1
304 392 1
304 626 1
304 714 1
305 313 1
305 329 1
305 358 1
305 361 1
305 377 1
305 380 1
305 390 1
306 309 1
306 331 1
306 337 1
306 344 1
306 351 1
307 317 1
307 332 1
307 342 1
307 343 1
307 349 1
307 385 1
307 632 1
308 323 1
308 364 1
308 366 1
308 670 1
308 711 1
309 320 1
309 328 1
309 372 1
310 313 1
310 314 1
310 320 1
310 324 1
310 353 1
310 355 1
310 359 1
310 370 1
310 375 1
310 381 1
310 397 1
310 970 1
311 332 1
311 364 1
311 375 1
311 771 1
311 883 1
312 334 1
312 344 1
312 363 1
312 389 1
312 400 1
312 425 1
313 323 1
313 332 1
313 344 1
313 352 1
313 375 1
313 388 1
313 414 1
313 559 1
313 793 1
314 315 1
314 323 1
314 348 1
314 356 1
314 775 1
315 341 1
315 351 1
315 359 1
315 379 1
315 901 1
316 324 1
316 335 1
316 369 1
316 506 1
317 332 1
317 357 1
317 367 1
317 373 1
317 399 1
317 536 1
317 698 1
317 993 1
318 347 1
318 348 1
318 352 1
318 361 1
318 385 1
318 393 1
318 843 1
319 373 1
319 397 1
319 847 1
320 324 1
320 337 1
320 370 1
320 373 1
320 374 1
320 657 1
320 905 1
321 324 1
321 380 1
321 393 1
321 496 1
322 330 1
322 367 1
322 374 1
322 385 1
322 642 1
323 328 1
323 338 1
323 349 1
323 358 1
323 366 1
323 378 1
323 398 1
323 400 1
323 752 1
323 771 1
323 786 1
324 328 1
324 350 1
324 384 1
325 341 1
325 345 1
325 356 1
325 362 1
325 374 1
325 376 1
325 382 1
325 396 1
325 557 1
325 938 1
326 333 1
326 353 1
326 614 1
326 911 1
327 355 1
327 361 1
328 329 1
328 338 1
328 348 1
328 349 1
328 432 1
329 334 1
329 353 1
330 363 1
330 366 1
330 388 1
330 393 1
330 626 1
331 333 1
331 675 1
331 704 1
332 393 1
333 351 1
333 357 1
333 364 1
333 372 1
334 347 1
334 353 1
334 363 1
334 397 1
335 354 1
335 363 1
335 376 1
335 950 1
336 353 1
336 366 1
336 387 1
336 835 1
337 343 1
337 350 1
337 360 1
337 374 1
337 387 1
338 362 1
338 368 1
338 377 1
338 385 1
338 392 1
338 422 1
339 344 1
339 369 1
339 894 1
339 952 1
340 381 1
340 660 1
340 845 1
341 370 1
341 390 1
341 393 1
341 397 1
341 660 1
341 884 1
341 999 1
342 362 1
342 365 1
342 382 1
342 383 1
342 390 1
342 474 1
342 750 1
342 933 1
343 350 1
343 386 1
344 380 1
344 383 1
345 350 1
345 358 1
345 368 1
346 355 1
346 385 1
346 399 1
346 400 1
346 968 1
347 359 1
347 361 1
347 363 1
347 380 1
347 392 1
347 591 1
348 398 1
348 461 1
348 871 1
349 350 1
349 368 1
349 373 1
349 838 1
350 360 1
350 363 1
350 400 1
351 352 1
351 357 1
351 365 1
351 385 1
351 390 1
351 503 1
352 376 1
352 442 1
352 473 1
352 661 1
352 761 1
352 866 1
353 360 1
353 372 1
353 390 1
353 797 1
353 842 1
353 946 1
354 890 1
355 370 1
355 373 1
355 392 1
356 386 1
356 393 1
356 400 1
356 662 1
357 370 1
357 398 1
357 515 1
357 887 1
358 736 1
359 397 1
359 744 1
360 377 1
360 398 1
361 367 1
361 386 1
361 396 1
362 459 1
362 506 1
363 370 1
363 389 1
363 400 1
364 366 1
364 368 1
364 625 1
365 368 1
365 369 1
365 378 1
365 392 1
365 393 1
365 397 1
365 464 1
365 723 1
366 393 1
366 397 1
366 433 1
366 657 1
367 381 1
367 779 1
368 815 1
369 396 1
369 398 1
369 647 1
369 823 1
369 901 1
370 413 1
370 536 1
372 376 1
372 793 1
372 853 1
373 394 1
373 875 1
374 386 1
374 388 1
374 575 1
375 397 1
375 576 1
375 582 1
375 963 1
375 985 1
376 388 1
377 515 1
377 601 1
377 867 1
378 381 1
378 398 1
378 664 1
379 387 1
379 396 1
380 382 1
380 387 1
380 599 1
381 400 1
382 391 1
382 458 1
382 561 1
382 760 1
382 919 1
383 391 1
383 400 1
384 559 1
384 578 1
384 973 1
385 400 1
386 399 1
386 440 1
386 584 1
386 674 1
386 931 1
386 991 1
387 397 1
387 585 1
389 397 1
390 414 1
391 398 1
391 533 1
391 553 1
391 731 1
392 397 1
392 754 1
393 893 1
394 399 1
394 832 1
396 400 1
396 472 1
396 530 1
396 945 1
398 399 1
399 430 1
400 486 1
401 406 1
401 444 1
401 494 1
401 647 1
402 416 1
402 470 1
402 473 1
402 490 1
402 496 1
402 640 1
403 421 1
403 439 1
403 452 1
403 473 1
403 474 1
403 480 1
403 698 1
403 968 1
404 442 1
404 443 1
404 487 1
404 512 1
404 639 1
404 754 1
405 434 1
405 436 1
405 439 1
405 449 1
405 451 1
405 719 1
406 421 1
406 438 1
406 455 1
406 462 1
406 493 1
406 529 1
407 448 1
407 455 1
407 458 1
407 462 1
408 430 1
408 434 1
408 456 1
408 466 1
408 467 1
408 476 1
408 487 1
409 415 1
409 436 1
409 441 1
409 462 1
409 604 1
410 423 1
410 493 1
410 811 1
412 413 1
412 434 1
412 460 1
412 461 1
412 471 1
412 487 1
413 425 1
413 434 1
413 437 1
413 448 1
413 477 1
413 529 1
413 760 1
414 415 1
414 418 1
414 447 1
414 449 1
414 452 1
414 455 1
414 549 1
414 730 1
414 786 1
414 818 1
415 442 1
415 472 1
415 598 1
415 688 1
415 896 1
416 422 1
416 438 1
416 446 1
416 723 1
416 896 1
417 445 1
417 456 1
417 465 1
417 475 1
417 484 1
417 494 1
417 937 1
418 429 1
418 435 1
418 450 1
418 453 1
418 456 1
418 921 1
419 456 1
419 464 1
419 473 1
419 475 1
419 476 1
419 487 1
419 494 1
419 788 1
420 434 1
420 454 1
420 481 1
420 484 1
420 495 1
420 645 1
420 679 1
420 995 1
421 426 1
421 429 1
421 676 1
422 426 1
422 431 1
422 446 1
422 450 1
422 457 1
422 495 1
422 836 1
423 429 1
423 470 1
423 475 1
423 809 1
423 894 1
424 431 1
424 460 1
424 471 1
424 946 1
425 598 1
425 916 1
426 428 1
426 442 1
426 444 1
426 466 1
426 688 1
426 894 1
427 454 1
427 482 1
427 488 1
427 489 1
427 499 1
427 507 1
427 673 1
427 703 1
428 469 1
428 492 1
428 768 1
429 431 1
429 437 1
429 470 1
429 475 1
429 657 1
429 726 1
430 451 1
430 457 1
430 473 1
430 488 1
430 490 1
430 494 1
430 555 1
431 729 1
431 949 1
432 443 1
432 445 1
432 487 1
432 735 1
433 444 1
433 497 1
433 538 1
434 436 1
435 441 1
435 448 1
435 449 1
435 490 1
435 813 1
436 444 1
436 482 1
437 449 1
437 451 1
437 456 1
437 488 1
437 586 1
437 681 1
437 954 1
438 443 1
438 469 1
438 982 1
439 465 1
439 484 1
439 497 1
439 616 1
439 705 1
439 897 1
440 447 1
440 476 1
440 484 1
440 644 1
441 442 1
441 466 1
441 496 1
441 584 1
442 483 1
442 622 1
442 774 1
443 462 1
443 475 1
443 483 1
443 490 1
443 790 1
443 963 1
444 468 1
445 448 1
445 487 1
445 944 1
446 448 1
446 455 1
446 473 1
446 493 1
446 704 1
446 786 1
446 923 1
446 933 1
447 448 1
447 458 1
447 470 1
448 450 1
448 458 1
448 486 1
448 500 1
449 452 1
449 458 1
449 472 1
449 487 1
449 954 1
450 459 1
450 491 1
450 492 1
450 550 1
450 607 1
450 662 1
451 458 1
451 459 1
451 462 1
451 465 1
451 840 1
452 461 1
452 472 1
452 477 1
452 486 1
452 499 1
452 664 1
452 896 1
452 969 1
453 459 1
454 459 1
454 479 1
454 499 1
454 812 1
454 901 1
455 467 1
455 471 1
455 484 1
455 823 1
456 467 1
456 695 1
457 488 1
457 494 1
457 500 1
457 739 1
458 465 1
458 482 1
458 499 1
458 551 1
458 582 1
458 720 1
458 805 1
458 964 1
459 464 1
459 472 1
459 598 1
459 645 1
459 667 1
460 465 1
460 594 1
460 840 1
461 463 1
462 473 1
463 470 1
463 492 1
463 929 1
464 485 1
464 498 1
464 707 1
464 748 1
465 471 1
465 940 1
466 495 1
467 478 1
468 492 1
468 703 1
468 818 1
468 912 1
469 495 1
469 829 1
470 486 1
470 490 1
470 496 1
470 667 1
471 483 1
471 702 1
471 889 1
471 953 1
471 968 1
473 494 1
474 478 1
474 496 1
474 584 1
475 485 1
476 482 1
476 493 1
476 669 1
476 848 1
478 492 1
478 495 1
480 938 1
481 498 1
481 700 1
482 486 1
482 496 1
482 810 1
483 493 1
483 577 1
484 499 1
485 886 1
487 490 1
487 695 1
488 494 1
489 720 1
489 740 1
489 792 1
491 796 1
492 493 1
492 706 1
492 972 1
493 499 1
493 579 1
493 618 1
494 978 1
497 559 1
497 835 1
497 909 1
497 992 1
498 932 1
499 594 1
500 770 1
500 983 1
501 517 1
501 524 1
501 535 1
501 545 1
501 578 1
501 593 1
501 999 1
502 515 1
502 519 1
502 529 1
502 537 1
502 579 1
502 587 1
502 599 1
502 874 1
503 507 1
503 525 1
503 537 1
503 549 1
503 739 1
504 534 1
504 539 1
504 581 1
504 584 1
504 585 1
504 599 1
505 528 1
505 556 1
505 573 1
505 585 1
505 637 1
506 517 1
506 540 1
506 552 1
506 573 1
507 514 1
507 547 1
507 574 1
507 589 1
507 595 1
508 544 1
508 569 1
508 579 1
508 588 1
509 558 1
509 559 1
509 560 1
509 650 1
509 948 1
509 992 1
509 993 1
510 551 1
510 560 1
510 562 1
510 572 1
510 580 1
510 582 1
510 759 1
510 850 1
511 538 1
511 539 1
511 543 1
511 545 1
511 585 1
511 840 1
511 963 1
512 538 1
512 549 1
512 567 1
512 569 1
512 592 1
512 998 1
513 515 1
513 516 1
513 529 1
513 562 1
513 584 1
514 546 1
514 562 1
514 593 1
515 551 1
515 552 1
515 562 1
515 564 1
516 562 1
516 563 1
516 564 1
516 583 1
516 720 1
517 533 1
517 543 1
517 557 1
517 577 1
517 840 1
518 528 1
518 529 1
518 596 1
518 929 1
519 530 1
519 536 1
519 559 1
519 563 1
519 996 1
520 957 1
521 561 1
521 590 1
521 596 1
521 815 1
522 523 1
522 579 1
522 703 1
522 759 1
523 524 1
523 544 1
523 589 1
524 541 1
524 549 1
524 567 1
525 553 1
525 724 1
525 750 1
526 537 1
526 556 1
526 558 1
526 560 1
526 565 1
526 586 1
527 539 1
527 559 1
528 529 1
528 555 1
528 559 1
528 572 1
528 587 1
528 732 1
529 555 1
529 556 1
529 566 1
530 537 1
530 545 1
530 797 1
531 543 1
531 575 1
531 589 1
531 742 1
532 598 1
532 630 1
532 813 1
533 548 1
533 571 1
533 585 1
533 593 1
534 553 1
534 570 1
534 589 1
535 538 1
535 539 1
536 544 1
536 548 1
536 557 1
536 570 1
536 581 1
536 595 1
536 632 1
536 896 1
537 538 1
537 572 1
537 593 1
537 960 1
538 540 1
538 545 1
538 556 1
538 564 1
538 579 1
538 583 1
538 589 1
539 563 1
539 572 1
540 542 1
540 579 1
540 592 1
540 786 1
541 551 1
541 587 1
542 546 1
542 554 1
542 557 1
542 559 1
542 944 1
543 546 1
543 576 1
544 560 1
544 576 1
544 597 1
544 702 1
545 551 1
545 585 1
545 587 1
545 588 1
545 594 1
545 920 1
546 571 1
546 575 1
547 574 1
547 591 1
547 598 1
547 599 1
547 871 1
548 567 1
548 576 1
548 587 1
549 550 1
549 566 1
549 570 1
549 594 1
550 562 1
550 591 1
551 573 1
551 820 1
552 581 1
552 595 1
552 797 1
553 558 1
553 559 1
553 577 1
553 581 1
553 582 1
553 599 1
554 559 1
554 567 1
554 576 1
554 845 1
555 579 1
556 558 1
556 584 1
556 590 1
556 594 1
556 622 1
557 560 1
557 594 1
558 561 1
558 564 1
558 575 1
558 596 1
558 793 1
559 586 1
559 592 1
559 685 1
560 570 1
560 572 1
561 570 1
561 588 1
561 775 1
562 579 1
562 587 1
562 592 1
562 600 1
563 587 1
563 592 1
563 600 1
563 946 1
564 625 1
564 767 1
564 921 1
565 569 1
565 859 1
565 897 1
566 575 1
566 576 1
566 586 1
566 974 1
567 585 1
567 595 1
567 596 1
567 618 1
567 672 1
567 761 1
567 822 1
567 907 1
568 571 1
568 583 1
568 907 1
568 946 1
568 953 1
569 910 1
570 578 1
570 800 1
570 987 1
572 579 1
572 593 1
572 915 1
573 593 1
573 756 1
574 590 1
574 752 1
574 771 1
574 931 1
575 580 1
575 598 1
576 582 1
576 760 1
578 580 1
578 651 1
579 637 1
579 656 1
581 583 1
583 589 1
583 594 1
583 608 1
583 772 1
584 599 1
584 625 1
584 637 1
585 832 1
586 664 1
589 827 1
589 900 1
591 835 1
592 679 1
592 702 1
595 760 1
596 961 1
596 991 1
598 672 1
599 894 1
601 639 1
601 698 1
602 604 1
602 611 1
602 618 1
602 670 1
602 838 1
603 611 1
603 620 1
603 636 1
603 661 1
603 666 1
603 681 1
603 684 1
603 692 1
603 864 1
604 609 1
604 672 1
604 690 1
604 742 1
604 891 1
604 983 1
605 644 1
605 722 1
606 622 1
606 655 1
606 664 1
606 693 1
606 700 1
607 637 1
607 645 1
607 650 1
607 662 1
607 672 1
608 614 1
608 622 1
608 639 1
608 653 1
608 665 1
608 850 1
609 611 1
609 619 1
609 629 1
609 656 1
609 668 1
610 630 1
610 636 1
610 637 1
610 644 1
610 659 1
611 635 1
611 691 1
611 718 1
612 646 1
612 656 1
613 626 1
613 628 1
613 634 1
613 638 1
613 655 1
614 627 1
614 628 1
614 629 1
614 647 1
614 684 1
614 697 1
615 665 1
615 677 1
615 681 1
615 687 1
615 691 1
615 692 1
615 700 1
615 963 1
616 632 1
616 648 1
616 670 1
616 691 1
617 622 1
617 640 1
617 657 1
617 659 1
617 669 1
617 687 1
617 999 1
618 637 1
618 668 1
618 687 1
619 620 1
619 634 1
619 687 1
619 691 1
619 837 1
620 656 1
620 671 1
621 624 1
621 632 1
621 638 1
621 664 1
621 696 1
621 699 1
621 923 1
622 656 1
622 657 1
622 661 1
622 671 1
622 676 1
622 787 1
623 638 1
623 651 1
623 682 1
623 699 1
624 634 1
624 639 1
624 659 1
624 683 1
624 685 1
624 698 1
624 807 1
624 985 1
625 659 1
625 688 1
625 718 1
626 648 1
626 651 1
626 677 1
626 692 1
626 837 1
626 986 1
627 647 1
627 651 1
627 661 1
627 664 1
627 674 1
627 684 1
627 686 1
627 687 1
627 697 1
628 638 1
628 642 1
628 665 1
628 683 1
628 853 1
628 880 1
628 955 1
629 637 1
629 648 1
629 693 1
630 655 1
630 657 1
630 686 1
630 690 1
630 699 1
631 682 1
631 688 1
632 639 1
632 663 1
632 678 1
633 640 1
633 643 1
633 652 1
633 706 1
634 639 1
634 652 1
634 674 1
635 657 1
635 685 1
635 833 1
635 989 1
636 660 1
636 667 1
637 641 1
637 669 1
637 683 1
637 698 1
638 643 1
638 675 1
638 678 1
638 680 1
639 645 1
639 652 1
639 654 1
639 671 1
639 685 1
640 641 1
640 646 1
640 661 1
640 665 1
640 670 1
640 685 1
641 642 1
641 651 1
641 686 1
642 660 1
642 670 1
642 691 1
642 695 1
642 816 1
643 665 1
643 698 1
643 767 1
643 951 1
644 650 1
644 687 1
645 654 1
645 667 1
645 681 1
645 689 1
647 672 1
647 689 1
647 696 1
647 726 1
647 776 1
647 795 1
648 656 1
648 664 1
648 668 1
648 698 1
649 684 1
649 697 1
650 669 1
650 674 1
650 688 1
650 962 1
651 668 1
651 675 1
651 684 1
651 689 1
651 785 1
651 797 1
651 928 1
652 667 1
652 684 1
654 670 1
654 698 1
654 703 1
654 798 1
655 656 1
655 663 1
655 678 1
655 697 1
656 664 1
656 680 1
656 683 1
656 684 1
657 685 1
657 693 1
658 660 1
658 671 1
658 689 1
658 856 1
659 680 1
659 681 1
659 697 1
660 669 1
660 698 1
661 670 1
661 683 1
662 682 1
662 765 1
662 896 1
663 666 1
664 665 1
664 694 1
665 685 1
666 698 1
666 699 1
667 668 1
668 692 1
668 775 1
669 673 1
669 698 1
670 673 1
670 685 1
671 682 1
672 884 1
674 781 1
675 676 1
675 689 1
675 697 1
677 872 1
678 689 1
678 690 1
678 757 1
678 860 1
682 688 1
682 941 1
682 945 1
683 855 1
684 689 1
684 695 1
684 866 1
686 693 1
688 893 1
691 759 1
694 695 1
695 714 1
695 776 1
697 790 1
697 987 1
699 850 1
700 759 1
701 702 1
701 717 1
701 734 1
701 745 1
701 747 1
701 782 1
701 791 1
702 745 1
702 756 1
702 759 1
702 766 1
702 777 1
702 782 1
703 705 1
703 708 1
703 768 1
703 833 1
704 706 1
704 723 1
704 730 1
704 748 1
704 756 1
704 794 1
704 797 1
704 815 1
705 732 1
705 733 1
705 764 1
705 767 1
705 770 1
706 738 1
706 754 1
706 756 1
706 792 1
706 793 1
706 799 1
707 731 1
707 764 1
707 785 1
708 713 1
708 729 1
708 796 1
708 877 1
708 894 1
708 955 1
709 713 1
709 764 1
710 712 1
710 715 1
710 724 1
710 746 1
710 760 1
710 775 1
710 789 1
711 718 1
711 776 1
711 790 1
712 724 1
712 727 1
712 728 1
712 730 1
712 739 1
712 742 1
712 759 1
712 770 1
712 791 1
712 934 1
713 728 1
713 745 1
713 747 1
713 763 1
713 786 1
713 789 1
713 914 1
713 996 1
714 723 1
714 729 1
714 769 1
714 771 1
714 789 1
714 792 1
715 716 1
715 717 1
715 724 1
715 725 1
715 735 1
715 752 1
715 783 1
716 732 1
716 736 1
716 743 1
716 753 1
716 755 1
716 759 1
716 975 1
717 771 1
717 778 1
718 720 1
718 757 1
718 788 1
719 721 1
719 773 1
719 777 1
719 779 1
720 729 1
720 744 1
720 775 1
720 779 1
721 729 1
721 752 1
721 771 1
721 775 1
722 727 1
722 781 1
722 788 1
723 773 1
723 775 1
723 786 1
723 836 1
723 995 1
724 762 1
725 755 1
725 783 1
725 880 1
726 774 1
726 794 1
726 897 1
727 741 1
727 748 1
727 760 1
727 793 1
728 733 1
728 737 1
728 784 1
729 734 1
729 741 1
729 758 1
729 761 1
729 762 1
730 739 1
730 767 1
730 888 1
731 735 1
731 776 1
731 786 1
732 735 1
732 775 1
732 780 1
732 792 1
732 795 1
732 989 1
733 782 1
733 799 1
733 966 1
734 735 1
734 776 1
734 784 1
734 948 1
735 745 1
735 751 1
735 775 1
736 741 1
736 766 1
736 792 1
736 932 1
737 990 1
738 740 1
738 741 1
738 756 1
738 785 1
738 859 1
738 975 1
739 754 1
739 755 1
739 761 1
739 770 1
739 781 1
739 794 1
740 741 1
740 745 1
740 757 1
740 779 1
741 754 1
741 766 1
741 792 1
742 773 1
742 779 1
742 789 1
742 851 1
744 747 1
744 763 1
744 764 1
744 772 1
744 776 1
745 746 1
745 749 1
745 789 1
745 790 1
745 868 1
746 753 1
746 759 1
746 772 1
746 783 1
746 800 1
746 893 1
747 763 1
747 769 1
747 792 1
748 779 1
748 782 1
749 752 1
749 770 1
750 782 1
751 765 1
751 768 1
751 891 1
752 784 1
753 755 1
753 769 1
753 788 1
753 795 1
753 832 1
753 989 1
754 796 1
754 936 1
755 758 1
755 761 1
755 763 1
755 777 1
755 785 1
755 799 1
756 772 1
756 780 1
756 797 1
757 761 1
757 770 1
757 777 1
757 787 1
758 791 1
758 999 1
759 775 1
759 799 1
760 779 1
760 972 1
761 776 1
761 790 1
762 774 1
762 926 1
763 777 1
764 771 1
764 778 1
764 785 1
765 766 1
765 840 1
766 776 1
767 768 1
767 771 1
768 781 1
769 789 1
770 771 1
771 798 1
772 784 1
772 792 1
773 780 1
773 799 1
774 784 1
774 793 1
774 798 1
775 776 1
775 793 1
775 795 1
775 959 1
776 786 1
777 784 1
777 804 1
777 943 1
779 782 1
780 783 1
782 787 1
783 786 1
785 796 1
786 935 1
789 834 1
792 878 1
794 799 1
794 879 1
797 799 1
797 978 1
800 806 1
800 853 1
800 868 1
801 815 1
801 864 1
801 884 1
801 893 1
801 894 1
801 923 1
802 808 1
802 835 1
802 867 1
802 889 1
802 943 1
802 998 1
802 999 1
803 817 1
803 830 1
803 844 1
803 855 1
803 870 1
803 880 1
803 978 1
804 824 1
804 827 1
804 834 1
804 838 1
804 877 1
804 883 1
805 814 1
805 846 1
806 820 1
806 836 1
806 837 1
806 854 1
806 872 1
806 887 1
806 899 1
807 861 1
807 864 1
807 880 1
807 896 1
808 828 1
808 829 1
808 836 1
808 837 1
808 857 1
808 882 1
808 974 1
809 824 1
809 841 1
809 849 1
810 821 1
810 862 1
810 889 1
810 907 1
811 824 1
811 836 1
811 849 1
811 860 1
811 933 1
811 967 1
812 849 1
812 864 1
812 874 1
812 880 1
812 893 1
813 815 1
813 818 1
813 828 1
813 839 1
813 841 1
813 855 1
813 956 1
814 836 1
814 848 1
814 849 1
814 854 1
814 873 1
814 882 1
814 883 1
814 888 1
814 891 1
815 856 1
816 840 1
816 842 1
816 864 1
816 873 1
816 885 1
816 899 1
816 900 1
817 840 1
817 843 1
817 846 1
817 866 1
817 993 1
818 826 1
818 829 1
818 830 1
818 839 1
818 849 1
818 864 1
818 870 1
818 900 1
819 822 1
819 834 1
819 856 1
819 874 1
820 850 1
820 854 1
820 868 1
820 869 1
820 891 1
820 900 1
821 835 1
821 848 1
821 857 1
821 879 1
821 880 1
821 885 1
822 829 1
822 853 1
822 877 1
822 885 1
823 851 1
823 859 1
823 896 1
824 827 1
824 843 1
825 853 1
825 868 1
825 884 1
825 899 1
826 828 1
826 831 1
826 842 1
826 854 1
826 870 1
826 888 1
826 892 1
826 898 1
827 853 1
827 854 1
827 860 1
827 871 1
828 899 1
829 867 1
829 868 1
830 866 1
830 869 1
830 884 1
830 891 1
832 833 1
832 843 1
832 895 1
833 850 1
833 854 1
833 870 1
833 871 1
834 888 1
834 889 1
834 899 1
835 867 1
836 845 1
836 865 1
836 878 1
836 882 1
836 887 1
837 868 1
837 883 1
837 949 1
838 839 1
838 851 1
838 856 1
838 896 1
838 898 1
839 844 1
839 848 1
839 850 1
839 851 1
839 859 1
839 867 1
840 856 1
840 859 1
840 875 1
840 881 1
840 886 1
841 842 1
841 849 1
841 866 1
841 886 1
842 853 1
842 859 1
842 929 1
842 938 1
843 872 1
844 894 1
844 944 1
845 865 1
846 876 1
847 866 1
847 873 1
847 888 1
848 862 1
848 869 1
848 891 1
848 895 1
849 856 1
849 872 1
849 880 1
849 888 1
849 896 1
850 856 1
850 878 1
850 891 1
851 869 1
852 894 1
853 898 1
854 879 1
855 858 1
855 861 1
855 891 1
855 895 1
855 913 1
855 931 1
856 876 1
857 859 1
857 873 1
857 883 1
857 936 1
858 890 1
858 891 1
859 877 1
859 895 1
859 937 1
860 868 1
860 881 1
861 865 1
861 884 1
861 885 1
862 874 1
862 878 1
863 873 1
864 896 1
865 869 1
866 883 1
867 881 1
867 882 1
867 898 1
868 875 1
868 876 1
868 877 1
868 882 1
868 894 1
869 871 1
869 888 1
869 892 1
869 896 1
869 898 1
869 923 1
870 872 1
870 891 1
870 892 1
871 880 1
871 884 1
873 893 1
874 878 1
874 889 1
874 891 1
874 896 1
875 878 1
875 888 1
875 889 1
875 895 1
876 886 1
876 944 1
877 881 1
877 891 1
877 894 1
878 945 1
879 881 1
880 889 1
880 900 1
881 893 1
881 894 1
882 899 1
885 908 1
886 941 1
889 897 1
891 900 1
892 913 1
894 899 1
901 917 1
901 967 1
901 978 1
902 915 1
902 935 1
902 946 1
902 967 1
902 996 1
903 913 1
903 917 1
903 919 1
903 920 1
903 931 1
903 951 1
903 954 1
903 963 1
904 914 1
904 916 1
904 933 1
904 969 1
904 980 1
904 984 1
904 986 1
904 1000 1
905 909 1
905 933 1
905 935 1
905 947 1
905 967 1
905 984 1
906 908 1
906 909 1
906 930 1
906 942 1
906 944 1
906 956 1
906 968 1
906 975 1
906 999 1
907 912 1
907 928 1
907 946 1
907 955 1
907 977 1
907 989 1
907 1000 1
908 978 1
909 910 1
909 916 1
909 920 1
909 962 1
909 991 1
909 1000 1
910 931 1
910 932 1
910 949 1
910 952 1
910 975 1
910 977 1
910 991 1
911 934 1
911 938 1
911 940 1
911 984 1
912 965 1
913 951 1
914 945 1
914 972 1
914 982 1
915 962 1
915 967 1
915 975 1
915 987 1
916 917 1
916 938 1
916 940 1
916 941 1
916 945 1
916 971 1
917 946 1
917 960 1
917 961 1
917 976 1
917 981 1
917 982 1
917 992 1
918 943 1
918 956 1
918 957 1
918 959 1
918 974 1
918 996 1
919 935 1
919 987 1
920 927 1
921 924 1
921 938 1
921 959 1
921 962 1
921 994 1
922 939 1
922 941 1
922 945 1
922 951 1
922 959 1
922 964 1
922 990 1
923 958 1
923 968 1
923 998 1
924 983 1
924 995 1
925 932 1
925 935 1
925 960 1
925 966 1
925 974 1
926 930 1
926 941 1
926 946 1
926 952 1
926 955 1
926 961 1
926 966 1
927 930 1
927 933 1
928 935 1
928 961 1
928 966 1
928 974 1
928 994 1
928 998 1
929 930 1
929 932 1
929 968 1
929 981 1
930 941 1
930 969 1
931 957 1
931 989 1
932 964 1
932 995 1
933 936 1
933 973 1
934 950 1
934 966 1
934 996 1
935 988 1
935 990 1
936 942 1
936 986 1
936 996 1
936 997 1
937 944 1
937 952 1
937 957 1
937 999 1
939 950 1
939 967 1
940 971 1
940 990 1
941 973 1
941 975 1
941 990 1
941 996 1
942 944 1
942 948 1
942 949 1
942 975 1
942 976 1
943 944 1
943 948 1
943 975 1
944 949 1
944 952 1
946 959 1
946 962 1
947 955 1
947 983 1
948 960 1
948 984 1
948 990 1
950 953 1
950 955 1
950 963 1
950 972 1
951 959 1
951 966 1
951 990 1
951 993 1
953 954 1
953 972 1
953 987 1
953 993 1
953 996 1
953 998 1
954 978 1
954 999 1
955 966 1
955 977 1
956 962 1
956 976 1
957 967 1
957 975 1
958 967 1
958 974 1
958 985 1
958 986 1
958 988 1
958 994 1
958 996 1
958 997 1
959 964 1
959 974 1
960 969 1
960 988 1
962 968 1
962 980 1
963 969 1
963 989 1
963 995 1
964 972 1
964 973 1
964 997 1
965 968 1
967 972 1
967 999 1
968 990 1
968 992 1
969 986 1
969 993 1
970 992 1
971 973 1
971 984 1
971 996 1
971 999 1
972 997 1
973 996 1
975 979 1
975 989 1
976 990 1
977 980 1
977 993 1
978 983 1
978 995 1
979 984 1
980 990 1
981 983 1
983 990 1
986 989 1
988 994 1
990 992 1
991 994 1
992 996 1
994 999 1
