1000 3345
1 7 1
1 29 1
1 33 1
1 72 1
1 74 1
1 86 1
1 89 1
1 739 1
2 11 1
2 16 1
2 25 1
2 30 1
2 48 1
2 58 1
2 68 1
2 71 1
2 439 1
2 846 1
3 20 1
3 35 1
3 38 1
3 43 1
3 67 1
3 69 1
3 70 1
3 88 1
4 41 1
4 58 1
4 59 1
4 204 1
4 827 1
5 36 1
5 63 1
5 70 1
5 126 1
5 285 1
6 12 1
6 15 1
6 28 1
6 29 1
6 83 1
6 91 1
6 419 1
6 716 1
6 723 1
7 41 1
7 55 1
7 66 1
7 83 1
7 86 1
8 48 1
8 69 1
8 99 1
8 718 1
9 31 1
9 46 1
9 51 1
9 100 1
9 546 1
9 867 1
10 12 1
10 19 1
10 47 1
10 67 1
10 72 1
10 85 1
10 88 1
10 304 1
10 406 1
10 422 1
10 439 1
11 23 1
11 85 1
11 86 1
11 360 1
11 366 1
11 716 1
11 973 1
12 25 1
12 299 1
12 722 1
13 43 1
13 52 1
13 74 1
14 31 1
14 32 1
14 82 1
14 88 1
14 146 1
14 396 1
14 497 1
14 557 1
14 598 1
15 63 1
15 84 1
16 17 1
16 50 1
16 63 1
16 72 1
16 90 1
16 127 1
17 46 1
17 50 1
17 92 1
17 726 1
17 941 1
18 26 1
18 45 1
18 54 1
18 64 1
18 66 1
19 23 1
19 28 1
19 33 1
19 41 1
19 89 1
19 389 1
19 480 1
19 702 1
20 23 1
20 45 1
20 55 1
20 77 1
20 216 1
20 753 1
21 28 1
21 46 1
21 52 1
21 187 1
21 621 1
21 784 1
21 848 1
21 900 1
22 46 1
22 66 1
22 752 1
23 34 1
23 35 1
23 65 1
23 508 1
23 781 1
24 30 1
24 48 1
24 52 1
24 62 1
24 76 1
24 96 1
25 41 1
25 61 1
25 66 1
25 542 1
25 637 1
26 32 1
26 44 1
26 63 1
26 70 1
26 71 1
26 74 1
27 84 1
27 95 1
27 317 1
27 568 1
28 48 1
28 50 1
28 51 1
28 56 1
28 133 1
28 586 1
28 909 1
28 970 1
29 44 1
29 70 1
29 84 1
29 93 1
29 286 1
30 34 1
30 35 1
30 47 1
30 62 1
30 74 1
30 262 1
30 972 1
31 48 1
31 68 1
31 95 1
31 789 1
32 44 1
32 46 1
32 57 1
32 65 1
32 586 1
33 37 1
33 45 1
33 49 1
33 54 1
33 55 1
34 38 1
34 54 1
34 56 1
34 58 1
34 68 1
34 729 1
35 82 1
35 83 1
35 931 1
36 51 1
36 72 1
36 78 1
36 84 1
36 664 1
37 53 1
37 68 1
37 92 1
37 149 1
37 474 1
38 64 1
38 90 1
38 669 1
38 850 1
39 57 1
39 62 1
39 69 1
39 282 1
39 412 1
39 558 1
40 47 1
40 53 1
40 62 1
40 67 1
40 70 1
40 81 1
40 90 1
40 105 1
41 93 1
41 834 1
41 946 1
41 1000 1
42 56 1
42 76 1
42 77 1
42 931 1
43 65 1
43 67 1
43 75 1
43 83 1
43 99 1
43 263 1
44 65 1
45 73 1
45 96 1
46 80 1
46 85 1
46 89 1
46 333 1
46 728 1
46 928 1
47 68 1
47 79 1
47 704 1
47 921 1
47 998 1
48 74 1
48 94 1
48 220 1
48 478 1
49 61 1
49 62 1
49 64 1
49 80 1
49 416 1
49 887 1
50 93 1
50 96 1
50 97 1
51 52 1
51 86 1
51 98 1
51 236 1
52 55 1
52 65 1
52 68 1
52 69 1
52 70 1
52 78 1
52 79 1
52 80 1
52 81 1
53 59 1
53 68 1
53 580 1
53 672 1
54 98 1
54 199 1
54 890 1
55 60 1
55 62 1
55 68 1
55 69 1
55 74 1
55 158 1
55 322 1
56 87 1
56 88 1
56 228 1
56 427 1
56 839 1
56 900 1
57 73 1
57 202 1
57 317 1
57 744 1
58 62 1
58 84 1
58 90 1
58 979 1
59 70 1
59 704 1
60 966 1
61 62 1
61 100 1
61 129 1
61 322 1
62 243 1
62 492 1
62 782 1
63 86 1
63 95 1
64 87 1
64 98 1
64 100 1
65 97 1
65 100 1
65 863 1
66 78 1
66 89 1
66 142 1
66 406 1
66 689 1
66 895 1
67 72 1
67 198 1
67 237 1
67 579 1
67 707 1
67 939 1
68 80 1
68 90 1
68 776 1
68 870 1
69 81 1
69 85 1
69 94 1
69 552 1
70 426 1
70 960 1
71 84 1
71 91 1
71 238 1
71 486 1
72 74 1
72 84 1
72 87 1
72 325 1
73 82 1
73 84 1
73 87 1
74 318 1
75 144 1
75 956 1
75 967 1
76 90 1
76 752 1
77 92 1
77 312 1
77 972 1
78 81 1
78 132 1
78 730 1
79 82 1
79 85 1
79 98 1
79 985 1
80 104 1
80 249 1
80 778 1
81 89 1
81 91 1
82 92 1
82 249 1
82 799 1
83 380 1
83 690 1
84 87 1
84 267 1
84 579 1
84 651 1
85 96 1
85 838 1
86 91 1
86 252 1
86 282 1
86 598 1
86 780 1
87 373 1
87 548 1
87 999 1
88 95 1
88 243 1
89 98 1
90 91 1
90 457 1
90 849 1
92 94 1
93 266 1
93 371 1
93 518 1
93 697 1
93 954 1
94 304 1
94 491 1
94 857 1
96 278 1
96 789 1
97 558 1
97 939 1
98 227 1
99 216 1
99 341 1
99 395 1
99 880 1
100 140 1
100 807 1
101 135 1
101 140 1
101 150 1
101 153 1
101 167 1
101 182 1
101 353 1
102 115 1
102 136 1
102 141 1
102 162 1
102 739 1
102 841 1
103 155 1
103 173 1
103 744 1
103 751 1
104 137 1
104 147 1
104 158 1
104 161 1
104 164 1
104 173 1
104 835 1
105 119 1
105 129 1
105 136 1
105 153 1
105 165 1
105 275 1
105 753 1
106 111 1
106 138 1
106 193 1
106 579 1
106 949 1
107 121 1
107 125 1
107 160 1
107 168 1
107 425 1
107 673 1
107 947 1
107 968 1
108 112 1
108 119 1
108 122 1
108 125 1
108 128 1
108 137 1
108 141 1
108 147 1
108 155 1
108 160 1
108 163 1
108 184 1
108 189 1
108 191 1
108 366 1
108 436 1
109 129 1
109 133 1
109 142 1
109 150 1
109 161 1
109 191 1
109 194 1
110 120 1
110 139 1
110 144 1
110 159 1
110 187 1
110 309 1
110 747 1
111 134 1
111 166 1
111 183 1
111 190 1
111 196 1
111 691 1
111 708 1
112 120 1
112 148 1
112 156 1
112 307 1
113 811 1
114 119 1
114 124 1
114 132 1
114 138 1
114 193 1
114 197 1
114 259 1
114 905 1
115 118 1
115 160 1
115 183 1
115 184 1
115 190 1
115 285 1
115 705 1
116 127 1
116 142 1
116 147 1
116 170 1
116 181 1
116 190 1
116 195 1
116 307 1
116 453 1
116 967 1
117 119 1
117 122 1
117 134 1
117 153 1
117 161 1
117 181 1
117 198 1
117 354 1
117 500 1
117 533 1
118 152 1
118 178 1
118 186 1
118 193 1
118 274 1
118 279 1
118 427 1
118 899 1
119 134 1
119 171 1
119 177 1
119 358 1
119 607 1
119 938 1
120 150 1
120 152 1
120 157 1
120 200 1
120 401 1
120 449 1
121 128 1
121 148 1
121 172 1
121 185 1
121 296 1
122 163 1
122 167 1
122 174 1
122 197 1
122 318 1
123 134 1
123 147 1
123 510 1
123 856 1
124 127 1
124 695 1
125 139 1
125 142 1
125 146 1
125 164 1
125 177 1
125 178 1
125 197 1
125 198 1
125 207 1
125 310 1
126 172 1
126 179 1
126 422 1
126 570 1
126 643 1
126 803 1
127 137 1
127 177 1
127 199 1
127 711 1
128 819 1
129 130 1
129 147 1
129 160 1
129 166 1
129 197 1
129 207 1
129 417 1
130 134 1
130 138 1
130 150 1
130 161 1
130 174 1
130 176 1
130 188 1
130 644 1
131 146 1
131 165 1
131 188 1
131 195 1
131 560 1
131 903 1
132 176 1
132 482 1
132 795 1
133 135 1
133 143 1
133 233 1
133 917 1
134 182 1
134 683 1
134 885 1
135 156 1
135 866 1
136 159 1
136 181 1
137 169 1
137 175 1
137 199 1
137 319 1
137 357 1
137 917 1
138 150 1
138 192 1
138 541 1
139 165 1
139 173 1
139 199 1
139 256 1
140 160 1
140 174 1
140 177 1
140 199 1
140 302 1
141 142 1
141 184 1
141 755 1
141 928 1
142 164 1
142 194 1
142 678 1
143 159 1
143 161 1
143 167 1
143 170 1
143 181 1
143 192 1
143 249 1
143 824 1
144 172 1
144 179 1
144 188 1
144 197 1
144 546 1
145 149 1
145 180 1
145 183 1
145 973 1
146 167 1
146 171 1
146 195 1
146 356 1
146 444 1
147 191 1
147 399 1
147 471 1
147 510 1
147 921 1
148 184 1
148 194 1
148 195 1
148 575 1
148 772 1
148 823 1
149 169 1
149 325 1
150 155 1
150 158 1
150 180 1
150 549 1
150 639 1
150 766 1
150 808 1
151 188 1
152 160 1
152 182 1
152 197 1
153 235 1
154 155 1
154 189 1
154 230 1
154 835 1
155 162 1
155 177 1
155 179 1
156 173 1
157 171 1
157 185 1
157 318 1
157 512 1
157 740 1
158 180 1
158 181 1
158 323 1
159 165 1
159 168 1
159 197 1
159 417 1
159 722 1
159 970 1
160 171 1
161 188 1
162 180 1
162 193 1
162 718 1
162 982 1
163 178 1
163 183 1
163 243 1
163 477 1
164 194 1
164 195 1
164 299 1
164 927 1
165 168 1
165 393 1
165 539 1
165 689 1
166 173 1
167 191 1
167 198 1
167 249 1
167 291 1
167 717 1
168 612 1
169 171 1
169 327 1
169 683 1
169 704 1
169 717 1
170 372 1
171 200 1
171 233 1
171 607 1
172 192 1
172 434 1
173 175 1
173 182 1
173 198 1
173 780 1
173 880 1
174 696 1
174 749 1
175 195 1
176 198 1
176 755 1
176 946 1
177 187 1
177 265 1
178 200 1
178 322 1
179 186 1
179 189 1
179 196 1
179 252 1
179 851 1
179 952 1
180 186 1
180 187 1
180 233 1
180 658 1
180 760 1
180 886 1
182 186 1
182 325 1
182 646 1
182 733 1
182 765 1
182 929 1
183 199 1
183 208 1
183 662 1
184 193 1
184 884 1
185 186 1
185 199 1
185 792 1
188 200 1
188 324 1
189 190 1
189 373 1
189 532 1
189 643 1
190 216 1
190 717 1
190 944 1
191 193 1
192 202 1
192 220 1
192 520 1
192 937 1
193 194 1
193 371 1
193 691 1
194 197 1
194 372 1
195 471 1
195 562 1
196 311 1
196 320 1
196 335 1
196 758 1
197 199 1
197 425 1
197 786 1
197 880 1
197 884 1
198 782 1
198 877 1
199 619 1
199 645 1
200 323 1
200 622 1
200 905 1
201 207 1
201 240 1
201 241 1
201 273 1
201 281 1
202 250 1
202 272 1
202 448 1
202 813 1
202 876 1
203 243 1
203 255 1
203 257 1
203 279 1
203 288 1
203 291 1
203 475 1
203 640 1
203 646 1
204 222 1
204 226 1
204 231 1
204 240 1
204 255 1
204 257 1
204 259 1
204 294 1
204 295 1
205 234 1
205 238 1
205 270 1
205 283 1
206 277 1
206 441 1
206 621 1
207 214 1
207 222 1
207 244 1
207 276 1
207 278 1
207 971 1
207 982 1
208 214 1
208 245 1
208 255 1
208 314 1
208 550 1
208 578 1
209 211 1
209 219 1
209 231 1
209 254 1
209 261 1
209 265 1
209 277 1
210 211 1
210 251 1
210 292 1
210 297 1
211 223 1
211 255 1
211 288 1
212 213 1
212 242 1
212 264 1
212 394 1
212 674 1
213 220 1
213 231 1
213 239 1
213 269 1
214 256 1
214 257 1
214 286 1
214 289 1
214 294 1
214 296 1
214 448 1
215 225 1
215 232 1
215 241 1
215 250 1
215 269 1
215 284 1
215 289 1
215 754 1
215 985 1
216 242 1
216 266 1
216 608 1
217 269 1
217 288 1
217 298 1
217 341 1
217 812 1
218 231 1
218 437 1
218 594 1
218 657 1
219 275 1
219 276 1
220 228 1
220 278 1
220 284 1
221 228 1
221 252 1
221 269 1
221 504 1
221 950 1
222 236 1
222 243 1
222 246 1
222 267 1
222 340 1
223 229 1
223 246 1
223 247 1
223 273 1
223 275 1
223 897 1
223 913 1
224 226 1
224 238 1
224 252 1
224 261 1
224 265 1
224 299 1
224 333 1
225 261 1
225 292 1
225 296 1
226 233 1
226 268 1
226 271 1
226 296 1
226 658 1
227 244 1
227 248 1
227 254 1
227 271 1
227 276 1
227 914 1
228 245 1
228 256 1
228 271 1
228 274 1
229 286 1
230 266 1
230 273 1
231 232 1
231 233 1
231 251 1
231 253 1
231 286 1
232 237 1
232 276 1
232 281 1
233 262 1
233 265 1
233 281 1
233 751 1
233 845 1
234 236 1
234 255 1
234 268 1
234 278 1
234 286 1
234 290 1
235 274 1
235 295 1
235 462 1
236 242 1
236 260 1
236 266 1
236 299 1
236 919 1
237 238 1
237 250 1
237 254 1
237 289 1
237 293 1
237 860 1
238 261 1
238 263 1
238 273 1
238 954 1
239 240 1
239 273 1
239 274 1
239 278 1
239 283 1
239 287 1
239 296 1
239 308 1
239 324 1
239 632 1
240 246 1
240 248 1
240 291 1
241 251 1
241 260 1
241 266 1
241 270 1
241 284 1
241 288 1
241 290 1
241 433 1
242 251 1
242 257 1
242 268 1
242 269 1
242 270 1
242 286 1
242 292 1
243 253 1
243 271 1
244 296 1
244 589 1
244 741 1
244 898 1
245 264 1
245 282 1
245 286 1
245 625 1
246 258 1
246 262 1
246 268 1
246 299 1
247 279 1
248 249 1
248 268 1
248 491 1
248 650 1
249 265 1
249 287 1
249 852 1
250 285 1
250 289 1
250 297 1
250 692 1
251 254 1
251 274 1
251 487 1
251 578 1
252 284 1
252 287 1
252 443 1
252 933 1
253 276 1
253 295 1
254 270 1
255 287 1
255 299 1
255 487 1
255 742 1
256 259 1
256 268 1
257 265 1
257 266 1
257 273 1
257 279 1
257 290 1
257 294 1
257 296 1
257 523 1
258 278 1
258 298 1
258 555 1
259 281 1
259 300 1
259 371 1
259 520 1
260 262 1
260 263 1
260 265 1
260 284 1
260 457 1
260 470 1
260 568 1
260 583 1
260 905 1
260 980 1
262 267 1
262 268 1
262 323 1
262 353 1
262 727 1
263 270 1
263 660 1
263 795 1
264 276 1
264 291 1
264 316 1
264 566 1
265 280 1
265 298 1
265 595 1
266 273 1
266 296 1
266 784 1
267 295 1
267 593 1
267 777 1
268 290 1
268 291 1
268 297 1
268 380 1
269 288 1
269 294 1
269 924 1
271 296 1
271 890 1
272 488 1
272 806 1
273 376 1
273 378 1
273 432 1
273 453 1
274 276 1
274 287 1
274 292 1
274 298 1
274 662 1
274 894 1
274 909 1
275 280 1
275 297 1
275 405 1
275 783 1
275 851 1
276 298 1
276 978 1
277 283 1
277 295 1
277 680 1
278 873 1
278 952 1
279 281 1
279 284 1
279 289 1
279 300 1
279 398 1
279 619 1
279 659 1
280 688 1
281 285 1
281 291 1
282 464 1
283 284 1
283 287 1
283 300 1
284 298 1
284 634 1
284 649 1
284 809 1
284 979 1
285 765 1
286 417 1
286 630 1
287 293 1
287 580 1
287 691 1
288 540 1
290 291 1
290 300 1
290 425 1
290 557 1
290 754 1
291 497 1
291 709 1
292 299 1
293 295 1
293 334 1
293 909 1
294 377 1
294 933 1
295 902 1
296 393 1
296 475 1
296 593 1
296 892 1
298 697 1
298 825 1
299 300 1
300 702 1
300 953 1
301 330 1
301 374 1
301 389 1
302 307 1
302 326 1
302 328 1
302 336 1
302 349 1
302 356 1
302 386 1
303 330 1
303 333 1
303 340 1
303 354 1
303 355 1
303 361 1
303 381 1
303 870 1
303 994 1
304 321 1
304 339 1
304 362 1
304 396 1
304 710 1
304 919 1
305 318 1
305 333 1
305 352 1
305 374 1
305 378 1
305 390 1
305 527 1
305 563 1
306 307 1
306 322 1
306 369 1
306 379 1
306 390 1
306 949 1
307 310 1
307 328 1
307 338 1
307 373 1
308 314 1
308 342 1
308 343 1
308 366 1
308 633 1
309 315 1
309 338 1
309 360 1
309 365 1
309 383 1
310 347 1
310 352 1
310 363 1
310 364 1
311 322 1
311 326 1
311 349 1
311 350 1
311 354 1
311 384 1
311 396 1
312 330 1
312 373 1
312 385 1
312 388 1
312 755 1
313 327 1
313 355 1
313 366 1
313 382 1
313 383 1
314 345 1
314 348 1
314 354 1
314 355 1
314 474 1
314 478 1
314 818 1
315 322 1
315 385 1
315 408 1
315 627 1
316 352 1
316 370 1
316 372 1
316 606 1
316 753 1
316 888 1
317 326 1
317 337 1
317 347 1
317 570 1
317 870 1
318 327 1
318 338 1
318 342 1
318 376 1
319 320 1
319 331 1
319 332 1
319 334 1
319 336 1
319 350 1
319 355 1
319 361 1
319 362 1
319 381 1
319 411 1
319 526 1
319 592 1
320 330 1
320 371 1
320 601 1
320 643 1
320 868 1
321 337 1
321 373 1
321 376 1
321 677 1
322 352 1
322 454 1
322 571 1
322 884 1
323 332 1
323 342 1
323 350 1
323 354 1
323 382 1
323 637 1
323 659 1
324 349 1
324 373 1
324 380 1
324 387 1
324 679 1
325 354 1
325 397 1
325 722 1
325 926 1
326 328 1
326 356 1
326 366 1
326 377 1
326 445 1
326 506 1
326 570 1
326 699 1
327 338 1
327 347 1
327 378 1
327 527 1
327 758 1
327 849 1
328 343 1
328 344 1
328 370 1
328 615 1
329 333 1
329 355 1
329 367 1
329 375 1
329 384 1
329 387 1
329 465 1
329 931 1
331 333 1
331 339 1
331 360 1
331 385 1
332 360 1
332 373 1
332 387 1
332 397 1
332 676 1
333 346 1
333 354 1
333 368 1
333 398 1
334 836 1
334 854 1
335 349 1
335 353 1
335 367 1
335 387 1
335 392 1
335 421 1
336 351 1
336 360 1
336 386 1
336 387 1
337 353 1
337 355 1
337 363 1
337 375 1
337 384 1
337 399 1
337 994 1
338 340 1
338 346 1
338 355 1
338 363 1
338 384 1
338 425 1
338 962 1
339 349 1
339 857 1
340 390 1
341 364 1
341 381 1
341 382 1
341 880 1
342 355 1
342 393 1
343 345 1
343 349 1
343 389 1
343 580 1
344 360 1
344 370 1
344 394 1
344 395 1
344 602 1
345 372 1
345 929 1
346 348 1
346 361 1
346 384 1
346 393 1
346 697 1
347 350 1
347 360 1
347 996 1
348 380 1
348 502 1
349 350 1
349 351 1
349 372 1
349 932 1
349 935 1
349 948 1
350 369 1
350 384 1
350 396 1
350 755 1
351 353 1
351 360 1
351 367 1
351 373 1
351 384 1
351 397 1
351 961 1
352 363 1
352 719 1
353 366 1
353 375 1
353 382 1
353 387 1
353 719 1
354 364 1
354 386 1
354 583 1
354 599 1
355 358 1
355 633 1
356 366 1
356 380 1
356 399 1
357 368 1
357 446 1
357 490 1
357 551 1
357 713 1
358 381 1
358 384 1
358 385 1
358 398 1
358 429 1
358 997 1
359 389 1
359 394 1
359 398 1
359 415 1
359 419 1
359 576 1
359 801 1
361 391 1
361 395 1
362 374 1
362 380 1
362 396 1
362 965 1
363 397 1
364 382 1
364 385 1
364 387 1
364 394 1
365 657 1
366 401 1
366 549 1
366 740 1
367 550 1
368 372 1
368 376 1
368 382 1
368 398 1
368 399 1
369 385 1
369 387 1
369 392 1
369 397 1
370 381 1
370 400 1
370 718 1
371 538 1
372 378 1
372 392 1
372 397 1
372 613 1
372 678 1
373 384 1
373 544 1
374 376 1
375 377 1
375 381 1
375 385 1
375 769 1
375 779 1
375 902 1
376 378 1
376 386 1
376 669 1
376 885 1
377 837 1
378 637 1
379 400 1
379 874 1
380 408 1
380 543 1
380 896 1
380 897 1
382 387 1
382 709 1
383 391 1
383 614 1
383 620 1
383 913 1
384 596 1
384 760 1
385 646 1
386 387 1
386 389 1
387 396 1
387 399 1
388 788 1
389 396 1
389 399 1
389 508 1
389 602 1
389 705 1
389 812 1
389 904 1
390 392 1
390 585 1
390 798 1
391 696 1
393 400 1
394 981 1
395 399 1
396 487 1
396 653 1
396 708 1
396 728 1
396 823 1
396 941 1
397 574 1
398 937 1
400 423 1
400 461 1
401 428 1
401 438 1
401 447 1
401 461 1
401 462 1
401 472 1
401 481 1
401 490 1
401 496 1
402 414 1
402 436 1
402 449 1
402 492 1
403 428 1
403 451 1
403 458 1
403 488 1
403 499 1
403 516 1
403 751 1
404 417 1
404 435 1
404 458 1
404 470 1
404 946 1
405 438 1
405 444 1
405 461 1
405 471 1
405 488 1
406 419 1
406 437 1
406 451 1
406 477 1
406 533 1
406 718 1
406 918 1
406 966 1
407 421 1
407 423 1
407 476 1
407 481 1
407 486 1
407 489 1
408 414 1
408 478 1
408 990 1
409 436 1
409 457 1
409 495 1
409 848 1
410 421 1
410 423 1
410 440 1
410 630 1
410 807 1
410 825 1
411 479 1
411 480 1
411 663 1
412 437 1
412 450 1
412 456 1
412 464 1
412 493 1
412 950 1
413 417 1
413 458 1
414 421 1
414 435 1
414 446 1
414 464 1
414 486 1
414 490 1
414 667 1
415 421 1
415 472 1
415 474 1
415 477 1
415 478 1
415 485 1
415 491 1
415 615 1
415 684 1
415 730 1
415 807 1
416 422 1
416 442 1
416 450 1
416 452 1
416 559 1
416 649 1
417 418 1
417 428 1
417 444 1
417 446 1
417 451 1
417 537 1
417 601 1
417 708 1
418 459 1
418 478 1
418 500 1
418 667 1
418 872 1
419 423 1
419 457 1
419 467 1
419 617 1
419 678 1
419 872 1
420 441 1
420 451 1
420 472 1
420 475 1
421 434 1
421 463 1
421 465 1
421 470 1
422 436 1
422 443 1
422 488 1
422 962 1
423 424 1
423 439 1
423 441 1
423 446 1
423 455 1
423 497 1
424 426 1
424 432 1
424 441 1
424 461 1
424 494 1
424 498 1
424 765 1
425 462 1
425 463 1
425 472 1
425 477 1
426 478 1
426 490 1
426 665 1
427 452 1
427 458 1
428 435 1
428 446 1
428 921 1
430 441 1
430 475 1
430 496 1
430 497 1
430 770 1
430 891 1
431 473 1
431 480 1
431 498 1
432 473 1
432 491 1
432 778 1
433 483 1
434 435 1
434 459 1
434 491 1
434 494 1
434 496 1
434 498 1
434 618 1
435 449 1
435 450 1
435 451 1
435 466 1
435 486 1
435 742 1
436 444 1
436 448 1
436 487 1
437 450 1
437 463 1
437 475 1
437 476 1
437 477 1
437 600 1
438 446 1
438 450 1
438 455 1
438 476 1
438 489 1
438 499 1
438 653 1
438 910 1
438 928 1
439 452 1
439 465 1
439 470 1
439 477 1
440 446 1
440 460 1
440 471 1
440 486 1
440 492 1
442 452 1
442 469 1
443 467 1
443 480 1
443 487 1
443 489 1
443 714 1
443 833 1
444 495 1
444 496 1
444 789 1
445 450 1
445 471 1
445 500 1
445 518 1
446 450 1
446 485 1
446 670 1
446 914 1
447 448 1
447 450 1
447 482 1
447 483 1
447 492 1
447 497 1
448 461 1
448 463 1
448 484 1
448 486 1
448 490 1
448 492 1
448 830 1
449 454 1
449 482 1
449 489 1
449 494 1
450 470 1
450 954 1
451 824 1
451 933 1
452 454 1
452 788 1
453 484 1
453 490 1
454 459 1
454 487 1
454 989 1
455 475 1
455 488 1
455 968 1
456 469 1
456 483 1
456 632 1
456 809 1
456 963 1
458 479 1
458 488 1
458 827 1
459 470 1
459 493 1
459 621 1
459 785 1
460 466 1
461 462 1
461 473 1
461 488 1
461 640 1
463 473 1
463 479 1
463 486 1
464 467 1
464 474 1
464 475 1
464 476 1
465 914 1
466 491 1
467 472 1
467 863 1
468 486 1
468 570 1
468 800 1
468 821 1
469 474 1
469 490 1
469 492 1
469 494 1
469 942 1
470 869 1
470 919 1
472 481 1
472 496 1
473 489 1
473 921 1
474 492 1
474 500 1
474 753 1
474 939 1
474 974 1
475 668 1
475 923 1
476 481 1
476 795 1
476 935 1
476 947 1
477 498 1
477 666 1
477 833 1
478 489 1
479 498 1
479 995 1
480 610 1
481 492 1
481 499 1
481 878 1
482 715 1
484 703 1
484 754 1
486 660 1
487 490 1
487 493 1
487 547 1
488 721 1
490 491 1
490 636 1
491 927 1
492 736 1
492 772 1
493 524 1
493 926 1
494 495 1
494 498 1
495 983 1
498 924 1
499 680 1
499 843 1
499 854 1
499 996 1
501 503 1
501 514 1
501 527 1
501 534 1
501 579 1
501 580 1
502 508 1
502 510 1
502 511 1
502 542 1
502 593 1
502 594 1
503 504 1
503 512 1
503 524 1
503 538 1
503 541 1
503 545 1
503 552 1
503 577 1
504 537 1
504 570 1
504 585 1
505 517 1
505 520 1
505 530 1
505 563 1
505 566 1
505 583 1
505 586 1
506 531 1
506 537 1
506 545 1
506 589 1
506 600 1
506 607 1
506 812 1
507 520 1
507 530 1
507 565 1
507 568 1
507 569 1
507 596 1
507 718 1
508 511 1
508 514 1
508 524 1
508 530 1
508 547 1
508 563 1
508 567 1
508 578 1
508 588 1
508 682 1
509 552 1
509 576 1
510 514 1
510 524 1
510 528 1
510 558 1
510 599 1
511 523 1
511 526 1
511 542 1
511 734 1
512 549 1
512 587 1
512 589 1
513 524 1
513 553 1
513 554 1
513 579 1
514 551 1
514 575 1
514 586 1
514 806 1
515 549 1
515 557 1
515 575 1
515 581 1
515 591 1
515 687 1
516 525 1
516 568 1
516 769 1
517 519 1
517 526 1
517 535 1
517 555 1
517 572 1
517 587 1
517 601 1
518 529 1
518 550 1
518 600 1
518 775 1
518 993 1
519 562 1
519 582 1
519 596 1
519 599 1
520 545 1
520 570 1
520 575 1
520 592 1
521 549 1
521 550 1
521 553 1
521 569 1
521 853 1
522 529 1
522 531 1
522 568 1
522 578 1
522 695 1
522 744 1
523 537 1
523 551 1
523 563 1
523 570 1
524 542 1
524 553 1
524 583 1
524 590 1
524 994 1
525 549 1
525 586 1
525 597 1
525 598 1
525 609 1
525 686 1
526 530 1
526 532 1
526 534 1
526 541 1
526 732 1
527 564 1
527 565 1
527 594 1
527 749 1
528 549 1
528 782 1
529 534 1
529 552 1
529 575 1
529 586 1
529 600 1
529 782 1
530 549 1
530 561 1
530 562 1
530 586 1
530 737 1
531 560 1
531 564 1
531 580 1
532 573 1
532 677 1
532 813 1
532 893 1
532 999 1
533 548 1
533 557 1
533 595 1
533 598 1
534 536 1
534 539 1
534 544 1
534 566 1
534 683 1
535 538 1
535 546 1
535 548 1
535 584 1
536 559 1
536 599 1
537 546 1
537 551 1
537 585 1
537 595 1
538 544 1
538 650 1
539 553 1
539 554 1
539 572 1
539 580 1
539 939 1
540 564 1
540 566 1
540 581 1
541 556 1
541 559 1
541 575 1
542 547 1
542 573 1
542 591 1
542 593 1
542 599 1
542 710 1
543 866 1
544 552 1
544 554 1
544 569 1
544 592 1
544 826 1
545 556 1
545 563 1
545 579 1
545 590 1
545 592 1
545 661 1
546 576 1
546 652 1
546 847 1
547 560 1
547 564 1
547 579 1
548 562 1
548 565 1
548 566 1
548 569 1
548 597 1
549 591 1
549 598 1
550 593 1
550 596 1
550 658 1
551 563 1
551 736 1
552 578 1
552 709 1
553 563 1
553 595 1
553 703 1
553 705 1
554 557 1
554 569 1
554 637 1
554 645 1
554 885 1
555 568 1
555 591 1
555 998 1
556 578 1
556 645 1
556 751 1
556 916 1
556 928 1
556 993 1
558 571 1
558 576 1
558 578 1
558 589 1
559 573 1
559 600 1
559 659 1
559 891 1
560 562 1
560 564 1
560 585 1
560 599 1
561 571 1
561 576 1
561 588 1
561 968 1
562 579 1
562 589 1
562 591 1
562 600 1
562 872 1
563 570 1
563 573 1
563 575 1
565 576 1
566 570 1
566 581 1
566 787 1
569 593 1
570 575 1
570 593 1
570 597 1
571 583 1
571 587 1
572 574 1
572 575 1
572 583 1
573 600 1
573 910 1
574 578 1
574 588 1
574 875 1
576 579 1
576 585 1
576 590 1
576 598 1
576 939 1
577 587 1
578 801 1
579 583 1
581 582 1
581 596 1
581 961 1
581 989 1
582 587 1
582 594 1
582 905 1
583 590 1
583 735 1
584 587 1
584 595 1
584 598 1
586 589 1
586 659 1
586 840 1
587 592 1
587 594 1
587 707 1
589 593 1
590 654 1
590 742 1
591 596 1
592 593 1
595 709 1
595 884 1
597 715 1
597 796 1
599 886 1
600 671 1
600 763 1
601 620 1
601 633 1
601 635 1
601 681 1
601 693 1
602 607 1
602 621 1
602 679 1
603 653 1
603 695 1
603 699 1
603 700 1
604 684 1
605 621 1
605 653 1
605 656 1
605 692 1
605 697 1
606 852 1
607 613 1
607 670 1
607 693 1
608 625 1
608 627 1
608 634 1
608 640 1
608 661 1
608 671 1
608 684 1
608 917 1
609 617 1
609 630 1
609 646 1
609 650 1
609 653 1
609 656 1
609 665 1
609 672 1
609 692 1
609 994 1
610 614 1
610 632 1
610 636 1
610 693 1
611 650 1
611 661 1
611 692 1
611 708 1
612 636 1
612 653 1
612 655 1
612 660 1
612 677 1
612 685 1
612 699 1
613 624 1
613 635 1
613 688 1
613 723 1
614 617 1
614 622 1
614 650 1
614 657 1
614 668 1
614 698 1
614 720 1
615 648 1
615 853 1
615 876 1
616 636 1
616 652 1
616 655 1
616 756 1
616 892 1
617 620 1
617 639 1
617 644 1
617 771 1
618 632 1
618 634 1
618 651 1
618 657 1
618 663 1
618 670 1
618 691 1
619 626 1
619 633 1
619 678 1
619 700 1
620 626 1
620 689 1
621 624 1
621 633 1
621 637 1
621 641 1
621 661 1
621 670 1
622 639 1
622 651 1
622 657 1
622 676 1
623 671 1
623 675 1
623 697 1
624 692 1
626 645 1
626 689 1
626 746 1
626 906 1
627 636 1
627 639 1
627 649 1
627 665 1
627 672 1
627 675 1
627 694 1
627 699 1
628 692 1
629 648 1
629 666 1
629 676 1
630 634 1
630 653 1
630 855 1
631 646 1
631 665 1
631 670 1
631 675 1
631 699 1
632 653 1
632 674 1
632 691 1
632 915 1
632 954 1
633 641 1
633 662 1
633 682 1
633 686 1
634 660 1
634 675 1
634 689 1
634 693 1
635 645 1
635 692 1
635 693 1
635 808 1
636 677 1
636 689 1
637 644 1
637 654 1
637 662 1
637 663 1
638 639 1
638 673 1
638 675 1
638 689 1
638 695 1
638 1000 1
639 651 1
639 664 1
639 665 1
639 679 1
639 819 1
639 975 1
640 648 1
640 663 1
641 659 1
641 692 1
641 940 1
642 656 1
642 671 1
642 672 1
642 696 1
643 651 1
643 671 1
643 673 1
643 695 1
644 645 1
644 672 1
644 870 1
645 659 1
645 664 1
645 679 1
645 695 1
646 681 1
646 685 1
646 692 1
647 704 1
648 684 1
648 689 1
649 669 1
649 770 1
649 908 1
650 662 1
650 685 1
651 654 1
651 664 1
651 668 1
651 685 1
651 690 1
651 698 1
652 665 1
652 688 1
652 691 1
652 718 1
652 773 1
653 699 1
654 660 1
654 663 1
655 749 1
656 678 1
656 931 1
657 666 1
657 668 1
657 680 1
657 685 1
658 683 1
658 698 1
659 882 1
660 662 1
660 674 1
660 683 1
661 672 1
661 674 1
662 678 1
662 687 1
662 690 1
662 699 1
663 664 1
663 827 1
664 670 1
664 685 1
664 695 1
665 673 1
665 698 1
665 700 1
665 765 1
666 678 1
666 686 1
666 692 1
666 800 1
667 674 1
667 678 1
667 699 1
669 731 1
670 676 1
670 678 1
670 692 1
670 735 1
670 921 1
671 674 1
672 677 1
672 696 1
673 674 1
673 738 1
674 678 1
674 680 1
674 687 1
674 693 1
675 694 1
675 701 1
676 689 1
676 698 1
676 809 1
676 987 1
677 699 1
678 700 1
678 873 1
679 695 1
681 772 1
682 896 1
683 697 1
683 700 1
684 696 1
685 689 1
685 748 1
685 870 1
686 919 1
686 955 1
687 694 1
688 692 1
690 697 1
690 940 1
692 911 1
693 764 1
694 695 1
694 868 1
695 700 1
695 865 1
696 938 1
696 984 1
698 999 1
699 739 1
699 743 1
700 859 1
701 705 1
701 738 1
702 705 1
702 742 1
702 745 1
702 773 1
702 788 1
702 798 1
703 720 1
703 722 1
703 725 1
703 747 1
703 757 1
703 775 1
703 826 1
703 962 1
704 705 1
704 741 1
704 772 1
704 775 1
704 782 1
704 786 1
705 750 1
705 795 1
706 723 1
706 727 1
706 751 1
706 755 1
706 770 1
707 719 1
707 731 1
707 774 1
708 731 1
708 771 1
709 779 1
710 736 1
710 750 1
710 753 1
710 772 1
711 726 1
711 777 1
711 790 1
712 714 1
712 725 1
712 740 1
712 746 1
712 766 1
712 784 1
712 787 1
713 722 1
713 793 1
714 720 1
714 741 1
714 750 1
714 760 1
714 768 1
714 772 1
714 781 1
714 790 1
714 793 1
715 732 1
715 736 1
715 741 1
715 761 1
715 762 1
715 771 1
716 721 1
716 748 1
716 757 1
716 764 1
716 793 1
716 872 1
717 761 1
717 767 1
717 785 1
717 790 1
717 799 1
718 719 1
718 725 1
718 742 1
718 745 1
718 750 1
718 757 1
718 758 1
718 762 1
718 778 1
718 804 1
719 734 1
719 750 1
719 755 1
719 756 1
719 760 1
719 781 1
720 746 1
720 756 1
720 762 1
720 764 1
721 754 1
721 780 1
721 794 1
721 795 1
722 755 1
722 757 1
722 760 1
723 729 1
723 743 1
723 770 1
723 830 1
723 962 1
724 733 1
724 736 1
724 779 1
724 784 1
724 787 1
724 793 1
724 800 1
725 799 1
725 853 1
725 911 1
726 737 1
726 740 1
726 747 1
726 794 1
726 802 1
727 753 1
727 787 1
727 795 1
729 736 1
729 737 1
730 748 1
730 764 1
730 772 1
730 795 1
731 737 1
731 740 1
731 766 1
731 980 1
732 762 1
732 848 1
733 735 1
733 773 1
733 848 1
734 743 1
734 746 1
734 754 1
734 789 1
734 791 1
734 793 1
735 744 1
735 787 1
736 749 1
736 769 1
736 772 1
736 795 1
737 759 1
737 999 1
738 755 1
738 778 1
739 745 1
739 760 1
739 781 1
739 784 1
740 751 1
740 754 1
740 772 1
741 760 1
741 768 1
741 780 1
741 792 1
741 799 1
742 767 1
742 776 1
742 777 1
742 786 1
743 752 1
743 789 1
744 751 1
744 765 1
744 768 1
744 782 1
744 790 1
745 753 1
745 771 1
745 772 1
745 788 1
745 808 1
746 760 1
746 771 1
746 783 1
746 791 1
746 794 1
746 796 1
746 935 1
747 750 1
747 795 1
749 765 1
749 807 1
750 753 1
750 796 1
750 984 1
751 764 1
751 780 1
752 799 1
753 779 1
753 783 1
753 794 1
753 797 1
754 902 1
754 951 1
755 759 1
755 772 1
755 778 1
757 778 1
757 782 1
758 787 1
758 811 1
759 761 1
759 788 1
759 960 1
760 777 1
760 797 1
760 798 1
761 765 1
762 939 1
762 1000 1
763 767 1
763 783 1
763 822 1
765 772 1
765 788 1
766 780 1
766 786 1
766 793 1
767 780 1
767 786 1
767 800 1
768 770 1
769 780 1
769 781 1
769 786 1
769 791 1
769 893 1
770 841 1
771 775 1
771 794 1
771 796 1
772 788 1
772 792 1
772 800 1
774 865 1
774 873 1
775 779 1
775 797 1
776 799 1
779 953 1
780 782 1
780 788 1
780 795 1
782 790 1
783 792 1
783 794 1
784 881 1
786 791 1
786 796 1
786 890 1
786 951 1
790 795 1
790 799 1
790 982 1
791 795 1
791 847 1
794 844 1
795 968 1
796 907 1
797 798 1
801 805 1
801 826 1
801 863 1
801 885 1
801 900 1
801 930 1
802 804 1
802 837 1
802 842 1
802 847 1
802 852 1
802 873 1
802 892 1
802 979 1
803 807 1
803 827 1
803 843 1
803 847 1
803 872 1
803 875 1
803 889 1
803 895 1
803 980 1
804 877 1
805 821 1
805 831 1
805 833 1
805 844 1
805 859 1
805 866 1
805 879 1
806 810 1
806 888 1
806 898 1
807 815 1
807 817 1
807 829 1
807 854 1
807 893 1
807 981 1
808 810 1
808 811 1
808 833 1
809 824 1
809 877 1
810 824 1
810 874 1
810 882 1
810 895 1
811 818 1
811 831 1
811 845 1
811 848 1
811 858 1
811 877 1
812 883 1
812 898 1
813 857 1
813 895 1
814 823 1
814 827 1
814 860 1
814 868 1
814 891 1
815 876 1
816 848 1
816 855 1
816 880 1
816 893 1
817 829 1
817 834 1
817 843 1
817 861 1
817 881 1
817 899 1
818 834 1
818 856 1
818 870 1
818 873 1
818 893 1
819 835 1
819 840 1
819 870 1
819 887 1
819 895 1
819 902 1
820 830 1
820 855 1
820 861 1
820 897 1
821 830 1
821 831 1
821 842 1
821 870 1
821 886 1
821 912 1
822 825 1
822 837 1
822 842 1
822 870 1
822 880 1
822 897 1
823 859 1
823 863 1
823 873 1
823 895 1
823 997 1
824 830 1
825 885 1
825 898 1
826 862 1
826 872 1
826 876 1
826 878 1
826 949 1
827 847 1
827 849 1
827 879 1
827 898 1
827 899 1
828 837 1
828 860 1
828 866 1
828 868 1
828 886 1
829 832 1
829 867 1
829 878 1
829 886 1
830 846 1
830 860 1
830 888 1
831 835 1
831 861 1
831 881 1
831 934 1
831 972 1
832 846 1
832 867 1
832 869 1
832 899 1
833 838 1
833 878 1
834 837 1
834 882 1
834 896 1
834 927 1
835 838 1
835 857 1
835 859 1
835 888 1
836 843 1
836 869 1
836 897 1
836 958 1
837 866 1
837 871 1
837 876 1
837 890 1
838 841 1
838 876 1
839 840 1
839 870 1
839 877 1
839 898 1
841 844 1
842 874 1
842 875 1
842 886 1
844 847 1
844 875 1
844 879 1
845 852 1
845 875 1
845 886 1
845 890 1
845 894 1
846 850 1
846 870 1
847 863 1
848 875 1
848 878 1
848 889 1
849 853 1
849 892 1
850 853 1
850 858 1
850 889 1
850 897 1
851 876 1
852 880 1
853 861 1
854 855 1
854 857 1
854 884 1
854 886 1
854 893 1
855 887 1
855 891 1
855 892 1
858 869 1
858 882 1
858 886 1
858 889 1
859 886 1
860 863 1
861 868 1
861 895 1
861 912 1
863 880 1
863 890 1
864 909 1
865 877 1
866 941 1
866 979 1
869 890 1
870 930 1
870 961 1
871 890 1
871 898 1
871 899 1
872 873 1
872 889 1
872 899 1
872 924 1
875 880 1
875 882 1
875 885 1
878 881 1
878 890 1
878 897 1
879 881 1
879 893 1
880 884 1
884 885 1
884 889 1
884 895 1
885 899 1
888 893 1
890 960 1
892 997 1
898 899 1
901 933 1
901 951 1
902 916 1
902 945 1
903 921 1
903 925 1
903 928 1
903 988 1
904 907 1
904 924 1
904 930 1
904 943 1
905 963 1
905 991 1
906 926 1
906 959 1
906 960 1
906 977 1
906 983 1
907 954 1
907 968 1
907 969 1
907 970 1
907 984 1
907 997 1
908 920 1
908 944 1
908 956 1
908 960 1
908 980 1
908 992 1
908 995 1
909 919 1
909 924 1
909 939 1
909 967 1
910 911 1
910 944 1
910 945 1
910 958 1
910 972 1
910 980 1
910 986 1
911 914 1
911 916 1
911 927 1
911 937 1
911 961 1
911 973 1
911 981 1
911 983 1
911 992 1
912 941 1
912 960 1
912 981 1
913 939 1
913 945 1
913 977 1
914 927 1
914 945 1
914 947 1
914 951 1
914 975 1
914 979 1
915 964 1
915 982 1
915 985 1
916 918 1
916 947 1
916 949 1
916 954 1
916 970 1
916 974 1
916 985 1
918 939 1
918 941 1
918 944 1
918 971 1
919 967 1
919 986 1
919 991 1
919 993 1
920 932 1
920 947 1
920 984 1
921 946 1
921 947 1
921 949 1
921 962 1
921 985 1
922 925 1
922 943 1
922 949 1
923 932 1
923 965 1
923 979 1
924 958 1
924 994 1
925 935 1
925 946 1
925 960 1
925 970 1
925 986 1
925 997 1
926 931 1
926 934 1
926 939 1
926 950 1
926 952 1
926 953 1
926 959 1
927 929 1
927 942 1
927 956 1
927 976 1
927 977 1
928 946 1
928 979 1
928 994 1
929 944 1
929 971 1
930 931 1
930 978 1
931 934 1
931 948 1
931 951 1
931 968 1
931 996 1
931 998 1
932 950 1
932 958 1
933 980 1
934 942 1
934 959 1
934 976 1
935 943 1
935 953 1
935 962 1
935 975 1
936 994 1
937 955 1
937 997 1
938 939 1
938 941 1
938 955 1
938 962 1
938 988 1
938 989 1
938 996 1
939 942 1
939 956 1
939 972 1
939 994 1
940 959 1
940 961 1
941 980 1
942 950 1
942 957 1
942 968 1
942 977 1
942 986 1
942 995 1
943 992 1
944 949 1
944 952 1
944 956 1
944 970 1
944 992 1
944 993 1
944 995 1
944 996 1
945 973 1
945 984 1
945 993 1
945 996 1
946 984 1
947 970 1
947 985 1
948 950 1
948 955 1
948 958 1
948 962 1
950 994 1
952 964 1
952 969 1
952 976 1
952 989 1
953 961 1
953 993 1
953 995 1
953 999 1
955 957 1
955 974 1
955 976 1
955 978 1
955 981 1
956 962 1
957 961 1
957 965 1
957 970 1
957 971 1
957 998 1
958 973 1
959 960 1
959 968 1
959 970 1
959 987 1
959 989 1
959 990 1
960 961 1
960 976 1
960 977 1
961 962 1
961 976 1
961 978 1
961 996 1
962 995 1
962 999 1
963 972 1
963 987 1
963 988 1
964 981 1
965 990 1
966 972 1
966 978 1
966 991 1
967 969 1
968 978 1
968 996 1
969 971 1
969 1000 1
970 983 1
970 985 1
971 977 1
971 996 1
973 977 1
975 986 1
976 988 1
977 986 1
978 992 1
980 996 1
982 990 1
985 997 1
988 996 1
989 991 1
991 998 1
