1000 3365
1 13 1
1 25 1
1 37 1
1 86 1
1 534 1
1 824 1
2 5 1
2 22 1
2 43 1
2 44 1
2 46 1
2 64 1
2 91 1
2 107 1
2 155 1
2 303 1
2 322 1
2 778 1
3 7 1
3 23 1
3 28 1
3 428 1
3 618 1
4 74 1
4 80 1
5 6 1
5 71 1
5 88 1
5 89 1
5 448 1
5 495 1
6 22 1
6 32 1
6 34 1
6 97 1
6 349 1
6 400 1
6 501 1
6 585 1
6 681 1
7 37 1
7 50 1
7 61 1
7 91 1
7 523 1
8 20 1
8 24 1
8 34 1
8 44 1
8 48 1
8 49 1
8 62 1
8 406 1
9 28 1
9 79 1
9 94 1
9 695 1
10 12 1
10 15 1
10 19 1
10 28 1
10 45 1
10 46 1
11 12 1
11 41 1
11 46 1
11 59 1
11 64 1
11 93 1
11 814 1
11 920 1
12 34 1
12 72 1
12 87 1
12 209 1
12 357 1
12 681 1
12 940 1
12 967 1
13 14 1
13 19 1
13 75 1
13 87 1
13 91 1
13 258 1
13 653 1
14 33 1
14 38 1
14 51 1
14 253 1
15 36 1
15 37 1
15 48 1
15 50 1
15 53 1
15 56 1
15 68 1
15 70 1
15 188 1
15 734 1
16 56 1
16 60 1
16 73 1
16 93 1
16 314 1
17 29 1
18 23 1
18 31 1
18 32 1
19 48 1
19 329 1
19 685 1
20 22 1
20 33 1
20 75 1
20 955 1
21 50 1
21 61 1
21 70 1
21 74 1
21 80 1
21 90 1
21 92 1
21 93 1
21 173 1
21 843 1
22 70 1
22 99 1
23 36 1
23 52 1
23 63 1
23 761 1
24 47 1
24 55 1
24 57 1
24 92 1
24 100 1
24 290 1
24 441 1
25 32 1
25 53 1
25 58 1
25 100 1
25 236 1
25 834 1
26 89 1
26 700 1
26 763 1
27 53 1
27 63 1
27 152 1
27 806 1
28 75 1
28 77 1
28 82 1
28 86 1
28 94 1
28 225 1
28 826 1
29 177 1
29 276 1
29 284 1
29 301 1
30 32 1
30 60 1
30 64 1
30 95 1
30 950 1
31 36 1
31 86 1
31 98 1
31 275 1
31 513 1
32 42 1
32 61 1
32 83 1
32 84 1
32 100 1
32 375 1
32 810 1
32 838 1
33 47 1
33 52 1
33 61 1
33 93 1
33 240 1
33 500 1
33 582 1
33 762 1
33 977 1
34 55 1
34 70 1
34 74 1
34 75 1
34 76 1
34 501 1
35 57 1
35 63 1
35 85 1
35 121 1
35 778 1
36 42 1
36 49 1
36 60 1
36 67 1
36 419 1
37 38 1
37 40 1
37 55 1
37 830 1
38 60 1
38 861 1
39 80 1
39 100 1
39 232 1
39 592 1
40 47 1
40 49 1
40 57 1
41 56 1
41 83 1
41 999 1
42 67 1
42 79 1
42 81 1
42 93 1
42 98 1
42 191 1
42 308 1
42 463 1
43 54 1
43 62 1
43 69 1
43 275 1
43 292 1
43 523 1
43 599 1
43 919 1
44 46 1
44 52 1
44 86 1
45 87 1
45 202 1
45 690 1
45 917 1
46 94 1
46 291 1
46 539 1
46 858 1
46 990 1
47 57 1
47 72 1
47 96 1
47 123 1
47 351 1
47 599 1
48 72 1
48 95 1
48 99 1
48 268 1
48 451 1
49 50 1
49 63 1
49 67 1
49 123 1
49 427 1
50 97 1
50 354 1
50 673 1
51 96 1
51 123 1
51 819 1
52 70 1
52 71 1
52 242 1
52 710 1
53 66 1
53 86 1
53 90 1
53 659 1
54 77 1
54 99 1
54 325 1
54 478 1
54 511 1
54 618 1
55 67 1
55 68 1
55 74 1
55 79 1
55 116 1
55 237 1
55 758 1
56 922 1
57 832 1
57 879 1
58 96 1
59 68 1
59 75 1
59 90 1
59 552 1
60 69 1
60 71 1
60 76 1
60 844 1
60 883 1
60 943 1
61 86 1
61 601 1
62 72 1
62 82 1
62 94 1
62 97 1
62 553 1
62 866 1
63 85 1
63 93 1
64 75 1
64 93 1
64 871 1
65 92 1
65 231 1
65 476 1
65 646 1
65 930 1
66 81 1
66 82 1
66 90 1
66 96 1
66 262 1
67 87 1
68 97 1
68 100 1
69 73 1
69 201 1
69 465 1
69 497 1
69 631 1
69 818 1
69 913 1
70 73 1
70 87 1
71 72 1
71 228 1
71 577 1
71 748 1
72 78 1
72 91 1
72 96 1
72 544 1
72 864 1
73 74 1
73 94 1
73 779 1
73 835 1
74 94 1
75 100 1
75 508 1
75 646 1
76 85 1
76 401 1
77 83 1
78 257 1
79 82 1
79 88 1
79 225 1
79 720 1
80 246 1
80 264 1
81 94 1
82 95 1
83 114 1
83 653 1
84 424 1
84 477 1
84 500 1
84 545 1
84 676 1
85 87 1
85 96 1
85 260 1
85 379 1
85 462 1
85 772 1
86 662 1
87 100 1
88 94 1
89 592 1
89 969 1
90 458 1
91 615 1
91 675 1
92 100 1
92 248 1
92 381 1
92 694 1
92 819 1
93 351 1
93 850 1
93 875 1
94 450 1
94 534 1
94 945 1
95 98 1
95 234 1
95 378 1
96 314 1
96 530 1
96 562 1
96 841 1
97 384 1
97 757 1
98 99 1
99 124 1
99 306 1
99 1000 1
101 105 1
101 110 1
101 114 1
101 128 1
101 145 1
101 149 1
101 173 1
101 175 1
101 179 1
102 107 1
102 162 1
102 165 1
102 166 1
102 185 1
102 198 1
102 651 1
103 116 1
103 134 1
103 136 1
103 177 1
103 409 1
104 130 1
104 133 1
104 139 1
104 169 1
104 170 1
104 174 1
104 198 1
104 946 1
105 150 1
105 161 1
105 488 1
105 566 1
106 131 1
106 149 1
106 170 1
106 176 1
106 180 1
106 189 1
106 195 1
106 858 1
107 151 1
107 168 1
107 316 1
107 693 1
107 872 1
108 122 1
108 144 1
108 173 1
108 226 1
108 451 1
108 453 1
108 461 1
109 113 1
109 119 1
109 146 1
109 162 1
109 199 1
109 471 1
109 476 1
110 127 1
110 153 1
110 190 1
110 198 1
110 466 1
110 969 1
111 196 1
112 169 1
112 185 1
112 442 1
112 549 1
112 680 1
112 754 1
113 120 1
113 172 1
113 409 1
113 616 1
113 669 1
113 985 1
113 988 1
114 120 1
114 142 1
114 149 1
114 197 1
114 342 1
114 663 1
114 890 1
115 122 1
115 145 1
115 150 1
115 170 1
115 175 1
115 180 1
115 183 1
115 532 1
116 142 1
116 144 1
116 162 1
116 176 1
116 193 1
117 152 1
117 157 1
117 187 1
117 190 1
118 154 1
118 157 1
118 158 1
118 170 1
118 172 1
119 121 1
119 122 1
119 145 1
119 163 1
119 172 1
119 316 1
119 538 1
119 543 1
120 140 1
120 158 1
120 161 1
120 169 1
120 173 1
120 192 1
120 197 1
120 398 1
121 139 1
121 146 1
121 154 1
121 188 1
121 641 1
121 673 1
122 149 1
122 154 1
122 157 1
122 169 1
122 191 1
122 253 1
122 353 1
122 925 1
123 146 1
123 186 1
123 198 1
123 570 1
123 662 1
124 155 1
124 158 1
124 212 1
125 196 1
125 285 1
126 139 1
126 182 1
126 897 1
127 133 1
127 140 1
127 171 1
127 172 1
127 195 1
127 197 1
127 951 1
128 133 1
128 142 1
128 145 1
128 154 1
128 879 1
129 150 1
129 153 1
129 156 1
129 163 1
129 174 1
129 175 1
129 200 1
129 504 1
130 168 1
130 181 1
130 706 1
131 145 1
131 149 1
131 156 1
131 174 1
131 175 1
131 192 1
132 194 1
132 871 1
132 908 1
133 139 1
133 147 1
133 157 1
133 176 1
133 187 1
133 189 1
133 196 1
134 192 1
134 717 1
134 991 1
135 147 1
135 157 1
135 174 1
135 245 1
136 145 1
136 153 1
136 564 1
136 683 1
137 154 1
137 157 1
137 617 1
137 665 1
138 161 1
138 172 1
138 187 1
139 158 1
139 168 1
139 181 1
139 199 1
140 142 1
140 147 1
140 359 1
141 155 1
141 195 1
141 478 1
141 534 1
141 773 1
141 915 1
141 997 1
142 148 1
142 194 1
143 199 1
144 150 1
144 162 1
144 166 1
144 347 1
145 147 1
145 148 1
145 178 1
145 262 1
145 336 1
145 373 1
145 876 1
145 936 1
146 166 1
146 169 1
146 173 1
146 175 1
146 506 1
146 523 1
147 173 1
147 189 1
147 191 1
147 331 1
147 407 1
148 150 1
148 194 1
148 196 1
148 506 1
148 707 1
149 168 1
149 195 1
149 778 1
149 883 1
150 156 1
150 164 1
150 168 1
150 186 1
152 179 1
152 196 1
152 197 1
153 154 1
153 162 1
153 178 1
153 186 1
153 483 1
153 544 1
153 576 1
154 421 1
154 498 1
155 161 1
155 164 1
155 178 1
155 184 1
155 195 1
155 362 1
156 168 1
157 172 1
157 486 1
157 953 1
158 166 1
158 172 1
158 195 1
159 167 1
159 176 1
159 188 1
159 988 1
160 179 1
160 184 1
160 194 1
160 308 1
160 403 1
160 933 1
161 169 1
161 175 1
161 191 1
162 165 1
162 192 1
162 195 1
162 617 1
162 650 1
162 692 1
162 697 1
163 167 1
163 178 1
163 182 1
163 184 1
163 198 1
163 199 1
163 253 1
163 855 1
163 969 1
164 584 1
165 167 1
165 324 1
166 167 1
166 179 1
166 186 1
166 187 1
166 296 1
167 240 1
167 247 1
167 602 1
167 740 1
168 182 1
168 194 1
168 773 1
169 172 1
169 846 1
170 186 1
170 619 1
170 878 1
171 197 1
171 302 1
171 317 1
172 184 1
172 390 1
173 174 1
173 197 1
173 631 1
173 663 1
173 687 1
174 602 1
175 343 1
177 181 1
177 732 1
178 195 1
178 919 1
179 187 1
179 188 1
179 910 1
180 186 1
180 833 1
180 897 1
181 262 1
183 191 1
183 193 1
183 197 1
183 200 1
183 933 1
184 697 1
184 743 1
185 192 1
185 195 1
185 483 1
186 195 1
187 193 1
187 194 1
187 400 1
187 483 1
188 190 1
188 195 1
188 201 1
188 814 1
188 879 1
190 194 1
192 205 1
192 380 1
192 705 1
192 796 1
192 804 1
194 199 1
194 278 1
194 804 1
194 858 1
197 294 1
198 276 1
200 559 1
200 853 1
201 207 1
201 211 1
201 212 1
201 219 1
201 225 1
201 237 1
201 240 1
201 243 1
201 256 1
201 257 1
201 291 1
201 507 1
201 817 1
202 228 1
202 234 1
202 251 1
202 264 1
202 287 1
202 499 1
203 208 1
203 235 1
203 241 1
203 254 1
203 289 1
204 236 1
204 241 1
204 274 1
204 287 1
204 298 1
204 924 1
205 210 1
205 220 1
205 247 1
205 261 1
205 275 1
205 299 1
205 518 1
206 219 1
206 268 1
206 277 1
206 279 1
206 718 1
206 847 1
207 228 1
207 229 1
207 238 1
207 255 1
207 260 1
207 267 1
207 274 1
207 286 1
207 288 1
207 294 1
207 617 1
208 217 1
208 228 1
208 231 1
208 255 1
208 261 1
208 270 1
208 271 1
208 516 1
209 212 1
209 221 1
209 231 1
209 241 1
209 259 1
210 246 1
210 250 1
210 266 1
210 267 1
210 277 1
210 280 1
210 294 1
210 298 1
210 506 1
210 694 1
210 875 1
210 926 1
211 222 1
211 235 1
211 261 1
211 265 1
211 378 1
211 502 1
212 231 1
212 240 1
212 241 1
212 253 1
212 281 1
212 284 1
213 230 1
213 250 1
213 254 1
213 278 1
213 566 1
214 238 1
214 258 1
214 296 1
214 813 1
215 231 1
215 239 1
215 275 1
215 281 1
215 610 1
216 217 1
216 254 1
216 271 1
216 272 1
216 274 1
216 395 1
216 438 1
216 994 1
217 220 1
217 237 1
217 246 1
217 257 1
217 292 1
217 306 1
217 343 1
218 259 1
218 260 1
218 271 1
218 282 1
219 239 1
219 277 1
219 631 1
220 227 1
220 255 1
220 267 1
220 268 1
220 281 1
220 285 1
221 228 1
221 246 1
221 262 1
221 277 1
221 659 1
221 747 1
221 764 1
221 898 1
222 224 1
222 234 1
222 695 1
223 241 1
223 269 1
223 295 1
223 345 1
223 562 1
224 229 1
224 298 1
224 299 1
224 300 1
224 792 1
225 243 1
225 251 1
225 278 1
225 297 1
225 350 1
225 957 1
226 280 1
226 419 1
227 278 1
227 284 1
227 297 1
227 942 1
228 252 1
228 273 1
228 294 1
228 297 1
228 300 1
228 489 1
228 570 1
228 926 1
229 230 1
229 247 1
229 254 1
229 300 1
230 261 1
230 273 1
230 279 1
230 587 1
230 724 1
230 871 1
231 249 1
231 485 1
231 561 1
232 238 1
232 264 1
232 265 1
232 269 1
232 270 1
232 282 1
232 286 1
232 298 1
232 653 1
233 241 1
233 282 1
233 899 1
234 241 1
234 259 1
234 263 1
235 241 1
235 263 1
235 266 1
235 269 1
235 274 1
235 434 1
235 777 1
236 238 1
236 247 1
236 868 1
237 247 1
237 255 1
237 266 1
237 286 1
237 292 1
237 757 1
237 898 1
238 283 1
238 303 1
239 255 1
239 264 1
239 282 1
239 293 1
239 298 1
240 251 1
240 263 1
240 264 1
240 274 1
240 291 1
240 329 1
240 400 1
240 722 1
240 930 1
240 953 1
241 252 1
241 289 1
241 293 1
241 964 1
242 244 1
242 254 1
242 261 1
242 286 1
242 326 1
242 789 1
243 245 1
243 246 1
243 278 1
243 291 1
243 298 1
243 656 1
243 894 1
244 276 1
244 298 1
245 301 1
245 808 1
246 250 1
246 257 1
246 259 1
246 284 1
246 297 1
246 300 1
246 307 1
246 361 1
246 626 1
246 667 1
247 253 1
247 273 1
247 287 1
247 810 1
248 264 1
248 274 1
248 543 1
248 773 1
249 460 1
249 868 1
250 255 1
250 259 1
250 296 1
250 411 1
251 256 1
251 336 1
251 558 1
252 276 1
252 758 1
253 281 1
253 317 1
253 403 1
254 255 1
254 262 1
254 265 1
254 266 1
254 290 1
254 293 1
254 320 1
255 400 1
256 321 1
257 279 1
257 282 1
257 666 1
257 887 1
257 942 1
258 261 1
258 274 1
258 974 1
259 263 1
259 296 1
259 318 1
259 895 1
260 263 1
261 263 1
261 276 1
261 280 1
261 291 1
261 294 1
261 651 1
262 286 1
263 264 1
263 269 1
263 278 1
263 285 1
263 294 1
264 283 1
264 406 1
264 852 1
265 279 1
265 280 1
265 371 1
265 413 1
265 484 1
265 540 1
266 273 1
266 277 1
266 282 1
267 271 1
267 284 1
267 648 1
268 296 1
268 682 1
269 278 1
269 290 1
269 300 1
270 915 1
270 949 1
272 285 1
272 286 1
272 922 1
273 287 1
273 298 1
273 310 1
273 839 1
274 280 1
274 588 1
274 635 1
274 692 1
275 325 1
275 329 1
275 543 1
275 738 1
275 859 1
276 636 1
276 879 1
277 283 1
277 957 1
278 295 1
278 885 1
278 906 1
279 281 1
279 285 1
279 378 1
279 706 1
280 293 1
280 294 1
280 352 1
282 985 1
283 291 1
283 411 1
285 287 1
285 297 1
285 568 1
286 781 1
287 916 1
288 291 1
289 293 1
290 543 1
290 759 1
290 933 1
291 590 1
291 620 1
292 737 1
294 381 1
294 554 1
294 617 1
295 299 1
295 554 1
295 938 1
295 962 1
297 533 1
297 644 1
298 701 1
298 847 1
299 793 1
299 899 1
301 316 1
301 320 1
301 337 1
301 367 1
301 368 1
301 390 1
301 398 1
301 787 1
302 318 1
302 323 1
302 326 1
302 336 1
302 340 1
302 389 1
302 738 1
302 739 1
303 355 1
303 400 1
303 567 1
304 307 1
304 345 1
304 369 1
304 376 1
304 379 1
304 396 1
304 593 1
304 681 1
304 703 1
305 314 1
305 318 1
305 330 1
305 335 1
305 358 1
305 387 1
305 625 1
306 311 1
306 358 1
306 393 1
306 910 1
307 308 1
307 327 1
307 345 1
307 381 1
307 388 1
307 398 1
307 432 1
308 321 1
308 322 1
308 377 1
308 834 1
309 310 1
309 311 1
309 322 1
309 344 1
309 389 1
309 578 1
310 323 1
310 326 1
310 341 1
310 375 1
310 376 1
311 331 1
311 362 1
311 374 1
311 382 1
312 313 1
312 325 1
312 334 1
312 339 1
312 374 1
312 394 1
312 857 1
313 318 1
313 331 1
313 374 1
313 387 1
313 396 1
313 399 1
314 337 1
314 353 1
314 361 1
314 362 1
314 376 1
315 367 1
315 691 1
315 719 1
316 320 1
316 340 1
316 349 1
316 360 1
316 380 1
316 400 1
317 326 1
317 333 1
317 375 1
317 378 1
317 383 1
317 387 1
318 324 1
318 338 1
318 343 1
318 347 1
318 372 1
318 378 1
318 391 1
319 387 1
319 393 1
319 535 1
320 359 1
320 397 1
320 398 1
320 817 1
321 326 1
321 329 1
321 350 1
321 351 1
321 354 1
321 368 1
321 371 1
321 373 1
321 400 1
321 760 1
322 367 1
322 533 1
322 654 1
323 324 1
323 362 1
323 365 1
323 374 1
323 614 1
324 343 1
324 346 1
324 360 1
324 383 1
324 387 1
325 391 1
325 399 1
325 410 1
325 484 1
325 513 1
325 546 1
326 327 1
326 332 1
326 345 1
326 370 1
326 383 1
326 395 1
326 767 1
327 350 1
327 356 1
327 367 1
327 483 1
327 796 1
328 341 1
328 353 1
328 397 1
328 462 1
328 499 1
328 814 1
328 907 1
328 999 1
329 331 1
329 341 1
329 354 1
329 374 1
329 389 1
329 392 1
329 612 1
330 350 1
330 361 1
330 394 1
330 398 1
332 344 1
332 541 1
332 805 1
332 919 1
333 354 1
333 366 1
333 378 1
333 384 1
333 389 1
333 675 1
334 342 1
334 343 1
334 760 1
335 336 1
335 345 1
335 347 1
335 355 1
335 372 1
335 380 1
335 966 1
336 861 1
337 344 1
337 353 1
337 357 1
337 431 1
338 347 1
338 348 1
338 365 1
338 387 1
339 357 1
339 382 1
339 398 1
340 358 1
340 372 1
340 378 1
340 385 1
340 507 1
340 796 1
340 964 1
341 345 1
341 351 1
341 356 1
341 357 1
341 372 1
341 389 1
342 355 1
342 357 1
342 837 1
343 356 1
343 376 1
343 377 1
344 353 1
344 357 1
344 875 1
344 943 1
345 370 1
346 350 1
346 363 1
346 368 1
346 391 1
346 394 1
346 412 1
346 545 1
347 352 1
347 371 1
347 384 1
347 385 1
348 354 1
348 368 1
348 387 1
348 392 1
348 400 1
348 446 1
349 385 1
350 355 1
350 361 1
350 362 1
350 382 1
350 384 1
350 395 1
350 398 1
350 400 1
350 898 1
351 369 1
351 375 1
351 387 1
351 389 1
351 394 1
351 521 1
352 365 1
352 392 1
353 362 1
353 367 1
353 381 1
353 582 1
354 358 1
354 367 1
354 371 1
354 381 1
354 582 1
355 360 1
355 361 1
355 518 1
356 393 1
356 991 1
357 378 1
357 387 1
357 490 1
357 656 1
358 370 1
358 390 1
358 593 1
359 374 1
359 389 1
359 414 1
359 794 1
360 776 1
361 379 1
361 418 1
362 401 1
362 948 1
363 565 1
364 367 1
364 377 1
364 382 1
364 389 1
364 396 1
364 696 1
365 872 1
366 466 1
366 588 1
367 378 1
367 565 1
367 920 1
368 378 1
368 425 1
369 384 1
369 389 1
369 607 1
369 805 1
370 392 1
370 397 1
370 519 1
370 577 1
371 377 1
371 381 1
371 394 1
371 395 1
371 396 1
372 716 1
373 817 1
375 384 1
375 385 1
375 389 1
375 645 1
376 399 1
377 386 1
378 387 1
378 870 1
379 380 1
379 645 1
380 382 1
380 384 1
380 393 1
380 850 1
381 393 1
381 415 1
381 615 1
382 698 1
383 396 1
384 692 1
384 739 1
384 981 1
385 412 1
385 819 1
387 392 1
387 482 1
387 590 1
387 890 1
388 393 1
388 778 1
388 997 1
389 398 1
389 733 1
389 971 1
390 801 1
390 954 1
391 465 1
391 883 1
392 399 1
393 394 1
393 400 1
393 605 1
393 690 1
393 803 1
394 757 1
400 828 1
400 844 1
401 404 1
401 439 1
401 449 1
401 452 1
401 484 1
401 783 1
401 821 1
402 403 1
402 408 1
402 422 1
402 428 1
402 465 1
402 490 1
403 410 1
403 426 1
403 434 1
403 481 1
404 410 1
404 423 1
404 478 1
404 939 1
405 412 1
405 414 1
405 448 1
405 452 1
405 459 1
405 473 1
405 476 1
405 558 1
405 638 1
405 694 1
405 951 1
406 420 1
406 434 1
406 435 1
406 436 1
407 414 1
407 441 1
407 469 1
408 413 1
408 464 1
408 472 1
408 473 1
408 480 1
408 490 1
408 492 1
408 824 1
409 464 1
409 724 1
410 418 1
410 432 1
410 448 1
410 479 1
410 482 1
410 490 1
411 453 1
411 470 1
411 485 1
411 619 1
411 743 1
412 422 1
412 437 1
412 449 1
412 458 1
412 481 1
412 482 1
412 733 1
413 421 1
413 423 1
413 467 1
413 912 1
413 969 1
414 447 1
414 467 1
414 483 1
414 731 1
415 438 1
415 539 1
416 454 1
416 456 1
416 471 1
416 478 1
416 499 1
417 437 1
417 439 1
417 443 1
417 491 1
417 559 1
417 800 1
418 420 1
418 427 1
418 432 1
418 446 1
418 448 1
418 461 1
418 465 1
418 485 1
418 489 1
418 493 1
418 531 1
419 465 1
419 494 1
419 496 1
420 436 1
420 439 1
420 466 1
420 488 1
421 431 1
421 449 1
422 468 1
422 492 1
422 925 1
423 431 1
423 467 1
423 482 1
424 448 1
424 451 1
424 460 1
424 474 1
424 478 1
424 984 1
425 844 1
425 997 1
426 431 1
426 444 1
426 476 1
426 479 1
426 483 1
426 496 1
427 475 1
427 486 1
427 540 1
428 439 1
428 457 1
428 464 1
428 471 1
428 548 1
429 459 1
429 481 1
429 488 1
429 491 1
429 498 1
429 560 1
429 807 1
429 901 1
429 996 1
430 432 1
430 486 1
430 661 1
431 469 1
431 483 1
431 734 1
431 791 1
432 446 1
432 500 1
433 446 1
433 480 1
433 500 1
433 577 1
433 671 1
434 476 1
434 482 1
434 489 1
434 505 1
434 880 1
435 459 1
435 490 1
435 923 1
436 437 1
436 481 1
437 443 1
437 921 1
437 923 1
437 975 1
438 442 1
438 487 1
438 960 1
439 466 1
439 485 1
439 493 1
439 601 1
439 688 1
440 444 1
440 461 1
440 491 1
440 492 1
440 494 1
441 458 1
441 463 1
441 546 1
441 624 1
442 459 1
442 467 1
442 468 1
442 486 1
442 487 1
442 488 1
443 449 1
444 453 1
444 454 1
444 460 1
444 479 1
444 487 1
444 902 1
445 464 1
445 757 1
445 955 1
446 452 1
446 456 1
446 474 1
447 457 1
447 478 1
447 496 1
448 472 1
448 497 1
448 578 1
448 859 1
449 454 1
449 479 1
449 480 1
449 492 1
449 494 1
449 498 1
449 499 1
450 488 1
450 610 1
451 453 1
451 483 1
451 495 1
452 457 1
452 461 1
452 469 1
452 481 1
452 819 1
452 975 1
453 469 1
454 491 1
454 496 1
455 474 1
455 484 1
456 908 1
457 466 1
457 485 1
457 489 1
458 481 1
459 480 1
459 492 1
459 790 1
460 464 1
460 467 1
460 568 1
460 825 1
461 462 1
461 463 1
462 494 1
462 764 1
463 495 1
463 778 1
463 822 1
463 889 1
465 468 1
465 485 1
466 468 1
466 478 1
466 494 1
466 499 1
467 469 1
467 668 1
469 482 1
469 492 1
470 499 1
470 762 1
472 485 1
472 498 1
472 686 1
473 500 1
473 511 1
474 481 1
474 490 1
474 591 1
475 479 1
475 946 1
476 487 1
476 488 1
476 494 1
480 490 1
480 751 1
481 581 1
481 590 1
481 977 1
483 495 1
484 858 1
485 500 1
486 685 1
486 906 1
487 495 1
487 560 1
488 555 1
488 830 1
488 947 1
489 614 1
489 795 1
491 493 1
491 698 1
493 500 1
493 767 1
495 498 1
496 497 1
496 710 1
497 529 1
498 800 1
499 677 1
499 686 1
499 732 1
499 781 1
499 785 1
499 886 1
500 789 1
500 914 1
500 961 1
501 510 1
501 534 1
501 540 1
501 547 1
501 565 1
501 727 1
502 508 1
502 518 1
502 524 1
502 544 1
502 577 1
502 582 1
502 587 1
502 589 1
502 599 1
503 504 1
503 506 1
503 518 1
503 524 1
503 547 1
503 566 1
503 591 1
504 517 1
504 569 1
504 572 1
504 586 1
504 600 1
505 517 1
505 527 1
505 541 1
505 998 1
506 518 1
506 523 1
506 552 1
506 578 1
506 585 1
506 587 1
507 514 1
507 516 1
507 538 1
507 587 1
507 728 1
508 540 1
508 557 1
508 825 1
508 861 1
509 512 1
509 551 1
509 567 1
509 598 1
509 667 1
510 548 1
511 518 1
511 555 1
511 597 1
511 778 1
512 516 1
512 556 1
512 579 1
512 731 1
513 520 1
513 535 1
513 572 1
513 574 1
513 583 1
513 589 1
513 692 1
513 786 1
514 519 1
514 534 1
514 561 1
514 596 1
515 521 1
515 524 1
515 560 1
515 568 1
515 585 1
515 596 1
515 697 1
516 537 1
516 567 1
517 519 1
517 522 1
517 538 1
517 540 1
517 549 1
517 578 1
517 579 1
517 853 1
518 522 1
518 556 1
518 566 1
518 568 1
518 581 1
518 591 1
518 599 1
519 521 1
519 537 1
519 582 1
519 594 1
519 598 1
520 539 1
520 545 1
520 551 1
520 557 1
520 844 1
521 534 1
521 542 1
521 550 1
521 585 1
521 844 1
521 954 1
521 1000 1
522 530 1
522 548 1
522 549 1
522 554 1
522 574 1
522 594 1
523 545 1
523 569 1
523 594 1
524 529 1
524 537 1
524 538 1
524 546 1
524 555 1
524 569 1
524 741 1
524 886 1
524 977 1
525 538 1
525 558 1
525 569 1
525 600 1
526 547 1
526 575 1
526 588 1
526 592 1
526 845 1
527 543 1
527 544 1
527 561 1
527 576 1
527 581 1
527 918 1
528 544 1
528 545 1
528 594 1
528 596 1
528 745 1
529 533 1
529 541 1
529 543 1
529 565 1
529 587 1
529 744 1
529 914 1
530 534 1
530 541 1
530 552 1
530 584 1
530 585 1
530 593 1
530 769 1
531 597 1
532 536 1
532 542 1
532 550 1
532 566 1
532 593 1
532 981 1
533 597 1
533 986 1
534 543 1
534 559 1
534 567 1
534 582 1
534 596 1
534 787 1
534 849 1
535 538 1
535 592 1
535 795 1
536 552 1
537 550 1
537 583 1
537 585 1
537 587 1
537 720 1
537 936 1
537 945 1
538 543 1
538 579 1
538 594 1
538 598 1
539 546 1
539 566 1
539 572 1
539 575 1
539 592 1
540 558 1
540 569 1
540 995 1
541 858 1
542 573 1
543 555 1
543 563 1
543 571 1
543 573 1
544 546 1
544 577 1
544 596 1
545 546 1
545 549 1
545 566 1
545 567 1
545 570 1
545 583 1
545 595 1
545 781 1
546 554 1
546 560 1
546 561 1
546 575 1
546 583 1
546 748 1
547 565 1
547 579 1
547 590 1
548 765 1
548 860 1
549 568 1
550 552 1
550 571 1
550 573 1
550 585 1
550 590 1
550 925 1
551 582 1
551 698 1
551 944 1
552 594 1
552 596 1
553 562 1
553 597 1
553 871 1
554 678 1
555 556 1
555 568 1
555 573 1
555 589 1
555 612 1
556 561 1
556 598 1
556 600 1
556 667 1
556 956 1
557 561 1
557 599 1
558 570 1
558 572 1
558 583 1
558 640 1
558 794 1
559 568 1
559 585 1
559 592 1
560 581 1
560 740 1
561 842 1
561 873 1
561 984 1
562 566 1
562 574 1
562 575 1
564 581 1
564 591 1
564 599 1
564 600 1
564 602 1
564 608 1
564 677 1
564 987 1
565 575 1
565 762 1
566 582 1
566 816 1
567 583 1
567 725 1
567 828 1
568 770 1
568 850 1
569 594 1
569 597 1
570 578 1
570 815 1
570 934 1
571 585 1
572 576 1
572 587 1
572 917 1
572 962 1
572 986 1
573 575 1
573 584 1
573 588 1
573 738 1
574 579 1
574 828 1
575 577 1
575 578 1
575 588 1
575 599 1
576 577 1
576 899 1
577 581 1
577 732 1
578 598 1
578 807 1
579 592 1
580 597 1
580 598 1
580 636 1
580 680 1
580 709 1
581 597 1
581 614 1
581 957 1
582 586 1
582 884 1
583 595 1
583 773 1
584 831 1
585 596 1
585 658 1
585 662 1
585 982 1
588 598 1
589 841 1
589 883 1
590 593 1
590 644 1
591 852 1
592 593 1
593 973 1
594 877 1
594 961 1
594 984 1
595 778 1
595 997 1
596 746 1
597 850 1
598 944 1
598 985 1
599 656 1
599 758 1
601 603 1
601 610 1
601 612 1
601 637 1
601 661 1
601 678 1
601 680 1
601 767 1
602 647 1
602 650 1
602 663 1
602 675 1
603 612 1
603 628 1
603 691 1
603 700 1
604 667 1
604 671 1
604 672 1
604 686 1
605 639 1
605 665 1
605 678 1
605 686 1
605 698 1
605 788 1
605 935 1
606 621 1
606 645 1
606 673 1
606 944 1
607 609 1
607 632 1
607 656 1
607 697 1
607 895 1
607 951 1
608 659 1
608 674 1
608 688 1
609 619 1
609 639 1
609 642 1
609 651 1
610 642 1
610 648 1
610 661 1
610 670 1
610 681 1
610 690 1
610 767 1
611 639 1
611 696 1
612 644 1
612 675 1
612 683 1
612 691 1
612 923 1
613 615 1
613 660 1
613 668 1
613 674 1
613 730 1
614 626 1
614 633 1
614 645 1
614 648 1
614 699 1
615 648 1
615 669 1
615 672 1
615 694 1
616 621 1
616 627 1
616 637 1
616 646 1
617 627 1
617 645 1
617 665 1
617 693 1
617 700 1
618 682 1
618 884 1
618 996 1
619 632 1
619 685 1
620 643 1
620 654 1
620 658 1
620 661 1
620 667 1
620 683 1
620 759 1
620 906 1
621 639 1
621 647 1
621 652 1
621 674 1
621 694 1
621 936 1
622 625 1
622 656 1
622 662 1
622 666 1
622 691 1
623 650 1
623 883 1
624 670 1
624 681 1
624 845 1
625 634 1
625 642 1
625 661 1
625 693 1
626 630 1
626 632 1
626 650 1
626 666 1
626 675 1
626 678 1
627 634 1
627 648 1
627 680 1
627 848 1
628 653 1
628 658 1
628 660 1
628 673 1
628 683 1
628 685 1
628 691 1
628 693 1
628 918 1
629 658 1
629 668 1
629 694 1
630 631 1
630 653 1
630 663 1
630 699 1
631 632 1
631 638 1
631 680 1
632 642 1
632 658 1
633 656 1
633 672 1
633 700 1
634 666 1
634 735 1
635 665 1
635 666 1
635 684 1
636 654 1
636 669 1
636 675 1
636 685 1
636 746 1
637 678 1
638 687 1
638 696 1
639 666 1
639 672 1
639 676 1
639 678 1
640 665 1
640 695 1
640 759 1
641 672 1
641 679 1
642 657 1
642 660 1
642 673 1
642 677 1
642 700 1
643 717 1
644 651 1
644 654 1
644 668 1
644 685 1
644 744 1
645 687 1
645 698 1
646 687 1
647 655 1
647 685 1
647 687 1
647 688 1
647 699 1
647 700 1
647 825 1
648 659 1
648 661 1
648 663 1
648 671 1
648 678 1
648 692 1
648 808 1
649 651 1
649 670 1
650 683 1
650 731 1
651 700 1
651 755 1
652 659 1
652 669 1
652 674 1
652 685 1
652 697 1
652 843 1
653 656 1
654 674 1
655 689 1
655 697 1
655 700 1
656 658 1
656 679 1
656 688 1
656 792 1
657 680 1
657 848 1
658 699 1
659 674 1
659 686 1
659 687 1
659 820 1
659 986 1
660 675 1
660 676 1
660 685 1
660 691 1
660 789 1
661 681 1
661 695 1
662 670 1
662 685 1
663 697 1
664 670 1
664 678 1
664 688 1
664 935 1
665 693 1
665 698 1
666 687 1
667 678 1
667 679 1
667 689 1
668 684 1
669 699 1
670 687 1
670 692 1
670 700 1
670 717 1
671 695 1
671 698 1
672 677 1
673 676 1
674 689 1
674 696 1
675 688 1
675 739 1
676 954 1
677 682 1
678 689 1
679 680 1
679 688 1
679 691 1
679 699 1
679 800 1
680 971 1
681 700 1
681 800 1
681 839 1
682 692 1
682 696 1
683 685 1
683 693 1
683 777 1
684 699 1
685 695 1
685 874 1
686 687 1
686 709 1
687 812 1
688 982 1
689 700 1
689 862 1
689 899 1
692 693 1
692 751 1
692 805 1
693 794 1
693 967 1
695 884 1
697 984 1
697 988 1
698 699 1
700 821 1
701 712 1
701 742 1
701 750 1
701 775 1
702 712 1
702 722 1
702 744 1
702 746 1
702 764 1
702 905 1
703 726 1
703 727 1
703 744 1
703 754 1
703 902 1
704 739 1
704 743 1
704 767 1
704 791 1
704 797 1
705 732 1
705 733 1
705 772 1
705 782 1
705 787 1
705 800 1
705 983 1
706 710 1
706 725 1
706 747 1
706 771 1
706 780 1
706 784 1
706 871 1
707 724 1
707 742 1
707 746 1
707 783 1
707 792 1
708 722 1
708 727 1
708 741 1
708 744 1
708 749 1
708 761 1
708 762 1
708 790 1
708 793 1
708 893 1
709 745 1
709 774 1
709 775 1
709 782 1
709 790 1
710 720 1
710 733 1
710 744 1
710 747 1
710 749 1
710 783 1
710 842 1
711 720 1
711 734 1
711 755 1
711 756 1
711 790 1
711 793 1
711 800 1
711 848 1
711 970 1
712 717 1
712 747 1
713 750 1
714 747 1
714 792 1
715 725 1
715 731 1
715 750 1
715 776 1
716 738 1
716 796 1
717 730 1
717 747 1
717 786 1
717 790 1
718 743 1
718 751 1
718 775 1
718 977 1
719 744 1
719 752 1
719 764 1
719 776 1
719 796 1
720 753 1
720 755 1
720 762 1
720 770 1
721 751 1
721 777 1
721 791 1
722 727 1
722 752 1
722 770 1
722 784 1
722 788 1
723 747 1
723 784 1
723 796 1
723 840 1
724 729 1
724 782 1
724 795 1
725 734 1
725 747 1
725 753 1
725 769 1
725 787 1
725 798 1
726 735 1
726 790 1
727 729 1
727 745 1
727 752 1
727 779 1
728 730 1
728 739 1
728 751 1
728 786 1
728 873 1
729 782 1
730 787 1
730 797 1
731 745 1
731 779 1
731 787 1
731 789 1
732 734 1
732 738 1
732 750 1
732 751 1
732 794 1
732 920 1
733 747 1
733 814 1
734 736 1
734 740 1
734 745 1
734 748 1
734 749 1
734 763 1
734 769 1
734 773 1
734 776 1
734 922 1
735 739 1
735 752 1
735 757 1
735 783 1
735 794 1
735 797 1
736 740 1
737 738 1
737 756 1
737 772 1
738 753 1
738 760 1
738 787 1
738 788 1
738 992 1
739 750 1
739 770 1
739 772 1
740 751 1
740 781 1
740 789 1
740 791 1
740 893 1
741 755 1
741 785 1
741 798 1
742 768 1
742 784 1
742 785 1
743 763 1
743 772 1
743 778 1
743 783 1
744 762 1
744 781 1
744 788 1
744 789 1
744 900 1
745 775 1
745 783 1
746 755 1
746 758 1
747 782 1
747 784 1
747 791 1
747 800 1
748 810 1
749 756 1
749 766 1
750 757 1
750 759 1
750 851 1
750 854 1
751 763 1
751 767 1
751 772 1
751 780 1
751 783 1
752 755 1
752 765 1
752 770 1
752 791 1
752 868 1
752 950 1
753 766 1
753 774 1
753 777 1
753 786 1
754 781 1
754 788 1
754 797 1
754 907 1
755 769 1
755 795 1
756 761 1
756 763 1
756 788 1
757 771 1
757 781 1
757 787 1
758 783 1
758 791 1
758 792 1
759 764 1
759 768 1
760 776 1
760 784 1
760 791 1
760 799 1
760 899 1
761 796 1
762 766 1
762 767 1
762 782 1
763 781 1
763 795 1
763 798 1
764 767 1
764 770 1
764 781 1
764 888 1
766 785 1
766 976 1
767 794 1
767 795 1
768 787 1
769 779 1
769 785 1
770 786 1
770 796 1
770 881 1
771 924 1
771 964 1
772 774 1
772 776 1
773 797 1
775 792 1
775 993 1
776 784 1
776 823 1
777 782 1
778 994 1
779 800 1
781 786 1
781 795 1
781 798 1
782 794 1
782 898 1
783 788 1
784 791 1
790 794 1
790 845 1
791 893 1
791 912 1
793 810 1
794 799 1
797 814 1
797 831 1
801 855 1
801 874 1
801 878 1
801 894 1
801 990 1
802 869 1
802 879 1
802 895 1
803 889 1
804 871 1
804 893 1
805 812 1
805 842 1
805 847 1
805 855 1
805 858 1
805 879 1
805 883 1
805 884 1
806 850 1
806 859 1
806 861 1
806 871 1
806 873 1
807 814 1
807 830 1
807 853 1
807 860 1
807 939 1
808 824 1
809 810 1
809 844 1
809 856 1
809 898 1
810 822 1
810 829 1
810 882 1
810 898 1
811 814 1
811 818 1
811 846 1
811 855 1
811 890 1
812 818 1
812 819 1
812 828 1
812 867 1
813 859 1
813 901 1
814 865 1
814 894 1
815 868 1
815 936 1
815 1000 1
816 821 1
816 835 1
816 845 1
816 859 1
816 892 1
817 847 1
817 849 1
817 854 1
817 869 1
818 828 1
818 852 1
818 862 1
818 868 1
818 896 1
818 950 1
818 968 1
819 822 1
819 858 1
819 897 1
820 843 1
820 895 1
821 847 1
821 849 1
822 824 1
822 840 1
822 842 1
822 851 1
822 855 1
822 865 1
822 889 1
822 893 1
822 899 1
823 875 1
823 882 1
824 825 1
824 857 1
824 876 1
824 879 1
825 865 1
825 971 1
826 842 1
826 859 1
826 883 1
826 889 1
827 829 1
827 853 1
827 869 1
827 874 1
827 881 1
827 897 1
827 990 1
828 833 1
828 842 1
828 848 1
828 853 1
828 861 1
829 845 1
829 851 1
829 885 1
830 853 1
830 855 1
831 832 1
831 835 1
831 850 1
831 878 1
832 834 1
832 837 1
832 838 1
832 844 1
832 847 1
832 853 1
832 881 1
832 928 1
833 845 1
833 866 1
834 849 1
834 866 1
834 875 1
834 899 1
835 899 1
835 958 1
836 845 1
836 857 1
836 858 1
836 887 1
837 864 1
837 884 1
837 889 1
838 870 1
839 846 1
839 854 1
839 886 1
839 896 1
839 899 1
840 852 1
840 861 1
840 876 1
840 880 1
840 894 1
841 843 1
841 855 1
841 877 1
843 867 1
843 886 1
843 896 1
844 866 1
844 897 1
845 885 1
846 850 1
847 864 1
847 917 1
848 855 1
848 878 1
848 955 1
849 854 1
849 861 1
849 872 1
849 893 1
849 969 1
850 855 1
850 890 1
850 898 1
851 855 1
851 861 1
851 894 1
852 866 1
852 892 1
852 893 1
853 854 1
853 887 1
853 897 1
853 900 1
854 855 1
854 881 1
854 882 1
855 858 1
855 874 1
855 880 1
855 899 1
856 875 1
856 894 1
857 872 1
857 873 1
857 886 1
857 948 1
858 879 1
858 890 1
859 874 1
859 897 1
859 915 1
860 870 1
860 878 1
860 879 1
860 897 1
861 889 1
861 890 1
861 893 1
862 896 1
863 873 1
863 892 1
863 900 1
864 888 1
864 899 1
865 868 1
865 883 1
865 887 1
865 888 1
866 881 1
867 884 1
867 893 1
867 898 1
868 886 1
868 895 1
869 872 1
869 873 1
870 885 1
870 889 1
870 899 1
871 888 1
871 889 1
871 893 1
873 878 1
873 887 1
874 899 1
875 877 1
877 889 1
877 898 1
878 882 1
878 892 1
881 896 1
882 889 1
882 896 1
883 942 1
885 889 1
887 900 1
889 897 1
890 891 1
890 928 1
894 896 1
896 900 1
898 899 1
899 976 1
900 951 1
901 925 1
901 928 1
901 933 1
901 950 1
901 991 1
902 918 1
902 949 1
902 976 1
903 938 1
903 962 1
903 969 1
903 982 1
904 907 1
904 934 1
904 949 1
904 967 1
905 908 1
905 911 1
905 914 1
905 916 1
905 932 1
905 949 1
905 957 1
905 959 1
905 1000 1
906 933 1
906 976 1
907 919 1
907 925 1
907 931 1
907 952 1
908 929 1
908 960 1
908 962 1
908 975 1
908 980 1
908 993 1
909 914 1
909 916 1
909 920 1
909 928 1
909 938 1
909 948 1
909 960 1
909 966 1
909 967 1
909 969 1
909 977 1
909 985 1
909 997 1
910 915 1
910 923 1
910 942 1
910 961 1
910 977 1
911 971 1
911 976 1
911 979 1
912 924 1
912 970 1
912 973 1
912 988 1
912 994 1
913 932 1
913 955 1
913 991 1
914 958 1
914 998 1
915 923 1
915 973 1
915 992 1
915 997 1
916 927 1
916 928 1
916 964 1
916 977 1
916 979 1
917 968 1
917 978 1
917 982 1
918 929 1
918 943 1
918 950 1
918 973 1
918 984 1
918 988 1
919 921 1
919 932 1
919 958 1
919 960 1
920 924 1
920 934 1
920 940 1
920 967 1
921 948 1
921 956 1
921 957 1
921 960 1
921 961 1
923 931 1
923 976 1
923 982 1
924 997 1
925 951 1
925 987 1
925 996 1
925 997 1
926 934 1
926 936 1
926 948 1
926 966 1
927 953 1
927 997 1
928 935 1
928 958 1
928 974 1
928 975 1
928 977 1
928 998 1
929 930 1
929 951 1
929 968 1
930 968 1
930 969 1
930 971 1
930 995 1
931 951 1
931 985 1
931 995 1
931 998 1
932 957 1
932 1000 1
933 935 1
933 937 1
933 965 1
934 970 1
934 979 1
935 945 1
935 964 1
936 949 1
936 958 1
936 966 1
936 969 1
936 970 1
936 972 1
936 987 1
936 997 1
937 938 1
937 952 1
937 961 1
937 976 1
937 990 1
939 958 1
939 960 1
939 973 1
939 982 1
940 945 1
940 964 1
940 966 1
941 961 1
941 983 1
941 986 1
942 947 1
942 949 1
942 953 1
942 958 1
942 975 1
943 947 1
943 959 1
943 968 1
943 989 1
943 995 1
944 994 1
944 995 1
945 947 1
945 961 1
945 983 1
945 998 1
945 999 1
946 963 1
946 970 1
946 992 1
946 995 1
947 949 1
947 955 1
947 990 1
949 951 1
949 999 1
950 953 1
950 984 1
950 998 1
951 955 1
951 967 1
952 970 1
953 970 1
953 973 1
953 983 1
954 970 1
955 959 1
955 964 1
955 966 1
955 984 1
956 980 1
956 987 1
957 963 1
959 989 1
959 995 1
960 968 1
960 974 1
960 1000 1
962 966 1
962 972 1
962 986 1
962 994 1
963 997 1
964 972 1
964 980 1
965 978 1
965 988 1
965 996 1
966 970 1
967 973 1
967 996 1
968 998 1
971 980 1
971 984 1
971 985 1
972 978 1
973 997 1
974 980 1
974 984 1
974 985 1
974 986 1
974 988 1
974 990 1
974 996 1
975 976 1
975 996 1
977 986 1
978 985 1
978 989 1
978 1000 1
979 985 1
979 992 1
980 993 1
980 998 1
981 990 1
982 990 1
983 985 1
985 994 1
986 997 1
988 993 1
989 995 1
991 995 1
992 994 1
992 1000 1
994 997 1
