1000 4975
1 2 1
1 3 1
1 4 1
1 5 1
1 6 1
1 7 1
1 8 1
1 9 1
1 10 1
1 12 1
1 13 1
1 14 1
1 15 1
1 16 1
1 24 1
1 27 1
1 29 1
1 37 1
1 38 1
1 45 1
1 46 1
1 48 1
1 53 1
1 55 1
1 57 1
1 58 1
1 60 1
1 65 1
1 69 1
1 89 1
1 90 1
1 91 1
1 95 1
1 97 1
1 99 1
1 103 1
1 106 1
1 111 1
1 116 1
1 117 1
1 119 1
1 121 1
1 125 1
1 131 1
1 144 1
1 147 1
1 148 1
1 156 1
1 173 1
1 174 1
1 175 1
1 177 1
1 178 1
1 185 1
1 186 1
1 189 1
1 192 1
1 194 1
1 197 1
1 206 1
1 212 1
1 222 1
1 228 1
1 240 1
1 248 1
1 249 1
1 251 1
1 253 1
1 254 1
1 263 1
1 267 1
1 269 1
1 280 1
1 283 1
1 293 1
1 298 1
1 307 1
1 313 1
1 314 1
1 317 1
1 319 1
1 332 1
1 333 1
1 336 1
1 351 1
1 356 1
1 358 1
1 363 1
1 383 1
1 393 1
1 398 1
1 404 1
1 453 1
1 455 1
1 459 1
1 468 1
1 471 1
1 490 1
1 497 1
1 501 1
1 510 1
1 512 1
1 531 1
1 535 1
1 536 1
1 541 1
1 557 1
1 563 1
1 576 1
1 588 1
1 601 1
1 618 1
1 642 1
1 661 1
1 678 1
1 681 1
1 717 1
1 737 1
1 741 1
1 756 1
1 763 1
1 765 1
1 776 1
1 777 1
1 787 1
1 798 1
1 803 1
1 829 1
1 832 1
1 838 1
1 845 1
1 852 1
1 883 1
1 902 1
1 907 1
1 924 1
1 937 1
1 957 1
1 962 1
1 970 1
1 986 1
1 987 1
2 7 1
2 8 1
2 10 1
2 11 1
2 18 1
2 28 1
2 33 1
2 49 1
2 56 1
2 62 1
2 66 1
2 67 1
2 78 1
2 80 1
2 126 1
2 158 1
2 160 1
2 225 1
2 259 1
2 275 1
2 292 1
2 304 1
2 352 1
2 359 1
2 418 1
2 445 1
2 454 1
2 494 1
2 503 1
2 525 1
2 576 1
2 600 1
2 619 1
2 711 1
2 833 1
2 841 1
2 922 1
2 979 1
3 7 1
3 12 1
3 17 1
3 22 1
3 24 1
3 26 1
3 39 1
3 42 1
3 50 1
3 68 1
3 70 1
3 72 1
3 80 1
3 86 1
3 98 1
3 127 1
3 136 1
3 163 1
3 188 1
3 198 1
3 214 1
3 267 1
3 269 1
3 297 1
3 329 1
3 371 1
3 388 1
3 416 1
3 426 1
3 441 1
3 461 1
3 468 1
3 496 1
3 500 1
3 594 1
3 600 1
3 609 1
3 651 1
3 667 1
3 696 1
3 710 1
3 731 1
3 787 1
3 815 1
3 963 1
3 969 1
3 981 1
4 7 1
4 9 1
4 10 1
4 11 1
4 12 1
4 13 1
4 14 1
4 19 1
4 20 1
4 21 1
4 22 1
4 25 1
4 27 1
4 28 1
4 29 1
4 30 1
4 31 1
4 33 1
4 36 1
4 39 1
4 41 1
4 54 1
4 58 1
4 59 1
4 71 1
4 77 1
4 81 1
4 82 1
4 103 1
4 105 1
4 107 1
4 121 1
4 143 1
4 157 1
4 162 1
4 191 1
4 192 1
4 195 1
4 196 1
4 202 1
4 207 1
4 211 1
4 238 1
4 251 1
4 255 1
4 257 1
4 262 1
4 286 1
4 355 1
4 371 1
4 377 1
4 378 1
4 392 1
4 419 1
4 446 1
4 468 1
4 474 1
4 480 1
4 483 1
4 487 1
4 510 1
4 514 1
4 519 1
4 550 1
4 562 1
4 566 1
4 591 1
4 608 1
4 610 1
4 648 1
4 656 1
4 688 1
4 724 1
4 726 1
4 779 1
4 782 1
4 813 1
4 817 1
4 824 1
4 844 1
4 873 1
4 911 1
4 937 1
4 950 1
4 962 1
5 7 1
5 8 1
5 9 1
5 10 1
5 11 1
5 25 1
5 29 1
5 34 1
5 38 1
5 43 1
5 53 1
5 61 1
5 63 1
5 97 1
5 104 1
5 129 1
5 136 1
5 140 1
5 152 1
5 169 1
5 174 1
5 193 1
5 195 1
5 197 1
5 210 1
5 239 1
5 251 1
5 252 1
5 255 1
5 270 1
5 314 1
5 333 1
5 345 1
5 357 1
5 390 1
5 419 1
5 430 1
5 479 1
5 495 1
5 521 1
5 530 1
5 575 1
5 659 1
5 678 1
5 686 1
5 701 1
5 702 1
5 747 1
5 748 1
5 795 1
5 799 1
5 838 1
5 844 1
5 867 1
5 877 1
5 908 1
5 927 1
5 939 1
5 975 1
5 997 1
6 8 1
6 15 1
6 16 1
6 26 1
6 86 1
6 123 1
6 148 1
6 213 1
6 223 1
6 389 1
6 531 1
6 671 1
6 761 1
6 881 1
6 967 1
7 8 1
7 9 1
7 12 1
7 20 1
7 21 1
7 24 1
7 32 1
7 46 1
7 61 1
7 67 1
7 69 1
7 77 1
7 83 1
7 86 1
7 89 1
7 94 1
7 97 1
7 105 1
7 109 1
7 114 1
7 124 1
7 135 1
7 141 1
7 156 1
7 201 1
7 231 1
7 309 1
7 310 1
7 326 1
7 334 1
7 346 1
7 349 1
7 356 1
7 363 1
7 412 1
7 457 1
7 479 1
7 512 1
7 541 1
7 546 1
7 586 1
7 680 1
7 693 1
7 720 1
7 740 1
7 742 1
7 748 1
7 762 1
7 764 1
7 794 1
7 883 1
7 912 1
7 937 1
7 960 1
7 961 1
7 995 1
7 998 1
8 9 1
8 10 1
8 11 1
8 13 1
8 14 1
8 16 1
8 18 1
8 23 1
8 25 1
8 26 1
8 28 1
8 29 1
8 36 1
8 43 1
8 47 1
8 58 1
8 60 1
8 67 1
8 70 1
8 72 1
8 81 1
8 83 1
8 92 1
8 94 1
8 108 1
8 126 1
8 130 1
8 135 1
8 141 1
8 142 1
8 145 1
8 156 1
8 161 1
8 170 1
8 177 1
8 181 1
8 183 1
8 186 1
8 194 1
8 198 1
8 213 1
8 215 1
8 222 1
8 232 1
8 234 1
8 238 1
8 259 1
8 296 1
8 306 1
8 311 1
8 327 1
8 329 1
8 340 1
8 342 1
8 357 1
8 408 1
8 422 1
8 444 1
8 450 1
8 451 1
8 453 1
8 475 1
8 511 1
8 529 1
8 531 1
8 532 1
8 548 1
8 580 1
8 598 1
8 604 1
8 612 1
8 630 1
8 647 1
8 648 1
8 653 1
8 669 1
8 670 1
8 671 1
8 677 1
8 692 1
8 700 1
8 717 1
8 721 1
8 731 1
8 755 1
8 764 1
8 786 1
8 809 1
8 815 1
8 857 1
8 939 1
8 968 1
8 989 1
8 991 1
8 992 1
9 12 1
9 13 1
9 17 1
9 19 1
9 20 1
9 22 1
9 27 1
9 30 1
9 31 1
9 40 1
9 48 1
9 54 1
9 56 1
9 72 1
9 78 1
9 87 1
9 94 1
9 104 1
9 105 1
9 128 1
9 178 1
9 181 1
9 189 1
9 207 1
9 210 1
9 211 1
9 216 1
9 218 1
9 224 1
9 225 1
9 247 1
9 251 1
9 257 1
9 277 1
9 285 1
9 294 1
9 308 1
9 339 1
9 348 1
9 351 1
9 354 1
9 363 1
9 369 1
9 373 1
9 389 1
9 418 1
9 428 1
9 443 1
9 486 1
9 538 1
9 544 1
9 546 1
9 549 1
9 553 1
9 564 1
9 599 1
9 628 1
9 724 1
9 747 1
9 763 1
9 767 1
9 789 1
9 834 1
9 840 1
9 846 1
9 873 1
9 887 1
9 891 1
9 910 1
9 922 1
9 953 1
9 991 1
10 11 1
10 14 1
10 15 1
10 17 1
10 23 1
10 26 1
10 28 1
10 31 1
10 35 1
10 36 1
10 38 1
10 40 1
10 43 1
10 52 1
10 64 1
10 68 1
10 74 1
10 75 1
10 76 1
10 77 1
10 80 1
10 82 1
10 90 1
10 93 1
10 94 1
10 96 1
10 97 1
10 99 1
10 101 1
10 113 1
10 117 1
10 122 1
10 145 1
10 153 1
10 168 1
10 185 1
10 187 1
10 220 1
10 227 1
10 235 1
10 254 1
10 273 1
10 279 1
10 291 1
10 303 1
10 304 1
10 336 1
10 375 1
10 400 1
10 406 1
10 424 1
10 447 1
10 459 1
10 485 1
10 503 1
10 536 1
10 551 1
10 564 1
10 611 1
10 653 1
10 658 1
10 677 1
10 696 1
10 710 1
10 773 1
10 777 1
10 786 1
10 802 1
10 808 1
10 810 1
10 818 1
10 876 1
10 889 1
10 895 1
10 901 1
10 932 1
10 936 1
11 24 1
11 34 1
11 44 1
11 61 1
11 71 1
11 76 1
11 84 1
11 91 1
11 97 1
11 98 1
11 104 1
11 108 1
11 120 1
11 139 1
11 175 1
11 199 1
11 213 1
11 215 1
11 216 1
11 239 1
11 249 1
11 295 1
11 303 1
11 328 1
11 336 1
11 384 1
11 389 1
11 392 1
11 397 1
11 436 1
11 481 1
11 571 1
11 588 1
11 629 1
11 643 1
11 665 1
11 723 1
11 870 1
11 942 1
11 964 1
11 973 1
12 13 1
12 14 1
12 15 1
12 16 1
12 18 1
12 22 1
12 24 1
12 32 1
12 33 1
12 34 1
12 35 1
12 42 1
12 44 1
12 50 1
12 52 1
12 54 1
12 55 1
12 69 1
12 70 1
12 71 1
12 74 1
12 78 1
12 82 1
12 91 1
12 94 1
12 101 1
12 106 1
12 119 1
12 121 1
12 139 1
12 144 1
12 151 1
12 161 1
12 180 1
12 191 1
12 204 1
12 207 1
12 236 1
12 237 1
12 245 1
12 260 1
12 270 1
12 271 1
12 276 1
12 285 1
12 310 1
12 343 1
12 347 1
12 349 1
12 360 1
12 387 1
12 391 1
12 397 1
12 422 1
12 437 1
12 448 1
12 452 1
12 471 1
12 494 1
12 501 1
12 517 1
12 534 1
12 555 1
12 566 1
12 580 1
12 607 1
12 616 1
12 631 1
12 634 1
12 681 1
12 699 1
12 741 1
12 747 1
12 750 1
12 770 1
12 799 1
12 800 1
12 814 1
12 848 1
12 861 1
12 885 1
12 897 1
12 902 1
12 910 1
12 913 1
12 915 1
12 919 1
12 947 1
12 981 1
12 986 1
13 18 1
13 20 1
13 21 1
13 44 1
13 48 1
13 75 1
13 78 1
13 87 1
13 115 1
13 158 1
13 218 1
13 267 1
13 272 1
13 312 1
13 314 1
13 384 1
13 407 1
13 424 1
13 508 1
13 525 1
13 535 1
13 547 1
13 564 1
13 595 1
13 630 1
13 670 1
13 735 1
13 752 1
13 765 1
13 769 1
13 772 1
13 790 1
14 15 1
14 16 1
14 17 1
14 19 1
14 21 1
14 22 1
14 25 1
14 30 1
14 34 1
14 45 1
14 55 1
14 67 1
14 71 1
14 73 1
14 74 1
14 83 1
14 86 1
14 107 1
14 114 1
14 122 1
14 133 1
14 139 1
14 143 1
14 150 1
14 151 1
14 164 1
14 167 1
14 180 1
14 181 1
14 204 1
14 207 1
14 223 1
14 225 1
14 270 1
14 275 1
14 284 1
14 299 1
14 348 1
14 350 1
14 372 1
14 382 1
14 459 1
14 479 1
14 519 1
14 567 1
14 574 1
14 638 1
14 663 1
14 721 1
14 726 1
14 738 1
14 739 1
14 756 1
14 807 1
14 822 1
14 827 1
14 855 1
14 896 1
14 925 1
15 19 1
15 23 1
15 26 1
15 33 1
15 37 1
15 45 1
15 53 1
15 55 1
15 78 1
15 93 1
15 131 1
15 152 1
15 168 1
15 216 1
15 221 1
15 229 1
15 236 1
15 252 1
15 256 1
15 278 1
15 318 1
15 322 1
15 385 1
15 392 1
15 393 1
15 481 1
15 482 1
15 530 1
15 532 1
15 550 1
15 560 1
15 583 1
15 650 1
15 656 1
15 669 1
15 820 1
15 895 1
15 975 1
15 993 1
16 17 1
16 23 1
16 30 1
16 38 1
16 43 1
16 47 1
16 51 1
16 52 1
16 53 1
16 60 1
16 65 1
16 66 1
16 93 1
16 100 1
16 138 1
16 140 1
16 144 1
16 163 1
16 164 1
16 173 1
16 193 1
16 195 1
16 201 1
16 221 1
16 229 1
16 232 1
16 243 1
16 261 1
16 273 1
16 277 1
16 335 1
16 347 1
16 366 1
16 415 1
16 485 1
16 607 1
16 622 1
16 640 1
16 641 1
16 675 1
16 694 1
16 750 1
16 753 1
16 758 1
16 775 1
16 778 1
16 833 1
16 842 1
16 870 1
16 886 1
16 888 1
16 901 1
16 907 1
16 914 1
16 960 1
17 18 1
17 19 1
17 50 1
17 79 1
17 88 1
17 133 1
17 165 1
17 206 1
17 256 1
17 277 1
17 319 1
17 334 1
17 339 1
17 341 1
17 425 1
17 481 1
17 486 1
17 581 1
17 714 1
17 970 1
18 40 1
18 138 1
18 160 1
18 350 1
18 351 1
18 384 1
18 477 1
18 707 1
18 893 1
19 20 1
19 21 1
19 28 1
19 32 1
19 47 1
19 70 1
19 111 1
19 153 1
19 205 1
19 250 1
19 259 1
19 285 1
19 287 1
19 289 1
19 367 1
19 375 1
19 520 1
19 524 1
19 558 1
19 624 1
19 630 1
19 685 1
19 701 1
19 920 1
20 23 1
20 25 1
20 31 1
20 36 1
20 44 1
20 49 1
20 50 1
20 54 1
20 59 1
20 65 1
20 79 1
20 102 1
20 108 1
20 135 1
20 159 1
20 200 1
20 217 1
20 219 1
20 245 1
20 249 1
20 305 1
20 314 1
20 320 1
20 323 1
20 337 1
20 346 1
20 352 1
20 371 1
20 390 1
20 438 1
20 440 1
20 468 1
20 484 1
20 507 1
20 510 1
20 546 1
20 582 1
20 604 1
20 668 1
20 718 1
20 725 1
20 794 1
20 828 1
20 889 1
20 938 1
20 951 1
20 952 1
20 970 1
21 31 1
21 37 1
21 54 1
21 57 1
21 72 1
21 140 1
21 147 1
21 185 1
21 250 1
21 252 1
21 258 1
21 277 1
21 298 1
21 307 1
21 343 1
21 360 1
21 377 1
21 396 1
21 447 1
21 476 1
21 487 1
21 536 1
21 549 1
21 581 1
21 628 1
21 661 1
21 701 1
21 805 1
21 814 1
21 815 1
21 899 1
22 27 1
22 41 1
22 55 1
22 56 1
22 60 1
22 73 1
22 95 1
22 96 1
22 105 1
22 113 1
22 137 1
22 162 1
22 169 1
22 172 1
22 192 1
22 209 1
22 248 1
22 269 1
22 282 1
22 286 1
22 295 1
22 321 1
22 322 1
22 355 1
22 394 1
22 395 1
22 429 1
22 516 1
22 527 1
22 547 1
22 666 1
22 679 1
22 695 1
22 914 1
22 926 1
23 32 1
23 35 1
23 63 1
23 90 1
23 113 1
23 114 1
23 133 1
23 140 1
23 164 1
23 168 1
23 173 1
23 376 1
23 390 1
23 500 1
23 579 1
23 588 1
23 712 1
23 733 1
23 862 1
24 42 1
24 56 1
24 66 1
24 186 1
24 242 1
24 274 1
24 287 1
24 290 1
24 300 1
24 343 1
24 407 1
24 455 1
24 540 1
24 605 1
24 623 1
24 662 1
24 676 1
24 744 1
24 842 1
24 874 1
24 931 1
25 60 1
25 67 1
25 76 1
25 103 1
25 121 1
25 129 1
25 130 1
25 132 1
25 139 1
25 147 1
25 157 1
25 174 1
25 176 1
25 182 1
25 202 1
25 210 1
25 213 1
25 219 1
25 228 1
25 257 1
25 260 1
25 296 1
25 302 1
25 315 1
25 324 1
25 344 1
25 374 1
25 375 1
25 379 1
25 386 1
25 388 1
25 401 1
25 410 1
25 411 1
25 483 1
25 490 1
25 517 1
25 529 1
25 553 1
25 556 1
25 583 1
25 672 1
25 714 1
25 733 1
25 756 1
25 814 1
25 829 1
25 832 1
25 872 1
25 919 1
25 993 1
26 27 1
26 29 1
26 32 1
26 34 1
26 35 1
26 43 1
26 47 1
26 51 1
26 57 1
26 86 1
26 100 1
26 103 1
26 112 1
26 115 1
26 120 1
26 122 1
26 128 1
26 138 1
26 142 1
26 146 1
26 184 1
26 362 1
26 397 1
26 430 1
26 431 1
26 437 1
26 491 1
26 502 1
26 602 1
26 649 1
26 713 1
26 727 1
26 746 1
26 760 1
26 851 1
26 913 1
26 935 1
26 948 1
27 45 1
27 51 1
27 52 1
27 65 1
27 75 1
27 87 1
27 99 1
27 150 1
27 208 1
27 211 1
27 226 1
27 316 1
27 350 1
27 376 1
27 396 1
27 504 1
27 736 1
27 847 1
27 967 1
27 978 1
28 30 1
28 42 1
28 68 1
28 73 1
28 161 1
28 310 1
28 465 1
28 587 1
28 745 1
28 761 1
29 33 1
29 37 1
29 46 1
29 127 1
29 138 1
29 150 1
29 192 1
29 327 1
29 343 1
29 429 1
29 465 1
29 647 1
29 738 1
29 757 1
29 784 1
29 806 1
29 812 1
29 919 1
29 961 1
30 39 1
30 41 1
30 46 1
30 59 1
30 95 1
30 114 1
30 179 1
30 227 1
30 242 1
30 246 1
30 247 1
30 261 1
30 263 1
30 290 1
30 302 1
30 344 1
30 377 1
30 382 1
30 387 1
30 428 1
30 465 1
30 515 1
30 565 1
30 566 1
30 571 1
30 628 1
30 635 1
30 685 1
30 849 1
30 862 1
30 867 1
30 948 1
30 974 1
31 39 1
31 41 1
31 49 1
31 63 1
31 73 1
31 95 1
31 153 1
31 160 1
31 165 1
31 290 1
31 335 1
31 361 1
31 372 1
31 391 1
31 408 1
31 451 1
31 568 1
31 570 1
31 581 1
31 595 1
31 617 1
31 767 1
31 790 1
31 792 1
31 890 1
31 944 1
31 948 1
32 36 1
32 57 1
32 63 1
32 301 1
32 406 1
32 430 1
33 35 1
33 59 1
33 89 1
33 110 1
33 117 1
33 124 1
33 146 1
33 152 1
33 239 1
33 330 1
33 368 1
33 421 1
33 449 1
33 461 1
33 496 1
33 537 1
33 543 1
33 563 1
33 595 1
33 620 1
33 634 1
33 687 1
33 836 1
33 998 1
34 52 1
34 58 1
34 62 1
34 85 1
34 110 1
34 125 1
34 129 1
34 205 1
34 304 1
34 331 1
34 364 1
34 432 1
34 516 1
34 597 1
34 673 1
34 683 1
34 729 1
34 782 1
34 801 1
34 870 1
34 923 1
35 38 1
35 40 1
35 51 1
35 53 1
35 123 1
35 124 1
35 180 1
35 215 1
35 217 1
35 253 1
35 276 1
35 279 1
35 302 1
35 319 1
35 330 1
35 345 1
35 363 1
35 373 1
35 387 1
35 402 1
35 412 1
35 472 1
35 567 1
35 642 1
35 698 1
35 779 1
35 794 1
35 801 1
35 841 1
35 863 1
35 898 1
35 909 1
35 967 1
35 998 1
36 37 1
36 41 1
36 42 1
36 47 1
36 49 1
36 64 1
36 85 1
36 112 1
36 136 1
36 144 1
36 152 1
36 154 1
36 157 1
36 225 1
36 229 1
36 246 1
36 250 1
36 263 1
36 268 1
36 299 1
36 325 1
36 349 1
36 359 1
36 394 1
36 403 1
36 404 1
36 426 1
36 457 1
36 463 1
36 465 1
36 480 1
36 543 1
36 576 1
36 636 1
36 676 1
36 701 1
36 705 1
36 799 1
36 827 1
36 903 1
36 912 1
36 928 1
36 939 1
37 40 1
37 48 1
37 64 1
37 70 1
37 76 1
37 79 1
37 109 1
37 111 1
37 125 1
37 147 1
37 179 1
37 264 1
37 286 1
37 337 1
37 354 1
37 361 1
37 424 1
37 434 1
37 441 1
37 448 1
37 472 1
37 498 1
37 501 1
37 524 1
37 531 1
37 538 1
37 619 1
37 682 1
37 697 1
37 764 1
37 775 1
37 799 1
37 876 1
37 895 1
37 906 1
37 914 1
38 39 1
38 46 1
38 49 1
38 58 1
38 90 1
38 134 1
38 147 1
38 167 1
38 218 1
38 234 1
38 235 1
38 250 1
38 264 1
38 288 1
38 300 1
38 345 1
38 363 1
38 394 1
38 420 1
38 435 1
38 449 1
38 483 1
38 518 1
38 596 1
38 631 1
38 671 1
38 706 1
38 776 1
38 818 1
38 872 1
38 880 1
38 891 1
38 908 1
38 909 1
38 928 1
38 946 1
39 45 1
39 50 1
39 62 1
39 102 1
39 107 1
39 115 1
39 116 1
39 122 1
39 126 1
39 149 1
39 181 1
39 201 1
39 209 1
39 226 1
39 233 1
39 294 1
39 308 1
39 317 1
39 354 1
39 357 1
39 374 1
39 376 1
39 386 1
39 544 1
39 682 1
39 684 1
39 699 1
39 777 1
39 813 1
39 863 1
39 872 1
39 965 1
40 44 1
40 73 1
40 83 1
40 89 1
40 96 1
40 123 1
40 174 1
40 176 1
40 214 1
40 262 1
40 266 1
40 293 1
40 472 1
40 493 1
40 496 1
40 521 1
40 542 1
40 574 1
40 586 1
40 638 1
40 718 1
40 761 1
40 768 1
40 954 1
40 993 1
41 79 1
41 87 1
41 137 1
41 151 1
41 159 1
41 292 1
41 365 1
41 367 1
41 369 1
41 508 1
41 690 1
41 692 1
41 733 1
41 749 1
41 885 1
41 892 1
41 955 1
42 90 1
42 93 1
42 136 1
42 154 1
42 155 1
42 165 1
42 202 1
42 274 1
42 349 1
42 354 1
42 366 1
42 400 1
42 441 1
42 520 1
42 582 1
42 630 1
42 714 1
42 791 1
42 843 1
42 857 1
42 898 1
43 77 1
43 81 1
43 83 1
43 92 1
43 126 1
43 153 1
43 160 1
43 171 1
43 176 1
43 215 1
43 227 1
43 241 1
43 246 1
43 261 1
43 278 1
43 281 1
43 403 1
43 421 1
43 498 1
43 605 1
43 636 1
43 637 1
43 648 1
43 890 1
43 891 1
43 980 1
44 48 1
44 56 1
44 69 1
44 77 1
44 88 1
44 100 1
44 109 1
44 118 1
44 119 1
44 145 1
44 149 1
44 211 1
44 254 1
44 271 1
44 272 1
44 278 1
44 283 1
44 321 1
44 348 1
44 349 1
44 372 1
44 388 1
44 406 1
44 557 1
44 618 1
44 635 1
44 646 1
44 713 1
44 786 1
44 844 1
44 873 1
44 945 1
45 57 1
45 68 1
45 88 1
45 100 1
45 132 1
45 213 1
45 308 1
45 318 1
45 351 1
45 368 1
45 369 1
45 395 1
45 408 1
45 412 1
45 426 1
45 467 1
45 554 1
45 671 1
45 695 1
45 735 1
45 834 1
45 880 1
45 912 1
45 984 1
46 61 1
46 84 1
46 110 1
46 125 1
46 132 1
46 166 1
46 170 1
46 301 1
46 382 1
46 411 1
46 543 1
46 548 1
46 556 1
46 602 1
46 699 1
46 778 1
46 982 1
46 986 1
47 75 1
47 84 1
47 89 1
47 141 1
47 156 1
47 264 1
47 311 1
47 332 1
47 645 1
47 653 1
47 897 1
47 922 1
48 180 1
48 186 1
48 190 1
48 227 1
48 359 1
48 458 1
48 475 1
48 499 1
48 565 1
48 592 1
48 602 1
48 607 1
48 622 1
48 645 1
48 830 1
49 61 1
49 64 1
49 66 1
49 297 1
49 353 1
49 385 1
49 637 1
49 861 1
50 51 1
50 59 1
50 68 1
50 76 1
50 142 1
50 217 1
50 245 1
50 994 1
51 74 1
51 103 1
51 127 1
51 178 1
51 237 1
51 242 1
51 295 1
51 330 1
51 357 1
51 392 1
51 428 1
51 489 1
51 541 1
51 631 1
51 632 1
51 681 1
51 725 1
51 744 1
51 769 1
51 794 1
51 843 1
51 883 1
51 900 1
51 930 1
51 944 1
52 82 1
52 101 1
52 102 1
52 118 1
52 165 1
52 183 1
52 198 1
52 217 1
52 358 1
52 410 1
52 466 1
52 534 1
52 634 1
52 734 1
52 756 1
52 865 1
52 868 1
52 881 1
53 72 1
53 131 1
53 137 1
53 154 1
53 155 1
53 174 1
53 188 1
53 419 1
53 499 1
53 518 1
53 627 1
53 636 1
53 692 1
53 736 1
53 751 1
53 788 1
53 858 1
53 934 1
54 62 1
54 79 1
54 110 1
54 131 1
54 154 1
54 201 1
54 223 1
54 292 1
54 370 1
54 563 1
54 997 1
55 64 1
55 105 1
55 130 1
55 150 1
55 171 1
55 672 1
55 686 1
55 749 1
56 65 1
56 142 1
56 149 1
56 201 1
56 202 1
56 205 1
56 214 1
56 294 1
56 307 1
56 479 1
56 494 1
56 551 1
56 593 1
56 639 1
56 668 1
56 700 1
56 714 1
56 858 1
56 865 1
56 945 1
57 130 1
57 190 1
57 226 1
57 305 1
57 339 1
57 340 1
57 376 1
57 614 1
57 706 1
57 784 1
57 916 1
57 927 1
57 939 1
58 75 1
58 81 1
58 198 1
58 271 1
58 360 1
58 413 1
58 424 1
58 467 1
58 477 1
58 520 1
58 544 1
58 554 1
58 721 1
58 726 1
58 737 1
58 788 1
58 892 1
58 933 1
59 62 1
59 88 1
59 117 1
59 124 1
59 178 1
59 184 1
59 243 1
59 268 1
59 365 1
59 389 1
59 565 1
59 569 1
59 584 1
60 63 1
60 66 1
60 82 1
60 84 1
60 116 1
60 137 1
60 145 1
60 173 1
60 189 1
60 203 1
60 230 1
60 240 1
60 253 1
60 260 1
60 276 1
60 302 1
60 402 1
60 432 1
60 435 1
60 442 1
60 500 1
60 589 1
60 653 1
60 848 1
60 973 1
60 995 1
61 71 1
61 74 1
61 99 1
61 142 1
61 151 1
61 180 1
61 199 1
61 224 1
61 238 1
61 252 1
61 272 1
61 370 1
61 379 1
61 399 1
61 411 1
61 430 1
61 476 1
61 497 1
61 499 1
61 671 1
61 689 1
61 732 1
61 774 1
61 783 1
61 858 1
62 225 1
62 272 1
62 288 1
62 758 1
62 887 1
62 985 1
63 80 1
63 85 1
63 100 1
63 116 1
63 134 1
63 143 1
63 156 1
63 193 1
63 203 1
63 223 1
63 232 1
63 257 1
63 276 1
63 353 1
63 410 1
63 553 1
63 563 1
63 614 1
63 698 1
63 761 1
63 770 1
63 792 1
63 801 1
63 835 1
63 917 1
63 950 1
63 965 1
63 966 1
64 123 1
64 170 1
64 210 1
64 400 1
64 506 1
64 520 1
64 759 1
64 848 1
64 926 1
64 929 1
65 69 1
65 137 1
65 462 1
65 748 1
66 95 1
66 114 1
66 205 1
66 321 1
66 712 1
66 715 1
66 955 1
67 246 1
67 346 1
67 588 1
67 722 1
67 839 1
68 81 1
68 87 1
68 112 1
68 209 1
68 238 1
68 251 1
68 267 1
68 319 1
68 405 1
68 433 1
68 456 1
68 484 1
68 881 1
68 905 1
68 978 1
69 92 1
69 113 1
69 115 1
69 254 1
69 265 1
69 366 1
69 444 1
69 445 1
69 717 1
69 771 1
69 802 1
69 932 1
70 80 1
70 85 1
70 98 1
70 122 1
70 315 1
70 334 1
70 441 1
70 498 1
70 954 1
71 91 1
71 136 1
71 209 1
71 290 1
71 303 1
71 312 1
71 344 1
71 508 1
71 509 1
71 519 1
71 559 1
71 833 1
71 897 1
72 91 1
72 92 1
72 98 1
72 125 1
72 182 1
72 234 1
72 242 1
72 284 1
72 289 1
72 309 1
72 353 1
72 431 1
72 493 1
72 537 1
72 571 1
72 620 1
72 689 1
72 783 1
72 926 1
72 952 1
72 982 1
73 120 1
73 158 1
73 159 1
73 191 1
73 280 1
73 286 1
73 342 1
73 362 1
73 382 1
73 428 1
73 539 1
73 646 1
73 741 1
73 742 1
73 787 1
73 854 1
73 938 1
74 143 1
74 220 1
74 650 1
74 674 1
74 880 1
75 106 1
75 108 1
75 112 1
75 127 1
75 157 1
75 220 1
75 256 1
75 288 1
75 329 1
75 344 1
75 400 1
75 457 1
75 487 1
75 501 1
75 518 1
75 626 1
75 660 1
75 677 1
75 720 1
75 724 1
75 750 1
75 795 1
75 806 1
76 169 1
76 246 1
76 703 1
76 759 1
76 944 1
77 195 1
77 234 1
77 278 1
77 293 1
77 311 1
77 478 1
77 600 1
77 644 1
77 679 1
77 728 1
77 958 1
78 182 1
78 183 1
78 224 1
78 236 1
78 241 1
78 244 1
78 304 1
78 350 1
78 352 1
78 399 1
78 402 1
78 421 1
78 457 1
78 472 1
78 480 1
78 511 1
78 697 1
78 699 1
78 781 1
78 796 1
78 804 1
78 895 1
78 898 1
79 84 1
79 116 1
79 266 1
79 488 1
79 577 1
79 685 1
80 93 1
80 131 1
80 165 1
80 166 1
80 179 1
80 264 1
80 556 1
80 639 1
80 682 1
80 782 1
80 790 1
81 111 1
81 113 1
81 150 1
81 154 1
81 179 1
81 202 1
81 260 1
81 270 1
81 365 1
81 384 1
81 393 1
81 413 1
81 426 1
81 458 1
81 463 1
81 609 1
81 774 1
81 823 1
81 825 1
81 933 1
81 946 1
81 949 1
81 956 1
81 969 1
82 96 1
82 101 1
82 121 1
82 133 1
82 148 1
82 166 1
82 175 1
82 190 1
82 206 1
82 233 1
82 241 1
82 324 1
82 385 1
82 411 1
82 440 1
82 575 1
82 588 1
82 667 1
82 676 1
82 692 1
82 708 1
82 718 1
82 746 1
82 917 1
82 992 1
83 171 1
83 300 1
83 325 1
83 453 1
84 85 1
84 98 1
84 120 1
84 188 1
84 235 1
84 262 1
84 313 1
84 409 1
84 438 1
84 495 1
84 560 1
84 751 1
85 130 1
85 134 1
85 177 1
85 203 1
85 211 1
85 240 1
85 244 1
85 312 1
85 347 1
85 413 1
85 434 1
85 498 1
85 512 1
85 586 1
85 626 1
85 865 1
85 927 1
85 981 1
86 99 1
86 102 1
86 106 1
86 107 1
86 155 1
86 163 1
86 184 1
86 212 1
86 229 1
86 254 1
86 292 1
86 299 1
86 395 1
86 427 1
86 459 1
86 466 1
86 533 1
86 534 1
86 580 1
86 622 1
86 649 1
86 651 1
86 657 1
86 670 1
86 707 1
86 793 1
86 928 1
86 977 1
87 88 1
87 92 1
87 196 1
87 219 1
87 273 1
87 365 1
87 528 1
87 535 1
88 208 1
88 397 1
88 741 1
89 101 1
89 109 1
89 127 1
89 256 1
89 816 1
89 827 1
90 123 1
90 146 1
90 168 1
90 193 1
90 305 1
90 405 1
90 573 1
90 613 1
90 621 1
90 655 1
90 762 1
91 96 1
91 106 1
91 120 1
91 231 1
91 435 1
91 742 1
91 829 1
91 886 1
91 975 1
92 538 1
92 580 1
92 952 1
92 1000 1
93 110 1
93 167 1
93 204 1
93 427 1
93 605 1
93 687 1
93 740 1
93 990 1
94 164 1
94 241 1
94 255 1
94 269 1
94 332 1
94 348 1
94 443 1
94 478 1
94 501 1
94 516 1
94 532 1
94 649 1
94 672 1
94 760 1
94 882 1
95 104 1
95 129 1
95 146 1
95 158 1
95 183 1
95 221 1
95 222 1
95 263 1
95 318 1
95 463 1
95 470 1
95 497 1
95 564 1
95 711 1
95 839 1
95 865 1
96 119 1
96 129 1
96 220 1
96 287 1
96 331 1
96 333 1
96 402 1
96 704 1
96 907 1
97 119 1
97 133 1
97 141 1
97 149 1
97 176 1
97 190 1
97 196 1
97 330 1
97 383 1
97 515 1
97 530 1
97 683 1
97 781 1
97 817 1
97 906 1
98 107 1
98 117 1
98 124 1
98 149 1
98 194 1
98 214 1
98 296 1
98 320 1
98 497 1
98 579 1
98 627 1
98 899 1
98 972 1
99 102 1
99 245 1
99 380 1
99 400 1
99 489 1
99 508 1
99 601 1
99 721 1
100 118 1
100 166 1
100 206 1
100 237 1
100 263 1
100 281 1
100 298 1
100 325 1
100 373 1
100 408 1
100 450 1
101 138 1
101 148 1
101 196 1
101 228 1
101 368 1
101 417 1
101 460 1
101 572 1
101 758 1
101 771 1
101 877 1
101 929 1
101 988 1
102 104 1
102 115 1
102 118 1
102 135 1
102 199 1
102 414 1
102 456 1
102 523 1
102 554 1
102 658 1
102 771 1
102 790 1
102 904 1
102 949 1
103 230 1
103 370 1
103 742 1
104 108 1
104 109 1
104 415 1
104 490 1
104 628 1
104 638 1
104 713 1
104 772 1
104 851 1
104 871 1
105 118 1
105 128 1
105 132 1
105 153 1
105 167 1
105 312 1
105 435 1
105 443 1
105 468 1
105 891 1
105 931 1
106 162 1
106 200 1
106 203 1
106 274 1
106 289 1
106 317 1
106 404 1
106 810 1
106 924 1
107 226 1
107 423 1
107 620 1
107 632 1
108 112 1
108 152 1
108 159 1
108 187 1
108 199 1
108 222 1
108 275 1
108 288 1
108 315 1
108 562 1
108 608 1
108 685 1
108 698 1
108 987 1
109 140 1
109 233 1
109 388 1
109 503 1
109 633 1
109 664 1
109 827 1
109 940 1
109 989 1
110 111 1
110 135 1
110 146 1
110 170 1
110 219 1
110 220 1
110 317 1
110 351 1
110 467 1
110 489 1
110 642 1
110 680 1
110 846 1
110 888 1
111 126 1
111 177 1
111 178 1
111 280 1
111 386 1
111 389 1
111 432 1
111 523 1
111 964 1
112 128 1
112 155 1
112 184 1
112 199 1
112 243 1
112 249 1
112 253 1
112 277 1
112 326 1
112 399 1
112 477 1
112 601 1
112 705 1
112 775 1
112 977 1
113 132 1
113 182 1
113 194 1
113 230 1
113 283 1
113 333 1
113 340 1
113 353 1
113 358 1
113 361 1
113 373 1
113 381 1
113 423 1
113 440 1
113 499 1
113 504 1
113 635 1
113 927 1
113 943 1
113 961 1
113 973 1
114 233 1
114 565 1
114 888 1
115 193 1
115 296 1
115 313 1
115 452 1
115 521 1
115 539 1
115 577 1
115 625 1
115 634 1
115 729 1
115 747 1
115 755 1
115 831 1
115 914 1
115 921 1
116 172 1
116 189 1
116 291 1
116 393 1
116 792 1
116 839 1
116 863 1
117 144 1
117 177 1
117 208 1
117 221 1
117 222 1
117 343 1
117 347 1
117 355 1
117 372 1
117 375 1
117 396 1
117 401 1
117 519 1
117 534 1
117 676 1
117 680 1
117 788 1
117 825 1
117 860 1
117 886 1
117 923 1
117 996 1
118 134 1
118 143 1
118 217 1
118 285 1
118 316 1
118 320 1
118 341 1
118 473 1
118 522 1
118 575 1
118 635 1
118 664 1
118 783 1
118 789 1
118 852 1
118 864 1
118 896 1
118 969 1
119 884 1
119 894 1
119 967 1
120 195 1
120 236 1
120 287 1
120 364 1
120 390 1
120 474 1
120 507 1
120 560 1
121 128 1
121 305 1
121 570 1
122 163 1
122 187 1
122 228 1
122 236 1
122 268 1
122 480 1
122 598 1
122 612 1
122 712 1
122 815 1
123 155 1
123 205 1
123 208 1
123 240 1
123 307 1
123 348 1
123 360 1
123 437 1
123 443 1
123 452 1
123 454 1
123 576 1
123 594 1
123 734 1
123 892 1
123 988 1
124 134 1
124 161 1
124 302 1
124 327 1
124 330 1
124 420 1
124 454 1
124 463 1
124 487 1
124 526 1
124 533 1
124 546 1
124 731 1
124 766 1
124 806 1
124 826 1
124 840 1
124 941 1
125 141 1
125 223 1
125 231 1
125 247 1
125 276 1
125 462 1
125 513 1
125 592 1
125 621 1
125 702 1
125 805 1
126 171 1
126 173 1
126 258 1
126 418 1
126 455 1
126 723 1
126 734 1
126 761 1
126 800 1
126 854 1
126 900 1
127 197 1
127 323 1
127 339 1
127 391 1
127 420 1
127 557 1
127 561 1
127 623 1
127 627 1
127 651 1
127 777 1
127 851 1
127 864 1
127 886 1
128 186 1
128 192 1
128 214 1
128 233 1
128 286 1
128 648 1
128 708 1
128 778 1
129 298 1
129 527 1
129 545 1
129 578 1
129 762 1
129 828 1
129 831 1
129 867 1
129 916 1
129 938 1
129 953 1
129 992 1
130 197 1
130 216 1
130 232 1
130 244 1
130 258 1
130 266 1
130 306 1
130 331 1
130 383 1
130 502 1
130 539 1
130 584 1
130 585 1
130 738 1
130 811 1
130 817 1
131 175 1
131 530 1
131 687 1
131 729 1
131 751 1
131 838 1
131 890 1
131 970 1
131 976 1
132 169 1
132 362 1
132 494 1
132 528 1
133 139 1
133 151 1
133 204 1
133 316 1
133 474 1
133 478 1
133 725 1
133 729 1
133 757 1
133 798 1
133 808 1
133 852 1
133 866 1
134 167 1
134 187 1
134 189 1
134 275 1
134 283 1
134 347 1
134 357 1
134 494 1
134 510 1
134 513 1
134 581 1
135 159 1
135 182 1
135 194 1
135 197 1
135 318 1
135 361 1
135 442 1
135 453 1
135 678 1
135 781 1
135 787 1
135 855 1
136 171 1
136 208 1
136 212 1
136 265 1
136 289 1
136 316 1
136 406 1
136 428 1
136 469 1
136 489 1
136 523 1
136 583 1
136 679 1
136 755 1
136 902 1
136 910 1
137 212 1
137 229 1
137 248 1
137 279 1
137 281 1
137 301 1
137 304 1
137 383 1
137 398 1
137 594 1
137 625 1
137 693 1
137 717 1
137 755 1
137 857 1
138 148 1
138 338 1
139 162 1
139 176 1
139 188 1
139 198 1
139 252 1
139 253 1
139 270 1
139 274 1
139 279 1
139 299 1
139 315 1
139 488 1
139 678 1
139 747 1
139 869 1
139 897 1
139 918 1
139 946 1
139 971 1
140 256 1
140 323 1
140 341 1
140 557 1
140 995 1
141 172 1
141 184 1
141 227 1
141 260 1
141 311 1
141 397 1
141 425 1
141 829 1
141 896 1
142 420 1
142 650 1
142 688 1
143 145 1
143 158 1
143 185 1
143 309 1
143 315 1
143 337 1
143 355 1
143 379 1
143 461 1
143 571 1
143 645 1
143 698 1
143 734 1
143 791 1
143 875 1
143 929 1
144 170 1
144 187 1
144 464 1
144 537 1
144 648 1
144 736 1
145 458 1
146 163 1
146 166 1
146 185 1
146 385 1
146 448 1
146 548 1
146 561 1
146 662 1
146 706 1
146 882 1
147 160 1
147 282 1
147 329 1
147 346 1
147 425 1
147 488 1
147 490 1
147 526 1
147 666 1
147 713 1
147 727 1
147 733 1
147 778 1
147 822 1
148 300 1
148 335 1
148 611 1
148 664 1
148 863 1
149 157 1
149 161 1
149 179 1
149 210 1
149 244 1
149 249 1
149 334 1
149 367 1
149 408 1
149 416 1
149 423 1
149 456 1
149 609 1
149 711 1
149 960 1
150 403 1
150 506 1
150 577 1
150 621 1
150 625 1
150 654 1
150 679 1
150 707 1
150 808 1
151 207 1
151 395 1
151 890 1
152 377 1
152 817 1
153 523 1
153 525 1
153 974 1
154 265 1
154 295 1
154 641 1
155 206 1
155 325 1
155 360 1
155 722 1
155 725 1
156 259 1
156 478 1
156 522 1
156 571 1
156 587 1
156 853 1
157 168 1
157 235 1
157 310 1
157 372 1
157 413 1
157 451 1
157 495 1
157 608 1
157 752 1
157 900 1
157 911 1
157 947 1
158 615 1
158 623 1
159 200 1
159 238 1
159 255 1
159 335 1
159 405 1
159 429 1
159 464 1
159 473 1
159 522 1
159 540 1
159 558 1
159 591 1
159 614 1
159 921 1
159 979 1
159 987 1
160 162 1
160 164 1
160 191 1
160 264 1
160 306 1
160 346 1
160 405 1
160 406 1
160 455 1
160 742 1
160 774 1
160 776 1
160 888 1
160 937 1
161 488 1
161 624 1
161 655 1
161 670 1
161 816 1
161 894 1
161 917 1
162 242 1
162 702 1
162 906 1
163 175 1
163 281 1
163 641 1
163 684 1
164 169 1
164 230 1
164 439 1
164 510 1
164 554 1
164 643 1
164 705 1
164 823 1
164 827 1
164 879 1
164 984 1
165 172 1
165 542 1
165 547 1
165 555 1
165 881 1
166 200 1
166 322 1
166 337 1
166 425 1
166 458 1
166 627 1
166 754 1
166 909 1
167 181 1
167 696 1
168 324 1
168 475 1
168 606 1
168 657 1
168 977 1
169 237 1
169 284 1
169 543 1
169 759 1
169 793 1
169 916 1
170 964 1
171 172 1
171 183 1
171 291 1
171 433 1
171 434 1
171 459 1
171 474 1
171 485 1
171 511 1
171 613 1
171 646 1
171 662 1
171 666 1
171 869 1
171 911 1
171 961 1
172 683 1
172 791 1
173 219 1
173 231 1
173 352 1
173 484 1
173 642 1
173 674 1
173 684 1
174 191 1
174 204 1
174 322 1
174 439 1
174 511 1
174 811 1
174 852 1
174 868 1
174 956 1
175 203 1
175 209 1
175 218 1
175 224 1
175 301 1
175 332 1
175 353 1
175 386 1
175 427 1
175 462 1
175 589 1
175 603 1
175 608 1
175 612 1
175 644 1
175 687 1
175 715 1
175 754 1
175 792 1
175 836 1
175 925 1
176 365 1
176 517 1
176 585 1
177 297 1
177 374 1
177 396 1
177 450 1
177 454 1
177 785 1
178 230 1
178 237 1
178 273 1
178 282 1
178 314 1
178 341 1
178 358 1
178 539 1
178 675 1
178 784 1
178 930 1
179 247 1
179 298 1
179 345 1
179 663 1
179 753 1
179 799 1
180 309 1
180 373 1
180 431 1
180 551 1
180 598 1
180 647 1
180 660 1
180 710 1
180 940 1
181 188 1
181 200 1
181 232 1
181 234 1
181 269 1
181 295 1
181 306 1
181 308 1
181 309 1
181 354 1
181 410 1
181 422 1
181 427 1
181 825 1
181 945 1
182 216 1
182 221 1
182 281 1
182 320 1
182 355 1
182 366 1
182 500 1
182 502 1
182 562 1
182 661 1
182 730 1
182 731 1
182 889 1
183 190 1
183 324 1
183 362 1
183 369 1
183 376 1
183 378 1
184 382 1
184 504 1
184 593 1
184 609 1
184 635 1
184 654 1
185 514 1
186 783 1
187 265 1
187 467 1
188 323 1
188 328 1
188 816 1
189 289 1
189 306 1
189 392 1
189 403 1
189 492 1
189 667 1
189 828 1
189 941 1
190 279 1
190 283 1
190 517 1
190 518 1
190 665 1
190 723 1
190 994 1
191 243 1
191 244 1
191 266 1
191 322 1
191 326 1
191 782 1
191 947 1
192 245 1
192 336 1
192 350 1
192 398 1
192 656 1
192 712 1
192 773 1
192 847 1
192 955 1
192 971 1
193 282 1
193 291 1
193 369 1
193 438 1
193 819 1
193 913 1
194 496 1
194 504 1
195 196 1
195 271 1
195 413 1
195 637 1
195 766 1
195 879 1
196 313 1
196 381 1
196 503 1
196 578 1
196 719 1
196 996 1
197 415 1
197 446 1
197 797 1
198 226 1
198 235 1
198 248 1
198 342 1
198 364 1
198 370 1
198 412 1
198 482 1
198 589 1
198 650 1
198 775 1
198 800 1
198 876 1
199 307 1
199 590 1
199 907 1
199 923 1
199 925 1
200 391 1
200 477 1
200 552 1
200 603 1
200 654 1
200 746 1
200 942 1
200 981 1
201 248 1
201 268 1
201 341 1
201 666 1
201 780 1
201 787 1
201 813 1
201 887 1
202 415 1
202 596 1
202 652 1
202 664 1
202 694 1
202 739 1
203 327 1
203 691 1
203 706 1
204 423 1
204 546 1
204 568 1
204 621 1
204 629 1
204 864 1
204 992 1
205 215 1
205 356 1
205 506 1
205 551 1
205 553 1
205 565 1
205 660 1
205 854 1
206 442 1
206 706 1
206 791 1
206 845 1
207 241 1
207 262 1
207 308 1
207 402 1
207 469 1
207 553 1
207 709 1
207 739 1
207 758 1
207 876 1
208 255 1
208 442 1
208 566 1
208 910 1
209 440 1
209 484 1
209 753 1
209 878 1
210 239 1
210 548 1
210 560 1
210 598 1
210 651 1
210 860 1
211 212 1
211 243 1
211 273 1
211 284 1
211 311 1
211 320 1
211 407 1
211 514 1
211 532 1
211 621 1
211 735 1
211 870 1
211 955 1
212 261 1
212 329 1
212 426 1
212 844 1
213 327 1
213 569 1
213 695 1
213 921 1
214 247 1
214 266 1
214 465 1
214 516 1
214 567 1
214 677 1
214 722 1
214 796 1
214 841 1
214 899 1
215 218 1
216 342 1
216 538 1
216 748 1
216 821 1
217 366 1
217 482 1
217 535 1
217 592 1
217 691 1
217 788 1
218 231 1
218 395 1
218 398 1
218 466 1
218 708 1
218 796 1
219 224 1
219 305 1
219 999 1
220 393 1
220 451 1
220 636 1
220 639 1
220 762 1
220 968 1
220 979 1
221 257 1
221 340 1
221 358 1
221 599 1
221 669 1
221 870 1
221 987 1
222 228 1
222 261 1
222 274 1
222 299 1
222 325 1
222 344 1
222 359 1
222 383 1
222 658 1
223 258 1
223 641 1
223 662 1
223 810 1
223 813 1
223 852 1
223 868 1
223 884 1
224 282 1
224 412 1
224 429 1
224 631 1
224 918 1
225 278 1
225 556 1
225 618 1
225 693 1
225 837 1
225 935 1
226 301 1
226 439 1
226 507 1
226 549 1
226 567 1
226 615 1
227 250 1
227 288 1
227 416 1
227 450 1
227 696 1
227 856 1
228 444 1
228 470 1
228 607 1
228 976 1
229 303 1
229 318 1
229 368 1
229 469 1
230 319 1
230 429 1
230 649 1
230 939 1
231 326 1
232 518 1
232 684 1
233 239 1
233 240 1
233 297 1
233 312 1
233 493 1
233 533 1
233 741 1
234 379 1
234 398 1
234 476 1
234 590 1
234 601 1
234 690 1
234 767 1
234 842 1
235 262 1
235 606 1
235 797 1
236 287 1
236 462 1
236 716 1
236 951 1
237 271 1
237 331 1
237 371 1
238 381 1
238 717 1
238 883 1
238 904 1
239 593 1
239 632 1
239 646 1
239 668 1
240 258 1
240 646 1
240 744 1
240 990 1
241 529 1
241 670 1
241 964 1
242 644 1
242 972 1
243 267 1
243 275 1
243 377 1
243 633 1
243 815 1
243 921 1
244 297 1
244 324 1
244 432 1
244 488 1
244 659 1
244 743 1
245 338 1
245 620 1
245 883 1
245 953 1
245 963 1
246 316 1
246 336 1
246 338 1
246 509 1
246 539 1
246 816 1
246 836 1
246 942 1
247 417 1
247 424 1
247 475 1
247 551 1
247 559 1
247 690 1
247 728 1
247 809 1
248 807 1
249 384 1
249 437 1
249 492 1
249 607 1
250 300 1
250 457 1
250 550 1
251 265 1
251 378 1
251 629 1
252 422 1
252 700 1
252 806 1
253 290 1
253 688 1
253 879 1
253 952 1
253 973 1
254 268 1
254 323 1
254 374 1
254 492 1
254 522 1
254 531 1
254 763 1
255 280 1
255 442 1
255 562 1
255 575 1
255 595 1
255 623 1
255 854 1
255 947 1
256 259 1
256 272 1
256 280 1
256 331 1
256 338 1
256 662 1
256 713 1
256 795 1
256 944 1
257 535 1
257 627 1
257 862 1
258 461 1
258 971 1
259 380 1
259 420 1
259 638 1
259 715 1
259 871 1
260 334 1
260 561 1
260 766 1
260 855 1
261 294 1
261 485 1
261 486 1
261 579 1
261 612 1
261 955 1
262 345 1
262 368 1
262 654 1
262 678 1
262 703 1
262 912 1
262 985 1
263 284 1
263 505 1
263 545 1
263 577 1
264 419 1
264 431 1
264 466 1
264 500 1
264 513 1
264 616 1
264 718 1
265 292 1
266 394 1
266 460 1
266 689 1
267 430 1
268 545 1
268 865 1
269 293 1
269 328 1
269 378 1
269 719 1
269 778 1
269 941 1
269 967 1
270 453 1
270 512 1
270 580 1
270 675 1
271 321 1
271 552 1
271 644 1
272 375 1
272 537 1
272 728 1
272 758 1
273 296 1
273 441 1
273 610 1
273 786 1
273 844 1
273 908 1
273 954 1
273 972 1
274 572 1
274 615 1
274 749 1
275 313 1
275 352 1
275 374 1
275 409 1
275 410 1
275 414 1
275 436 1
275 524 1
275 596 1
275 933 1
275 953 1
276 285 1
276 381 1
276 493 1
276 505 1
276 541 1
276 570 1
276 583 1
276 596 1
276 793 1
276 878 1
277 390 1
277 471 1
277 483 1
277 529 1
277 664 1
278 409 1
278 629 1
279 291 1
279 379 1
279 401 1
279 540 1
279 557 1
279 928 1
280 326 1
280 328 1
280 356 1
280 417 1
280 600 1
280 668 1
280 672 1
280 684 1
280 760 1
280 783 1
280 801 1
281 340 1
281 414 1
281 729 1
283 359 1
283 381 1
283 421 1
283 473 1
283 680 1
283 756 1
283 873 1
284 414 1
284 439 1
284 585 1
284 689 1
284 694 1
284 804 1
285 774 1
286 294 1
286 446 1
286 464 1
286 569 1
286 769 1
286 808 1
286 850 1
286 934 1
286 1000 1
287 293 1
287 367 1
287 444 1
287 480 1
287 525 1
287 581 1
287 715 1
287 797 1
287 934 1
287 983 1
289 467 1
289 682 1
290 339 1
290 370 1
290 388 1
290 445 1
290 450 1
290 462 1
290 536 1
290 574 1
290 626 1
290 766 1
290 840 1
290 936 1
291 401 1
291 812 1
292 582 1
292 667 1
292 768 1
293 362 1
293 542 1
293 604 1
293 809 1
295 434 1
295 550 1
295 980 1
297 485 1
297 532 1
298 816 1
298 854 1
298 983 1
299 724 1
299 751 1
300 303 1
300 506 1
300 573 1
300 578 1
300 723 1
300 789 1
300 871 1
300 930 1
301 310 1
302 333 1
302 847 1
303 660 1
303 903 1
304 328 1
304 396 1
304 463 1
304 552 1
304 561 1
304 569 1
304 632 1
304 650 1
304 657 1
304 735 1
304 739 1
304 768 1
304 803 1
304 822 1
304 893 1
304 990 1
305 321 1
305 542 1
305 623 1
305 645 1
305 876 1
306 745 1
307 317 1
307 332 1
307 445 1
307 652 1
307 749 1
307 861 1
308 458 1
308 723 1
308 976 1
310 638 1
310 757 1
310 768 1
310 996 1
311 407 1
311 593 1
312 437 1
312 624 1
312 798 1
312 818 1
313 371 1
313 456 1
313 618 1
314 521 1
315 789 1
316 484 1
316 958 1
317 438 1
318 613 1
318 767 1
319 338 1
319 481 1
319 690 1
319 832 1
319 855 1
319 916 1
320 380 1
320 691 1
320 721 1
320 774 1
321 568 1
322 704 1
322 875 1
323 568 1
323 591 1
323 626 1
323 754 1
323 771 1
323 864 1
323 931 1
324 516 1
324 666 1
324 679 1
324 714 1
324 901 1
325 416 1
325 418 1
325 423 1
325 464 1
325 522 1
325 597 1
325 802 1
325 835 1
325 882 1
325 996 1
326 364 1
326 380 1
326 394 1
326 433 1
326 552 1
326 798 1
326 819 1
326 936 1
327 537 1
327 743 1
327 754 1
327 830 1
327 879 1
327 903 1
327 973 1
328 337 1
328 934 1
329 470 1
330 427 1
330 491 1
330 544 1
330 574 1
330 979 1
331 476 1
331 526 1
331 840 1
331 935 1
332 335 1
332 364 1
332 411 1
332 456 1
332 469 1
332 506 1
332 824 1
332 826 1
333 432 1
333 448 1
333 616 1
333 795 1
333 856 1
333 858 1
333 905 1
334 736 1
334 750 1
335 444 1
336 447 1
336 734 1
338 342 1
338 387 1
338 460 1
338 476 1
338 760 1
338 779 1
338 818 1
338 919 1
339 418 1
339 699 1
340 470 1
340 521 1
340 603 1
340 677 1
340 972 1
341 496 1
341 682 1
341 752 1
341 823 1
341 897 1
342 386 1
342 414 1
342 434 1
342 507 1
342 549 1
342 559 1
342 587 1
342 598 1
342 639 1
342 884 1
343 584 1
343 673 1
344 356 1
344 399 1
345 367 1
345 616 1
345 657 1
345 959 1
345 979 1
346 492 1
346 587 1
347 985 1
348 417 1
348 558 1
348 702 1
348 759 1
348 786 1
348 974 1
349 435 1
349 549 1
349 625 1
349 659 1
349 680 1
350 407 1
350 570 1
350 599 1
350 922 1
351 403 1
351 433 1
351 454 1
351 573 1
351 732 1
351 859 1
351 989 1
353 440 1
353 504 1
353 530 1
353 556 1
353 609 1
353 694 1
353 705 1
353 736 1
354 399 1
354 602 1
354 809 1
354 880 1
355 732 1
355 990 1
356 361 1
356 520 1
356 527 1
357 508 1
357 633 1
357 903 1
358 449 1
358 509 1
358 619 1
358 640 1
358 811 1
358 884 1
358 920 1
359 477 1
359 708 1
360 486 1
360 591 1
361 579 1
361 629 1
362 568 1
363 577 1
363 733 1
364 894 1
365 622 1
365 653 1
365 687 1
365 697 1
365 766 1
366 686 1
366 925 1
367 436 1
367 576 1
368 517 1
368 628 1
368 633 1
368 652 1
368 875 1
368 940 1
368 982 1
369 425 1
369 515 1
369 645 1
369 709 1
369 954 1
370 385 1
370 439 1
371 433 1
371 451 1
371 773 1
372 479 1
372 659 1
372 705 1
372 719 1
372 958 1
372 976 1
373 933 1
373 991 1
374 378 1
374 380 1
374 419 1
374 487 1
374 523 1
374 665 1
374 688 1
374 725 1
374 764 1
374 893 1
375 409 1
375 853 1
375 978 1
375 981 1
376 431 1
376 438 1
376 452 1
376 503 1
376 727 1
376 941 1
377 534 1
377 572 1
377 578 1
377 866 1
377 936 1
378 552 1
378 555 1
378 772 1
378 837 1
378 918 1
380 655 1
380 812 1
381 800 1
382 611 1
382 643 1
384 387 1
384 404 1
384 415 1
384 436 1
384 482 1
384 589 1
384 765 1
384 779 1
384 966 1
386 409 1
386 478 1
386 554 1
386 587 1
386 619 1
386 697 1
386 830 1
386 841 1
387 482 1
387 572 1
387 590 1
388 391 1
388 404 1
388 615 1
388 768 1
388 826 1
388 875 1
389 405 1
389 765 1
390 401 1
390 481 1
390 547 1
390 639 1
390 673 1
390 693 1
390 754 1
390 975 1
391 416 1
391 585 1
391 867 1
392 696 1
393 727 1
394 505 1
394 507 1
394 780 1
395 421 1
395 497 1
395 509 1
395 613 1
395 669 1
395 695 1
395 858 1
395 866 1
395 901 1
395 905 1
395 957 1
395 992 1
396 448 1
396 789 1
396 942 1
397 505 1
397 519 1
397 626 1
397 900 1
398 502 1
398 524 1
398 545 1
399 617 1
399 822 1
400 445 1
401 486 1
402 527 1
402 743 1
402 824 1
402 933 1
402 945 1
402 963 1
404 443 1
404 658 1
404 946 1
404 962 1
405 611 1
405 663 1
405 909 1
406 608 1
406 615 1
406 902 1
407 649 1
407 695 1
407 698 1
407 824 1
407 881 1
408 590 1
408 730 1
408 918 1
408 943 1
409 422 1
409 473 1
409 838 1
410 436 1
410 470 1
410 475 1
410 514 1
410 633 1
410 885 1
411 417 1
411 452 1
411 566 1
411 610 1
411 830 1
413 455 1
413 466 1
413 540 1
413 637 1
413 752 1
413 811 1
413 909 1
413 963 1
414 447 1
414 770 1
415 604 1
416 541 1
416 685 1
416 689 1
416 745 1
416 841 1
416 843 1
416 987 1
417 514 1
417 589 1
417 850 1
418 667 1
418 840 1
418 906 1
418 919 1
419 446 1
419 640 1
419 823 1
420 449 1
420 492 1
420 697 1
420 809 1
420 850 1
420 864 1
420 924 1
421 502 1
421 764 1
423 491 1
423 582 1
423 819 1
423 839 1
423 999 1
424 460 1
424 991 1
425 775 1
427 447 1
427 483 1
427 528 1
428 449 1
428 651 1
431 700 1
431 941 1
432 871 1
433 460 1
433 704 1
433 776 1
433 820 1
434 511 1
435 567 1
435 688 1
435 869 1
435 892 1
436 590 1
436 820 1
436 951 1
437 726 1
439 515 1
439 586 1
439 593 1
439 826 1
439 849 1
439 1000 1
440 610 1
440 772 1
440 784 1
440 798 1
440 849 1
440 932 1
441 446 1
441 746 1
441 791 1
443 663 1
443 820 1
444 594 1
445 513 1
445 951 1
446 461 1
446 493 1
446 715 1
447 558 1
447 720 1
447 951 1
448 473 1
449 675 1
450 471 1
450 543 1
450 617 1
450 862 1
451 861 1
453 489 1
453 509 1
453 832 1
453 998 1
454 618 1
455 464 1
455 524 1
455 862 1
455 889 1
455 904 1
455 935 1
455 956 1
455 966 1
456 469 1
456 612 1
457 773 1
457 911 1
460 555 1
460 617 1
460 652 1
461 597 1
461 704 1
461 796 1
461 803 1
462 471 1
462 592 1
462 691 1
462 730 1
463 472 1
463 490 1
463 597 1
463 656 1
463 770 1
463 802 1
463 831 1
463 912 1
464 825 1
464 849 1
465 599 1
466 545 1
467 803 1
468 474 1
468 686 1
468 804 1
468 821 1
469 599 1
469 732 1
469 910 1
470 491 1
470 606 1
470 673 1
471 491 1
471 560 1
471 647 1
472 527 1
472 683 1
473 579 1
473 745 1
473 772 1
473 824 1
473 853 1
474 709 1
475 617 1
475 795 1
475 938 1
475 960 1
476 709 1
477 572 1
477 703 1
477 839 1
477 974 1
478 542 1
478 659 1
478 773 1
479 674 1
480 528 1
480 665 1
480 709 1
480 931 1
481 505 1
481 547 1
481 643 1
481 692 1
481 796 1
482 499 1
482 540 1
482 585 1
482 924 1
482 926 1
483 528 1
483 906 1
484 846 1
484 994 1
486 515 1
486 597 1
486 668 1
486 743 1
486 963 1
487 603 1
488 525 1
488 765 1
488 857 1
488 929 1
488 930 1
489 672 1
490 573 1
490 962 1
491 550 1
491 611 1
491 624 1
491 640 1
491 665 1
491 913 1
492 495 1
492 548 1
492 643 1
492 690 1
493 800 1
494 495 1
494 498 1
494 563 1
495 586 1
495 630 1
495 631 1
495 743 1
495 748 1
495 874 1
495 898 1
495 995 1
496 513 1
496 842 1
496 976 1
497 536 1
497 634 1
497 949 1
498 574 1
499 957 1
500 526 1
500 569 1
501 822 1
502 971 1
503 564 1
503 710 1
503 957 1
504 836 1
504 838 1
505 846 1
506 584 1
506 835 1
507 526 1
507 691 1
507 972 1
508 605 1
508 835 1
508 920 1
508 988 1
508 991 1
509 902 1
510 533 1
510 657 1
510 808 1
510 989 1
511 512 1
511 559 1
511 887 1
512 538 1
512 739 1
512 753 1
513 676 1
513 961 1
514 669 1
514 859 1
515 644 1
515 707 1
515 728 1
516 903 1
517 533 1
517 610 1
517 779 1
517 788 1
517 812 1
517 942 1
518 573 1
518 652 1
520 595 1
520 606 1
520 640 1
520 985 1
521 578 1
521 624 1
521 769 1
522 647 1
522 661 1
522 917 1
522 958 1
524 596 1
524 711 1
525 570 1
525 584 1
525 661 1
526 529 1
526 605 1
526 821 1
526 893 1
526 950 1
527 561 1
527 856 1
527 899 1
528 592 1
528 693 1
528 812 1
528 929 1
528 996 1
529 826 1
529 930 1
529 962 1
531 966 1
532 738 1
533 801 1
533 900 1
534 936 1
535 591 1
535 594 1
536 606 1
536 759 1
536 885 1
538 544 1
538 871 1
539 600 1
539 728 1
539 784 1
541 555 1
541 655 1
541 793 1
543 601 1
546 890 1
547 908 1
547 968 1
549 559 1
549 915 1
550 720 1
551 613 1
551 928 1
552 603 1
553 694 1
554 620 1
554 681 1
554 762 1
554 957 1
555 562 1
555 625 1
555 763 1
555 785 1
555 868 1
555 917 1
556 558 1
556 660 1
556 878 1
556 885 1
557 998 1
558 582 1
558 861 1
560 879 1
561 583 1
561 707 1
561 868 1
561 878 1
561 966 1
561 1000 1
563 616 1
564 641 1
565 716 1
565 802 1
566 937 1
566 938 1
567 893 1
568 622 1
568 737 1
568 874 1
568 875 1
568 959 1
569 655 1
569 810 1
569 860 1
571 604 1
572 575 1
572 619 1
572 727 1
572 869 1
572 915 1
572 952 1
573 614 1
573 700 1
573 737 1
575 757 1
575 805 1
575 807 1
576 614 1
578 918 1
579 704 1
579 711 1
579 814 1
579 845 1
579 850 1
581 915 1
582 793 1
583 681 1
583 755 1
583 836 1
583 974 1
584 977 1
585 738 1
586 860 1
587 770 1
587 867 1
588 654 1
588 716 1
589 935 1
591 785 1
592 999 1
593 965 1
595 602 1
595 636 1
595 712 1
595 817 1
595 920 1
596 821 1
597 767 1
597 781 1
600 686 1
600 831 1
601 703 1
602 722 1
603 732 1
603 945 1
603 997 1
604 915 1
605 956 1
606 908 1
607 746 1
608 683 1
608 701 1
608 904 1
611 632 1
611 830 1
612 989 1
613 642 1
613 837 1
614 877 1
615 673 1
617 740 1
617 959 1
619 891 1
619 932 1
619 946 1
621 884 1
622 780 1
625 828 1
626 703 1
626 866 1
626 948 1
627 637 1
627 898 1
628 749 1
628 780 1
629 843 1
631 730 1
632 846 1
634 859 1
635 782 1
635 907 1
636 658 1
636 776 1
636 859 1
637 999 1
639 663 1
639 818 1
639 833 1
641 731 1
642 863 1
642 872 1
643 744 1
644 710 1
644 848 1
644 888 1
644 916 1
645 740 1
645 794 1
646 874 1
647 975 1
648 726 1
648 819 1
653 656 1
653 823 1
654 866 1
655 943 1
656 720 1
656 785 1
657 750 1
658 674 1
658 716 1
658 895 1
658 927 1
660 674 1
660 873 1
661 753 1
663 771 1
663 806 1
664 832 1
664 985 1
665 675 1
666 982 1
667 820 1
667 853 1
667 882 1
667 995 1
668 911 1
668 932 1
669 718 1
669 724 1
669 834 1
669 969 1
673 835 1
673 993 1
674 792 1
676 805 1
676 811 1
676 849 1
676 954 1
677 702 1
677 740 1
677 874 1
679 785 1
679 988 1
681 856 1
682 719 1
682 777 1
682 983 1
683 968 1
684 810 1
684 842 1
685 730 1
686 797 1
686 914 1
688 848 1
689 737 1
690 751 1
690 878 1
691 757 1
691 892 1
692 850 1
693 821 1
694 790 1
695 797 1
696 828 1
697 899 1
698 807 1
698 956 1
702 877 1
702 896 1
703 716 1
703 859 1
706 814 1
707 708 1
707 894 1
708 920 1
711 804 1
712 833 1
713 719 1
713 855 1
714 722 1
718 763 1
719 958 1
722 964 1
723 735 1
723 831 1
723 860 1
724 760 1
728 752 1
728 869 1
728 959 1
729 845 1
730 780 1
730 837 1
732 744 1
733 851 1
733 999 1
735 994 1
739 872 1
739 988 1
742 745 1
743 781 1
743 940 1
747 769 1
749 847 1
751 845 1
753 886 1
756 901 1
757 980 1
764 805 1
765 807 1
767 977 1
767 990 1
769 997 1
770 843 1
773 803 1
778 853 1
784 829 1
785 834 1
785 905 1
787 819 1
788 943 1
790 834 1
792 877 1
793 889 1
795 804 1
795 813 1
797 965 1
805 971 1
807 825 1
808 943 1
809 959 1
811 856 1
812 965 1
813 847 1
813 880 1
816 905 1
822 837 1
822 851 1
823 887 1
829 986 1
832 925 1
832 948 1
833 896 1
833 950 1
833 978 1
834 913 1
835 857 1
836 921 1
837 894 1
839 922 1
842 960 1
844 931 1
846 924 1
850 969 1
850 984 1
851 882 1
855 983 1
859 923 1
859 982 1
864 940 1
869 980 1
870 904 1
871 923 1
873 994 1
875 970 1
883 953 1
884 944 1
888 978 1
905 947 1
905 949 1
907 926 1
907 934 1
907 984 1
913 949 1
916 984 1
929 993 1
930 950 1
947 968 1
951 986 1
952 1000 1
972 980 1
981 983 1
990 997 1
