1000 4975
1 2 1
1 3 1
1 4 1
1 5 1
1 6 1
1 7 1
1 8 1
1 10 1
1 11 1
1 12 1
1 13 1
1 14 1
1 15 1
1 16 1
1 18 1
1 20 1
1 22 1
1 23 1
1 24 1
1 26 1
1 32 1
1 33 1
1 36 1
1 38 1
1 40 1
1 44 1
1 46 1
1 48 1
1 49 1
1 51 1
1 53 1
1 60 1
1 62 1
1 63 1
1 66 1
1 77 1
1 89 1
1 92 1
1 94 1
1 96 1
1 97 1
1 108 1
1 113 1
1 116 1
1 119 1
1 133 1
1 143 1
1 146 1
1 148 1
1 150 1
1 155 1
1 159 1
1 160 1
1 162 1
1 180 1
1 195 1
1 207 1
1 212 1
1 216 1
1 237 1
1 240 1
1 259 1
1 279 1
1 280 1
1 285 1
1 288 1
1 297 1
1 307 1
1 308 1
1 336 1
1 348 1
1 377 1
1 392 1
1 394 1
1 404 1
1 419 1
1 444 1
1 481 1
1 487 1
1 505 1
1 506 1
1 528 1
1 529 1
1 539 1
1 567 1
1 570 1
1 581 1
1 592 1
1 619 1
1 681 1
1 753 1
1 799 1
1 816 1
1 845 1
1 847 1
1 853 1
1 894 1
1 993 1
2 7 1
2 8 1
2 9 1
2 10 1
2 12 1
2 14 1
2 16 1
2 17 1
2 19 1
2 22 1
2 31 1
2 32 1
2 33 1
2 34 1
2 35 1
2 52 1
2 53 1
2 54 1
2 72 1
2 78 1
2 80 1
2 87 1
2 93 1
2 108 1
2 131 1
2 133 1
2 135 1
2 140 1
2 141 1
2 152 1
2 153 1
2 154 1
2 178 1
2 184 1
2 186 1
2 199 1
2 222 1
2 228 1
2 233 1
2 241 1
2 249 1
2 265 1
2 303 1
2 310 1
2 318 1
2 328 1
2 330 1
2 335 1
2 354 1
2 356 1
2 408 1
2 411 1
2 419 1
2 440 1
2 449 1
2 453 1
2 462 1
2 487 1
2 497 1
2 505 1
2 511 1
2 512 1
2 559 1
2 571 1
2 580 1
2 602 1
2 615 1
2 627 1
2 631 1
2 653 1
2 667 1
2 718 1
2 757 1
2 760 1
2 765 1
2 791 1
2 792 1
2 802 1
2 837 1
2 843 1
2 845 1
2 864 1
2 889 1
2 915 1
2 944 1
2 963 1
2 973 1
2 974 1
2 989 1
2 995 1
3 7 1
3 8 1
3 9 1
3 13 1
3 15 1
3 18 1
3 19 1
3 20 1
3 24 1
3 32 1
3 34 1
3 47 1
3 48 1
3 51 1
3 55 1
3 67 1
3 74 1
3 75 1
3 76 1
3 80 1
3 83 1
3 91 1
3 94 1
3 104 1
3 106 1
3 120 1
3 160 1
3 185 1
3 197 1
3 254 1
3 261 1
3 264 1
3 283 1
3 311 1
3 314 1
3 344 1
3 425 1
3 483 1
3 561 1
3 592 1
3 633 1
3 638 1
3 642 1
3 646 1
3 663 1
3 787 1
3 836 1
3 843 1
3 856 1
3 897 1
3 899 1
3 948 1
3 967 1
4 14 1
4 19 1
4 21 1
4 30 1
4 35 1
4 47 1
4 50 1
4 68 1
4 77 1
4 81 1
4 84 1
4 143 1
4 169 1
4 175 1
4 237 1
4 274 1
4 355 1
4 358 1
4 598 1
4 733 1
4 739 1
4 760 1
4 789 1
4 954 1
4 993 1
5 7 1
5 8 1
5 36 1
5 64 1
5 103 1
5 140 1
5 141 1
5 269 1
5 281 1
5 342 1
5 530 1
6 7 1
6 9 1
6 11 1
6 18 1
6 23 1
6 27 1
6 36 1
6 40 1
6 50 1
6 58 1
6 60 1
6 71 1
6 81 1
6 99 1
6 102 1
6 105 1
6 107 1
6 115 1
6 125 1
6 127 1
6 130 1
6 137 1
6 139 1
6 147 1
6 149 1
6 158 1
6 162 1
6 163 1
6 173 1
6 190 1
6 194 1
6 199 1
6 218 1
6 221 1
6 228 1
6 274 1
6 301 1
6 302 1
6 310 1
6 349 1
6 352 1
6 353 1
6 356 1
6 373 1
6 378 1
6 410 1
6 411 1
6 438 1
6 450 1
6 451 1
6 453 1
6 463 1
6 478 1
6 494 1
6 495 1
6 496 1
6 511 1
6 533 1
6 545 1
6 546 1
6 574 1
6 599 1
6 605 1
6 609 1
6 636 1
6 673 1
6 691 1
6 695 1
6 712 1
6 729 1
6 737 1
6 742 1
6 745 1
6 784 1
6 823 1
6 856 1
6 884 1
6 909 1
6 915 1
6 965 1
6 988 1
6 989 1
6 994 1
6 995 1
7 8 1
7 9 1
7 10 1
7 11 1
7 15 1
7 17 1
7 19 1
7 23 1
7 24 1
7 31 1
7 37 1
7 42 1
7 48 1
7 56 1
7 59 1
7 63 1
7 66 1
7 76 1
7 88 1
7 89 1
7 107 1
7 112 1
7 124 1
7 126 1
7 143 1
7 146 1
7 148 1
7 155 1
7 160 1
7 181 1
7 183 1
7 190 1
7 194 1
7 215 1
7 224 1
7 229 1
7 234 1
7 247 1
7 265 1
7 266 1
7 283 1
7 293 1
7 294 1
7 327 1
7 351 1
7 365 1
7 382 1
7 388 1
7 406 1
7 409 1
7 413 1
7 415 1
7 456 1
7 478 1
7 482 1
7 486 1
7 521 1
7 544 1
7 573 1
7 585 1
7 596 1
7 598 1
7 613 1
7 685 1
7 693 1
7 700 1
7 742 1
7 810 1
7 822 1
7 927 1
7 953 1
8 9 1
8 10 1
8 11 1
8 12 1
8 13 1
8 14 1
8 15 1
8 16 1
8 17 1
8 18 1
8 19 1
8 21 1
8 24 1
8 27 1
8 28 1
8 29 1
8 30 1
8 33 1
8 36 1
8 41 1
8 42 1
8 43 1
8 47 1
8 53 1
8 54 1
8 55 1
8 58 1
8 59 1
8 63 1
8 64 1
8 65 1
8 70 1
8 71 1
8 74 1
8 79 1
8 81 1
8 82 1
8 85 1
8 86 1
8 87 1
8 98 1
8 102 1
8 103 1
8 107 1
8 108 1
8 110 1
8 118 1
8 131 1
8 144 1
8 152 1
8 159 1
8 172 1
8 176 1
8 189 1
8 194 1
8 200 1
8 201 1
8 211 1
8 217 1
8 225 1
8 226 1
8 231 1
8 245 1
8 257 1
8 286 1
8 299 1
8 303 1
8 333 1
8 373 1
8 385 1
8 391 1
8 392 1
8 399 1
8 411 1
8 414 1
8 421 1
8 467 1
8 472 1
8 486 1
8 495 1
8 502 1
8 516 1
8 523 1
8 525 1
8 541 1
8 556 1
8 580 1
8 588 1
8 604 1
8 620 1
8 632 1
8 637 1
8 683 1
8 774 1
8 788 1
8 820 1
8 831 1
8 837 1
8 842 1
8 866 1
8 888 1
8 970 1
8 974 1
9 10 1
9 11 1
9 12 1
9 13 1
9 15 1
9 16 1
9 18 1
9 23 1
9 25 1
9 26 1
9 35 1
9 37 1
9 39 1
9 41 1
9 43 1
9 44 1
9 45 1
9 47 1
9 49 1
9 55 1
9 56 1
9 57 1
9 58 1
9 64 1
9 65 1
9 67 1
9 68 1
9 69 1
9 71 1
9 74 1
9 79 1
9 84 1
9 88 1
9 94 1
9 99 1
9 100 1
9 101 1
9 106 1
9 118 1
9 121 1
9 135 1
9 140 1
9 145 1
9 147 1
9 159 1
9 165 1
9 166 1
9 170 1
9 179 1
9 185 1
9 199 1
9 201 1
9 206 1
9 213 1
9 224 1
9 278 1
9 281 1
9 284 1
9 289 1
9 291 1
9 325 1
9 330 1
9 335 1
9 356 1
9 369 1
9 371 1
9 374 1
9 384 1
9 412 1
9 418 1
9 436 1
9 458 1
9 460 1
9 461 1
9 476 1
9 490 1
9 497 1
9 513 1
9 522 1
9 538 1
9 548 1
9 562 1
9 564 1
9 566 1
9 577 1
9 586 1
9 589 1
9 600 1
9 610 1
9 617 1
9 629 1
9 641 1
9 656 1
9 659 1
9 662 1
9 666 1
9 678 1
9 712 1
9 718 1
9 722 1
9 725 1
9 728 1
9 745 1
9 773 1
9 777 1
9 778 1
9 782 1
9 792 1
9 797 1
9 819 1
9 834 1
9 837 1
9 844 1
9 887 1
9 895 1
9 898 1
9 929 1
9 997 1
10 26 1
10 27 1
10 31 1
10 40 1
10 41 1
10 49 1
10 62 1
10 102 1
10 141 1
10 144 1
10 149 1
10 185 1
10 191 1
10 208 1
10 221 1
10 236 1
10 239 1
10 295 1
10 306 1
10 377 1
10 422 1
10 490 1
10 506 1
10 675 1
10 736 1
10 828 1
10 875 1
10 914 1
10 926 1
11 12 1
11 13 1
11 17 1
11 21 1
11 30 1
11 35 1
11 43 1
11 53 1
11 57 1
11 63 1
11 72 1
11 97 1
11 120 1
11 124 1
11 129 1
11 139 1
11 145 1
11 150 1
11 164 1
11 190 1
11 208 1
11 222 1
11 230 1
11 244 1
11 248 1
11 257 1
11 258 1
11 261 1
11 264 1
11 297 1
11 298 1
11 299 1
11 388 1
11 399 1
11 449 1
11 457 1
11 478 1
11 496 1
11 501 1
11 518 1
11 534 1
11 574 1
11 615 1
11 665 1
11 694 1
11 716 1
11 723 1
11 758 1
11 761 1
11 773 1
11 811 1
11 844 1
11 847 1
11 914 1
11 960 1
11 988 1
12 16 1
12 22 1
12 25 1
12 29 1
12 51 1
12 59 1
12 70 1
12 72 1
12 90 1
12 93 1
12 113 1
12 117 1
12 122 1
12 128 1
12 143 1
12 147 1
12 153 1
12 169 1
12 209 1
12 210 1
12 242 1
12 269 1
12 286 1
12 317 1
12 344 1
12 476 1
12 508 1
12 554 1
12 656 1
12 660 1
12 661 1
12 719 1
12 720 1
12 725 1
12 726 1
12 744 1
12 858 1
12 944 1
12 963 1
13 14 1
13 17 1
13 20 1
13 22 1
13 23 1
13 24 1
13 27 1
13 31 1
13 60 1
13 99 1
13 100 1
13 111 1
13 134 1
13 173 1
13 196 1
13 200 1
13 203 1
13 214 1
13 234 1
13 256 1
13 258 1
13 264 1
13 334 1
13 381 1
13 538 1
13 562 1
13 593 1
13 650 1
13 664 1
13 697 1
13 718 1
13 721 1
13 757 1
13 779 1
13 864 1
14 21 1
14 29 1
14 32 1
14 61 1
14 67 1
14 68 1
14 91 1
14 108 1
14 125 1
14 138 1
14 163 1
14 177 1
14 190 1
14 244 1
14 279 1
14 286 1
14 288 1
14 321 1
14 327 1
14 346 1
14 390 1
14 422 1
14 429 1
14 462 1
14 502 1
14 512 1
14 513 1
14 547 1
14 598 1
14 669 1
14 688 1
14 692 1
14 707 1
14 752 1
14 754 1
14 763 1
14 849 1
14 901 1
14 936 1
15 48 1
15 105 1
15 151 1
15 284 1
15 296 1
15 301 1
15 302 1
15 303 1
15 318 1
15 416 1
15 572 1
15 618 1
15 678 1
15 679 1
15 821 1
15 900 1
15 911 1
16 20 1
16 25 1
16 43 1
16 44 1
16 53 1
16 68 1
16 74 1
16 89 1
16 103 1
16 140 1
16 155 1
16 170 1
16 179 1
16 187 1
16 189 1
16 197 1
16 221 1
16 275 1
16 302 1
16 319 1
16 331 1
16 334 1
16 342 1
16 372 1
16 483 1
16 497 1
16 503 1
16 617 1
16 637 1
16 691 1
16 703 1
16 732 1
16 800 1
16 835 1
16 913 1
16 928 1
16 965 1
17 21 1
17 25 1
17 29 1
17 39 1
17 40 1
17 44 1
17 56 1
17 64 1
17 66 1
17 74 1
17 80 1
17 88 1
17 93 1
17 95 1
17 104 1
17 126 1
17 133 1
17 145 1
17 148 1
17 160 1
17 170 1
17 178 1
17 214 1
17 249 1
17 250 1
17 278 1
17 296 1
17 368 1
17 407 1
17 464 1
17 511 1
17 518 1
17 549 1
17 563 1
17 611 1
17 647 1
17 663 1
17 673 1
17 715 1
17 785 1
17 811 1
17 825 1
17 828 1
17 927 1
17 928 1
18 29 1
18 30 1
18 44 1
18 46 1
18 66 1
18 67 1
18 95 1
18 101 1
18 113 1
18 130 1
18 188 1
18 210 1
18 234 1
18 274 1
18 275 1
18 277 1
18 283 1
18 332 1
18 434 1
18 586 1
18 597 1
18 612 1
18 647 1
18 651 1
18 660 1
18 676 1
18 720 1
18 739 1
18 744 1
18 772 1
18 786 1
18 855 1
18 947 1
18 952 1
18 990 1
19 20 1
19 26 1
19 37 1
19 38 1
19 41 1
19 45 1
19 56 1
19 62 1
19 69 1
19 78 1
19 95 1
19 97 1
19 98 1
19 104 1
19 110 1
19 113 1
19 163 1
19 197 1
19 219 1
19 253 1
19 259 1
19 271 1
19 272 1
19 274 1
19 324 1
19 333 1
19 347 1
19 364 1
19 389 1
19 431 1
19 459 1
19 479 1
19 508 1
19 549 1
19 571 1
19 581 1
19 647 1
19 765 1
19 773 1
19 817 1
19 882 1
19 942 1
19 987 1
20 22 1
20 33 1
20 34 1
20 38 1
20 39 1
20 45 1
20 55 1
20 63 1
20 72 1
20 75 1
20 83 1
20 89 1
20 96 1
20 112 1
20 122 1
20 150 1
20 196 1
20 198 1
20 205 1
20 212 1
20 217 1
20 227 1
20 232 1
20 245 1
20 254 1
20 260 1
20 268 1
20 274 1
20 285 1
20 295 1
20 339 1
20 383 1
20 398 1
20 567 1
20 576 1
20 579 1
20 596 1
20 647 1
20 740 1
20 772 1
20 790 1
20 802 1
20 824 1
20 896 1
20 910 1
20 954 1
20 980 1
20 981 1
21 25 1
21 27 1
21 28 1
21 46 1
21 54 1
21 58 1
21 73 1
21 79 1
21 82 1
21 83 1
21 103 1
21 109 1
21 115 1
21 120 1
21 137 1
21 153 1
21 157 1
21 171 1
21 189 1
21 204 1
21 207 1
21 238 1
21 260 1
21 262 1
21 269 1
21 272 1
21 276 1
21 287 1
21 329 1
21 351 1
21 405 1
21 436 1
21 440 1
21 441 1
21 496 1
21 506 1
21 507 1
21 511 1
21 541 1
21 586 1
21 611 1
21 632 1
21 639 1
21 648 1
21 728 1
21 754 1
21 772 1
21 823 1
21 858 1
21 890 1
21 914 1
21 933 1
21 943 1
21 948 1
21 951 1
21 973 1
21 983 1
21 986 1
21 987 1
21 1000 1
22 28 1
22 34 1
22 42 1
22 50 1
22 91 1
22 98 1
22 121 1
22 123 1
22 132 1
22 138 1
22 146 1
22 149 1
22 163 1
22 172 1
22 186 1
22 210 1
22 215 1
22 229 1
22 273 1
22 298 1
22 323 1
22 354 1
22 358 1
22 360 1
22 388 1
22 458 1
22 519 1
22 535 1
22 603 1
22 622 1
22 745 1
22 747 1
22 890 1
22 895 1
22 909 1
22 939 1
22 981 1
23 26 1
23 30 1
23 31 1
23 42 1
23 49 1
23 52 1
23 73 1
23 89 1
23 109 1
23 119 1
23 120 1
23 126 1
23 140 1
23 154 1
23 167 1
23 191 1
23 201 1
23 216 1
23 227 1
23 292 1
23 321 1
23 325 1
23 366 1
23 391 1
23 417 1
23 444 1
23 515 1
23 519 1
23 552 1
23 566 1
23 593 1
23 610 1
23 631 1
23 650 1
23 714 1
23 727 1
23 728 1
23 753 1
23 759 1
23 781 1
23 791 1
23 794 1
23 804 1
23 843 1
23 898 1
23 946 1
23 950 1
23 969 1
24 38 1
24 39 1
24 52 1
24 60 1
24 75 1
24 96 1
24 117 1
24 127 1
24 136 1
24 203 1
24 375 1
24 452 1
24 546 1
24 601 1
24 904 1
25 28 1
25 54 1
25 61 1
25 70 1
25 77 1
25 99 1
25 118 1
25 223 1
25 255 1
25 330 1
25 342 1
25 423 1
25 459 1
25 539 1
25 599 1
25 743 1
25 777 1
25 797 1
25 934 1
26 28 1
26 32 1
26 34 1
26 36 1
26 40 1
26 46 1
26 50 1
26 56 1
26 91 1
26 105 1
26 134 1
26 139 1
26 142 1
26 187 1
26 192 1
26 193 1
26 200 1
26 226 1
26 249 1
26 307 1
26 379 1
26 385 1
26 437 1
26 438 1
26 466 1
26 518 1
26 521 1
26 527 1
26 596 1
26 649 1
26 723 1
26 729 1
26 731 1
26 811 1
26 874 1
26 928 1
26 971 1
27 33 1
27 52 1
27 120 1
27 144 1
27 182 1
27 230 1
27 243 1
27 249 1
27 262 1
27 291 1
27 308 1
27 320 1
27 383 1
27 398 1
27 426 1
27 469 1
27 613 1
27 738 1
27 754 1
27 819 1
27 829 1
28 37 1
28 42 1
28 43 1
28 54 1
28 62 1
28 68 1
28 73 1
28 79 1
28 84 1
28 115 1
28 122 1
28 125 1
28 134 1
28 136 1
28 144 1
28 176 1
28 211 1
28 230 1
28 245 1
28 263 1
28 285 1
28 349 1
28 366 1
28 374 1
28 434 1
28 445 1
28 446 1
28 503 1
28 510 1
28 535 1
28 536 1
28 542 1
28 546 1
28 552 1
28 599 1
28 646 1
28 755 1
28 792 1
28 874 1
28 878 1
28 992 1
29 41 1
29 48 1
29 73 1
29 123 1
29 139 1
29 172 1
29 214 1
29 216 1
29 222 1
29 235 1
29 242 1
29 277 1
29 308 1
29 331 1
29 346 1
29 376 1
29 387 1
29 402 1
29 405 1
29 433 1
29 435 1
29 436 1
29 444 1
29 445 1
29 462 1
29 505 1
29 542 1
29 560 1
29 566 1
29 590 1
29 692 1
29 701 1
29 784 1
29 815 1
29 832 1
29 871 1
29 961 1
30 45 1
30 47 1
30 66 1
30 71 1
30 85 1
30 86 1
30 94 1
30 159 1
30 183 1
30 187 1
30 233 1
30 235 1
30 279 1
30 294 1
30 344 1
30 365 1
30 370 1
30 433 1
30 434 1
30 443 1
30 448 1
30 470 1
30 609 1
30 686 1
30 719 1
30 832 1
30 882 1
30 926 1
30 939 1
31 35 1
31 39 1
31 51 1
31 80 1
31 81 1
31 94 1
31 98 1
31 100 1
31 101 1
31 107 1
31 118 1
31 122 1
31 135 1
31 161 1
31 195 1
31 203 1
31 232 1
31 253 1
31 255 1
31 288 1
31 309 1
31 381 1
31 428 1
31 448 1
31 499 1
31 559 1
31 614 1
31 681 1
31 748 1
31 771 1
31 889 1
31 929 1
31 951 1
31 987 1
32 90 1
32 114 1
32 127 1
32 129 1
32 150 1
32 157 1
32 182 1
32 246 1
32 312 1
32 385 1
32 387 1
32 408 1
32 550 1
32 551 1
32 568 1
32 575 1
32 582 1
32 632 1
32 634 1
32 708 1
32 789 1
32 906 1
32 919 1
33 67 1
33 78 1
33 265 1
33 447 1
33 850 1
34 37 1
34 46 1
34 50 1
34 55 1
34 104 1
34 112 1
34 292 1
34 325 1
34 326 1
34 352 1
34 386 1
34 401 1
34 415 1
34 439 1
34 473 1
34 560 1
34 621 1
34 630 1
34 739 1
34 766 1
34 827 1
34 838 1
34 907 1
34 925 1
34 942 1
34 989 1
35 45 1
35 62 1
35 64 1
35 70 1
35 84 1
35 88 1
35 98 1
35 106 1
35 306 1
35 360 1
35 531 1
35 584 1
35 586 1
35 593 1
35 732 1
35 741 1
35 747 1
35 835 1
35 857 1
35 869 1
35 940 1
35 988 1
36 65 1
36 70 1
36 88 1
36 109 1
36 132 1
36 188 1
36 209 1
36 261 1
36 264 1
36 376 1
36 389 1
36 489 1
36 490 1
36 690 1
36 735 1
36 813 1
36 823 1
36 872 1
36 999 1
37 38 1
37 71 1
37 76 1
37 116 1
37 235 1
37 362 1
37 413 1
37 421 1
37 426 1
37 499 1
37 521 1
37 531 1
37 585 1
37 595 1
37 601 1
37 703 1
37 714 1
37 762 1
37 846 1
37 969 1
38 149 1
38 165 1
38 240 1
38 473 1
38 514 1
38 621 1
38 677 1
38 706 1
38 767 1
38 905 1
39 57 1
39 61 1
39 83 1
39 200 1
39 206 1
39 244 1
39 248 1
39 273 1
39 280 1
39 308 1
39 326 1
39 332 1
39 380 1
39 395 1
39 466 1
39 497 1
39 515 1
39 537 1
39 538 1
39 569 1
39 607 1
39 670 1
39 692 1
39 693 1
39 752 1
39 761 1
39 795 1
39 862 1
39 980 1
40 239 1
40 245 1
40 249 1
40 300 1
40 439 1
40 522 1
40 583 1
40 606 1
40 623 1
40 668 1
40 730 1
40 747 1
41 49 1
41 103 1
41 111 1
41 118 1
41 119 1
41 169 1
41 172 1
41 179 1
41 182 1
41 203 1
41 267 1
41 378 1
41 442 1
41 475 1
41 509 1
41 597 1
41 618 1
41 627 1
41 629 1
41 671 1
41 716 1
41 729 1
41 960 1
42 174 1
42 216 1
42 226 1
42 596 1
42 665 1
42 724 1
42 949 1
43 124 1
43 146 1
43 237 1
43 284 1
43 308 1
43 545 1
43 563 1
43 620 1
43 654 1
44 51 1
44 82 1
44 91 1
44 106 1
44 114 1
44 121 1
44 191 1
44 236 1
44 242 1
44 383 1
44 467 1
44 751 1
44 781 1
44 815 1
45 117 1
45 178 1
45 195 1
45 196 1
45 304 1
45 317 1
45 359 1
45 363 1
45 386 1
45 433 1
45 520 1
45 598 1
45 678 1
45 767 1
46 52 1
46 65 1
46 134 1
46 161 1
46 209 1
46 259 1
46 265 1
46 304 1
46 345 1
46 591 1
46 770 1
46 833 1
46 876 1
46 938 1
47 59 1
47 114 1
47 131 1
47 136 1
47 164 1
47 175 1
47 226 1
47 259 1
47 263 1
47 282 1
47 291 1
47 319 1
47 455 1
47 571 1
47 630 1
47 691 1
47 698 1
47 797 1
47 838 1
47 897 1
47 923 1
47 962 1
48 61 1
48 76 1
48 136 1
48 305 1
48 313 1
48 320 1
48 349 1
48 367 1
48 862 1
49 87 1
49 296 1
49 403 1
49 406 1
49 484 1
49 535 1
49 707 1
49 974 1
50 117 1
50 137 1
50 157 1
50 174 1
50 176 1
50 204 1
50 217 1
50 232 1
50 273 1
50 305 1
50 404 1
50 525 1
50 673 1
50 727 1
50 751 1
50 755 1
50 780 1
50 879 1
51 59 1
51 108 1
51 340 1
51 443 1
51 456 1
51 482 1
51 572 1
51 697 1
51 880 1
51 907 1
52 105 1
52 142 1
52 155 1
52 178 1
52 197 1
52 202 1
52 221 1
52 242 1
52 340 1
52 355 1
52 449 1
52 576 1
52 589 1
52 651 1
52 658 1
52 659 1
52 746 1
52 881 1
52 892 1
52 945 1
52 951 1
53 61 1
53 69 1
53 116 1
53 130 1
53 156 1
53 218 1
53 219 1
53 280 1
53 414 1
53 515 1
53 574 1
53 704 1
53 759 1
53 857 1
53 966 1
54 57 1
54 77 1
54 101 1
54 109 1
54 121 1
54 180 1
54 192 1
54 244 1
54 261 1
54 342 1
54 376 1
54 500 1
54 620 1
54 774 1
54 802 1
54 845 1
55 57 1
55 65 1
55 82 1
55 85 1
55 86 1
55 110 1
55 156 1
55 192 1
55 200 1
55 202 1
55 239 1
55 313 1
55 353 1
55 361 1
55 394 1
55 395 1
55 416 1
55 430 1
55 470 1
55 481 1
55 504 1
55 578 1
55 657 1
55 835 1
55 849 1
55 889 1
55 953 1
55 959 1
56 83 1
56 92 1
56 95 1
56 116 1
56 123 1
56 125 1
56 162 1
56 165 1
56 167 1
56 179 1
56 223 1
56 231 1
56 294 1
56 301 1
56 306 1
56 344 1
56 371 1
56 386 1
56 399 1
56 433 1
56 530 1
56 533 1
56 737 1
56 773 1
56 801 1
56 881 1
56 953 1
56 964 1
57 58 1
57 80 1
57 84 1
57 107 1
57 111 1
57 184 1
57 287 1
57 382 1
57 455 1
57 560 1
57 575 1
57 680 1
57 877 1
58 69 1
58 79 1
58 95 1
58 106 1
58 114 1
58 141 1
58 143 1
58 220 1
58 230 1
58 247 1
58 253 1
58 289 1
58 305 1
58 354 1
58 395 1
58 445 1
58 489 1
58 518 1
58 539 1
58 585 1
58 636 1
58 721 1
58 783 1
58 824 1
58 830 1
58 971 1
59 60 1
59 90 1
59 93 1
59 126 1
59 171 1
59 180 1
59 183 1
59 205 1
59 233 1
59 243 1
59 259 1
59 271 1
59 288 1
59 347 1
59 348 1
59 450 1
59 474 1
59 507 1
59 680 1
59 703 1
59 759 1
59 833 1
59 886 1
59 932 1
59 952 1
60 151 1
60 311 1
60 343 1
60 486 1
60 663 1
60 673 1
60 847 1
60 854 1
60 916 1
61 90 1
61 105 1
61 127 1
61 161 1
61 175 1
61 248 1
61 282 1
61 341 1
61 351 1
61 358 1
61 403 1
61 428 1
61 514 1
61 578 1
61 606 1
61 655 1
61 672 1
61 684 1
61 708 1
61 721 1
61 723 1
61 744 1
61 752 1
61 783 1
61 809 1
61 830 1
61 865 1
62 72 1
62 96 1
62 100 1
62 115 1
62 150 1
62 166 1
62 240 1
62 361 1
62 370 1
62 463 1
62 509 1
62 564 1
62 616 1
62 765 1
62 867 1
63 215 1
63 361 1
63 420 1
63 429 1
63 560 1
63 568 1
63 633 1
63 952 1
64 69 1
64 110 1
64 119 1
64 157 1
64 181 1
64 241 1
64 336 1
64 409 1
64 421 1
64 483 1
64 517 1
64 604 1
64 818 1
64 839 1
64 987 1
64 997 1
65 123 1
65 152 1
65 180 1
65 207 1
65 300 1
65 324 1
65 362 1
65 373 1
65 384 1
65 409 1
65 528 1
65 550 1
65 955 1
66 82 1
66 86 1
66 99 1
66 129 1
66 158 1
66 261 1
66 288 1
66 331 1
66 333 1
66 612 1
66 733 1
66 748 1
66 781 1
67 123 1
67 131 1
67 158 1
67 192 1
67 238 1
67 266 1
67 329 1
67 506 1
67 517 1
67 529 1
67 683 1
67 710 1
67 807 1
68 73 1
68 77 1
68 101 1
68 112 1
68 128 1
68 138 1
68 167 1
68 173 1
68 187 1
68 295 1
68 297 1
68 321 1
68 371 1
68 382 1
68 412 1
68 429 1
68 679 1
68 713 1
68 734 1
68 823 1
68 827 1
69 276 1
69 306 1
69 892 1
70 85 1
70 174 1
70 258 1
70 262 1
70 437 1
70 540 1
70 550 1
70 578 1
70 966 1
71 78 1
71 92 1
71 109 1
71 121 1
71 221 1
71 224 1
71 246 1
71 323 1
71 376 1
71 377 1
71 419 1
71 447 1
71 454 1
71 492 1
71 506 1
71 517 1
71 568 1
71 643 1
71 648 1
71 865 1
71 901 1
72 76 1
72 147 1
72 198 1
72 215 1
72 548 1
72 709 1
72 717 1
72 807 1
72 900 1
73 75 1
73 78 1
73 97 1
73 131 1
73 151 1
73 173 1
73 218 1
73 241 1
73 332 1
73 396 1
73 448 1
73 489 1
73 554 1
73 652 1
73 666 1
73 677 1
73 678 1
73 701 1
73 713 1
73 716 1
73 868 1
73 881 1
73 915 1
73 925 1
73 926 1
74 75 1
74 93 1
74 96 1
74 111 1
74 113 1
74 115 1
74 130 1
74 133 1
74 142 1
74 149 1
74 193 1
74 213 1
74 248 1
74 251 1
74 293 1
74 316 1
74 374 1
74 472 1
74 497 1
74 510 1
74 538 1
74 696 1
74 741 1
74 749 1
74 845 1
74 849 1
74 879 1
74 893 1
74 984 1
75 92 1
75 142 1
75 175 1
75 285 1
75 298 1
75 394 1
75 873 1
76 132 1
76 204 1
76 219 1
76 365 1
76 369 1
76 386 1
76 398 1
76 402 1
76 620 1
76 653 1
77 81 1
77 85 1
77 116 1
77 164 1
77 176 1
77 184 1
77 219 1
77 310 1
77 361 1
77 372 1
77 377 1
77 459 1
77 479 1
77 550 1
77 552 1
77 594 1
77 621 1
77 656 1
77 659 1
77 674 1
77 696 1
77 712 1
77 846 1
77 868 1
77 894 1
77 904 1
77 939 1
77 983 1
78 124 1
78 128 1
78 159 1
78 163 1
78 168 1
78 212 1
78 213 1
78 279 1
78 368 1
78 406 1
78 410 1
78 452 1
78 465 1
78 567 1
78 568 1
78 636 1
78 654 1
78 689 1
78 690 1
78 691 1
78 693 1
78 763 1
78 796 1
78 829 1
78 943 1
78 954 1
78 970 1
78 978 1
79 87 1
79 102 1
79 129 1
79 166 1
79 225 1
79 292 1
79 338 1
79 343 1
79 470 1
79 508 1
79 527 1
79 529 1
79 568 1
79 640 1
79 642 1
79 685 1
79 705 1
79 798 1
79 807 1
79 855 1
79 858 1
79 957 1
79 975 1
79 998 1
80 117 1
80 198 1
80 209 1
80 220 1
80 293 1
80 316 1
80 325 1
80 348 1
80 353 1
80 400 1
80 425 1
80 481 1
80 531 1
80 589 1
80 637 1
80 663 1
80 760 1
81 154 1
81 177 1
81 231 1
81 254 1
81 314 1
81 391 1
81 402 1
81 435 1
81 461 1
81 645 1
81 684 1
81 709 1
81 836 1
82 102 1
82 127 1
82 153 1
82 183 1
82 184 1
82 214 1
82 355 1
82 360 1
82 469 1
82 480 1
82 571 1
82 591 1
82 643 1
82 658 1
82 685 1
82 819 1
83 86 1
83 134 1
83 145 1
83 177 1
83 191 1
83 233 1
83 257 1
83 263 1
83 268 1
83 356 1
83 380 1
83 437 1
83 447 1
83 536 1
83 649 1
83 670 1
83 682 1
83 689 1
83 738 1
83 814 1
83 855 1
83 944 1
84 92 1
84 97 1
84 353 1
84 533 1
84 579 1
84 625 1
84 657 1
84 739 1
84 750 1
84 820 1
84 896 1
84 922 1
85 132 1
85 157 1
85 175 1
85 223 1
85 410 1
85 825 1
85 942 1
86 87 1
86 90 1
86 188 1
86 232 1
86 250 1
86 289 1
86 455 1
86 464 1
86 474 1
86 542 1
86 564 1
86 743 1
86 959 1
87 124 1
87 168 1
87 206 1
87 234 1
87 238 1
87 445 1
87 528 1
87 565 1
87 635 1
87 878 1
88 112 1
88 135 1
88 148 1
88 153 1
88 210 1
88 234 1
88 376 1
88 765 1
88 781 1
88 825 1
88 979 1
89 119 1
89 229 1
89 372 1
89 450 1
89 773 1
90 182 1
90 429 1
90 529 1
90 746 1
90 791 1
91 171 1
91 197 1
91 250 1
91 271 1
91 277 1
91 290 1
91 377 1
91 456 1
91 465 1
91 528 1
91 679 1
91 920 1
92 165 1
92 223 1
92 225 1
92 247 1
92 398 1
92 491 1
92 503 1
92 945 1
93 396 1
93 468 1
93 956 1
94 129 1
94 202 1
94 284 1
94 359 1
94 390 1
94 510 1
94 512 1
94 536 1
94 560 1
94 622 1
94 810 1
95 104 1
95 203 1
95 250 1
95 277 1
95 304 1
95 322 1
95 408 1
95 454 1
95 495 1
95 524 1
95 582 1
95 681 1
95 702 1
95 746 1
95 810 1
95 906 1
95 999 1
96 100 1
96 122 1
96 219 1
96 245 1
96 287 1
96 298 1
96 300 1
96 641 1
96 652 1
96 724 1
97 166 1
97 215 1
97 244 1
97 251 1
97 273 1
97 324 1
97 407 1
97 413 1
97 431 1
97 441 1
97 463 1
97 553 1
97 565 1
97 582 1
97 602 1
97 979 1
98 161 1
98 169 1
98 236 1
98 327 1
98 785 1
98 902 1
99 114 1
99 132 1
99 137 1
99 213 1
99 214 1
99 217 1
99 258 1
99 266 1
99 335 1
99 489 1
99 567 1
99 603 1
99 612 1
99 626 1
99 705 1
99 735 1
99 932 1
100 110 1
100 139 1
100 145 1
100 158 1
100 186 1
100 189 1
100 191 1
100 281 1
100 301 1
100 314 1
100 333 1
100 361 1
100 404 1
100 492 1
100 545 1
100 587 1
100 593 1
100 644 1
100 762 1
100 777 1
100 826 1
100 863 1
100 873 1
100 874 1
101 126 1
101 164 1
101 193 1
101 252 1
101 282 1
101 307 1
101 464 1
101 520 1
101 622 1
101 969 1
102 128 1
102 240 1
102 251 1
102 337 1
102 507 1
102 814 1
102 935 1
103 138 1
103 290 1
103 606 1
104 151 1
104 169 1
104 174 1
104 193 1
104 255 1
104 326 1
104 345 1
104 362 1
104 432 1
104 454 1
104 493 1
104 590 1
104 618 1
104 686 1
104 706 1
104 756 1
104 884 1
105 181 1
105 268 1
105 270 1
105 275 1
105 339 1
105 387 1
105 457 1
105 463 1
105 472 1
105 480 1
105 700 1
106 125 1
106 162 1
106 178 1
106 246 1
106 367 1
106 411 1
106 448 1
106 516 1
106 518 1
106 556 1
106 584 1
106 726 1
106 908 1
106 963 1
107 111 1
107 138 1
107 185 1
107 299 1
107 301 1
107 400 1
107 451 1
107 453 1
107 461 1
107 499 1
107 534 1
107 619 1
107 623 1
107 624 1
107 648 1
107 705 1
108 151 1
108 194 1
108 302 1
108 523 1
108 594 1
108 600 1
108 616 1
108 633 1
108 796 1
108 918 1
109 156 1
109 170 1
109 188 1
109 243 1
109 844 1
109 849 1
110 207 1
110 243 1
110 256 1
110 290 1
110 302 1
110 379 1
110 450 1
110 583 1
110 634 1
111 135 1
111 230 1
111 235 1
111 305 1
111 311 1
111 328 1
111 427 1
111 485 1
111 662 1
111 664 1
111 704 1
111 766 1
112 133 1
112 141 1
112 180 1
112 225 1
112 228 1
112 312 1
112 342 1
112 430 1
112 431 1
112 440 1
112 544 1
112 640 1
112 671 1
112 689 1
112 695 1
112 763 1
112 776 1
112 795 1
112 982 1
113 154 1
113 156 1
113 187 1
113 199 1
113 207 1
113 217 1
113 251 1
113 262 1
113 316 1
113 357 1
113 599 1
113 916 1
113 957 1
114 176 1
114 192 1
114 358 1
114 616 1
114 697 1
114 836 1
115 235 1
115 488 1
115 591 1
115 711 1
116 281 1
116 367 1
116 448 1
116 502 1
117 263 1
117 382 1
117 800 1
117 801 1
117 920 1
118 152 1
118 154 1
118 173 1
118 346 1
118 430 1
118 458 1
118 468 1
118 534 1
118 559 1
118 735 1
118 817 1
119 128 1
119 181 1
119 216 1
119 414 1
119 486 1
119 704 1
119 768 1
119 803 1
119 892 1
120 167 1
120 189 1
120 238 1
120 281 1
120 312 1
120 353 1
120 374 1
120 379 1
120 393 1
120 693 1
120 770 1
120 967 1
121 158 1
121 174 1
121 345 1
121 385 1
121 477 1
121 496 1
121 624 1
121 667 1
121 786 1
121 877 1
122 642 1
123 130 1
123 287 1
123 293 1
123 294 1
123 595 1
123 615 1
123 617 1
123 704 1
123 730 1
123 753 1
123 999 1
124 270 1
124 321 1
124 329 1
124 402 1
124 410 1
124 424 1
124 636 1
124 766 1
124 816 1
124 967 1
125 137 1
125 228 1
125 386 1
125 400 1
125 425 1
125 465 1
125 479 1
125 572 1
125 797 1
125 905 1
126 147 1
126 160 1
126 171 1
126 181 1
126 224 1
126 297 1
126 389 1
126 393 1
126 574 1
126 579 1
126 584 1
126 728 1
126 733 1
126 734 1
126 813 1
126 820 1
126 842 1
126 851 1
126 976 1
127 164 1
127 184 1
127 204 1
127 228 1
127 293 1
127 324 1
127 341 1
127 381 1
127 392 1
127 477 1
127 480 1
127 515 1
127 545 1
127 566 1
127 654 1
127 687 1
127 939 1
128 185 1
128 196 1
128 322 1
128 415 1
128 453 1
128 542 1
128 570 1
128 767 1
128 979 1
129 168 1
129 250 1
129 299 1
129 354 1
129 373 1
129 460 1
129 636 1
129 880 1
130 136 1
130 146 1
130 155 1
130 165 1
130 168 1
130 182 1
130 231 1
130 276 1
130 340 1
130 415 1
130 430 1
130 454 1
130 474 1
130 492 1
130 733 1
130 802 1
130 815 1
130 931 1
130 957 1
131 202 1
131 275 1
131 380 1
131 570 1
131 638 1
131 991 1
132 142 1
132 503 1
132 519 1
132 786 1
132 866 1
133 260 1
133 539 1
133 685 1
134 195 1
134 208 1
134 278 1
134 343 1
134 420 1
134 423 1
134 475 1
134 504 1
134 507 1
134 671 1
134 798 1
134 983 1
135 162 1
135 170 1
135 206 1
135 241 1
135 341 1
135 360 1
135 397 1
135 503 1
135 819 1
136 201 1
136 270 1
136 322 1
136 364 1
136 399 1
136 407 1
136 491 1
136 730 1
136 774 1
136 800 1
136 812 1
136 888 1
136 953 1
137 253 1
137 265 1
137 289 1
137 524 1
137 738 1
137 989 1
138 252 1
138 388 1
138 551 1
138 638 1
138 710 1
138 790 1
138 966 1
139 177 1
139 239 1
139 356 1
139 409 1
139 436 1
139 475 1
139 493 1
139 655 1
139 775 1
139 808 1
139 821 1
139 889 1
139 909 1
140 167 1
140 201 1
140 352 1
140 393 1
140 449 1
140 788 1
140 883 1
141 186 1
141 211 1
141 410 1
141 467 1
141 658 1
141 725 1
141 976 1
142 144 1
142 177 1
142 202 1
142 318 1
142 322 1
142 334 1
142 371 1
142 469 1
142 582 1
142 744 1
142 850 1
142 871 1
142 876 1
142 917 1
142 918 1
143 269 1
143 327 1
143 632 1
143 639 1
143 734 1
144 148 1
144 205 1
144 241 1
144 263 1
144 331 1
144 420 1
144 446 1
144 469 1
144 471 1
144 524 1
144 555 1
144 570 1
144 622 1
144 681 1
144 727 1
144 732 1
144 902 1
144 935 1
145 220 1
145 351 1
145 364 1
145 412 1
145 417 1
145 456 1
145 612 1
145 664 1
145 958 1
146 196 1
146 254 1
146 277 1
146 426 1
146 467 1
146 487 1
146 490 1
146 514 1
146 590 1
146 607 1
146 778 1
146 792 1
146 803 1
146 919 1
147 152 1
147 905 1
148 254 1
148 521 1
148 553 1
148 597 1
148 617 1
148 996 1
149 156 1
149 211 1
149 317 1
149 337 1
149 460 1
149 513 1
149 532 1
149 597 1
149 780 1
149 816 1
150 432 1
150 465 1
150 615 1
150 669 1
151 296 1
151 334 1
151 687 1
151 883 1
151 992 1
152 190 1
152 198 1
152 212 1
152 233 1
152 291 1
152 294 1
152 462 1
152 466 1
152 491 1
152 516 1
152 631 1
152 692 1
152 826 1
152 860 1
152 891 1
153 168 1
153 257 1
153 283 1
153 343 1
153 417 1
153 457 1
153 652 1
153 748 1
153 840 1
153 949 1
154 253 1
154 256 1
154 403 1
154 474 1
154 566 1
154 604 1
154 634 1
154 699 1
154 737 1
154 888 1
155 161 1
155 166 1
155 252 1
155 317 1
155 357 1
155 474 1
155 530 1
155 751 1
156 188 1
156 271 1
156 824 1
157 243 1
157 298 1
157 320 1
157 584 1
157 753 1
157 915 1
158 242 1
158 272 1
158 334 1
158 352 1
158 420 1
158 431 1
158 613 1
158 671 1
158 675 1
158 709 1
158 828 1
158 972 1
159 267 1
159 339 1
159 607 1
160 617 1
160 672 1
160 748 1
160 916 1
160 989 1
161 246 1
161 292 1
161 329 1
161 350 1
161 397 1
161 406 1
161 467 1
161 648 1
161 772 1
161 982 1
162 193 1
162 213 1
162 227 1
162 252 1
162 271 1
162 278 1
162 366 1
162 416 1
162 695 1
162 924 1
162 971 1
163 179 1
163 186 1
163 205 1
163 208 1
163 227 1
163 248 1
163 252 1
163 272 1
163 423 1
163 510 1
163 533 1
163 789 1
163 960 1
164 183 1
164 280 1
164 309 1
164 357 1
164 369 1
164 477 1
164 629 1
164 775 1
164 821 1
164 836 1
164 869 1
165 172 1
165 260 1
165 268 1
165 423 1
165 439 1
165 605 1
165 724 1
165 761 1
165 912 1
165 936 1
166 255 1
166 363 1
166 367 1
166 472 1
166 587 1
166 641 1
166 693 1
166 769 1
166 899 1
167 229 1
167 576 1
167 665 1
168 171 1
168 194 1
168 348 1
168 398 1
168 747 1
168 782 1
169 218 1
169 237 1
169 262 1
169 318 1
169 326 1
169 335 1
169 338 1
169 348 1
169 363 1
169 391 1
169 427 1
169 471 1
169 505 1
169 509 1
169 516 1
169 524 1
169 533 1
169 585 1
169 619 1
169 652 1
169 742 1
169 750 1
169 812 1
169 831 1
170 340 1
170 343 1
170 557 1
170 790 1
171 209 1
171 286 1
171 304 1
171 340 1
171 418 1
171 977 1
171 983 1
172 199 1
172 341 1
172 484 1
172 502 1
172 605 1
172 631 1
172 637 1
172 901 1
172 941 1
173 236 1
173 286 1
173 416 1
173 454 1
173 856 1
173 903 1
174 204 1
174 247 1
174 317 1
174 877 1
175 311 1
175 888 1
175 936 1
176 400 1
176 417 1
176 555 1
176 880 1
177 222 1
177 237 1
177 282 1
177 290 1
177 307 1
177 328 1
177 424 1
177 460 1
177 470 1
177 485 1
177 694 1
177 755 1
177 930 1
178 195 1
178 211 1
178 488 1
178 523 1
178 577 1
178 582 1
178 670 1
178 892 1
179 212 1
179 860 1
180 303 1
180 493 1
180 540 1
180 554 1
180 731 1
180 898 1
181 315 1
181 366 1
181 493 1
181 752 1
181 895 1
182 275 1
182 450 1
182 534 1
182 552 1
182 699 1
182 914 1
182 968 1
184 273 1
184 471 1
184 498 1
184 549 1
184 757 1
185 198 1
185 218 1
185 255 1
185 270 1
185 363 1
185 530 1
185 556 1
185 713 1
185 721 1
185 752 1
185 853 1
185 893 1
186 393 1
186 405 1
186 428 1
186 670 1
186 854 1
187 366 1
187 608 1
188 311 1
188 322 1
188 337 1
188 357 1
188 439 1
188 452 1
188 661 1
188 696 1
188 953 1
188 990 1
189 437 1
189 438 1
189 495 1
189 500 1
189 569 1
189 748 1
190 256 1
190 395 1
190 484 1
191 304 1
191 336 1
191 501 1
191 852 1
191 958 1
192 240 1
192 347 1
192 375 1
192 485 1
192 561 1
192 598 1
192 728 1
192 805 1
192 812 1
192 862 1
192 876 1
193 205 1
193 251 1
193 447 1
193 482 1
193 536 1
193 578 1
193 586 1
193 590 1
193 667 1
193 725 1
193 787 1
193 820 1
194 384 1
194 387 1
194 797 1
195 359 1
195 396 1
196 220 1
196 258 1
196 365 1
196 508 1
196 603 1
196 899 1
197 479 1
197 487 1
197 514 1
197 545 1
198 229 1
198 256 1
198 267 1
198 405 1
198 414 1
198 443 1
198 539 1
198 588 1
198 680 1
198 737 1
198 784 1
198 933 1
198 991 1
199 226 1
199 280 1
199 323 1
199 399 1
199 523 1
199 618 1
199 651 1
199 896 1
199 1000 1
200 347 1
200 635 1
200 908 1
201 208 1
201 210 1
201 339 1
201 757 1
201 763 1
201 765 1
201 827 1
201 833 1
202 283 1
202 371 1
202 491 1
202 839 1
202 841 1
202 883 1
203 206 1
203 405 1
203 416 1
203 666 1
203 867 1
203 875 1
204 370 1
204 526 1
204 543 1
204 570 1
204 621 1
204 803 1
204 879 1
204 978 1
205 220 1
205 231 1
205 309 1
205 327 1
205 337 1
205 684 1
205 785 1
205 912 1
205 940 1
205 964 1
205 981 1
206 257 1
206 315 1
206 395 1
206 558 1
206 851 1
206 858 1
207 821 1
208 224 1
208 441 1
208 478 1
208 501 1
208 837 1
209 236 1
209 423 1
209 608 1
210 222 1
210 247 1
210 292 1
210 355 1
210 373 1
210 432 1
210 771 1
210 816 1
211 227 1
211 440 1
211 446 1
211 478 1
211 577 1
211 595 1
211 770 1
211 804 1
211 836 1
211 914 1
211 937 1
211 960 1
212 303 1
212 420 1
212 468 1
212 470 1
212 547 1
212 624 1
212 676 1
212 760 1
212 872 1
213 279 1
213 284 1
213 346 1
213 664 1
213 843 1
214 268 1
214 295 1
214 409 1
214 427 1
214 602 1
214 653 1
214 846 1
214 868 1
214 887 1
215 364 1
215 557 1
216 363 1
216 439 1
216 464 1
216 496 1
216 1000 1
217 285 1
217 362 1
217 440 1
217 544 1
217 581 1
217 700 1
217 832 1
218 223 1
218 330 1
218 840 1
219 232 1
219 239 1
219 313 1
219 368 1
219 768 1
220 225 1
220 461 1
220 499 1
220 646 1
220 958 1
221 349 1
221 427 1
221 488 1
221 541 1
221 616 1
221 697 1
221 719 1
222 520 1
222 551 1
222 714 1
222 794 1
222 806 1
222 842 1
222 972 1
223 316 1
223 852 1
223 893 1
224 461 1
224 532 1
224 996 1
225 238 1
225 714 1
226 330 1
226 375 1
226 442 1
226 456 1
226 727 1
226 763 1
226 910 1
227 278 1
227 328 1
227 483 1
227 745 1
227 796 1
227 854 1
227 866 1
227 882 1
228 260 1
228 297 1
228 309 1
228 333 1
228 457 1
228 520 1
228 535 1
228 668 1
228 683 1
228 917 1
229 358 1
229 862 1
229 867 1
230 585 1
230 588 1
230 594 1
230 796 1
230 799 1
231 306 1
231 396 1
231 486 1
231 498 1
231 769 1
231 772 1
231 850 1
231 920 1
231 965 1
231 969 1
231 985 1
232 287 1
232 313 1
232 561 1
232 727 1
232 920 1
232 937 1
233 272 1
233 295 1
233 310 1
233 315 1
233 407 1
233 494 1
233 519 1
233 619 1
234 291 1
234 319 1
234 412 1
234 492 1
234 576 1
234 675 1
234 762 1
235 707 1
235 731 1
236 877 1
236 981 1
237 331 1
237 365 1
237 425 1
237 473 1
237 488 1
237 649 1
237 669 1
237 702 1
237 824 1
237 827 1
237 923 1
238 266 1
238 335 1
238 382 1
238 562 1
238 602 1
238 812 1
239 337 1
239 595 1
239 884 1
239 927 1
240 350 1
240 436 1
241 305 1
241 319 1
241 428 1
241 851 1
241 858 1
242 360 1
242 459 1
242 661 1
242 679 1
242 700 1
242 870 1
242 880 1
243 591 1
243 670 1
243 872 1
243 908 1
244 264 1
244 266 1
244 391 1
244 411 1
244 548 1
244 805 1
244 821 1
245 246 1
245 267 1
245 315 1
245 379 1
245 532 1
245 977 1
246 289 1
246 627 1
246 861 1
246 897 1
246 910 1
246 926 1
247 267 1
247 314 1
247 637 1
247 749 1
247 998 1
248 829 1
248 968 1
249 543 1
249 601 1
249 608 1
249 658 1
249 743 1
249 808 1
250 354 1
250 472 1
250 589 1
250 801 1
251 651 1
251 694 1
251 768 1
252 270 1
252 316 1
252 437 1
252 473 1
252 480 1
252 517 1
252 559 1
252 832 1
252 882 1
253 290 1
253 394 1
253 422 1
253 526 1
253 530 1
253 644 1
253 688 1
253 751 1
253 994 1
254 276 1
254 307 1
254 413 1
254 419 1
254 425 1
254 445 1
254 558 1
254 744 1
254 777 1
254 947 1
255 384 1
255 449 1
255 762 1
256 315 1
256 734 1
256 798 1
257 276 1
257 392 1
257 418 1
257 804 1
257 994 1
258 269 1
258 312 1
258 323 1
258 332 1
258 606 1
258 708 1
258 715 1
259 345 1
259 350 1
259 480 1
259 514 1
259 553 1
259 563 1
259 564 1
259 632 1
259 794 1
259 883 1
259 935 1
259 963 1
260 296 1
260 381 1
260 393 1
260 435 1
260 543 1
260 569 1
260 688 1
260 715 1
260 873 1
260 947 1
260 948 1
260 968 1
261 300 1
261 390 1
261 475 1
262 359 1
262 369 1
262 385 1
262 451 1
262 473 1
263 341 1
263 403 1
263 442 1
263 611 1
263 928 1
264 313 1
264 558 1
264 561 1
264 654 1
264 769 1
264 959 1
265 819 1
265 822 1
265 956 1
266 299 1
266 407 1
266 455 1
266 482 1
266 908 1
267 339 1
267 418 1
267 428 1
267 548 1
267 708 1
267 923 1
267 931 1
267 954 1
268 679 1
268 723 1
268 790 1
268 930 1
269 447 1
269 635 1
269 674 1
269 711 1
269 799 1
270 397 1
270 401 1
270 402 1
270 430 1
270 508 1
270 509 1
270 527 1
270 574 1
270 578 1
270 742 1
270 830 1
270 910 1
271 300 1
271 434 1
271 538 1
271 680 1
271 702 1
271 802 1
272 387 1
272 608 1
272 886 1
272 938 1
273 352 1
273 374 1
273 379 1
273 677 1
273 895 1
274 576 1
274 715 1
274 746 1
274 804 1
275 349 1
275 690 1
275 756 1
275 875 1
276 704 1
277 282 1
277 404 1
277 556 1
277 607 1
278 369 1
278 573 1
279 351 1
279 443 1
279 675 1
280 375 1
280 500 1
281 479 1
281 878 1
282 314 1
282 329 1
282 494 1
282 527 1
282 532 1
282 558 1
282 565 1
282 575 1
282 831 1
282 834 1
282 999 1
283 389 1
283 469 1
283 579 1
283 610 1
283 612 1
283 613 1
283 690 1
283 786 1
283 863 1
284 452 1
284 547 1
284 669 1
284 731 1
285 571 1
285 721 1
286 550 1
286 584 1
286 611 1
286 943 1
287 320 1
287 489 1
287 960 1
287 996 1
288 359 1
288 745 1
289 347 1
289 381 1
289 383 1
289 823 1
290 310 1
290 323 1
290 641 1
290 686 1
290 838 1
291 523 1
291 553 1
291 634 1
291 764 1
291 884 1
292 336 1
292 412 1
292 427 1
292 525 1
292 558 1
292 683 1
292 807 1
292 839 1
292 869 1
292 950 1
293 318 1
293 633 1
294 336 1
294 552 1
294 656 1
294 791 1
295 321 1
295 491 1
296 357 1
296 692 1
296 827 1
296 965 1
297 312 1
297 332 1
297 344 1
297 362 1
297 372 1
297 458 1
297 596 1
297 668 1
297 734 1
297 779 1
297 851 1
297 925 1
297 992 1
298 431 1
298 500 1
298 588 1
298 616 1
298 867 1
298 920 1
299 325 1
299 502 1
299 546 1
299 643 1
299 906 1
300 309 1
300 432 1
300 614 1
300 674 1
300 682 1
301 749 1
302 443 1
302 646 1
302 805 1
302 828 1
302 934 1
303 406 1
303 501 1
303 580 1
303 791 1
304 442 1
304 661 1
304 894 1
304 935 1
305 328 1
305 422 1
305 817 1
305 833 1
305 887 1
305 932 1
305 988 1
305 990 1
306 389 1
306 686 1
306 966 1
307 368 1
307 417 1
307 463 1
307 465 1
307 498 1
307 526 1
307 625 1
307 628 1
307 711 1
308 635 1
309 319 1
309 320 1
309 878 1
310 338 1
310 444 1
310 520 1
310 656 1
311 390 1
311 537 1
311 551 1
311 854 1
311 865 1
312 522 1
313 324 1
313 338 1
313 400 1
313 421 1
315 451 1
315 452 1
316 338 1
316 544 1
316 924 1
317 404 1
317 487 1
317 663 1
317 699 1
318 326 1
318 623 1
318 852 1
319 627 1
320 355 1
320 646 1
320 649 1
320 913 1
320 962 1
321 524 1
321 780 1
322 403 1
322 419 1
322 554 1
322 808 1
323 390 1
323 421 1
323 426 1
323 569 1
323 581 1
323 729 1
324 526 1
325 581 1
325 722 1
326 368 1
326 522 1
326 567 1
328 350 1
328 569 1
328 587 1
328 848 1
328 859 1
328 893 1
328 924 1
329 350 1
329 370 1
329 433 1
329 563 1
329 625 1
329 668 1
329 927 1
330 527 1
330 975 1
331 435 1
331 468 1
331 522 1
331 572 1
331 593 1
331 640 1
331 709 1
331 740 1
331 780 1
331 801 1
331 857 1
331 994 1
332 345 1
332 372 1
332 378 1
332 424 1
332 516 1
332 591 1
332 592 1
332 723 1
332 837 1
332 883 1
333 770 1
334 460 1
334 701 1
335 396 1
335 464 1
335 555 1
335 652 1
335 941 1
335 950 1
336 767 1
336 961 1
337 415 1
337 528 1
337 555 1
337 764 1
337 817 1
338 346 1
338 422 1
338 777 1
339 380 1
339 525 1
339 832 1
340 367 1
340 414 1
340 526 1
340 600 1
340 911 1
341 965 1
342 380 1
342 441 1
342 594 1
342 885 1
343 418 1
343 441 1
343 536 1
343 549 1
343 551 1
343 759 1
343 863 1
343 972 1
345 459 1
345 462 1
345 605 1
345 638 1
345 640 1
345 831 1
345 856 1
345 873 1
345 931 1
345 948 1
346 375 1
346 611 1
346 743 1
347 364 1
347 401 1
347 444 1
347 521 1
347 626 1
347 764 1
347 873 1
347 980 1
349 659 1
349 694 1
349 902 1
350 706 1
351 378 1
352 490 1
352 579 1
352 835 1
353 466 1
353 645 1
353 668 1
353 703 1
353 733 1
353 740 1
353 810 1
353 916 1
354 513 1
354 573 1
355 546 1
356 565 1
356 642 1
356 645 1
356 811 1
356 839 1
356 975 1
357 485 1
357 676 1
357 695 1
357 702 1
357 852 1
357 937 1
357 954 1
358 370 1
358 639 1
359 481 1
360 915 1
361 531 1
362 519 1
363 378 1
363 757 1
364 557 1
364 614 1
364 964 1
365 756 1
365 776 1
365 972 1
366 741 1
366 809 1
367 531 1
367 562 1
367 683 1
367 824 1
367 985 1
368 541 1
368 760 1
368 913 1
369 384 1
369 392 1
369 666 1
372 408 1
372 499 1
372 592 1
372 724 1
373 429 1
373 557 1
373 580 1
373 589 1
373 758 1
373 946 1
374 505 1
374 709 1
374 710 1
374 806 1
375 383 1
375 633 1
375 764 1
376 504 1
376 711 1
376 743 1
376 984 1
377 432 1
377 573 1
378 435 1
378 891 1
379 629 1
379 771 1
379 859 1
380 468 1
380 556 1
380 559 1
380 605 1
380 840 1
381 401 1
381 776 1
381 817 1
382 394 1
382 859 1
383 484 1
383 547 1
383 684 1
383 847 1
383 977 1
384 388 1
384 595 1
384 749 1
384 754 1
386 401 1
386 500 1
386 622 1
386 793 1
387 575 1
387 849 1
387 987 1
388 397 1
388 446 1
389 397 1
389 434 1
389 575 1
389 635 1
389 826 1
389 857 1
389 976 1
389 986 1
390 688 1
390 793 1
390 930 1
391 767 1
392 573 1
392 813 1
393 676 1
393 698 1
393 758 1
393 771 1
393 848 1
394 587 1
395 408 1
395 453 1
395 906 1
396 477 1
396 511 1
396 644 1
396 775 1
396 951 1
397 413 1
397 510 1
397 577 1
398 564 1
398 626 1
399 623 1
399 644 1
399 698 1
399 720 1
400 626 1
401 650 1
401 809 1
401 900 1
401 918 1
402 424 1
402 687 1
402 712 1
403 495 1
403 572 1
403 900 1
404 446 1
404 525 1
404 600 1
404 628 1
404 630 1
404 976 1
404 993 1
405 650 1
405 863 1
405 938 1
407 730 1
408 535 1
409 424 1
409 458 1
409 609 1
410 669 1
410 675 1
411 438 1
411 753 1
411 845 1
412 590 1
412 801 1
413 442 1
413 501 1
413 940 1
415 476 1
415 886 1
415 936 1
417 455 1
417 857 1
418 492 1
418 831 1
420 601 1
420 814 1
420 867 1
420 963 1
422 628 1
422 774 1
422 785 1
424 799 1
424 980 1
425 426 1
425 482 1
425 493 1
426 512 1
427 483 1
427 648 1
427 795 1
428 481 1
428 488 1
428 540 1
428 587 1
428 644 1
428 774 1
428 781 1
428 869 1
428 870 1
431 542 1
431 602 1
431 642 1
432 592 1
432 973 1
433 588 1
433 796 1
433 921 1
433 941 1
434 438 1
434 547 1
434 548 1
434 899 1
434 985 1
435 717 1
435 863 1
435 993 1
436 466 1
436 532 1
436 540 1
436 984 1
437 476 1
437 878 1
438 798 1
438 962 1
439 624 1
439 718 1
439 923 1
439 978 1
440 504 1
440 609 1
440 653 1
440 758 1
440 800 1
441 672 1
442 594 1
442 740 1
443 854 1
443 980 1
444 764 1
445 800 1
445 905 1
445 913 1
446 563 1
447 451 1
447 918 1
447 946 1
448 457 1
448 671 1
448 879 1
449 766 1
449 783 1
449 803 1
451 706 1
453 471 1
454 471 1
454 476 1
454 655 1
454 758 1
454 942 1
455 660 1
455 698 1
455 705 1
455 839 1
455 918 1
456 534 1
456 604 1
456 782 1
456 891 1
457 477 1
457 641 1
457 806 1
457 986 1
459 939 1
460 610 1
460 716 1
462 838 1
464 722 1
465 507 1
465 537 1
465 625 1
465 771 1
465 888 1
465 904 1
466 494 1
466 658 1
466 860 1
469 475 1
469 651 1
469 672 1
470 631 1
470 688 1
471 778 1
471 785 1
474 780 1
475 645 1
475 806 1
476 540 1
476 543 1
476 726 1
476 732 1
476 934 1
477 731 1
477 755 1
478 779 1
479 537 1
479 861 1
481 653 1
481 874 1
482 484 1
482 907 1
482 922 1
483 498 1
483 889 1
484 485 1
484 583 1
484 624 1
484 667 1
484 687 1
485 776 1
485 787 1
486 517 1
486 628 1
486 847 1
486 995 1
487 494 1
487 541 1
487 666 1
487 696 1
487 879 1
488 788 1
488 807 1
489 660 1
489 701 1
489 815 1
489 968 1
490 614 1
490 711 1
490 761 1
490 792 1
490 916 1
490 949 1
490 991 1
490 1000 1
491 826 1
492 562 1
492 717 1
492 766 1
493 512 1
493 537 1
493 583 1
493 829 1
493 929 1
494 504 1
494 509 1
494 645 1
494 782 1
494 881 1
494 979 1
495 498 1
495 513 1
495 609 1
495 628 1
495 674 1
495 710 1
495 818 1
497 608 1
498 640 1
498 691 1
498 776 1
500 736 1
501 698 1
501 762 1
501 787 1
501 912 1
503 816 1
504 739 1
506 529 1
506 544 1
506 964 1
507 890 1
508 555 1
508 583 1
508 643 1
508 887 1
508 996 1
510 619 1
510 639 1
511 515 1
511 606 1
511 647 1
511 729 1
511 825 1
511 861 1
511 904 1
511 933 1
511 943 1
511 975 1
511 982 1
512 934 1
514 716 1
514 726 1
514 834 1
514 981 1
515 665 1
515 830 1
515 964 1
516 580 1
516 655 1
518 706 1
518 726 1
518 921 1
519 650 1
521 909 1
522 700 1
522 755 1
522 861 1
523 613 1
523 618 1
524 701 1
524 955 1
525 865 1
525 872 1
526 554 1
526 597 1
526 600 1
526 736 1
526 750 1
527 557 1
527 788 1
527 835 1
527 967 1
529 577 1
529 607 1
530 702 1
530 719 1
531 610 1
531 614 1
531 657 1
531 804 1
531 830 1
532 630 1
532 687 1
532 810 1
534 603 1
534 625 1
534 626 1
535 809 1
535 856 1
535 912 1
536 543 1
538 935 1
539 841 1
539 842 1
540 805 1
542 654 1
543 1000 1
544 604 1
544 659 1
545 795 1
546 794 1
547 553 1
547 793 1
547 961 1
548 549 1
548 623 1
549 803 1
549 958 1
550 603 1
550 973 1
551 751 1
551 976 1
552 990 1
553 673 1
553 705 1
553 769 1
556 561 1
556 725 1
556 756 1
556 775 1
556 891 1
557 874 1
557 971 1
558 710 1
558 946 1
559 643 1
559 846 1
559 921 1
560 844 1
560 870 1
560 931 1
561 565 1
561 662 1
561 665 1
561 689 1
561 922 1
561 938 1
563 685 1
564 599 1
565 906 1
567 853 1
567 999 1
569 941 1
570 682 1
570 712 1
570 938 1
571 852 1
572 720 1
574 950 1
575 913 1
576 657 1
576 662 1
576 875 1
577 634 1
577 690 1
577 988 1
578 730 1
580 822 1
580 905 1
582 627 1
582 984 1
583 929 1
584 949 1
586 629 1
586 783 1
586 959 1
588 674 1
588 885 1
588 901 1
589 703 1
589 921 1
590 615 1
590 895 1
590 992 1
591 919 1
591 997 1
591 998 1
593 601 1
593 903 1
594 970 1
596 724 1
596 864 1
596 947 1
597 649 1
598 750 1
598 932 1
598 997 1
599 784 1
600 822 1
601 639 1
601 660 1
601 885 1
602 966 1
604 930 1
606 621 1
607 945 1
608 934 1
609 848 1
609 896 1
610 924 1
611 638 1
611 717 1
611 793 1
612 786 1
613 993 1
614 793 1
616 694 1
617 865 1
618 798 1
619 620 1
619 769 1
620 853 1
620 936 1
620 957 1
622 779 1
622 859 1
623 676 1
623 735 1
623 768 1
623 957 1
624 736 1
627 737 1
627 818 1
628 630 1
628 657 1
628 667 1
628 681 1
628 707 1
628 806 1
629 818 1
630 699 1
630 886 1
630 978 1
631 677 1
631 684 1
631 813 1
632 719 1
633 927 1
634 661 1
634 885 1
636 718 1
637 871 1
638 680 1
638 756 1
638 952 1
639 655 1
639 686 1
639 982 1
640 696 1
640 722 1
640 834 1
641 956 1
642 909 1
643 808 1
645 851 1
646 814 1
646 958 1
647 672 1
647 922 1
650 662 1
650 738 1
650 956 1
651 682 1
651 779 1
654 741 1
654 754 1
655 924 1
656 870 1
657 695 1
658 866 1
660 677 1
660 713 1
660 749 1
660 861 1
661 891 1
662 759 1
663 664 1
663 750 1
663 875 1
664 787 1
664 841 1
664 893 1
665 689 1
665 886 1
667 736 1
668 682 1
668 707 1
669 722 1
669 741 1
669 768 1
670 955 1
671 678 1
675 699 1
675 708 1
676 715 1
676 813 1
676 892 1
678 921 1
678 972 1
679 812 1
680 844 1
680 929 1
681 815 1
682 740 1
682 841 1
682 842 1
682 944 1
682 959 1
685 732 1
685 961 1
688 742 1
689 714 1
689 746 1
690 697 1
690 738 1
690 809 1
690 911 1
691 761 1
692 789 1
693 952 1
694 720 1
695 789 1
695 795 1
695 860 1
698 904 1
698 933 1
699 713 1
699 747 1
699 870 1
699 907 1
701 717 1
701 735 1
702 898 1
703 783 1
704 799 1
704 926 1
705 903 1
707 894 1
707 962 1
708 822 1
708 877 1
708 917 1
708 985 1
709 973 1
710 869 1
712 840 1
713 985 1
715 897 1
716 864 1
719 942 1
721 864 1
722 919 1
723 917 1
723 949 1
724 977 1
728 843 1
728 930 1
730 778 1
730 896 1
731 778 1
733 770 1
733 885 1
735 947 1
736 933 1
737 991 1
738 876 1
738 932 1
739 784 1
739 805 1
739 890 1
739 911 1
741 788 1
741 794 1
741 902 1
745 814 1
746 848 1
747 775 1
748 782 1
749 850 1
750 860 1
751 940 1
753 911 1
753 948 1
754 868 1
757 887 1
758 811 1
758 876 1
758 945 1
758 997 1
759 944 1
762 931 1
763 833 1
763 846 1
763 850 1
764 950 1
768 983 1
769 995 1
770 790 1
773 943 1
773 994 1
775 818 1
775 919 1
775 961 1
776 894 1
776 956 1
778 866 1
778 871 1
780 902 1
781 840 1
781 922 1
781 967 1
783 862 1
787 882 1
788 925 1
790 880 1
790 901 1
791 908 1
791 917 1
793 826 1
794 859 1
794 955 1
796 808 1
796 900 1
798 834 1
799 995 1
801 928 1
802 820 1
809 940 1
810 825 1
810 903 1
812 907 1
813 828 1
813 872 1
814 962 1
817 897 1
819 829 1
819 855 1
820 848 1
820 998 1
821 841 1
822 881 1
822 903 1
823 974 1
826 855 1
826 937 1
826 996 1
829 890 1
836 868 1
837 838 1
839 979 1
842 925 1
844 853 1
848 992 1
852 884 1
852 991 1
852 998 1
854 970 1
857 984 1
859 977 1
861 871 1
862 899 1
878 898 1
878 912 1
878 941 1
886 923 1
887 951 1
891 955 1
894 968 1
904 910 1
910 937 1
910 975 1
923 945 1
923 946 1
955 974 1
958 969 1
959 982 1
967 970 1
969 971 1
973 978 1
976 986 1
982 986 1
988 990 1
