1000 4975
1 2 1
1 3 1
1 4 1
1 5 1
1 6 1
1 7 1
1 8 1
1 9 1
1 10 1
1 11 1
1 12 1
1 13 1
1 14 1
1 16 1
1 17 1
1 20 1
1 23 1
1 24 1
1 25 1
1 26 1
1 27 1
1 29 1
1 33 1
1 36 1
1 37 1
1 38 1
1 40 1
1 41 1
1 47 1
1 50 1
1 51 1
1 57 1
1 59 1
1 60 1
1 62 1
1 63 1
1 66 1
1 68 1
1 71 1
1 73 1
1 75 1
1 78 1
1 79 1
1 86 1
1 91 1
1 94 1
1 100 1
1 101 1
1 103 1
1 107 1
1 108 1
1 118 1
1 120 1
1 123 1
1 128 1
1 134 1
1 138 1
1 139 1
1 140 1
1 146 1
1 150 1
1 152 1
1 156 1
1 160 1
1 161 1
1 170 1
1 180 1
1 184 1
1 199 1
1 207 1
1 209 1
1 210 1
1 241 1
1 244 1
1 253 1
1 254 1
1 255 1
1 270 1
1 275 1
1 291 1
1 312 1
1 313 1
1 317 1
1 326 1
1 332 1
1 335 1
1 342 1
1 346 1
1 356 1
1 363 1
1 379 1
1 380 1
1 393 1
1 397 1
1 412 1
1 425 1
1 429 1
1 451 1
1 458 1
1 478 1
1 480 1
1 488 1
1 514 1
1 549 1
1 550 1
1 564 1
1 575 1
1 595 1
1 599 1
1 613 1
1 614 1
1 620 1
1 630 1
1 639 1
1 665 1
1 674 1
1 676 1
1 686 1
1 704 1
1 707 1
1 735 1
1 758 1
1 761 1
1 769 1
1 793 1
1 796 1
1 798 1
1 804 1
1 807 1
1 808 1
1 838 1
1 839 1
1 886 1
1 897 1
1 904 1
1 915 1
1 922 1
1 928 1
1 950 1
1 957 1
1 987 1
1 995 1
1 997 1
1 1000 1
2 7 1
2 9 1
2 11 1
2 13 1
2 14 1
2 16 1
2 20 1
2 24 1
2 28 1
2 34 1
2 38 1
2 40 1
2 41 1
2 53 1
2 56 1
2 57 1
2 63 1
2 64 1
2 96 1
2 100 1
2 120 1
2 136 1
2 142 1
2 145 1
2 157 1
2 158 1
2 162 1
2 167 1
2 172 1
2 178 1
2 184 1
2 186 1
2 195 1
2 200 1
2 215 1
2 216 1
2 217 1
2 218 1
2 227 1
2 239 1
2 260 1
2 271 1
2 309 1
2 339 1
2 357 1
2 360 1
2 388 1
2 389 1
2 395 1
2 400 1
2 410 1
2 418 1
2 453 1
2 542 1
2 549 1
2 555 1
2 563 1
2 564 1
2 586 1
2 591 1
2 594 1
2 603 1
2 612 1
2 621 1
2 653 1
2 696 1
2 709 1
2 753 1
2 801 1
2 805 1
2 806 1
2 833 1
2 837 1
2 938 1
2 973 1
2 974 1
2 996 1
3 7 1
3 28 1
3 30 1
3 51 1
3 102 1
3 139 1
3 140 1
3 141 1
3 145 1
3 150 1
3 210 1
3 224 1
3 283 1
3 330 1
3 333 1
3 379 1
3 454 1
3 520 1
3 570 1
3 591 1
3 617 1
3 693 1
3 718 1
3 764 1
3 824 1
3 936 1
3 959 1
3 970 1
4 7 1
4 8 1
4 12 1
4 13 1
4 14 1
4 15 1
4 19 1
4 38 1
4 41 1
4 45 1
4 52 1
4 83 1
4 84 1
4 97 1
4 106 1
4 108 1
4 112 1
4 117 1
4 130 1
4 138 1
4 140 1
4 146 1
4 191 1
4 205 1
4 222 1
4 237 1
4 245 1
4 255 1
4 256 1
4 258 1
4 268 1
4 271 1
4 304 1
4 316 1
4 317 1
4 359 1
4 405 1
4 449 1
4 459 1
4 463 1
4 472 1
4 484 1
4 509 1
4 516 1
4 526 1
4 536 1
4 550 1
4 552 1
4 560 1
4 583 1
4 593 1
4 600 1
4 627 1
4 689 1
4 691 1
4 692 1
4 702 1
4 706 1
4 736 1
4 769 1
4 879 1
4 891 1
4 921 1
4 924 1
4 990 1
5 7 1
5 8 1
5 9 1
5 11 1
5 17 1
5 19 1
5 20 1
5 23 1
5 26 1
5 28 1
5 31 1
5 39 1
5 53 1
5 59 1
5 70 1
5 73 1
5 105 1
5 111 1
5 114 1
5 129 1
5 132 1
5 150 1
5 193 1
5 204 1
5 248 1
5 287 1
5 308 1
5 325 1
5 338 1
5 347 1
5 348 1
5 371 1
5 424 1
5 425 1
5 435 1
5 460 1
5 471 1
5 472 1
5 500 1
5 544 1
5 578 1
5 631 1
5 641 1
5 651 1
5 654 1
5 722 1
5 762 1
5 819 1
5 825 1
5 836 1
5 858 1
5 873 1
5 885 1
5 887 1
5 896 1
5 917 1
5 943 1
5 965 1
5 998 1
5 999 1
6 8 1
6 9 1
6 10 1
6 13 1
6 15 1
6 17 1
6 18 1
6 21 1
6 22 1
6 30 1
6 35 1
6 36 1
6 39 1
6 40 1
6 45 1
6 54 1
6 55 1
6 57 1
6 65 1
6 69 1
6 70 1
6 71 1
6 81 1
6 91 1
6 95 1
6 101 1
6 102 1
6 106 1
6 125 1
6 135 1
6 143 1
6 148 1
6 155 1
6 158 1
6 164 1
6 181 1
6 192 1
6 195 1
6 197 1
6 216 1
6 223 1
6 226 1
6 239 1
6 246 1
6 252 1
6 278 1
6 282 1
6 319 1
6 323 1
6 324 1
6 332 1
6 352 1
6 355 1
6 375 1
6 384 1
6 396 1
6 409 1
6 435 1
6 445 1
6 450 1
6 470 1
6 524 1
6 578 1
6 579 1
6 600 1
6 626 1
6 645 1
6 651 1
6 725 1
6 730 1
6 738 1
6 751 1
6 757 1
6 761 1
6 785 1
6 794 1
6 822 1
6 835 1
6 837 1
6 851 1
6 882 1
6 913 1
6 943 1
6 971 1
6 978 1
7 8 1
7 9 1
7 10 1
7 11 1
7 12 1
7 15 1
7 18 1
7 21 1
7 23 1
7 24 1
7 26 1
7 34 1
7 38 1
7 43 1
7 44 1
7 46 1
7 47 1
7 51 1
7 54 1
7 59 1
7 60 1
7 61 1
7 64 1
7 67 1
7 72 1
7 82 1
7 90 1
7 97 1
7 103 1
7 105 1
7 112 1
7 115 1
7 127 1
7 138 1
7 140 1
7 156 1
7 163 1
7 188 1
7 221 1
7 223 1
7 250 1
7 264 1
7 265 1
7 302 1
7 305 1
7 338 1
7 351 1
7 370 1
7 399 1
7 412 1
7 422 1
7 427 1
7 436 1
7 444 1
7 459 1
7 467 1
7 471 1
7 498 1
7 518 1
7 541 1
7 570 1
7 607 1
7 623 1
7 628 1
7 645 1
7 670 1
7 678 1
7 687 1
7 749 1
7 767 1
7 798 1
7 800 1
7 811 1
7 840 1
7 850 1
7 864 1
7 931 1
7 940 1
7 950 1
7 975 1
8 10 1
8 11 1
8 12 1
8 13 1
8 14 1
8 15 1
8 19 1
8 22 1
8 23 1
8 24 1
8 25 1
8 29 1
8 33 1
8 38 1
8 39 1
8 43 1
8 46 1
8 52 1
8 57 1
8 65 1
8 67 1
8 71 1
8 80 1
8 95 1
8 99 1
8 105 1
8 122 1
8 135 1
8 139 1
8 178 1
8 179 1
8 180 1
8 185 1
8 192 1
8 198 1
8 203 1
8 212 1
8 228 1
8 230 1
8 238 1
8 239 1
8 276 1
8 278 1
8 299 1
8 304 1
8 305 1
8 351 1
8 387 1
8 390 1
8 392 1
8 398 1
8 410 1
8 415 1
8 416 1
8 420 1
8 429 1
8 435 1
8 440 1
8 452 1
8 489 1
8 534 1
8 538 1
8 553 1
8 556 1
8 568 1
8 580 1
8 588 1
8 594 1
8 602 1
8 634 1
8 637 1
8 664 1
8 670 1
8 672 1
8 710 1
8 732 1
8 778 1
8 812 1
8 840 1
8 869 1
8 921 1
8 923 1
8 973 1
8 980 1
9 10 1
9 12 1
9 18 1
9 19 1
9 20 1
9 21 1
9 27 1
9 28 1
9 34 1
9 40 1
9 43 1
9 45 1
9 50 1
9 51 1
9 52 1
9 55 1
9 56 1
9 70 1
9 73 1
9 76 1
9 78 1
9 82 1
9 94 1
9 95 1
9 103 1
9 104 1
9 106 1
9 125 1
9 133 1
9 137 1
9 169 1
9 204 1
9 272 1
9 280 1
9 283 1
9 300 1
9 316 1
9 327 1
9 335 1
9 365 1
9 381 1
9 394 1
9 404 1
9 407 1
9 416 1
9 428 1
9 437 1
9 446 1
9 468 1
9 478 1
9 499 1
9 505 1
9 519 1
9 520 1
9 526 1
9 529 1
9 567 1
9 629 1
9 638 1
9 641 1
9 656 1
9 676 1
9 681 1
9 715 1
9 734 1
9 745 1
9 757 1
9 763 1
9 816 1
9 817 1
9 822 1
9 865 1
9 869 1
9 895 1
9 899 1
9 921 1
9 927 1
9 955 1
9 993 1
10 15 1
10 16 1
10 18 1
10 22 1
10 32 1
10 48 1
10 85 1
10 87 1
10 88 1
10 93 1
10 97 1
10 103 1
10 118 1
10 139 1
10 161 1
10 164 1
10 177 1
10 293 1
10 296 1
10 299 1
10 318 1
10 323 1
10 327 1
10 337 1
10 352 1
10 396 1
10 406 1
10 430 1
10 457 1
10 465 1
10 474 1
10 522 1
10 579 1
10 588 1
10 603 1
10 679 1
10 683 1
10 695 1
10 749 1
10 777 1
10 810 1
10 843 1
10 850 1
10 853 1
10 880 1
10 930 1
10 986 1
11 17 1
11 25 1
11 27 1
11 31 1
11 46 1
11 47 1
11 49 1
11 62 1
11 68 1
11 93 1
11 101 1
11 113 1
11 116 1
11 121 1
11 124 1
11 137 1
11 152 1
11 182 1
11 229 1
11 230 1
11 243 1
11 245 1
11 286 1
11 303 1
11 310 1
11 322 1
11 378 1
11 408 1
11 414 1
11 429 1
11 433 1
11 434 1
11 506 1
11 575 1
11 622 1
11 628 1
11 644 1
11 649 1
11 677 1
11 688 1
11 696 1
11 796 1
11 802 1
11 859 1
11 900 1
11 914 1
11 956 1
11 963 1
12 14 1
12 16 1
12 18 1
12 19 1
12 22 1
12 30 1
12 31 1
12 35 1
12 36 1
12 37 1
12 61 1
12 65 1
12 83 1
12 94 1
12 104 1
12 107 1
12 131 1
12 132 1
12 134 1
12 136 1
12 142 1
12 151 1
12 159 1
12 178 1
12 188 1
12 241 1
12 244 1
12 266 1
12 281 1
12 282 1
12 316 1
12 349 1
12 353 1
12 358 1
12 360 1
12 370 1
12 409 1
12 430 1
12 464 1
12 466 1
12 520 1
12 572 1
12 688 1
12 708 1
12 721 1
12 761 1
12 807 1
12 809 1
12 894 1
12 914 1
12 926 1
12 961 1
12 971 1
13 21 1
13 33 1
13 50 1
13 113 1
13 116 1
13 117 1
13 168 1
13 171 1
13 206 1
13 208 1
13 219 1
13 229 1
13 240 1
13 277 1
13 279 1
13 333 1
13 417 1
13 459 1
13 463 1
13 466 1
13 539 1
13 612 1
13 654 1
13 731 1
13 789 1
13 814 1
13 888 1
13 912 1
14 26 1
14 27 1
14 31 1
14 32 1
14 33 1
14 34 1
14 35 1
14 39 1
14 52 1
14 65 1
14 92 1
14 116 1
14 139 1
14 144 1
14 146 1
14 149 1
14 171 1
14 217 1
14 222 1
14 306 1
14 308 1
14 324 1
14 373 1
14 401 1
14 430 1
14 443 1
14 485 1
14 523 1
14 537 1
14 538 1
14 569 1
14 585 1
14 607 1
14 650 1
14 656 1
14 769 1
14 815 1
14 838 1
14 911 1
14 980 1
14 999 1
15 16 1
15 20 1
15 23 1
15 29 1
15 31 1
15 48 1
15 87 1
15 123 1
15 157 1
15 175 1
15 183 1
15 202 1
15 295 1
15 323 1
15 431 1
15 437 1
15 457 1
15 523 1
15 551 1
15 555 1
15 605 1
15 613 1
15 699 1
15 700 1
15 771 1
15 776 1
15 807 1
15 836 1
15 867 1
15 877 1
15 891 1
15 907 1
16 17 1
16 24 1
16 39 1
16 43 1
16 48 1
16 49 1
16 78 1
16 105 1
16 110 1
16 131 1
16 187 1
16 265 1
16 286 1
16 306 1
16 341 1
16 360 1
16 396 1
16 409 1
16 420 1
16 442 1
16 453 1
16 473 1
16 481 1
16 528 1
16 542 1
16 604 1
16 609 1
16 658 1
16 681 1
16 682 1
16 711 1
16 784 1
16 912 1
16 924 1
16 987 1
17 25 1
17 26 1
17 30 1
17 32 1
17 41 1
17 42 1
17 68 1
17 76 1
17 78 1
17 81 1
17 84 1
17 91 1
17 110 1
17 124 1
17 128 1
17 134 1
17 159 1
17 184 1
17 188 1
17 224 1
17 229 1
17 232 1
17 236 1
17 264 1
17 425 1
17 455 1
17 482 1
17 491 1
17 496 1
17 498 1
17 624 1
17 654 1
17 671 1
17 679 1
17 682 1
17 763 1
17 770 1
17 772 1
17 806 1
17 819 1
17 862 1
17 886 1
17 889 1
17 891 1
17 942 1
17 961 1
17 994 1
18 21 1
18 22 1
18 27 1
18 37 1
18 44 1
18 49 1
18 50 1
18 55 1
18 64 1
18 66 1
18 68 1
18 89 1
18 100 1
18 107 1
18 108 1
18 110 1
18 113 1
18 114 1
18 123 1
18 146 1
18 193 1
18 212 1
18 220 1
18 228 1
18 253 1
18 272 1
18 344 1
18 365 1
18 406 1
18 435 1
18 472 1
18 479 1
18 606 1
18 629 1
18 637 1
18 698 1
18 758 1
18 809 1
18 828 1
18 844 1
18 866 1
18 931 1
18 982 1
19 33 1
19 36 1
19 56 1
19 72 1
19 119 1
19 167 1
19 180 1
19 192 1
19 208 1
19 235 1
19 254 1
19 283 1
19 325 1
19 365 1
19 465 1
19 531 1
19 569 1
19 595 1
19 636 1
19 701 1
19 729 1
19 736 1
19 740 1
19 763 1
19 792 1
19 832 1
19 909 1
19 915 1
19 944 1
20 28 1
20 42 1
20 52 1
20 130 1
20 180 1
20 214 1
20 321 1
20 336 1
20 350 1
20 384 1
20 411 1
20 412 1
20 429 1
20 453 1
20 607 1
20 632 1
20 710 1
20 721 1
20 796 1
20 826 1
20 833 1
20 860 1
20 907 1
20 918 1
20 968 1
21 25 1
21 63 1
21 83 1
21 91 1
21 92 1
21 136 1
21 178 1
21 189 1
21 206 1
21 210 1
21 225 1
21 242 1
21 293 1
21 351 1
21 355 1
21 372 1
21 383 1
21 542 1
21 592 1
21 599 1
21 653 1
21 661 1
21 689 1
21 711 1
21 712 1
21 721 1
21 756 1
21 815 1
21 840 1
21 863 1
22 32 1
22 35 1
22 44 1
22 60 1
22 61 1
22 81 1
22 121 1
22 134 1
22 141 1
22 142 1
22 163 1
22 170 1
22 189 1
22 209 1
22 225 1
22 248 1
22 278 1
22 296 1
22 331 1
22 384 1
22 394 1
22 399 1
22 413 1
22 493 1
22 548 1
22 563 1
22 576 1
22 632 1
22 640 1
22 678 1
22 687 1
22 698 1
22 716 1
22 720 1
22 727 1
22 736 1
22 741 1
22 748 1
22 764 1
22 782 1
22 814 1
22 822 1
22 833 1
22 904 1
22 911 1
23 211 1
23 376 1
23 541 1
23 639 1
23 648 1
23 991 1
24 29 1
24 46 1
24 48 1
24 53 1
24 119 1
24 127 1
24 147 1
24 199 1
24 201 1
24 303 1
24 349 1
24 362 1
24 443 1
24 444 1
24 641 1
24 670 1
24 691 1
24 732 1
24 738 1
24 768 1
24 856 1
25 48 1
25 205 1
25 289 1
25 448 1
25 490 1
25 575 1
25 820 1
26 29 1
26 43 1
26 54 1
26 69 1
26 84 1
26 96 1
26 101 1
26 102 1
26 122 1
26 129 1
26 166 1
26 220 1
26 221 1
26 228 1
26 241 1
26 251 1
26 260 1
26 273 1
26 293 1
26 346 1
26 372 1
26 427 1
26 434 1
26 464 1
26 531 1
26 579 1
26 598 1
26 607 1
26 630 1
26 783 1
26 864 1
26 908 1
26 966 1
26 978 1
27 40 1
27 42 1
27 45 1
27 70 1
27 122 1
27 175 1
27 198 1
27 208 1
27 223 1
27 246 1
27 301 1
27 319 1
27 432 1
27 453 1
27 463 1
27 478 1
27 513 1
27 514 1
27 515 1
27 537 1
27 582 1
27 594 1
27 671 1
27 785 1
27 794 1
27 850 1
27 855 1
28 41 1
28 53 1
28 54 1
28 65 1
28 104 1
28 113 1
28 124 1
28 160 1
28 166 1
28 207 1
28 221 1
28 225 1
28 237 1
28 284 1
28 287 1
28 299 1
28 322 1
28 334 1
28 410 1
28 413 1
28 423 1
28 452 1
28 459 1
28 519 1
28 524 1
28 534 1
28 584 1
28 633 1
28 700 1
28 725 1
28 744 1
28 756 1
28 779 1
28 812 1
28 818 1
28 821 1
28 823 1
28 828 1
28 850 1
28 925 1
28 942 1
29 30 1
29 34 1
29 37 1
29 53 1
29 62 1
29 69 1
29 72 1
29 89 1
29 92 1
29 102 1
29 104 1
29 143 1
29 194 1
29 220 1
29 234 1
29 236 1
29 247 1
29 463 1
29 618 1
29 646 1
29 719 1
29 739 1
29 782 1
30 32 1
30 35 1
30 36 1
30 77 1
30 79 1
30 114 1
30 117 1
30 145 1
30 159 1
30 174 1
30 186 1
30 192 1
30 233 1
30 241 1
30 255 1
30 266 1
30 275 1
30 366 1
30 375 1
30 389 1
30 398 1
30 423 1
30 438 1
30 444 1
30 465 1
30 468 1
30 476 1
30 497 1
30 506 1
30 572 1
30 611 1
30 652 1
30 707 1
30 769 1
30 825 1
30 868 1
30 883 1
31 47 1
31 58 1
31 64 1
31 66 1
31 67 1
31 75 1
31 95 1
31 115 1
31 135 1
31 145 1
31 165 1
31 172 1
31 175 1
31 182 1
31 185 1
31 213 1
31 223 1
31 231 1
31 242 1
31 250 1
31 259 1
31 280 1
31 282 1
31 288 1
31 320 1
31 323 1
31 332 1
31 342 1
31 344 1
31 374 1
31 446 1
31 449 1
31 467 1
31 524 1
31 526 1
31 582 1
31 593 1
31 629 1
31 662 1
31 663 1
31 677 1
31 715 1
31 744 1
31 783 1
31 848 1
31 906 1
31 969 1
32 45 1
32 81 1
32 108 1
32 133 1
32 167 1
32 169 1
32 186 1
32 262 1
32 461 1
32 494 1
32 655 1
32 676 1
32 749 1
32 813 1
32 866 1
33 42 1
33 56 1
33 60 1
33 68 1
33 72 1
33 97 1
33 114 1
33 190 1
33 202 1
33 203 1
33 217 1
33 246 1
33 265 1
33 337 1
33 441 1
33 484 1
33 516 1
33 779 1
33 801 1
33 830 1
33 841 1
33 874 1
33 912 1
33 918 1
33 926 1
33 964 1
33 985 1
34 42 1
34 44 1
34 49 1
34 55 1
34 58 1
34 66 1
34 74 1
34 82 1
34 99 1
34 100 1
34 101 1
34 126 1
34 128 1
34 155 1
34 161 1
34 175 1
34 212 1
34 232 1
34 241 1
34 303 1
34 345 1
34 346 1
34 360 1
34 444 1
34 460 1
34 517 1
34 567 1
34 572 1
34 602 1
34 632 1
34 723 1
34 770 1
34 782 1
34 829 1
34 848 1
34 871 1
34 878 1
34 890 1
34 972 1
35 37 1
35 64 1
35 110 1
35 144 1
35 148 1
35 289 1
35 299 1
35 303 1
35 401 1
35 450 1
35 466 1
35 489 1
35 538 1
35 547 1
35 554 1
35 567 1
35 585 1
35 586 1
35 666 1
35 786 1
36 58 1
36 110 1
36 133 1
36 154 1
36 157 1
36 216 1
36 219 1
36 263 1
36 279 1
36 296 1
36 304 1
36 347 1
36 373 1
36 431 1
36 444 1
36 518 1
36 527 1
36 536 1
36 648 1
36 670 1
36 827 1
36 851 1
36 911 1
37 47 1
37 76 1
37 79 1
37 85 1
37 87 1
37 94 1
37 98 1
37 118 1
37 127 1
37 154 1
37 158 1
37 161 1
37 169 1
37 172 1
37 208 1
37 234 1
37 260 1
37 264 1
37 328 1
37 330 1
37 351 1
37 422 1
37 500 1
37 726 1
37 791 1
37 792 1
37 811 1
37 839 1
37 907 1
37 913 1
37 951 1
38 60 1
38 66 1
38 73 1
38 153 1
38 176 1
38 217 1
38 257 1
38 416 1
38 528 1
38 552 1
38 561 1
38 562 1
38 637 1
38 744 1
38 918 1
39 50 1
39 59 1
39 74 1
39 93 1
39 165 1
39 186 1
39 239 1
39 278 1
39 348 1
39 394 1
39 479 1
39 854 1
39 905 1
39 923 1
39 946 1
39 981 1
40 46 1
40 250 1
40 534 1
40 581 1
40 660 1
40 679 1
40 691 1
40 697 1
40 714 1
40 909 1
41 72 1
41 75 1
41 135 1
41 160 1
41 285 1
41 394 1
41 507 1
41 836 1
41 906 1
41 963 1
41 977 1
42 44 1
42 49 1
42 63 1
42 67 1
42 81 1
42 82 1
42 97 1
42 121 1
42 172 1
42 192 1
42 211 1
42 249 1
42 314 1
42 343 1
42 383 1
42 405 1
42 433 1
42 474 1
42 495 1
42 502 1
42 547 1
42 554 1
42 610 1
42 650 1
42 675 1
42 694 1
42 885 1
42 893 1
42 933 1
42 940 1
42 951 1
43 88 1
43 165 1
43 211 1
43 495 1
44 57 1
44 77 1
44 86 1
44 90 1
44 118 1
44 125 1
44 144 1
44 148 1
44 170 1
44 173 1
44 212 1
44 248 1
44 268 1
44 292 1
44 298 1
44 324 1
44 377 1
44 393 1
44 398 1
44 417 1
44 575 1
44 580 1
44 614 1
44 659 1
44 727 1
44 732 1
44 760 1
44 882 1
44 929 1
45 56 1
45 67 1
45 86 1
45 87 1
45 107 1
45 130 1
45 132 1
45 171 1
45 194 1
45 226 1
45 247 1
45 314 1
45 364 1
45 371 1
45 519 1
45 520 1
45 555 1
45 572 1
45 646 1
45 685 1
45 732 1
45 820 1
45 906 1
45 976 1
46 61 1
46 78 1
46 96 1
46 122 1
46 124 1
46 131 1
46 214 1
46 432 1
46 439 1
46 561 1
46 591 1
46 867 1
46 870 1
47 58 1
47 70 1
47 71 1
47 73 1
47 83 1
47 109 1
47 128 1
47 131 1
47 141 1
47 153 1
47 156 1
47 166 1
47 168 1
47 181 1
47 274 1
47 281 1
47 290 1
47 340 1
47 346 1
47 373 1
47 393 1
47 411 1
47 413 1
47 475 1
47 527 1
47 535 1
47 541 1
47 546 1
47 553 1
47 600 1
47 601 1
47 604 1
47 616 1
47 673 1
47 704 1
47 736 1
47 743 1
47 796 1
47 828 1
47 832 1
47 847 1
47 856 1
47 900 1
47 902 1
47 916 1
48 59 1
48 69 1
48 90 1
48 179 1
48 238 1
48 374 1
48 432 1
48 478 1
48 489 1
48 523 1
48 546 1
48 798 1
48 851 1
48 857 1
49 58 1
49 61 1
49 62 1
49 109 1
49 114 1
49 117 1
49 125 1
49 196 1
49 215 1
49 219 1
49 222 1
49 280 1
49 284 1
49 353 1
49 374 1
49 381 1
49 390 1
49 419 1
49 453 1
49 464 1
49 565 1
49 571 1
49 633 1
49 641 1
49 650 1
49 673 1
49 674 1
49 742 1
49 750 1
49 757 1
49 766 1
49 770 1
49 793 1
49 858 1
49 949 1
49 954 1
49 962 1
49 991 1
50 51 1
50 69 1
50 77 1
50 129 1
50 148 1
50 213 1
50 235 1
50 274 1
50 438 1
50 540 1
50 581 1
50 644 1
50 660 1
50 937 1
51 84 1
51 135 1
51 151 1
51 173 1
51 205 1
51 268 1
51 847 1
52 54 1
52 74 1
52 75 1
52 85 1
52 89 1
52 102 1
52 123 1
52 174 1
52 247 1
52 300 1
52 357 1
52 550 1
52 571 1
52 615 1
52 730 1
52 766 1
52 813 1
53 182 1
53 372 1
53 415 1
53 443 1
53 545 1
53 616 1
53 627 1
53 822 1
53 875 1
54 55 1
54 63 1
54 117 1
54 158 1
54 200 1
54 221 1
54 245 1
54 247 1
54 295 1
54 300 1
54 301 1
54 308 1
54 379 1
54 424 1
54 666 1
54 669 1
54 724 1
54 814 1
55 62 1
55 74 1
55 93 1
55 129 1
55 166 1
55 287 1
55 309 1
55 357 1
55 544 1
55 555 1
55 586 1
55 643 1
55 686 1
55 695 1
55 713 1
55 733 1
55 987 1
56 77 1
56 88 1
56 137 1
56 141 1
56 168 1
56 248 1
56 275 1
56 297 1
56 307 1
56 505 1
56 714 1
56 799 1
57 84 1
57 98 1
57 106 1
57 130 1
57 211 1
57 215 1
57 216 1
57 251 1
57 288 1
57 328 1
57 352 1
57 386 1
57 436 1
57 482 1
57 493 1
57 777 1
57 802 1
58 75 1
58 109 1
58 136 1
58 199 1
58 206 1
58 237 1
58 243 1
58 252 1
58 263 1
58 390 1
58 419 1
58 422 1
58 425 1
58 471 1
58 614 1
58 616 1
58 969 1
59 109 1
59 142 1
59 193 1
59 197 1
59 250 1
59 260 1
59 307 1
59 318 1
59 334 1
59 612 1
59 664 1
59 675 1
59 746 1
59 765 1
59 863 1
59 889 1
59 963 1
60 76 1
60 115 1
60 127 1
60 142 1
60 143 1
60 145 1
60 162 1
60 178 1
60 231 1
60 277 1
60 283 1
60 295 1
60 311 1
60 321 1
60 368 1
60 425 1
60 463 1
60 471 1
60 501 1
60 643 1
60 712 1
60 769 1
60 808 1
61 92 1
61 95 1
61 111 1
61 183 1
61 218 1
61 238 1
61 274 1
61 312 1
61 432 1
61 553 1
61 631 1
62 126 1
62 313 1
62 317 1
62 350 1
62 359 1
62 548 1
62 690 1
63 77 1
63 143 1
63 175 1
63 664 1
63 689 1
63 719 1
64 94 1
64 169 1
64 262 1
64 275 1
64 296 1
64 362 1
64 427 1
64 439 1
64 487 1
64 553 1
64 564 1
64 591 1
64 669 1
64 749 1
64 852 1
65 74 1
65 91 1
65 93 1
65 137 1
65 176 1
65 193 1
65 234 1
65 244 1
65 300 1
65 562 1
65 777 1
65 821 1
65 902 1
65 952 1
65 988 1
66 92 1
66 159 1
66 313 1
66 320 1
66 442 1
66 462 1
66 513 1
66 693 1
66 774 1
66 919 1
67 85 1
67 162 1
67 171 1
67 225 1
67 269 1
67 345 1
67 418 1
67 511 1
67 571 1
67 621 1
67 645 1
67 658 1
67 735 1
67 756 1
67 861 1
67 905 1
67 911 1
68 96 1
68 118 1
68 168 1
68 253 1
68 345 1
68 414 1
68 426 1
68 662 1
68 758 1
68 889 1
68 929 1
68 972 1
69 98 1
69 119 1
69 122 1
69 125 1
69 126 1
69 132 1
69 258 1
69 314 1
69 370 1
69 446 1
69 568 1
69 581 1
69 598 1
69 752 1
69 773 1
69 815 1
69 882 1
69 968 1
69 1000 1
70 71 1
70 85 1
70 132 1
70 155 1
70 164 1
70 181 1
70 196 1
70 205 1
70 234 1
70 276 1
70 282 1
70 324 1
70 356 1
70 367 1
70 368 1
70 388 1
70 400 1
70 507 1
70 508 1
70 526 1
70 536 1
70 558 1
70 580 1
70 634 1
70 722 1
70 903 1
71 120 1
71 133 1
71 162 1
71 184 1
71 210 1
71 212 1
71 214 1
71 289 1
71 323 1
71 426 1
71 502 1
71 548 1
71 659 1
71 690 1
71 712 1
71 717 1
71 751 1
71 901 1
71 982 1
71 986 1
72 86 1
72 88 1
72 109 1
72 113 1
72 120 1
72 156 1
72 173 1
72 206 1
72 218 1
72 328 1
72 335 1
72 382 1
72 409 1
72 426 1
72 547 1
72 590 1
72 652 1
72 682 1
72 739 1
72 931 1
72 952 1
73 76 1
73 80 1
73 112 1
73 127 1
73 137 1
73 149 1
73 190 1
73 195 1
73 240 1
73 296 1
73 326 1
73 397 1
73 399 1
73 451 1
73 482 1
73 556 1
73 619 1
73 631 1
73 874 1
73 929 1
73 941 1
74 79 1
74 80 1
74 83 1
74 103 1
74 104 1
74 106 1
74 119 1
74 153 1
74 176 1
74 235 1
74 238 1
74 243 1
74 246 1
74 249 1
74 285 1
74 290 1
74 294 1
74 304 1
74 312 1
74 313 1
74 318 1
74 320 1
74 417 1
74 447 1
74 448 1
74 473 1
74 705 1
74 706 1
74 723 1
74 751 1
74 860 1
74 933 1
74 938 1
75 79 1
75 80 1
75 271 1
75 499 1
75 717 1
75 766 1
75 818 1
76 86 1
76 177 1
76 202 1
76 350 1
76 404 1
76 457 1
76 557 1
76 622 1
76 680 1
76 895 1
77 156 1
77 191 1
77 224 1
77 359 1
77 441 1
77 590 1
77 593 1
77 654 1
78 80 1
78 82 1
78 89 1
78 90 1
78 96 1
78 121 1
78 140 1
78 154 1
78 185 1
78 196 1
78 392 1
78 400 1
78 428 1
78 566 1
78 610 1
78 830 1
78 853 1
78 885 1
78 919 1
78 941 1
79 144 1
79 160 1
79 206 1
79 285 1
79 301 1
79 375 1
79 456 1
79 701 1
79 748 1
79 792 1
79 809 1
79 867 1
80 98 1
80 121 1
80 131 1
80 180 1
80 191 1
80 340 1
80 663 1
80 964 1
81 170 1
81 647 1
82 147 1
82 149 1
82 154 1
82 164 1
82 194 1
82 203 1
82 224 1
82 367 1
82 433 1
82 445 1
82 552 1
82 588 1
82 723 1
82 817 1
82 868 1
83 108 1
83 177 1
83 244 1
83 368 1
83 391 1
83 574 1
83 589 1
83 658 1
84 90 1
84 100 1
84 116 1
84 129 1
84 256 1
84 264 1
84 437 1
84 630 1
84 697 1
84 720 1
84 843 1
84 912 1
84 945 1
84 947 1
85 87 1
85 88 1
85 89 1
85 99 1
85 158 1
85 173 1
85 201 1
85 209 1
85 231 1
85 267 1
85 317 1
85 364 1
85 380 1
85 623 1
85 669 1
85 709 1
85 840 1
85 892 1
85 897 1
86 165 1
86 227 1
86 235 1
86 294 1
86 309 1
86 412 1
86 802 1
86 883 1
86 924 1
86 981 1
87 99 1
87 111 1
87 190 1
87 266 1
87 267 1
87 279 1
87 337 1
87 501 1
87 512 1
87 515 1
87 544 1
87 697 1
87 729 1
87 859 1
88 150 1
88 256 1
88 348 1
88 574 1
88 684 1
88 713 1
88 714 1
88 994 1
89 98 1
89 115 1
89 152 1
89 159 1
89 187 1
89 199 1
89 240 1
89 311 1
89 340 1
89 348 1
89 358 1
89 460 1
89 529 1
89 569 1
89 613 1
89 748 1
89 869 1
90 209 1
90 249 1
90 258 1
90 363 1
90 439 1
90 448 1
90 476 1
90 540 1
90 583 1
90 650 1
90 801 1
91 174 1
91 291 1
91 310 1
91 326 1
91 400 1
91 415 1
91 483 1
92 138 1
92 185 1
92 320 1
92 354 1
92 816 1
92 876 1
92 920 1
93 154 1
93 410 1
93 756 1
94 112 1
94 183 1
94 236 1
94 262 1
94 338 1
94 674 1
94 706 1
94 997 1
95 174 1
95 279 1
95 715 1
95 782 1
96 146 1
96 398 1
96 812 1
96 850 1
96 959 1
96 983 1
97 111 1
97 123 1
97 149 1
97 163 1
97 174 1
97 238 1
97 251 1
97 256 1
97 261 1
97 277 1
97 290 1
97 521 1
97 543 1
97 663 1
97 699 1
97 774 1
97 852 1
97 896 1
97 916 1
97 934 1
98 99 1
98 198 1
98 334 1
98 358 1
98 359 1
98 361 1
98 449 1
98 474 1
98 995 1
99 107 1
99 152 1
99 173 1
99 356 1
99 366 1
99 504 1
99 718 1
99 942 1
100 116 1
100 138 1
100 160 1
100 247 1
100 271 1
100 513 1
100 717 1
100 866 1
100 984 1
101 115 1
101 124 1
101 126 1
101 163 1
101 167 1
101 200 1
101 203 1
101 207 1
101 220 1
101 221 1
101 222 1
101 233 1
101 252 1
101 297 1
101 339 1
101 357 1
101 403 1
101 419 1
101 439 1
101 455 1
101 469 1
101 562 1
101 622 1
101 628 1
101 660 1
101 666 1
101 677 1
101 753 1
101 887 1
101 893 1
101 918 1
101 950 1
101 958 1
102 161 1
102 204 1
102 262 1
102 565 1
102 662 1
102 781 1
103 105 1
103 176 1
103 671 1
103 759 1
103 764 1
104 290 1
104 327 1
104 353 1
104 391 1
104 411 1
104 482 1
104 486 1
104 491 1
104 515 1
104 573 1
104 612 1
104 755 1
104 809 1
104 829 1
104 904 1
104 909 1
105 242 1
105 254 1
105 292 1
105 313 1
105 326 1
105 330 1
105 442 1
105 449 1
105 488 1
105 493 1
105 503 1
105 507 1
105 508 1
105 538 1
105 577 1
105 887 1
106 152 1
106 177 1
106 232 1
106 270 1
106 273 1
106 378 1
106 416 1
106 503 1
106 612 1
106 627 1
106 697 1
106 808 1
106 833 1
106 842 1
106 872 1
106 930 1
106 964 1
107 344 1
107 394 1
107 786 1
108 170 1
108 291 1
108 399 1
108 793 1
108 862 1
109 112 1
109 126 1
109 149 1
109 157 1
109 168 1
109 220 1
109 226 1
109 271 1
109 288 1
109 302 1
109 331 1
109 361 1
109 381 1
109 389 1
109 391 1
109 431 1
109 437 1
109 475 1
109 494 1
109 497 1
109 502 1
109 711 1
109 726 1
109 824 1
109 826 1
109 874 1
109 879 1
109 979 1
110 111 1
110 120 1
110 128 1
110 147 1
110 151 1
110 155 1
110 193 1
110 210 1
110 266 1
110 270 1
110 295 1
110 304 1
110 341 1
110 385 1
110 403 1
110 622 1
110 634 1
110 788 1
110 826 1
110 894 1
110 979 1
111 201 1
111 263 1
111 329 1
111 513 1
111 531 1
111 570 1
111 784 1
111 879 1
111 925 1
112 147 1
112 162 1
112 190 1
112 197 1
112 303 1
112 344 1
112 362 1
112 504 1
112 530 1
112 721 1
112 737 1
112 835 1
112 840 1
113 215 1
113 284 1
113 289 1
113 788 1
113 801 1
113 874 1
113 906 1
114 227 1
114 357 1
114 405 1
114 424 1
114 646 1
114 750 1
115 119 1
115 197 1
115 361 1
115 382 1
115 527 1
115 689 1
115 708 1
116 169 1
116 269 1
116 475 1
116 625 1
116 729 1
116 775 1
116 923 1
116 954 1
117 134 1
117 302 1
117 396 1
117 411 1
117 419 1
117 428 1
117 441 1
117 529 1
117 637 1
117 730 1
117 733 1
117 824 1
118 181 1
118 203 1
118 269 1
118 402 1
118 454 1
118 573 1
118 595 1
118 643 1
118 674 1
118 852 1
119 164 1
119 171 1
119 272 1
119 346 1
119 381 1
119 503 1
119 523 1
119 737 1
119 742 1
119 749 1
119 775 1
119 992 1
120 155 1
120 165 1
120 195 1
120 204 1
120 261 1
120 291 1
120 364 1
120 379 1
120 583 1
120 776 1
120 985 1
121 153 1
121 166 1
121 231 1
121 310 1
121 451 1
121 551 1
121 602 1
121 839 1
121 984 1
122 270 1
122 356 1
122 367 1
122 401 1
122 424 1
122 731 1
122 737 1
123 151 1
123 182 1
123 218 1
123 245 1
123 329 1
123 355 1
123 539 1
123 561 1
123 684 1
123 759 1
123 977 1
123 979 1
124 167 1
124 337 1
124 427 1
124 692 1
124 780 1
124 916 1
125 151 1
125 176 1
125 187 1
125 219 1
125 314 1
125 315 1
125 365 1
125 372 1
125 423 1
125 531 1
125 589 1
125 649 1
125 709 1
125 827 1
125 980 1
125 1000 1
126 257 1
126 297 1
126 319 1
126 502 1
126 575 1
127 130 1
127 133 1
127 144 1
127 182 1
127 195 1
127 262 1
127 295 1
127 319 1
127 351 1
127 403 1
127 407 1
127 436 1
127 455 1
127 506 1
127 571 1
127 726 1
127 773 1
127 789 1
127 795 1
127 885 1
127 917 1
127 965 1
127 992 1
128 153 1
128 233 1
128 244 1
128 268 1
128 331 1
128 386 1
128 392 1
128 420 1
128 442 1
128 481 1
128 585 1
128 661 1
128 811 1
128 819 1
129 148 1
129 217 1
129 242 1
129 364 1
129 598 1
129 696 1
129 807 1
129 888 1
129 964 1
130 147 1
130 179 1
130 187 1
130 189 1
130 200 1
130 205 1
130 216 1
130 258 1
130 280 1
130 286 1
130 322 1
130 383 1
130 415 1
130 440 1
130 530 1
130 584 1
130 630 1
130 787 1
130 788 1
130 836 1
130 884 1
130 938 1
131 177 1
131 198 1
131 213 1
131 306 1
131 331 1
131 443 1
131 508 1
131 510 1
131 615 1
131 616 1
131 621 1
131 680 1
131 760 1
131 785 1
131 786 1
131 824 1
131 897 1
132 136 1
132 236 1
132 253 1
132 276 1
132 298 1
132 328 1
132 339 1
132 340 1
132 383 1
132 483 1
132 485 1
132 511 1
132 517 1
132 573 1
132 652 1
132 662 1
132 678 1
132 716 1
132 742 1
132 745 1
132 794 1
132 817 1
132 921 1
132 975 1
133 143 1
133 188 1
133 190 1
133 207 1
133 257 1
133 353 1
133 363 1
133 550 1
133 626 1
133 661 1
133 705 1
133 762 1
133 936 1
134 141 1
134 179 1
134 218 1
134 268 1
134 336 1
134 339 1
134 349 1
134 369 1
134 450 1
134 469 1
134 474 1
134 476 1
134 587 1
134 597 1
134 844 1
134 851 1
134 890 1
135 289 1
135 333 1
135 548 1
135 902 1
136 287 1
136 989 1
137 189 1
137 266 1
137 273 1
137 379 1
137 392 1
137 403 1
137 420 1
137 423 1
137 584 1
137 868 1
137 892 1
138 347 1
138 951 1
139 150 1
139 281 1
139 352 1
139 458 1
139 492 1
139 565 1
139 582 1
139 683 1
139 800 1
139 893 1
139 999 1
140 181 1
140 257 1
140 318 1
140 341 1
140 397 1
140 452 1
140 470 1
140 509 1
140 513 1
140 536 1
140 714 1
140 736 1
140 750 1
140 793 1
140 828 1
140 993 1
141 256 1
141 435 1
141 495 1
141 579 1
141 676 1
141 837 1
141 859 1
141 932 1
142 411 1
142 721 1
142 882 1
142 890 1
143 355 1
143 380 1
143 852 1
143 920 1
144 202 1
144 215 1
144 227 1
144 229 1
144 294 1
144 302 1
144 327 1
144 516 1
144 636 1
145 194 1
145 196 1
145 225 1
145 251 1
145 286 1
145 292 1
145 315 1
145 333 1
145 376 1
145 377 1
145 461 1
145 501 1
145 592 1
145 699 1
145 873 1
146 211 1
146 243 1
146 255 1
146 258 1
146 282 1
146 502 1
146 603 1
146 820 1
147 157 1
147 298 1
147 485 1
147 595 1
147 673 1
148 306 1
148 405 1
148 522 1
148 545 1
148 787 1
148 898 1
148 947 1
148 971 1
149 664 1
149 865 1
149 866 1
150 223 1
150 354 1
150 638 1
150 775 1
150 875 1
151 222 1
151 259 1
151 287 1
151 388 1
151 448 1
151 695 1
152 186 1
152 273 1
152 369 1
152 382 1
152 643 1
152 867 1
152 901 1
153 227 1
153 316 1
153 407 1
153 438 1
153 499 1
153 522 1
153 667 1
153 775 1
153 876 1
153 946 1
154 196 1
154 197 1
154 387 1
154 421 1
154 599 1
154 848 1
154 868 1
154 870 1
155 248 1
155 285 1
155 368 1
155 537 1
155 557 1
155 611 1
155 845 1
155 937 1
156 214 1
156 232 1
156 301 1
156 302 1
156 413 1
156 632 1
156 763 1
156 805 1
157 163 1
157 188 1
157 312 1
157 356 1
157 384 1
157 386 1
157 390 1
157 393 1
157 401 1
157 541 1
157 545 1
157 574 1
157 653 1
157 746 1
157 750 1
157 789 1
157 790 1
157 830 1
157 946 1
158 246 1
158 481 1
158 609 1
158 703 1
158 954 1
159 260 1
159 374 1
159 436 1
159 601 1
159 629 1
159 710 1
159 791 1
159 943 1
160 243 1
160 267 1
160 321 1
160 343 1
160 391 1
160 602 1
160 841 1
160 963 1
160 967 1
161 191 1
161 263 1
161 269 1
161 305 1
161 376 1
161 377 1
161 447 1
161 475 1
161 509 1
161 517 1
161 525 1
161 617 1
161 683 1
161 797 1
161 941 1
161 989 1
161 992 1
162 250 1
162 305 1
162 395 1
162 486 1
162 498 1
162 556 1
162 800 1
162 801 1
162 942 1
162 983 1
163 199 1
163 228 1
163 259 1
163 344 1
163 434 1
164 213 1
164 267 1
164 617 1
165 183 1
165 229 1
165 281 1
165 284 1
165 316 1
165 318 1
165 509 1
165 684 1
165 717 1
165 862 1
165 901 1
165 910 1
165 920 1
165 980 1
166 456 1
166 703 1
166 970 1
167 201 1
167 267 1
167 283 1
167 326 1
167 378 1
167 382 1
167 492 1
167 496 1
167 511 1
167 633 1
167 673 1
167 698 1
167 760 1
167 890 1
167 996 1
168 349 1
168 369 1
168 469 1
168 657 1
168 668 1
169 184 1
169 685 1
170 191 1
170 198 1
170 257 1
170 265 1
170 269 1
170 312 1
170 441 1
170 484 1
170 510 1
170 878 1
170 934 1
170 950 1
171 172 1
171 249 1
171 321 1
171 335 1
171 407 1
171 462 1
171 472 1
171 477 1
171 596 1
171 694 1
171 813 1
171 837 1
171 865 1
171 881 1
171 996 1
172 328 1
172 922 1
172 931 1
173 347 1
173 414 1
173 447 1
173 491 1
173 642 1
174 274 1
174 300 1
174 364 1
174 371 1
174 490 1
174 529 1
174 560 1
174 580 1
175 179 1
175 329 1
175 343 1
175 422 1
175 468 1
175 483 1
175 538 1
175 555 1
175 731 1
176 219 1
176 390 1
176 642 1
176 917 1
177 185 1
177 311 1
177 342 1
177 700 1
177 979 1
178 194 1
178 240 1
178 371 1
178 497 1
178 719 1
178 853 1
179 263 1
179 264 1
179 270 1
179 315 1
179 327 1
179 414 1
179 417 1
179 481 1
179 569 1
179 623 1
179 860 1
180 189 1
180 252 1
180 292 1
180 355 1
180 366 1
180 374 1
180 722 1
180 729 1
180 739 1
180 799 1
180 823 1
180 849 1
180 878 1
181 187 1
181 315 1
181 919 1
182 183 1
182 279 1
182 309 1
182 368 1
182 714 1
182 777 1
182 956 1
183 480 1
183 569 1
183 702 1
183 958 1
184 366 1
184 677 1
184 872 1
184 875 1
185 200 1
185 332 1
185 367 1
185 401 1
185 483 1
185 577 1
185 586 1
185 639 1
185 643 1
185 719 1
185 820 1
185 900 1
185 940 1
186 259 1
186 640 1
187 207 1
187 377 1
187 395 1
187 446 1
187 518 1
187 687 1
188 202 1
188 308 1
188 389 1
188 428 1
188 440 1
188 571 1
188 631 1
188 647 1
188 718 1
189 341 1
189 354 1
189 360 1
189 470 1
189 525 1
189 625 1
189 744 1
189 928 1
189 956 1
190 228 1
190 278 1
190 557 1
190 558 1
190 760 1
191 273 1
191 293 1
191 307 1
191 402 1
191 404 1
191 449 1
191 533 1
191 696 1
191 814 1
191 980 1
192 204 1
192 249 1
192 335 1
192 480 1
192 537 1
192 938 1
193 209 1
193 317 1
193 488 1
193 608 1
193 614 1
193 615 1
193 668 1
193 685 1
193 789 1
194 213 1
194 494 1
194 556 1
195 214 1
195 235 1
195 844 1
196 514 1
196 590 1
196 784 1
197 274 1
197 464 1
198 489 1
198 490 1
198 512 1
198 663 1
198 917 1
199 240 1
199 276 1
199 552 1
199 709 1
199 738 1
200 201 1
200 208 1
200 310 1
200 324 1
200 358 1
200 408 1
200 461 1
200 587 1
200 672 1
200 707 1
200 880 1
200 998 1
201 359 1
201 452 1
201 620 1
201 641 1
201 772 1
201 791 1
202 509 1
202 633 1
202 759 1
202 763 1
202 871 1
202 983 1
203 230 1
203 276 1
203 417 1
203 521 1
203 577 1
203 600 1
203 735 1
203 747 1
204 231 1
204 385 1
205 230 1
205 233 1
205 297 1
205 321 1
205 484 1
205 672 1
205 691 1
205 780 1
205 782 1
205 902 1
205 986 1
206 310 1
206 375 1
206 456 1
206 594 1
206 601 1
206 893 1
208 233 1
208 541 1
208 635 1
208 791 1
209 252 1
209 418 1
209 546 1
209 581 1
209 586 1
209 711 1
210 226 1
210 236 1
210 369 1
210 591 1
210 724 1
211 333 1
211 440 1
211 458 1
211 461 1
211 610 1
211 655 1
211 657 1
211 681 1
212 530 1
212 626 1
212 708 1
212 723 1
213 224 1
213 338 1
213 523 1
213 938 1
214 342 1
214 406 1
214 680 1
215 234 1
215 254 1
215 255 1
215 339 1
215 500 1
216 578 1
216 611 1
216 682 1
217 265 1
217 512 1
217 533 1
217 639 1
217 754 1
217 768 1
217 815 1
218 237 1
218 402 1
218 656 1
218 841 1
218 870 1
218 966 1
219 536 1
219 649 1
219 687 1
219 718 1
219 747 1
219 876 1
219 997 1
220 230 1
220 277 1
220 439 1
220 565 1
220 751 1
220 857 1
220 899 1
220 924 1
221 478 1
221 506 1
221 620 1
221 774 1
221 852 1
222 291 1
222 421 1
223 226 1
223 445 1
223 521 1
223 713 1
223 716 1
223 865 1
223 977 1
224 242 1
224 488 1
224 712 1
224 835 1
224 998 1
225 232 1
225 237 1
225 352 1
225 479 1
225 908 1
226 239 1
226 301 1
226 305 1
226 349 1
226 517 1
226 754 1
226 934 1
227 259 1
227 341 1
227 469 1
227 674 1
227 922 1
228 426 1
228 467 1
229 442 1
229 458 1
229 504 1
229 558 1
229 787 1
229 803 1
229 847 1
229 872 1
229 876 1
230 373 1
230 563 1
231 272 1
231 369 1
231 604 1
231 807 1
231 907 1
231 929 1
232 951 1
232 957 1
232 965 1
233 347 1
233 558 1
233 713 1
234 613 1
234 810 1
235 284 1
235 294 1
235 385 1
235 512 1
235 740 1
235 762 1
235 766 1
235 808 1
235 909 1
236 288 1
236 970 1
237 245 1
237 285 1
237 407 1
237 492 1
237 666 1
237 725 1
237 761 1
237 884 1
237 966 1
238 253 1
238 297 1
238 298 1
238 387 1
238 532 1
238 580 1
238 823 1
238 908 1
239 261 1
239 362 1
239 376 1
239 431 1
239 520 1
239 525 1
239 642 1
239 664 1
239 697 1
239 767 1
239 821 1
239 864 1
239 939 1
240 288 1
240 343 1
240 426 1
240 507 1
240 521 1
240 668 1
240 752 1
240 805 1
240 994 1
241 334 1
241 373 1
241 545 1
241 650 1
241 653 1
241 787 1
241 831 1
241 838 1
241 855 1
242 322 1
242 334 1
242 416 1
242 518 1
242 596 1
242 877 1
242 935 1
243 251 1
243 599 1
243 765 1
243 962 1
243 988 1
244 336 1
244 446 1
244 454 1
244 487 1
245 261 1
245 290 1
245 314 1
245 345 1
245 410 1
245 462 1
245 464 1
245 542 1
245 687 1
245 725 1
245 795 1
245 804 1
245 866 1
246 354 1
246 485 1
246 606 1
246 638 1
246 656 1
246 947 1
247 299 1
247 336 1
247 646 1
248 618 1
248 785 1
248 834 1
248 982 1
249 440 1
249 808 1
250 307 1
250 680 1
250 780 1
250 832 1
250 910 1
250 990 1
251 654 1
252 275 1
252 617 1
252 993 1
253 254 1
253 336 1
253 404 1
253 494 1
254 280 1
254 309 1
254 330 1
254 452 1
254 510 1
254 740 1
254 825 1
254 920 1
255 584 1
256 325 1
256 471 1
256 597 1
256 606 1
256 624 1
256 694 1
256 908 1
256 948 1
256 971 1
257 380 1
257 806 1
258 306 1
258 330 1
258 338 1
258 395 1
258 480 1
258 577 1
258 592 1
258 634 1
258 979 1
259 261 1
260 484 1
260 557 1
261 286 1
261 392 1
261 486 1
262 298 1
262 363 1
262 455 1
262 477 1
262 754 1
263 408 1
263 431 1
263 532 1
263 578 1
263 655 1
263 754 1
263 844 1
263 860 1
263 868 1
263 997 1
263 999 1
264 915 1
265 480 1
265 577 1
265 976 1
266 350 1
266 505 1
266 590 1
266 603 1
266 811 1
267 293 1
267 881 1
269 272 1
269 294 1
269 638 1
269 826 1
269 854 1
270 387 1
270 503 1
270 932 1
271 414 1
271 427 1
271 445 1
271 894 1
272 281 1
272 308 1
272 315 1
272 383 1
272 773 1
273 353 1
274 354 1
274 386 1
274 699 1
274 889 1
274 968 1
275 277 1
275 434 1
276 396 1
276 543 1
276 652 1
276 692 1
276 757 1
277 348 1
277 953 1
278 428 1
278 467 1
278 521 1
278 626 1
278 675 1
279 415 1
279 458 1
279 642 1
279 669 1
279 701 1
279 861 1
280 292 1
280 329 1
280 418 1
280 498 1
280 549 1
280 702 1
281 325 1
281 382 1
281 551 1
281 619 1
281 623 1
281 669 1
282 678 1
282 821 1
282 957 1
283 451 1
283 465 1
283 707 1
284 479 1
284 487 1
284 511 1
284 535 1
284 558 1
284 573 1
284 992 1
285 691 1
285 728 1
285 818 1
285 827 1
286 457 1
286 527 1
286 625 1
287 960 1
287 984 1
288 437 1
288 522 1
288 532 1
289 516 1
289 551 1
289 561 1
289 605 1
290 576 1
290 651 1
290 976 1
291 857 1
291 988 1
292 490 1
292 658 1
292 937 1
292 985 1
292 989 1
293 331 1
294 311 1
294 397 1
294 405 1
294 413 1
294 450 1
294 487 1
294 539 1
294 593 1
294 765 1
294 851 1
294 870 1
294 968 1
294 970 1
295 319 1
296 378 1
296 380 1
296 467 1
296 611 1
296 872 1
297 621 1
297 752 1
297 875 1
297 991 1
298 393 1
298 898 1
299 448 1
299 473 1
299 535 1
299 809 1
299 861 1
299 927 1
300 307 1
300 537 1
300 696 1
300 846 1
300 880 1
300 891 1
301 385 1
301 388 1
301 600 1
301 726 1
301 967 1
302 468 1
302 688 1
302 779 1
303 362 1
303 615 1
303 731 1
303 734 1
304 376 1
306 320 1
306 408 1
306 469 1
306 495 1
306 605 1
306 676 1
306 692 1
306 790 1
307 322 1
307 361 1
307 454 1
307 532 1
307 544 1
307 598 1
307 601 1
307 661 1
307 811 1
308 337 1
308 476 1
308 527 1
308 535 1
308 725 1
308 728 1
308 822 1
309 311 1
309 384 1
309 460 1
309 479 1
309 547 1
309 554 1
309 566 1
309 933 1
311 640 1
311 686 1
311 698 1
311 962 1
312 332 1
312 456 1
312 877 1
312 947 1
313 377 1
313 635 1
313 681 1
314 412 1
314 551 1
314 627 1
314 683 1
314 781 1
314 791 1
314 805 1
315 421 1
316 560 1
316 619 1
316 656 1
316 879 1
316 888 1
317 451 1
317 973 1
318 494 1
318 565 1
318 614 1
318 689 1
318 831 1
318 930 1
319 441 1
319 700 1
319 797 1
320 372 1
320 421 1
320 585 1
321 343 1
321 519 1
321 688 1
321 879 1
322 329 1
322 350 1
322 473 1
322 510 1
322 573 1
322 606 1
322 944 1
322 969 1
323 325 1
324 342 1
324 636 1
324 743 1
324 949 1
325 409 1
325 604 1
325 927 1
326 539 1
326 584 1
326 585 1
326 610 1
326 813 1
326 843 1
326 846 1
326 856 1
327 400 1
327 710 1
327 730 1
328 381 1
328 519 1
328 699 1
329 420 1
329 438 1
329 589 1
329 590 1
329 596 1
330 386 1
330 554 1
330 619 1
330 855 1
331 939 1
331 949 1
332 365 1
333 371 1
333 595 1
333 636 1
333 660 1
334 507 1
334 704 1
334 961 1
335 524 1
336 340 1
336 734 1
337 367 1
337 533 1
337 540 1
337 667 1
337 762 1
338 589 1
338 679 1
339 402 1
339 406 1
339 408 1
339 561 1
339 562 1
339 598 1
339 695 1
339 817 1
339 957 1
340 370 1
340 615 1
340 657 1
341 404 1
341 549 1
341 726 1
341 829 1
341 914 1
341 941 1
342 345 1
342 363 1
342 460 1
342 486 1
342 846 1
342 991 1
343 498 1
343 501 1
343 532 1
343 627 1
343 827 1
344 388 1
344 397 1
344 398 1
344 742 1
344 849 1
344 856 1
344 925 1
345 525 1
345 560 1
345 583 1
345 816 1
345 881 1
345 921 1
346 378 1
346 703 1
346 718 1
346 790 1
346 981 1
347 454 1
347 470 1
347 655 1
347 892 1
348 459 1
348 549 1
348 592 1
349 433 1
349 604 1
349 739 1
349 754 1
350 387 1
351 496 1
352 429 1
352 670 1
352 890 1
353 358 1
353 366 1
353 375 1
353 492 1
353 719 1
354 731 1
355 402 1
355 511 1
355 512 1
355 531 1
355 798 1
355 826 1
356 395 1
356 557 1
356 616 1
356 804 1
357 361 1
357 399 1
357 495 1
357 543 1
357 572 1
357 675 1
357 759 1
357 847 1
357 849 1
357 854 1
357 943 1
357 986 1
358 810 1
359 389 1
359 576 1
359 755 1
359 895 1
359 960 1
360 466 1
360 497 1
360 608 1
360 858 1
360 886 1
361 391 1
361 432 1
361 503 1
361 508 1
361 661 1
361 665 1
361 673 1
361 898 1
361 904 1
361 944 1
362 434 1
362 576 1
362 692 1
362 778 1
362 965 1
362 994 1
363 728 1
364 476 1
365 423 1
365 477 1
365 618 1
365 748 1
365 843 1
365 899 1
365 949 1
366 403 1
366 455 1
366 489 1
366 817 1
367 647 1
367 657 1
367 806 1
367 990 1
368 370 1
368 477 1
368 514 1
368 776 1
369 385 1
369 671 1
369 735 1
370 418 1
370 564 1
370 727 1
371 499 1
371 543 1
373 433 1
373 522 1
373 596 1
375 419 1
375 438 1
375 504 1
375 685 1
375 706 1
375 818 1
375 927 1
375 968 1
375 975 1
376 648 1
376 649 1
376 990 1
377 457 1
377 738 1
377 795 1
377 862 1
378 505 1
378 695 1
380 406 1
380 482 1
380 526 1
380 535 1
380 544 1
380 592 1
380 953 1
381 942 1
382 758 1
382 978 1
383 587 1
383 798 1
383 945 1
384 771 1
384 901 1
385 496 1
385 588 1
385 842 1
386 639 1
386 959 1
387 421 1
387 461 1
387 477 1
387 528 1
387 989 1
388 462 1
388 540 1
388 623 1
389 472 1
389 542 1
389 608 1
389 678 1
389 995 1
391 447 1
391 504 1
391 517 1
391 528 1
391 723 1
391 755 1
391 922 1
391 926 1
391 960 1
392 540 1
392 550 1
392 628 1
392 733 1
393 430 1
393 597 1
393 645 1
393 720 1
394 422 1
394 475 1
394 505 1
394 925 1
394 967 1
395 466 1
395 468 1
395 748 1
398 608 1
398 770 1
398 878 1
399 933 1
400 784 1
400 788 1
401 853 1
402 710 1
403 568 1
403 597 1
403 845 1
403 922 1
404 474 1
404 487 1
404 534 1
404 659 1
404 662 1
404 805 1
404 895 1
405 665 1
405 857 1
406 445 1
406 783 1
406 896 1
408 447 1
408 450 1
409 568 1
409 778 1
410 582 1
410 628 1
410 632 1
411 605 1
411 690 1
411 786 1
411 940 1
412 668 1
412 899 1
413 496 1
413 746 1
413 831 1
414 533 1
414 765 1
415 574 1
415 849 1
416 799 1
417 485 1
417 508 1
417 753 1
417 834 1
418 424 1
418 443 1
418 510 1
418 547 1
418 651 1
418 853 1
418 930 1
419 465 1
419 481 1
420 430 1
420 533 1
420 729 1
422 740 1
422 830 1
423 516 1
424 666 1
425 470 1
425 653 1
425 703 1
425 962 1
426 858 1
427 679 1
428 554 1
428 633 1
429 932 1
431 525 1
431 564 1
431 640 1
431 894 1
431 914 1
432 493 1
432 515 1
432 576 1
432 593 1
432 831 1
432 873 1
432 876 1
433 436 1
433 543 1
433 545 1
433 681 1
434 499 1
434 863 1
435 518 1
435 530 1
435 539 1
435 563 1
435 772 1
435 835 1
435 908 1
436 806 1
437 920 1
439 528 1
441 690 1
442 491 1
442 637 1
442 655 1
442 799 1
442 912 1
443 559 1
443 618 1
443 625 1
443 793 1
443 887 1
444 534 1
444 560 1
444 755 1
444 758 1
444 863 1
445 462 1
445 747 1
445 764 1
446 506 1
446 587 1
446 741 1
446 939 1
447 456 1
447 488 1
447 927 1
448 497 1
448 620 1
448 764 1
449 490 1
449 796 1
449 865 1
450 609 1
452 552 1
452 682 1
452 739 1
453 514 1
453 603 1
453 620 1
453 768 1
453 945 1
453 997 1
454 473 1
454 705 1
454 713 1
454 753 1
454 804 1
454 901 1
454 949 1
455 566 1
455 861 1
456 501 1
457 818 1
457 923 1
458 861 1
460 665 1
460 766 1
461 624 1
461 842 1
461 911 1
461 971 1
462 579 1
462 728 1
463 486 1
463 599 1
464 524 1
464 957 1
465 735 1
465 819 1
467 753 1
467 842 1
468 546 1
468 660 1
468 705 1
468 737 1
468 781 1
469 987 1
470 602 1
470 776 1
470 881 1
471 492 1
472 515 1
473 483 1
473 972 1
475 491 1
475 493 1
475 500 1
475 711 1
477 597 1
478 607 1
478 740 1
478 802 1
478 838 1
479 962 1
481 877 1
481 884 1
482 797 1
483 529 1
483 566 1
484 916 1
484 985 1
486 707 1
487 984 1
489 500 1
489 744 1
489 855 1
490 608 1
490 771 1
490 787 1
490 848 1
492 677 1
492 743 1
492 919 1
492 960 1
493 559 1
494 581 1
494 777 1
494 797 1
495 774 1
496 589 1
496 767 1
498 956 1
499 566 1
499 943 1
499 955 1
500 562 1
500 606 1
500 619 1
500 951 1
501 745 1
501 757 1
501 845 1
502 657 1
502 686 1
502 871 1
503 743 1
504 797 1
504 931 1
505 752 1
506 568 1
506 834 1
506 898 1
506 928 1
506 932 1
508 553 1
508 752 1
508 856 1
508 969 1
509 786 1
509 843 1
511 727 1
512 578 1
512 605 1
513 530 1
513 559 1
513 635 1
513 820 1
513 873 1
514 998 1
515 892 1
516 955 1
517 582 1
517 668 1
517 705 1
517 954 1
518 588 1
519 905 1
520 631 1
520 700 1
520 864 1
520 925 1
521 708 1
521 717 1
522 812 1
523 626 1
523 651 1
523 667 1
523 831 1
524 546 1
524 570 1
525 622 1
526 609 1
526 617 1
527 567 1
527 642 1
527 658 1
527 773 1
527 898 1
527 995 1
528 672 1
528 720 1
528 781 1
528 978 1
529 618 1
529 1000 1
530 548 1
530 556 1
530 741 1
531 563 1
531 644 1
531 771 1
531 795 1
531 958 1
533 665 1
533 863 1
534 649 1
534 987 1
535 940 1
537 559 1
537 715 1
539 737 1
539 906 1
539 948 1
542 693 1
542 755 1
543 610 1
543 624 1
543 704 1
543 760 1
545 574 1
545 652 1
545 759 1
545 837 1
546 635 1
547 567 1
547 570 1
547 596 1
547 609 1
547 701 1
547 722 1
547 741 1
549 825 1
549 888 1
550 629 1
550 648 1
550 733 1
551 810 1
552 685 1
552 747 1
553 559 1
553 583 1
553 667 1
553 816 1
553 885 1
554 587 1
554 635 1
555 734 1
558 768 1
560 621 1
560 647 1
560 684 1
560 694 1
560 724 1
560 802 1
560 878 1
561 750 1
561 954 1
562 680 1
564 688 1
564 888 1
564 934 1
565 601 1
565 663 1
565 884 1
566 667 1
567 640 1
567 926 1
567 958 1
568 746 1
568 961 1
570 900 1
570 972 1
571 646 1
572 812 1
575 624 1
575 776 1
575 871 1
577 992 1
578 613 1
578 794 1
578 961 1
579 611 1
579 937 1
580 594 1
580 659 1
580 944 1
581 815 1
582 702 1
582 803 1
583 746 1
584 724 1
584 810 1
585 854 1
586 638 1
587 745 1
587 823 1
587 825 1
587 924 1
588 701 1
589 630 1
589 989 1
591 712 1
591 889 1
592 857 1
594 803 1
595 848 1
598 716 1
600 644 1
602 634 1
602 839 1
603 647 1
603 733 1
604 698 1
604 955 1
606 913 1
607 686 1
608 703 1
608 880 1
608 944 1
609 672 1
609 720 1
610 838 1
610 841 1
611 625 1
611 693 1
611 743 1
611 823 1
614 636 1
614 724 1
614 896 1
614 897 1
614 974 1
614 982 1
616 730 1
617 741 1
617 794 1
617 993 1
619 756 1
619 891 1
619 894 1
619 929 1
620 671 1
621 644 1
621 648 1
622 728 1
622 919 1
623 813 1
623 933 1
623 967 1
624 761 1
625 771 1
625 772 1
627 765 1
627 935 1
628 693 1
628 855 1
629 684 1
629 790 1
630 768 1
630 788 1
631 767 1
631 934 1
632 874 1
633 939 1
633 973 1
633 991 1
634 970 1
635 799 1
638 675 1
638 833 1
638 948 1
638 975 1
639 645 1
640 841 1
641 867 1
642 779 1
642 871 1
642 956 1
643 999 1
645 892 1
647 732 1
648 716 1
649 742 1
649 886 1
650 846 1
650 903 1
652 659 1
652 762 1
652 834 1
653 722 1
653 974 1
654 832 1
656 974 1
657 790 1
662 706 1
662 903 1
662 909 1
662 964 1
664 780 1
664 873 1
667 789 1
667 803 1
668 709 1
669 974 1
672 778 1
673 986 1
674 767 1
675 702 1
675 708 1
675 864 1
675 883 1
676 959 1
678 690 1
681 683 1
682 830 1
682 832 1
682 995 1
683 996 1
687 928 1
687 988 1
688 784 1
688 883 1
689 977 1
691 694 1
691 715 1
691 859 1
692 923 1
692 952 1
693 734 1
693 952 1
694 983 1
696 910 1
698 872 1
698 998 1
699 727 1
700 816 1
700 899 1
700 978 1
701 704 1
702 834 1
703 772 1
704 738 1
704 803 1
704 829 1
704 915 1
704 946 1
705 773 1
707 747 1
707 936 1
708 821 1
708 845 1
708 981 1
709 910 1
710 745 1
712 976 1
713 751 1
713 844 1
715 914 1
715 993 1
716 880 1
717 775 1
718 819 1
719 795 1
719 948 1
721 792 1
721 804 1
721 835 1
721 882 1
723 800 1
725 928 1
727 827 1
727 948 1
728 913 1
728 960 1
732 847 1
733 780 1
735 881 1
739 785 1
739 953 1
740 985 1
741 887 1
742 781 1
742 870 1
744 936 1
744 994 1
747 981 1
748 915 1
750 893 1
750 900 1
752 779 1
754 966 1
756 884 1
761 800 1
762 903 1
763 770 1
766 783 1
767 774 1
767 778 1
767 792 1
767 869 1
768 883 1
769 783 1
771 836 1
773 896 1
773 917 1
773 932 1
778 935 1
782 824 1
783 935 1
785 842 1
786 905 1
793 946 1
795 959 1
796 858 1
796 907 1
798 886 1
798 969 1
798 972 1
799 849 1
800 829 1
803 862 1
810 828 1
813 814 1
813 846 1
818 839 1
819 905 1
823 904 1
826 897 1
826 977 1
829 845 1
832 854 1
832 988 1
834 916 1
834 947 1
837 926 1
837 953 1
843 910 1
845 937 1
847 859 1
847 945 1
847 982 1
851 860 1
855 936 1
857 935 1
857 973 1
859 955 1
862 877 1
863 895 1
865 869 1
867 875 1
867 996 1
869 930 1
871 902 1
872 952 1
878 903 1
880 967 1
882 950 1
887 939 1
893 945 1
895 918 1
906 913 1
906 965 1
906 983 1
934 963 1
939 941 1
941 966 1
942 975 1
944 976 1
946 953 1
953 958 1
954 1000 1
956 984 1
974 990 1
