1000 4975
1 2 1
1 3 1
1 4 1
1 5 1
1 6 1
1 7 1
1 8 1
1 9 1
1 11 1
1 12 1
1 13 1
1 14 1
1 15 1
1 18 1
1 19 1
1 25 1
1 27 1
1 28 1
1 33 1
1 39 1
1 42 1
1 45 1
1 46 1
1 48 1
1 51 1
1 52 1
1 53 1
1 54 1
1 56 1
1 60 1
1 64 1
1 69 1
1 80 1
1 81 1
1 83 1
1 86 1
1 88 1
1 94 1
1 98 1
1 102 1
1 104 1
1 115 1
1 126 1
1 132 1
1 139 1
1 158 1
1 162 1
1 170 1
1 177 1
1 179 1
1 183 1
1 191 1
1 192 1
1 197 1
1 198 1
1 205 1
1 206 1
1 209 1
1 213 1
1 220 1
1 224 1
1 233 1
1 244 1
1 245 1
1 246 1
1 254 1
1 283 1
1 318 1
1 325 1
1 326 1
1 328 1
1 329 1
1 331 1
1 336 1
1 354 1
1 380 1
1 381 1
1 385 1
1 387 1
1 388 1
1 389 1
1 395 1
1 400 1
1 405 1
1 415 1
1 420 1
1 435 1
1 436 1
1 441 1
1 449 1
1 457 1
1 460 1
1 466 1
1 467 1
1 487 1
1 488 1
1 491 1
1 501 1
1 525 1
1 532 1
1 539 1
1 564 1
1 566 1
1 568 1
1 569 1
1 616 1
1 635 1
1 659 1
1 672 1
1 675 1
1 679 1
1 681 1
1 705 1
1 725 1
1 732 1
1 744 1
1 745 1
1 776 1
1 788 1
1 802 1
1 817 1
1 834 1
1 852 1
1 861 1
1 907 1
1 925 1
1 929 1
1 980 1
3 7 1
3 8 1
3 9 1
3 12 1
3 17 1
3 31 1
3 35 1
3 36 1
3 44 1
3 57 1
3 95 1
3 106 1
3 110 1
3 118 1
3 155 1
3 162 1
3 168 1
3 170 1
3 184 1
3 200 1
3 224 1
3 269 1
3 372 1
3 421 1
3 461 1
3 545 1
3 549 1
3 577 1
3 640 1
3 666 1
3 754 1
3 837 1
3 857 1
3 913 1
3 937 1
3 949 1
3 950 1
3 951 1
4 7 1
4 8 1
4 10 1
4 11 1
4 13 1
4 16 1
4 17 1
4 21 1
4 30 1
4 47 1
4 50 1
4 56 1
4 60 1
4 64 1
4 108 1
4 122 1
4 131 1
4 134 1
4 142 1
4 156 1
4 177 1
4 178 1
4 190 1
4 247 1
4 259 1
4 267 1
4 330 1
4 332 1
4 396 1
4 422 1
4 440 1
4 471 1
4 493 1
4 518 1
4 573 1
4 580 1
4 585 1
4 635 1
4 665 1
4 696 1
4 722 1
4 723 1
4 728 1
4 808 1
4 821 1
4 833 1
4 859 1
4 864 1
4 875 1
4 902 1
4 932 1
4 935 1
5 7 1
5 8 1
5 9 1
5 11 1
5 14 1
5 16 1
5 17 1
5 27 1
5 31 1
5 32 1
5 33 1
5 38 1
5 54 1
5 56 1
5 67 1
5 71 1
5 77 1
5 90 1
5 94 1
5 99 1
5 100 1
5 105 1
5 109 1
5 110 1
5 119 1
5 121 1
5 130 1
5 138 1
5 151 1
5 164 1
5 170 1
5 180 1
5 189 1
5 216 1
5 230 1
5 238 1
5 239 1
5 243 1
5 261 1
5 265 1
5 278 1
5 313 1
5 317 1
5 353 1
5 354 1
5 365 1
5 383 1
5 434 1
5 448 1
5 483 1
5 484 1
5 507 1
5 512 1
5 595 1
5 608 1
5 616 1
5 630 1
5 636 1
5 639 1
5 663 1
5 669 1
5 713 1
5 720 1
5 729 1
5 774 1
5 789 1
5 815 1
5 825 1
5 854 1
5 881 1
5 895 1
5 897 1
5 904 1
5 929 1
5 933 1
5 983 1
6 7 1
6 9 1
6 10 1
6 12 1
6 15 1
6 35 1
6 37 1
6 41 1
6 43 1
6 44 1
6 46 1
6 50 1
6 55 1
6 59 1
6 70 1
6 82 1
6 111 1
6 117 1
6 146 1
6 160 1
6 175 1
6 193 1
6 198 1
6 206 1
6 222 1
6 248 1
6 358 1
6 433 1
6 436 1
6 440 1
6 446 1
6 450 1
6 457 1
6 485 1
6 520 1
6 589 1
6 759 1
6 800 1
6 847 1
6 862 1
6 867 1
6 880 1
6 884 1
6 978 1
7 8 1
7 9 1
7 10 1
7 11 1
7 13 1
7 14 1
7 18 1
7 20 1
7 21 1
7 22 1
7 23 1
7 24 1
7 28 1
7 31 1
7 38 1
7 41 1
7 51 1
7 64 1
7 77 1
7 86 1
7 132 1
7 135 1
7 144 1
7 146 1
7 158 1
7 169 1
7 172 1
7 186 1
7 190 1
7 192 1
7 202 1
7 207 1
7 233 1
7 239 1
7 268 1
7 277 1
7 282 1
7 294 1
7 304 1
7 307 1
7 308 1
7 321 1
7 343 1
7 363 1
7 367 1
7 370 1
7 377 1
7 391 1
7 418 1
7 427 1
7 441 1
7 449 1
7 473 1
7 475 1
7 477 1
7 508 1
7 542 1
7 573 1
7 580 1
7 584 1
7 601 1
7 612 1
7 617 1
7 668 1
7 670 1
7 707 1
7 709 1
7 728 1
7 741 1
7 766 1
7 838 1
7 849 1
7 867 1
7 932 1
7 963 1
8 10 1
8 11 1
8 12 1
8 15 1
8 16 1
8 17 1
8 19 1
8 20 1
8 21 1
8 23 1
8 25 1
8 29 1
8 32 1
8 34 1
8 40 1
8 42 1
8 48 1
8 49 1
8 50 1
8 56 1
8 60 1
8 65 1
8 92 1
8 97 1
8 98 1
8 108 1
8 109 1
8 110 1
8 118 1
8 124 1
8 125 1
8 152 1
8 156 1
8 160 1
8 161 1
8 176 1
8 185 1
8 196 1
8 205 1
8 221 1
8 229 1
8 230 1
8 235 1
8 242 1
8 283 1
8 290 1
8 298 1
8 312 1
8 323 1
8 331 1
8 352 1
8 360 1
8 393 1
8 416 1
8 431 1
8 481 1
8 490 1
8 492 1
8 493 1
8 511 1
8 538 1
8 544 1
8 550 1
8 567 1
8 572 1
8 573 1
8 574 1
8 593 1
8 604 1
8 649 1
8 670 1
8 692 1
8 764 1
8 819 1
8 841 1
8 928 1
8 973 1
8 984 1
8 985 1
9 10 1
9 18 1
9 22 1
9 34 1
9 35 1
9 37 1
9 48 1
9 58 1
9 63 1
9 69 1
9 74 1
9 75 1
9 76 1
9 95 1
9 97 1
9 102 1
9 120 1
9 132 1
9 143 1
9 162 1
9 179 1
9 187 1
9 206 1
9 211 1
9 212 1
9 231 1
9 238 1
9 240 1
9 245 1
9 247 1
9 250 1
9 256 1
9 263 1
9 264 1
9 338 1
9 361 1
9 363 1
9 398 1
9 483 1
9 550 1
9 605 1
9 615 1
9 657 1
9 666 1
9 668 1
9 680 1
9 694 1
9 730 1
9 774 1
9 779 1
9 846 1
9 880 1
10 13 1
10 14 1
10 15 1
10 17 1
10 18 1
10 26 1
10 29 1
10 31 1
10 39 1
10 54 1
10 74 1
10 113 1
10 137 1
10 159 1
10 166 1
10 176 1
10 219 1
10 225 1
10 262 1
10 285 1
10 286 1
10 287 1
10 323 1
10 324 1
10 345 1
10 406 1
10 429 1
10 430 1
10 437 1
10 468 1
10 491 1
10 495 1
10 536 1
10 579 1
10 587 1
10 616 1
10 667 1
10 692 1
10 703 1
10 739 1
10 760 1
10 768 1
10 790 1
10 823 1
10 838 1
10 884 1
10 897 1
10 905 1
10 935 1
10 981 1
11 12 1
11 14 1
11 15 1
11 16 1
11 18 1
11 19 1
11 20 1
11 24 1
11 30 1
11 32 1
11 37 1
11 38 1
11 47 1
11 50 1
11 52 1
11 57 1
11 67 1
11 79 1
11 80 1
11 82 1
11 87 1
11 91 1
11 96 1
11 105 1
11 121 1
11 125 1
11 127 1
11 131 1
11 153 1
11 177 1
11 181 1
11 186 1
11 195 1
11 211 1
11 232 1
11 244 1
11 246 1
11 268 1
11 275 1
11 307 1
11 329 1
11 363 1
11 399 1
11 434 1
11 444 1
11 468 1
11 486 1
11 500 1
11 522 1
11 536 1
11 557 1
11 561 1
11 567 1
11 568 1
11 601 1
11 661 1
11 710 1
11 754 1
11 786 1
11 792 1
11 803 1
11 808 1
11 813 1
11 842 1
11 876 1
11 903 1
11 996 1
12 13 1
12 40 1
12 47 1
12 72 1
12 75 1
12 109 1
12 223 1
12 253 1
12 329 1
12 368 1
12 417 1
12 454 1
12 507 1
12 547 1
12 570 1
12 666 1
12 869 1
12 885 1
12 893 1
12 930 1
12 947 1
12 988 1
12 999 1
13 21 1
13 32 1
13 36 1
13 47 1
13 58 1
13 62 1
13 121 1
13 137 1
13 161 1
13 167 1
13 191 1
13 204 1
13 216 1
13 219 1
13 222 1
13 254 1
13 258 1
13 270 1
13 275 1
13 294 1
13 305 1
13 315 1
13 355 1
13 366 1
13 371 1
13 386 1
13 404 1
13 411 1
13 412 1
13 414 1
13 428 1
13 460 1
13 497 1
13 503 1
13 517 1
13 547 1
13 567 1
13 584 1
13 677 1
13 682 1
13 697 1
13 840 1
13 879 1
13 975 1
14 23 1
14 24 1
14 25 1
14 26 1
14 28 1
14 29 1
14 33 1
14 35 1
14 39 1
14 41 1
14 48 1
14 49 1
14 51 1
14 60 1
14 90 1
14 124 1
14 131 1
14 136 1
14 164 1
14 169 1
14 178 1
14 185 1
14 215 1
14 242 1
14 255 1
14 267 1
14 280 1
14 286 1
14 289 1
14 324 1
14 346 1
14 353 1
14 389 1
14 412 1
14 487 1
14 593 1
14 610 1
14 738 1
14 745 1
14 752 1
14 765 1
14 773 1
14 794 1
14 888 1
15 16 1
15 19 1
15 21 1
15 22 1
15 25 1
15 27 1
15 30 1
15 31 1
15 32 1
15 34 1
15 39 1
15 43 1
15 45 1
15 46 1
15 47 1
15 51 1
15 55 1
15 58 1
15 61 1
15 65 1
15 66 1
15 68 1
15 71 1
15 72 1
15 76 1
15 79 1
15 82 1
15 84 1
15 85 1
15 90 1
15 93 1
15 97 1
15 98 1
15 104 1
15 105 1
15 117 1
15 120 1
15 121 1
15 126 1
15 128 1
15 140 1
15 148 1
15 153 1
15 155 1
15 158 1
15 169 1
15 175 1
15 188 1
15 203 1
15 233 1
15 237 1
15 240 1
15 244 1
15 254 1
15 260 1
15 268 1
15 273 1
15 297 1
15 315 1
15 317 1
15 330 1
15 334 1
15 340 1
15 345 1
15 348 1
15 379 1
15 382 1
15 391 1
15 401 1
15 402 1
15 425 1
15 451 1
15 453 1
15 459 1
15 465 1
15 468 1
15 469 1
15 479 1
15 486 1
15 494 1
15 496 1
15 501 1
15 515 1
15 523 1
15 581 1
15 587 1
15 591 1
15 596 1
15 598 1
15 613 1
15 657 1
15 661 1
15 690 1
15 700 1
15 732 1
15 737 1
15 804 1
15 815 1
15 818 1
15 834 1
15 837 1
15 842 1
15 953 1
15 969 1
15 1000 1
16 23 1
16 30 1
16 33 1
16 41 1
16 52 1
16 53 1
16 111 1
16 116 1
16 122 1
16 125 1
16 132 1
16 148 1
16 191 1
16 237 1
16 238 1
16 257 1
16 271 1
16 294 1
16 319 1
16 320 1
16 338 1
16 393 1
16 397 1
16 410 1
16 424 1
16 453 1
16 472 1
16 568 1
16 599 1
16 674 1
16 726 1
16 783 1
16 804 1
16 821 1
16 892 1
16 896 1
16 908 1
16 914 1
16 955 1
16 994 1
17 28 1
17 37 1
17 46 1
17 63 1
17 103 1
17 114 1
17 174 1
17 210 1
17 215 1
17 225 1
17 236 1
17 242 1
17 266 1
17 289 1
17 404 1
17 510 1
17 526 1
17 555 1
17 749 1
17 779 1
17 851 1
17 879 1
17 902 1
17 934 1
18 19 1
18 20 1
18 26 1
18 29 1
18 44 1
18 59 1
18 66 1
18 76 1
18 81 1
18 91 1
18 100 1
18 101 1
18 134 1
18 138 1
18 139 1
18 143 1
18 151 1
18 171 1
18 185 1
18 188 1
18 198 1
18 209 1
18 257 1
18 261 1
18 285 1
18 297 1
18 303 1
18 314 1
18 351 1
18 360 1
18 374 1
18 378 1
18 385 1
18 391 1
18 420 1
18 474 1
18 562 1
18 568 1
18 584 1
18 627 1
18 640 1
18 669 1
18 728 1
18 736 1
18 810 1
18 871 1
18 873 1
18 944 1
18 957 1
19 20 1
19 22 1
19 25 1
19 26 1
19 51 1
19 54 1
19 57 1
19 74 1
19 90 1
19 94 1
19 96 1
19 123 1
19 177 1
19 192 1
19 214 1
19 225 1
19 234 1
19 246 1
19 275 1
19 315 1
19 320 1
19 333 1
19 402 1
19 426 1
19 452 1
19 503 1
19 524 1
19 545 1
19 555 1
19 561 1
19 670 1
19 749 1
19 769 1
19 770 1
19 812 1
19 864 1
19 906 1
19 949 1
19 951 1
19 992 1
20 23 1
20 24 1
20 26 1
20 27 1
20 34 1
20 35 1
20 40 1
20 70 1
20 79 1
20 89 1
20 93 1
20 103 1
20 111 1
20 116 1
20 142 1
20 183 1
20 189 1
20 195 1
20 202 1
20 225 1
20 227 1
20 256 1
20 266 1
20 270 1
20 277 1
20 304 1
20 349 1
20 355 1
20 369 1
20 437 1
20 446 1
20 486 1
20 501 1
20 519 1
20 521 1
20 543 1
20 553 1
20 559 1
20 607 1
20 614 1
20 638 1
20 702 1
20 743 1
20 745 1
20 785 1
20 796 1
20 864 1
20 983 1
21 22 1
21 36 1
21 61 1
21 63 1
21 70 1
21 89 1
21 91 1
21 108 1
21 178 1
21 201 1
21 220 1
21 232 1
21 271 1
21 422 1
21 486 1
21 490 1
21 558 1
21 746 1
21 811 1
21 815 1
21 836 1
21 862 1
21 877 1
21 921 1
22 24 1
22 33 1
22 38 1
22 40 1
22 42 1
22 74 1
22 89 1
22 96 1
22 99 1
22 101 1
22 120 1
22 125 1
22 127 1
22 134 1
22 147 1
22 152 1
22 163 1
22 194 1
22 197 1
22 204 1
22 208 1
22 231 1
22 255 1
22 269 1
22 288 1
22 289 1
22 309 1
22 314 1
22 333 1
22 349 1
22 369 1
22 387 1
22 395 1
22 406 1
22 418 1
22 475 1
22 480 1
22 601 1
22 602 1
22 631 1
22 718 1
22 733 1
22 742 1
22 804 1
22 814 1
22 827 1
22 828 1
22 962 1
23 79 1
23 94 1
23 105 1
23 120 1
23 126 1
23 145 1
23 179 1
23 457 1
23 515 1
23 975 1
24 43 1
24 52 1
24 56 1
24 57 1
24 66 1
24 92 1
24 107 1
24 136 1
24 184 1
24 224 1
24 340 1
24 460 1
24 624 1
24 632 1
24 817 1
25 36 1
25 39 1
25 55 1
25 77 1
25 78 1
25 115 1
25 116 1
25 122 1
25 179 1
25 188 1
25 195 1
25 248 1
25 249 1
25 300 1
25 313 1
25 345 1
25 371 1
25 375 1
25 406 1
25 407 1
25 455 1
25 486 1
25 506 1
25 612 1
25 631 1
25 656 1
25 710 1
25 712 1
25 721 1
25 731 1
25 743 1
25 796 1
25 810 1
25 827 1
25 915 1
25 969 1
25 985 1
26 27 1
26 28 1
26 86 1
26 87 1
26 100 1
26 119 1
26 123 1
26 153 1
26 190 1
26 256 1
26 279 1
26 282 1
26 283 1
26 284 1
26 290 1
26 292 1
26 316 1
26 333 1
26 374 1
26 416 1
26 466 1
26 485 1
26 540 1
26 618 1
26 644 1
26 647 1
26 676 1
26 729 1
26 757 1
26 781 1
26 810 1
26 839 1
26 861 1
26 934 1
26 988 1
27 29 1
27 30 1
27 34 1
27 36 1
27 38 1
27 43 1
27 53 1
27 55 1
27 58 1
27 88 1
27 108 1
27 149 1
27 215 1
27 245 1
27 260 1
27 285 1
27 299 1
27 336 1
27 349 1
27 374 1
27 435 1
27 443 1
27 526 1
27 528 1
27 531 1
27 537 1
27 581 1
27 618 1
27 637 1
27 645 1
27 674 1
27 702 1
27 707 1
27 740 1
27 776 1
27 838 1
27 844 1
27 967 1
27 986 1
28 44 1
28 85 1
28 122 1
28 200 1
28 306 1
28 578 1
28 905 1
29 48 1
29 78 1
29 113 1
29 193 1
29 297 1
29 378 1
29 391 1
29 394 1
29 401 1
29 410 1
29 487 1
29 493 1
29 500 1
29 554 1
29 560 1
29 564 1
29 583 1
29 621 1
29 836 1
29 910 1
29 920 1
29 978 1
30 49 1
30 60 1
30 83 1
30 99 1
30 119 1
30 176 1
30 181 1
30 200 1
30 201 1
30 229 1
30 235 1
30 253 1
30 266 1
30 295 1
30 332 1
30 527 1
30 573 1
30 596 1
30 621 1
30 648 1
30 706 1
30 741 1
30 803 1
31 40 1
31 42 1
31 81 1
31 141 1
31 176 1
31 213 1
31 291 1
31 490 1
31 503 1
31 522 1
31 622 1
31 650 1
31 673 1
31 707 1
31 733 1
31 734 1
31 853 1
31 941 1
31 972 1
32 37 1
32 45 1
32 63 1
32 68 1
32 73 1
32 85 1
32 89 1
32 106 1
32 112 1
32 130 1
32 171 1
32 186 1
32 228 1
32 230 1
32 250 1
32 317 1
32 376 1
32 382 1
32 421 1
32 427 1
32 478 1
32 499 1
32 651 1
32 657 1
32 662 1
32 693 1
32 798 1
32 802 1
32 812 1
32 831 1
32 832 1
32 880 1
32 893 1
32 895 1
32 947 1
33 53 1
33 59 1
33 73 1
33 81 1
33 83 1
33 91 1
33 103 1
33 141 1
33 156 1
33 157 1
33 209 1
33 214 1
33 219 1
33 259 1
33 264 1
33 276 1
33 287 1
33 325 1
33 347 1
33 362 1
33 374 1
33 380 1
33 429 1
33 457 1
33 461 1
33 476 1
33 477 1
33 478 1
33 514 1
33 530 1
33 553 1
33 604 1
33 697 1
33 698 1
33 708 1
33 730 1
33 813 1
33 821 1
33 868 1
33 891 1
33 937 1
33 973 1
34 41 1
34 43 1
34 49 1
34 58 1
34 59 1
34 62 1
34 64 1
34 75 1
34 80 1
34 107 1
34 123 1
34 150 1
34 199 1
34 204 1
34 218 1
34 256 1
34 324 1
34 331 1
34 358 1
34 371 1
34 385 1
34 400 1
34 413 1
34 414 1
34 464 1
34 476 1
34 482 1
34 498 1
34 506 1
34 542 1
34 557 1
34 566 1
34 598 1
34 600 1
34 610 1
34 617 1
34 623 1
34 627 1
34 634 1
34 654 1
34 680 1
34 725 1
34 851 1
34 868 1
34 876 1
34 886 1
34 915 1
34 925 1
34 929 1
34 972 1
34 977 1
35 65 1
35 66 1
35 99 1
35 118 1
35 138 1
35 183 1
35 274 1
35 307 1
35 360 1
35 390 1
35 505 1
35 597 1
35 744 1
35 829 1
36 45 1
36 49 1
36 86 1
36 115 1
36 129 1
36 179 1
36 183 1
36 192 1
36 217 1
36 219 1
36 272 1
36 277 1
36 325 1
36 373 1
36 397 1
36 415 1
36 497 1
36 509 1
36 513 1
36 554 1
36 597 1
36 599 1
36 608 1
36 677 1
36 699 1
36 771 1
36 806 1
36 826 1
36 854 1
36 887 1
36 892 1
36 930 1
36 995 1
37 50 1
37 61 1
37 71 1
37 75 1
37 79 1
37 128 1
37 135 1
37 138 1
37 160 1
37 171 1
37 173 1
37 217 1
37 218 1
37 297 1
37 343 1
37 356 1
37 380 1
37 419 1
37 456 1
37 472 1
37 476 1
37 481 1
37 497 1
37 534 1
37 575 1
37 722 1
37 757 1
37 795 1
37 804 1
37 843 1
37 851 1
37 892 1
37 995 1
38 62 1
38 66 1
38 78 1
38 89 1
38 97 1
38 102 1
38 199 1
38 200 1
38 252 1
38 314 1
38 361 1
38 370 1
38 384 1
38 393 1
38 402 1
38 710 1
38 838 1
38 851 1
39 52 1
39 55 1
39 57 1
39 67 1
39 80 1
39 87 1
39 118 1
39 133 1
39 138 1
39 148 1
39 153 1
39 224 1
39 292 1
39 330 1
39 392 1
39 394 1
39 534 1
39 664 1
39 687 1
39 714 1
39 881 1
39 909 1
39 919 1
40 42 1
40 44 1
40 45 1
40 62 1
40 77 1
40 90 1
40 91 1
40 97 1
40 137 1
40 172 1
40 190 1
40 330 1
40 350 1
40 353 1
40 364 1
40 382 1
40 398 1
40 402 1
40 403 1
40 430 1
40 447 1
40 484 1
40 544 1
40 569 1
40 596 1
40 621 1
40 648 1
40 649 1
40 652 1
40 823 1
40 826 1
40 875 1
40 913 1
41 46 1
41 54 1
41 69 1
41 85 1
41 107 1
41 109 1
41 133 1
41 166 1
41 227 1
41 228 1
41 233 1
41 335 1
41 337 1
41 363 1
41 365 1
41 372 1
41 382 1
41 510 1
41 540 1
41 576 1
41 604 1
41 633 1
41 671 1
41 809 1
41 860 1
41 875 1
41 907 1
42 570 1
42 611 1
42 778 1
42 846 1
43 65 1
43 93 1
43 152 1
43 243 1
43 322 1
43 335 1
43 339 1
43 344 1
43 352 1
43 375 1
43 384 1
43 388 1
43 412 1
43 456 1
43 462 1
43 551 1
43 596 1
43 625 1
43 693 1
43 695 1
43 725 1
43 814 1
43 830 1
43 837 1
43 914 1
43 991 1
44 84 1
44 129 1
44 158 1
44 173 1
44 203 1
44 204 1
44 212 1
44 255 1
44 274 1
44 284 1
44 310 1
44 388 1
44 405 1
44 407 1
44 501 1
44 588 1
44 620 1
44 712 1
44 748 1
44 801 1
44 832 1
44 843 1
44 927 1
44 991 1
45 53 1
45 124 1
45 125 1
45 163 1
45 203 1
45 211 1
45 226 1
45 293 1
45 394 1
45 458 1
45 494 1
45 504 1
45 522 1
45 614 1
45 678 1
45 691 1
45 724 1
45 733 1
45 762 1
45 767 1
45 818 1
45 884 1
45 910 1
45 947 1
45 949 1
46 69 1
46 128 1
46 202 1
46 242 1
46 306 1
46 310 1
46 347 1
46 448 1
46 478 1
46 548 1
46 577 1
46 724 1
47 61 1
47 69 1
47 113 1
47 121 1
47 123 1
47 135 1
47 165 1
47 167 1
47 174 1
47 175 1
47 200 1
47 305 1
47 327 1
47 328 1
47 485 1
47 509 1
47 535 1
47 577 1
47 582 1
47 772 1
47 862 1
47 931 1
48 72 1
48 130 1
48 131 1
48 145 1
48 165 1
48 207 1
48 302 1
48 351 1
48 364 1
48 376 1
48 392 1
48 408 1
48 419 1
48 426 1
48 459 1
48 481 1
48 552 1
48 555 1
48 628 1
48 630 1
48 785 1
48 877 1
48 888 1
48 890 1
48 900 1
48 969 1
49 95 1
49 126 1
49 141 1
49 418 1
49 643 1
49 765 1
50 59 1
50 68 1
50 96 1
50 258 1
50 440 1
50 688 1
50 719 1
50 840 1
51 67 1
51 70 1
51 107 1
51 110 1
51 136 1
51 158 1
51 159 1
51 202 1
51 219 1
51 267 1
51 271 1
51 377 1
51 385 1
51 420 1
51 439 1
51 593 1
51 607 1
51 638 1
51 650 1
51 683 1
51 727 1
51 763 1
51 764 1
51 782 1
51 882 1
51 927 1
52 154 1
52 188 1
52 209 1
52 293 1
52 298 1
52 460 1
52 692 1
52 720 1
52 725 1
52 791 1
53 73 1
53 112 1
53 115 1
53 123 1
53 146 1
53 217 1
53 229 1
53 261 1
53 274 1
53 283 1
53 291 1
53 303 1
53 493 1
53 622 1
53 626 1
53 689 1
53 736 1
53 845 1
53 874 1
54 68 1
54 113 1
54 127 1
54 187 1
54 198 1
54 419 1
54 439 1
54 556 1
54 694 1
54 891 1
54 901 1
55 98 1
55 150 1
55 217 1
55 280 1
55 431 1
55 464 1
55 781 1
56 65 1
56 70 1
56 80 1
56 83 1
56 87 1
56 88 1
56 104 1
56 142 1
56 162 1
56 168 1
56 302 1
56 305 1
56 335 1
56 525 1
56 552 1
56 569 1
56 673 1
56 724 1
56 757 1
56 859 1
56 886 1
56 967 1
56 980 1
57 104 1
57 119 1
57 171 1
57 178 1
57 182 1
57 186 1
57 321 1
57 397 1
57 478 1
57 515 1
57 544 1
57 586 1
57 634 1
57 698 1
57 792 1
57 852 1
57 966 1
58 62 1
58 117 1
58 165 1
58 173 1
58 180 1
58 181 1
58 182 1
58 226 1
58 260 1
58 300 1
58 316 1
58 345 1
58 417 1
58 418 1
58 433 1
58 468 1
58 549 1
58 816 1
58 846 1
58 855 1
58 873 1
58 920 1
58 939 1
59 61 1
59 72 1
59 131 1
59 167 1
59 220 1
59 358 1
59 451 1
59 496 1
59 502 1
59 512 1
59 529 1
59 552 1
59 559 1
59 591 1
59 595 1
59 623 1
59 905 1
59 922 1
60 71 1
60 156 1
60 169 1
60 174 1
60 177 1
60 212 1
60 299 1
60 551 1
61 67 1
61 72 1
61 77 1
61 101 1
61 126 1
61 128 1
61 157 1
61 161 1
61 164 1
61 174 1
61 182 1
61 189 1
61 380 1
61 438 1
61 452 1
61 454 1
61 683 1
61 691 1
61 701 1
61 712 1
61 748 1
61 767 1
61 788 1
61 813 1
61 882 1
62 63 1
62 64 1
62 95 1
62 133 1
62 140 1
62 166 1
62 187 1
62 206 1
62 213 1
62 232 1
62 248 1
62 269 1
62 295 1
62 301 1
62 355 1
62 430 1
62 623 1
62 642 1
62 679 1
62 688 1
62 724 1
62 754 1
62 756 1
62 759 1
62 811 1
62 896 1
63 68 1
63 78 1
63 88 1
63 101 1
63 106 1
63 190 1
63 215 1
63 287 1
63 395 1
63 406 1
63 466 1
63 547 1
63 675 1
63 742 1
63 800 1
63 831 1
63 892 1
63 938 1
63 943 1
63 996 1
64 74 1
64 147 1
64 150 1
64 214 1
64 263 1
64 286 1
64 306 1
64 444 1
64 463 1
64 497 1
64 563 1
64 584 1
64 649 1
64 752 1
64 865 1
64 903 1
65 94 1
65 112 1
65 232 1
65 467 1
65 671 1
65 746 1
65 748 1
65 785 1
66 73 1
66 75 1
66 78 1
66 93 1
66 104 1
66 106 1
66 128 1
66 173 1
66 211 1
66 237 1
66 242 1
66 384 1
66 412 1
66 424 1
66 526 1
66 655 1
66 670 1
66 802 1
66 952 1
67 76 1
67 115 1
67 160 1
67 282 1
67 308 1
67 361 1
67 376 1
67 450 1
67 755 1
67 766 1
67 793 1
67 861 1
68 82 1
68 84 1
68 85 1
68 86 1
68 101 1
68 106 1
68 111 1
68 124 1
68 129 1
68 139 1
68 167 1
68 173 1
68 174 1
68 195 1
68 206 1
68 216 1
68 248 1
68 295 1
68 376 1
68 442 1
68 495 1
68 783 1
68 914 1
69 73 1
69 83 1
69 117 1
69 127 1
69 147 1
69 186 1
69 218 1
69 245 1
69 259 1
69 263 1
69 309 1
69 344 1
69 387 1
69 389 1
69 411 1
69 496 1
69 554 1
69 559 1
69 780 1
69 786 1
69 805 1
69 807 1
70 71 1
70 84 1
70 102 1
70 168 1
70 184 1
70 260 1
70 278 1
70 287 1
70 349 1
70 472 1
70 481 1
70 532 1
70 556 1
70 616 1
70 621 1
70 765 1
70 852 1
70 860 1
70 973 1
71 92 1
71 159 1
71 163 1
71 196 1
71 201 1
71 212 1
71 237 1
71 262 1
71 383 1
71 389 1
71 445 1
71 472 1
71 503 1
71 538 1
71 606 1
71 666 1
71 737 1
71 777 1
71 822 1
71 828 1
71 872 1
71 882 1
71 908 1
71 967 1
72 76 1
72 81 1
72 127 1
72 170 1
72 172 1
72 182 1
72 185 1
72 271 1
72 277 1
72 322 1
72 379 1
72 413 1
72 434 1
72 470 1
72 474 1
72 493 1
72 556 1
72 558 1
72 587 1
72 595 1
72 641 1
72 690 1
72 719 1
72 743 1
72 750 1
72 784 1
72 926 1
72 937 1
72 961 1
72 971 1
73 108 1
73 154 1
73 187 1
73 216 1
73 327 1
73 341 1
73 367 1
73 480 1
73 606 1
73 658 1
73 670 1
74 95 1
74 241 1
74 359 1
74 519 1
74 589 1
74 619 1
74 678 1
74 693 1
74 738 1
74 808 1
74 841 1
74 899 1
74 951 1
74 962 1
75 93 1
75 130 1
75 304 1
75 337 1
75 345 1
75 483 1
75 632 1
75 772 1
75 847 1
75 964 1
76 157 1
76 298 1
76 328 1
76 364 1
76 463 1
76 739 1
76 755 1
76 915 1
76 919 1
77 100 1
77 113 1
77 135 1
77 139 1
77 193 1
77 255 1
77 290 1
77 303 1
77 365 1
77 645 1
77 931 1
77 986 1
78 84 1
78 146 1
78 189 1
78 236 1
78 268 1
78 285 1
78 309 1
78 369 1
78 539 1
78 647 1
78 912 1
78 933 1
78 995 1
79 82 1
79 105 1
79 114 1
79 129 1
79 133 1
79 149 1
79 236 1
79 304 1
79 410 1
79 428 1
79 507 1
79 515 1
79 533 1
79 644 1
79 703 1
80 96 1
80 99 1
80 144 1
81 87 1
81 92 1
81 180 1
81 191 1
81 215 1
81 228 1
81 302 1
81 313 1
81 392 1
81 405 1
81 408 1
81 454 1
81 492 1
81 596 1
81 635 1
81 644 1
81 671 1
81 771 1
81 793 1
81 819 1
81 883 1
81 930 1
81 974 1
81 986 1
82 253 1
82 441 1
82 803 1
82 916 1
82 960 1
82 1000 1
83 88 1
83 136 1
83 403 1
83 478 1
84 103 1
84 107 1
84 110 1
84 136 1
84 156 1
84 205 1
84 334 1
84 361 1
84 374 1
84 479 1
84 492 1
84 559 1
84 567 1
84 810 1
84 856 1
84 868 1
84 875 1
84 890 1
84 973 1
85 134 1
85 251 1
85 278 1
85 290 1
85 305 1
85 325 1
85 463 1
85 506 1
85 704 1
85 804 1
86 144 1
86 148 1
86 151 1
86 159 1
86 202 1
86 209 1
86 264 1
86 270 1
86 386 1
86 391 1
86 434 1
86 571 1
86 578 1
86 653 1
86 686 1
86 697 1
86 763 1
86 888 1
86 949 1
87 166 1
87 339 1
87 448 1
87 494 1
88 112 1
88 175 1
88 197 1
88 198 1
88 341 1
88 499 1
88 711 1
88 820 1
88 888 1
88 943 1
88 998 1
89 103 1
89 124 1
89 149 1
89 346 1
89 427 1
89 592 1
89 664 1
89 669 1
89 766 1
89 780 1
89 1000 1
90 92 1
90 114 1
90 120 1
90 135 1
90 143 1
90 154 1
90 161 1
90 176 1
90 194 1
90 205 1
90 233 1
90 341 1
90 368 1
90 646 1
90 701 1
90 781 1
90 859 1
90 870 1
90 882 1
90 910 1
91 139 1
91 149 1
91 324 1
91 552 1
91 719 1
91 952 1
91 963 1
91 1000 1
92 98 1
92 102 1
92 238 1
92 264 1
92 306 1
92 315 1
92 331 1
92 395 1
92 692 1
92 709 1
92 799 1
93 140 1
93 145 1
93 229 1
93 379 1
93 479 1
93 495 1
93 619 1
93 688 1
93 711 1
93 748 1
93 982 1
94 311 1
94 312 1
94 359 1
94 479 1
94 637 1
94 659 1
94 706 1
94 906 1
94 917 1
95 100 1
95 111 1
95 145 1
95 227 1
95 230 1
95 253 1
95 352 1
95 433 1
95 445 1
95 504 1
95 517 1
95 527 1
95 529 1
95 539 1
95 674 1
95 814 1
96 109 1
96 137 1
96 150 1
96 244 1
96 366 1
96 381 1
96 676 1
96 770 1
97 251 1
97 296 1
97 403 1
97 565 1
97 582 1
97 706 1
98 137 1
98 155 1
98 169 1
98 175 1
98 218 1
98 241 1
98 245 1
98 291 1
98 301 1
98 336 1
98 338 1
98 339 1
98 536 1
98 565 1
98 589 1
98 600 1
98 744 1
98 840 1
99 598 1
99 695 1
100 112 1
100 145 1
100 203 1
100 249 1
100 364 1
100 425 1
100 428 1
100 457 1
100 536 1
100 606 1
100 615 1
100 653 1
100 657 1
100 901 1
100 965 1
100 969 1
101 119 1
101 141 1
101 142 1
101 221 1
101 240 1
101 288 1
101 309 1
101 310 1
101 315 1
101 390 1
101 424 1
101 443 1
101 483 1
101 501 1
101 717 1
101 784 1
101 924 1
101 952 1
101 956 1
102 114 1
102 117 1
102 172 1
102 183 1
102 223 1
102 236 1
102 300 1
102 404 1
102 517 1
102 622 1
102 731 1
102 887 1
102 981 1
103 150 1
103 199 1
103 311 1
103 346 1
103 373 1
103 417 1
103 423 1
103 546 1
103 565 1
103 576 1
103 798 1
103 924 1
103 939 1
103 968 1
104 116 1
104 334 1
104 413 1
104 480 1
104 557 1
104 681 1
104 713 1
105 293 1
105 357 1
105 413 1
105 470 1
105 569 1
105 685 1
105 728 1
106 116 1
106 144 1
106 189 1
106 197 1
106 220 1
106 229 1
106 235 1
106 262 1
106 300 1
106 339 1
106 347 1
106 378 1
106 426 1
106 463 1
106 511 1
106 594 1
106 644 1
106 791 1
106 834 1
107 401 1
107 475 1
107 560 1
107 807 1
108 118 1
108 157 1
108 223 1
108 266 1
108 319 1
108 455 1
108 471 1
108 556 1
108 571 1
108 600 1
108 762 1
108 786 1
108 848 1
108 913 1
108 982 1
109 122 1
109 129 1
109 166 1
109 273 1
109 279 1
109 429 1
109 466 1
109 524 1
109 588 1
109 594 1
109 642 1
109 693 1
109 759 1
109 774 1
109 865 1
109 919 1
109 989 1
110 152 1
110 171 1
110 577 1
110 605 1
110 609 1
110 678 1
111 213 1
111 237 1
111 284 1
111 342 1
111 371 1
111 533 1
111 644 1
111 747 1
111 966 1
111 980 1
112 146 1
112 228 1
112 398 1
112 579 1
112 652 1
112 682 1
113 114 1
113 178 1
113 207 1
113 208 1
113 231 1
113 238 1
113 244 1
113 292 1
113 503 1
113 540 1
113 686 1
113 751 1
113 777 1
113 783 1
113 825 1
113 837 1
114 216 1
114 314 1
114 409 1
114 430 1
114 523 1
114 538 1
114 642 1
114 643 1
114 746 1
114 757 1
114 811 1
114 832 1
114 942 1
114 956 1
115 154 1
115 199 1
115 255 1
115 275 1
115 348 1
115 550 1
115 958 1
116 313 1
116 404 1
116 419 1
116 554 1
117 140 1
117 334 1
117 393 1
117 482 1
117 656 1
117 767 1
117 788 1
118 450 1
118 689 1
118 971 1
118 991 1
119 151 1
119 162 1
119 243 1
119 247 1
119 310 1
119 331 1
119 346 1
119 604 1
119 627 1
119 765 1
119 865 1
119 909 1
119 963 1
120 154 1
120 207 1
120 396 1
120 443 1
120 600 1
120 605 1
120 834 1
120 847 1
121 132 1
121 134 1
121 147 1
121 187 1
121 226 1
121 231 1
121 235 1
121 239 1
121 276 1
121 284 1
121 319 1
121 367 1
121 432 1
121 464 1
121 470 1
121 517 1
121 575 1
121 618 1
121 639 1
121 666 1
121 672 1
121 712 1
121 727 1
121 812 1
121 905 1
121 997 1
122 221 1
122 384 1
122 446 1
122 661 1
122 752 1
122 764 1
122 775 1
122 777 1
122 790 1
122 932 1
123 147 1
123 164 1
123 180 1
123 271 1
123 292 1
123 325 1
123 518 1
123 522 1
123 748 1
123 809 1
123 848 1
124 143 1
124 144 1
124 149 1
124 157 1
124 194 1
124 205 1
124 222 1
124 252 1
124 276 1
124 319 1
124 343 1
124 351 1
124 375 1
124 416 1
124 445 1
124 460 1
124 474 1
124 511 1
124 523 1
124 534 1
124 573 1
124 603 1
124 641 1
124 788 1
124 870 1
124 900 1
124 918 1
124 948 1
124 990 1
125 130 1
125 164 1
125 228 1
125 279 1
125 428 1
125 487 1
125 499 1
125 647 1
125 657 1
125 892 1
126 142 1
126 155 1
126 165 1
126 182 1
126 230 1
126 232 1
126 241 1
126 263 1
126 294 1
126 377 1
126 518 1
126 677 1
126 995 1
127 251 1
127 254 1
127 362 1
127 588 1
127 774 1
127 836 1
128 231 1
128 349 1
128 379 1
128 415 1
128 447 1
128 451 1
129 194 1
129 268 1
129 795 1
129 829 1
129 905 1
129 914 1
129 985 1
130 141 1
130 280 1
130 308 1
130 341 1
130 353 1
130 446 1
130 667 1
130 699 1
130 715 1
130 751 1
130 805 1
130 821 1
130 854 1
130 940 1
131 240 1
131 256 1
131 281 1
131 321 1
131 329 1
131 353 1
131 390 1
131 462 1
131 607 1
131 707 1
131 713 1
131 857 1
131 974 1
132 133 1
132 196 1
132 207 1
132 281 1
132 378 1
132 438 1
132 516 1
132 590 1
132 629 1
132 693 1
133 143 1
133 275 1
133 323 1
133 423 1
133 575 1
134 328 1
134 337 1
135 155 1
135 299 1
135 310 1
135 452 1
135 508 1
135 555 1
135 703 1
135 924 1
136 375 1
136 423 1
136 505 1
136 709 1
136 904 1
137 400 1
137 498 1
137 529 1
137 611 1
137 634 1
137 646 1
137 828 1
137 970 1
137 990 1
137 998 1
138 211 1
138 312 1
138 411 1
138 480 1
138 651 1
138 789 1
138 917 1
139 140 1
139 259 1
139 340 1
139 356 1
139 448 1
139 510 1
139 543 1
139 551 1
139 687 1
139 858 1
139 946 1
140 193 1
140 210 1
140 224 1
140 249 1
140 295 1
140 301 1
140 421 1
140 510 1
140 632 1
141 491 1
141 601 1
141 642 1
142 153 1
142 285 1
142 301 1
142 333 1
142 354 1
142 356 1
142 522 1
142 609 1
142 709 1
142 840 1
143 148 1
143 151 1
143 152 1
143 222 1
143 300 1
143 311 1
143 424 1
143 511 1
143 524 1
143 653 1
143 705 1
143 826 1
143 927 1
144 194 1
144 324 1
144 327 1
144 682 1
145 161 1
145 222 1
145 226 1
145 266 1
145 438 1
145 557 1
145 622 1
145 750 1
145 778 1
145 885 1
145 932 1
145 936 1
146 257 1
146 373 1
146 405 1
146 465 1
146 682 1
146 824 1
147 168 1
147 272 1
147 297 1
147 320 1
147 379 1
147 386 1
147 437 1
147 448 1
147 824 1
147 928 1
147 948 1
147 981 1
148 201 1
148 395 1
148 408 1
148 414 1
148 564 1
148 911 1
148 964 1
149 160 1
149 288 1
149 303 1
149 323 1
149 530 1
149 571 1
149 599 1
149 608 1
149 629 1
149 636 1
149 798 1
149 948 1
150 165 1
150 203 1
150 234 1
150 322 1
150 357 1
150 428 1
150 432 1
150 440 1
150 446 1
150 459 1
150 509 1
150 711 1
150 730 1
150 959 1
151 163 1
151 181 1
151 221 1
151 253 1
151 262 1
151 282 1
151 758 1
151 799 1
151 893 1
151 999 1
152 239 1
152 269 1
152 409 1
152 667 1
152 701 1
153 167 1
153 234 1
153 718 1
154 159 1
154 199 1
154 213 1
154 261 1
154 270 1
154 287 1
154 348 1
154 491 1
154 498 1
154 519 1
154 580 1
154 677 1
154 696 1
154 823 1
154 845 1
154 872 1
154 934 1
155 180 1
155 323 1
155 352 1
155 444 1
155 461 1
155 554 1
155 570 1
155 585 1
155 698 1
155 743 1
155 889 1
155 956 1
156 241 1
157 172 1
157 204 1
157 556 1
157 827 1
158 170 1
158 197 1
158 333 1
158 344 1
158 413 1
158 489 1
159 201 1
159 212 1
159 249 1
159 272 1
159 302 1
159 377 1
159 383 1
159 404 1
159 485 1
159 500 1
159 514 1
159 563 1
159 570 1
159 711 1
159 782 1
159 809 1
159 814 1
160 429 1
160 514 1
160 824 1
161 192 1
161 251 1
161 281 1
161 294 1
161 362 1
161 388 1
161 400 1
161 665 1
161 846 1
161 870 1
162 163 1
162 234 1
162 638 1
162 696 1
163 168 1
163 195 1
163 208 1
163 250 1
163 343 1
163 359 1
163 366 1
163 433 1
163 585 1
164 223 1
164 477 1
164 514 1
164 541 1
164 572 1
164 626 1
164 645 1
165 246 1
165 305 1
165 399 1
165 520 1
165 521 1
165 589 1
165 704 1
165 722 1
165 736 1
165 845 1
166 184 1
166 252 1
166 456 1
166 788 1
166 957 1
167 247 1
167 258 1
167 445 1
167 732 1
167 745 1
167 779 1
167 891 1
168 184 1
168 185 1
168 191 1
168 193 1
168 218 1
168 249 1
168 334 1
168 335 1
168 366 1
168 504 1
168 766 1
168 785 1
168 796 1
169 225 1
169 234 1
169 241 1
169 250 1
169 254 1
169 276 1
169 312 1
169 467 1
171 257 1
171 320 1
171 367 1
171 372 1
171 442 1
171 520 1
171 548 1
171 592 1
171 625 1
171 628 1
171 629 1
171 696 1
171 735 1
171 821 1
171 836 1
172 288 1
172 771 1
172 782 1
173 240 1
173 321 1
173 627 1
173 925 1
174 221 1
174 292 1
174 768 1
174 982 1
175 210 1
175 311 1
175 348 1
175 541 1
175 555 1
175 563 1
175 756 1
176 265 1
176 278 1
176 350 1
176 477 1
176 521 1
176 562 1
176 675 1
177 181 1
177 277 1
177 464 1
177 795 1
177 923 1
177 936 1
178 663 1
178 732 1
179 257 1
179 810 1
180 350 1
180 354 1
181 367 1
181 462 1
181 514 1
181 664 1
182 196 1
182 279 1
182 299 1
182 530 1
182 641 1
182 661 1
182 733 1
182 735 1
182 878 1
182 943 1
183 217 1
183 235 1
183 252 1
183 328 1
183 396 1
183 399 1
183 436 1
183 586 1
183 615 1
183 746 1
183 992 1
183 993 1
184 188 1
184 436 1
184 447 1
184 551 1
184 961 1
184 979 1
185 250 1
185 259 1
185 301 1
185 326 1
185 441 1
185 507 1
185 525 1
185 599 1
185 878 1
185 917 1
186 281 1
186 459 1
186 529 1
186 792 1
186 881 1
186 938 1
187 502 1
187 583 1
187 686 1
187 735 1
188 210 1
188 214 1
188 223 1
188 291 1
188 377 1
188 380 1
188 394 1
189 261 1
189 308 1
189 484 1
189 510 1
189 617 1
189 689 1
190 208 1
191 700 1
192 227 1
192 307 1
192 458 1
192 617 1
192 682 1
192 789 1
192 843 1
193 196 1
193 263 1
193 388 1
193 582 1
193 672 1
193 689 1
193 938 1
194 320 1
194 370 1
194 432 1
194 581 1
195 251 1
195 326 1
195 678 1
195 734 1
195 954 1
196 239 1
196 296 1
196 368 1
196 392 1
196 425 1
196 515 1
196 543 1
196 915 1
196 976 1
197 280 1
197 282 1
197 357 1
197 370 1
197 468 1
197 500 1
197 566 1
198 265 1
198 279 1
198 583 1
198 794 1
198 910 1
199 293 1
200 298 1
200 304 1
200 403 1
200 487 1
201 252 1
201 291 1
201 453 1
201 562 1
201 586 1
201 685 1
201 798 1
201 860 1
201 958 1
201 963 1
202 262 1
202 467 1
202 870 1
202 946 1
203 246 1
203 286 1
203 350 1
203 355 1
203 392 1
203 502 1
203 658 1
203 762 1
203 933 1
204 208 1
204 347 1
204 470 1
204 489 1
204 550 1
204 595 1
204 650 1
204 656 1
204 684 1
204 715 1
204 800 1
204 805 1
204 833 1
204 876 1
204 883 1
204 922 1
204 939 1
204 948 1
205 451 1
205 557 1
205 606 1
205 844 1
205 906 1
206 210 1
206 236 1
206 319 1
206 344 1
206 462 1
206 636 1
206 658 1
206 752 1
206 764 1
206 781 1
206 835 1
206 922 1
207 401 1
207 532 1
207 648 1
207 925 1
208 431 1
208 523 1
208 590 1
208 997 1
209 316 1
209 369 1
209 822 1
209 927 1
210 267 1
210 363 1
210 525 1
210 620 1
210 863 1
210 875 1
210 912 1
211 214 1
211 602 1
211 845 1
211 857 1
212 383 1
212 442 1
212 447 1
212 566 1
212 929 1
213 286 1
213 431 1
213 475 1
213 626 1
214 283 1
214 991 1
215 581 1
216 274 1
216 327 1
216 337 1
216 372 1
216 387 1
216 647 1
216 923 1
217 296 1
217 385 1
217 398 1
217 409 1
217 421 1
217 436 1
217 544 1
217 571 1
217 577 1
217 704 1
217 734 1
217 786 1
217 968 1
218 273 1
218 313 1
218 506 1
218 519 1
218 704 1
218 716 1
218 759 1
218 900 1
218 962 1
218 987 1
219 220 1
219 226 1
219 243 1
219 273 1
219 346 1
219 484 1
219 505 1
219 759 1
219 769 1
220 243 1
220 321 1
220 489 1
220 532 1
220 797 1
220 883 1
220 890 1
220 918 1
220 976 1
221 258 1
221 296 1
221 542 1
221 600 1
221 648 1
222 227 1
222 303 1
222 588 1
222 680 1
222 710 1
222 715 1
222 959 1
222 989 1
223 445 1
223 708 1
224 258 1
224 340 1
224 668 1
224 762 1
225 267 1
225 269 1
225 368 1
225 451 1
225 455 1
225 613 1
225 667 1
225 793 1
226 260 1
226 308 1
226 543 1
226 576 1
226 579 1
226 616 1
226 639 1
226 831 1
227 537 1
227 622 1
227 699 1
227 702 1
227 773 1
228 452 1
228 922 1
229 341 1
229 552 1
229 612 1
229 632 1
229 654 1
229 817 1
229 849 1
229 853 1
229 954 1
230 729 1
231 360 1
231 541 1
231 580 1
231 768 1
231 936 1
231 987 1
232 390 1
232 543 1
232 700 1
233 272 1
233 281 1
233 299 1
233 450 1
233 716 1
234 384 1
234 494 1
234 535 1
234 698 1
234 883 1
235 355 1
235 443 1
235 526 1
235 574 1
235 655 1
235 920 1
236 375 1
236 458 1
236 545 1
236 886 1
236 893 1
236 909 1
237 289 1
237 336 1
237 339 1
237 461 1
237 531 1
237 611 1
237 620 1
237 647 1
237 683 1
237 818 1
238 322 1
238 529 1
238 675 1
238 797 1
238 824 1
238 876 1
239 399 1
239 988 1
240 247 1
240 396 1
240 898 1
240 946 1
241 407 1
241 415 1
241 417 1
241 420 1
241 525 1
241 736 1
241 780 1
242 945 1
243 248 1
243 264 1
243 272 1
243 351 1
243 432 1
243 822 1
244 276 1
244 549 1
244 837 1
245 366 1
245 640 1
245 785 1
246 407 1
246 845 1
247 288 1
247 326 1
247 356 1
247 513 1
247 866 1
247 877 1
248 270 1
248 311 1
248 344 1
248 347 1
248 450 1
248 506 1
248 655 1
248 710 1
248 745 1
248 795 1
248 916 1
248 962 1
249 387 1
249 462 1
249 488 1
249 595 1
249 640 1
249 648 1
249 836 1
249 841 1
250 289 1
250 318 1
250 414 1
250 591 1
250 744 1
251 332 1
251 477 1
251 491 1
251 544 1
251 585 1
251 741 1
251 765 1
251 878 1
251 994 1
252 295 1
252 465 1
252 523 1
252 527 1
252 581 1
252 582 1
252 772 1
253 265 1
253 278 1
253 298 1
253 348 1
253 356 1
253 381 1
253 444 1
253 473 1
253 505 1
253 620 1
253 634 1
253 803 1
253 848 1
254 332 1
254 443 1
254 531 1
254 652 1
254 926 1
255 318 1
255 439 1
255 452 1
255 937 1
255 958 1
256 410 1
256 470 1
256 541 1
256 684 1
257 429 1
257 560 1
257 610 1
257 624 1
257 772 1
257 794 1
258 280 1
258 317 1
258 368 1
258 437 1
258 688 1
258 754 1
258 817 1
258 919 1
259 265 1
259 290 1
259 495 1
259 496 1
259 697 1
259 881 1
260 274 1
260 572 1
260 629 1
260 658 1
261 273 1
261 293 1
261 590 1
261 931 1
261 965 1
262 335 1
262 398 1
262 441 1
262 569 1
262 602 1
262 611 1
262 631 1
262 760 1
262 769 1
262 847 1
262 983 1
263 397 1
263 433 1
263 723 1
264 533 1
264 740 1
265 362 1
265 513 1
265 572 1
265 714 1
265 826 1
266 411 1
267 284 1
267 322 1
267 338 1
267 403 1
267 422 1
267 439 1
267 550 1
267 553 1
267 893 1
267 945 1
267 988 1
267 992 1
268 337 1
268 372 1
268 442 1
268 619 1
268 878 1
269 617 1
269 897 1
270 338 1
270 549 1
270 685 1
270 799 1
271 370 1
271 485 1
271 597 1
271 697 1
271 941 1
272 537 1
272 798 1
272 971 1
272 998 1
273 495 1
273 496 1
273 770 1
273 816 1
274 483 1
274 640 1
275 296 1
275 316 1
275 318 1
275 329 1
275 357 1
275 423 1
275 504 1
275 539 1
275 869 1
275 887 1
275 908 1
276 636 1
276 832 1
276 912 1
276 920 1
277 362 1
277 409 1
277 423 1
277 434 1
277 645 1
277 835 1
278 417 1
278 783 1
278 793 1
279 464 1
279 902 1
279 977 1
280 668 1
280 879 1
281 361 1
281 518 1
281 674 1
282 307 1
282 312 1
282 430 1
282 781 1
282 885 1
282 970 1
282 990 1
283 508 1
284 426 1
285 471 1
285 899 1
286 317 1
286 447 1
286 454 1
286 531 1
286 706 1
286 711 1
286 863 1
286 903 1
287 721 1
289 662 1
289 840 1
289 908 1
289 938 1
290 306 1
290 383 1
290 422 1
290 588 1
290 624 1
290 727 1
290 764 1
291 309 1
291 340 1
291 578 1
291 653 1
291 731 1
292 435 1
292 704 1
292 841 1
293 327 1
293 402 1
293 560 1
293 643 1
293 740 1
293 760 1
293 944 1
294 919 1
295 513 1
295 540 1
295 546 1
295 565 1
295 637 1
295 736 1
295 770 1
295 807 1
295 871 1
295 951 1
296 314 1
296 946 1
297 437 1
297 671 1
298 302 1
298 358 1
298 394 1
298 482 1
298 558 1
298 726 1
298 782 1
298 856 1
298 896 1
299 405 1
299 575 1
299 597 1
299 758 1
299 975 1
300 396 1
300 442 1
300 956 1
301 342 1
301 357 1
301 376 1
301 526 1
301 549 1
301 686 1
301 687 1
301 742 1
301 818 1
302 360 1
302 646 1
302 673 1
302 890 1
303 431 1
303 674 1
303 786 1
304 359 1
304 602 1
304 860 1
305 318 1
305 330 1
305 342 1
305 427 1
305 463 1
305 488 1
305 502 1
305 541 1
305 614 1
305 630 1
305 708 1
305 787 1
305 955 1
307 316 1
307 608 1
307 732 1
308 336 1
308 614 1
308 770 1
308 992 1
309 416 1
309 454 1
309 561 1
309 565 1
309 635 1
309 842 1
310 482 1
311 378 1
311 409 1
311 521 1
311 553 1
311 655 1
311 701 1
311 730 1
311 758 1
311 912 1
312 326 1
312 332 1
312 371 1
312 467 1
312 471 1
312 480 1
312 509 1
312 747 1
312 802 1
313 365 1
313 502 1
313 800 1
314 343 1
314 425 1
314 784 1
314 918 1
315 342 1
315 418 1
315 998 1
316 702 1
317 351 1
317 453 1
317 594 1
317 730 1
317 849 1
318 359 1
318 382 1
318 509 1
318 649 1
318 692 1
319 488 1
319 546 1
319 579 1
319 626 1
319 961 1
320 352 1
320 848 1
321 536 1
321 578 1
323 399 1
323 834 1
324 427 1
324 469 1
324 896 1
324 954 1
325 386 1
325 567 1
325 650 1
325 691 1
325 850 1
325 910 1
326 432 1
326 877 1
327 386 1
327 512 1
327 633 1
328 425 1
328 469 1
328 474 1
328 755 1
329 415 1
329 435 1
329 458 1
329 490 1
329 593 1
329 825 1
329 914 1
329 968 1
330 342 1
330 373 1
330 407 1
330 499 1
330 724 1
330 954 1
330 984 1
331 350 1
331 381 1
331 545 1
331 639 1
331 684 1
332 612 1
332 725 1
332 908 1
333 412 1
333 466 1
333 653 1
333 831 1
333 903 1
334 456 1
334 940 1
335 957 1
336 455 1
336 609 1
336 669 1
336 691 1
336 753 1
336 896 1
336 989 1
337 642 1
337 916 1
338 469 1
338 858 1
338 884 1
339 465 1
339 850 1
340 799 1
342 607 1
342 714 1
342 835 1
342 938 1
342 940 1
343 365 1
343 438 1
343 767 1
344 419 1
345 566 1
346 576 1
346 911 1
346 971 1
347 354 1
347 364 1
347 444 1
347 528 1
347 591 1
347 918 1
347 950 1
347 983 1
348 420 1
349 537 1
349 926 1
350 533 1
350 646 1
350 663 1
350 886 1
351 439 1
352 548 1
352 564 1
352 719 1
352 753 1
353 527 1
353 954 1
354 474 1
355 358 1
355 456 1
356 424 1
356 681 1
357 411 1
357 562 1
357 626 1
358 473 1
358 475 1
358 535 1
358 538 1
358 603 1
359 393 1
359 473 1
359 521 1
359 611 1
360 507 1
360 585 1
360 660 1
360 828 1
360 895 1
360 933 1
361 369 1
361 492 1
361 548 1
361 708 1
361 909 1
362 381 1
362 608 1
362 734 1
363 623 1
364 619 1
364 776 1
364 944 1
365 455 1
365 985 1
365 991 1
366 777 1
366 830 1
367 531 1
368 978 1
369 373 1
369 406 1
369 416 1
372 397 1
372 505 1
372 542 1
372 655 1
372 791 1
372 793 1
372 842 1
373 389 1
373 481 1
373 618 1
373 728 1
373 869 1
374 426 1
374 530 1
374 676 1
374 825 1
375 488 1
375 889 1
377 633 1
377 656 1
377 999 1
378 578 1
378 662 1
378 687 1
378 921 1
378 942 1
378 957 1
379 408 1
379 438 1
379 700 1
381 401 1
381 685 1
381 858 1
381 898 1
381 944 1
382 390 1
384 601 1
384 846 1
385 408 1
385 499 1
385 639 1
385 789 1
386 582 1
386 966 1
386 979 1
387 476 1
387 849 1
388 410 1
388 848 1
388 890 1
388 929 1
389 422 1
389 459 1
390 458 1
390 618 1
390 625 1
390 762 1
391 610 1
392 542 1
392 594 1
392 722 1
392 955 1
393 400 1
393 530 1
394 699 1
395 673 1
395 816 1
396 421 1
396 498 1
396 739 1
396 780 1
396 861 1
396 990 1
397 504 1
398 512 1
398 528 1
398 561 1
398 603 1
398 615 1
398 751 1
398 855 1
398 874 1
399 576 1
399 751 1
400 500 1
400 750 1
400 835 1
402 613 1
402 717 1
403 649 1
404 723 1
405 712 1
405 898 1
405 959 1
406 435 1
406 535 1
407 453 1
407 528 1
407 559 1
407 738 1
407 754 1
407 838 1
410 660 1
410 800 1
410 942 1
410 983 1
411 775 1
412 414 1
413 472 1
414 449 1
414 533 1
414 741 1
414 844 1
414 884 1
415 643 1
415 866 1
415 899 1
415 951 1
416 546 1
416 656 1
416 672 1
416 760 1
416 857 1
416 873 1
416 894 1
417 508 1
417 661 1
417 947 1
417 960 1
418 516 1
418 691 1
419 735 1
419 939 1
420 449 1
421 690 1
421 763 1
422 534 1
422 592 1
422 756 1
422 823 1
424 524 1
424 537 1
424 558 1
424 894 1
424 895 1
425 687 1
425 700 1
425 801 1
426 497 1
426 664 1
427 659 1
427 787 1
427 854 1
427 874 1
427 879 1
427 987 1
428 440 1
428 469 1
428 843 1
428 922 1
429 593 1
430 489 1
431 604 1
432 520 1
432 662 1
432 982 1
433 833 1
433 949 1
434 489 1
435 513 1
435 572 1
435 739 1
435 747 1
435 916 1
436 714 1
437 654 1
438 799 1
439 492 1
440 465 1
440 749 1
442 461 1
442 484 1
443 597 1
443 636 1
443 733 1
443 806 1
443 880 1
444 579 1
444 598 1
444 684 1
444 716 1
444 830 1
444 881 1
445 473 1
445 476 1
445 517 1
445 634 1
446 516 1
446 888 1
446 953 1
448 449 1
448 532 1
448 534 1
448 629 1
448 753 1
448 925 1
449 508 1
449 708 1
449 858 1
449 933 1
450 797 1
450 934 1
450 994 1
451 784 1
452 591 1
452 628 1
452 637 1
452 717 1
452 779 1
452 844 1
452 936 1
453 761 1
453 911 1
453 976 1
454 797 1
455 471 1
455 729 1
455 867 1
455 993 1
456 894 1
458 482 1
458 527 1
458 990 1
459 584 1
459 791 1
460 498 1
461 747 1
461 797 1
462 524 1
462 650 1
462 844 1
463 750 1
463 904 1
464 558 1
464 760 1
464 763 1
464 952 1
464 968 1
465 479 1
465 516 1
465 551 1
465 562 1
465 706 1
465 865 1
465 866 1
465 885 1
467 602 1
468 512 1
468 545 1
468 737 1
468 866 1
469 815 1
470 860 1
473 575 1
473 673 1
473 703 1
473 735 1
473 805 1
474 681 1
474 742 1
474 855 1
475 587 1
475 761 1
477 705 1
478 519 1
478 590 1
478 985 1
479 528 1
479 540 1
479 574 1
479 609 1
479 696 1
479 935 1
479 945 1
480 520 1
480 659 1
480 737 1
480 987 1
481 490 1
481 494 1
481 651 1
481 950 1
483 966 1
485 516 1
485 535 1
485 627 1
486 539 1
486 633 1
486 720 1
486 774 1
486 997 1
487 659 1
487 740 1
487 996 1
488 568 1
488 592 1
488 731 1
489 705 1
489 950 1
490 511 1
490 598 1
490 607 1
490 652 1
491 547 1
491 681 1
491 683 1
491 931 1
492 563 1
492 638 1
492 680 1
492 738 1
492 741 1
492 801 1
492 942 1
493 720 1
493 740 1
493 769 1
495 518 1
496 737 1
497 548 1
497 630 1
497 660 1
497 775 1
497 895 1
497 979 1
497 986 1
498 776 1
498 825 1
499 641 1
499 707 1
499 709 1
500 678 1
500 756 1
501 856 1
501 984 1
502 664 1
503 561 1
504 778 1
504 977 1
508 646 1
508 828 1
508 857 1
508 906 1
508 907 1
508 961 1
509 679 1
509 805 1
510 560 1
510 718 1
511 583 1
513 999 1
514 609 1
514 791 1
514 806 1
514 887 1
514 944 1
515 538 1
515 606 1
515 645 1
515 652 1
515 676 1
515 852 1
516 546 1
516 813 1
516 960 1
517 553 1
517 586 1
518 564 1
518 594 1
518 662 1
518 968 1
519 547 1
519 685 1
519 833 1
519 926 1
521 630 1
521 924 1
522 995 1
524 583 1
524 643 1
524 749 1
524 771 1
524 986 1
525 580 1
527 809 1
528 705 1
528 713 1
528 941 1
529 780 1
529 819 1
529 977 1
531 715 1
531 801 1
532 603 1
532 726 1
532 773 1
532 979 1
533 858 1
534 718 1
535 589 1
535 599 1
536 613 1
536 625 1
536 638 1
537 654 1
537 701 1
538 665 1
539 586 1
540 574 1
541 675 1
542 853 1
543 955 1
543 965 1
544 633 1
544 783 1
545 610 1
547 669 1
548 605 1
548 624 1
548 856 1
549 676 1
550 855 1
551 570 1
552 679 1
553 563 1
553 667 1
554 743 1
554 993 1
555 665 1
555 727 1
555 1000 1
556 628 1
556 637 1
556 654 1
556 816 1
556 830 1
556 863 1
556 866 1
556 939 1
557 651 1
557 998 1
558 660 1
558 665 1
558 808 1
560 571 1
560 625 1
560 917 1
560 963 1
560 992 1
561 864 1
561 917 1
562 615 1
562 789 1
562 901 1
562 989 1
563 972 1
565 574 1
565 631 1
565 695 1
565 703 1
565 758 1
566 755 1
566 898 1
566 960 1
567 623 1
567 907 1
567 932 1
568 590 1
568 842 1
570 883 1
570 921 1
570 924 1
570 979 1
571 874 1
571 958 1
572 717 1
573 614 1
573 713 1
574 928 1
575 721 1
575 841 1
575 913 1
576 628 1
576 739 1
576 807 1
576 974 1
578 698 1
578 718 1
579 592 1
579 621 1
579 716 1
579 975 1
582 784 1
582 988 1
583 587 1
583 755 1
583 839 1
583 953 1
584 722 1
584 940 1
585 663 1
585 823 1
585 869 1
588 624 1
589 941 1
590 734 1
592 668 1
592 731 1
592 902 1
593 726 1
595 749 1
597 603 1
597 694 1
597 715 1
597 853 1
599 702 1
599 779 1
599 871 1
600 605 1
600 683 1
600 847 1
600 855 1
601 620 1
601 820 1
601 994 1
602 660 1
603 612 1
603 671 1
603 721 1
603 723 1
604 613 1
604 619 1
605 850 1
608 632 1
608 768 1
609 641 1
609 679 1
609 747 1
609 776 1
611 690 1
611 865 1
611 975 1
612 727 1
612 868 1
613 631 1
613 817 1
613 829 1
614 761 1
614 777 1
615 877 1
615 886 1
616 680 1
616 717 1
618 714 1
618 898 1
618 900 1
618 901 1
619 782 1
620 752 1
620 851 1
621 635 1
621 658 1
621 694 1
621 695 1
621 867 1
622 872 1
623 761 1
623 778 1
623 787 1
623 989 1
624 672 1
625 940 1
627 744 1
627 839 1
629 790 1
630 945 1
630 994 1
631 689 1
631 897 1
631 941 1
633 729 1
633 894 1
634 818 1
635 950 1
636 688 1
637 651 1
637 891 1
637 943 1
638 863 1
639 663 1
639 677 1
639 812 1
639 822 1
640 690 1
641 792 1
642 720 1
642 829 1
643 775 1
643 808 1
643 872 1
643 965 1
646 792 1
646 839 1
647 982 1
651 801 1
651 824 1
653 753 1
654 911 1
655 964 1
655 973 1
656 778 1
656 790 1
659 742 1
660 916 1
661 832 1
662 889 1
662 928 1
662 945 1
663 699 1
663 852 1
663 935 1
664 753 1
666 959 1
667 816 1
668 721 1
670 769 1
670 787 1
671 822 1
672 695 1
673 738 1
675 716 1
675 775 1
675 871 1
675 967 1
676 684 1
676 876 1
677 686 1
677 981 1
680 756 1
680 856 1
682 849 1
682 859 1
682 904 1
683 794 1
683 912 1
684 746 1
684 872 1
685 694 1
685 958 1
687 965 1
689 843 1
693 970 1
694 719 1
695 751 1
695 901 1
696 726 1
696 803 1
696 827 1
697 894 1
700 942 1
700 946 1
700 961 1
701 861 1
701 897 1
703 723 1
703 972 1
704 889 1
706 761 1
706 829 1
707 887 1
707 999 1
710 811 1
711 899 1
712 795 1
712 868 1
713 767 1
715 787 1
715 926 1
716 889 1
717 904 1
720 880 1
723 813 1
723 850 1
723 899 1
723 907 1
725 807 1
726 790 1
726 935 1
729 839 1
731 920 1
731 952 1
734 867 1
735 750 1
736 974 1
737 863 1
738 911 1
740 757 1
740 768 1
741 766 1
741 953 1
742 794 1
742 835 1
745 812 1
746 854 1
747 873 1
747 874 1
750 758 1
750 763 1
752 815 1
752 826 1
752 966 1
754 771 1
754 831 1
754 953 1
755 870 1
755 915 1
756 927 1
758 996 1
760 772 1
760 819 1
760 853 1
760 970 1
761 773 1
762 802 1
763 773 1
765 906 1
765 959 1
766 796 1
766 850 1
766 978 1
767 984 1
769 909 1
770 820 1
775 820 1
776 806 1
776 997 1
779 796 1
783 806 1
783 918 1
786 878 1
786 981 1
788 862 1
791 862 1
791 923 1
791 977 1
792 971 1
793 943 1
794 962 1
795 996 1
796 814 1
797 879 1
798 972 1
800 820 1
801 809 1
802 811 1
803 819 1
803 830 1
804 930 1
805 827 1
805 976 1
808 980 1
819 980 1
819 993 1
821 833 1
821 873 1
824 997 1
825 921 1
827 871 1
829 967 1
831 934 1
832 931 1
838 864 1
840 987 1
848 957 1
849 923 1
852 891 1
856 859 1
856 869 1
860 960 1
863 885 1
867 900 1
867 903 1
870 882 1
870 956 1
873 955 1
874 921 1
881 930 1
886 936 1
887 902 1
887 923 1
890 970 1
902 913 1
904 969 1
906 974 1
910 964 1
911 993 1
916 928 1
918 976 1
919 947 1
933 937 1
941 948 1
954 964 1
960 978 1
973 984 1
