1000 4975
1 2 1
1 3 1
1 4 1
1 5 1
1 6 1
1 7 1
1 8 1
1 9 1
1 10 1
1 11 1
1 12 1
1 13 1
1 14 1
1 15 1
1 16 1
1 18 1
1 19 1
1 22 1
1 24 1
1 26 1
1 27 1
1 28 1
1 30 1
1 34 1
1 36 1
1 37 1
1 42 1
1 45 1
1 49 1
1 50 1
1 51 1
1 52 1
1 60 1
1 64 1
1 66 1
1 71 1
1 72 1
1 78 1
1 85 1
1 87 1
1 90 1
1 93 1
1 94 1
1 102 1
1 108 1
1 111 1
1 134 1
1 135 1
1 145 1
1 155 1
1 165 1
1 167 1
1 174 1
1 175 1
1 189 1
1 206 1
1 211 1
1 215 1
1 221 1
1 226 1
1 232 1
1 237 1
1 247 1
1 249 1
1 252 1
1 255 1
1 256 1
1 259 1
1 262 1
1 266 1
1 269 1
1 283 1
1 289 1
1 292 1
1 309 1
1 319 1
1 322 1
1 344 1
1 352 1
1 357 1
1 362 1
1 367 1
1 383 1
1 385 1
1 386 1
1 391 1
1 394 1
1 395 1
1 403 1
1 412 1
1 413 1
1 428 1
1 434 1
1 435 1
1 446 1
1 447 1
1 448 1
1 452 1
1 456 1
1 460 1
1 463 1
1 477 1
1 478 1
1 484 1
1 491 1
1 494 1
1 498 1
1 500 1
1 527 1
1 536 1
1 547 1
1 559 1
1 564 1
1 576 1
1 606 1
1 632 1
1 633 1
1 635 1
1 636 1
1 648 1
1 662 1
1 663 1
1 681 1
1 686 1
1 695 1
1 718 1
1 750 1
1 756 1
1 757 1
1 761 1
1 769 1
1 780 1
1 790 1
1 794 1
1 827 1
1 845 1
1 853 1
1 854 1
1 859 1
1 865 1
1 882 1
1 903 1
1 913 1
1 917 1
1 921 1
1 926 1
1 948 1
1 950 1
1 973 1
2 11 1
2 19 1
2 20 1
2 86 1
2 260 1
2 388 1
2 713 1
2 752 1
2 810 1
2 921 1
3 7 1
3 8 1
3 9 1
3 10 1
3 11 1
3 12 1
3 15 1
3 17 1
3 18 1
3 21 1
3 25 1
3 29 1
3 38 1
3 47 1
3 57 1
3 84 1
3 85 1
3 97 1
3 117 1
3 118 1
3 129 1
3 133 1
3 146 1
3 150 1
3 187 1
3 188 1
3 211 1
3 233 1
3 240 1
3 250 1
3 267 1
3 280 1
3 297 1
3 306 1
3 359 1
3 411 1
3 437 1
3 442 1
3 465 1
3 514 1
3 533 1
3 623 1
3 669 1
3 697 1
3 707 1
3 723 1
3 856 1
3 899 1
3 935 1
3 945 1
4 7 1
4 8 1
4 10 1
4 13 1
4 14 1
4 15 1
4 21 1
4 22 1
4 25 1
4 33 1
4 34 1
4 38 1
4 48 1
4 51 1
4 56 1
4 64 1
4 69 1
4 71 1
4 88 1
4 105 1
4 112 1
4 130 1
4 134 1
4 144 1
4 146 1
4 153 1
4 162 1
4 169 1
4 170 1
4 178 1
4 182 1
4 187 1
4 192 1
4 225 1
4 229 1
4 232 1
4 260 1
4 294 1
4 295 1
4 297 1
4 321 1
4 344 1
4 357 1
4 359 1
4 363 1
4 365 1
4 371 1
4 374 1
4 390 1
4 397 1
4 398 1
4 455 1
4 465 1
4 468 1
4 483 1
4 495 1
4 496 1
4 527 1
4 544 1
4 558 1
4 560 1
4 563 1
4 566 1
4 607 1
4 614 1
4 657 1
4 658 1
4 674 1
4 681 1
4 683 1
4 690 1
4 691 1
4 704 1
4 709 1
4 712 1
4 720 1
4 725 1
4 782 1
4 848 1
4 914 1
4 937 1
4 973 1
4 978 1
5 7 1
5 8 1
5 9 1
5 18 1
5 36 1
5 48 1
5 52 1
5 64 1
5 65 1
5 106 1
5 111 1
5 148 1
5 149 1
5 153 1
5 192 1
5 206 1
5 208 1
5 227 1
5 253 1
5 277 1
5 286 1
5 295 1
5 325 1
5 330 1
5 341 1
5 362 1
5 424 1
5 479 1
5 511 1
5 542 1
5 563 1
5 643 1
5 657 1
5 686 1
5 772 1
5 803 1
5 866 1
5 874 1
5 896 1
5 906 1
5 916 1
6 7 1
6 54 1
6 66 1
6 85 1
6 93 1
6 96 1
6 105 1
6 132 1
6 196 1
6 202 1
6 221 1
6 244 1
6 414 1
6 425 1
6 441 1
6 443 1
6 445 1
6 470 1
6 518 1
6 538 1
6 575 1
6 681 1
6 771 1
6 775 1
6 777 1
6 997 1
7 8 1
7 9 1
7 10 1
7 11 1
7 14 1
7 16 1
7 20 1
7 22 1
7 23 1
7 24 1
7 28 1
7 30 1
7 31 1
7 33 1
7 34 1
7 35 1
7 36 1
7 40 1
7 41 1
7 43 1
7 47 1
7 55 1
7 61 1
7 68 1
7 69 1
7 70 1
7 72 1
7 73 1
7 78 1
7 80 1
7 92 1
7 93 1
7 99 1
7 104 1
7 109 1
7 113 1
7 118 1
7 121 1
7 123 1
7 134 1
7 139 1
7 149 1
7 150 1
7 161 1
7 168 1
7 170 1
7 181 1
7 185 1
7 191 1
7 212 1
7 217 1
7 223 1
7 224 1
7 236 1
7 249 1
7 251 1
7 266 1
7 268 1
7 282 1
7 291 1
7 293 1
7 302 1
7 309 1
7 311 1
7 313 1
7 314 1
7 315 1
7 317 1
7 356 1
7 412 1
7 414 1
7 416 1
7 422 1
7 429 1
7 435 1
7 438 1
7 444 1
7 446 1
7 448 1
7 460 1
7 475 1
7 489 1
7 497 1
7 502 1
7 510 1
7 512 1
7 513 1
7 524 1
7 528 1
7 542 1
7 552 1
7 553 1
7 575 1
7 576 1
7 578 1
7 606 1
7 610 1
7 612 1
7 637 1
7 654 1
7 668 1
7 695 1
7 699 1
7 722 1
7 726 1
7 750 1
7 759 1
7 779 1
7 780 1
7 783 1
7 787 1
7 792 1
7 803 1
7 804 1
7 832 1
7 859 1
7 867 1
7 868 1
7 875 1
7 877 1
7 904 1
7 938 1
7 939 1
7 950 1
7 984 1
7 988 1
7 997 1
8 9 1
8 10 1
8 11 1
8 12 1
8 16 1
8 17 1
8 22 1
8 24 1
8 26 1
8 27 1
8 48 1
8 49 1
8 57 1
8 58 1
8 62 1
8 63 1
8 72 1
8 75 1
8 81 1
8 83 1
8 100 1
8 145 1
8 147 1
8 154 1
8 161 1
8 162 1
8 168 1
8 177 1
8 180 1
8 192 1
8 203 1
8 204 1
8 256 1
8 258 1
8 345 1
8 372 1
8 375 1
8 397 1
8 422 1
8 423 1
8 459 1
8 461 1
8 485 1
8 520 1
8 535 1
8 572 1
8 579 1
8 590 1
8 648 1
8 661 1
8 689 1
8 702 1
8 722 1
8 753 1
8 771 1
8 802 1
8 856 1
8 924 1
8 939 1
8 987 1
9 12 1
9 14 1
9 15 1
9 16 1
9 17 1
9 20 1
9 30 1
9 35 1
9 37 1
9 39 1
9 58 1
9 59 1
9 62 1
9 63 1
9 75 1
9 76 1
9 79 1
9 81 1
9 82 1
9 87 1
9 88 1
9 89 1
9 105 1
9 126 1
9 136 1
9 155 1
9 180 1
9 192 1
9 208 1
9 215 1
9 241 1
9 248 1
9 250 1
9 266 1
9 271 1
9 298 1
9 310 1
9 317 1
9 349 1
9 356 1
9 357 1
9 377 1
9 396 1
9 398 1
9 410 1
9 414 1
9 515 1
9 529 1
9 591 1
9 767 1
9 777 1
9 795 1
9 822 1
9 827 1
9 866 1
9 867 1
9 884 1
9 892 1
9 994 1
10 13 1
10 15 1
10 16 1
10 17 1
10 18 1
10 23 1
10 25 1
10 28 1
10 32 1
10 35 1
10 37 1
10 42 1
10 53 1
10 63 1
10 71 1
10 77 1
10 81 1
10 92 1
10 112 1
10 116 1
10 133 1
10 141 1
10 142 1
10 150 1
10 154 1
10 156 1
10 172 1
10 184 1
10 225 1
10 254 1
10 271 1
10 290 1
10 298 1
10 329 1
10 339 1
10 346 1
10 348 1
10 352 1
10 368 1
10 377 1
10 406 1
10 412 1
10 413 1
10 416 1
10 443 1
10 454 1
10 462 1
10 518 1
10 528 1
10 540 1
10 558 1
10 572 1
10 579 1
10 592 1
10 597 1
10 599 1
10 627 1
10 678 1
10 682 1
10 697 1
10 704 1
10 712 1
10 731 1
10 749 1
10 750 1
10 791 1
10 807 1
10 813 1
10 820 1
10 949 1
10 978 1
10 995 1
11 12 1
11 13 1
11 14 1
11 18 1
11 21 1
11 25 1
11 31 1
11 38 1
11 41 1
11 43 1
11 45 1
11 47 1
11 52 1
11 54 1
11 57 1
11 76 1
11 77 1
11 116 1
11 163 1
11 189 1
11 191 1
11 195 1
11 196 1
11 199 1
11 211 1
11 224 1
11 264 1
11 311 1
11 322 1
11 332 1
11 333 1
11 347 1
11 350 1
11 366 1
11 368 1
11 430 1
11 449 1
11 522 1
11 537 1
11 541 1
11 551 1
11 562 1
11 637 1
11 638 1
11 670 1
11 672 1
11 705 1
11 738 1
11 758 1
11 765 1
11 865 1
11 924 1
11 935 1
12 13 1
12 19 1
12 24 1
12 35 1
12 39 1
12 40 1
12 67 1
12 80 1
12 91 1
12 95 1
12 124 1
12 125 1
12 159 1
12 162 1
12 213 1
12 219 1
12 225 1
12 243 1
12 245 1
12 278 1
12 292 1
12 323 1
12 415 1
12 438 1
12 463 1
12 507 1
12 522 1
12 569 1
12 571 1
12 575 1
12 603 1
12 762 1
12 821 1
12 828 1
12 911 1
12 926 1
12 932 1
13 19 1
13 23 1
13 41 1
13 44 1
13 61 1
13 63 1
13 79 1
13 89 1
13 107 1
13 133 1
13 138 1
13 155 1
13 160 1
13 169 1
13 174 1
13 199 1
13 200 1
13 228 1
13 253 1
13 273 1
13 299 1
13 302 1
13 316 1
13 318 1
13 328 1
13 330 1
13 367 1
13 370 1
13 378 1
13 387 1
13 395 1
13 409 1
13 415 1
13 456 1
13 472 1
13 516 1
13 544 1
13 559 1
13 746 1
13 786 1
13 837 1
13 866 1
13 903 1
13 910 1
13 969 1
13 974 1
13 989 1
14 20 1
14 31 1
14 32 1
14 51 1
14 115 1
14 128 1
14 164 1
14 177 1
14 229 1
14 257 1
14 269 1
14 275 1
14 293 1
14 303 1
14 324 1
14 360 1
14 405 1
14 406 1
14 410 1
14 447 1
14 468 1
14 573 1
14 580 1
14 614 1
14 681 1
14 733 1
14 755 1
14 775 1
14 815 1
14 828 1
14 982 1
15 17 1
15 23 1
15 45 1
15 48 1
15 49 1
15 55 1
15 74 1
15 92 1
15 97 1
15 104 1
15 122 1
15 197 1
15 198 1
15 200 1
15 213 1
15 218 1
15 231 1
15 245 1
15 250 1
15 252 1
15 283 1
15 285 1
15 301 1
15 304 1
15 306 1
15 336 1
15 356 1
15 403 1
15 410 1
15 411 1
15 424 1
15 445 1
15 504 1
15 515 1
15 557 1
15 569 1
15 579 1
15 592 1
15 596 1
15 715 1
15 743 1
15 821 1
15 844 1
15 879 1
15 920 1
15 929 1
15 963 1
15 986 1
16 19 1
16 26 1
16 27 1
16 29 1
16 37 1
16 38 1
16 39 1
16 46 1
16 50 1
16 55 1
16 60 1
16 77 1
16 81 1
16 90 1
16 97 1
16 106 1
16 107 1
16 119 1
16 157 1
16 159 1
16 162 1
16 194 1
16 210 1
16 216 1
16 226 1
16 243 1
16 248 1
16 251 1
16 264 1
16 293 1
16 332 1
16 336 1
16 370 1
16 376 1
16 381 1
16 384 1
16 456 1
16 467 1
16 519 1
16 547 1
16 603 1
16 640 1
16 694 1
16 706 1
16 717 1
16 724 1
16 806 1
16 815 1
16 820 1
16 851 1
16 859 1
16 895 1
16 902 1
16 956 1
16 969 1
16 990 1
17 23 1
17 59 1
17 69 1
17 80 1
17 109 1
17 136 1
17 157 1
17 179 1
17 182 1
17 185 1
17 213 1
17 218 1
17 233 1
17 263 1
17 286 1
17 287 1
17 302 1
17 392 1
17 400 1
17 407 1
17 508 1
17 523 1
17 530 1
17 565 1
17 611 1
17 617 1
17 641 1
17 718 1
17 739 1
17 829 1
17 855 1
17 886 1
18 20 1
18 21 1
18 24 1
18 27 1
18 31 1
18 78 1
18 79 1
18 86 1
18 99 1
18 100 1
18 108 1
18 128 1
18 142 1
18 165 1
18 173 1
18 175 1
18 176 1
18 180 1
18 201 1
18 205 1
18 218 1
18 220 1
18 224 1
18 234 1
18 236 1
18 244 1
18 274 1
18 277 1
18 297 1
18 307 1
18 315 1
18 329 1
18 381 1
18 385 1
18 390 1
18 458 1
18 489 1
18 496 1
18 498 1
18 501 1
18 521 1
18 525 1
18 549 1
18 560 1
18 581 1
18 601 1
18 609 1
18 616 1
18 618 1
18 673 1
18 674 1
18 729 1
18 757 1
18 781 1
18 789 1
18 824 1
18 864 1
18 865 1
18 875 1
18 906 1
18 908 1
18 922 1
18 957 1
19 25 1
19 29 1
19 32 1
19 48 1
19 53 1
19 59 1
19 60 1
19 68 1
19 70 1
19 83 1
19 86 1
19 91 1
19 101 1
19 108 1
19 119 1
19 140 1
19 144 1
19 145 1
19 155 1
19 172 1
19 199 1
19 227 1
19 233 1
19 239 1
19 270 1
19 275 1
19 306 1
19 310 1
19 319 1
19 324 1
19 347 1
19 429 1
19 443 1
19 445 1
19 462 1
19 470 1
19 501 1
19 506 1
19 513 1
19 517 1
19 528 1
19 554 1
19 563 1
19 598 1
19 615 1
19 626 1
19 650 1
19 659 1
19 732 1
19 742 1
19 743 1
19 807 1
19 817 1
19 823 1
19 916 1
19 934 1
19 942 1
19 969 1
19 992 1
19 994 1
20 21 1
20 22 1
20 28 1
20 29 1
20 43 1
20 62 1
20 71 1
20 77 1
20 85 1
20 92 1
20 96 1
20 108 1
20 123 1
20 139 1
20 144 1
20 163 1
20 172 1
20 175 1
20 181 1
20 189 1
20 205 1
20 221 1
20 227 1
20 232 1
20 241 1
20 251 1
20 255 1
20 261 1
20 292 1
20 308 1
20 315 1
20 384 1
20 387 1
20 393 1
20 406 1
20 451 1
20 526 1
20 529 1
20 532 1
20 540 1
20 611 1
20 636 1
20 675 1
20 701 1
20 787 1
20 788 1
20 798 1
20 836 1
20 844 1
20 923 1
20 974 1
21 26 1
21 34 1
21 39 1
21 65 1
21 88 1
21 91 1
21 178 1
21 183 1
21 209 1
21 254 1
21 266 1
21 287 1
21 472 1
21 491 1
21 515 1
21 552 1
21 612 1
21 703 1
21 727 1
21 806 1
21 913 1
21 946 1
21 951 1
22 27 1
22 30 1
22 83 1
22 89 1
22 94 1
22 148 1
22 183 1
22 233 1
22 311 1
22 358 1
22 381 1
22 403 1
22 406 1
22 407 1
22 409 1
22 434 1
22 440 1
22 472 1
22 499 1
22 580 1
22 582 1
22 607 1
22 849 1
22 923 1
22 946 1
23 26 1
23 28 1
23 29 1
23 31 1
23 35 1
23 41 1
23 42 1
23 43 1
23 50 1
23 60 1
23 72 1
23 73 1
23 82 1
23 84 1
23 85 1
23 86 1
23 93 1
23 98 1
23 103 1
23 112 1
23 120 1
23 124 1
23 131 1
23 152 1
23 176 1
23 182 1
23 184 1
23 185 1
23 190 1
23 195 1
23 203 1
23 216 1
23 217 1
23 223 1
23 224 1
23 226 1
23 230 1
23 247 1
23 255 1
23 256 1
23 276 1
23 288 1
23 302 1
23 310 1
23 312 1
23 321 1
23 327 1
23 328 1
23 331 1
23 346 1
23 383 1
23 386 1
23 420 1
23 443 1
23 481 1
23 501 1
23 512 1
23 527 1
23 544 1
23 573 1
23 583 1
23 626 1
23 693 1
23 695 1
23 746 1
23 748 1
23 768 1
23 775 1
23 787 1
23 792 1
23 794 1
23 814 1
23 832 1
23 834 1
23 875 1
23 882 1
23 887 1
23 934 1
23 942 1
23 951 1
24 32 1
24 33 1
24 36 1
24 40 1
24 49 1
24 61 1
24 70 1
24 79 1
24 98 1
24 99 1
24 110 1
24 140 1
24 158 1
24 239 1
24 263 1
24 289 1
24 325 1
24 339 1
24 501 1
24 505 1
24 592 1
24 612 1
24 680 1
24 686 1
24 898 1
24 966 1
25 32 1
25 53 1
25 56 1
25 59 1
25 73 1
25 88 1
25 129 1
25 144 1
25 157 1
25 163 1
25 269 1
25 277 1
25 319 1
25 372 1
25 378 1
25 434 1
25 436 1
25 470 1
25 496 1
25 498 1
25 517 1
25 530 1
25 631 1
25 656 1
25 692 1
25 733 1
25 794 1
25 850 1
25 879 1
25 948 1
26 30 1
26 34 1
26 40 1
26 42 1
26 66 1
26 80 1
26 103 1
26 129 1
26 184 1
26 234 1
26 256 1
26 299 1
26 334 1
26 390 1
26 442 1
26 458 1
26 497 1
26 689 1
26 814 1
26 885 1
26 900 1
26 953 1
26 970 1
27 45 1
27 53 1
27 56 1
27 78 1
27 82 1
27 87 1
27 90 1
27 122 1
27 125 1
27 143 1
27 152 1
27 159 1
27 167 1
27 176 1
27 178 1
27 213 1
27 242 1
27 285 1
27 345 1
27 351 1
27 405 1
27 438 1
27 563 1
27 611 1
27 630 1
27 655 1
27 750 1
27 754 1
27 759 1
27 760 1
27 800 1
27 808 1
27 838 1
27 846 1
27 862 1
27 907 1
27 925 1
27 956 1
27 980 1
28 51 1
28 60 1
28 64 1
28 76 1
28 80 1
28 88 1
28 130 1
28 219 1
28 274 1
28 288 1
28 367 1
28 404 1
28 439 1
28 765 1
28 767 1
28 786 1
29 33 1
29 61 1
29 97 1
29 209 1
29 294 1
29 360 1
29 371 1
29 402 1
29 437 1
29 439 1
29 485 1
29 574 1
29 670 1
29 798 1
29 800 1
29 812 1
29 816 1
29 829 1
29 836 1
29 872 1
29 898 1
29 928 1
29 982 1
29 999 1
30 33 1
30 38 1
30 44 1
30 59 1
30 69 1
30 79 1
30 89 1
30 95 1
30 101 1
30 117 1
30 126 1
30 127 1
30 137 1
30 141 1
30 143 1
30 145 1
30 150 1
30 186 1
30 188 1
30 191 1
30 198 1
30 242 1
30 263 1
30 278 1
30 282 1
30 383 1
30 400 1
30 431 1
30 459 1
30 495 1
30 533 1
30 585 1
30 628 1
30 644 1
30 725 1
30 732 1
30 744 1
30 765 1
30 770 1
30 790 1
30 796 1
30 863 1
30 886 1
30 920 1
31 41 1
31 46 1
31 65 1
31 75 1
31 94 1
31 99 1
31 113 1
31 115 1
31 126 1
31 132 1
31 137 1
31 151 1
31 246 1
31 293 1
31 312 1
31 321 1
31 325 1
31 351 1
31 352 1
31 373 1
31 380 1
31 835 1
31 837 1
31 857 1
31 872 1
32 37 1
32 39 1
32 113 1
32 116 1
32 118 1
32 151 1
32 194 1
32 217 1
32 258 1
32 431 1
32 444 1
32 495 1
32 499 1
32 562 1
32 564 1
32 569 1
32 619 1
32 642 1
32 694 1
32 734 1
32 766 1
32 839 1
32 853 1
32 902 1
32 976 1
33 36 1
33 43 1
33 46 1
33 74 1
33 95 1
33 105 1
33 131 1
33 142 1
33 197 1
33 202 1
33 230 1
33 234 1
33 235 1
33 238 1
33 239 1
33 244 1
33 281 1
33 287 1
33 312 1
33 334 1
33 388 1
33 442 1
33 454 1
33 471 1
33 488 1
33 591 1
33 624 1
33 651 1
33 715 1
33 778 1
33 792 1
33 816 1
33 869 1
33 888 1
33 907 1
33 965 1
33 1000 1
34 67 1
34 76 1
34 84 1
34 173 1
34 226 1
34 272 1
34 457 1
34 576 1
34 629 1
34 732 1
34 818 1
35 40 1
35 44 1
35 50 1
35 120 1
35 272 1
35 323 1
35 376 1
35 400 1
35 503 1
35 587 1
35 680 1
35 738 1
35 814 1
35 993 1
35 995 1
36 44 1
36 74 1
36 133 1
36 139 1
36 198 1
36 214 1
36 223 1
36 282 1
36 358 1
36 471 1
36 652 1
36 770 1
36 908 1
36 948 1
37 50 1
37 68 1
37 73 1
37 75 1
37 119 1
37 164 1
37 207 1
37 277 1
37 348 1
37 353 1
37 449 1
37 474 1
37 597 1
37 638 1
37 667 1
37 737 1
37 786 1
37 796 1
37 847 1
37 951 1
38 65 1
38 94 1
38 122 1
38 150 1
38 178 1
38 285 1
38 308 1
38 328 1
38 378 1
38 394 1
38 432 1
38 478 1
38 490 1
38 496 1
38 509 1
38 643 1
38 649 1
38 828 1
38 842 1
38 914 1
38 932 1
38 975 1
38 984 1
39 53 1
39 55 1
39 86 1
39 87 1
39 91 1
39 120 1
39 137 1
39 162 1
39 167 1
39 176 1
39 229 1
39 280 1
39 324 1
39 326 1
39 465 1
39 516 1
39 618 1
39 689 1
39 698 1
39 743 1
39 753 1
39 808 1
39 829 1
39 881 1
39 973 1
40 42 1
40 44 1
40 45 1
40 56 1
40 57 1
40 58 1
40 70 1
40 71 1
40 76 1
40 77 1
40 98 1
40 103 1
40 106 1
40 140 1
40 153 1
40 166 1
40 187 1
40 207 1
40 233 1
40 265 1
40 295 1
40 361 1
40 389 1
40 392 1
40 415 1
40 513 1
40 549 1
40 626 1
40 669 1
40 690 1
40 804 1
40 834 1
40 947 1
40 998 1
40 1000 1
41 46 1
41 47 1
41 52 1
41 57 1
41 62 1
41 78 1
41 83 1
41 105 1
41 124 1
41 132 1
41 135 1
41 214 1
41 222 1
41 241 1
41 288 1
41 301 1
41 308 1
41 332 1
41 483 1
41 521 1
41 529 1
41 572 1
41 596 1
41 728 1
41 734 1
41 757 1
41 874 1
41 982 1
42 55 1
42 72 1
42 96 1
42 102 1
42 207 1
42 318 1
42 328 1
42 411 1
42 427 1
42 429 1
42 443 1
42 446 1
42 462 1
42 494 1
42 543 1
42 555 1
42 596 1
42 651 1
42 655 1
42 700 1
42 721 1
42 857 1
42 887 1
42 895 1
43 46 1
43 69 1
43 73 1
43 74 1
43 83 1
43 114 1
43 116 1
43 153 1
43 156 1
43 175 1
43 186 1
43 300 1
43 346 1
43 370 1
43 395 1
43 422 1
43 476 1
43 486 1
43 506 1
43 532 1
43 539 1
43 687 1
43 698 1
43 739 1
43 751 1
43 861 1
43 888 1
43 904 1
43 908 1
43 938 1
43 941 1
43 971 1
44 52 1
44 54 1
44 70 1
44 126 1
44 132 1
44 138 1
44 148 1
44 160 1
44 210 1
44 223 1
44 240 1
44 381 1
44 398 1
44 430 1
44 505 1
44 524 1
44 543 1
44 550 1
44 589 1
44 624 1
44 685 1
44 730 1
44 756 1
45 66 1
45 68 1
45 108 1
45 117 1
45 229 1
45 256 1
45 305 1
45 333 1
45 347 1
45 379 1
45 401 1
45 425 1
45 537 1
45 732 1
45 741 1
45 886 1
45 976 1
46 47 1
46 58 1
46 82 1
46 112 1
46 116 1
46 121 1
46 136 1
46 149 1
46 158 1
46 179 1
46 326 1
46 338 1
46 399 1
46 444 1
46 580 1
46 661 1
46 685 1
46 800 1
46 824 1
46 826 1
46 889 1
46 953 1
46 984 1
47 54 1
47 166 1
47 244 1
47 493 1
47 531 1
47 561 1
47 641 1
47 824 1
48 49 1
48 51 1
48 129 1
48 130 1
48 164 1
48 255 1
48 271 1
48 361 1
48 364 1
48 440 1
48 457 1
48 484 1
48 552 1
48 554 1
48 653 1
48 805 1
48 975 1
49 54 1
49 62 1
49 64 1
49 65 1
49 177 1
49 194 1
49 211 1
49 258 1
49 294 1
49 428 1
49 473 1
49 562 1
49 626 1
49 740 1
49 907 1
49 971 1
49 986 1
50 63 1
50 135 1
50 239 1
50 343 1
50 373 1
50 382 1
50 418 1
50 439 1
50 458 1
50 614 1
50 677 1
50 691 1
50 693 1
50 706 1
50 817 1
50 940 1
50 944 1
50 947 1
51 67 1
51 75 1
51 82 1
51 97 1
51 115 1
51 121 1
51 122 1
51 141 1
51 177 1
51 203 1
51 243 1
51 245 1
51 288 1
51 315 1
51 360 1
51 403 1
51 408 1
51 417 1
51 449 1
51 489 1
51 548 1
51 660 1
51 668 1
51 688 1
51 741 1
51 872 1
51 896 1
51 941 1
52 186 1
52 311 1
52 314 1
52 318 1
52 407 1
52 476 1
52 483 1
52 518 1
52 522 1
52 549 1
52 568 1
52 588 1
52 631 1
52 662 1
52 840 1
52 965 1
53 67 1
53 100 1
53 107 1
53 127 1
53 158 1
53 210 1
53 295 1
53 340 1
53 349 1
53 421 1
53 432 1
53 630 1
53 635 1
53 693 1
53 723 1
53 806 1
53 923 1
53 957 1
54 74 1
54 192 1
54 203 1
54 264 1
54 268 1
54 273 1
54 281 1
54 307 1
54 451 1
54 533 1
54 538 1
54 599 1
54 611 1
54 640 1
54 643 1
54 704 1
54 713 1
54 730 1
54 784 1
54 813 1
55 56 1
55 91 1
55 101 1
55 115 1
55 119 1
55 174 1
55 188 1
55 206 1
55 276 1
55 331 1
55 343 1
55 468 1
55 767 1
55 863 1
55 889 1
55 936 1
55 954 1
55 994 1
56 137 1
56 154 1
56 359 1
56 546 1
56 662 1
56 737 1
56 764 1
56 774 1
56 980 1
57 58 1
57 81 1
57 103 1
57 144 1
57 182 1
57 199 1
57 237 1
57 303 1
57 330 1
57 349 1
57 397 1
57 398 1
57 466 1
57 480 1
57 534 1
57 570 1
57 666 1
58 61 1
58 66 1
58 111 1
58 117 1
58 119 1
58 120 1
58 128 1
58 130 1
58 135 1
58 154 1
58 163 1
58 197 1
58 286 1
58 349 1
58 482 1
58 496 1
58 516 1
58 546 1
58 565 1
58 582 1
58 593 1
58 611 1
58 661 1
58 805 1
58 844 1
59 95 1
59 107 1
59 148 1
59 161 1
59 173 1
59 196 1
59 228 1
59 238 1
59 274 1
59 275 1
59 384 1
59 408 1
59 411 1
59 471 1
59 500 1
59 533 1
59 535 1
59 585 1
59 620 1
59 699 1
59 756 1
59 758 1
60 167 1
60 262 1
60 305 1
60 307 1
60 467 1
60 659 1
60 918 1
61 160 1
61 494 1
61 697 1
61 824 1
61 965 1
62 199 1
62 280 1
62 323 1
62 354 1
62 428 1
62 433 1
62 504 1
62 568 1
62 983 1
63 106 1
63 146 1
63 152 1
63 158 1
63 164 1
63 212 1
64 96 1
64 243 1
64 332 1
64 339 1
64 354 1
64 375 1
64 387 1
64 475 1
64 622 1
64 658 1
64 893 1
65 67 1
65 68 1
65 139 1
65 183 1
65 196 1
65 267 1
65 318 1
65 341 1
65 366 1
65 404 1
65 451 1
65 462 1
65 529 1
65 641 1
65 702 1
65 787 1
65 826 1
65 883 1
65 894 1
66 317 1
66 327 1
66 493 1
66 620 1
67 89 1
67 98 1
67 101 1
67 146 1
67 271 1
67 312 1
67 450 1
67 739 1
68 114 1
68 118 1
68 128 1
68 137 1
68 147 1
68 154 1
68 166 1
68 172 1
68 190 1
68 337 1
68 357 1
68 483 1
68 571 1
68 586 1
68 616 1
68 629 1
68 649 1
68 710 1
68 741 1
68 795 1
68 820 1
68 839 1
68 981 1
69 94 1
69 209 1
69 241 1
69 363 1
69 439 1
69 521 1
69 920 1
70 100 1
70 123 1
70 143 1
70 171 1
70 196 1
70 201 1
70 240 1
70 314 1
70 413 1
70 544 1
70 570 1
70 594 1
70 607 1
70 733 1
70 768 1
70 821 1
70 860 1
70 966 1
71 92 1
71 130 1
71 214 1
71 232 1
71 254 1
71 257 1
71 261 1
71 262 1
71 375 1
71 602 1
71 891 1
72 93 1
72 104 1
72 107 1
72 136 1
72 209 1
72 274 1
72 334 1
72 444 1
72 503 1
72 514 1
72 541 1
72 656 1
72 868 1
72 952 1
72 966 1
73 99 1
73 110 1
73 111 1
73 112 1
73 114 1
73 122 1
73 125 1
73 127 1
73 151 1
73 157 1
73 168 1
73 183 1
73 201 1
73 206 1
73 253 1
73 282 1
73 287 1
73 474 1
73 571 1
73 748 1
73 846 1
73 893 1
73 944 1
74 149 1
74 219 1
74 270 1
74 340 1
74 453 1
74 610 1
74 713 1
74 843 1
75 100 1
75 110 1
75 170 1
75 193 1
75 237 1
75 246 1
75 252 1
75 279 1
75 388 1
75 392 1
75 469 1
75 631 1
75 654 1
75 744 1
75 825 1
75 833 1
75 912 1
76 84 1
76 98 1
76 117 1
76 188 1
76 208 1
76 249 1
76 294 1
76 457 1
76 467 1
76 502 1
76 551 1
76 559 1
76 602 1
76 685 1
76 698 1
76 844 1
76 909 1
77 90 1
77 128 1
77 133 1
77 170 1
77 172 1
77 205 1
77 220 1
77 398 1
77 482 1
77 598 1
77 661 1
77 778 1
77 809 1
77 851 1
78 84 1
78 90 1
78 101 1
78 110 1
78 134 1
78 140 1
78 169 1
78 208 1
78 212 1
78 259 1
78 354 1
78 418 1
78 486 1
78 499 1
78 504 1
78 597 1
78 700 1
78 836 1
78 851 1
79 215 1
79 428 1
79 471 1
79 612 1
79 623 1
79 664 1
79 692 1
79 823 1
79 873 1
80 109 1
80 113 1
80 141 1
80 185 1
80 191 1
80 207 1
80 333 1
80 381 1
80 442 1
80 583 1
80 843 1
80 845 1
80 855 1
80 887 1
81 114 1
81 129 1
81 186 1
81 194 1
81 197 1
81 203 1
81 204 1
81 217 1
81 222 1
81 232 1
81 238 1
81 249 1
81 261 1
81 285 1
81 342 1
81 345 1
81 350 1
81 494 1
81 543 1
81 556 1
81 569 1
81 591 1
81 629 1
81 668 1
81 687 1
81 690 1
81 798 1
81 811 1
81 878 1
82 102 1
82 156 1
82 213 1
82 380 1
82 463 1
82 583 1
82 591 1
82 620 1
82 646 1
82 647 1
82 670 1
82 691 1
82 851 1
82 990 1
83 236 1
83 469 1
83 565 1
83 660 1
83 667 1
83 847 1
84 102 1
84 301 1
84 389 1
85 709 1
85 722 1
85 890 1
85 971 1
86 87 1
86 95 1
86 104 1
86 205 1
86 264 1
86 365 1
86 477 1
86 556 1
86 600 1
86 651 1
86 687 1
86 840 1
86 958 1
86 965 1
87 121 1
87 171 1
87 191 1
87 237 1
87 242 1
87 303 1
87 352 1
87 395 1
87 441 1
87 692 1
87 831 1
87 967 1
88 114 1
88 175 1
88 262 1
88 304 1
88 584 1
88 899 1
89 138 1
89 152 1
89 157 1
89 274 1
89 604 1
89 606 1
89 612 1
89 658 1
89 673 1
89 708 1
89 835 1
89 959 1
90 265 1
90 287 1
90 372 1
90 440 1
90 455 1
90 587 1
90 891 1
90 972 1
91 109 1
91 171 1
91 319 1
91 370 1
91 377 1
91 456 1
91 478 1
91 512 1
91 529 1
91 546 1
91 670 1
91 677 1
91 734 1
91 747 1
91 764 1
91 776 1
91 817 1
91 818 1
91 997 1
92 96 1
92 138 1
92 184 1
92 230 1
92 251 1
92 329 1
92 337 1
92 519 1
92 577 1
92 709 1
92 780 1
92 915 1
93 166 1
93 183 1
93 222 1
93 228 1
93 509 1
93 526 1
93 742 1
94 190 1
94 209 1
94 251 1
94 473 1
94 589 1
94 628 1
94 634 1
94 676 1
94 748 1
94 862 1
95 160 1
95 182 1
95 204 1
95 231 1
95 400 1
95 480 1
95 492 1
95 727 1
95 820 1
96 103 1
96 198 1
96 342 1
96 414 1
96 499 1
96 570 1
96 925 1
96 935 1
96 937 1
96 954 1
97 153 1
97 212 1
97 216 1
97 273 1
97 365 1
97 373 1
97 447 1
97 821 1
97 892 1
98 106 1
98 113 1
98 138 1
98 146 1
98 167 1
98 222 1
98 246 1
98 279 1
98 281 1
98 329 1
98 404 1
98 445 1
98 450 1
98 522 1
98 549 1
98 551 1
98 707 1
98 716 1
98 717 1
98 816 1
99 109 1
99 127 1
99 131 1
99 156 1
99 193 1
99 346 1
99 388 1
99 472 1
99 481 1
99 528 1
99 608 1
100 104 1
100 141 1
100 145 1
100 173 1
100 207 1
100 220 1
100 254 1
100 324 1
100 400 1
100 409 1
100 421 1
100 424 1
100 441 1
100 537 1
100 541 1
100 578 1
100 620 1
100 626 1
100 642 1
100 671 1
100 793 1
100 812 1
100 825 1
100 858 1
100 897 1
100 910 1
100 927 1
100 981 1
101 102 1
101 118 1
101 123 1
101 126 1
101 132 1
101 139 1
101 147 1
101 198 1
101 254 1
101 303 1
101 311 1
101 325 1
101 350 1
101 375 1
101 376 1
101 383 1
101 509 1
101 517 1
101 585 1
101 592 1
101 616 1
101 715 1
101 725 1
101 760 1
101 998 1
102 131 1
102 147 1
102 170 1
102 171 1
102 240 1
102 275 1
102 288 1
102 323 1
102 355 1
102 450 1
102 512 1
102 525 1
102 554 1
102 703 1
102 974 1
103 110 1
103 111 1
103 155 1
103 169 1
103 188 1
103 423 1
103 448 1
103 763 1
103 972 1
104 171 1
104 467 1
104 773 1
104 823 1
105 123 1
105 210 1
105 368 1
105 390 1
105 447 1
105 479 1
105 589 1
105 590 1
105 635 1
105 636 1
105 979 1
105 988 1
106 186 1
106 228 1
106 252 1
106 383 1
106 505 1
107 236 1
107 338 1
107 342 1
107 369 1
107 476 1
107 528 1
107 555 1
107 589 1
107 962 1
107 983 1
108 115 1
108 136 1
108 165 1
108 201 1
108 231 1
108 244 1
108 276 1
108 282 1
108 476 1
108 545 1
108 731 1
108 761 1
108 790 1
109 152 1
109 159 1
109 190 1
109 208 1
109 248 1
109 269 1
109 292 1
109 305 1
109 308 1
109 335 1
109 339 1
109 342 1
109 357 1
109 393 1
109 539 1
109 556 1
109 584 1
109 621 1
109 816 1
109 864 1
109 869 1
110 127 1
110 149 1
110 165 1
110 278 1
110 362 1
110 409 1
110 419 1
110 536 1
110 726 1
110 770 1
111 174 1
111 271 1
111 310 1
111 399 1
111 432 1
111 751 1
111 810 1
111 968 1
112 195 1
112 231 1
112 270 1
112 323 1
112 553 1
112 557 1
112 573 1
112 677 1
112 689 1
112 711 1
112 729 1
112 977 1
112 986 1
113 125 1
113 178 1
113 193 1
113 235 1
113 242 1
113 316 1
113 334 1
113 466 1
113 516 1
113 665 1
113 853 1
114 159 1
114 161 1
114 189 1
114 212 1
114 416 1
114 513 1
114 790 1
114 944 1
115 120 1
115 151 1
115 163 1
115 185 1
115 215 1
115 284 1
115 349 1
115 369 1
115 431 1
115 436 1
115 481 1
115 525 1
115 561 1
115 588 1
115 728 1
115 848 1
115 890 1
116 142 1
116 340 1
116 758 1
117 835 1
118 151 1
118 513 1
118 531 1
119 135 1
119 142 1
119 219 1
119 253 1
119 295 1
119 299 1
119 314 1
119 361 1
119 487 1
119 655 1
119 983 1
120 121 1
120 125 1
120 219 1
120 257 1
120 414 1
120 453 1
120 516 1
120 538 1
120 914 1
120 961 1
120 1000 1
121 124 1
121 234 1
121 268 1
121 375 1
121 410 1
121 453 1
121 472 1
121 488 1
121 537 1
121 558 1
121 580 1
121 645 1
121 673 1
121 694 1
121 743 1
121 947 1
121 987 1
122 124 1
122 143 1
122 161 1
122 181 1
122 240 1
122 309 1
122 320 1
122 330 1
122 344 1
122 345 1
122 388 1
122 474 1
122 476 1
122 498 1
122 547 1
122 596 1
122 658 1
122 731 1
122 736 1
122 848 1
122 864 1
122 978 1
123 179 1
123 267 1
123 401 1
123 458 1
123 471 1
123 488 1
123 593 1
123 660 1
123 682 1
123 793 1
123 803 1
123 822 1
123 870 1
123 881 1
123 942 1
124 160 1
124 165 1
124 202 1
124 269 1
124 389 1
124 410 1
124 464 1
124 706 1
124 710 1
124 714 1
124 804 1
125 250 1
125 281 1
125 751 1
126 140 1
126 225 1
126 247 1
126 267 1
126 300 1
126 329 1
126 335 1
126 467 1
126 843 1
126 870 1
126 881 1
126 917 1
127 260 1
127 262 1
127 376 1
127 425 1
127 622 1
127 843 1
127 864 1
127 870 1
127 977 1
128 131 1
128 169 1
128 181 1
128 441 1
128 500 1
128 642 1
128 876 1
128 877 1
128 948 1
129 278 1
129 607 1
129 761 1
129 874 1
130 147 1
130 590 1
131 148 1
131 197 1
131 202 1
131 280 1
131 308 1
131 313 1
131 322 1
131 502 1
131 628 1
131 727 1
131 837 1
131 985 1
132 134 1
132 177 1
132 187 1
132 264 1
132 284 1
132 347 1
132 366 1
132 397 1
132 419 1
132 464 1
132 525 1
132 603 1
132 681 1
132 744 1
132 801 1
132 859 1
132 930 1
133 365 1
133 558 1
134 367 1
134 445 1
134 479 1
134 597 1
134 645 1
134 721 1
134 780 1
134 819 1
134 993 1
135 202 1
135 238 1
135 354 1
135 385 1
135 482 1
135 492 1
135 510 1
135 621 1
135 625 1
135 632 1
135 646 1
135 720 1
135 817 1
135 860 1
136 168 1
136 180 1
136 190 1
136 195 1
136 215 1
136 337 1
136 347 1
136 412 1
136 484 1
136 566 1
136 570 1
136 863 1
136 887 1
136 909 1
136 959 1
137 189 1
137 427 1
137 557 1
137 674 1
137 925 1
138 456 1
138 545 1
138 773 1
138 919 1
139 247 1
139 313 1
139 460 1
139 904 1
140 143 1
140 216 1
140 218 1
140 235 1
140 374 1
140 575 1
140 615 1
140 702 1
140 736 1
140 854 1
141 283 1
141 371 1
141 709 1
142 426 1
142 586 1
143 158 1
143 386 1
143 413 1
143 643 1
143 806 1
143 968 1
144 666 1
145 245 1
145 340 1
145 378 1
146 235 1
146 291 1
146 304 1
146 307 1
146 896 1
146 995 1
147 156 1
147 275 1
147 362 1
147 385 1
147 406 1
147 426 1
147 466 1
147 590 1
147 613 1
147 622 1
147 659 1
147 727 1
147 850 1
147 872 1
147 986 1
148 200 1
148 230 1
148 261 1
148 346 1
148 360 1
148 371 1
148 442 1
148 459 1
148 551 1
148 578 1
148 711 1
149 180 1
149 193 1
149 335 1
149 364 1
149 431 1
149 599 1
149 760 1
149 790 1
149 873 1
149 913 1
150 267 1
150 315 1
150 324 1
150 470 1
150 510 1
150 987 1
151 227 1
151 356 1
151 534 1
151 571 1
151 644 1
151 952 1
152 301 1
152 374 1
152 639 1
152 664 1
153 218 1
153 299 1
153 317 1
153 387 1
153 649 1
153 706 1
154 298 1
154 309 1
154 584 1
154 733 1
154 779 1
155 187 1
155 243 1
155 253 1
155 369 1
155 931 1
156 166 1
156 210 1
156 341 1
156 457 1
156 495 1
156 776 1
157 246 1
157 296 1
157 416 1
157 473 1
157 490 1
157 530 1
157 623 1
157 672 1
157 797 1
157 960 1
158 305 1
158 411 1
158 518 1
158 771 1
158 892 1
159 164 1
159 181 1
159 200 1
159 201 1
159 222 1
159 237 1
159 263 1
159 273 1
159 391 1
159 444 1
159 481 1
159 500 1
159 574 1
159 878 1
160 200 1
160 272 1
160 434 1
160 540 1
160 677 1
160 847 1
160 976 1
160 993 1
161 245 1
161 304 1
161 333 1
161 502 1
161 535 1
162 173 1
162 214 1
162 304 1
162 352 1
162 428 1
162 430 1
162 668 1
162 731 1
162 736 1
162 929 1
163 168 1
163 179 1
163 205 1
163 286 1
163 291 1
163 301 1
163 372 1
163 409 1
163 604 1
163 652 1
163 793 1
163 800 1
164 174 1
164 193 1
164 248 1
164 261 1
164 272 1
164 296 1
164 373 1
164 382 1
164 436 1
164 485 1
164 541 1
164 638 1
164 670 1
165 235 1
165 391 1
165 481 1
165 514 1
165 595 1
165 764 1
165 768 1
165 782 1
165 894 1
165 933 1
166 278 1
166 564 1
166 599 1
166 634 1
166 943 1
167 204 1
167 260 1
167 326 1
167 331 1
167 392 1
167 796 1
167 894 1
168 223 1
168 340 1
168 399 1
168 415 1
168 482 1
168 627 1
168 710 1
168 748 1
169 426 1
169 698 1
169 701 1
169 958 1
169 971 1
169 984 1
170 279 1
170 331 1
170 351 1
170 360 1
170 426 1
170 547 1
170 553 1
170 605 1
170 644 1
170 656 1
170 679 1
170 703 1
170 734 1
170 781 1
170 961 1
171 184 1
171 214 1
171 229 1
171 259 1
171 300 1
171 350 1
171 354 1
171 373 1
171 480 1
171 527 1
171 622 1
171 642 1
171 707 1
171 858 1
172 348 1
172 384 1
172 617 1
172 682 1
172 719 1
172 747 1
172 772 1
173 176 1
173 179 1
173 291 1
173 292 1
173 309 1
173 407 1
173 437 1
173 486 1
173 581 1
173 593 1
173 788 1
174 316 1
174 326 1
174 926 1
175 246 1
175 257 1
175 259 1
175 273 1
175 314 1
175 332 1
175 507 1
175 531 1
175 585 1
175 601 1
175 678 1
176 220 1
176 296 1
176 310 1
176 613 1
176 652 1
176 663 1
176 869 1
176 991 1
177 211 1
177 236 1
177 330 1
177 728 1
177 734 1
178 195 1
178 385 1
178 458 1
178 497 1
178 841 1
178 897 1
179 231 1
179 297 1
179 422 1
179 506 1
179 609 1
179 685 1
179 964 1
180 266 1
180 290 1
180 554 1
180 572 1
180 638 1
180 651 1
180 862 1
181 206 1
181 333 1
181 427 1
182 285 1
182 885 1
183 392 1
183 396 1
183 858 1
184 276 1
184 395 1
184 594 1
184 718 1
184 870 1
185 614 1
186 220 1
186 263 1
186 289 1
186 320 1
186 363 1
186 364 1
186 369 1
186 372 1
186 420 1
186 451 1
186 475 1
186 521 1
186 543 1
186 545 1
186 610 1
186 723 1
186 762 1
186 956 1
186 962 1
187 327 1
187 370 1
187 488 1
187 498 1
187 554 1
187 935 1
187 953 1
188 474 1
188 500 1
188 644 1
189 424 1
189 701 1
189 745 1
190 277 1
190 298 1
190 327 1
190 348 1
190 374 1
190 421 1
190 623 1
191 268 1
191 537 1
191 980 1
192 284 1
192 515 1
192 562 1
192 934 1
193 194 1
193 772 1
193 976 1
194 339 1
194 384 1
194 396 1
194 652 1
195 337 1
195 374 1
195 618 1
195 754 1
195 842 1
196 239 1
196 319 1
196 325 1
196 594 1
196 649 1
197 296 1
197 348 1
197 418 1
197 508 1
198 204 1
198 337 1
198 436 1
198 561 1
198 745 1
198 928 1
198 999 1
199 290 1
199 350 1
199 404 1
199 582 1
199 625 1
199 642 1
199 730 1
199 759 1
199 789 1
199 829 1
199 867 1
200 216 1
200 455 1
200 915 1
201 318 1
201 900 1
202 276 1
202 316 1
202 368 1
202 399 1
202 453 1
202 463 1
202 491 1
202 499 1
202 549 1
202 703 1
202 715 1
202 767 1
202 867 1
202 880 1
202 891 1
203 217 1
203 293 1
203 367 1
203 413 1
203 429 1
203 685 1
203 758 1
204 230 1
204 257 1
204 336 1
204 661 1
204 705 1
204 745 1
204 799 1
205 343 1
205 504 1
205 795 1
206 659 1
206 863 1
206 905 1
206 981 1
206 992 1
207 491 1
207 494 1
207 887 1
207 943 1
207 952 1
208 574 1
208 636 1
208 803 1
209 226 1
209 290 1
209 380 1
209 423 1
209 440 1
209 463 1
210 576 1
210 697 1
210 901 1
211 741 1
211 766 1
211 834 1
212 234 1
212 511 1
212 606 1
212 655 1
212 665 1
212 996 1
214 321 1
214 336 1
214 478 1
214 838 1
214 851 1
215 455 1
215 719 1
216 260 1
216 437 1
216 855 1
216 919 1
217 524 1
217 532 1
217 535 1
217 717 1
217 874 1
217 963 1
218 221 1
218 322 1
218 343 1
218 361 1
218 402 1
218 441 1
218 514 1
218 594 1
218 658 1
218 675 1
218 875 1
219 225 1
219 405 1
219 407 1
219 772 1
219 811 1
219 847 1
219 918 1
220 221 1
220 268 1
220 422 1
220 489 1
220 998 1
221 856 1
222 238 1
222 249 1
222 300 1
222 313 1
222 328 1
222 405 1
222 452 1
222 548 1
222 587 1
222 713 1
222 797 1
222 830 1
223 224 1
223 258 1
223 294 1
223 338 1
223 421 1
223 511 1
223 512 1
223 577 1
223 648 1
225 344 1
225 358 1
225 418 1
225 420 1
226 227 1
226 228 1
226 259 1
226 402 1
226 526 1
226 536 1
226 797 1
228 247 1
228 394 1
228 448 1
228 595 1
228 678 1
229 279 1
229 454 1
229 586 1
229 711 1
229 785 1
230 696 1
230 774 1
231 368 1
231 402 1
231 490 1
231 522 1
231 585 1
231 619 1
231 675 1
231 696 1
231 822 1
231 860 1
231 900 1
231 920 1
231 958 1
232 242 1
232 588 1
232 680 1
232 775 1
232 819 1
232 950 1
233 487 1
233 538 1
233 598 1
233 621 1
233 770 1
234 265 1
234 359 1
234 571 1
234 810 1
234 868 1
235 265 1
235 421 1
235 457 1
235 507 1
235 509 1
235 542 1
235 557 1
235 617 1
235 742 1
235 767 1
235 938 1
236 283 1
236 377 1
236 492 1
236 640 1
236 645 1
236 781 1
237 248 1
237 290 1
237 307 1
237 353 1
237 487 1
237 521 1
237 548 1
237 575 1
237 591 1
237 747 1
237 761 1
237 801 1
237 993 1
238 250 1
238 255 1
238 258 1
238 402 1
238 503 1
238 523 1
238 684 1
238 849 1
238 886 1
238 896 1
238 948 1
239 270 1
239 419 1
240 241 1
240 283 1
240 297 1
240 300 1
240 341 1
240 353 1
240 654 1
240 668 1
240 837 1
240 950 1
241 933 1
242 327 1
242 460 1
242 896 1
243 321 1
243 416 1
243 548 1
243 617 1
243 745 1
244 252 1
245 280 1
245 313 1
245 506 1
245 604 1
245 673 1
246 281 1
246 573 1
246 627 1
246 967 1
247 382 1
247 475 1
247 573 1
247 597 1
248 317 1
248 394 1
248 911 1
249 461 1
249 520 1
249 530 1
249 558 1
249 792 1
249 916 1
249 930 1
249 988 1
250 523 1
250 538 1
250 624 1
250 667 1
250 693 1
250 800 1
250 854 1
250 922 1
250 931 1
251 403 1
251 436 1
251 694 1
252 284 1
252 335 1
253 272 1
253 901 1
254 265 1
254 312 1
254 326 1
254 679 1
255 418 1
255 683 1
255 884 1
256 386 1
256 510 1
256 542 1
256 664 1
257 683 1
257 776 1
257 849 1
257 959 1
258 331 1
258 342 1
258 433 1
258 462 1
258 540 1
258 545 1
258 613 1
258 696 1
258 705 1
258 752 1
258 763 1
258 879 1
258 889 1
258 893 1
258 918 1
258 970 1
259 320 1
259 432 1
259 880 1
260 425 1
260 759 1
260 774 1
260 826 1
261 289 1
261 380 1
261 738 1
261 910 1
262 884 1
264 430 1
264 695 1
264 786 1
264 820 1
264 846 1
265 408 1
265 479 1
265 957 1
265 977 1
266 279 1
266 353 1
266 852 1
266 990 1
267 791 1
267 842 1
268 306 1
268 379 1
268 391 1
268 393 1
268 493 1
268 721 1
268 749 1
268 954 1
268 987 1
269 270 1
269 386 1
269 424 1
269 464 1
269 633 1
269 909 1
270 550 1
270 555 1
270 561 1
270 817 1
272 286 1
272 291 1
272 405 1
272 604 1
272 766 1
272 937 1
273 284 1
273 289 1
273 355 1
273 387 1
273 430 1
273 435 1
273 600 1
274 613 1
274 855 1
275 298 1
275 364 1
275 460 1
275 765 1
276 691 1
276 936 1
276 982 1
277 341 1
277 643 1
277 883 1
278 740 1
278 752 1
278 786 1
279 433 1
279 468 1
279 514 1
280 299 1
280 355 1
280 358 1
281 320 1
281 477 1
281 791 1
281 818 1
282 302 1
282 334 1
282 391 1
282 399 1
282 401 1
282 434 1
282 435 1
282 705 1
282 877 1
282 969 1
283 303 1
283 320 1
283 355 1
283 358 1
283 464 1
283 480 1
283 666 1
283 709 1
283 713 1
283 716 1
283 750 1
284 890 1
285 351 1
285 371 1
285 504 1
285 567 1
285 645 1
285 861 1
285 902 1
285 906 1
285 969 1
285 985 1
286 351 1
286 366 1
286 379 1
286 454 1
286 562 1
287 888 1
288 581 1
289 336 1
289 338 1
289 353 1
289 382 1
289 530 1
289 721 1
290 376 1
290 396 1
290 461 1
290 726 1
290 893 1
291 362 1
291 758 1
291 819 1
291 839 1
291 992 1
292 296 1
292 369 1
292 377 1
292 450 1
292 583 1
292 624 1
292 657 1
292 667 1
292 691 1
292 741 1
292 753 1
293 889 1
293 893 1
293 895 1
293 943 1
293 972 1
294 469 1
294 482 1
294 579 1
294 735 1
295 590 1
295 646 1
295 724 1
295 789 1
295 816 1
296 359 1
296 622 1
296 716 1
296 912 1
297 306 1
297 433 1
297 619 1
298 338 1
298 419 1
298 518 1
298 639 1
298 648 1
298 708 1
298 981 1
299 389 1
299 417 1
299 487 1
299 546 1
299 559 1
299 616 1
299 646 1
299 723 1
299 728 1
299 970 1
300 752 1
300 809 1
300 839 1
301 420 1
301 619 1
301 647 1
301 653 1
301 742 1
302 552 1
303 305 1
303 364 1
303 627 1
303 634 1
303 639 1
303 683 1
303 789 1
303 876 1
304 366 1
304 492 1
304 867 1
304 961 1
305 343 1
305 551 1
305 630 1
305 633 1
305 663 1
305 977 1
306 675 1
307 316 1
307 448 1
307 492 1
307 731 1
307 782 1
307 793 1
308 423 1
308 818 1
309 602 1
309 628 1
309 648 1
309 755 1
309 784 1
309 925 1
309 945 1
310 426 1
310 470 1
310 653 1
310 811 1
310 837 1
311 609 1
311 625 1
311 737 1
311 744 1
312 322 1
312 813 1
312 925 1
313 389 1
313 397 1
313 619 1
313 675 1
313 751 1
313 783 1
313 785 1
313 885 1
314 469 1
314 634 1
315 379 1
315 577 1
315 768 1
315 885 1
315 968 1
317 510 1
317 828 1
317 967 1
318 615 1
318 718 1
319 490 1
319 539 1
319 720 1
320 393 1
320 618 1
320 807 1
321 401 1
321 427 1
321 446 1
321 452 1
321 484 1
321 927 1
322 475 1
322 485 1
322 550 1
322 700 1
322 707 1
322 729 1
322 760 1
322 958 1
323 560 1
323 565 1
323 996 1
324 507 1
324 797 1
324 835 1
324 894 1
325 910 1
326 335 1
326 485 1
326 501 1
326 519 1
326 565 1
326 690 1
326 717 1
326 753 1
326 830 1
326 927 1
326 931 1
326 939 1
326 952 1
327 363 1
327 455 1
327 568 1
327 589 1
327 601 1
327 766 1
327 936 1
328 344 1
328 755 1
328 882 1
328 944 1
329 536 1
330 355 1
331 365 1
331 605 1
331 778 1
331 822 1
331 843 1
331 861 1
331 968 1
332 390 1
332 473 1
332 502 1
332 524 1
332 735 1
332 781 1
333 653 1
333 791 1
333 961 1
334 417 1
334 438 1
334 831 1
335 461 1
335 743 1
336 486 1
336 525 1
337 488 1
337 517 1
338 495 1
338 570 1
338 704 1
338 959 1
339 901 1
340 523 1
340 710 1
341 420 1
341 449 1
341 450 1
341 459 1
341 572 1
341 792 1
341 802 1
341 920 1
342 345 1
342 531 1
342 613 1
342 682 1
342 838 1
343 477 1
343 989 1
344 380 1
344 396 1
344 566 1
344 676 1
345 356 1
345 587 1
345 771 1
346 361 1
346 452 1
346 477 1
346 687 1
346 921 1
346 956 1
347 509 1
347 517 1
348 519 1
348 632 1
348 845 1
348 951 1
349 548 1
350 714 1
351 440 1
351 536 1
351 582 1
351 788 1
351 853 1
352 433 1
352 683 1
352 923 1
353 543 1
354 601 1
354 967 1
355 379 1
355 449 1
355 640 1
356 564 1
356 663 1
356 880 1
357 497 1
357 657 1
357 692 1
357 730 1
357 757 1
357 770 1
357 842 1
357 844 1
357 883 1
359 394 1
359 479 1
359 503 1
359 714 1
359 945 1
359 966 1
360 363 1
360 716 1
360 805 1
360 808 1
360 869 1
361 404 1
361 857 1
362 609 1
362 699 1
363 505 1
363 584 1
363 667 1
363 694 1
363 719 1
364 437 1
364 963 1
365 431 1
365 664 1
365 686 1
365 868 1
365 879 1
365 962 1
366 412 1
366 735 1
367 546 1
367 647 1
367 723 1
367 724 1
367 815 1
368 830 1
368 932 1
370 417 1
370 593 1
370 595 1
371 760 1
372 532 1
372 600 1
372 882 1
372 970 1
372 985 1
373 382 1
373 427 1
373 469 1
373 605 1
373 635 1
373 669 1
373 762 1
374 378 1
374 542 1
374 744 1
374 972 1
375 435 1
375 524 1
375 593 1
375 608 1
375 637 1
375 736 1
375 834 1
375 938 1
376 782 1
376 834 1
377 480 1
377 711 1
377 941 1
378 408 1
378 680 1
378 810 1
378 814 1
378 845 1
378 943 1
379 425 1
379 452 1
379 560 1
379 872 1
380 393 1
380 401 1
380 493 1
380 577 1
380 584 1
380 600 1
380 618 1
380 862 1
380 906 1
381 818 1
381 908 1
382 466 1
382 535 1
382 986 1
382 990 1
383 556 1
383 764 1
385 894 1
386 423 1
386 672 1
386 784 1
386 819 1
387 447 1
388 942 1
390 417 1
390 527 1
390 823 1
390 985 1
390 999 1
392 429 1
392 486 1
392 856 1
392 892 1
393 464 1
393 505 1
393 511 1
393 832 1
394 483 1
394 484 1
394 968 1
395 556 1
395 604 1
395 836 1
396 438 1
396 721 1
396 762 1
396 798 1
397 567 1
397 602 1
398 632 1
398 693 1
398 852 1
399 520 1
399 701 1
399 947 1
400 461 1
400 645 1
401 574 1
401 646 1
401 753 1
401 883 1
401 960 1
402 583 1
402 830 1
403 439 1
403 811 1
403 978 1
404 531 1
404 742 1
404 850 1
405 822 1
406 803 1
407 408 1
407 781 1
407 999 1
408 610 1
409 520 1
410 466 1
410 633 1
410 746 1
410 806 1
411 560 1
411 598 1
411 689 1
411 946 1
412 539 1
412 574 1
412 905 1
413 415 1
413 757 1
413 810 1
415 669 1
415 733 1
415 966 1
416 465 1
416 690 1
416 700 1
416 710 1
416 940 1
417 453 1
417 704 1
417 726 1
418 419 1
418 625 1
418 708 1
418 873 1
419 432 1
419 568 1
419 603 1
419 666 1
419 775 1
419 788 1
419 876 1
419 953 1
419 964 1
419 991 1
420 581 1
420 899 1
420 937 1
420 984 1
421 446 1
421 922 1
422 478 1
423 762 1
423 802 1
423 841 1
424 815 1
425 511 1
425 621 1
425 629 1
425 727 1
425 850 1
425 905 1
425 985 1
426 917 1
427 772 1
427 793 1
428 507 1
428 954 1
429 578 1
429 883 1
430 754 1
431 534 1
431 873 1
431 971 1
433 454 1
434 615 1
434 840 1
435 674 1
435 752 1
436 520 1
436 588 1
436 717 1
436 725 1
437 566 1
437 605 1
438 833 1
439 465 1
439 825 1
439 914 1
440 553 1
440 669 1
441 515 1
442 608 1
442 684 1
443 747 1
444 451 1
444 459 1
444 631 1
444 799 1
444 812 1
444 911 1
445 587 1
445 673 1
446 468 1
446 687 1
446 774 1
446 859 1
446 924 1
446 926 1
447 493 1
447 503 1
447 508 1
447 650 1
447 712 1
447 729 1
448 740 1
448 799 1
448 962 1
448 980 1
452 489 1
452 508 1
454 490 1
454 656 1
454 987 1
455 508 1
455 684 1
455 879 1
457 630 1
457 927 1
458 679 1
459 567 1
460 676 1
460 745 1
460 776 1
460 807 1
460 899 1
460 955 1
461 629 1
461 849 1
463 474 1
463 804 1
463 955 1
464 473 1
464 846 1
465 718 1
465 798 1
465 833 1
466 519 1
466 557 1
466 679 1
466 720 1
466 860 1
467 534 1
467 567 1
467 763 1
467 854 1
468 608 1
469 491 1
470 635 1
470 929 1
471 541 1
471 627 1
471 676 1
471 788 1
471 907 1
471 964 1
473 773 1
473 921 1
474 755 1
474 782 1
474 840 1
475 654 1
475 773 1
475 880 1
475 901 1
477 487 1
477 580 1
478 663 1
478 665 1
479 641 1
479 825 1
480 630 1
481 640 1
481 686 1
481 964 1
482 577 1
482 938 1
482 996 1
483 579 1
483 774 1
485 672 1
486 545 1
486 568 1
486 581 1
486 606 1
486 623 1
486 639 1
486 678 1
486 749 1
486 909 1
486 972 1
487 624 1
487 722 1
488 688 1
490 497 1
490 637 1
490 738 1
490 777 1
491 603 1
491 652 1
491 656 1
491 763 1
492 852 1
492 903 1
492 930 1
493 526 1
493 701 1
494 526 1
494 654 1
494 715 1
495 884 1
495 988 1
496 555 1
496 564 1
496 566 1
496 898 1
496 933 1
496 981 1
497 544 1
498 882 1
500 506 1
500 599 1
500 794 1
501 555 1
502 523 1
502 988 1
503 533 1
503 539 1
503 550 1
503 559 1
503 795 1
505 550 1
505 852 1
506 647 1
506 871 1
506 897 1
507 547 1
507 588 1
507 761 1
507 1000 1
508 582 1
508 674 1
508 699 1
509 751 1
509 815 1
509 866 1
509 975 1
511 755 1
512 785 1
512 885 1
514 567 1
514 662 1
515 957 1
516 552 1
517 534 1
517 540 1
517 598 1
517 614 1
517 620 1
517 699 1
517 700 1
517 895 1
517 945 1
518 578 1
518 609 1
518 688 1
518 873 1
518 933 1
518 970 1
519 928 1
519 940 1
520 639 1
520 650 1
520 665 1
520 720 1
520 797 1
520 861 1
520 995 1
521 596 1
521 695 1
521 697 1
521 801 1
521 973 1
522 912 1
522 979 1
523 532 1
523 657 1
523 929 1
524 724 1
524 776 1
524 809 1
526 600 1
527 569 1
527 651 1
527 835 1
528 836 1
529 897 1
530 672 1
530 702 1
531 610 1
531 911 1
533 561 1
533 664 1
533 766 1
533 783 1
533 789 1
535 732 1
535 866 1
537 553 1
537 847 1
538 671 1
538 929 1
540 863 1
540 890 1
542 684 1
542 942 1
543 602 1
543 943 1
544 932 1
545 876 1
545 940 1
546 586 1
546 688 1
547 563 1
547 655 1
547 915 1
548 671 1
548 978 1
549 650 1
549 922 1
549 931 1
550 595 1
550 616 1
550 665 1
550 841 1
550 846 1
551 607 1
551 644 1
551 878 1
551 934 1
555 773 1
555 848 1
556 637 1
556 829 1
556 891 1
557 586 1
557 671 1
557 714 1
557 801 1
557 852 1
558 659 1
558 979 1
559 838 1
560 756 1
560 784 1
561 631 1
562 707 1
562 875 1
563 625 1
563 724 1
563 900 1
564 881 1
564 952 1
565 634 1
566 592 1
566 649 1
566 666 1
566 779 1
566 785 1
568 576 1
568 595 1
568 730 1
568 807 1
568 990 1
569 708 1
569 878 1
570 621 1
570 919 1
570 921 1
570 955 1
572 638 1
573 812 1
573 877 1
574 660 1
575 698 1
576 801 1
579 813 1
579 830 1
580 908 1
581 779 1
582 594 1
582 633 1
582 898 1
582 962 1
583 676 1
583 749 1
585 722 1
585 903 1
586 605 1
587 662 1
588 636 1
588 678 1
588 808 1
588 924 1
589 739 1
589 779 1
589 912 1
590 769 1
590 848 1
592 615 1
593 703 1
593 726 1
593 850 1
593 916 1
593 975 1
594 808 1
594 809 1
595 935 1
596 608 1
596 998 1
597 601 1
597 719 1
597 737 1
598 617 1
599 861 1
601 771 1
602 679 1
602 838 1
602 855 1
603 714 1
604 653 1
605 799 1
607 647 1
607 769 1
607 907 1
609 784 1
610 768 1
611 641 1
612 628 1
613 892 1
614 728 1
614 735 1
614 828 1
614 914 1
618 671 1
618 725 1
618 735 1
620 936 1
621 841 1
621 902 1
623 796 1
623 832 1
624 953 1
625 632 1
625 944 1
626 778 1
626 862 1
627 677 1
627 712 1
627 746 1
628 738 1
629 660 1
630 924 1
631 974 1
632 901 1
633 928 1
634 705 1
634 711 1
634 813 1
634 814 1
634 823 1
634 891 1
634 959 1
635 692 1
636 769 1
638 899 1
640 958 1
641 821 1
642 756 1
642 783 1
643 967 1
644 870 1
646 650 1
648 729 1
648 991 1
649 897 1
649 950 1
650 708 1
650 831 1
657 747 1
657 825 1
658 903 1
660 787 1
660 940 1
661 702 1
662 827 1
663 737 1
663 928 1
664 684 1
664 994 1
665 895 1
665 941 1
666 826 1
667 682 1
667 905 1
668 712 1
668 791 1
671 864 1
672 954 1
676 777 1
677 696 1
678 680 1
678 736 1
678 759 1
679 696 1
679 764 1
680 739 1
681 716 1
682 688 1
682 740 1
682 915 1
684 740 1
686 795 1
687 783 1
687 911 1
687 915 1
688 746 1
693 857 1
695 853 1
697 939 1
698 706 1
698 804 1
698 936 1
698 939 1
700 888 1
701 780 1
701 886 1
704 719 1
705 868 1
706 880 1
706 932 1
709 769 1
709 794 1
711 765 1
711 898 1
712 917 1
713 812 1
713 979 1
714 763 1
715 881 1
715 946 1
716 949 1
719 874 1
720 754 1
720 811 1
720 842 1
724 946 1
725 749 1
727 913 1
728 949 1
729 748 1
729 860 1
729 965 1
732 831 1
733 754 1
733 961 1
734 827 1
734 902 1
737 854 1
737 910 1
737 919 1
737 927 1
738 778 1
738 832 1
739 809 1
740 799 1
740 960 1
741 819 1
743 785 1
744 974 1
745 923 1
748 980 1
748 997 1
753 839 1
754 858 1
754 976 1
755 871 1
755 931 1
757 826 1
757 941 1
757 960 1
758 933 1
758 956 1
760 869 1
760 871 1
764 909 1
764 922 1
764 934 1
765 777 1
766 805 1
767 827 1
769 796 1
770 905 1
772 991 1
773 865 1
774 824 1
774 904 1
775 977 1
778 926 1
787 802 1
788 833 1
789 805 1
789 964 1
789 992 1
790 884 1
794 833 1
797 802 1
799 890 1
799 918 1
799 947 1
801 983 1
804 841 1
805 993 1
807 858 1
809 831 1
809 951 1
809 955 1
811 840 1
811 930 1
823 889 1
825 900 1
830 865 1
832 877 1
833 857 1
834 917 1
836 904 1
836 945 1
836 995 1
837 845 1
847 849 1
847 856 1
849 949 1
857 912 1
857 930 1
858 992 1
860 871 1
861 989 1
862 888 1
862 913 1
863 989 1
867 871 1
871 876 1
872 979 1
874 960 1
874 996 1
876 878 1
881 957 1
885 963 1
886 906 1
888 918 1
891 949 1
891 955 1
893 916 1
900 994 1
901 937 1
901 997 1
903 983 1
910 998 1
916 919 1
919 999 1
922 973 1
922 975 1
943 963 1
950 982 1
954 1000 1
975 989 1
977 991 1
981 996 1
