1000 4975
1 2 1
1 3 1
1 4 1
1 5 1
1 6 1
1 7 1
1 8 1
1 10 1
1 11 1
1 12 1
1 13 1
1 15 1
1 16 1
1 20 1
1 32 1
1 34 1
1 35 1
1 36 1
1 42 1
1 49 1
1 59 1
1 67 1
1 70 1
1 71 1
1 74 1
1 83 1
1 88 1
1 90 1
1 92 1
1 100 1
1 105 1
1 109 1
1 115 1
1 132 1
1 138 1
1 139 1
1 144 1
1 152 1
1 155 1
1 161 1
1 169 1
1 185 1
1 193 1
1 201 1
1 228 1
1 231 1
1 246 1
1 249 1
1 285 1
1 296 1
1 297 1
1 301 1
1 318 1
1 327 1
1 328 1
1 350 1
1 355 1
1 408 1
1 410 1
1 414 1
1 417 1
1 433 1
1 437 1
1 439 1
1 442 1
1 493 1
1 511 1
1 520 1
1 530 1
1 533 1
1 547 1
1 550 1
1 573 1
1 618 1
1 645 1
1 669 1
1 678 1
1 728 1
1 739 1
1 742 1
1 746 1
1 804 1
1 866 1
1 873 1
1 903 1
1 918 1
1 921 1
1 945 1
1 956 1
1 994 1
2 9 1
2 134 1
2 144 1
2 179 1
2 304 1
2 318 1
2 572 1
2 837 1
3 7 1
3 8 1
3 9 1
3 10 1
3 12 1
3 13 1
3 15 1
3 24 1
3 31 1
3 32 1
3 37 1
3 39 1
3 42 1
3 43 1
3 44 1
3 46 1
3 49 1
3 51 1
3 52 1
3 57 1
3 60 1
3 66 1
3 72 1
3 73 1
3 89 1
3 100 1
3 113 1
3 129 1
3 135 1
3 136 1
3 137 1
3 154 1
3 156 1
3 165 1
3 185 1
3 245 1
3 255 1
3 262 1
3 263 1
3 284 1
3 286 1
3 295 1
3 324 1
3 327 1
3 339 1
3 347 1
3 352 1
3 357 1
3 375 1
3 391 1
3 421 1
3 434 1
3 492 1
3 495 1
3 504 1
3 515 1
3 594 1
3 607 1
3 615 1
3 620 1
3 708 1
3 716 1
3 755 1
3 756 1
3 796 1
3 825 1
3 850 1
3 922 1
3 949 1
3 966 1
4 7 1
4 8 1
4 10 1
4 14 1
4 19 1
4 23 1
4 24 1
4 29 1
4 37 1
4 46 1
4 48 1
4 84 1
4 88 1
4 94 1
4 99 1
4 109 1
4 110 1
4 134 1
4 156 1
4 168 1
4 241 1
4 272 1
4 287 1
4 288 1
4 332 1
4 346 1
4 376 1
4 418 1
4 419 1
4 422 1
4 431 1
4 475 1
4 509 1
4 510 1
4 529 1
4 537 1
4 541 1
4 545 1
4 557 1
4 686 1
4 705 1
4 709 1
4 710 1
4 722 1
5 7 1
5 8 1
5 9 1
5 11 1
5 15 1
5 17 1
5 18 1
5 33 1
5 38 1
5 49 1
5 50 1
5 54 1
5 56 1
5 60 1
5 81 1
5 82 1
5 84 1
5 85 1
5 92 1
5 106 1
5 110 1
5 115 1
5 117 1
5 122 1
5 128 1
5 143 1
5 154 1
5 163 1
5 169 1
5 203 1
5 207 1
5 235 1
5 260 1
5 270 1
5 272 1
5 287 1
5 306 1
5 329 1
5 340 1
5 355 1
5 364 1
5 366 1
5 424 1
5 442 1
5 458 1
5 513 1
5 523 1
5 543 1
5 600 1
5 619 1
5 681 1
5 698 1
5 704 1
5 708 1
5 726 1
5 741 1
5 767 1
5 797 1
5 800 1
5 806 1
5 855 1
5 882 1
5 884 1
5 895 1
5 922 1
5 946 1
5 948 1
5 959 1
5 979 1
6 7 1
6 39 1
6 44 1
6 47 1
6 76 1
6 91 1
6 92 1
6 139 1
6 162 1
6 167 1
6 176 1
6 216 1
6 224 1
6 292 1
6 314 1
6 375 1
6 388 1
6 416 1
6 507 1
6 559 1
6 566 1
6 569 1
6 577 1
6 623 1
6 633 1
6 636 1
6 648 1
6 652 1
6 682 1
6 769 1
6 843 1
6 933 1
7 8 1
7 9 1
7 10 1
7 11 1
7 12 1
7 13 1
7 18 1
7 19 1
7 23 1
7 25 1
7 26 1
7 28 1
7 31 1
7 34 1
7 35 1
7 38 1
7 40 1
7 45 1
7 46 1
7 47 1
7 48 1
7 51 1
7 64 1
7 67 1
7 72 1
7 77 1
7 78 1
7 88 1
7 93 1
7 98 1
7 111 1
7 116 1
7 118 1
7 121 1
7 125 1
7 132 1
7 133 1
7 136 1
7 149 1
7 156 1
7 160 1
7 163 1
7 171 1
7 172 1
7 183 1
7 191 1
7 192 1
7 205 1
7 222 1
7 224 1
7 227 1
7 228 1
7 254 1
7 259 1
7 262 1
7 272 1
7 279 1
7 283 1
7 290 1
7 297 1
7 298 1
7 307 1
7 325 1
7 332 1
7 343 1
7 352 1
7 362 1
7 364 1
7 374 1
7 376 1
7 393 1
7 400 1
7 403 1
7 404 1
7 423 1
7 446 1
7 449 1
7 462 1
7 467 1
7 481 1
7 489 1
7 495 1
7 497 1
7 501 1
7 511 1
7 525 1
7 539 1
7 553 1
7 556 1
7 574 1
7 575 1
7 583 1
7 588 1
7 598 1
7 608 1
7 610 1
7 613 1
7 630 1
7 631 1
7 638 1
7 672 1
7 678 1
7 679 1
7 685 1
7 711 1
7 730 1
7 761 1
7 777 1
7 779 1
7 804 1
7 805 1
7 807 1
7 835 1
7 840 1
7 859 1
7 896 1
7 897 1
7 912 1
7 927 1
7 968 1
7 971 1
7 977 1
8 9 1
8 10 1
8 11 1
8 12 1
8 13 1
8 14 1
8 17 1
8 21 1
8 22 1
8 23 1
8 24 1
8 25 1
8 26 1
8 28 1
8 38 1
8 40 1
8 63 1
8 64 1
8 70 1
8 75 1
8 79 1
8 81 1
8 94 1
8 98 1
8 106 1
8 107 1
8 133 1
8 138 1
8 149 1
8 154 1
8 187 1
8 188 1
8 203 1
8 207 1
8 220 1
8 224 1
8 229 1
8 255 1
8 281 1
8 297 1
8 299 1
8 300 1
8 307 1
8 308 1
8 337 1
8 344 1
8 366 1
8 410 1
8 427 1
8 428 1
8 429 1
8 431 1
8 440 1
8 441 1
8 447 1
8 453 1
8 455 1
8 457 1
8 461 1
8 466 1
8 476 1
8 497 1
8 524 1
8 545 1
8 559 1
8 595 1
8 600 1
8 610 1
8 614 1
8 624 1
8 673 1
8 687 1
8 723 1
8 730 1
8 767 1
8 798 1
8 801 1
8 845 1
8 861 1
8 902 1
8 914 1
8 936 1
8 961 1
8 974 1
8 993 1
9 12 1
9 14 1
9 16 1
9 21 1
9 29 1
9 30 1
9 32 1
9 34 1
9 45 1
9 51 1
9 55 1
9 61 1
9 79 1
9 103 1
9 120 1
9 144 1
9 150 1
9 158 1
9 163 1
9 166 1
9 174 1
9 176 1
9 177 1
9 185 1
9 196 1
9 206 1
9 223 1
9 226 1
9 239 1
9 247 1
9 252 1
9 269 1
9 274 1
9 298 1
9 315 1
9 324 1
9 367 1
9 373 1
9 377 1
9 388 1
9 392 1
9 397 1
9 401 1
9 464 1
9 478 1
9 479 1
9 535 1
9 544 1
9 568 1
9 578 1
9 589 1
9 632 1
9 655 1
9 675 1
9 690 1
9 751 1
9 764 1
9 798 1
9 806 1
9 863 1
9 870 1
9 896 1
9 919 1
9 939 1
10 11 1
10 14 1
10 20 1
10 23 1
10 24 1
10 26 1
10 36 1
10 41 1
10 50 1
10 53 1
10 54 1
10 57 1
10 66 1
10 74 1
10 83 1
10 102 1
10 120 1
10 122 1
10 149 1
10 167 1
10 202 1
10 264 1
10 281 1
10 289 1
10 299 1
10 343 1
10 359 1
10 373 1
10 398 1
10 419 1
10 426 1
10 451 1
10 557 1
10 655 1
10 691 1
10 693 1
10 707 1
10 713 1
10 737 1
10 788 1
10 825 1
10 882 1
10 931 1
11 13 1
11 14 1
11 15 1
11 16 1
11 17 1
11 18 1
11 20 1
11 22 1
11 24 1
11 28 1
11 36 1
11 53 1
11 59 1
11 75 1
11 85 1
11 86 1
11 95 1
11 105 1
11 106 1
11 151 1
11 167 1
11 175 1
11 199 1
11 208 1
11 212 1
11 220 1
11 234 1
11 242 1
11 243 1
11 275 1
11 303 1
11 349 1
11 379 1
11 406 1
11 446 1
11 454 1
11 482 1
11 487 1
11 584 1
11 593 1
11 605 1
11 613 1
11 616 1
11 628 1
11 691 1
11 705 1
11 711 1
11 752 1
11 757 1
11 765 1
11 812 1
11 814 1
11 854 1
11 879 1
11 913 1
11 916 1
11 936 1
11 938 1
11 972 1
11 982 1
12 17 1
12 19 1
12 22 1
12 29 1
12 31 1
12 34 1
12 36 1
12 38 1
12 39 1
12 41 1
12 48 1
12 52 1
12 56 1
12 62 1
12 67 1
12 69 1
12 76 1
12 83 1
12 84 1
12 87 1
12 89 1
12 91 1
12 101 1
12 109 1
12 118 1
12 120 1
12 121 1
12 138 1
12 142 1
12 151 1
12 173 1
12 185 1
12 186 1
12 195 1
12 196 1
12 199 1
12 204 1
12 211 1
12 251 1
12 260 1
12 275 1
12 289 1
12 307 1
12 357 1
12 367 1
12 368 1
12 382 1
12 408 1
12 446 1
12 452 1
12 456 1
12 459 1
12 461 1
12 472 1
12 474 1
12 485 1
12 491 1
12 535 1
12 556 1
12 564 1
12 580 1
12 623 1
12 671 1
12 683 1
12 687 1
12 724 1
12 729 1
12 736 1
12 758 1
12 766 1
12 780 1
12 816 1
12 820 1
12 836 1
12 850 1
12 900 1
12 955 1
12 985 1
12 990 1
12 992 1
12 1000 1
13 15 1
13 19 1
13 25 1
13 27 1
13 28 1
13 30 1
13 33 1
13 34 1
13 57 1
13 61 1
13 73 1
13 80 1
13 110 1
13 135 1
13 136 1
13 140 1
13 148 1
13 156 1
13 163 1
13 171 1
13 182 1
13 200 1
13 221 1
13 225 1
13 244 1
13 249 1
13 294 1
13 296 1
13 300 1
13 317 1
13 324 1
13 434 1
13 466 1
13 490 1
13 516 1
13 531 1
13 549 1
13 577 1
13 586 1
13 590 1
13 595 1
13 620 1
13 690 1
13 738 1
13 771 1
13 790 1
13 807 1
13 897 1
13 994 1
14 16 1
14 18 1
14 22 1
14 25 1
14 92 1
14 94 1
14 108 1
14 121 1
14 133 1
14 160 1
14 179 1
14 227 1
14 235 1
14 260 1
14 263 1
14 276 1
14 297 1
14 320 1
14 358 1
14 450 1
14 669 1
14 698 1
14 699 1
14 705 1
14 836 1
15 16 1
15 17 1
15 18 1
15 20 1
15 21 1
15 25 1
15 31 1
15 32 1
15 42 1
15 46 1
15 47 1
15 53 1
15 58 1
15 64 1
15 65 1
15 66 1
15 76 1
15 77 1
15 86 1
15 96 1
15 109 1
15 111 1
15 116 1
15 118 1
15 125 1
15 126 1
15 131 1
15 159 1
15 164 1
15 197 1
15 200 1
15 204 1
15 250 1
15 268 1
15 270 1
15 294 1
15 299 1
15 330 1
15 342 1
15 363 1
15 365 1
15 376 1
15 422 1
15 428 1
15 432 1
15 451 1
15 458 1
15 497 1
15 500 1
15 513 1
15 522 1
15 559 1
15 587 1
15 597 1
15 603 1
15 640 1
15 655 1
15 679 1
15 689 1
15 700 1
15 702 1
15 708 1
15 775 1
15 778 1
15 790 1
15 796 1
15 816 1
15 821 1
15 846 1
15 944 1
15 958 1
15 1000 1
16 30 1
16 55 1
16 62 1
16 63 1
16 68 1
16 153 1
16 159 1
16 176 1
16 194 1
16 221 1
16 231 1
16 250 1
16 423 1
16 476 1
16 499 1
16 541 1
16 585 1
16 647 1
16 761 1
16 995 1
17 20 1
17 22 1
17 37 1
17 43 1
17 55 1
17 79 1
17 86 1
17 101 1
17 108 1
17 117 1
17 129 1
17 135 1
17 143 1
17 145 1
17 153 1
17 158 1
17 226 1
17 232 1
17 257 1
17 259 1
17 294 1
17 316 1
17 357 1
17 359 1
17 390 1
17 407 1
17 409 1
17 411 1
17 435 1
17 438 1
17 510 1
17 526 1
17 532 1
17 545 1
17 552 1
17 591 1
17 593 1
17 603 1
17 727 1
17 753 1
17 814 1
17 884 1
17 951 1
17 970 1
18 19 1
18 21 1
18 26 1
18 29 1
18 33 1
18 35 1
18 37 1
18 41 1
18 44 1
18 45 1
18 49 1
18 57 1
18 69 1
18 77 1
18 105 1
18 119 1
18 148 1
18 181 1
18 185 1
18 190 1
18 218 1
18 238 1
18 239 1
18 252 1
18 258 1
18 292 1
18 329 1
18 370 1
18 411 1
18 464 1
18 469 1
18 470 1
18 485 1
18 503 1
18 518 1
18 534 1
18 548 1
18 560 1
18 561 1
18 597 1
18 635 1
18 682 1
18 684 1
18 703 1
18 794 1
18 811 1
18 846 1
18 851 1
18 892 1
18 918 1
18 944 1
19 21 1
19 26 1
19 27 1
19 28 1
19 32 1
19 43 1
19 47 1
19 52 1
19 55 1
19 69 1
19 71 1
19 72 1
19 73 1
19 78 1
19 80 1
19 108 1
19 122 1
19 128 1
19 129 1
19 130 1
19 147 1
19 148 1
19 150 1
19 157 1
19 169 1
19 174 1
19 179 1
19 189 1
19 193 1
19 197 1
19 203 1
19 211 1
19 221 1
19 232 1
19 240 1
19 283 1
19 284 1
19 307 1
19 313 1
19 315 1
19 321 1
19 338 1
19 344 1
19 346 1
19 347 1
19 351 1
19 371 1
19 374 1
19 386 1
19 401 1
19 417 1
19 432 1
19 462 1
19 473 1
19 485 1
19 503 1
19 506 1
19 512 1
19 524 1
19 531 1
19 548 1
19 555 1
19 556 1
19 579 1
19 603 1
19 618 1
19 626 1
19 628 1
19 652 1
19 663 1
19 677 1
19 686 1
19 716 1
19 721 1
19 728 1
19 736 1
19 761 1
19 770 1
19 782 1
19 792 1
19 795 1
19 831 1
19 841 1
19 844 1
19 848 1
19 917 1
19 925 1
19 928 1
19 937 1
19 948 1
19 970 1
20 58 1
20 86 1
20 110 1
20 115 1
20 125 1
20 130 1
20 150 1
20 320 1
20 346 1
20 430 1
20 433 1
20 449 1
20 469 1
20 473 1
20 481 1
20 562 1
20 631 1
20 763 1
20 769 1
20 788 1
20 823 1
20 832 1
20 878 1
20 977 1
21 30 1
21 33 1
21 62 1
21 72 1
21 79 1
21 90 1
21 106 1
21 114 1
21 149 1
21 177 1
21 194 1
21 203 1
21 210 1
21 219 1
21 224 1
21 256 1
21 273 1
21 282 1
21 338 1
21 386 1
21 421 1
21 435 1
21 458 1
21 554 1
21 624 1
21 625 1
21 661 1
21 662 1
21 676 1
21 683 1
21 759 1
21 840 1
21 855 1
21 869 1
21 995 1
22 23 1
22 27 1
22 35 1
22 40 1
22 88 1
22 98 1
22 104 1
22 117 1
22 137 1
22 144 1
22 170 1
22 175 1
22 192 1
22 219 1
22 259 1
22 304 1
22 340 1
22 381 1
22 411 1
22 425 1
22 501 1
22 508 1
22 623 1
22 635 1
22 666 1
22 749 1
22 757 1
22 857 1
22 890 1
22 945 1
23 27 1
23 40 1
23 51 1
23 58 1
23 65 1
23 70 1
23 82 1
23 105 1
23 124 1
23 147 1
23 148 1
23 165 1
23 187 1
23 188 1
23 236 1
23 242 1
23 253 1
23 257 1
23 278 1
23 362 1
23 489 1
23 510 1
23 562 1
23 587 1
23 663 1
23 701 1
23 792 1
23 812 1
23 824 1
23 841 1
23 904 1
23 942 1
23 951 1
23 955 1
24 27 1
24 29 1
24 53 1
24 59 1
24 64 1
24 65 1
24 68 1
24 72 1
24 78 1
24 123 1
24 126 1
24 153 1
24 161 1
24 187 1
24 198 1
24 207 1
24 210 1
24 228 1
24 275 1
24 276 1
24 283 1
24 324 1
24 326 1
24 328 1
24 447 1
24 455 1
24 465 1
24 479 1
24 509 1
24 567 1
24 588 1
24 601 1
24 620 1
24 638 1
24 656 1
24 660 1
24 725 1
24 739 1
24 756 1
24 832 1
24 867 1
24 880 1
24 888 1
24 960 1
25 47 1
25 167 1
25 436 1
25 720 1
26 41 1
26 44 1
26 59 1
26 61 1
26 68 1
26 87 1
26 104 1
26 134 1
26 142 1
26 212 1
26 364 1
26 400 1
26 419 1
26 475 1
26 645 1
26 668 1
26 689 1
26 714 1
26 752 1
26 975 1
27 30 1
27 31 1
27 33 1
27 38 1
27 50 1
27 52 1
27 70 1
27 74 1
27 82 1
27 85 1
27 95 1
27 102 1
27 137 1
27 178 1
27 246 1
27 264 1
27 284 1
27 293 1
27 308 1
27 366 1
27 390 1
27 404 1
27 422 1
27 426 1
27 457 1
27 465 1
27 498 1
27 513 1
27 519 1
27 551 1
27 560 1
27 657 1
27 713 1
27 770 1
27 784 1
27 861 1
27 894 1
27 911 1
27 946 1
27 953 1
27 978 1
28 35 1
28 37 1
28 39 1
28 48 1
28 56 1
28 62 1
28 68 1
28 78 1
28 84 1
28 99 1
28 102 1
28 123 1
28 124 1
28 137 1
28 186 1
28 190 1
28 210 1
28 214 1
28 232 1
28 245 1
28 261 1
28 267 1
28 318 1
28 365 1
28 423 1
28 426 1
28 441 1
28 442 1
28 459 1
28 530 1
28 646 1
28 676 1
28 710 1
28 799 1
28 813 1
28 872 1
28 883 1
28 962 1
29 36 1
29 43 1
29 45 1
29 50 1
29 67 1
29 71 1
29 77 1
29 89 1
29 93 1
29 101 1
29 112 1
29 113 1
29 153 1
29 213 1
29 215 1
29 220 1
29 251 1
29 262 1
29 286 1
29 295 1
29 350 1
29 409 1
29 454 1
29 487 1
29 497 1
29 581 1
29 589 1
29 592 1
29 649 1
29 667 1
29 719 1
29 720 1
29 802 1
29 869 1
29 870 1
29 911 1
30 41 1
30 69 1
30 85 1
30 95 1
30 141 1
30 235 1
30 289 1
30 430 1
30 472 1
30 473 1
30 759 1
30 762 1
30 795 1
30 804 1
30 837 1
30 844 1
30 970 1
31 100 1
31 140 1
31 147 1
31 298 1
31 334 1
31 463 1
31 536 1
31 706 1
31 909 1
31 984 1
32 48 1
32 61 1
32 64 1
32 65 1
32 83 1
32 91 1
32 158 1
32 162 1
32 181 1
32 210 1
32 238 1
32 284 1
32 384 1
32 401 1
32 412 1
32 481 1
32 602 1
32 686 1
32 699 1
32 714 1
32 716 1
32 731 1
32 743 1
32 791 1
32 840 1
32 846 1
32 891 1
32 951 1
33 43 1
33 44 1
33 60 1
33 94 1
33 105 1
33 160 1
33 175 1
33 190 1
33 266 1
33 287 1
33 356 1
33 428 1
33 509 1
33 575 1
33 688 1
33 702 1
33 732 1
33 797 1
33 844 1
33 882 1
34 45 1
34 73 1
34 97 1
34 124 1
34 168 1
34 234 1
34 508 1
34 566 1
34 672 1
34 733 1
34 834 1
34 842 1
34 900 1
35 39 1
35 51 1
35 55 1
35 59 1
35 76 1
35 97 1
35 119 1
35 144 1
35 145 1
35 153 1
35 166 1
35 173 1
35 233 1
35 235 1
35 255 1
35 263 1
35 266 1
35 280 1
35 303 1
35 319 1
35 322 1
35 336 1
35 378 1
35 416 1
35 418 1
35 443 1
35 506 1
35 563 1
35 616 1
35 634 1
35 637 1
35 691 1
35 722 1
35 738 1
35 770 1
35 811 1
35 881 1
35 891 1
35 931 1
35 984 1
36 40 1
36 97 1
36 135 1
36 226 1
36 237 1
36 310 1
36 334 1
36 352 1
36 384 1
36 527 1
36 534 1
36 558 1
36 582 1
36 875 1
36 902 1
36 906 1
37 46 1
37 58 1
37 100 1
37 150 1
37 166 1
37 178 1
37 189 1
37 302 1
37 341 1
37 428 1
37 432 1
37 606 1
37 668 1
37 707 1
37 777 1
38 42 1
38 49 1
38 68 1
38 306 1
38 329 1
38 396 1
38 492 1
38 649 1
38 694 1
38 942 1
39 82 1
39 87 1
39 89 1
39 217 1
39 295 1
39 344 1
39 445 1
39 581 1
39 610 1
39 794 1
39 802 1
39 803 1
39 960 1
40 42 1
40 108 1
40 124 1
40 154 1
40 186 1
40 202 1
40 234 1
40 245 1
40 268 1
40 274 1
40 389 1
40 413 1
40 461 1
40 465 1
40 496 1
40 520 1
40 536 1
40 542 1
40 553 1
40 786 1
40 815 1
41 63 1
41 98 1
41 214 1
41 350 1
41 352 1
41 413 1
41 726 1
41 772 1
41 864 1
42 97 1
42 112 1
42 170 1
42 187 1
42 335 1
42 627 1
42 660 1
42 673 1
42 848 1
42 929 1
42 965 1
43 57 1
43 71 1
43 119 1
43 137 1
43 165 1
43 189 1
43 196 1
43 207 1
43 241 1
43 273 1
43 318 1
43 509 1
43 680 1
43 707 1
43 722 1
43 874 1
44 53 1
44 75 1
44 111 1
44 113 1
44 291 1
44 338 1
44 353 1
44 355 1
44 358 1
44 397 1
44 480 1
44 580 1
44 811 1
44 895 1
44 939 1
44 985 1
45 61 1
45 75 1
45 127 1
45 131 1
45 141 1
45 192 1
45 345 1
45 383 1
45 542 1
45 571 1
45 694 1
45 706 1
45 778 1
45 785 1
45 805 1
45 821 1
45 894 1
45 907 1
45 960 1
45 976 1
45 986 1
46 54 1
46 73 1
46 101 1
46 107 1
46 111 1
46 124 1
46 139 1
46 152 1
46 172 1
46 184 1
46 255 1
46 302 1
46 331 1
46 338 1
46 470 1
46 471 1
46 522 1
46 540 1
46 568 1
46 632 1
46 637 1
46 654 1
46 789 1
46 800 1
46 827 1
46 924 1
46 964 1
46 982 1
47 56 1
47 63 1
47 65 1
47 75 1
47 88 1
47 104 1
47 114 1
47 126 1
47 161 1
47 178 1
47 215 1
47 280 1
47 317 1
47 406 1
47 422 1
47 547 1
47 565 1
47 664 1
47 741 1
47 747 1
47 825 1
47 851 1
47 868 1
47 871 1
47 930 1
47 991 1
48 50 1
48 54 1
48 56 1
48 69 1
48 77 1
48 117 1
48 132 1
48 177 1
48 188 1
48 191 1
48 290 1
48 297 1
48 311 1
48 383 1
48 390 1
48 453 1
48 497 1
48 530 1
48 704 1
48 724 1
48 871 1
49 52 1
49 66 1
49 74 1
49 160 1
49 195 1
49 213 1
49 248 1
49 334 1
49 368 1
49 395 1
49 470 1
49 507 1
49 534 1
49 570 1
49 647 1
49 665 1
49 792 1
49 794 1
49 843 1
50 60 1
50 71 1
50 86 1
50 112 1
50 123 1
50 127 1
50 252 1
50 269 1
50 347 1
50 367 1
50 381 1
50 444 1
50 530 1
50 552 1
50 567 1
50 578 1
50 645 1
50 856 1
50 876 1
50 918 1
50 926 1
50 949 1
50 969 1
51 62 1
51 120 1
51 206 1
51 263 1
51 305 1
51 322 1
51 344 1
51 415 1
51 416 1
51 530 1
51 606 1
51 857 1
52 54 1
52 60 1
52 63 1
52 70 1
52 74 1
52 81 1
52 114 1
52 115 1
52 116 1
52 123 1
52 142 1
52 146 1
52 151 1
52 173 1
52 174 1
52 208 1
52 242 1
52 323 1
52 358 1
52 371 1
52 397 1
52 403 1
52 441 1
52 473 1
52 496 1
52 566 1
52 568 1
52 767 1
52 801 1
52 921 1
52 972 1
53 107 1
53 148 1
53 219 1
53 278 1
53 288 1
53 333 1
53 378 1
53 459 1
53 508 1
53 662 1
53 729 1
53 762 1
53 806 1
53 948 1
54 98 1
54 203 1
54 226 1
54 230 1
54 237 1
54 238 1
54 279 1
54 287 1
54 321 1
54 448 1
54 540 1
54 689 1
54 830 1
54 927 1
54 978 1
54 991 1
54 996 1
55 76 1
55 108 1
55 131 1
55 159 1
55 202 1
55 249 1
55 295 1
55 321 1
55 327 1
55 360 1
55 477 1
55 485 1
55 569 1
56 58 1
56 67 1
56 82 1
56 93 1
56 99 1
56 102 1
56 107 1
56 122 1
56 171 1
56 199 1
56 247 1
56 249 1
56 271 1
56 277 1
56 295 1
56 296 1
56 319 1
56 336 1
56 343 1
56 360 1
56 462 1
56 468 1
56 471 1
56 524 1
56 596 1
56 646 1
56 677 1
56 708 1
56 726 1
56 731 1
56 774 1
56 855 1
56 890 1
56 892 1
56 895 1
56 896 1
56 957 1
57 87 1
57 201 1
57 215 1
57 332 1
57 354 1
57 440 1
57 546 1
57 767 1
57 858 1
57 915 1
58 66 1
58 240 1
58 327 1
58 384 1
58 398 1
58 464 1
58 517 1
58 550 1
58 650 1
58 670 1
58 673 1
58 714 1
58 717 1
58 766 1
58 823 1
59 202 1
59 239 1
59 260 1
59 282 1
59 344 1
59 374 1
59 388 1
59 489 1
59 709 1
59 743 1
59 889 1
59 968 1
60 226 1
60 240 1
60 343 1
60 486 1
60 877 1
61 80 1
61 106 1
61 118 1
61 189 1
61 236 1
61 303 1
61 315 1
61 342 1
61 353 1
61 358 1
61 390 1
61 397 1
61 400 1
61 402 1
61 632 1
61 641 1
61 683 1
61 692 1
61 734 1
61 745 1
61 867 1
61 924 1
61 950 1
62 134 1
62 135 1
62 164 1
62 320 1
62 333 1
62 455 1
62 557 1
62 570 1
62 592 1
62 721 1
62 793 1
62 799 1
62 809 1
62 877 1
62 943 1
62 996 1
63 125 1
63 131 1
63 159 1
63 162 1
63 166 1
63 195 1
63 204 1
63 208 1
63 230 1
63 233 1
63 251 1
63 267 1
63 269 1
63 305 1
63 306 1
63 365 1
63 465 1
63 466 1
63 489 1
63 550 1
63 615 1
63 703 1
63 764 1
63 813 1
63 818 1
63 848 1
64 78 1
64 104 1
64 115 1
64 145 1
64 162 1
64 195 1
64 199 1
64 218 1
64 244 1
64 248 1
64 256 1
64 292 1
64 298 1
64 325 1
64 366 1
64 408 1
64 414 1
64 434 1
64 578 1
64 611 1
64 616 1
64 787 1
64 794 1
64 800 1
65 173 1
65 180 1
65 187 1
65 244 1
65 293 1
65 317 1
65 651 1
65 684 1
65 738 1
65 789 1
66 96 1
66 101 1
66 112 1
66 120 1
66 123 1
66 141 1
66 170 1
66 184 1
66 228 1
66 246 1
66 264 1
66 290 1
66 326 1
66 349 1
66 377 1
66 387 1
66 392 1
66 452 1
66 491 1
66 517 1
66 534 1
66 561 1
66 563 1
66 619 1
66 695 1
66 700 1
66 962 1
67 80 1
67 112 1
67 133 1
67 143 1
67 156 1
67 170 1
67 198 1
67 232 1
67 292 1
67 314 1
67 376 1
67 412 1
67 495 1
67 554 1
67 567 1
67 574 1
67 603 1
67 608 1
67 637 1
67 663 1
67 674 1
67 731 1
67 733 1
67 750 1
67 755 1
67 764 1
67 765 1
67 814 1
67 927 1
67 959 1
68 81 1
68 84 1
68 85 1
68 93 1
68 107 1
68 138 1
68 224 1
68 261 1
68 288 1
68 296 1
68 312 1
68 314 1
68 403 1
68 409 1
68 424 1
68 523 1
68 527 1
68 590 1
68 612 1
68 677 1
68 737 1
68 751 1
68 808 1
68 958 1
68 974 1
69 117 1
69 253 1
69 336 1
69 355 1
69 379 1
69 389 1
69 538 1
69 595 1
69 617 1
69 642 1
69 659 1
69 810 1
69 935 1
70 93 1
70 128 1
70 155 1
70 161 1
70 216 1
70 221 1
70 229 1
70 262 1
70 305 1
70 330 1
70 360 1
70 362 1
70 381 1
70 407 1
70 483 1
70 485 1
70 487 1
70 496 1
70 498 1
70 670 1
70 672 1
70 694 1
70 714 1
70 722 1
70 776 1
70 823 1
70 828 1
70 912 1
70 982 1
70 989 1
71 139 1
71 198 1
71 440 1
71 480 1
71 491 1
71 555 1
71 627 1
71 667 1
71 685 1
71 704 1
71 852 1
71 857 1
72 183 1
72 452 1
72 514 1
72 801 1
73 114 1
73 223 1
73 302 1
73 549 1
73 607 1
73 655 1
73 835 1
73 990 1
73 998 1
74 90 1
74 116 1
74 130 1
74 142 1
74 145 1
74 216 1
74 293 1
74 342 1
74 366 1
74 479 1
74 528 1
74 566 1
74 581 1
74 627 1
74 701 1
74 709 1
74 815 1
74 874 1
75 79 1
75 80 1
75 81 1
75 83 1
75 87 1
75 96 1
75 131 1
75 132 1
75 138 1
75 140 1
75 172 1
75 197 1
75 212 1
75 216 1
75 269 1
75 328 1
75 357 1
75 386 1
75 430 1
75 477 1
75 587 1
75 638 1
75 725 1
75 727 1
75 795 1
75 809 1
75 847 1
75 876 1
76 94 1
76 129 1
76 237 1
76 265 1
76 271 1
76 476 1
76 490 1
76 839 1
76 885 1
77 90 1
77 97 1
77 126 1
77 139 1
77 264 1
77 270 1
77 287 1
77 339 1
77 357 1
77 384 1
77 389 1
77 404 1
77 407 1
77 447 1
77 569 1
77 697 1
77 718 1
77 774 1
77 816 1
77 829 1
77 839 1
77 941 1
78 95 1
78 103 1
78 178 1
78 298 1
78 330 1
78 362 1
78 463 1
78 470 1
78 657 1
78 843 1
78 974 1
79 91 1
79 96 1
79 128 1
79 129 1
79 206 1
79 301 1
79 356 1
79 415 1
79 442 1
79 463 1
79 473 1
79 512 1
79 525 1
79 583 1
79 723 1
79 742 1
79 764 1
79 803 1
79 848 1
79 881 1
79 917 1
79 920 1
80 110 1
80 119 1
80 143 1
80 189 1
80 334 1
80 492 1
80 517 1
80 559 1
80 598 1
80 613 1
80 725 1
80 812 1
80 826 1
80 847 1
80 950 1
80 989 1
81 192 1
81 201 1
81 209 1
81 222 1
81 233 1
81 293 1
81 310 1
81 339 1
81 526 1
81 532 1
81 680 1
81 688 1
81 707 1
81 755 1
81 770 1
82 100 1
82 118 1
82 239 1
82 265 1
82 509 1
83 89 1
83 104 1
83 126 1
83 176 1
83 193 1
83 199 1
83 206 1
83 323 1
83 336 1
83 373 1
83 396 1
83 482 1
83 543 1
83 640 1
83 716 1
83 786 1
83 995 1
84 299 1
84 354 1
84 418 1
84 588 1
85 99 1
85 109 1
85 122 1
85 146 1
85 171 1
85 173 1
85 281 1
85 282 1
85 351 1
85 421 1
85 459 1
85 472 1
85 537 1
85 571 1
85 689 1
85 708 1
85 806 1
85 828 1
86 96 1
86 127 1
86 157 1
86 345 1
86 372 1
86 385 1
86 461 1
86 573 1
86 608 1
86 776 1
86 856 1
86 861 1
86 889 1
86 915 1
86 939 1
87 111 1
87 145 1
87 285 1
87 309 1
87 312 1
87 374 1
87 629 1
87 823 1
87 826 1
87 984 1
88 90 1
88 91 1
88 103 1
88 119 1
88 140 1
88 155 1
88 160 1
88 175 1
88 181 1
88 241 1
88 258 1
88 332 1
88 338 1
88 391 1
88 399 1
88 448 1
88 450 1
88 454 1
88 482 1
88 532 1
88 661 1
88 745 1
88 780 1
88 790 1
88 914 1
88 919 1
89 102 1
89 127 1
89 221 1
89 222 1
89 230 1
89 254 1
89 337 1
89 368 1
89 526 1
89 622 1
89 728 1
89 791 1
90 99 1
90 142 1
90 143 1
90 305 1
90 828 1
90 883 1
90 993 1
91 92 1
91 95 1
91 172 1
91 233 1
91 257 1
91 320 1
91 337 1
91 382 1
91 591 1
91 742 1
91 817 1
91 891 1
92 141 1
92 183 1
92 232 1
92 280 1
92 373 1
92 424 1
92 433 1
92 443 1
92 652 1
92 793 1
93 147 1
93 201 1
93 348 1
93 380 1
93 387 1
93 490 1
93 576 1
93 651 1
93 684 1
93 773 1
93 938 1
94 202 1
94 248 1
94 327 1
94 468 1
94 666 1
95 125 1
95 227 1
95 265 1
95 275 1
95 279 1
95 342 1
95 350 1
95 420 1
95 533 1
95 637 1
95 772 1
95 894 1
96 184 1
96 210 1
96 616 1
96 793 1
96 849 1
97 103 1
97 174 1
97 271 1
97 582 1
98 140 1
98 285 1
98 378 1
98 529 1
99 103 1
99 214 1
99 246 1
99 814 1
99 846 1
99 866 1
99 952 1
100 169 1
100 308 1
100 321 1
100 460 1
100 644 1
100 751 1
100 785 1
100 862 1
100 914 1
100 948 1
100 1000 1
101 474 1
102 219 1
102 266 1
102 449 1
102 594 1
102 695 1
102 982 1
103 132 1
103 146 1
103 151 1
103 178 1
103 237 1
103 246 1
103 268 1
103 313 1
103 325 1
103 507 1
103 578 1
103 599 1
103 619 1
103 654 1
103 691 1
103 740 1
104 121 1
104 130 1
104 146 1
104 155 1
104 186 1
104 229 1
104 286 1
104 326 1
104 369 1
104 601 1
104 734 1
104 817 1
104 870 1
105 158 1
105 250 1
105 273 1
105 351 1
105 631 1
105 741 1
105 772 1
105 822 1
105 880 1
105 926 1
106 116 1
106 127 1
106 152 1
106 168 1
106 175 1
106 176 1
106 266 1
106 283 1
106 369 1
106 427 1
106 447 1
106 528 1
106 531 1
106 593 1
106 598 1
106 607 1
106 671 1
106 677 1
106 758 1
106 861 1
107 141 1
107 205 1
107 251 1
107 259 1
107 261 1
107 311 1
107 361 1
107 460 1
107 471 1
107 489 1
107 516 1
107 548 1
107 720 1
107 940 1
107 983 1
108 114 1
108 128 1
108 133 1
108 134 1
108 163 1
108 218 1
108 257 1
108 267 1
108 369 1
108 375 1
108 414 1
108 513 1
108 593 1
108 644 1
108 674 1
108 744 1
108 803 1
108 855 1
108 885 1
108 910 1
108 927 1
108 980 1
109 113 1
109 152 1
109 275 1
109 300 1
109 314 1
109 331 1
109 359 1
109 423 1
109 577 1
109 590 1
109 605 1
109 810 1
109 912 1
109 933 1
110 121 1
110 191 1
110 219 1
110 260 1
110 274 1
110 392 1
110 399 1
110 414 1
110 442 1
110 452 1
110 633 1
110 760 1
110 771 1
110 805 1
111 236 1
111 392 1
111 396 1
111 429 1
111 541 1
111 649 1
111 856 1
111 946 1
112 113 1
112 211 1
112 225 1
112 520 1
112 528 1
112 688 1
112 850 1
113 146 1
113 300 1
113 360 1
113 425 1
113 456 1
113 563 1
113 832 1
113 913 1
113 931 1
113 947 1
114 130 1
114 161 1
114 196 1
114 212 1
114 395 1
114 488 1
114 634 1
114 797 1
114 947 1
115 165 1
115 171 1
115 196 1
115 217 1
115 565 1
115 607 1
115 629 1
115 666 1
115 854 1
116 168 1
116 180 1
116 193 1
116 310 1
116 334 1
116 412 1
116 439 1
116 469 1
116 571 1
116 601 1
116 653 1
116 911 1
117 182 1
117 190 1
117 253 1
117 352 1
117 427 1
117 494 1
118 168 1
118 242 1
118 391 1
118 409 1
118 417 1
118 439 1
118 597 1
118 620 1
118 749 1
118 771 1
119 174 1
119 437 1
119 463 1
119 505 1
119 578 1
119 580 1
119 863 1
120 225 1
120 254 1
120 361 1
120 574 1
120 585 1
120 684 1
120 822 1
120 843 1
120 983 1
121 715 1
121 739 1
121 845 1
121 925 1
122 200 1
122 209 1
122 211 1
122 255 1
122 361 1
122 501 1
122 589 1
122 625 1
122 639 1
122 757 1
122 899 1
122 988 1
123 155 1
123 420 1
123 498 1
123 624 1
123 657 1
123 792 1
124 147 1
124 169 1
124 192 1
124 193 1
124 208 1
124 213 1
124 214 1
124 222 1
124 235 1
124 250 1
124 316 1
124 330 1
124 345 1
124 370 1
124 468 1
124 590 1
124 630 1
124 881 1
124 906 1
125 150 1
125 159 1
125 166 1
125 172 1
125 182 1
125 200 1
125 247 1
125 367 1
125 368 1
125 391 1
125 552 1
125 784 1
125 923 1
125 996 1
125 999 1
126 151 1
126 180 1
126 345 1
126 587 1
126 629 1
126 705 1
126 800 1
126 838 1
127 561 1
127 614 1
127 821 1
127 883 1
128 182 1
128 225 1
128 277 1
128 313 1
128 323 1
128 426 1
128 505 1
128 506 1
128 577 1
128 600 1
128 668 1
128 979 1
129 136 1
129 157 1
129 378 1
129 555 1
129 650 1
130 197 1
130 198 1
130 243 1
130 427 1
130 614 1
130 652 1
130 746 1
130 908 1
130 995 1
131 136 1
131 164 1
131 231 1
131 386 1
131 395 1
131 439 1
131 594 1
131 962 1
132 310 1
132 744 1
133 271 1
133 549 1
133 576 1
133 693 1
133 726 1
133 818 1
133 977 1
134 162 1
134 177 1
134 183 1
134 204 1
134 214 1
134 363 1
134 416 1
134 427 1
134 477 1
134 597 1
134 619 1
134 842 1
135 521 1
136 179 1
136 184 1
136 313 1
136 478 1
136 851 1
136 943 1
136 997 1
137 183 1
137 253 1
137 257 1
137 598 1
137 851 1
139 263 1
139 273 1
139 277 1
139 364 1
139 395 1
139 546 1
139 808 1
139 919 1
139 942 1
140 230 1
140 331 1
140 385 1
140 508 1
140 561 1
140 847 1
141 154 1
141 164 1
141 478 1
142 180 1
142 190 1
142 635 1
142 956 1
143 152 1
143 167 1
143 223 1
143 238 1
143 339 1
143 405 1
143 501 1
143 505 1
143 522 1
143 533 1
143 568 1
143 654 1
143 685 1
143 878 1
144 170 1
144 194 1
144 309 1
144 319 1
144 480 1
144 657 1
144 748 1
144 933 1
144 960 1
145 290 1
145 405 1
145 488 1
145 534 1
145 576 1
145 830 1
145 859 1
146 157 1
146 181 1
146 220 1
146 223 1
146 241 1
146 248 1
146 258 1
146 283 1
146 301 1
146 331 1
146 359 1
146 407 1
146 431 1
146 452 1
146 479 1
146 488 1
146 507 1
146 527 1
146 540 1
146 606 1
146 669 1
146 675 1
146 719 1
146 757 1
146 778 1
146 781 1
146 791 1
146 912 1
146 976 1
147 149 1
147 177 1
147 179 1
147 208 1
147 242 1
147 399 1
147 401 1
147 514 1
147 592 1
147 715 1
147 804 1
147 806 1
147 953 1
148 157 1
148 194 1
148 217 1
148 432 1
148 456 1
148 486 1
148 515 1
148 703 1
148 756 1
148 886 1
148 899 1
148 957 1
149 158 1
149 184 1
149 290 1
149 360 1
149 518 1
149 526 1
149 535 1
149 622 1
149 628 1
149 629 1
149 784 1
149 799 1
150 181 1
151 165 1
151 385 1
152 191 1
152 209 1
152 415 1
152 639 1
152 906 1
153 363 1
153 393 1
153 475 1
153 648 1
153 713 1
154 164 1
154 211 1
154 239 1
154 268 1
154 383 1
154 438 1
154 460 1
154 558 1
154 686 1
154 723 1
154 914 1
154 962 1
154 965 1
155 236 1
155 402 1
155 438 1
155 514 1
155 568 1
155 610 1
156 348 1
156 389 1
156 441 1
156 583 1
156 614 1
157 279 1
157 305 1
158 539 1
159 420 1
159 495 1
160 197 1
160 216 1
160 245 1
160 256 1
160 268 1
160 330 1
160 393 1
160 594 1
160 670 1
160 872 1
160 874 1
161 180 1
161 248 1
161 278 1
161 291 1
161 412 1
161 661 1
161 760 1
161 813 1
161 947 1
161 988 1
161 994 1
162 218 1
162 682 1
162 687 1
162 780 1
162 906 1
162 945 1
162 985 1
163 200 1
163 227 1
163 493 1
163 728 1
163 759 1
163 777 1
163 875 1
163 935 1
163 985 1
164 205 1
164 371 1
164 402 1
164 436 1
164 641 1
164 703 1
164 743 1
164 958 1
165 425 1
165 609 1
165 736 1
165 871 1
166 212 1
166 220 1
166 267 1
166 291 1
166 335 1
166 368 1
166 537 1
166 681 1
166 709 1
167 256 1
167 343 1
167 358 1
167 372 1
167 396 1
167 425 1
167 529 1
167 618 1
167 963 1
168 191 1
168 243 1
168 281 1
168 341 1
168 346 1
168 372 1
168 384 1
168 406 1
168 550 1
168 554 1
168 627 1
168 741 1
168 841 1
168 865 1
168 911 1
169 326 1
169 444 1
170 205 1
170 223 1
170 276 1
170 415 1
170 472 1
170 692 1
171 365 1
171 370 1
171 443 1
171 529 1
171 739 1
171 860 1
171 865 1
172 236 1
172 403 1
172 414 1
172 678 1
173 204 1
173 209 1
173 284 1
173 304 1
173 322 1
173 406 1
173 554 1
173 604 1
173 609 1
173 759 1
173 784 1
173 787 1
173 954 1
174 564 1
174 928 1
175 186 1
175 345 1
175 388 1
175 429 1
175 503 1
175 504 1
175 649 1
175 748 1
175 763 1
175 784 1
175 921 1
175 932 1
175 954 1
175 957 1
176 182 1
176 207 1
176 467 1
176 854 1
177 513 1
177 745 1
177 875 1
178 241 1
178 251 1
178 277 1
178 967 1
179 194 1
179 270 1
179 273 1
179 371 1
179 377 1
179 467 1
179 484 1
179 572 1
179 580 1
179 766 1
179 997 1
181 188 1
181 301 1
181 365 1
182 188 1
182 215 1
182 229 1
182 332 1
182 354 1
182 398 1
182 426 1
182 435 1
182 630 1
182 853 1
182 862 1
182 883 1
182 952 1
182 987 1
183 195 1
183 205 1
183 319 1
183 375 1
183 379 1
183 405 1
183 487 1
183 496 1
183 526 1
183 544 1
183 865 1
183 938 1
183 956 1
183 968 1
184 213 1
184 288 1
184 372 1
184 400 1
184 521 1
184 869 1
184 931 1
185 198 1
185 259 1
185 696 1
185 750 1
186 228 1
186 262 1
186 311 1
186 315 1
186 364 1
186 379 1
186 383 1
186 449 1
186 494 1
186 512 1
186 529 1
186 535 1
186 639 1
186 941 1
186 961 1
186 971 1
186 972 1
187 302 1
187 408 1
187 438 1
187 471 1
187 717 1
187 888 1
188 524 1
188 569 1
188 612 1
188 652 1
188 824 1
189 225 1
189 325 1
189 599 1
189 894 1
189 908 1
190 238 1
190 673 1
190 891 1
190 901 1
190 939 1
190 963 1
191 309 1
191 335 1
191 419 1
191 777 1
192 289 1
192 309 1
192 363 1
192 425 1
192 434 1
192 644 1
192 730 1
192 858 1
192 880 1
193 215 1
193 378 1
193 380 1
193 418 1
193 518 1
193 629 1
193 660 1
193 808 1
193 845 1
193 884 1
193 937 1
194 303 1
194 390 1
195 776 1
195 849 1
196 213 1
196 351 1
196 549 1
196 983 1
197 266 1
197 515 1
197 524 1
197 727 1
197 754 1
197 924 1
197 965 1
197 999 1
198 201 1
198 244 1
198 312 1
198 329 1
198 430 1
198 752 1
198 758 1
198 934 1
198 969 1
199 209 1
199 222 1
199 233 1
199 331 1
199 333 1
199 353 1
199 770 1
200 240 1
200 424 1
200 545 1
200 611 1
200 662 1
200 667 1
200 668 1
200 909 1
200 981 1
201 261 1
201 354 1
201 399 1
201 450 1
201 464 1
201 611 1
201 625 1
201 695 1
201 765 1
201 807 1
201 831 1
201 835 1
202 234 1
202 381 1
202 388 1
202 433 1
202 510 1
202 669 1
202 700 1
202 833 1
202 881 1
202 964 1
203 206 1
203 227 1
203 250 1
203 276 1
203 323 1
203 380 1
203 412 1
203 553 1
203 606 1
203 645 1
203 863 1
203 876 1
204 218 1
204 261 1
204 349 1
204 405 1
204 413 1
204 445 1
204 463 1
204 501 1
204 634 1
204 780 1
204 922 1
205 349 1
205 361 1
205 410 1
205 420 1
205 443 1
205 456 1
205 498 1
205 562 1
205 613 1
205 756 1
205 904 1
206 229 1
206 276 1
206 333 1
206 498 1
206 536 1
206 585 1
206 651 1
206 702 1
206 737 1
206 754 1
206 828 1
206 853 1
206 983 1
207 270 1
207 274 1
207 455 1
207 549 1
207 630 1
207 687 1
207 987 1
208 217 1
208 272 1
208 285 1
208 303 1
208 337 1
208 359 1
208 505 1
208 537 1
208 544 1
208 582 1
208 611 1
208 633 1
208 670 1
208 767 1
209 252 1
209 325 1
209 361 1
209 575 1
209 624 1
210 237 1
210 279 1
210 341 1
210 385 1
210 598 1
210 764 1
210 986 1
211 217 1
211 254 1
211 265 1
211 353 1
211 387 1
211 428 1
211 445 1
211 825 1
211 895 1
212 322 1
212 803 1
213 230 1
213 258 1
213 277 1
213 445 1
213 491 1
213 579 1
213 704 1
213 727 1
213 944 1
214 231 1
214 333 1
214 386 1
214 468 1
214 517 1
214 688 1
214 724 1
214 740 1
215 318 1
215 393 1
215 434 1
215 437 1
215 446 1
215 488 1
215 586 1
215 817 1
216 312 1
216 748 1
217 245 1
217 308 1
217 533 1
217 616 1
218 244 1
218 410 1
218 659 1
219 240 1
219 280 1
219 282 1
219 304 1
219 519 1
219 528 1
219 817 1
219 820 1
219 945 1
219 975 1
220 278 1
220 294 1
220 565 1
220 751 1
221 294 1
221 313 1
221 347 1
221 476 1
221 675 1
221 718 1
222 304 1
222 961 1
223 231 1
223 243 1
223 288 1
223 495 1
223 864 1
224 280 1
224 375 1
224 436 1
224 450 1
224 567 1
224 678 1
225 249 1
225 271 1
225 341 1
225 405 1
225 429 1
225 582 1
225 712 1
225 768 1
225 925 1
225 954 1
226 291 1
226 521 1
226 562 1
226 664 1
226 673 1
226 780 1
226 890 1
227 243 1
227 256 1
227 312 1
227 574 1
228 234 1
228 410 1
228 477 1
228 980 1
229 293 1
229 350 1
229 457 1
229 474 1
229 539 1
229 709 1
229 753 1
229 766 1
229 818 1
230 247 1
230 316 1
230 324 1
230 575 1
230 591 1
230 868 1
231 306 1
231 547 1
231 740 1
231 812 1
231 935 1
231 961 1
232 278 1
232 775 1
232 871 1
233 444 1
233 448 1
233 656 1
233 699 1
233 819 1
234 383 1
234 481 1
234 546 1
234 696 1
234 829 1
234 864 1
235 247 1
235 253 1
235 317 1
235 484 1
235 500 1
235 716 1
235 735 1
235 845 1
235 948 1
235 990 1
236 264 1
236 282 1
236 480 1
236 728 1
236 775 1
236 788 1
236 805 1
236 865 1
237 286 1
237 291 1
237 394 1
237 538 1
237 822 1
237 978 1
238 302 1
238 460 1
238 545 1
238 558 1
238 617 1
238 740 1
238 808 1
238 869 1
238 890 1
238 988 1
239 265 1
239 314 1
239 340 1
239 356 1
239 579 1
239 651 1
239 677 1
239 698 1
239 772 1
239 809 1
240 274 1
240 311 1
240 372 1
240 609 1
240 647 1
240 905 1
240 995 1
240 999 1
241 329 1
241 335 1
241 418 1
241 444 1
241 453 1
241 527 1
241 531 1
241 609 1
241 665 1
241 701 1
241 957 1
242 272 1
242 588 1
243 478 1
243 763 1
243 838 1
243 864 1
244 258 1
244 299 1
244 309 1
244 566 1
244 672 1
244 829 1
245 254 1
245 732 1
245 886 1
245 940 1
246 605 1
246 632 1
246 659 1
246 734 1
246 922 1
247 269 1
247 300 1
247 356 1
247 459 1
247 752 1
248 898 1
249 363 1
249 423 1
249 642 1
249 741 1
249 829 1
249 835 1
250 307 1
250 401 1
250 435 1
250 517 1
250 602 1
250 702 1
250 783 1
250 979 1
251 252 1
251 349 1
251 411 1
251 537 1
251 580 1
251 975 1
252 374 1
252 413 1
252 443 1
252 469 1
252 750 1
252 979 1
253 336 1
253 503 1
253 558 1
253 796 1
253 873 1
254 377 1
254 387 1
254 720 1
254 914 1
255 339 1
255 380 1
255 436 1
255 552 1
255 558 1
256 267 1
256 523 1
256 680 1
256 681 1
256 851 1
256 884 1
257 317 1
257 439 1
257 506 1
257 559 1
257 621 1
257 634 1
257 963 1
258 381 1
258 655 1
258 820 1
258 845 1
258 924 1
259 323 1
259 371 1
259 402 1
259 499 1
259 564 1
259 744 1
259 807 1
259 864 1
259 887 1
259 964 1
259 973 1
259 996 1
260 328 1
260 387 1
260 620 1
260 621 1
260 674 1
260 834 1
260 840 1
260 882 1
261 292 1
261 311 1
261 504 1
261 589 1
261 830 1
261 849 1
262 539 1
262 829 1
263 322 1
263 607 1
264 337 1
264 407 1
264 462 1
264 662 1
264 818 1
265 281 1
265 328 1
265 342 1
265 398 1
265 624 1
265 815 1
266 551 1
266 555 1
266 842 1
266 889 1
267 355 1
267 872 1
268 612 1
269 301 1
269 475 1
269 573 1
269 683 1
269 816 1
271 601 1
271 689 1
272 308 1
272 321 1
272 437 1
272 474 1
272 493 1
272 544 1
272 633 1
272 794 1
273 296 1
273 353 1
273 370 1
273 858 1
274 382 1
274 556 1
274 617 1
274 701 1
274 726 1
275 367 1
275 454 1
275 520 1
275 599 1
275 632 1
275 633 1
275 745 1
275 785 1
275 822 1
275 905 1
276 286 1
276 546 1
276 626 1
276 671 1
276 859 1
276 967 1
276 985 1
278 289 1
278 319 1
278 376 1
278 490 1
278 518 1
278 543 1
278 577 1
278 585 1
278 651 1
278 676 1
278 693 1
278 801 1
278 823 1
278 936 1
279 310 1
279 340 1
279 385 1
279 640 1
280 285 1
280 354 1
280 503 1
280 611 1
280 680 1
280 904 1
280 929 1
281 306 1
283 453 1
283 782 1
283 909 1
284 396 1
284 446 1
284 570 1
284 583 1
284 993 1
285 555 1
285 584 1
285 615 1
285 657 1
285 665 1
285 680 1
285 814 1
286 582 1
286 994 1
287 468 1
287 819 1
287 860 1
288 571 1
288 581 1
288 923 1
289 417 1
289 538 1
289 588 1
289 668 1
289 729 1
289 844 1
289 910 1
290 417 1
290 586 1
290 788 1
290 885 1
291 380 1
291 437 1
291 605 1
291 622 1
292 715 1
292 853 1
292 989 1
293 424 1
293 836 1
294 827 1
295 415 1
295 494 1
295 659 1
295 692 1
295 773 1
295 798 1
296 535 1
296 573 1
296 660 1
297 392 1
297 394 1
297 788 1
297 932 1
298 315 1
298 451 1
298 690 1
298 710 1
298 908 1
299 451 1
299 486 1
299 542 1
299 553 1
300 542 1
301 980 1
302 398 1
302 500 1
302 523 1
302 546 1
302 592 1
302 623 1
302 832 1
302 893 1
303 335 1
303 432 1
303 511 1
303 643 1
303 922 1
303 981 1
304 348 1
304 852 1
305 320 1
305 326 1
305 340 1
305 457 1
305 746 1
305 870 1
305 880 1
307 852 1
308 348 1
308 351 1
308 391 1
308 449 1
308 646 1
308 656 1
309 316 1
309 579 1
309 965 1
310 420 1
310 445 1
310 457 1
310 586 1
310 596 1
310 649 1
311 654 1
312 444 1
312 622 1
312 648 1
312 943 1
312 986 1
313 341 1
313 382 1
313 522 1
313 733 1
313 846 1
313 900 1
314 373 1
314 593 1
314 653 1
314 684 1
314 826 1
314 910 1
315 316 1
315 502 1
315 643 1
315 753 1
316 347 1
316 622 1
316 865 1
317 576 1
318 346 1
318 348 1
318 404 1
318 469 1
318 507 1
318 701 1
319 499 1
319 573 1
319 617 1
320 429 1
320 448 1
320 576 1
321 523 1
322 450 1
322 550 1
322 552 1
322 887 1
322 924 1
323 467 1
323 502 1
323 563 1
323 729 1
323 993 1
324 932 1
325 584 1
325 820 1
325 964 1
326 762 1
326 769 1
326 955 1
327 810 1
327 992 1
328 394 1
328 466 1
328 483 1
328 542 1
328 793 1
328 857 1
328 890 1
329 435 1
329 753 1
330 518 1
330 968 1
331 458 1
331 572 1
331 750 1
331 804 1
332 456 1
332 471 1
332 661 1
332 947 1
332 999 1
333 909 1
335 421 1
335 772 1
336 394 1
336 608 1
337 779 1
337 953 1
338 669 1
338 938 1
339 362 1
339 370 1
339 411 1
339 413 1
339 476 1
339 572 1
339 612 1
339 637 1
339 646 1
339 699 1
339 874 1
340 604 1
340 625 1
341 393 1
341 505 1
341 907 1
342 548 1
342 648 1
342 698 1
343 356 1
343 481 1
343 753 1
345 502 1
345 547 1
345 581 1
345 640 1
345 803 1
345 887 1
346 369 1
346 395 1
346 515 1
346 560 1
346 596 1
346 705 1
346 774 1
346 841 1
346 847 1
347 627 1
347 636 1
347 766 1
348 926 1
349 508 1
349 635 1
349 799 1
350 440 1
350 636 1
350 756 1
351 369 1
351 461 1
351 480 1
351 683 1
351 746 1
352 725 1
353 697 1
354 514 1
354 615 1
354 736 1
354 747 1
355 455 1
355 483 1
355 499 1
355 830 1
356 815 1
357 399 1
357 462 1
357 486 1
357 520 1
357 551 1
357 570 1
357 876 1
357 949 1
358 475 1
358 500 1
358 519 1
358 560 1
358 896 1
358 901 1
359 416 1
359 433 1
359 496 1
359 647 1
359 748 1
360 663 1
360 690 1
360 693 1
360 742 1
360 838 1
360 859 1
360 915 1
361 479 1
361 721 1
361 763 1
361 773 1
362 647 1
362 953 1
362 971 1
365 602 1
365 707 1
365 757 1
365 879 1
365 905 1
365 917 1
366 379 1
366 465 1
366 466 1
366 531 1
367 506 1
367 944 1
368 613 1
368 631 1
369 574 1
369 953 1
369 954 1
370 377 1
370 382 1
370 438 1
370 930 1
371 447 1
371 676 1
371 929 1
371 940 1
372 768 1
373 885 1
374 719 1
375 679 1
377 389 1
377 467 1
377 494 1
377 862 1
377 905 1
378 735 1
378 873 1
379 929 1
380 604 1
382 472 1
382 759 1
382 886 1
383 404 1
383 440 1
383 464 1
383 482 1
383 519 1
383 606 1
383 653 1
383 697 1
383 712 1
383 717 1
383 991 1
384 441 1
384 644 1
384 760 1
386 394 1
386 483 1
386 586 1
386 603 1
387 521 1
387 663 1
387 664 1
387 724 1
387 887 1
389 406 1
389 621 1
389 740 1
389 899 1
390 419 1
390 519 1
391 541 1
391 638 1
391 818 1
391 867 1
392 400 1
392 528 1
392 565 1
392 990 1
393 397 1
393 408 1
394 403 1
395 777 1
396 409 1
396 448 1
396 856 1
396 944 1
397 492 1
398 827 1
399 431 1
399 699 1
400 628 1
400 771 1
400 916 1
401 402 1
401 510 1
401 514 1
401 591 1
402 458 1
402 664 1
402 713 1
402 765 1
403 694 1
404 600 1
405 451 1
405 470 1
405 589 1
405 679 1
405 682 1
405 821 1
405 885 1
406 500 1
406 511 1
406 585 1
406 595 1
406 771 1
407 454 1
407 490 1
407 715 1
407 907 1
407 928 1
409 430 1
409 499 1
409 540 1
409 997 1
410 658 1
410 790 1
411 422 1
411 621 1
412 493 1
412 963 1
413 837 1
413 946 1
414 630 1
414 671 1
414 996 1
415 484 1
415 522 1
415 715 1
415 819 1
415 898 1
415 941 1
416 525 1
416 583 1
416 639 1
416 743 1
416 957 1
416 963 1
417 525 1
417 878 1
418 504 1
418 527 1
418 666 1
418 768 1
419 421 1
419 642 1
419 734 1
419 971 1
420 504 1
420 675 1
421 597 1
421 949 1
421 981 1
422 431 1
422 544 1
423 536 1
423 557 1
423 591 1
423 640 1
423 781 1
423 831 1
424 512 1
424 596 1
424 718 1
425 516 1
425 553 1
425 738 1
426 453 1
426 492 1
426 892 1
426 933 1
426 973 1
427 436 1
427 787 1
428 477 1
428 561 1
428 934 1
429 548 1
429 797 1
431 491 1
432 579 1
432 604 1
432 628 1
432 901 1
433 493 1
433 538 1
433 654 1
433 858 1
434 776 1
434 810 1
434 934 1
435 532 1
435 562 1
436 474 1
437 626 1
437 856 1
438 478 1
438 645 1
439 599 1
439 978 1
440 842 1
440 964 1
440 966 1
442 484 1
442 623 1
442 737 1
443 511 1
443 618 1
443 635 1
443 675 1
443 819 1
443 897 1
443 950 1
444 704 1
446 488 1
446 551 1
446 642 1
447 563 1
449 554 1
449 703 1
449 747 1
450 494 1
450 732 1
451 751 1
451 932 1
452 713 1
452 721 1
453 758 1
453 791 1
453 987 1
454 778 1
455 460 1
455 557 1
455 665 1
457 502 1
459 596 1
460 974 1
461 512 1
461 644 1
462 893 1
463 735 1
464 747 1
464 928 1
464 941 1
465 621 1
466 984 1
467 482 1
467 541 1
468 515 1
468 525 1
468 887 1
468 936 1
469 672 1
470 718 1
470 779 1
470 821 1
470 889 1
471 487 1
471 626 1
472 727 1
473 618 1
473 854 1
474 483 1
474 730 1
476 486 1
476 540 1
476 602 1
476 700 1
476 745 1
476 875 1
478 656 1
478 768 1
479 484 1
480 692 1
480 838 1
481 749 1
482 761 1
483 664 1
483 933 1
484 653 1
484 666 1
485 790 1
485 867 1
487 711 1
487 765 1
488 502 1
488 650 1
489 998 1
490 605 1
490 641 1
490 719 1
492 617 1
492 748 1
492 754 1
492 923 1
493 521 1
493 994 1
494 625 1
494 873 1
494 950 1
495 913 1
496 516 1
496 686 1
496 908 1
497 516 1
497 567 1
497 761 1
498 601 1
498 706 1
498 775 1
498 899 1
498 946 1
498 987 1
499 532 1
499 906 1
500 543 1
500 832 1
500 977 1
501 564 1
501 690 1
501 712 1
502 711 1
503 556 1
503 641 1
504 915 1
505 997 1
507 842 1
507 902 1
508 569 1
509 688 1
509 697 1
509 762 1
509 860 1
509 997 1
511 886 1
512 706 1
512 731 1
512 779 1
512 891 1
512 969 1
513 533 1
513 612 1
513 695 1
513 805 1
513 833 1
513 872 1
514 911 1
514 951 1
515 584 1
515 796 1
515 952 1
516 572 1
516 599 1
516 636 1
517 575 1
517 693 1
517 945 1
518 543 1
518 565 1
518 584 1
518 925 1
519 733 1
519 894 1
521 773 1
522 539 1
522 571 1
522 747 1
522 781 1
523 811 1
524 547 1
524 802 1
524 810 1
525 691 1
525 825 1
526 614 1
527 536 1
527 972 1
529 610 1
529 874 1
530 719 1
530 965 1
531 981 1
531 990 1
533 798 1
535 608 1
535 656 1
535 940 1
535 958 1
536 538 1
536 602 1
536 658 1
536 928 1
537 802 1
537 840 1
537 868 1
538 783 1
539 600 1
539 936 1
540 650 1
540 837 1
541 643 1
542 670 1
542 877 1
542 917 1
543 551 1
543 592 1
543 594 1
543 882 1
543 895 1
544 570 1
544 595 1
544 658 1
544 783 1
544 897 1
544 916 1
545 720 1
545 732 1
545 797 1
545 929 1
546 775 1
546 987 1
548 560 1
548 653 1
548 919 1
549 735 1
552 619 1
552 636 1
552 642 1
552 951 1
553 641 1
553 904 1
554 587 1
554 760 1
555 564 1
555 665 1
555 973 1
556 609 1
556 768 1
557 834 1
557 892 1
557 966 1
558 639 1
558 769 1
558 937 1
559 711 1
560 692 1
561 626 1
561 634 1
561 802 1
561 988 1
562 836 1
563 590 1
563 717 1
563 721 1
563 760 1
566 737 1
566 967 1
567 678 1
567 826 1
568 789 1
569 776 1
569 879 1
570 834 1
570 955 1
571 604 1
572 650 1
572 862 1
574 643 1
575 712 1
575 930 1
577 762 1
577 993 1
578 681 1
579 878 1
579 998 1
581 694 1
582 744 1
582 980 1
583 667 1
583 710 1
586 698 1
587 744 1
587 830 1
587 923 1
588 685 1
588 920 1
590 937 1
591 615 1
591 658 1
591 763 1
592 631 1
592 717 1
592 750 1
592 773 1
592 918 1
593 754 1
595 837 1
595 941 1
596 787 1
597 888 1
597 898 1
598 979 1
600 648 1
600 662 1
600 725 1
600 796 1
600 889 1
601 898 1
601 903 1
601 977 1
602 795 1
602 833 1
602 925 1
604 781 1
605 755 1
605 783 1
605 866 1
607 671 1
607 836 1
608 681 1
608 844 1
608 909 1
610 878 1
611 638 1
612 926 1
612 939 1
614 643 1
614 789 1
614 817 1
615 742 1
616 658 1
616 791 1
617 710 1
617 975 1
619 769 1
620 646 1
621 843 1
621 857 1
621 892 1
622 782 1
623 682 1
623 734 1
623 736 1
623 863 1
624 660 1
624 712 1
624 783 1
624 849 1
625 676 1
625 973 1
626 992 1
627 696 1
627 722 1
627 870 1
627 975 1
628 807 1
629 916 1
630 697 1
632 931 1
633 749 1
633 992 1
634 779 1
634 879 1
636 920 1
640 739 1
641 659 1
641 696 1
641 974 1
642 661 1
642 749 1
644 687 1
644 795 1
644 852 1
646 730 1
646 813 1
646 958 1
648 861 1
652 893 1
653 724 1
653 912 1
654 674 1
654 679 1
654 685 1
654 706 1
654 877 1
655 723 1
655 786 1
656 746 1
656 758 1
657 917 1
658 883 1
659 799 1
660 812 1
661 752 1
661 778 1
661 782 1
661 860 1
663 847 1
663 920 1
664 667 1
664 910 1
665 754 1
665 774 1
665 809 1
667 853 1
667 930 1
669 674 1
671 785 1
671 813 1
671 897 1
671 898 1
672 908 1
672 967 1
673 695 1
676 881 1
677 824 1
680 920 1
682 854 1
683 714 1
683 800 1
683 970 1
686 733 1
686 849 1
687 793 1
688 863 1
688 986 1
689 700 1
690 702 1
690 732 1
690 738 1
690 903 1
691 809 1
691 827 1
692 789 1
694 696 1
694 822 1
695 835 1
695 966 1
696 976 1
698 781 1
699 943 1
699 956 1
703 905 1
704 743 1
705 723 1
707 879 1
709 785 1
709 913 1
709 962 1
710 731 1
712 718 1
713 841 1
713 868 1
714 786 1
714 850 1
714 984 1
718 952 1
718 992 1
723 735 1
723 792 1
723 903 1
726 729 1
726 755 1
730 831 1
731 798 1
732 852 1
733 913 1
734 980 1
735 907 1
736 808 1
736 860 1
738 824 1
738 940 1
738 999 1
739 968 1
739 998 1
740 886 1
740 978 1
741 998 1
742 900 1
743 811 1
745 839 1
745 915 1
748 824 1
748 973 1
749 952 1
751 774 1
752 831 1
753 900 1
755 834 1
755 838 1
756 833 1
757 782 1
757 868 1
758 816 1
759 932 1
759 969 1
763 786 1
766 934 1
770 819 1
773 862 1
774 858 1
777 871 1
777 971 1
778 839 1
778 949 1
780 896 1
781 855 1
783 904 1
786 787 1
788 942 1
789 884 1
792 815 1
793 828 1
793 921 1
793 927 1
793 982 1
798 820 1
798 947 1
799 801 1
801 937 1
802 893 1
803 967 1
807 902 1
808 853 1
810 907 1
811 827 1
811 935 1
812 875 1
813 859 1
813 880 1
813 888 1
813 903 1
816 902 1
819 976 1
820 826 1
822 930 1
823 848 1
823 866 1
823 901 1
825 850 1
826 966 1
827 839 1
828 833 1
829 899 1
831 942 1
832 916 1
838 876 1
840 893 1
841 877 1
847 956 1
849 866 1
849 867 1
850 888 1
851 872 1
854 919 1
855 960 1
857 869 1
859 935 1
861 873 1
861 991 1
863 926 1
865 910 1
866 923 1
868 918 1
868 943 1
868 959 1
868 976 1
876 961 1
882 970 1
884 989 1
885 988 1
893 901 1
894 938 1
902 959 1
904 959 1
910 934 1
913 921 1
918 983 1
920 972 1
924 950 1
926 981 1
928 991 1
934 1000 1
946 954 1
948 986 1
953 955 1
954 969 1
961 1000 1
963 989 1
