1000 4975
1 2 1
1 3 1
1 4 1
1 5 1
1 6 1
1 7 1
1 8 1
1 9 1
1 10 1
1 11 1
1 12 1
1 14 1
1 18 1
1 20 1
1 25 1
1 27 1
1 28 1
1 34 1
1 35 1
1 42 1
1 43 1
1 46 1
1 52 1
1 53 1
1 62 1
1 73 1
1 78 1
1 79 1
1 80 1
1 82 1
1 88 1
1 91 1
1 92 1
1 95 1
1 105 1
1 111 1
1 115 1
1 120 1
1 124 1
1 132 1
1 133 1
1 134 1
1 144 1
1 149 1
1 150 1
1 165 1
1 169 1
1 174 1
1 181 1
1 182 1
1 197 1
1 201 1
1 211 1
1 213 1
1 252 1
1 256 1
1 269 1
1 277 1
1 279 1
1 295 1
1 306 1
1 318 1
1 346 1
1 356 1
1 391 1
1 396 1
1 400 1
1 401 1
1 402 1
1 408 1
1 413 1
1 418 1
1 424 1
1 433 1
1 435 1
1 446 1
1 450 1
1 456 1
1 472 1
1 476 1
1 478 1
1 489 1
1 500 1
1 511 1
1 513 1
1 533 1
1 549 1
1 553 1
1 566 1
1 569 1
1 571 1
1 583 1
1 622 1
1 644 1
1 677 1
1 684 1
1 705 1
1 718 1
1 735 1
1 751 1
1 778 1
1 781 1
1 793 1
1 796 1
1 832 1
1 858 1
1 861 1
1 873 1
1 892 1
1 910 1
1 922 1
1 959 1
1 966 1
1 968 1
1 993 1
2 7 1
2 11 1
2 14 1
2 17 1
2 22 1
2 23 1
2 25 1
2 26 1
2 28 1
2 33 1
2 34 1
2 42 1
2 48 1
2 50 1
2 56 1
2 70 1
2 90 1
2 96 1
2 102 1
2 111 1
2 112 1
2 113 1
2 118 1
2 129 1
2 131 1
2 197 1
2 203 1
2 207 1
2 254 1
2 272 1
2 288 1
2 292 1
2 299 1
2 305 1
2 313 1
2 317 1
2 321 1
2 355 1
2 359 1
2 364 1
2 409 1
2 410 1
2 422 1
2 475 1
2 495 1
2 507 1
2 514 1
2 519 1
2 533 1
2 535 1
2 537 1
2 551 1
2 571 1
2 587 1
2 596 1
2 645 1
2 676 1
2 681 1
2 759 1
2 763 1
2 852 1
2 872 1
2 946 1
2 982 1
3 7 1
3 19 1
3 22 1
3 29 1
3 32 1
3 73 1
3 88 1
3 93 1
3 96 1
3 109 1
3 118 1
3 175 1
3 220 1
3 246 1
3 512 1
3 527 1
3 534 1
3 640 1
3 673 1
3 686 1
3 729 1
3 788 1
3 931 1
3 976 1
4 7 1
4 8 1
4 9 1
4 11 1
4 12 1
4 13 1
4 15 1
4 18 1
4 22 1
4 31 1
4 32 1
4 34 1
4 35 1
4 36 1
4 41 1
4 45 1
4 48 1
4 53 1
4 66 1
4 69 1
4 76 1
4 90 1
4 92 1
4 111 1
4 129 1
4 145 1
4 157 1
4 202 1
4 232 1
4 255 1
4 257 1
4 282 1
4 294 1
4 305 1
4 328 1
4 354 1
4 359 1
4 388 1
4 405 1
4 406 1
4 423 1
4 426 1
4 441 1
4 521 1
4 562 1
4 588 1
4 601 1
4 622 1
4 649 1
4 781 1
4 785 1
4 973 1
4 991 1
5 7 1
5 8 1
5 10 1
5 11 1
5 14 1
5 16 1
5 20 1
5 29 1
5 40 1
5 43 1
5 44 1
5 46 1
5 52 1
5 64 1
5 65 1
5 66 1
5 67 1
5 68 1
5 109 1
5 115 1
5 133 1
5 143 1
5 173 1
5 179 1
5 190 1
5 194 1
5 195 1
5 202 1
5 269 1
5 274 1
5 367 1
5 375 1
5 386 1
5 390 1
5 398 1
5 535 1
5 568 1
5 573 1
5 589 1
5 607 1
5 624 1
5 651 1
5 716 1
5 764 1
5 772 1
5 812 1
5 832 1
5 872 1
5 936 1
5 967 1
5 970 1
5 985 1
5 988 1
6 8 1
6 9 1
6 12 1
6 18 1
6 31 1
6 38 1
6 44 1
6 49 1
6 121 1
6 130 1
6 131 1
6 138 1
6 171 1
6 192 1
6 288 1
6 321 1
6 350 1
6 412 1
6 557 1
6 563 1
6 568 1
6 575 1
6 579 1
6 611 1
6 672 1
6 794 1
6 851 1
6 888 1
6 930 1
6 967 1
6 989 1
7 8 1
7 9 1
7 10 1
7 12 1
7 13 1
7 14 1
7 16 1
7 17 1
7 24 1
7 26 1
7 27 1
7 29 1
7 30 1
7 32 1
7 39 1
7 44 1
7 58 1
7 74 1
7 77 1
7 80 1
7 81 1
7 82 1
7 86 1
7 96 1
7 103 1
7 109 1
7 112 1
7 116 1
7 126 1
7 142 1
7 144 1
7 153 1
7 157 1
7 158 1
7 160 1
7 163 1
7 165 1
7 173 1
7 179 1
7 186 1
7 196 1
7 223 1
7 244 1
7 298 1
7 302 1
7 321 1
7 326 1
7 364 1
7 377 1
7 379 1
7 388 1
7 391 1
7 417 1
7 427 1
7 438 1
7 457 1
7 468 1
7 469 1
7 481 1
7 491 1
7 500 1
7 545 1
7 551 1
7 605 1
7 615 1
7 621 1
7 631 1
7 632 1
7 650 1
7 668 1
7 674 1
7 745 1
7 746 1
7 765 1
7 776 1
7 783 1
7 792 1
7 813 1
7 835 1
7 843 1
7 860 1
7 881 1
7 918 1
7 960 1
7 999 1
8 9 1
8 10 1
8 12 1
8 13 1
8 16 1
8 19 1
8 20 1
8 24 1
8 26 1
8 28 1
8 30 1
8 35 1
8 38 1
8 39 1
8 50 1
8 54 1
8 57 1
8 75 1
8 80 1
8 84 1
8 86 1
8 87 1
8 91 1
8 94 1
8 98 1
8 106 1
8 107 1
8 112 1
8 119 1
8 122 1
8 126 1
8 128 1
8 134 1
8 155 1
8 169 1
8 187 1
8 203 1
8 213 1
8 214 1
8 229 1
8 232 1
8 240 1
8 246 1
8 253 1
8 262 1
8 263 1
8 267 1
8 283 1
8 301 1
8 353 1
8 360 1
8 376 1
8 413 1
8 442 1
8 452 1
8 474 1
8 477 1
8 529 1
8 533 1
8 541 1
8 560 1
8 594 1
8 640 1
8 668 1
8 780 1
8 835 1
8 844 1
8 900 1
8 907 1
8 935 1
8 960 1
8 986 1
9 10 1
9 11 1
9 15 1
9 16 1
9 19 1
9 23 1
9 24 1
9 25 1
9 32 1
9 34 1
9 36 1
9 37 1
9 40 1
9 57 1
9 59 1
9 66 1
9 70 1
9 71 1
9 76 1
9 111 1
9 115 1
9 137 1
9 157 1
9 175 1
9 176 1
9 192 1
9 193 1
9 205 1
9 208 1
9 209 1
9 222 1
9 230 1
9 239 1
9 241 1
9 249 1
9 262 1
9 267 1
9 311 1
9 327 1
9 355 1
9 394 1
9 452 1
9 464 1
9 477 1
9 487 1
9 567 1
9 586 1
9 593 1
9 609 1
9 650 1
9 680 1
9 737 1
9 753 1
9 798 1
9 810 1
9 858 1
9 929 1
9 999 1
10 13 1
10 15 1
10 17 1
10 21 1
10 22 1
10 25 1
10 41 1
10 49 1
10 51 1
10 57 1
10 64 1
10 68 1
10 69 1
10 73 1
10 75 1
10 79 1
10 84 1
10 87 1
10 94 1
10 97 1
10 100 1
10 107 1
10 121 1
10 122 1
10 136 1
10 140 1
10 174 1
10 193 1
10 228 1
10 247 1
10 263 1
10 269 1
10 287 1
10 289 1
10 291 1
10 294 1
10 324 1
10 361 1
10 362 1
10 399 1
10 408 1
10 410 1
10 447 1
10 450 1
10 459 1
10 480 1
10 515 1
10 531 1
10 539 1
10 546 1
10 553 1
10 556 1
10 558 1
10 612 1
10 619 1
10 656 1
10 695 1
10 706 1
10 716 1
10 722 1
10 748 1
10 761 1
10 763 1
10 765 1
10 768 1
10 856 1
10 864 1
10 867 1
10 891 1
10 945 1
10 956 1
10 980 1
10 989 1
11 13 1
11 15 1
11 16 1
11 17 1
11 18 1
11 20 1
11 23 1
11 24 1
11 25 1
11 26 1
11 29 1
11 55 1
11 56 1
11 58 1
11 60 1
11 62 1
11 72 1
11 73 1
11 97 1
11 129 1
11 135 1
11 147 1
11 184 1
11 194 1
11 203 1
11 222 1
11 276 1
11 313 1
11 360 1
11 375 1
11 428 1
11 431 1
11 474 1
11 491 1
11 495 1
11 497 1
11 501 1
11 507 1
11 532 1
11 599 1
11 600 1
11 618 1
11 642 1
11 754 1
11 760 1
11 816 1
11 839 1
11 874 1
11 875 1
11 958 1
12 14 1
12 15 1
12 19 1
12 20 1
12 21 1
12 23 1
12 30 1
12 31 1
12 33 1
12 37 1
12 39 1
12 41 1
12 43 1
12 44 1
12 49 1
12 50 1
12 54 1
12 56 1
12 61 1
12 71 1
12 78 1
12 92 1
12 103 1
12 112 1
12 114 1
12 116 1
12 117 1
12 129 1
12 130 1
12 142 1
12 146 1
12 183 1
12 184 1
12 199 1
12 200 1
12 204 1
12 216 1
12 237 1
12 250 1
12 265 1
12 279 1
12 281 1
12 283 1
12 285 1
12 294 1
12 314 1
12 315 1
12 317 1
12 331 1
12 333 1
12 337 1
12 358 1
12 385 1
12 395 1
12 434 1
12 470 1
12 472 1
12 479 1
12 493 1
12 522 1
12 525 1
12 528 1
12 552 1
12 568 1
12 572 1
12 574 1
12 583 1
12 590 1
12 597 1
12 611 1
12 626 1
12 642 1
12 662 1
12 666 1
12 689 1
12 734 1
12 736 1
12 748 1
12 766 1
12 774 1
12 791 1
12 810 1
12 831 1
12 863 1
12 865 1
12 868 1
12 946 1
12 950 1
12 972 1
12 973 1
12 974 1
12 977 1
13 27 1
13 32 1
13 42 1
13 43 1
13 45 1
13 55 1
13 58 1
13 61 1
13 69 1
13 72 1
13 75 1
13 87 1
13 99 1
13 100 1
13 106 1
13 108 1
13 109 1
13 119 1
13 125 1
13 131 1
13 145 1
13 148 1
13 171 1
13 185 1
13 187 1
13 188 1
13 215 1
13 249 1
13 278 1
13 308 1
13 321 1
13 331 1
13 336 1
13 339 1
13 378 1
13 390 1
13 421 1
13 462 1
13 473 1
13 474 1
13 503 1
13 504 1
13 528 1
13 578 1
13 593 1
13 615 1
13 670 1
13 714 1
13 715 1
13 722 1
13 761 1
13 776 1
13 852 1
13 871 1
13 877 1
13 918 1
13 937 1
13 949 1
13 952 1
13 959 1
13 968 1
13 991 1
14 21 1
14 35 1
14 36 1
14 41 1
14 68 1
14 85 1
14 97 1
14 104 1
14 113 1
14 122 1
14 124 1
14 132 1
14 157 1
14 159 1
14 194 1
14 202 1
14 211 1
14 246 1
14 254 1
14 265 1
14 271 1
14 295 1
14 315 1
14 353 1
14 385 1
14 402 1
14 438 1
14 450 1
14 616 1
14 638 1
14 649 1
14 675 1
14 717 1
14 806 1
14 857 1
14 858 1
14 873 1
14 894 1
14 897 1
14 940 1
15 17 1
15 21 1
15 24 1
15 42 1
15 43 1
15 46 1
15 47 1
15 60 1
15 65 1
15 67 1
15 68 1
15 76 1
15 81 1
15 82 1
15 89 1
15 91 1
15 100 1
15 123 1
15 127 1
15 157 1
15 190 1
15 234 1
15 265 1
15 280 1
15 283 1
15 296 1
15 302 1
15 323 1
15 345 1
15 411 1
15 426 1
15 427 1
15 477 1
15 488 1
15 567 1
15 602 1
15 642 1
15 700 1
15 713 1
15 786 1
15 896 1
16 22 1
16 33 1
16 37 1
16 38 1
16 47 1
16 48 1
16 54 1
16 74 1
16 75 1
16 77 1
16 108 1
16 158 1
16 173 1
16 174 1
16 178 1
16 186 1
16 188 1
16 195 1
16 214 1
16 261 1
16 282 1
16 288 1
16 307 1
16 329 1
16 354 1
16 417 1
16 456 1
16 479 1
16 494 1
16 504 1
16 544 1
16 562 1
16 601 1
16 613 1
16 634 1
16 660 1
16 674 1
16 697 1
16 708 1
16 823 1
16 829 1
16 832 1
16 857 1
16 884 1
16 940 1
16 973 1
17 18 1
17 19 1
17 21 1
17 30 1
17 39 1
17 42 1
17 47 1
17 61 1
17 63 1
17 70 1
17 73 1
17 79 1
17 80 1
17 113 1
17 117 1
17 120 1
17 134 1
17 138 1
17 143 1
17 151 1
17 166 1
17 187 1
17 198 1
17 237 1
17 240 1
17 242 1
17 244 1
17 249 1
17 250 1
17 289 1
17 323 1
17 389 1
17 452 1
17 509 1
17 512 1
17 529 1
17 540 1
17 551 1
17 559 1
17 570 1
17 584 1
17 592 1
17 593 1
17 600 1
17 638 1
17 652 1
17 718 1
17 753 1
17 787 1
17 827 1
17 1000 1
18 23 1
18 39 1
18 45 1
18 52 1
18 57 1
18 59 1
18 61 1
18 65 1
18 67 1
18 85 1
18 203 1
18 217 1
18 221 1
18 230 1
18 243 1
18 261 1
18 303 1
18 344 1
18 358 1
18 383 1
18 428 1
18 447 1
18 659 1
18 707 1
18 762 1
18 801 1
18 830 1
18 886 1
18 910 1
18 915 1
18 922 1
19 28 1
19 40 1
19 51 1
19 53 1
19 93 1
19 127 1
19 167 1
19 216 1
19 252 1
19 258 1
19 280 1
19 322 1
19 333 1
19 338 1
19 350 1
19 374 1
19 382 1
19 470 1
19 504 1
19 565 1
19 603 1
19 623 1
19 722 1
19 723 1
19 748 1
19 766 1
19 771 1
19 780 1
19 815 1
19 910 1
20 31 1
20 33 1
20 36 1
20 51 1
20 53 1
20 59 1
20 67 1
20 70 1
20 88 1
20 94 1
20 96 1
20 102 1
20 106 1
20 137 1
20 166 1
20 180 1
20 191 1
20 197 1
20 200 1
20 204 1
20 223 1
20 241 1
20 272 1
20 297 1
20 313 1
20 329 1
20 352 1
20 392 1
20 399 1
20 401 1
20 447 1
20 453 1
20 483 1
20 517 1
20 524 1
20 539 1
20 540 1
20 543 1
20 561 1
20 623 1
20 654 1
20 674 1
20 810 1
20 816 1
20 825 1
20 887 1
20 919 1
20 922 1
20 923 1
20 982 1
21 45 1
21 59 1
21 66 1
21 89 1
21 103 1
21 110 1
21 121 1
21 130 1
21 142 1
21 239 1
21 372 1
21 439 1
21 557 1
21 647 1
21 696 1
21 742 1
21 758 1
21 845 1
21 903 1
21 913 1
21 934 1
21 947 1
22 26 1
22 27 1
22 49 1
22 60 1
22 104 1
22 118 1
22 183 1
22 195 1
22 212 1
22 241 1
22 294 1
22 301 1
22 357 1
22 392 1
22 431 1
22 448 1
22 478 1
22 509 1
22 552 1
22 623 1
22 650 1
22 727 1
22 746 1
22 957 1
23 27 1
23 38 1
23 53 1
23 60 1
23 123 1
23 132 1
23 141 1
23 149 1
23 160 1
23 198 1
23 218 1
23 245 1
23 255 1
23 277 1
23 289 1
23 340 1
23 345 1
23 386 1
23 393 1
23 577 1
23 580 1
23 617 1
23 670 1
23 752 1
23 875 1
23 959 1
23 971 1
24 28 1
24 30 1
24 41 1
24 51 1
24 76 1
24 83 1
24 90 1
24 116 1
24 126 1
24 136 1
24 150 1
24 153 1
24 162 1
24 163 1
24 167 1
24 168 1
24 172 1
24 192 1
24 203 1
24 243 1
24 270 1
24 292 1
24 302 1
24 366 1
24 374 1
24 436 1
24 445 1
24 462 1
24 464 1
24 562 1
24 563 1
24 662 1
24 768 1
24 787 1
24 882 1
24 975 1
25 29 1
25 37 1
25 46 1
25 49 1
25 52 1
25 63 1
25 64 1
25 65 1
25 81 1
25 216 1
25 220 1
25 228 1
25 244 1
25 253 1
25 255 1
25 264 1
25 268 1
25 272 1
25 273 1
25 516 1
25 602 1
25 609 1
25 628 1
25 687 1
25 793 1
25 848 1
25 996 1
26 31 1
26 48 1
26 58 1
26 69 1
26 71 1
26 80 1
26 120 1
26 125 1
26 144 1
26 161 1
26 186 1
26 207 1
26 208 1
26 220 1
26 233 1
26 243 1
26 358 1
26 360 1
26 361 1
26 397 1
26 460 1
26 488 1
26 501 1
26 504 1
26 560 1
26 570 1
26 571 1
26 626 1
26 659 1
26 664 1
26 683 1
26 719 1
26 726 1
26 821 1
26 824 1
26 918 1
26 957 1
26 958 1
27 34 1
27 37 1
27 72 1
27 76 1
27 88 1
27 95 1
27 101 1
27 106 1
27 113 1
27 119 1
27 130 1
27 137 1
27 143 1
27 149 1
27 173 1
27 179 1
27 194 1
27 289 1
27 291 1
27 301 1
27 305 1
27 311 1
27 354 1
27 398 1
27 490 1
27 517 1
27 608 1
27 611 1
27 623 1
27 681 1
27 702 1
27 797 1
27 836 1
27 887 1
27 894 1
27 901 1
27 914 1
28 56 1
28 117 1
28 183 1
28 225 1
28 240 1
28 308 1
28 334 1
28 381 1
28 481 1
28 614 1
28 615 1
28 637 1
28 831 1
28 875 1
28 904 1
28 996 1
29 35 1
29 40 1
29 105 1
29 136 1
29 200 1
29 259 1
29 455 1
29 471 1
29 547 1
29 647 1
29 787 1
29 951 1
29 983 1
30 83 1
30 91 1
30 102 1
30 107 1
30 176 1
30 372 1
30 657 1
30 833 1
31 36 1
31 50 1
31 55 1
31 66 1
31 78 1
31 99 1
31 100 1
31 125 1
31 156 1
31 161 1
31 255 1
31 268 1
31 281 1
31 290 1
31 302 1
31 351 1
31 450 1
31 516 1
31 520 1
31 600 1
31 679 1
31 680 1
31 712 1
31 783 1
31 805 1
31 836 1
31 871 1
32 33 1
32 48 1
32 81 1
32 189 1
32 205 1
32 223 1
32 298 1
32 363 1
32 497 1
32 615 1
32 678 1
32 962 1
33 38 1
33 87 1
33 110 1
33 136 1
33 143 1
33 145 1
33 199 1
33 273 1
33 309 1
33 327 1
33 495 1
33 527 1
33 536 1
33 550 1
33 706 1
33 773 1
33 879 1
33 897 1
34 180 1
34 789 1
35 93 1
35 94 1
35 108 1
35 171 1
35 180 1
35 202 1
35 213 1
35 224 1
35 421 1
35 815 1
35 963 1
36 68 1
36 83 1
36 132 1
36 137 1
36 145 1
36 215 1
36 224 1
36 226 1
36 292 1
36 336 1
36 413 1
36 434 1
36 482 1
36 500 1
36 513 1
36 537 1
36 625 1
36 637 1
36 704 1
36 778 1
36 843 1
36 853 1
36 870 1
36 933 1
36 986 1
37 55 1
37 62 1
37 84 1
37 120 1
37 142 1
37 151 1
37 159 1
37 176 1
37 214 1
37 219 1
37 229 1
37 230 1
37 264 1
37 278 1
37 279 1
37 290 1
37 293 1
37 310 1
37 312 1
37 327 1
37 330 1
37 359 1
37 370 1
37 393 1
37 413 1
37 415 1
37 430 1
37 474 1
37 485 1
37 498 1
37 575 1
37 585 1
37 669 1
37 699 1
37 707 1
37 740 1
37 785 1
37 974 1
37 988 1
38 77 1
38 245 1
38 274 1
38 353 1
38 503 1
38 516 1
38 564 1
38 660 1
38 694 1
38 866 1
39 40 1
39 51 1
39 63 1
39 79 1
39 97 1
39 99 1
39 128 1
39 150 1
39 156 1
39 163 1
39 167 1
39 170 1
39 182 1
39 213 1
39 218 1
39 238 1
39 249 1
39 309 1
39 361 1
39 365 1
39 415 1
39 463 1
39 610 1
39 709 1
39 711 1
39 736 1
39 803 1
39 804 1
39 808 1
39 826 1
39 890 1
39 961 1
40 45 1
40 47 1
40 87 1
40 93 1
40 139 1
40 167 1
40 297 1
40 319 1
40 336 1
40 372 1
40 380 1
40 437 1
40 471 1
40 561 1
40 677 1
40 715 1
40 798 1
40 834 1
41 44 1
41 52 1
41 55 1
41 60 1
41 63 1
41 69 1
41 74 1
41 75 1
41 106 1
41 109 1
41 113 1
41 123 1
41 127 1
41 141 1
41 148 1
41 151 1
41 162 1
41 189 1
41 190 1
41 207 1
41 209 1
41 222 1
41 254 1
41 256 1
41 266 1
41 284 1
41 300 1
41 304 1
41 316 1
41 356 1
41 370 1
41 378 1
41 388 1
41 394 1
41 404 1
41 430 1
41 437 1
41 478 1
41 551 1
41 559 1
41 599 1
41 602 1
41 632 1
41 651 1
41 660 1
41 680 1
41 698 1
41 723 1
41 741 1
41 751 1
41 805 1
41 822 1
41 839 1
41 916 1
41 932 1
41 978 1
41 990 1
42 61 1
42 63 1
42 86 1
42 89 1
42 119 1
42 155 1
42 210 1
42 223 1
42 236 1
42 244 1
42 245 1
42 289 1
42 290 1
42 342 1
42 344 1
42 373 1
42 393 1
42 468 1
42 475 1
42 548 1
42 558 1
42 626 1
42 646 1
42 674 1
42 701 1
42 721 1
42 771 1
42 857 1
42 885 1
42 898 1
42 945 1
43 57 1
43 90 1
43 95 1
43 150 1
43 160 1
43 189 1
43 212 1
43 239 1
43 345 1
43 357 1
43 368 1
43 691 1
43 709 1
43 714 1
43 850 1
43 891 1
43 932 1
44 62 1
44 64 1
44 85 1
44 117 1
44 120 1
44 127 1
44 181 1
44 190 1
44 206 1
44 285 1
44 307 1
44 319 1
44 351 1
44 385 1
44 465 1
44 482 1
44 556 1
44 606 1
44 668 1
44 715 1
44 742 1
44 747 1
44 753 1
44 804 1
44 864 1
44 874 1
45 46 1
45 54 1
45 64 1
45 82 1
45 127 1
45 136 1
45 139 1
45 173 1
45 176 1
45 188 1
45 215 1
45 224 1
45 227 1
45 231 1
45 259 1
45 268 1
45 270 1
45 291 1
45 303 1
45 315 1
45 318 1
45 326 1
45 424 1
45 545 1
45 580 1
45 587 1
45 624 1
45 638 1
45 709 1
45 729 1
45 736 1
45 744 1
45 757 1
45 807 1
45 821 1
45 881 1
45 889 1
45 903 1
45 937 1
45 964 1
46 47 1
46 50 1
46 78 1
46 124 1
46 158 1
46 166 1
46 206 1
46 259 1
46 272 1
46 332 1
46 342 1
46 396 1
46 397 1
46 454 1
46 525 1
46 712 1
46 714 1
46 840 1
46 846 1
46 954 1
47 83 1
47 104 1
47 114 1
47 115 1
47 139 1
47 185 1
47 264 1
47 342 1
47 385 1
47 458 1
47 490 1
47 554 1
47 673 1
47 711 1
47 754 1
47 891 1
47 941 1
48 168 1
48 278 1
49 79 1
49 100 1
49 166 1
49 316 1
49 377 1
49 418 1
49 603 1
49 707 1
49 726 1
50 146 1
50 236 1
50 262 1
50 323 1
50 441 1
50 721 1
50 926 1
51 77 1
51 133 1
51 220 1
51 337 1
51 408 1
51 419 1
51 432 1
51 495 1
51 514 1
51 739 1
51 742 1
51 971 1
52 54 1
52 56 1
52 92 1
52 98 1
52 110 1
52 137 1
52 140 1
52 160 1
52 162 1
52 185 1
52 210 1
52 257 1
52 260 1
52 285 1
52 290 1
52 299 1
52 318 1
52 329 1
52 332 1
52 335 1
52 365 1
52 375 1
52 394 1
52 403 1
52 408 1
52 439 1
52 449 1
52 501 1
52 579 1
52 596 1
52 717 1
52 732 1
52 801 1
52 809 1
52 821 1
52 833 1
52 837 1
52 876 1
52 939 1
52 948 1
53 71 1
53 86 1
53 88 1
53 104 1
53 110 1
53 132 1
53 135 1
53 141 1
53 178 1
53 180 1
53 196 1
53 201 1
53 238 1
53 324 1
53 347 1
53 464 1
53 590 1
53 613 1
53 617 1
53 621 1
53 626 1
53 649 1
53 772 1
53 796 1
54 58 1
54 320 1
54 365 1
54 483 1
54 509 1
54 643 1
54 663 1
54 712 1
54 737 1
54 766 1
54 930 1
55 59 1
55 70 1
55 151 1
55 152 1
55 159 1
55 218 1
55 400 1
55 413 1
55 425 1
55 831 1
55 892 1
55 981 1
56 96 1
56 154 1
56 230 1
56 231 1
56 322 1
56 381 1
56 419 1
56 531 1
56 605 1
56 643 1
56 661 1
56 728 1
56 930 1
56 933 1
56 970 1
57 72 1
57 252 1
57 282 1
57 297 1
57 302 1
57 312 1
57 379 1
57 382 1
57 496 1
57 529 1
57 639 1
57 794 1
57 1000 1
58 91 1
58 238 1
58 279 1
58 286 1
58 312 1
58 350 1
58 633 1
58 702 1
58 882 1
59 67 1
59 72 1
59 84 1
59 89 1
59 145 1
59 194 1
59 250 1
59 368 1
59 396 1
59 401 1
59 415 1
59 484 1
59 541 1
59 581 1
59 635 1
59 639 1
59 655 1
59 685 1
59 705 1
59 747 1
59 764 1
59 773 1
59 803 1
59 811 1
59 813 1
59 859 1
59 899 1
59 997 1
60 101 1
60 131 1
60 144 1
60 148 1
60 152 1
60 165 1
60 186 1
60 187 1
60 198 1
60 224 1
60 233 1
60 274 1
60 300 1
60 301 1
60 353 1
60 457 1
60 461 1
60 520 1
60 539 1
60 544 1
60 624 1
60 646 1
60 730 1
60 741 1
60 862 1
61 62 1
61 74 1
61 86 1
61 95 1
61 102 1
61 133 1
61 161 1
61 169 1
61 185 1
61 227 1
61 260 1
61 291 1
61 322 1
61 330 1
61 435 1
61 458 1
61 480 1
61 484 1
61 596 1
61 697 1
61 770 1
61 877 1
61 894 1
61 979 1
62 131 1
62 161 1
63 65 1
63 89 1
63 98 1
63 102 1
63 111 1
63 154 1
63 169 1
63 178 1
63 201 1
63 207 1
63 212 1
63 227 1
63 253 1
63 269 1
63 286 1
63 294 1
63 300 1
63 311 1
63 316 1
63 329 1
63 345 1
63 360 1
63 367 1
63 370 1
63 371 1
63 378 1
63 380 1
63 388 1
63 409 1
63 416 1
63 441 1
63 458 1
63 487 1
63 500 1
63 526 1
63 534 1
63 559 1
63 601 1
63 651 1
63 692 1
63 696 1
63 743 1
63 752 1
63 776 1
63 781 1
63 801 1
63 843 1
63 867 1
63 921 1
64 305 1
64 592 1
65 77 1
65 103 1
65 112 1
65 123 1
65 142 1
65 147 1
65 155 1
65 164 1
65 172 1
65 200 1
65 208 1
65 209 1
65 234 1
65 239 1
65 248 1
65 251 1
65 288 1
65 330 1
65 336 1
65 376 1
65 434 1
65 471 1
65 490 1
65 493 1
65 530 1
65 562 1
65 665 1
65 684 1
65 710 1
65 759 1
65 807 1
65 852 1
65 889 1
65 903 1
65 910 1
65 931 1
65 963 1
65 969 1
66 101 1
66 156 1
66 170 1
66 299 1
66 599 1
66 610 1
66 667 1
66 752 1
66 799 1
66 898 1
67 126 1
67 164 1
67 193 1
67 228 1
67 259 1
67 277 1
67 296 1
67 334 1
67 344 1
67 347 1
67 366 1
67 389 1
67 430 1
67 462 1
67 592 1
67 606 1
67 763 1
67 786 1
67 791 1
67 793 1
67 955 1
68 85 1
68 128 1
68 196 1
68 277 1
68 303 1
68 313 1
68 321 1
68 334 1
68 348 1
68 377 1
68 552 1
68 636 1
68 805 1
68 904 1
68 951 1
69 99 1
69 163 1
69 177 1
69 191 1
69 204 1
69 361 1
69 409 1
69 427 1
69 455 1
69 538 1
69 700 1
69 744 1
70 71 1
70 105 1
70 116 1
70 175 1
70 407 1
70 434 1
70 524 1
70 878 1
71 98 1
71 107 1
71 168 1
71 192 1
71 202 1
71 261 1
71 276 1
71 320 1
71 323 1
71 415 1
71 569 1
71 582 1
71 587 1
71 647 1
71 725 1
71 818 1
71 826 1
71 879 1
72 74 1
72 78 1
72 83 1
72 105 1
72 107 1
72 114 1
72 130 1
72 135 1
72 141 1
72 156 1
72 187 1
72 215 1
72 218 1
72 231 1
72 287 1
72 292 1
72 314 1
72 315 1
72 337 1
72 348 1
72 373 1
72 377 1
72 389 1
72 399 1
72 420 1
72 443 1
72 449 1
72 486 1
72 496 1
72 518 1
72 526 1
72 584 1
72 634 1
72 690 1
72 691 1
72 702 1
72 738 1
72 755 1
72 789 1
72 952 1
73 82 1
73 84 1
73 101 1
73 108 1
73 222 1
73 267 1
73 317 1
73 387 1
73 392 1
73 402 1
73 412 1
73 423 1
73 472 1
73 532 1
73 598 1
73 765 1
73 848 1
73 901 1
73 929 1
73 940 1
73 985 1
74 161 1
74 274 1
74 349 1
74 365 1
74 387 1
74 480 1
74 589 1
74 670 1
74 833 1
74 906 1
74 911 1
74 949 1
74 976 1
75 81 1
75 121 1
75 195 1
75 210 1
75 331 1
75 343 1
75 410 1
75 456 1
75 472 1
75 728 1
75 759 1
75 960 1
76 92 1
76 117 1
76 124 1
76 149 1
76 158 1
76 164 1
76 255 1
76 350 1
76 367 1
76 369 1
76 469 1
76 480 1
76 511 1
76 573 1
76 649 1
76 713 1
77 221 1
77 340 1
77 347 1
77 418 1
77 451 1
77 491 1
77 493 1
77 542 1
77 857 1
78 114 1
78 181 1
78 242 1
78 296 1
78 341 1
78 345 1
78 373 1
78 484 1
78 518 1
78 604 1
78 685 1
78 703 1
78 720 1
78 928 1
79 90 1
79 273 1
79 432 1
79 449 1
79 866 1
79 881 1
80 196 1
80 199 1
80 379 1
80 555 1
80 691 1
80 823 1
81 121 1
81 139 1
81 188 1
81 347 1
81 352 1
81 362 1
81 367 1
81 549 1
81 569 1
81 601 1
82 124 1
82 144 1
82 147 1
82 186 1
82 209 1
82 238 1
82 306 1
82 421 1
82 440 1
82 612 1
82 631 1
82 656 1
82 658 1
82 684 1
82 692 1
82 711 1
82 747 1
82 774 1
82 859 1
83 93 1
83 110 1
83 146 1
83 149 1
83 248 1
83 482 1
83 548 1
83 783 1
84 85 1
84 119 1
84 122 1
84 159 1
84 168 1
84 224 1
84 248 1
84 260 1
84 284 1
84 416 1
84 445 1
84 576 1
84 619 1
84 646 1
84 699 1
84 750 1
84 820 1
84 834 1
84 855 1
84 928 1
85 138 1
85 152 1
85 167 1
85 229 1
85 235 1
85 312 1
85 395 1
85 463 1
85 882 1
85 916 1
85 952 1
86 98 1
86 147 1
86 175 1
86 227 1
86 286 1
86 390 1
86 621 1
86 661 1
86 717 1
86 764 1
86 883 1
86 956 1
87 153 1
87 201 1
87 213 1
87 465 1
87 849 1
87 971 1
88 384 1
88 493 1
88 666 1
89 125 1
89 139 1
89 140 1
89 150 1
89 152 1
89 177 1
89 206 1
89 231 1
89 372 1
89 415 1
89 425 1
89 437 1
89 466 1
89 482 1
89 524 1
89 586 1
89 607 1
89 618 1
89 627 1
89 631 1
89 745 1
89 834 1
89 887 1
89 925 1
90 94 1
90 123 1
90 221 1
90 269 1
90 278 1
90 331 1
90 606 1
90 696 1
90 828 1
90 977 1
91 95 1
91 97 1
91 126 1
91 183 1
91 246 1
91 261 1
91 328 1
91 355 1
91 391 1
91 466 1
91 501 1
91 517 1
91 595 1
91 804 1
91 891 1
91 951 1
92 154 1
92 174 1
92 193 1
92 250 1
92 260 1
92 463 1
92 486 1
92 497 1
92 535 1
92 536 1
92 707 1
93 491 1
93 683 1
93 855 1
93 930 1
94 99 1
94 154 1
94 155 1
94 197 1
94 212 1
94 229 1
94 271 1
94 395 1
94 473 1
94 738 1
94 794 1
94 927 1
95 108 1
95 134 1
95 172 1
95 296 1
95 381 1
95 406 1
95 533 1
95 657 1
95 762 1
95 829 1
96 101 1
96 105 1
96 143 1
96 162 1
96 216 1
96 225 1
96 242 1
96 264 1
96 282 1
96 295 1
96 327 1
96 334 1
96 342 1
96 362 1
96 403 1
96 443 1
96 455 1
96 461 1
96 544 1
96 572 1
96 573 1
96 601 1
96 641 1
96 682 1
96 786 1
96 858 1
96 862 1
96 926 1
96 952 1
97 179 1
97 229 1
97 281 1
97 344 1
97 392 1
97 515 1
97 782 1
97 928 1
98 153 1
98 204 1
98 266 1
98 331 1
98 433 1
98 820 1
98 874 1
98 892 1
98 908 1
98 913 1
99 254 1
99 411 1
99 689 1
99 706 1
99 995 1
100 104 1
100 156 1
100 165 1
100 172 1
100 285 1
100 395 1
100 535 1
100 571 1
100 575 1
100 609 1
100 625 1
100 666 1
100 688 1
100 855 1
100 938 1
101 235 1
101 445 1
101 581 1
101 626 1
101 928 1
101 942 1
101 947 1
102 103 1
102 240 1
102 252 1
102 293 1
102 335 1
102 399 1
102 419 1
102 421 1
102 452 1
102 484 1
102 489 1
102 501 1
102 756 1
102 822 1
102 876 1
102 890 1
102 964 1
103 258 1
103 272 1
103 494 1
103 637 1
103 905 1
103 944 1
104 138 1
104 140 1
104 243 1
104 266 1
104 307 1
105 115 1
105 148 1
105 448 1
105 502 1
105 506 1
105 604 1
106 128 1
106 158 1
106 271 1
106 306 1
106 310 1
106 603 1
106 655 1
106 678 1
106 865 1
107 200 1
107 206 1
107 218 1
107 309 1
107 446 1
107 468 1
107 537 1
107 595 1
107 658 1
107 735 1
108 125 1
108 178 1
108 209 1
108 217 1
108 247 1
108 275 1
108 319 1
108 627 1
109 116 1
109 217 1
109 278 1
109 340 1
109 396 1
109 523 1
109 554 1
109 590 1
109 884 1
109 889 1
109 947 1
109 980 1
110 171 1
110 502 1
110 798 1
110 832 1
110 876 1
110 912 1
110 959 1
111 190 1
111 262 1
111 284 1
111 305 1
111 317 1
111 324 1
111 351 1
111 438 1
111 461 1
111 538 1
111 565 1
111 614 1
111 685 1
111 701 1
111 899 1
112 118 1
112 140 1
112 228 1
112 257 1
112 325 1
112 337 1
112 346 1
112 465 1
112 506 1
112 825 1
112 851 1
112 961 1
113 114 1
113 122 1
113 138 1
113 188 1
113 206 1
113 241 1
113 261 1
113 381 1
113 383 1
113 806 1
113 808 1
113 984 1
114 211 1
114 337 1
114 343 1
114 499 1
115 259 1
115 303 1
115 948 1
116 178 1
116 195 1
116 207 1
116 208 1
116 236 1
116 307 1
116 374 1
116 409 1
116 422 1
116 436 1
116 498 1
116 563 1
116 577 1
116 611 1
116 618 1
116 648 1
116 731 1
116 755 1
116 885 1
116 886 1
116 979 1
117 118 1
117 133 1
117 135 1
117 191 1
117 485 1
117 561 1
117 570 1
117 659 1
117 675 1
117 691 1
117 718 1
117 738 1
117 742 1
117 792 1
117 909 1
117 954 1
118 162 1
118 164 1
118 182 1
118 237 1
118 241 1
118 245 1
118 248 1
118 343 1
118 369 1
118 445 1
118 454 1
118 694 1
118 704 1
118 755 1
119 170 1
119 184 1
119 263 1
119 418 1
119 420 1
119 456 1
119 572 1
119 702 1
119 924 1
119 936 1
119 982 1
120 152 1
120 174 1
120 198 1
120 249 1
120 329 1
120 405 1
120 478 1
120 487 1
120 494 1
120 584 1
120 902 1
120 914 1
121 129 1
121 199 1
121 216 1
121 309 1
121 465 1
121 678 1
122 271 1
122 311 1
122 325 1
122 349 1
122 543 1
122 785 1
123 148 1
123 176 1
123 247 1
123 308 1
123 320 1
123 335 1
123 406 1
123 554 1
123 639 1
123 841 1
123 877 1
123 934 1
124 153 1
124 205 1
124 253 1
124 505 1
124 576 1
124 685 1
124 998 1
125 151 1
125 154 1
125 346 1
125 619 1
125 879 1
126 221 1
126 380 1
126 439 1
126 503 1
126 677 1
127 128 1
127 134 1
127 146 1
127 196 1
127 219 1
127 312 1
127 414 1
127 460 1
127 562 1
127 582 1
127 588 1
127 818 1
127 829 1
127 842 1
127 866 1
127 939 1
129 146 1
129 444 1
129 554 1
129 563 1
129 636 1
129 673 1
129 925 1
129 929 1
130 135 1
130 219 1
130 238 1
130 268 1
130 462 1
130 553 1
130 645 1
130 826 1
131 205 1
131 235 1
131 246 1
131 310 1
131 574 1
131 661 1
131 739 1
131 779 1
132 215 1
132 384 1
132 394 1
132 434 1
132 475 1
132 513 1
132 582 1
132 704 1
132 737 1
133 163 1
133 339 1
133 466 1
133 579 1
133 643 1
133 654 1
133 668 1
133 687 1
133 775 1
133 948 1
134 177 1
134 231 1
134 297 1
134 405 1
134 725 1
134 800 1
134 867 1
134 880 1
135 166 1
135 217 1
135 484 1
135 709 1
135 840 1
135 876 1
135 957 1
135 975 1
136 147 1
136 270 1
136 341 1
136 574 1
136 628 1
136 791 1
136 817 1
136 860 1
136 926 1
137 141 1
137 159 1
137 234 1
137 235 1
137 280 1
137 400 1
137 607 1
137 709 1
137 719 1
137 769 1
137 975 1
138 476 1
138 943 1
138 949 1
139 239 1
139 454 1
139 655 1
139 717 1
139 728 1
139 818 1
139 895 1
139 990 1
140 234 1
140 370 1
140 402 1
140 422 1
140 454 1
140 632 1
140 690 1
140 750 1
140 869 1
141 191 1
141 467 1
141 618 1
142 225 1
142 282 1
142 442 1
142 509 1
142 599 1
142 607 1
142 756 1
142 900 1
142 925 1
142 958 1
142 979 1
143 177 1
143 286 1
143 364 1
143 369 1
143 398 1
143 412 1
143 555 1
143 589 1
143 597 1
143 639 1
143 647 1
143 666 1
143 766 1
143 877 1
143 976 1
143 978 1
144 180 1
144 183 1
144 283 1
144 548 1
144 954 1
144 956 1
144 962 1
145 212 1
145 338 1
145 754 1
146 172 1
146 189 1
146 225 1
146 251 1
146 333 1
146 352 1
146 447 1
146 458 1
146 617 1
146 635 1
146 642 1
146 648 1
146 732 1
146 780 1
146 786 1
147 201 1
147 222 1
147 469 1
147 641 1
147 964 1
147 970 1
147 985 1
148 184 1
148 373 1
148 395 1
148 628 1
148 663 1
148 749 1
148 909 1
148 926 1
149 179 1
149 237 1
149 300 1
149 351 1
149 459 1
149 510 1
149 523 1
149 532 1
149 542 1
149 591 1
149 605 1
149 715 1
149 785 1
149 827 1
149 878 1
150 170 1
150 237 1
150 291 1
150 770 1
150 898 1
151 228 1
151 383 1
151 988 1
151 991 1
152 169 1
152 182 1
152 236 1
152 250 1
152 257 1
152 464 1
152 487 1
152 519 1
152 622 1
152 662 1
152 736 1
152 913 1
153 155 1
153 164 1
153 168 1
153 170 1
153 171 1
153 181 1
153 242 1
153 245 1
153 303 1
153 314 1
153 409 1
153 609 1
153 624 1
153 648 1
153 727 1
153 848 1
154 165 1
154 193 1
154 208 1
154 608 1
154 849 1
154 878 1
155 210 1
155 336 1
155 423 1
155 492 1
155 515 1
155 594 1
155 638 1
155 680 1
155 687 1
155 771 1
156 946 1
157 185 1
157 634 1
157 723 1
158 160 1
158 226 1
158 536 1
158 751 1
159 211 1
159 232 1
159 248 1
159 310 1
159 387 1
159 405 1
159 406 1
159 422 1
159 426 1
159 499 1
159 557 1
159 594 1
159 733 1
159 811 1
159 968 1
160 242 1
160 270 1
160 275 1
160 508 1
160 694 1
161 244 1
161 267 1
161 287 1
161 318 1
161 335 1
161 414 1
161 446 1
161 522 1
161 767 1
161 935 1
163 214 1
163 271 1
163 716 1
163 769 1
164 192 1
164 273 1
164 573 1
164 725 1
164 731 1
164 798 1
164 860 1
164 936 1
164 995 1
165 182 1
165 340 1
165 668 1
165 703 1
165 735 1
165 749 1
165 761 1
165 806 1
165 915 1
166 175 1
166 197 1
166 266 1
166 339 1
166 352 1
166 363 1
166 368 1
166 386 1
166 439 1
166 457 1
166 464 1
166 480 1
166 536 1
166 549 1
166 585 1
166 586 1
166 633 1
166 698 1
166 900 1
166 956 1
167 262 1
167 265 1
167 354 1
167 407 1
167 496 1
167 688 1
167 784 1
167 837 1
167 848 1
167 991 1
168 184 1
168 429 1
168 538 1
168 561 1
168 628 1
168 645 1
168 712 1
169 412 1
169 590 1
169 629 1
169 810 1
170 384 1
170 429 1
170 482 1
170 561 1
170 701 1
170 735 1
171 191 1
171 210 1
171 309 1
171 320 1
171 362 1
171 521 1
171 564 1
171 686 1
172 230 1
172 274 1
172 443 1
172 450 1
172 534 1
172 564 1
172 738 1
172 866 1
172 909 1
173 199 1
173 349 1
173 547 1
173 728 1
173 729 1
173 895 1
173 983 1
174 227 1
174 326 1
174 371 1
174 432 1
174 492 1
174 622 1
174 627 1
174 710 1
174 859 1
174 912 1
174 966 1
175 243 1
175 264 1
175 273 1
175 318 1
176 177 1
176 204 1
176 226 1
176 270 1
176 293 1
176 339 1
176 364 1
176 381 1
176 436 1
176 444 1
176 453 1
176 497 1
176 516 1
176 539 1
176 555 1
176 767 1
176 769 1
176 825 1
176 856 1
176 889 1
177 233 1
177 366 1
177 397 1
177 426 1
177 427 1
177 520 1
177 564 1
177 780 1
177 878 1
177 892 1
177 943 1
177 998 1
178 181 1
178 198 1
178 483 1
178 488 1
178 543 1
178 654 1
178 673 1
178 685 1
178 764 1
178 817 1
179 189 1
179 205 1
179 232 1
179 247 1
179 257 1
179 276 1
179 295 1
179 326 1
179 348 1
179 445 1
179 471 1
179 510 1
179 598 1
179 618 1
179 648 1
179 727 1
180 349 1
180 366 1
180 417 1
180 519 1
180 646 1
181 234 1
181 235 1
181 917 1
182 217 1
182 358 1
182 371 1
182 376 1
182 425 1
182 494 1
182 845 1
182 882 1
182 920 1
183 266 1
183 506 1
183 528 1
183 569 1
185 283 1
185 355 1
185 406 1
185 426 1
185 750 1
186 258 1
186 358 1
186 425 1
186 696 1
186 699 1
186 716 1
187 547 1
187 612 1
187 620 1
187 641 1
187 757 1
187 758 1
187 775 1
187 850 1
187 932 1
188 226 1
188 256 1
188 279 1
188 349 1
188 549 1
188 787 1
189 232 1
189 671 1
190 314 1
190 433 1
190 461 1
190 582 1
190 825 1
191 327 1
191 333 1
191 357 1
191 710 1
191 711 1
191 896 1
192 251 1
192 429 1
192 526 1
192 620 1
192 856 1
192 907 1
192 967 1
193 258 1
193 551 1
193 641 1
193 691 1
193 819 1
193 871 1
193 961 1
194 324 1
194 508 1
195 214 1
195 226 1
195 304 1
195 440 1
195 516 1
195 689 1
195 724 1
195 955 1
196 223 1
196 233 1
196 446 1
196 449 1
196 552 1
196 630 1
196 683 1
196 698 1
196 851 1
196 952 1
197 251 1
197 460 1
197 659 1
197 667 1
197 789 1
197 865 1
197 924 1
198 236 1
198 258 1
198 260 1
198 724 1
198 869 1
198 920 1
198 931 1
199 211 1
199 276 1
199 579 1
200 219 1
200 233 1
200 251 1
200 470 1
200 488 1
200 520 1
200 708 1
200 966 1
201 225 1
201 391 1
201 422 1
201 455 1
201 705 1
201 710 1
201 756 1
201 814 1
201 843 1
201 969 1
201 981 1
203 374 1
203 386 1
203 686 1
204 576 1
205 436 1
205 833 1
205 835 1
205 919 1
205 956 1
205 974 1
205 979 1
206 353 1
206 417 1
207 253 1
207 314 1
207 323 1
207 330 1
207 511 1
207 518 1
207 588 1
207 602 1
207 681 1
207 788 1
207 995 1
208 219 1
208 317 1
208 383 1
208 456 1
208 798 1
208 908 1
209 220 1
209 380 1
210 287 1
210 895 1
210 900 1
210 999 1
211 362 1
211 363 1
211 403 1
211 449 1
211 580 1
211 583 1
211 616 1
211 652 1
211 693 1
212 440 1
212 461 1
212 520 1
212 713 1
212 760 1
212 799 1
212 824 1
212 865 1
212 870 1
213 263 1
213 332 1
213 352 1
213 390 1
213 471 1
213 629 1
213 634 1
213 718 1
214 335 1
214 428 1
214 865 1
215 541 1
216 338 1
216 567 1
216 653 1
216 687 1
216 824 1
216 905 1
216 936 1
217 479 1
217 777 1
217 974 1
218 285 1
218 944 1
218 969 1
219 221 1
219 256 1
219 275 1
219 320 1
219 629 1
219 644 1
219 809 1
220 263 1
220 375 1
220 389 1
220 541 1
220 575 1
220 620 1
220 868 1
220 906 1
221 441 1
221 525 1
221 558 1
221 612 1
222 328 1
222 543 1
222 690 1
222 976 1
223 458 1
223 733 1
223 844 1
224 338 1
224 570 1
224 644 1
224 654 1
224 741 1
224 791 1
224 863 1
225 240 1
225 298 1
225 308 1
225 330 1
225 346 1
225 347 1
225 351 1
225 421 1
225 435 1
225 462 1
225 490 1
225 499 1
225 502 1
225 505 1
225 748 1
225 954 1
225 983 1
226 292 1
226 405 1
226 487 1
226 549 1
226 565 1
226 630 1
226 653 1
226 810 1
226 937 1
227 328 1
227 463 1
227 475 1
227 733 1
228 322 1
228 425 1
228 466 1
228 768 1
228 953 1
229 293 1
229 384 1
229 451 1
229 643 1
229 901 1
230 459 1
230 615 1
230 781 1
230 805 1
230 861 1
231 276 1
231 293 1
231 313 1
231 442 1
231 613 1
231 790 1
231 824 1
231 838 1
231 912 1
231 918 1
231 992 1
232 544 1
232 595 1
232 613 1
232 863 1
233 281 1
233 606 1
233 809 1
233 842 1
234 277 1
234 306 1
234 384 1
234 559 1
234 578 1
234 653 1
234 752 1
234 833 1
234 950 1
235 281 1
235 460 1
235 560 1
235 682 1
235 978 1
236 295 1
236 493 1
236 564 1
236 754 1
236 866 1
236 973 1
237 476 1
237 848 1
237 875 1
238 375 1
238 398 1
238 545 1
238 603 1
238 814 1
238 846 1
238 947 1
238 984 1
239 275 1
239 655 1
239 705 1
240 280 1
240 298 1
240 591 1
241 538 1
241 663 1
241 882 1
242 348 1
242 361 1
242 558 1
242 669 1
243 256 1
243 597 1
243 923 1
244 341 1
244 378 1
244 525 1
244 847 1
245 267 1
245 369 1
245 460 1
245 503 1
245 519 1
245 622 1
245 689 1
245 835 1
245 942 1
246 247 1
246 588 1
246 636 1
246 665 1
246 678 1
246 960 1
247 284 1
247 363 1
247 383 1
247 451 1
247 646 1
248 252 1
248 275 1
248 325 1
248 469 1
248 483 1
248 486 1
248 524 1
248 550 1
248 566 1
248 587 1
248 603 1
248 636 1
248 650 1
248 872 1
248 945 1
249 265 1
249 505 1
249 512 1
249 515 1
249 795 1
250 676 1
250 680 1
250 960 1
251 467 1
251 595 1
251 740 1
251 816 1
251 820 1
252 290 1
252 304 1
252 420 1
252 514 1
252 722 1
253 254 1
253 411 1
253 428 1
253 447 1
253 467 1
253 485 1
253 757 1
253 906 1
253 967 1
253 985 1
254 377 1
254 518 1
254 537 1
254 553 1
254 688 1
254 697 1
254 750 1
254 776 1
255 286 1
255 527 1
255 724 1
255 916 1
256 424 1
256 481 1
256 503 1
256 553 1
256 556 1
256 578 1
256 642 1
256 671 1
256 749 1
256 767 1
257 287 1
257 372 1
257 379 1
257 382 1
257 403 1
257 448 1
257 486 1
257 651 1
257 965 1
257 993 1
258 397 1
258 751 1
258 965 1
259 423 1
259 457 1
259 663 1
259 762 1
259 903 1
260 268 1
260 304 1
260 328 1
260 376 1
260 414 1
260 522 1
260 548 1
260 556 1
260 796 1
260 814 1
260 885 1
260 921 1
261 368 1
261 397 1
261 470 1
261 754 1
261 840 1
261 902 1
262 299 1
262 359 1
262 370 1
262 404 1
262 676 1
262 937 1
262 942 1
263 830 1
263 922 1
264 532 1
264 614 1
264 850 1
265 296 1
265 334 1
265 373 1
265 965 1
265 992 1
266 301 1
266 306 1
266 325 1
266 420 1
266 661 1
266 735 1
266 766 1
267 356 1
267 521 1
267 697 1
267 802 1
267 914 1
268 340 1
268 652 1
268 714 1
268 719 1
268 804 1
269 366 1
269 368 1
269 430 1
269 654 1
269 713 1
269 762 1
270 280 1
270 284 1
270 299 1
270 311 1
270 316 1
270 380 1
270 627 1
270 681 1
270 823 1
270 899 1
270 924 1
271 343 1
271 360 1
271 393 1
271 396 1
271 746 1
271 788 1
271 809 1
271 847 1
272 297 1
272 304 1
272 374 1
273 510 1
273 901 1
274 540 1
274 672 1
274 768 1
274 844 1
275 420 1
275 619 1
276 391 1
276 495 1
276 596 1
276 676 1
277 448 1
277 584 1
277 674 1
277 854 1
277 982 1
278 841 1
278 932 1
278 981 1
278 991 1
279 342 1
279 367 1
279 408 1
279 507 1
279 624 1
279 715 1
280 591 1
280 870 1
281 492 1
281 633 1
283 298 1
283 357 1
283 898 1
284 319 1
284 423 1
284 943 1
285 453 1
286 288 1
286 307 1
286 310 1
286 355 1
286 378 1
286 400 1
286 504 1
286 592 1
286 602 1
286 779 1
286 808 1
286 959 1
287 713 1
287 745 1
287 822 1
288 707 1
288 789 1
288 989 1
289 332 1
289 363 1
289 944 1
289 994 1
290 348 1
290 356 1
290 427 1
290 526 1
290 530 1
290 689 1
290 932 1
291 388 1
291 470 1
291 725 1
291 837 1
291 854 1
291 926 1
291 993 1
292 386 1
292 526 1
292 604 1
292 828 1
292 893 1
292 977 1
293 443 1
293 465 1
293 578 1
293 905 1
293 915 1
293 934 1
294 641 1
295 308 1
295 583 1
295 604 1
295 616 1
295 683 1
295 805 1
295 823 1
295 908 1
296 300 1
296 542 1
296 665 1
296 675 1
296 703 1
296 765 1
296 808 1
296 836 1
297 315 1
297 371 1
297 436 1
297 454 1
297 736 1
297 889 1
297 924 1
298 364 1
298 473 1
298 701 1
298 802 1
299 387 1
299 591 1
299 597 1
299 696 1
300 410 1
300 567 1
301 332 1
301 343 1
301 468 1
301 514 1
301 569 1
302 416 1
302 767 1
302 832 1
303 435 1
303 481 1
304 394 1
304 416 1
304 437 1
305 325 1
305 333 1
305 741 1
305 938 1
306 392 1
306 479 1
306 692 1
306 806 1
306 986 1
307 322 1
307 444 1
307 492 1
307 509 1
307 568 1
307 783 1
307 843 1
307 847 1
307 901 1
308 341 1
308 404 1
308 489 1
308 656 1
308 684 1
309 478 1
309 595 1
309 605 1
309 797 1
309 860 1
309 950 1
309 984 1
310 316 1
310 474 1
310 729 1
311 403 1
311 404 1
311 529 1
311 845 1
311 854 1
311 908 1
311 978 1
312 365 1
312 620 1
312 962 1
313 542 1
313 981 1
314 687 1
314 791 1
314 922 1
315 414 1
316 371 1
316 547 1
316 802 1
316 841 1
317 777 1
317 864 1
317 938 1
318 319 1
318 479 1
318 632 1
318 803 1
318 880 1
318 910 1
319 326 1
319 412 1
319 417 1
319 511 1
319 597 1
319 846 1
320 338 1
320 429 1
320 472 1
320 476 1
320 726 1
320 819 1
321 354 1
322 341 1
322 376 1
322 679 1
322 815 1
323 324 1
323 344 1
323 505 1
323 536 1
323 565 1
323 623 1
323 784 1
324 385 1
324 492 1
324 572 1
324 731 1
324 795 1
325 455 1
325 498 1
325 610 1
325 651 1
325 764 1
326 508 1
326 728 1
326 868 1
326 894 1
327 585 1
327 819 1
327 881 1
328 874 1
329 431 1
329 439 1
329 608 1
329 949 1
330 379 1
330 401 1
330 498 1
330 664 1
331 589 1
331 664 1
332 350 1
332 424 1
332 443 1
332 688 1
332 703 1
332 825 1
333 414 1
333 438 1
334 459 1
334 473 1
334 958 1
335 522 1
335 633 1
336 369 1
336 446 1
336 457 1
336 628 1
336 670 1
336 756 1
337 339 1
337 346 1
337 507 1
337 522 1
337 613 1
337 851 1
339 716 1
339 888 1
340 441 1
340 459 1
340 813 1
340 893 1
341 398 1
341 433 1
341 682 1
341 684 1
341 746 1
343 786 1
344 433 1
344 453 1
344 581 1
344 661 1
344 759 1
345 566 1
345 572 1
345 762 1
345 896 1
346 758 1
347 437 1
347 599 1
348 356 1
348 357 1
348 550 1
348 634 1
349 440 1
349 576 1
349 664 1
350 477 1
350 759 1
352 448 1
352 530 1
352 816 1
352 847 1
353 393 1
353 543 1
353 869 1
353 902 1
353 913 1
353 914 1
354 587 1
354 717 1
355 418 1
356 442 1
357 359 1
357 389 1
357 453 1
357 570 1
357 625 1
357 679 1
357 695 1
357 779 1
358 467 1
358 502 1
358 577 1
358 585 1
358 592 1
358 788 1
358 799 1
358 851 1
359 407 1
359 554 1
359 563 1
359 720 1
359 966 1
360 382 1
360 407 1
360 737 1
360 790 1
361 440 1
361 473 1
361 746 1
363 525 1
363 591 1
363 730 1
363 769 1
363 868 1
363 935 1
363 997 1
364 399 1
364 451 1
364 635 1
364 812 1
364 988 1
365 432 1
365 507 1
365 534 1
365 607 1
365 677 1
365 996 1
366 790 1
367 410 1
367 466 1
367 757 1
367 771 1
367 792 1
367 931 1
367 941 1
368 390 1
368 400 1
368 429 1
368 614 1
368 734 1
368 942 1
369 519 1
369 559 1
369 980 1
370 411 1
371 404 1
371 669 1
371 883 1
371 940 1
371 1000 1
372 705 1
373 431 1
373 540 1
373 763 1
373 821 1
373 861 1
375 502 1
375 629 1
375 694 1
376 490 1
376 523 1
376 682 1
377 416 1
377 508 1
377 545 1
377 792 1
378 452 1
378 499 1
378 508 1
378 512 1
378 640 1
378 720 1
378 739 1
378 902 1
378 971 1
379 382 1
379 387 1
379 444 1
379 491 1
379 557 1
379 625 1
379 698 1
379 700 1
379 753 1
379 874 1
379 934 1
379 955 1
380 469 1
381 612 1
381 636 1
381 664 1
381 911 1
382 402 1
382 432 1
382 510 1
383 430 1
383 497 1
384 936 1
385 528 1
385 560 1
385 837 1
386 451 1
386 498 1
386 621 1
386 856 1
386 870 1
386 984 1
387 401 1
387 407 1
387 411 1
387 721 1
389 807 1
391 545 1
391 606 1
391 986 1
392 428 1
392 489 1
392 608 1
392 677 1
393 419 1
393 496 1
393 523 1
393 557 1
393 739 1
394 467 1
394 686 1
395 424 1
395 738 1
395 777 1
396 542 1
396 787 1
397 444 1
397 600 1
398 800 1
399 468 1
399 702 1
399 871 1
400 496 1
400 579 1
400 663 1
400 698 1
400 777 1
401 676 1
401 929 1
401 950 1
401 968 1
402 744 1
403 419 1
403 481 1
403 511 1
403 538 1
403 546 1
403 556 1
403 630 1
403 635 1
403 721 1
403 987 1
404 537 1
404 665 1
404 823 1
406 690 1
407 643 1
407 706 1
407 880 1
408 779 1
409 690 1
409 802 1
410 625 1
410 681 1
410 905 1
411 523 1
411 544 1
411 995 1
412 505 1
413 784 1
413 995 1
413 998 1
414 489 1
414 644 1
416 521 1
416 637 1
416 733 1
416 782 1
416 824 1
416 970 1
417 431 1
417 494 1
417 518 1
417 531 1
417 639 1
417 666 1
417 673 1
417 693 1
417 838 1
417 899 1
417 972 1
418 483 1
418 568 1
418 662 1
418 789 1
418 797 1
418 830 1
418 985 1
419 438 1
419 700 1
421 476 1
421 529 1
421 896 1
422 578 1
422 640 1
422 826 1
423 499 1
423 631 1
424 609 1
424 660 1
424 745 1
424 942 1
425 853 1
425 939 1
425 965 1
426 734 1
427 534 1
427 598 1
427 742 1
427 795 1
427 806 1
427 929 1
427 983 1
428 463 1
429 442 1
429 794 1
429 802 1
429 821 1
429 864 1
429 948 1
430 485 1
430 513 1
430 659 1
431 435 1
431 726 1
431 782 1
432 616 1
432 990 1
432 992 1
433 540 1
433 724 1
433 909 1
435 657 1
435 658 1
435 675 1
435 935 1
436 577 1
436 695 1
436 743 1
437 619 1
437 847 1
437 862 1
437 963 1
438 699 1
438 870 1
438 876 1
439 531 1
439 747 1
439 817 1
439 987 1
440 580 1
440 760 1
440 938 1
441 477 1
441 546 1
441 982 1
443 513 1
443 541 1
443 546 1
443 581 1
445 574 1
445 635 1
445 829 1
445 888 1
445 943 1
446 547 1
446 734 1
447 890 1
448 488 1
448 530 1
448 720 1
448 953 1
448 955 1
449 539 1
449 775 1
449 853 1
449 948 1
450 514 1
450 527 1
450 682 1
450 807 1
450 861 1
451 853 1
451 912 1
452 930 1
453 475 1
453 700 1
454 974 1
454 999 1
455 576 1
455 672 1
455 862 1
455 986 1
456 528 1
456 712 1
456 743 1
456 822 1
456 845 1
456 955 1
457 583 1
457 586 1
457 686 1
457 885 1
458 586 1
458 818 1
458 917 1
460 521 1
460 555 1
460 720 1
461 485 1
462 667 1
462 671 1
462 744 1
463 652 1
463 970 1
464 617 1
464 645 1
464 850 1
464 886 1
464 906 1
465 552 1
465 566 1
467 512 1
467 524 1
467 533 1
467 580 1
467 617 1
467 721 1
467 768 1
468 573 1
468 850 1
468 920 1
468 957 1
470 893 1
470 946 1
471 667 1
472 486 1
472 672 1
473 531 1
473 565 1
474 925 1
475 795 1
476 589 1
476 723 1
476 779 1
476 784 1
476 983 1
477 510 1
477 671 1
478 890 1
479 500 1
479 584 1
480 604 1
480 724 1
480 834 1
481 660 1
481 670 1
481 679 1
481 811 1
482 515 1
482 933 1
483 550 1
483 594 1
483 740 1
483 887 1
484 657 1
486 577 1
486 582 1
486 914 1
488 517 1
489 657 1
490 774 1
490 845 1
491 610 1
491 770 1
492 971 1
493 765 1
495 645 1
495 649 1
495 964 1
496 695 1
497 506 1
498 879 1
500 722 1
500 784 1
501 621 1
501 693 1
501 701 1
501 727 1
501 773 1
501 815 1
501 907 1
502 916 1
502 919 1
502 994 1
503 567 1
503 647 1
504 506 1
504 546 1
504 548 1
504 675 1
504 776 1
505 517 1
505 820 1
506 836 1
507 799 1
507 931 1
508 785 1
509 596 1
509 730 1
509 951 1
510 758 1
511 852 1
512 653 1
512 679 1
513 839 1
514 571 1
515 527 1
515 532 1
515 616 1
515 778 1
515 894 1
516 695 1
517 575 1
517 672 1
517 751 1
517 757 1
517 972 1
517 981 1
518 605 1
518 778 1
519 530 1
519 614 1
519 704 1
519 723 1
519 899 1
520 560 1
520 849 1
521 747 1
521 804 1
521 829 1
521 859 1
521 937 1
522 839 1
524 719 1
525 801 1
525 917 1
525 927 1
526 590 1
527 535 1
528 999 1
530 610 1
530 939 1
531 749 1
531 775 1
531 842 1
532 730 1
532 758 1
533 794 1
534 693 1
534 857 1
535 550 1
535 760 1
536 853 1
536 872 1
539 792 1
539 841 1
540 558 1
540 752 1
540 841 1
541 860 1
541 921 1
542 555 1
542 598 1
544 598 1
545 632 1
546 630 1
546 827 1
546 905 1
546 1000 1
548 761 1
548 767 1
548 875 1
549 581 1
549 658 1
549 846 1
549 871 1
549 888 1
550 745 1
551 608 1
551 650 1
551 708 1
552 593 1
552 669 1
555 588 1
556 944 1
557 706 1
558 633 1
559 755 1
559 777 1
560 885 1
560 920 1
561 566 1
561 719 1
562 887 1
563 620 1
563 796 1
563 830 1
563 962 1
564 574 1
564 631 1
565 737 1
565 964 1
566 800 1
567 693 1
567 854 1
568 600 1
568 732 1
569 671 1
569 692 1
569 886 1
569 919 1
571 790 1
574 906 1
575 770 1
577 585 1
579 655 1
579 774 1
579 813 1
580 734 1
580 818 1
580 828 1
580 881 1
580 917 1
580 990 1
581 611 1
582 727 1
582 782 1
583 644 1
584 732 1
585 923 1
586 877 1
586 993 1
587 593 1
587 692 1
588 594 1
588 979 1
591 665 1
591 669 1
592 873 1
595 828 1
595 867 1
595 965 1
596 807 1
596 890 1
597 697 1
598 763 1
599 629 1
599 637 1
601 998 1
602 704 1
602 811 1
603 652 1
603 838 1
607 732 1
609 688 1
609 739 1
609 775 1
609 863 1
610 648 1
610 725 1
610 883 1
611 683 1
611 699 1
611 842 1
611 861 1
611 880 1
611 920 1
612 726 1
612 730 1
612 755 1
612 782 1
613 653 1
613 741 1
613 811 1
613 828 1
613 856 1
614 638 1
614 830 1
615 855 1
617 743 1
617 756 1
617 812 1
617 923 1
617 963 1
617 996 1
618 630 1
618 694 1
618 941 1
619 656 1
619 760 1
619 994 1
620 888 1
620 911 1
621 627 1
621 772 1
621 793 1
625 640 1
625 714 1
625 944 1
626 916 1
628 839 1
628 908 1
628 992 1
629 769 1
630 703 1
630 941 1
631 662 1
633 837 1
633 897 1
635 838 1
636 834 1
636 976 1
637 656 1
637 667 1
637 731 1
637 868 1
637 921 1
638 740 1
641 963 1
642 711 1
643 658 1
643 940 1
646 771 1
646 773 1
647 814 1
652 790 1
652 827 1
653 753 1
655 989 1
657 849 1
657 884 1
660 879 1
661 902 1
661 961 1
662 998 1
665 772 1
666 744 1
667 873 1
668 820 1
668 961 1
669 708 1
669 849 1
670 749 1
672 797 1
672 884 1
674 772 1
676 678 1
676 710 1
676 750 1
676 884 1
676 925 1
677 808 1
678 953 1
678 997 1
682 892 1
682 897 1
684 793 1
684 911 1
685 923 1
687 812 1
687 975 1
688 748 1
688 783 1
688 934 1
688 947 1
688 968 1
690 718 1
692 987 1
694 761 1
698 781 1
699 893 1
701 893 1
702 708 1
704 883 1
705 891 1
706 780 1
706 803 1
706 878 1
707 972 1
710 840 1
715 814 1
716 778 1
716 799 1
717 731 1
719 844 1
726 863 1
728 729 1
728 740 1
728 774 1
729 733 1
734 898 1
735 812 1
736 941 1
737 883 1
738 743 1
738 873 1
739 800 1
739 957 1
740 927 1
740 973 1
740 975 1
743 796 1
743 962 1
746 907 1
746 953 1
747 846 1
747 990 1
748 842 1
748 954 1
750 770 1
750 797 1
750 933 1
754 803 1
757 809 1
757 900 1
758 795 1
759 858 1
760 815 1
761 801 1
764 788 1
765 773 1
765 945 1
765 988 1
766 862 1
767 836 1
768 800 1
768 904 1
772 967 1
772 977 1
773 917 1
773 1000 1
774 831 1
775 838 1
776 816 1
776 826 1
776 938 1
779 813 1
786 831 1
788 869 1
788 904 1
791 895 1
794 945 1
795 827 1
796 817 1
797 817 1
797 869 1
798 958 1
802 819 1
802 903 1
802 924 1
804 946 1
807 819 1
808 822 1
810 977 1
815 935 1
816 880 1
817 872 1
818 840 1
818 844 1
818 852 1
821 969 1
822 980 1
825 912 1
828 855 1
829 980 1
830 984 1
832 897 1
832 907 1
833 835 1
834 978 1
834 987 1
837 992 1
839 859 1
840 909 1
840 919 1
841 896 1
843 867 1
844 864 1
844 921 1
844 951 1
845 886 1
845 918 1
846 854 1
851 943 1
866 895 1
867 996 1
868 904 1
875 927 1
880 913 1
888 989 1
891 927 1
895 933 1
900 911 1
900 987 1
904 953 1
906 915 1
906 997 1
907 915 1
907 997 1
912 939 1
914 928 1
914 972 1
916 969 1
925 950 1
944 949 1
949 966 1
950 994 1
953 993 1
984 994 1
