1000 4975
1 2 1
1 3 1
1 4 1
1 5 1
1 6 1
1 7 1
1 8 1
1 9 1
1 10 1
1 11 1
1 13 1
1 15 1
1 16 1
1 17 1
1 25 1
1 26 1
1 32 1
1 40 1
1 45 1
1 52 1
1 58 1
1 72 1
1 80 1
1 82 1
1 83 1
1 97 1
1 99 1
1 105 1
1 120 1
1 124 1
1 132 1
1 136 1
1 138 1
1 146 1
1 149 1
1 153 1
1 173 1
1 177 1
1 184 1
1 191 1
1 192 1
1 202 1
1 224 1
1 242 1
1 277 1
1 287 1
1 313 1
1 319 1
1 331 1
1 338 1
1 353 1
1 378 1
1 391 1
1 412 1
1 415 1
1 424 1
1 427 1
1 444 1
1 455 1
1 476 1
1 484 1
1 492 1
1 533 1
1 557 1
1 584 1
1 589 1
1 609 1
1 635 1
1 641 1
1 645 1
1 728 1
1 737 1
1 777 1
1 791 1
1 802 1
1 831 1
1 865 1
1 873 1
1 887 1
1 915 1
2 7 1
2 8 1
2 12 1
2 15 1
2 18 1
2 28 1
2 29 1
2 30 1
2 32 1
2 33 1
2 38 1
2 56 1
2 61 1
2 62 1
2 85 1
2 101 1
2 103 1
2 127 1
2 144 1
2 165 1
2 171 1
2 225 1
2 268 1
2 272 1
2 288 1
2 293 1
2 329 1
2 382 1
2 386 1
2 403 1
2 411 1
2 479 1
2 543 1
2 563 1
2 676 1
2 677 1
2 688 1
2 721 1
2 722 1
2 733 1
2 734 1
2 770 1
2 814 1
2 822 1
2 835 1
2 877 1
2 905 1
2 925 1
2 926 1
2 939 1
2 996 1
3 7 1
3 9 1
3 10 1
3 11 1
3 14 1
3 19 1
3 23 1
3 24 1
3 29 1
3 37 1
3 65 1
3 69 1
3 76 1
3 93 1
3 94 1
3 117 1
3 123 1
3 203 1
3 247 1
3 277 1
3 294 1
3 319 1
3 320 1
3 327 1
3 342 1
3 375 1
3 391 1
3 416 1
3 420 1
3 462 1
3 487 1
3 505 1
3 552 1
3 561 1
3 580 1
3 581 1
3 635 1
3 658 1
3 692 1
3 696 1
3 723 1
3 812 1
3 861 1
3 907 1
3 938 1
4 31 1
4 40 1
4 50 1
4 60 1
4 100 1
4 216 1
4 318 1
4 498 1
4 526 1
4 682 1
4 759 1
5 7 1
5 8 1
5 10 1
5 12 1
5 13 1
5 14 1
5 17 1
5 19 1
5 21 1
5 25 1
5 29 1
5 47 1
5 51 1
5 56 1
5 58 1
5 61 1
5 63 1
5 70 1
5 95 1
5 99 1
5 109 1
5 111 1
5 120 1
5 122 1
5 128 1
5 151 1
5 164 1
5 186 1
5 211 1
5 273 1
5 332 1
5 399 1
5 405 1
5 497 1
5 529 1
5 558 1
5 580 1
5 609 1
5 611 1
5 641 1
5 649 1
5 669 1
5 670 1
5 742 1
5 799 1
5 821 1
5 831 1
5 949 1
5 969 1
5 991 1
6 7 1
6 8 1
6 9 1
6 10 1
6 13 1
6 27 1
6 28 1
6 30 1
6 46 1
6 47 1
6 54 1
6 55 1
6 80 1
6 83 1
6 86 1
6 94 1
6 95 1
6 125 1
6 128 1
6 134 1
6 145 1
6 150 1
6 155 1
6 218 1
6 229 1
6 232 1
6 327 1
6 352 1
6 441 1
6 442 1
6 461 1
6 481 1
6 483 1
6 502 1
6 515 1
6 528 1
6 575 1
6 771 1
6 828 1
6 833 1
6 850 1
6 922 1
6 955 1
7 8 1
7 9 1
7 10 1
7 11 1
7 13 1
7 14 1
7 16 1
7 18 1
7 19 1
7 20 1
7 22 1
7 24 1
7 26 1
7 34 1
7 36 1
7 42 1
7 44 1
7 45 1
7 51 1
7 54 1
7 56 1
7 68 1
7 84 1
7 89 1
7 98 1
7 99 1
7 105 1
7 110 1
7 113 1
7 119 1
7 121 1
7 123 1
7 135 1
7 141 1
7 148 1
7 161 1
7 164 1
7 167 1
7 168 1
7 169 1
7 171 1
7 182 1
7 198 1
7 206 1
7 232 1
7 233 1
7 239 1
7 240 1
7 254 1
7 269 1
7 275 1
7 291 1
7 295 1
7 299 1
7 301 1
7 309 1
7 315 1
7 318 1
7 331 1
7 344 1
7 348 1
7 374 1
7 385 1
7 400 1
7 415 1
7 419 1
7 420 1
7 445 1
7 453 1
7 456 1
7 458 1
7 472 1
7 482 1
7 483 1
7 498 1
7 507 1
7 520 1
7 533 1
7 539 1
7 560 1
7 598 1
7 613 1
7 616 1
7 619 1
7 622 1
7 624 1
7 632 1
7 646 1
7 662 1
7 686 1
7 691 1
7 726 1
7 727 1
7 786 1
7 793 1
7 806 1
7 821 1
7 829 1
7 843 1
7 858 1
7 911 1
7 972 1
8 9 1
8 12 1
8 14 1
8 15 1
8 20 1
8 27 1
8 30 1
8 39 1
8 42 1
8 43 1
8 44 1
8 49 1
8 50 1
8 51 1
8 53 1
8 55 1
8 57 1
8 58 1
8 60 1
8 61 1
8 65 1
8 76 1
8 77 1
8 81 1
8 83 1
8 87 1
8 91 1
8 94 1
8 96 1
8 100 1
8 102 1
8 127 1
8 135 1
8 142 1
8 152 1
8 162 1
8 169 1
8 176 1
8 178 1
8 194 1
8 201 1
8 207 1
8 217 1
8 220 1
8 222 1
8 223 1
8 232 1
8 235 1
8 245 1
8 248 1
8 256 1
8 258 1
8 259 1
8 262 1
8 287 1
8 296 1
8 302 1
8 303 1
8 307 1
8 312 1
8 321 1
8 329 1
8 331 1
8 344 1
8 347 1
8 354 1
8 359 1
8 369 1
8 373 1
8 378 1
8 389 1
8 404 1
8 407 1
8 408 1
8 417 1
8 425 1
8 430 1
8 447 1
8 452 1
8 467 1
8 476 1
8 482 1
8 495 1
8 516 1
8 523 1
8 527 1
8 536 1
8 560 1
8 573 1
8 577 1
8 615 1
8 703 1
8 713 1
8 727 1
8 728 1
8 740 1
8 743 1
8 752 1
8 755 1
8 762 1
8 771 1
8 858 1
8 884 1
8 885 1
8 921 1
8 923 1
8 932 1
8 944 1
8 950 1
8 965 1
8 968 1
8 988 1
8 993 1
8 998 1
9 11 1
9 15 1
9 16 1
9 17 1
9 18 1
9 22 1
9 25 1
9 26 1
9 28 1
9 43 1
9 45 1
9 50 1
9 53 1
9 59 1
9 63 1
9 71 1
9 73 1
9 80 1
9 81 1
9 87 1
9 94 1
9 105 1
9 109 1
9 127 1
9 137 1
9 142 1
9 148 1
9 150 1
9 168 1
9 203 1
9 204 1
9 221 1
9 224 1
9 230 1
9 236 1
9 239 1
9 247 1
9 250 1
9 251 1
9 285 1
9 301 1
9 313 1
9 348 1
9 370 1
9 376 1
9 380 1
9 405 1
9 408 1
9 413 1
9 421 1
9 465 1
9 467 1
9 477 1
9 490 1
9 492 1
9 517 1
9 524 1
9 540 1
9 582 1
9 592 1
9 599 1
9 601 1
9 604 1
9 608 1
9 615 1
9 623 1
9 625 1
9 628 1
9 632 1
9 639 1
9 640 1
9 744 1
9 769 1
9 812 1
9 819 1
9 837 1
9 850 1
9 851 1
9 863 1
9 869 1
9 870 1
9 878 1
9 894 1
9 932 1
9 943 1
9 944 1
9 967 1
9 973 1
9 983 1
9 986 1
9 999 1
10 11 1
10 12 1
10 13 1
10 16 1
10 18 1
10 20 1
10 22 1
10 23 1
10 24 1
10 32 1
10 35 1
10 37 1
10 39 1
10 41 1
10 42 1
10 44 1
10 46 1
10 47 1
10 53 1
10 62 1
10 63 1
10 65 1
10 66 1
10 69 1
10 71 1
10 75 1
10 77 1
10 78 1
10 79 1
10 80 1
10 84 1
10 88 1
10 90 1
10 98 1
10 102 1
10 106 1
10 113 1
10 116 1
10 118 1
10 124 1
10 138 1
10 140 1
10 144 1
10 148 1
10 166 1
10 168 1
10 170 1
10 173 1
10 177 1
10 179 1
10 186 1
10 193 1
10 195 1
10 199 1
10 208 1
10 210 1
10 212 1
10 241 1
10 254 1
10 258 1
10 265 1
10 269 1
10 270 1
10 276 1
10 282 1
10 311 1
10 313 1
10 340 1
10 342 1
10 343 1
10 344 1
10 346 1
10 356 1
10 379 1
10 396 1
10 412 1
10 432 1
10 444 1
10 450 1
10 478 1
10 480 1
10 493 1
10 498 1
10 501 1
10 505 1
10 506 1
10 510 1
10 512 1
10 521 1
10 525 1
10 526 1
10 536 1
10 538 1
10 544 1
10 553 1
10 565 1
10 566 1
10 574 1
10 575 1
10 602 1
10 619 1
10 620 1
10 624 1
10 626 1
10 630 1
10 648 1
10 656 1
10 664 1
10 679 1
10 702 1
10 706 1
10 730 1
10 746 1
10 749 1
10 758 1
10 801 1
10 802 1
10 826 1
10 845 1
10 846 1
10 870 1
10 873 1
10 903 1
10 912 1
10 921 1
10 927 1
10 937 1
10 946 1
10 948 1
10 981 1
11 12 1
11 14 1
11 15 1
11 17 1
11 30 1
11 36 1
11 49 1
11 54 1
11 55 1
11 65 1
11 97 1
11 99 1
11 106 1
11 113 1
11 139 1
11 151 1
11 156 1
11 166 1
11 174 1
11 177 1
11 184 1
11 187 1
11 197 1
11 306 1
11 308 1
11 311 1
11 320 1
11 332 1
11 360 1
11 375 1
11 378 1
11 383 1
11 428 1
11 432 1
11 457 1
11 513 1
11 518 1
11 653 1
11 670 1
11 676 1
11 688 1
11 709 1
11 718 1
11 785 1
11 797 1
11 839 1
11 930 1
11 966 1
12 53 1
12 69 1
12 70 1
12 73 1
12 91 1
12 102 1
12 108 1
12 130 1
12 162 1
12 188 1
12 191 1
12 194 1
12 234 1
12 278 1
12 294 1
12 310 1
12 361 1
12 717 1
12 750 1
12 789 1
12 815 1
12 874 1
13 16 1
13 17 1
13 18 1
13 19 1
13 24 1
13 27 1
13 33 1
13 34 1
13 35 1
13 41 1
13 43 1
13 57 1
13 67 1
13 85 1
13 100 1
13 103 1
13 110 1
13 115 1
13 124 1
13 131 1
13 145 1
13 211 1
13 217 1
13 240 1
13 249 1
13 278 1
13 289 1
13 316 1
13 329 1
13 351 1
13 369 1
13 440 1
13 497 1
13 537 1
13 558 1
13 564 1
13 591 1
13 595 1
13 678 1
13 718 1
13 905 1
14 20 1
14 21 1
14 24 1
14 25 1
14 26 1
14 27 1
14 28 1
14 31 1
14 33 1
14 36 1
14 37 1
14 42 1
14 43 1
14 55 1
14 58 1
14 59 1
14 60 1
14 61 1
14 63 1
14 74 1
14 76 1
14 80 1
14 89 1
14 97 1
14 104 1
14 123 1
14 124 1
14 129 1
14 130 1
14 138 1
14 159 1
14 179 1
14 187 1
14 212 1
14 215 1
14 217 1
14 238 1
14 271 1
14 274 1
14 281 1
14 290 1
14 293 1
14 298 1
14 322 1
14 324 1
14 325 1
14 334 1
14 336 1
14 339 1
14 353 1
14 367 1
14 377 1
14 403 1
14 413 1
14 421 1
14 474 1
14 486 1
14 492 1
14 494 1
14 504 1
14 512 1
14 545 1
14 547 1
14 553 1
14 554 1
14 578 1
14 585 1
14 590 1
14 607 1
14 684 1
14 708 1
14 741 1
14 768 1
14 782 1
14 816 1
14 840 1
14 856 1
14 862 1
14 874 1
14 895 1
14 897 1
14 917 1
14 929 1
14 945 1
14 947 1
14 958 1
14 961 1
14 971 1
14 989 1
15 20 1
15 23 1
15 30 1
15 31 1
15 33 1
15 36 1
15 41 1
15 60 1
15 65 1
15 71 1
15 75 1
15 106 1
15 129 1
15 156 1
15 190 1
15 208 1
15 210 1
15 216 1
15 223 1
15 239 1
15 249 1
15 281 1
15 307 1
15 348 1
15 394 1
15 464 1
15 527 1
15 551 1
15 565 1
15 614 1
15 622 1
15 628 1
15 695 1
15 713 1
15 743 1
15 825 1
15 830 1
15 834 1
15 847 1
15 896 1
15 953 1
15 954 1
15 994 1
16 22 1
16 23 1
16 25 1
16 43 1
16 45 1
16 59 1
16 102 1
16 106 1
16 124 1
16 155 1
16 189 1
16 191 1
16 208 1
16 244 1
16 249 1
16 260 1
16 325 1
16 340 1
16 414 1
16 417 1
16 439 1
16 506 1
16 560 1
16 591 1
16 592 1
16 739 1
16 756 1
16 785 1
16 814 1
16 819 1
16 874 1
16 896 1
16 906 1
16 917 1
16 923 1
16 979 1
17 33 1
17 35 1
17 46 1
17 52 1
17 70 1
17 79 1
17 92 1
17 95 1
17 122 1
17 131 1
17 151 1
17 153 1
17 200 1
17 224 1
17 246 1
17 259 1
17 282 1
17 284 1
17 304 1
17 315 1
17 378 1
17 425 1
17 470 1
17 475 1
17 523 1
17 630 1
17 660 1
17 680 1
17 736 1
17 888 1
17 896 1
18 19 1
18 21 1
18 26 1
18 34 1
18 40 1
18 48 1
18 49 1
18 52 1
18 59 1
18 69 1
18 92 1
18 109 1
18 114 1
18 136 1
18 139 1
18 149 1
18 157 1
18 180 1
18 204 1
18 208 1
18 245 1
18 259 1
18 292 1
18 310 1
18 312 1
18 317 1
18 355 1
18 356 1
18 371 1
18 393 1
18 460 1
18 467 1
18 472 1
18 479 1
18 491 1
18 510 1
18 523 1
18 541 1
18 570 1
18 589 1
18 612 1
18 636 1
18 689 1
18 776 1
18 834 1
18 837 1
18 847 1
18 866 1
18 892 1
18 935 1
18 971 1
19 21 1
19 22 1
19 37 1
19 67 1
19 79 1
19 81 1
19 84 1
19 97 1
19 105 1
19 134 1
19 146 1
19 148 1
19 159 1
19 163 1
19 190 1
19 199 1
19 205 1
19 245 1
19 263 1
19 269 1
19 386 1
19 399 1
19 432 1
19 453 1
19 481 1
19 532 1
19 545 1
19 549 1
19 569 1
19 570 1
19 673 1
19 680 1
19 684 1
19 732 1
19 763 1
19 823 1
19 837 1
19 865 1
19 954 1
19 956 1
20 21 1
20 37 1
20 44 1
20 47 1
20 51 1
20 125 1
20 158 1
20 178 1
20 192 1
20 193 1
20 196 1
20 230 1
20 231 1
20 243 1
20 252 1
20 273 1
20 355 1
20 481 1
20 534 1
20 538 1
20 543 1
20 562 1
20 568 1
20 590 1
20 601 1
20 698 1
20 701 1
20 703 1
20 737 1
20 744 1
20 806 1
20 880 1
20 901 1
20 951 1
21 23 1
21 35 1
21 39 1
21 51 1
21 52 1
21 90 1
21 125 1
21 163 1
21 176 1
21 197 1
21 288 1
21 293 1
21 305 1
21 340 1
21 440 1
21 469 1
21 481 1
21 550 1
21 568 1
21 575 1
21 593 1
21 624 1
21 754 1
21 808 1
21 941 1
22 31 1
22 68 1
22 84 1
22 89 1
22 257 1
22 291 1
22 366 1
22 368 1
22 400 1
22 657 1
22 721 1
22 738 1
22 789 1
22 802 1
22 918 1
22 947 1
22 956 1
23 62 1
23 86 1
23 100 1
23 138 1
23 154 1
23 182 1
23 323 1
23 407 1
23 431 1
23 531 1
23 606 1
23 608 1
23 656 1
23 984 1
24 38 1
24 39 1
24 41 1
24 48 1
24 70 1
24 76 1
24 82 1
24 86 1
24 87 1
24 117 1
24 123 1
24 133 1
24 138 1
24 144 1
24 153 1
24 167 1
24 222 1
24 241 1
24 255 1
24 256 1
24 269 1
24 283 1
24 285 1
24 324 1
24 353 1
24 358 1
24 370 1
24 408 1
24 440 1
24 548 1
24 568 1
24 623 1
24 666 1
24 674 1
24 711 1
24 721 1
24 846 1
24 858 1
24 884 1
24 894 1
24 937 1
24 969 1
24 983 1
24 992 1
25 29 1
25 38 1
25 44 1
25 47 1
25 54 1
25 60 1
25 64 1
25 67 1
25 72 1
25 74 1
25 77 1
25 87 1
25 93 1
25 94 1
25 144 1
25 172 1
25 175 1
25 176 1
25 181 1
25 187 1
25 201 1
25 202 1
25 209 1
25 221 1
25 224 1
25 229 1
25 241 1
25 268 1
25 296 1
25 297 1
25 334 1
25 338 1
25 340 1
25 365 1
25 369 1
25 373 1
25 400 1
25 418 1
25 513 1
25 552 1
25 567 1
25 585 1
25 595 1
25 608 1
25 617 1
25 654 1
25 659 1
25 665 1
25 673 1
25 690 1
25 731 1
25 736 1
25 814 1
25 843 1
25 862 1
25 867 1
25 873 1
25 880 1
25 963 1
25 999 1
26 27 1
26 32 1
26 38 1
26 54 1
26 71 1
26 73 1
26 85 1
26 110 1
26 126 1
26 211 1
26 217 1
26 304 1
26 326 1
26 339 1
26 445 1
26 466 1
26 473 1
26 490 1
26 530 1
26 547 1
26 564 1
26 583 1
26 664 1
26 689 1
26 701 1
26 702 1
26 745 1
26 746 1
26 772 1
26 783 1
26 786 1
26 830 1
26 833 1
26 861 1
26 893 1
27 28 1
27 56 1
27 85 1
27 91 1
27 114 1
27 136 1
27 161 1
27 206 1
27 260 1
27 297 1
27 299 1
27 308 1
27 356 1
27 361 1
27 387 1
27 453 1
27 493 1
27 542 1
27 613 1
27 687 1
27 719 1
28 29 1
28 31 1
28 49 1
28 88 1
28 121 1
28 240 1
28 336 1
28 512 1
28 569 1
28 573 1
28 864 1
29 34 1
29 36 1
29 39 1
29 41 1
29 50 1
29 64 1
29 67 1
29 108 1
29 117 1
29 126 1
29 127 1
29 128 1
29 139 1
29 146 1
29 150 1
29 193 1
29 215 1
29 235 1
29 246 1
29 271 1
29 297 1
29 300 1
29 309 1
29 376 1
29 422 1
29 424 1
29 546 1
29 571 1
29 582 1
29 613 1
29 630 1
29 664 1
29 719 1
29 720 1
29 743 1
29 749 1
29 758 1
29 760 1
29 763 1
29 826 1
29 828 1
29 841 1
29 852 1
29 854 1
29 888 1
29 979 1
30 32 1
30 38 1
30 70 1
30 73 1
30 118 1
30 150 1
30 152 1
30 181 1
30 189 1
30 196 1
30 206 1
30 228 1
30 280 1
30 328 1
30 337 1
30 340 1
30 344 1
30 346 1
30 395 1
30 471 1
30 579 1
30 612 1
30 647 1
30 669 1
30 742 1
30 950 1
31 35 1
31 45 1
31 46 1
31 48 1
31 50 1
31 56 1
31 61 1
31 63 1
31 75 1
31 88 1
31 111 1
31 114 1
31 115 1
31 135 1
31 147 1
31 157 1
31 225 1
31 226 1
31 232 1
31 233 1
31 238 1
31 263 1
31 286 1
31 301 1
31 329 1
31 355 1
31 370 1
31 385 1
31 396 1
31 397 1
31 408 1
31 429 1
31 495 1
31 504 1
31 513 1
31 518 1
31 545 1
31 549 1
31 585 1
31 631 1
31 647 1
31 648 1
31 658 1
31 689 1
31 690 1
31 720 1
31 831 1
31 876 1
31 960 1
31 973 1
31 992 1
31 995 1
32 34 1
32 57 1
32 68 1
32 107 1
32 132 1
32 139 1
32 162 1
32 233 1
32 235 1
32 275 1
32 388 1
32 426 1
32 465 1
32 511 1
32 565 1
32 580 1
32 617 1
32 664 1
32 710 1
32 715 1
32 839 1
32 848 1
32 931 1
32 986 1
33 48 1
33 81 1
33 85 1
33 103 1
33 108 1
33 152 1
33 160 1
33 166 1
33 198 1
33 220 1
33 260 1
33 300 1
33 306 1
33 362 1
33 424 1
33 429 1
33 442 1
33 443 1
33 468 1
33 524 1
33 533 1
33 544 1
33 563 1
33 600 1
33 707 1
33 723 1
33 745 1
33 813 1
33 979 1
34 40 1
34 52 1
34 57 1
34 92 1
34 95 1
34 101 1
34 104 1
34 172 1
34 214 1
34 261 1
34 316 1
34 317 1
34 349 1
34 407 1
34 415 1
34 535 1
34 546 1
34 689 1
34 726 1
34 743 1
34 748 1
34 763 1
34 767 1
34 806 1
34 928 1
35 40 1
35 62 1
35 72 1
35 90 1
35 107 1
35 120 1
35 127 1
35 170 1
35 172 1
35 193 1
35 231 1
35 235 1
35 260 1
35 265 1
35 288 1
35 305 1
35 440 1
35 460 1
35 471 1
35 560 1
35 586 1
35 592 1
35 629 1
35 646 1
35 683 1
35 691 1
35 716 1
35 718 1
35 855 1
35 946 1
35 978 1
36 78 1
36 93 1
36 113 1
36 126 1
36 140 1
36 169 1
36 183 1
36 187 1
36 190 1
36 191 1
36 203 1
36 207 1
36 221 1
36 232 1
36 420 1
36 435 1
36 631 1
36 636 1
36 792 1
36 853 1
36 860 1
37 72 1
37 123 1
37 135 1
37 270 1
37 530 1
37 685 1
37 821 1
37 890 1
38 42 1
38 67 1
38 99 1
38 129 1
38 143 1
38 173 1
38 184 1
38 199 1
38 386 1
38 453 1
38 461 1
38 514 1
38 521 1
38 595 1
38 653 1
38 832 1
38 854 1
38 868 1
38 871 1
39 46 1
39 49 1
39 78 1
39 86 1
39 91 1
39 93 1
39 101 1
39 106 1
39 107 1
39 116 1
39 122 1
39 142 1
39 143 1
39 147 1
39 155 1
39 157 1
39 180 1
39 227 1
39 233 1
39 256 1
39 271 1
39 298 1
39 327 1
39 362 1
39 395 1
39 398 1
39 409 1
39 414 1
39 463 1
39 480 1
39 527 1
39 539 1
39 570 1
39 657 1
39 706 1
39 752 1
39 820 1
39 885 1
39 899 1
39 926 1
39 940 1
39 994 1
39 995 1
40 58 1
40 66 1
40 116 1
40 121 1
40 137 1
40 165 1
40 312 1
40 373 1
40 403 1
40 415 1
40 441 1
40 461 1
40 503 1
40 554 1
40 578 1
40 609 1
40 621 1
40 846 1
41 62 1
41 66 1
41 79 1
41 93 1
41 143 1
41 151 1
41 159 1
41 207 1
41 330 1
41 392 1
41 452 1
41 645 1
41 816 1
42 68 1
42 84 1
42 137 1
42 242 1
42 298 1
42 319 1
42 451 1
42 531 1
42 548 1
42 590 1
42 603 1
42 635 1
42 690 1
42 766 1
42 960 1
43 89 1
43 139 1
43 209 1
43 303 1
43 326 1
43 411 1
43 724 1
43 843 1
43 855 1
44 48 1
44 72 1
44 90 1
44 96 1
44 120 1
44 129 1
44 133 1
44 175 1
44 222 1
44 264 1
44 295 1
44 307 1
44 334 1
44 349 1
44 365 1
44 367 1
44 484 1
44 485 1
44 491 1
44 514 1
44 517 1
44 542 1
44 601 1
44 750 1
44 761 1
44 795 1
44 943 1
44 985 1
45 76 1
45 92 1
45 166 1
45 174 1
45 183 1
45 273 1
45 307 1
45 343 1
45 350 1
45 402 1
45 454 1
45 541 1
45 566 1
45 593 1
45 598 1
45 733 1
45 888 1
45 983 1
46 69 1
46 75 1
46 128 1
46 178 1
46 209 1
46 237 1
46 256 1
46 310 1
46 384 1
46 466 1
46 536 1
46 547 1
46 563 1
46 602 1
46 994 1
47 75 1
47 78 1
47 154 1
47 155 1
47 160 1
47 173 1
47 261 1
47 263 1
47 266 1
47 273 1
47 676 1
47 753 1
47 859 1
47 957 1
47 977 1
48 66 1
48 74 1
48 81 1
48 105 1
48 126 1
48 170 1
48 219 1
48 238 1
48 240 1
48 258 1
48 269 1
48 288 1
48 317 1
48 330 1
48 333 1
48 405 1
48 410 1
48 479 1
48 484 1
48 498 1
48 515 1
48 525 1
48 537 1
48 654 1
48 663 1
48 700 1
48 712 1
48 794 1
48 866 1
48 997 1
49 53 1
49 86 1
49 153 1
49 156 1
49 200 1
49 201 1
49 209 1
49 263 1
49 267 1
49 330 1
49 345 1
49 436 1
49 580 1
49 596 1
49 625 1
49 635 1
49 824 1
49 936 1
49 939 1
49 964 1
50 104 1
50 159 1
50 187 1
50 201 1
50 215 1
50 227 1
50 286 1
50 322 1
50 331 1
50 502 1
50 542 1
50 561 1
50 585 1
50 675 1
50 740 1
50 743 1
50 853 1
50 858 1
50 867 1
50 868 1
50 889 1
50 917 1
50 926 1
50 943 1
50 976 1
50 988 1
51 57 1
51 132 1
51 194 1
51 228 1
51 259 1
51 292 1
51 354 1
51 430 1
51 524 1
51 597 1
51 679 1
51 707 1
51 749 1
51 995 1
52 59 1
52 77 1
52 82 1
52 133 1
52 179 1
52 197 1
52 309 1
52 335 1
52 524 1
52 561 1
52 624 1
52 725 1
52 761 1
52 808 1
53 64 1
53 82 1
53 109 1
53 126 1
53 131 1
53 143 1
53 148 1
53 155 1
53 174 1
53 181 1
53 341 1
53 445 1
53 449 1
53 494 1
53 554 1
53 587 1
53 739 1
53 748 1
53 832 1
53 933 1
53 962 1
54 55 1
54 146 1
54 246 1
54 279 1
54 966 1
55 74 1
55 96 1
55 115 1
55 128 1
55 131 1
55 210 1
55 218 1
55 258 1
55 279 1
55 303 1
55 341 1
55 347 1
55 497 1
55 528 1
55 681 1
55 684 1
55 698 1
55 746 1
55 777 1
55 781 1
55 835 1
55 855 1
56 73 1
56 169 1
56 227 1
56 236 1
56 285 1
56 316 1
56 416 1
56 422 1
56 859 1
56 890 1
57 91 1
57 152 1
57 154 1
57 190 1
57 262 1
57 290 1
57 345 1
57 379 1
57 420 1
57 592 1
57 804 1
57 826 1
57 836 1
57 842 1
57 850 1
57 887 1
57 897 1
57 899 1
57 928 1
58 64 1
58 71 1
58 77 1
58 112 1
58 118 1
58 147 1
58 240 1
58 242 1
58 286 1
58 296 1
58 360 1
58 391 1
58 398 1
58 433 1
58 475 1
58 528 1
58 605 1
58 726 1
58 869 1
59 79 1
59 83 1
59 113 1
59 154 1
59 189 1
59 262 1
59 286 1
59 332 1
59 335 1
59 380 1
59 381 1
59 399 1
59 410 1
59 465 1
59 582 1
59 695 1
59 708 1
59 740 1
60 89 1
60 103 1
60 107 1
60 156 1
60 185 1
60 401 1
60 456 1
60 488 1
60 629 1
60 902 1
60 997 1
61 66 1
61 158 1
61 181 1
61 241 1
61 323 1
61 326 1
61 342 1
61 423 1
61 433 1
61 462 1
61 508 1
61 686 1
61 829 1
61 960 1
61 993 1
62 98 1
62 108 1
62 116 1
62 140 1
62 163 1
62 165 1
62 171 1
62 225 1
62 250 1
62 252 1
62 333 1
62 410 1
62 531 1
62 576 1
62 618 1
62 627 1
62 684 1
62 794 1
62 813 1
62 831 1
62 863 1
63 64 1
63 68 1
63 98 1
63 101 1
63 111 1
63 115 1
63 130 1
63 172 1
63 175 1
63 255 1
63 287 1
63 352 1
63 405 1
63 521 1
63 651 1
63 848 1
63 914 1
64 178 1
64 185 1
64 575 1
64 651 1
65 108 1
65 111 1
65 182 1
65 192 1
65 204 1
65 213 1
65 257 1
65 530 1
65 541 1
65 659 1
65 707 1
65 757 1
66 83 1
66 149 1
66 168 1
66 186 1
66 571 1
66 599 1
66 628 1
66 693 1
67 104 1
67 110 1
67 130 1
67 212 1
67 235 1
67 375 1
67 486 1
67 538 1
67 594 1
67 596 1
67 793 1
67 962 1
67 969 1
68 87 1
68 153 1
68 280 1
68 393 1
68 474 1
68 581 1
68 662 1
68 753 1
68 982 1
69 74 1
69 107 1
69 112 1
69 136 1
69 137 1
69 195 1
69 276 1
69 450 1
69 714 1
70 114 1
70 338 1
70 464 1
70 564 1
70 572 1
70 576 1
70 621 1
70 781 1
70 787 1
70 910 1
71 160 1
71 290 1
71 603 1
71 630 1
71 679 1
71 759 1
71 893 1
72 78 1
72 112 1
72 147 1
72 214 1
72 215 1
72 384 1
72 840 1
72 962 1
73 82 1
73 197 1
73 264 1
73 272 1
73 280 1
73 335 1
73 367 1
73 383 1
73 486 1
73 622 1
73 713 1
73 764 1
73 906 1
73 913 1
74 88 1
74 174 1
74 191 1
74 247 1
74 370 1
74 371 1
74 460 1
74 518 1
74 554 1
74 573 1
75 92 1
75 158 1
75 184 1
75 188 1
75 229 1
75 246 1
75 383 1
75 482 1
75 500 1
75 551 1
75 556 1
75 594 1
75 683 1
75 710 1
75 845 1
75 895 1
75 936 1
76 97 1
76 110 1
76 217 1
76 284 1
76 329 1
76 435 1
76 457 1
76 469 1
76 620 1
76 835 1
76 890 1
76 907 1
76 987 1
77 88 1
77 134 1
77 141 1
77 181 1
77 211 1
77 213 1
77 227 1
77 237 1
77 248 1
77 261 1
77 276 1
77 438 1
77 471 1
77 526 1
77 714 1
77 937 1
77 948 1
77 958 1
78 98 1
78 175 1
78 211 1
78 274 1
78 281 1
78 289 1
78 291 1
78 328 1
78 330 1
78 342 1
78 346 1
78 356 1
78 388 1
78 398 1
78 660 1
78 797 1
78 980 1
78 984 1
79 101 1
79 176 1
79 198 1
79 205 1
79 356 1
79 987 1
80 142 1
80 163 1
80 205 1
80 243 1
80 279 1
80 452 1
80 485 1
80 500 1
80 666 1
80 930 1
81 109 1
81 213 1
81 326 1
81 343 1
81 642 1
81 647 1
81 649 1
81 699 1
81 895 1
82 90 1
82 96 1
82 381 1
82 447 1
82 533 1
82 555 1
82 577 1
82 620 1
82 760 1
82 875 1
83 189 1
83 230 1
83 476 1
83 523 1
83 557 1
83 618 1
83 710 1
83 719 1
83 765 1
83 772 1
83 922 1
84 95 1
84 96 1
84 230 1
84 243 1
84 268 1
84 280 1
84 283 1
84 303 1
84 324 1
84 366 1
84 377 1
84 381 1
84 390 1
84 442 1
84 463 1
84 473 1
84 476 1
84 491 1
84 500 1
84 594 1
84 604 1
84 664 1
84 697 1
84 716 1
84 786 1
84 789 1
84 893 1
84 921 1
85 132 1
85 158 1
85 184 1
85 219 1
85 243 1
85 425 1
85 618 1
85 640 1
85 704 1
86 111 1
86 117 1
86 135 1
86 144 1
86 282 1
86 359 1
86 366 1
86 387 1
86 597 1
86 644 1
86 829 1
87 121 1
87 170 1
87 176 1
87 205 1
87 228 1
87 254 1
87 264 1
87 290 1
87 473 1
87 607 1
87 636 1
87 773 1
87 883 1
87 885 1
87 941 1
87 959 1
87 972 1
87 988 1
88 149 1
88 195 1
88 218 1
88 234 1
88 249 1
88 283 1
88 326 1
88 487 1
88 488 1
88 620 1
88 708 1
88 728 1
88 741 1
88 747 1
88 761 1
89 284 1
89 358 1
89 531 1
89 535 1
89 558 1
89 675 1
89 838 1
89 984 1
90 102 1
90 118 1
90 122 1
90 152 1
90 200 1
90 230 1
90 234 1
90 243 1
90 270 1
90 348 1
90 349 1
90 352 1
90 406 1
90 458 1
90 506 1
90 680 1
90 699 1
90 860 1
90 905 1
91 255 1
91 458 1
91 485 1
91 679 1
91 793 1
91 822 1
92 141 1
92 175 1
92 183 1
92 244 1
92 250 1
92 251 1
92 436 1
92 448 1
92 460 1
92 738 1
92 753 1
92 782 1
92 804 1
92 857 1
92 887 1
93 117 1
93 118 1
93 162 1
93 164 1
93 172 1
93 257 1
93 281 1
93 292 1
93 335 1
93 370 1
93 393 1
93 453 1
93 492 1
93 494 1
93 503 1
93 544 1
93 595 1
93 612 1
93 627 1
93 641 1
93 737 1
93 757 1
93 769 1
93 802 1
93 840 1
93 882 1
93 920 1
93 949 1
93 983 1
94 119 1
94 279 1
94 304 1
94 318 1
94 379 1
94 415 1
94 462 1
94 467 1
94 472 1
94 528 1
94 540 1
94 576 1
94 665 1
94 761 1
95 119 1
95 168 1
95 641 1
95 689 1
95 912 1
96 103 1
96 104 1
96 112 1
96 164 1
96 171 1
96 206 1
96 253 1
96 314 1
96 341 1
96 372 1
96 441 1
96 450 1
96 484 1
96 507 1
96 540 1
96 771 1
96 832 1
96 903 1
97 133 1
97 192 1
97 210 1
97 216 1
97 244 1
97 311 1
97 380 1
97 433 1
97 492 1
97 787 1
98 119 1
98 143 1
98 165 1
98 195 1
98 361 1
98 371 1
98 535 1
98 665 1
98 686 1
98 881 1
98 922 1
99 100 1
99 116 1
99 119 1
99 182 1
99 257 1
99 351 1
99 477 1
99 698 1
99 722 1
99 780 1
99 786 1
99 801 1
99 925 1
100 179 1
100 337 1
100 429 1
100 443 1
100 511 1
100 602 1
100 610 1
101 223 1
101 289 1
101 355 1
101 396 1
101 400 1
101 529 1
101 711 1
101 734 1
101 974 1
101 1000 1
102 186 1
102 321 1
102 381 1
102 413 1
102 519 1
102 682 1
103 115 1
103 130 1
103 161 1
103 203 1
103 321 1
103 561 1
103 901 1
103 974 1
104 122 1
104 167 1
104 209 1
104 427 1
104 428 1
104 646 1
104 729 1
104 857 1
105 149 1
105 160 1
105 205 1
105 253 1
105 266 1
105 292 1
105 552 1
105 586 1
105 693 1
105 790 1
105 837 1
105 911 1
105 924 1
106 129 1
106 134 1
106 165 1
106 200 1
106 268 1
106 274 1
106 304 1
106 317 1
106 376 1
106 418 1
106 465 1
106 512 1
106 522 1
106 534 1
106 739 1
106 740 1
106 783 1
106 810 1
106 897 1
106 914 1
107 142 1
107 169 1
107 180 1
107 196 1
107 239 1
107 242 1
107 287 1
107 351 1
107 407 1
107 423 1
107 463 1
107 610 1
107 652 1
107 690 1
107 786 1
107 893 1
107 904 1
107 913 1
108 112 1
108 147 1
108 248 1
108 251 1
108 283 1
108 322 1
108 353 1
108 661 1
108 862 1
108 875 1
108 991 1
109 688 1
109 916 1
110 196 1
110 771 1
110 775 1
111 157 1
111 159 1
111 183 1
111 226 1
111 248 1
111 262 1
111 271 1
111 274 1
111 305 1
111 500 1
111 502 1
111 531 1
111 616 1
111 628 1
111 819 1
111 859 1
112 133 1
112 145 1
112 183 1
112 194 1
112 214 1
112 226 1
112 234 1
112 357 1
112 404 1
112 408 1
112 437 1
112 543 1
112 589 1
112 659 1
112 853 1
112 918 1
112 932 1
113 114 1
113 140 1
113 213 1
113 555 1
114 125 1
114 179 1
114 189 1
114 200 1
114 212 1
114 265 1
114 323 1
114 422 1
114 532 1
114 700 1
114 929 1
114 944 1
115 140 1
115 145 1
115 178 1
115 267 1
115 273 1
115 304 1
115 337 1
115 423 1
115 432 1
115 448 1
115 661 1
115 708 1
116 227 1
116 336 1
116 363 1
116 497 1
116 673 1
116 805 1
116 892 1
117 120 1
117 132 1
117 141 1
117 188 1
117 201 1
117 206 1
117 294 1
117 322 1
117 562 1
117 722 1
117 741 1
117 791 1
117 812 1
117 848 1
118 229 1
118 454 1
118 668 1
118 715 1
118 721 1
118 814 1
118 882 1
118 927 1
119 121 1
119 125 1
119 267 1
119 368 1
119 428 1
119 567 1
119 600 1
119 605 1
119 656 1
119 670 1
119 877 1
120 170 1
120 173 1
120 268 1
120 354 1
120 404 1
120 516 1
120 544 1
120 791 1
120 865 1
120 919 1
121 262 1
121 270 1
121 375 1
121 598 1
121 611 1
121 872 1
122 294 1
122 318 1
122 427 1
123 150 1
123 166 1
123 195 1
123 202 1
123 216 1
123 406 1
123 433 1
123 480 1
123 525 1
123 671 1
123 805 1
123 810 1
124 197 1
124 699 1
124 701 1
125 134 1
125 299 1
125 361 1
125 372 1
125 389 1
125 423 1
125 438 1
125 512 1
125 580 1
125 587 1
125 602 1
125 626 1
125 648 1
125 670 1
125 675 1
126 192 1
126 202 1
126 239 1
126 398 1
126 480 1
126 738 1
126 741 1
127 141 1
127 308 1
127 352 1
127 486 1
127 505 1
127 542 1
127 628 1
127 662 1
127 724 1
127 934 1
128 591 1
128 801 1
129 136 1
129 207 1
129 219 1
129 220 1
129 241 1
129 300 1
129 327 1
129 350 1
129 364 1
129 421 1
129 436 1
129 548 1
129 699 1
129 730 1
130 131 1
130 167 1
130 188 1
130 357 1
130 359 1
130 361 1
130 392 1
130 471 1
130 642 1
130 789 1
130 833 1
130 864 1
130 902 1
131 151 1
131 231 1
131 247 1
131 277 1
131 316 1
131 368 1
131 457 1
131 477 1
131 496 1
131 701 1
132 137 1
132 145 1
132 219 1
132 223 1
132 229 1
132 431 1
132 589 1
132 638 1
132 808 1
132 840 1
133 295 1
133 346 1
133 353 1
133 681 1
133 793 1
134 198 1
134 305 1
134 360 1
134 368 1
134 377 1
134 399 1
134 426 1
134 442 1
134 545 1
134 555 1
134 666 1
134 705 1
135 379 1
135 474 1
135 497 1
135 515 1
135 633 1
135 738 1
135 751 1
135 803 1
136 174 1
136 213 1
136 358 1
136 404 1
136 510 1
136 511 1
136 557 1
136 919 1
136 938 1
137 158 1
137 193 1
137 214 1
137 216 1
137 251 1
137 277 1
137 374 1
137 380 1
137 386 1
137 479 1
137 504 1
137 614 1
137 731 1
137 807 1
137 838 1
138 154 1
138 266 1
138 373 1
138 434 1
138 734 1
138 790 1
138 952 1
139 146 1
139 207 1
139 374 1
139 399 1
139 418 1
139 444 1
139 577 1
139 592 1
139 924 1
140 161 1
140 347 1
140 486 1
140 489 1
140 527 1
140 534 1
140 567 1
140 823 1
140 911 1
141 164 1
141 180 1
141 260 1
142 284 1
142 288 1
142 325 1
142 434 1
142 470 1
142 493 1
142 520 1
142 590 1
142 795 1
142 909 1
142 982 1
143 167 1
143 185 1
143 254 1
143 424 1
143 426 1
143 667 1
143 842 1
145 163 1
145 185 1
145 394 1
145 516 1
145 581 1
145 802 1
145 910 1
146 194 1
146 202 1
146 212 1
146 490 1
146 590 1
146 735 1
146 910 1
147 214 1
147 264 1
147 721 1
147 969 1
148 160 1
148 171 1
148 364 1
148 954 1
149 675 1
149 769 1
150 157 1
150 225 1
150 330 1
150 434 1
150 456 1
150 478 1
150 513 1
150 522 1
150 877 1
150 980 1
150 985 1
151 182 1
151 310 1
151 363 1
151 506 1
151 652 1
151 919 1
151 963 1
152 313 1
152 377 1
152 431 1
152 527 1
152 575 1
152 702 1
152 929 1
152 951 1
153 156 1
153 190 1
153 438 1
153 490 1
153 571 1
153 787 1
153 866 1
153 924 1
154 293 1
154 296 1
154 328 1
154 390 1
154 535 1
154 550 1
154 640 1
154 667 1
154 990 1
155 312 1
155 797 1
156 188 1
156 272 1
156 554 1
156 556 1
156 965 1
157 161 1
157 279 1
157 339 1
157 357 1
157 364 1
157 450 1
157 558 1
157 639 1
157 794 1
157 799 1
157 846 1
157 972 1
157 981 1
157 989 1
158 186 1
158 208 1
158 261 1
159 162 1
159 504 1
159 514 1
159 668 1
159 756 1
160 180 1
160 210 1
160 237 1
160 253 1
160 291 1
160 311 1
160 359 1
160 493 1
160 532 1
160 657 1
160 711 1
160 750 1
160 945 1
161 377 1
161 472 1
161 630 1
161 649 1
161 706 1
162 444 1
162 577 1
162 898 1
163 257 1
163 398 1
163 435 1
163 694 1
163 852 1
164 177 1
164 242 1
164 265 1
164 296 1
164 338 1
164 385 1
164 459 1
164 545 1
164 677 1
164 829 1
165 729 1
166 231 1
166 274 1
166 291 1
166 323 1
166 451 1
166 617 1
166 658 1
166 717 1
166 824 1
166 879 1
166 905 1
167 455 1
167 526 1
167 583 1
167 833 1
168 177 1
168 294 1
168 371 1
168 468 1
168 498 1
168 526 1
168 571 1
168 652 1
168 691 1
168 942 1
169 336 1
169 406 1
169 439 1
169 624 1
169 676 1
169 798 1
169 810 1
170 521 1
170 741 1
171 307 1
171 332 1
171 390 1
171 419 1
171 584 1
171 996 1
172 199 1
172 299 1
172 955 1
173 204 1
173 322 1
173 333 1
173 489 1
173 552 1
173 631 1
173 632 1
173 844 1
173 860 1
173 878 1
174 221 1
174 231 1
174 298 1
174 319 1
174 348 1
174 376 1
174 416 1
174 487 1
174 658 1
174 968 1
174 975 1
174 987 1
175 314 1
175 337 1
175 338 1
175 376 1
175 411 1
175 758 1
175 886 1
175 927 1
175 956 1
176 185 1
176 252 1
176 266 1
176 271 1
176 310 1
176 331 1
176 333 1
176 387 1
176 443 1
176 642 1
176 655 1
176 773 1
176 942 1
177 259 1
177 459 1
177 683 1
177 773 1
178 423 1
178 454 1
178 494 1
178 751 1
178 845 1
178 859 1
178 931 1
179 199 1
179 236 1
180 760 1
181 223 1
181 224 1
181 417 1
181 508 1
181 629 1
181 712 1
181 728 1
182 281 1
182 385 1
182 462 1
182 483 1
182 729 1
182 768 1
183 198 1
183 314 1
183 325 1
183 678 1
183 700 1
183 701 1
184 204 1
184 406 1
184 573 1
184 603 1
184 799 1
184 858 1
184 925 1
184 997 1
185 363 1
185 392 1
185 548 1
185 697 1
185 736 1
185 756 1
185 809 1
185 860 1
185 899 1
185 974 1
186 250 1
186 295 1
186 547 1
186 904 1
186 985 1
187 364 1
188 219 1
188 228 1
188 275 1
188 277 1
188 420 1
188 446 1
188 651 1
188 695 1
188 957 1
189 302 1
189 341 1
189 816 1
189 817 1
190 246 1
190 372 1
190 387 1
190 435 1
190 705 1
190 844 1
191 196 1
191 221 1
191 306 1
191 412 1
191 485 1
191 671 1
191 767 1
191 852 1
191 975 1
193 295 1
193 406 1
193 926 1
194 401 1
194 421 1
194 594 1
194 685 1
194 707 1
194 776 1
194 977 1
195 238 1
195 256 1
195 339 1
195 400 1
195 401 1
195 505 1
195 626 1
195 640 1
195 685 1
195 823 1
195 894 1
196 560 1
196 591 1
196 637 1
196 807 1
196 942 1
197 203 1
197 218 1
197 244 1
197 297 1
197 367 1
197 744 1
197 967 1
198 245 1
198 251 1
198 459 1
198 488 1
198 546 1
198 568 1
198 644 1
198 750 1
198 790 1
199 220 1
199 237 1
199 362 1
199 568 1
199 636 1
199 885 1
199 992 1
200 244 1
200 248 1
200 537 1
200 698 1
200 735 1
200 850 1
201 265 1
201 357 1
201 443 1
201 510 1
201 547 1
201 606 1
201 674 1
201 693 1
201 980 1
202 222 1
202 397 1
202 503 1
202 558 1
202 657 1
202 667 1
202 730 1
203 218 1
203 222 1
203 226 1
203 236 1
203 276 1
203 290 1
203 309 1
203 332 1
203 344 1
203 438 1
203 441 1
203 536 1
203 559 1
203 649 1
203 716 1
204 767 1
204 953 1
205 267 1
205 302 1
205 315 1
205 409 1
205 487 1
205 643 1
205 731 1
206 455 1
207 234 1
207 395 1
207 397 1
207 422 1
207 950 1
207 990 1
208 308 1
208 366 1
208 553 1
208 579 1
208 603 1
208 683 1
208 762 1
208 810 1
209 215 1
209 253 1
209 255 1
209 272 1
209 390 1
209 410 1
209 585 1
209 603 1
209 669 1
210 278 1
210 637 1
210 784 1
210 804 1
210 904 1
211 321 1
211 374 1
211 491 1
211 530 1
212 225 1
212 308 1
212 313 1
212 382 1
212 409 1
212 615 1
212 641 1
212 823 1
212 853 1
212 932 1
212 983 1
213 559 1
214 306 1
214 317 1
214 320 1
214 345 1
214 384 1
214 483 1
214 493 1
214 647 1
214 673 1
214 766 1
214 908 1
214 915 1
214 935 1
215 254 1
215 363 1
215 383 1
215 447 1
215 597 1
215 843 1
216 411 1
216 503 1
217 389 1
217 483 1
217 920 1
218 220 1
218 228 1
218 375 1
218 439 1
218 447 1
218 511 1
218 644 1
218 682 1
218 893 1
218 914 1
218 989 1
219 252 1
219 255 1
219 804 1
219 948 1
220 436 1
220 543 1
220 808 1
221 278 1
221 342 1
221 414 1
221 496 1
221 546 1
221 582 1
221 588 1
221 655 1
221 663 1
221 762 1
221 769 1
221 818 1
221 878 1
221 925 1
221 945 1
222 252 1
222 379 1
222 477 1
222 537 1
222 604 1
223 253 1
223 258 1
223 264 1
223 358 1
223 369 1
223 507 1
223 522 1
223 654 1
223 694 1
223 725 1
223 763 1
224 324 1
224 445 1
224 481 1
224 873 1
225 226 1
225 236 1
225 245 1
225 300 1
225 305 1
225 372 1
225 388 1
225 437 1
225 553 1
225 559 1
225 610 1
225 657 1
225 756 1
225 792 1
225 796 1
226 312 1
226 357 1
226 382 1
226 395 1
226 523 1
226 581 1
226 650 1
226 692 1
226 704 1
227 275 1
227 283 1
227 293 1
227 349 1
227 401 1
227 460 1
227 507 1
227 715 1
227 770 1
227 784 1
227 863 1
227 909 1
227 914 1
228 247 1
228 351 1
228 648 1
228 755 1
228 775 1
228 780 1
229 233 1
229 238 1
229 287 1
229 396 1
229 402 1
229 454 1
229 709 1
229 740 1
229 839 1
230 343 1
230 358 1
230 405 1
230 452 1
230 473 1
230 674 1
230 711 1
231 237 1
231 315 1
231 372 1
231 397 1
231 424 1
231 442 1
231 470 1
231 593 1
231 609 1
231 784 1
232 765 1
232 818 1
233 509 1
234 360 1
234 428 1
234 794 1
235 378 1
235 454 1
235 572 1
235 862 1
235 970 1
236 334 1
236 416 1
236 473 1
236 675 1
236 749 1
236 828 1
236 849 1
236 883 1
237 337 1
237 607 1
237 745 1
237 753 1
237 768 1
238 292 1
238 499 1
238 690 1
238 841 1
239 435 1
239 472 1
239 482 1
239 605 1
239 774 1
239 788 1
239 840 1
239 889 1
240 354 1
240 722 1
241 250 1
241 365 1
241 567 1
241 605 1
241 842 1
241 861 1
242 320 1
242 515 1
242 613 1
242 864 1
242 899 1
242 947 1
242 980 1
243 297 1
243 314 1
243 350 1
243 403 1
243 541 1
243 589 1
243 828 1
243 876 1
244 266 1
244 272 1
244 346 1
244 404 1
244 489 1
244 536 1
244 726 1
244 883 1
244 923 1
244 965 1
245 249 1
245 328 1
245 390 1
245 448 1
245 638 1
245 696 1
245 757 1
245 800 1
246 286 1
246 366 1
246 681 1
246 682 1
246 764 1
246 996 1
247 282 1
247 500 1
247 576 1
247 604 1
247 800 1
247 984 1
248 289 1
248 306 1
248 354 1
248 402 1
248 446 1
248 468 1
248 508 1
248 529 1
248 535 1
248 551 1
248 591 1
248 627 1
248 672 1
248 754 1
248 779 1
249 360 1
249 426 1
249 474 1
249 550 1
249 655 1
249 748 1
249 805 1
250 261 1
250 437 1
250 474 1
250 570 1
250 574 1
250 626 1
250 667 1
250 692 1
250 714 1
250 933 1
250 964 1
251 374 1
251 383 1
251 494 1
251 717 1
251 820 1
252 396 1
252 475 1
252 692 1
252 770 1
254 316 1
254 475 1
254 508 1
254 736 1
255 541 1
255 632 1
256 276 1
256 351 1
256 363 1
256 600 1
256 625 1
256 738 1
256 795 1
256 871 1
256 908 1
256 946 1
257 621 1
257 836 1
258 449 1
258 638 1
258 935 1
259 270 1
259 282 1
259 298 1
259 446 1
259 457 1
259 645 1
259 686 1
259 718 1
260 323 1
260 395 1
260 478 1
260 714 1
260 731 1
260 733 1
260 774 1
260 881 1
260 882 1
260 951 1
261 263 1
261 302 1
261 479 1
261 539 1
261 697 1
261 963 1
262 496 1
262 532 1
262 587 1
262 660 1
262 891 1
262 897 1
263 626 1
263 890 1
264 280 1
264 805 1
264 906 1
265 347 1
265 490 1
265 550 1
265 614 1
265 800 1
266 267 1
266 327 1
266 402 1
266 412 1
266 566 1
266 687 1
266 895 1
267 433 1
268 417 1
268 887 1
269 275 1
269 301 1
269 436 1
269 518 1
269 599 1
269 619 1
269 693 1
269 729 1
269 732 1
269 808 1
269 859 1
269 886 1
269 889 1
269 956 1
270 381 1
270 504 1
270 586 1
271 309 1
271 644 1
271 677 1
272 586 1
272 826 1
273 334 1
273 598 1
273 962 1
273 966 1
274 350 1
274 557 1
274 634 1
274 636 1
275 517 1
276 278 1
276 499 1
276 604 1
276 722 1
277 539 1
277 857 1
278 365 1
278 517 1
278 578 1
278 700 1
279 391 1
279 430 1
279 596 1
279 812 1
280 285 1
280 352 1
281 394 1
281 910 1
282 285 1
282 466 1
283 284 1
283 300 1
283 834 1
283 899 1
284 301 1
284 343 1
284 618 1
284 874 1
285 564 1
285 606 1
286 289 1
286 299 1
286 403 1
286 455 1
286 662 1
286 838 1
287 362 1
287 384 1
288 821 1
289 302 1
289 303 1
289 598 1
289 611 1
289 691 1
289 916 1
290 320 1
290 511 1
290 543 1
290 563 1
290 623 1
291 446 1
291 695 1
291 977 1
292 920 1
293 315 1
293 364 1
293 501 1
294 459 1
294 596 1
294 653 1
294 818 1
294 844 1
295 314 1
295 328 1
295 345 1
295 347 1
295 385 1
295 407 1
295 489 1
295 534 1
295 768 1
295 863 1
295 903 1
296 371 1
296 655 1
296 971 1
296 991 1
297 614 1
297 682 1
297 699 1
297 704 1
298 318 1
298 495 1
298 876 1
299 324 1
299 350 1
299 430 1
299 718 1
299 895 1
300 482 1
300 551 1
300 634 1
300 703 1
300 751 1
301 392 1
301 416 1
301 471 1
301 503 1
301 530 1
301 588 1
301 659 1
302 520 1
302 538 1
302 610 1
302 788 1
302 811 1
303 311 1
303 333 1
304 359 1
304 373 1
304 412 1
304 684 1
304 702 1
304 951 1
305 495 1
305 539 1
305 601 1
305 673 1
305 735 1
305 886 1
306 336 1
306 470 1
307 321 1
307 335 1
307 650 1
307 953 1
308 409 1
308 621 1
308 780 1
308 928 1
309 349 1
309 365 1
309 392 1
309 419 1
309 469 1
309 583 1
309 617 1
309 692 1
309 817 1
309 938 1
309 970 1
310 367 1
310 672 1
310 748 1
310 980 1
311 345 1
311 425 1
311 794 1
311 901 1
312 528 1
312 782 1
313 339 1
313 341 1
313 387 1
313 391 1
313 434 1
313 601 1
313 903 1
313 912 1
314 429 1
314 464 1
314 469 1
314 514 1
314 515 1
314 562 1
314 842 1
314 844 1
314 875 1
315 319 1
315 484 1
316 417 1
316 458 1
316 922 1
317 325 1
317 656 1
317 674 1
317 803 1
318 430 1
318 518 1
318 647 1
318 935 1
319 394 1
319 463 1
319 505 1
319 564 1
319 623 1
320 426 1
320 496 1
320 570 1
320 725 1
320 770 1
320 914 1
320 945 1
320 973 1
321 632 1
321 747 1
321 772 1
321 820 1
321 901 1
321 917 1
322 574 1
322 920 1
322 995 1
323 559 1
324 421 1
324 646 1
324 796 1
324 838 1
324 921 1
324 985 1
325 445 1
325 734 1
325 916 1
325 976 1
326 519 1
326 663 1
326 686 1
326 730 1
326 744 1
326 968 1
328 449 1
329 427 1
329 549 1
329 793 1
330 419 1
330 836 1
331 475 1
331 981 1
332 480 1
333 428 1
333 672 1
333 678 1
333 727 1
333 774 1
333 783 1
333 948 1
334 410 1
334 459 1
334 732 1
334 818 1
334 851 1
334 876 1
334 929 1
334 931 1
334 972 1
335 362 1
335 466 1
335 548 1
335 550 1
335 551 1
335 637 1
335 974 1
336 382 1
336 388 1
336 465 1
336 538 1
336 581 1
336 871 1
338 380 1
338 620 1
338 762 1
338 1000 1
339 388 1
340 654 1
340 951 1
341 506 1
341 633 1
341 819 1
341 854 1
341 956 1
342 607 1
342 803 1
342 825 1
342 913 1
342 927 1
343 464 1
343 694 1
344 443 1
344 783 1
345 414 1
345 561 1
345 563 1
345 625 1
345 752 1
345 881 1
345 955 1
345 968 1
346 369 1
346 457 1
346 646 1
346 655 1
346 974 1
347 571 1
347 652 1
347 672 1
348 596 1
348 637 1
348 894 1
348 908 1
349 544 1
349 861 1
351 507 1
351 643 1
351 960 1
352 836 1
352 933 1
353 499 1
353 546 1
353 660 1
353 663 1
353 680 1
353 940 1
354 355 1
354 409 1
354 418 1
354 429 1
354 450 1
354 469 1
354 869 1
355 841 1
356 696 1
356 780 1
356 834 1
356 892 1
356 937 1
357 427 1
357 448 1
357 705 1
357 824 1
357 911 1
358 569 1
359 468 1
359 706 1
359 966 1
360 411 1
361 418 1
361 499 1
361 643 1
361 697 1
361 702 1
362 801 1
363 556 1
363 713 1
363 760 1
363 805 1
363 934 1
364 413 1
364 437 1
364 681 1
364 778 1
364 883 1
365 384 1
365 393 1
365 449 1
366 451 1
366 499 1
366 677 1
366 764 1
366 830 1
366 892 1
367 368 1
367 439 1
367 461 1
367 510 1
367 872 1
368 414 1
368 446 1
368 489 1
368 501 1
368 513 1
368 579 1
368 650 1
368 671 1
368 927 1
368 961 1
368 979 1
369 437 1
369 529 1
369 695 1
370 431 1
370 866 1
370 989 1
371 386 1
371 393 1
371 441 1
371 452 1
371 579 1
371 659 1
371 964 1
372 502 1
372 556 1
372 559 1
372 606 1
372 638 1
372 652 1
372 757 1
372 775 1
373 532 1
373 759 1
374 389 1
374 572 1
374 617 1
374 668 1
374 999 1
375 389 1
375 478 1
375 509 1
375 730 1
375 746 1
375 888 1
376 394 1
377 967 1
378 685 1
378 849 1
379 382 1
379 587 1
379 700 1
379 756 1
380 413 1
380 612 1
381 672 1
381 775 1
381 935 1
382 397 1
382 461 1
382 509 1
383 540 1
383 766 1
383 970 1
384 462 1
384 766 1
385 520 1
385 710 1
385 967 1
385 998 1
386 610 1
386 627 1
386 811 1
386 854 1
386 967 1
387 520 1
387 666 1
388 739 1
388 779 1
388 809 1
388 918 1
389 478 1
390 597 1
390 815 1
391 419 1
391 485 1
391 562 1
391 804 1
391 870 1
391 871 1
392 864 1
393 402 1
393 451 1
393 631 1
393 634 1
393 749 1
394 502 1
394 569 1
394 608 1
394 712 1
394 779 1
394 879 1
394 915 1
395 516 1
395 677 1
395 960 1
396 857 1
396 889 1
397 788 1
398 401 1
398 425 1
398 488 1
398 509 1
398 549 1
398 593 1
398 676 1
398 697 1
398 863 1
398 965 1
399 455 1
399 835 1
399 877 1
400 613 1
400 817 1
401 439 1
402 488 1
402 522 1
402 524 1
402 640 1
402 872 1
402 966 1
403 422 1
403 438 1
403 456 1
403 476 1
404 431 1
404 458 1
404 884 1
404 919 1
405 567 1
405 625 1
405 959 1
406 765 1
407 444 1
407 464 1
407 639 1
407 649 1
407 856 1
407 887 1
407 900 1
407 924 1
409 553 1
409 661 1
409 784 1
410 449 1
410 470 1
410 822 1
410 830 1
410 940 1
412 754 1
412 772 1
412 954 1
413 519 1
413 578 1
414 669 1
414 811 1
415 434 1
415 540 1
415 777 1
416 456 1
416 876 1
416 902 1
416 990 1
417 477 1
417 796 1
417 945 1
418 495 1
418 565 1
418 827 1
418 900 1
419 597 1
419 634 1
419 660 1
419 815 1
419 930 1
420 583 1
420 656 1
420 680 1
420 707 1
421 650 1
421 661 1
422 440 1
422 719 1
422 767 1
422 809 1
422 834 1
422 908 1
423 448 1
423 533 1
423 765 1
424 665 1
424 671 1
424 851 1
424 919 1
425 600 1
425 872 1
425 952 1
427 704 1
427 853 1
428 501 1
428 665 1
428 742 1
428 847 1
428 1000 1
429 920 1
430 432 1
430 496 1
430 723 1
430 884 1
432 552 1
432 582 1
432 616 1
432 773 1
432 782 1
432 860 1
432 938 1
433 451 1
433 633 1
433 930 1
433 965 1
433 988 1
434 745 1
434 787 1
434 809 1
434 907 1
436 466 1
436 959 1
437 491 1
437 745 1
439 762 1
439 936 1
440 572 1
440 587 1
440 736 1
440 746 1
441 616 1
441 633 1
441 828 1
442 447 1
442 529 1
442 615 1
442 748 1
443 621 1
443 633 1
443 728 1
443 879 1
443 929 1
444 556 1
444 724 1
445 764 1
445 868 1
446 687 1
446 832 1
447 555 1
447 678 1
447 781 1
447 815 1
447 829 1
447 898 1
447 932 1
447 934 1
447 975 1
449 463 1
449 806 1
449 817 1
451 595 1
451 631 1
451 912 1
453 775 1
453 883 1
454 688 1
454 964 1
455 891 1
455 998 1
456 467 1
456 600 1
456 776 1
456 873 1
457 622 1
458 584 1
458 798 1
458 942 1
458 972 1
459 501 1
459 508 1
459 882 1
460 767 1
460 778 1
461 798 1
462 758 1
462 780 1
463 909 1
463 916 1
465 522 1
465 574 1
465 609 1
465 615 1
465 949 1
465 986 1
466 468 1
466 487 1
466 557 1
466 599 1
466 693 1
466 807 1
466 839 1
467 698 1
467 880 1
467 930 1
469 565 1
470 788 1
471 514 1
471 525 1
471 627 1
471 667 1
471 735 1
471 902 1
471 953 1
472 576 1
472 734 1
472 823 1
472 944 1
473 521 1
473 897 1
473 958 1
475 937 1
475 959 1
475 992 1
476 611 1
476 705 1
476 952 1
476 961 1
476 973 1
478 525 1
478 852 1
478 911 1
479 517 1
479 799 1
479 813 1
480 606 1
480 643 1
480 704 1
481 594 1
482 642 1
482 778 1
483 751 1
483 997 1
485 605 1
485 773 1
485 879 1
486 549 1
488 885 1
488 907 1
489 509 1
489 981 1
490 516 1
490 519 1
490 720 1
490 725 1
490 759 1
490 760 1
490 841 1
491 705 1
492 666 1
492 854 1
492 991 1
493 534 1
493 862 1
493 866 1
494 774 1
494 970 1
495 602 1
495 618 1
495 815 1
495 936 1
496 578 1
496 607 1
496 637 1
496 674 1
496 833 1
497 847 1
499 711 1
499 875 1
500 714 1
500 867 1
501 662 1
501 733 1
501 798 1
502 584 1
502 849 1
502 946 1
503 838 1
505 717 1
505 977 1
506 623 1
507 710 1
507 720 1
507 821 1
508 635 1
509 608 1
509 654 1
511 639 1
511 973 1
512 542 1
512 1000 1
513 634 1
514 611 1
514 776 1
515 537 1
515 584 1
516 703 1
516 844 1
517 519 1
517 731 1
517 750 1
517 970 1
517 986 1
518 650 1
519 663 1
519 725 1
519 790 1
521 583 1
523 782 1
524 824 1
524 900 1
525 638 1
525 645 1
525 694 1
525 716 1
525 755 1
525 832 1
525 864 1
525 878 1
525 982 1
526 717 1
526 777 1
526 946 1
526 954 1
527 687 1
527 747 1
527 898 1
527 936 1
527 969 1
529 751 1
530 555 1
530 574 1
531 868 1
531 997 1
532 658 1
533 588 1
533 723 1
533 742 1
533 939 1
534 703 1
534 820 1
535 727 1
535 785 1
535 816 1
535 827 1
537 683 1
537 831 1
537 836 1
537 977 1
537 981 1
538 715 1
539 792 1
540 579 1
540 642 1
540 709 1
540 719 1
540 788 1
540 867 1
541 813 1
541 837 1
541 849 1
541 998 1
543 696 1
543 709 1
543 742 1
543 943 1
544 588 1
544 825 1
545 562 1
545 566 1
545 569 1
545 577 1
545 817 1
546 708 1
547 629 1
548 566 1
550 612 1
550 648 1
550 653 1
553 712 1
553 771 1
554 715 1
556 619 1
557 670 1
557 712 1
558 573 1
558 651 1
560 744 1
561 599 1
561 755 1
561 785 1
563 941 1
564 588 1
565 593 1
565 651 1
565 678 1
565 761 1
565 874 1
567 572 1
568 890 1
568 917 1
569 789 1
570 763 1
570 845 1
572 619 1
572 629 1
573 803 1
574 586 1
574 982 1
575 993 1
576 795 1
576 996 1
577 886 1
578 881 1
579 976 1
580 774 1
580 872 1
580 923 1
580 955 1
581 979 1
583 671 1
583 892 1
585 915 1
587 869 1
588 709 1
588 757 1
588 796 1
589 781 1
590 732 1
590 991 1
591 681 1
591 825 1
592 955 1
592 958 1
593 724 1
593 754 1
593 931 1
596 622 1
597 679 1
598 614 1
598 616 1
598 830 1
598 1000 1
599 819 1
600 822 1
600 903 1
600 904 1
601 811 1
601 933 1
602 776 1
602 824 1
602 993 1
604 644 1
604 865 1
606 772 1
608 726 1
608 861 1
609 754 1
611 939 1
613 938 1
614 913 1
616 713 1
616 723 1
616 768 1
619 791 1
622 669 1
622 758 1
623 803 1
624 820 1
624 996 1
625 691 1
625 733 1
625 896 1
626 851 1
626 855 1
627 737 1
629 779 1
629 799 1
629 818 1
629 870 1
629 934 1
629 957 1
629 993 1
630 643 1
630 696 1
630 724 1
630 816 1
631 766 1
631 792 1
631 842 1
631 875 1
632 688 1
632 764 1
632 943 1
632 999 1
633 645 1
635 639 1
635 928 1
635 952 1
636 849 1
637 891 1
642 856 1
643 971 1
644 668 1
644 739 1
645 668 1
645 790 1
645 898 1
645 912 1
646 661 1
646 706 1
646 907 1
647 653 1
648 949 1
649 841 1
650 687 1
650 868 1
651 797 1
651 827 1
652 778 1
654 685 1
654 747 1
656 900 1
658 694 1
658 827 1
658 909 1
661 880 1
662 971 1
664 781 1
665 925 1
666 727 1
668 898 1
669 765 1
670 729 1
670 779 1
670 989 1
671 896 1
671 904 1
671 986 1
673 845 1
674 732 1
674 752 1
674 785 1
674 801 1
674 869 1
674 963 1
675 797 1
678 843 1
678 855 1
679 881 1
679 959 1
679 976 1
680 942 1
682 928 1
683 778 1
683 968 1
687 825 1
690 913 1
692 784 1
694 720 1
695 716 1
697 952 1
699 759 1
699 787 1
699 807 1
699 939 1
700 792 1
700 795 1
700 957 1
701 931 1
702 769 1
702 770 1
702 894 1
705 871 1
706 747 1
708 806 1
712 777 1
712 888 1
713 850 1
713 878 1
713 886 1
713 906 1
714 809 1
714 827 1
717 752 1
718 800 1
718 882 1
719 814 1
720 737 1
720 908 1
721 891 1
724 961 1
725 941 1
726 735 1
728 755 1
730 950 1
731 848 1
732 921 1
733 906 1
735 753 1
737 926 1
739 839 1
739 865 1
739 901 1
739 975 1
742 957 1
743 923 1
743 984 1
745 812 1
747 796 1
747 856 1
748 918 1
749 798 1
751 783 1
751 958 1
756 918 1
758 884 1
763 909 1
763 922 1
763 976 1
765 944 1
766 835 1
766 880 1
772 807 1
772 975 1
773 791 1
774 915 1
778 940 1
781 826 1
782 822 1
789 978 1
790 988 1
791 800 1
791 811 1
791 847 1
791 949 1
792 924 1
795 810 1
795 848 1
795 987 1
797 852 1
798 813 1
802 934 1
802 947 1
806 877 1
809 856 1
810 846 1
811 964 1
814 990 1
814 994 1
816 910 1
817 851 1
817 879 1
818 978 1
823 905 1
823 982 1
831 867 1
834 941 1
835 891 1
835 902 1
841 978 1
842 889 1
850 870 1
852 857 1
865 998 1
875 947 1
882 953 1
882 963 1
885 916 1
891 940 1
892 900 1
892 994 1
903 978 1
915 992 1
920 948 1
924 933 1
934 950 1
949 961 1
956 985 1
961 962 1
982 987 1
983 990 1
984 995 1
993 999 1
