1000 4975
1 2 1
1 3 1
1 4 1
1 5 1
1 6 1
1 7 1
1 8 1
1 9 1
1 10 1
1 15 1
1 17 1
1 19 1
1 21 1
1 29 1
1 34 1
1 35 1
1 36 1
1 41 1
1 46 1
1 51 1
1 52 1
1 59 1
1 67 1
1 74 1
1 75 1
1 89 1
1 90 1
1 93 1
1 95 1
1 97 1
1 105 1
1 112 1
1 113 1
1 146 1
1 149 1
1 151 1
1 163 1
1 181 1
1 189 1
1 203 1
1 207 1
1 212 1
1 222 1
1 229 1
1 249 1
1 250 1
1 254 1
1 273 1
1 274 1
1 306 1
1 308 1
1 318 1
1 322 1
1 324 1
1 340 1
1 346 1
1 347 1
1 377 1
1 382 1
1 389 1
1 399 1
1 409 1
1 429 1
1 445 1
1 446 1
1 453 1
1 467 1
1 468 1
1 469 1
1 470 1
1 472 1
1 474 1
1 491 1
1 500 1
1 503 1
1 516 1
1 526 1
1 531 1
1 532 1
1 543 1
1 544 1
1 593 1
1 631 1
1 638 1
1 653 1
1 660 1
1 664 1
1 666 1
1 668 1
1 674 1
1 681 1
1 704 1
1 705 1
1 718 1
1 738 1
1 747 1
1 754 1
1 757 1
1 768 1
1 804 1
1 815 1
1 823 1
1 824 1
1 837 1
1 851 1
1 895 1
1 896 1
1 929 1
1 966 1
1 974 1
1 975 1
1 997 1
2 7 1
2 8 1
2 9 1
2 15 1
2 18 1
2 19 1
2 24 1
2 27 1
2 28 1
2 29 1
2 32 1
2 39 1
2 47 1
2 55 1
2 56 1
2 87 1
2 89 1
2 106 1
2 119 1
2 120 1
2 145 1
2 170 1
2 173 1
2 220 1
2 223 1
2 236 1
2 259 1
2 282 1
2 359 1
2 372 1
2 386 1
2 418 1
2 428 1
2 435 1
2 444 1
2 450 1
2 454 1
2 457 1
2 472 1
2 483 1
2 496 1
2 530 1
2 559 1
2 560 1
2 650 1
2 663 1
2 692 1
2 716 1
2 772 1
2 805 1
2 808 1
2 809 1
2 814 1
2 819 1
2 896 1
2 909 1
2 935 1
2 982 1
3 7 1
3 8 1
3 14 1
3 16 1
3 17 1
3 20 1
3 21 1
3 22 1
3 25 1
3 26 1
3 28 1
3 30 1
3 35 1
3 37 1
3 46 1
3 50 1
3 65 1
3 68 1
3 72 1
3 75 1
3 92 1
3 103 1
3 106 1
3 113 1
3 131 1
3 133 1
3 136 1
3 158 1
3 160 1
3 161 1
3 163 1
3 169 1
3 188 1
3 196 1
3 198 1
3 213 1
3 249 1
3 267 1
3 269 1
3 274 1
3 282 1
3 294 1
3 357 1
3 362 1
3 363 1
3 377 1
3 391 1
3 399 1
3 401 1
3 415 1
3 422 1
3 454 1
3 463 1
3 476 1
3 502 1
3 504 1
3 505 1
3 532 1
3 543 1
3 615 1
3 619 1
3 630 1
3 657 1
3 671 1
3 699 1
3 723 1
3 746 1
3 786 1
3 805 1
3 808 1
3 863 1
3 868 1
3 878 1
3 896 1
3 916 1
3 958 1
3 959 1
4 10 1
4 20 1
4 24 1
4 34 1
4 43 1
4 69 1
4 75 1
4 77 1
4 97 1
4 101 1
4 110 1
4 149 1
4 169 1
4 205 1
4 215 1
4 230 1
4 255 1
4 256 1
4 286 1
4 291 1
4 332 1
4 336 1
4 381 1
4 384 1
4 386 1
4 404 1
4 435 1
4 441 1
4 490 1
4 567 1
4 586 1
4 647 1
4 697 1
4 700 1
4 707 1
4 769 1
4 803 1
4 819 1
4 866 1
4 878 1
4 917 1
4 968 1
5 7 1
5 8 1
5 9 1
5 11 1
5 13 1
5 20 1
5 22 1
5 23 1
5 26 1
5 27 1
5 37 1
5 38 1
5 39 1
5 44 1
5 48 1
5 49 1
5 63 1
5 69 1
5 85 1
5 90 1
5 106 1
5 107 1
5 116 1
5 149 1
5 154 1
5 155 1
5 176 1
5 231 1
5 235 1
5 251 1
5 257 1
5 265 1
5 273 1
5 278 1
5 291 1
5 302 1
5 329 1
5 331 1
5 395 1
5 407 1
5 408 1
5 449 1
5 521 1
5 545 1
5 583 1
5 589 1
5 678 1
5 714 1
5 726 1
5 770 1
5 798 1
5 828 1
5 831 1
5 837 1
5 840 1
5 867 1
5 883 1
5 890 1
5 927 1
5 975 1
5 989 1
6 7 1
6 8 1
6 9 1
6 12 1
6 13 1
6 25 1
6 45 1
6 47 1
6 51 1
6 53 1
6 62 1
6 63 1
6 72 1
6 92 1
6 94 1
6 95 1
6 118 1
6 134 1
6 139 1
6 140 1
6 192 1
6 231 1
6 232 1
6 247 1
6 316 1
6 320 1
6 324 1
6 336 1
6 353 1
6 395 1
6 396 1
6 481 1
6 489 1
6 530 1
6 577 1
6 578 1
6 581 1
6 592 1
6 609 1
6 669 1
6 753 1
6 864 1
7 10 1
7 11 1
7 12 1
7 13 1
7 14 1
7 15 1
7 16 1
7 17 1
7 18 1
7 22 1
7 23 1
7 24 1
7 30 1
7 36 1
7 40 1
7 41 1
7 46 1
7 54 1
7 66 1
7 78 1
7 83 1
7 85 1
7 96 1
7 107 1
7 112 1
7 125 1
7 128 1
7 141 1
7 143 1
7 154 1
7 160 1
7 163 1
7 166 1
7 172 1
7 198 1
7 201 1
7 202 1
7 217 1
7 219 1
7 233 1
7 234 1
7 236 1
7 239 1
7 245 1
7 246 1
7 253 1
7 276 1
7 293 1
7 313 1
7 334 1
7 344 1
7 348 1
7 349 1
7 357 1
7 371 1
7 391 1
7 406 1
7 440 1
7 460 1
7 465 1
7 472 1
7 477 1
7 495 1
7 499 1
7 503 1
7 506 1
7 546 1
7 563 1
7 565 1
7 566 1
7 583 1
7 584 1
7 617 1
7 626 1
7 628 1
7 642 1
7 674 1
7 700 1
7 716 1
7 722 1
7 743 1
7 752 1
7 759 1
7 768 1
7 769 1
7 788 1
7 811 1
7 831 1
7 836 1
7 854 1
7 914 1
7 928 1
7 966 1
7 984 1
8 9 1
8 10 1
8 11 1
8 12 1
8 16 1
8 17 1
8 18 1
8 19 1
8 21 1
8 28 1
8 29 1
8 30 1
8 41 1
8 42 1
8 43 1
8 54 1
8 70 1
8 84 1
8 90 1
8 94 1
8 100 1
8 102 1
8 103 1
8 121 1
8 125 1
8 137 1
8 142 1
8 143 1
8 155 1
8 156 1
8 163 1
8 165 1
8 168 1
8 171 1
8 176 1
8 177 1
8 179 1
8 194 1
8 207 1
8 209 1
8 216 1
8 219 1
8 220 1
8 226 1
8 229 1
8 233 1
8 242 1
8 243 1
8 246 1
8 248 1
8 258 1
8 270 1
8 289 1
8 291 1
8 299 1
8 302 1
8 309 1
8 315 1
8 341 1
8 342 1
8 352 1
8 361 1
8 371 1
8 372 1
8 387 1
8 399 1
8 404 1
8 410 1
8 441 1
8 448 1
8 452 1
8 474 1
8 480 1
8 516 1
8 521 1
8 559 1
8 583 1
8 585 1
8 599 1
8 615 1
8 628 1
8 642 1
8 645 1
8 648 1
8 661 1
8 664 1
8 696 1
8 703 1
8 709 1
8 712 1
8 731 1
8 736 1
8 769 1
8 823 1
8 826 1
8 834 1
8 859 1
8 892 1
8 910 1
8 926 1
8 967 1
8 979 1
8 987 1
8 990 1
9 10 1
9 11 1
9 14 1
9 15 1
9 16 1
9 18 1
9 29 1
9 32 1
9 37 1
9 38 1
9 39 1
9 41 1
9 43 1
9 44 1
9 58 1
9 59 1
9 60 1
9 61 1
9 64 1
9 65 1
9 70 1
9 74 1
9 80 1
9 82 1
9 88 1
9 89 1
9 95 1
9 98 1
9 99 1
9 106 1
9 115 1
9 118 1
9 181 1
9 188 1
9 198 1
9 203 1
9 222 1
9 230 1
9 238 1
9 247 1
9 258 1
9 263 1
9 276 1
9 277 1
9 280 1
9 281 1
9 312 1
9 320 1
9 346 1
9 349 1
9 356 1
9 380 1
9 390 1
9 420 1
9 445 1
9 457 1
9 464 1
9 475 1
9 490 1
9 491 1
9 508 1
9 512 1
9 519 1
9 520 1
9 594 1
9 606 1
9 616 1
9 622 1
9 691 1
9 701 1
9 735 1
9 782 1
9 868 1
9 881 1
9 891 1
9 893 1
9 900 1
9 907 1
9 916 1
9 923 1
9 934 1
9 944 1
9 953 1
9 973 1
9 991 1
9 992 1
10 11 1
10 12 1
10 14 1
10 20 1
10 32 1
10 46 1
10 62 1
10 67 1
10 71 1
10 72 1
10 101 1
10 117 1
10 129 1
10 138 1
10 150 1
10 151 1
10 159 1
10 165 1
10 178 1
10 195 1
10 203 1
10 248 1
10 289 1
10 306 1
10 345 1
10 370 1
10 389 1
10 478 1
10 505 1
10 534 1
10 539 1
10 546 1
10 559 1
10 564 1
10 572 1
10 598 1
10 614 1
10 620 1
10 670 1
10 727 1
10 755 1
10 785 1
10 793 1
10 820 1
10 843 1
10 936 1
10 956 1
10 993 1
11 12 1
11 13 1
11 14 1
11 15 1
11 19 1
11 23 1
11 27 1
11 29 1
11 30 1
11 33 1
11 34 1
11 36 1
11 39 1
11 44 1
11 60 1
11 64 1
11 66 1
11 74 1
11 75 1
11 77 1
11 80 1
11 87 1
11 89 1
11 102 1
11 108 1
11 121 1
11 126 1
11 127 1
11 129 1
11 140 1
11 157 1
11 174 1
11 175 1
11 184 1
11 191 1
11 220 1
11 225 1
11 251 1
11 300 1
11 301 1
11 303 1
11 321 1
11 326 1
11 348 1
11 373 1
11 398 1
11 406 1
11 415 1
11 435 1
11 452 1
11 507 1
11 561 1
11 562 1
11 564 1
11 580 1
11 582 1
11 585 1
11 595 1
11 596 1
11 607 1
11 612 1
11 645 1
11 650 1
11 652 1
11 675 1
11 685 1
11 716 1
11 729 1
11 779 1
11 830 1
11 839 1
11 869 1
11 905 1
11 948 1
11 988 1
12 13 1
12 18 1
12 24 1
12 33 1
12 35 1
12 42 1
12 45 1
12 47 1
12 48 1
12 50 1
12 59 1
12 66 1
12 76 1
12 80 1
12 94 1
12 111 1
12 116 1
12 118 1
12 127 1
12 134 1
12 135 1
12 140 1
12 141 1
12 166 1
12 189 1
12 224 1
12 227 1
12 232 1
12 256 1
12 275 1
12 288 1
12 295 1
12 321 1
12 335 1
12 340 1
12 362 1
12 364 1
12 370 1
12 383 1
12 422 1
12 451 1
12 469 1
12 478 1
12 490 1
12 511 1
12 599 1
12 603 1
12 614 1
12 630 1
12 644 1
12 672 1
12 681 1
12 688 1
12 710 1
12 721 1
12 774 1
12 787 1
12 789 1
12 802 1
12 818 1
12 850 1
12 856 1
12 858 1
12 871 1
12 914 1
12 946 1
12 956 1
13 17 1
13 26 1
13 31 1
13 36 1
13 54 1
13 55 1
13 63 1
13 66 1
13 84 1
13 102 1
13 105 1
13 114 1
13 117 1
13 123 1
13 126 1
13 128 1
13 145 1
13 169 1
13 170 1
13 172 1
13 185 1
13 216 1
13 285 1
13 287 1
13 304 1
13 316 1
13 385 1
13 466 1
13 492 1
13 611 1
13 616 1
13 658 1
13 684 1
13 715 1
13 728 1
13 740 1
13 817 1
13 963 1
13 981 1
13 984 1
13 996 1
14 16 1
14 21 1
14 22 1
14 30 1
14 31 1
14 32 1
14 34 1
14 36 1
14 37 1
14 43 1
14 44 1
14 47 1
14 54 1
14 57 1
14 59 1
14 65 1
14 68 1
14 71 1
14 74 1
14 84 1
14 104 1
14 117 1
14 125 1
14 134 1
14 148 1
14 153 1
14 159 1
14 166 1
14 218 1
14 239 1
14 248 1
14 250 1
14 263 1
14 278 1
14 279 1
14 316 1
14 322 1
14 323 1
14 325 1
14 358 1
14 398 1
14 400 1
14 455 1
14 457 1
14 487 1
14 502 1
14 530 1
14 533 1
14 612 1
14 656 1
14 662 1
14 696 1
14 711 1
14 713 1
14 736 1
14 742 1
14 745 1
14 750 1
14 773 1
14 780 1
14 795 1
14 814 1
14 815 1
14 895 1
14 903 1
14 912 1
14 934 1
14 964 1
14 990 1
15 19 1
15 38 1
15 42 1
15 50 1
15 68 1
15 72 1
15 139 1
15 211 1
15 213 1
15 225 1
15 248 1
15 252 1
15 270 1
15 376 1
15 456 1
15 479 1
15 488 1
15 556 1
15 558 1
15 586 1
15 727 1
15 775 1
15 839 1
15 862 1
15 880 1
15 887 1
15 959 1
16 23 1
16 25 1
16 26 1
16 49 1
16 64 1
16 69 1
16 97 1
16 131 1
16 142 1
16 144 1
16 153 1
16 163 1
16 180 1
16 296 1
16 343 1
16 458 1
16 518 1
16 644 1
16 647 1
16 658 1
16 763 1
16 835 1
16 922 1
16 947 1
17 20 1
17 21 1
17 47 1
17 69 1
17 71 1
17 76 1
17 80 1
17 104 1
17 112 1
17 119 1
17 138 1
17 155 1
17 180 1
17 285 1
17 305 1
17 319 1
17 370 1
17 406 1
17 432 1
17 433 1
17 440 1
17 467 1
17 477 1
17 485 1
17 673 1
17 709 1
17 722 1
17 772 1
17 843 1
17 844 1
17 847 1
17 967 1
17 980 1
18 41 1
18 49 1
18 76 1
18 87 1
18 126 1
18 130 1
18 186 1
18 310 1
18 369 1
18 404 1
18 463 1
18 671 1
18 978 1
19 23 1
19 33 1
19 38 1
19 43 1
19 49 1
19 55 1
19 57 1
19 84 1
19 100 1
19 110 1
19 185 1
19 187 1
19 207 1
19 208 1
19 228 1
19 234 1
19 271 1
19 278 1
19 280 1
19 285 1
19 343 1
19 379 1
19 383 1
19 385 1
19 393 1
19 398 1
19 410 1
19 491 1
19 519 1
19 581 1
19 591 1
19 602 1
19 605 1
19 682 1
19 683 1
19 699 1
19 766 1
19 796 1
19 801 1
19 959 1
19 967 1
19 986 1
20 24 1
20 25 1
20 28 1
20 40 1
20 48 1
20 50 1
20 53 1
20 56 1
20 65 1
20 93 1
20 123 1
20 131 1
20 146 1
20 170 1
20 177 1
20 197 1
20 209 1
20 217 1
20 222 1
20 230 1
20 254 1
20 260 1
20 266 1
20 277 1
20 311 1
20 323 1
20 418 1
20 441 1
20 506 1
20 560 1
20 594 1
20 605 1
20 619 1
20 685 1
20 730 1
20 731 1
20 744 1
20 755 1
20 825 1
20 827 1
20 965 1
21 22 1
21 25 1
21 27 1
21 28 1
21 31 1
21 45 1
21 102 1
21 108 1
21 180 1
21 215 1
21 258 1
21 282 1
21 312 1
21 315 1
21 368 1
21 380 1
21 384 1
21 412 1
21 604 1
21 711 1
21 776 1
21 800 1
21 842 1
21 856 1
21 864 1
21 904 1
21 955 1
21 957 1
22 31 1
22 33 1
22 48 1
22 70 1
22 74 1
22 101 1
22 142 1
22 183 1
22 190 1
22 301 1
22 361 1
22 386 1
22 399 1
22 518 1
22 613 1
22 673 1
22 697 1
22 703 1
22 738 1
22 740 1
22 766 1
22 785 1
22 901 1
23 57 1
23 63 1
23 107 1
23 111 1
23 131 1
23 145 1
23 179 1
23 221 1
23 255 1
23 304 1
23 323 1
23 328 1
23 345 1
23 418 1
23 456 1
23 502 1
23 510 1
23 530 1
23 548 1
23 601 1
23 852 1
23 854 1
23 954 1
23 957 1
24 44 1
24 52 1
24 58 1
24 59 1
24 61 1
24 70 1
24 81 1
24 107 1
24 110 1
24 114 1
24 130 1
24 145 1
24 150 1
24 151 1
24 182 1
24 199 1
24 213 1
24 301 1
24 353 1
24 390 1
24 404 1
24 580 1
24 616 1
24 651 1
24 678 1
24 741 1
24 788 1
24 836 1
24 908 1
24 931 1
24 948 1
24 994 1
25 26 1
25 37 1
25 40 1
25 52 1
25 53 1
25 61 1
25 62 1
25 73 1
25 83 1
25 91 1
25 122 1
25 144 1
25 152 1
25 156 1
25 158 1
25 176 1
25 177 1
25 193 1
25 197 1
25 212 1
25 214 1
25 231 1
25 263 1
25 298 1
25 303 1
25 305 1
25 319 1
25 335 1
25 359 1
25 374 1
25 384 1
25 396 1
25 434 1
25 436 1
25 547 1
25 557 1
25 590 1
25 607 1
25 657 1
25 696 1
25 721 1
25 861 1
25 868 1
25 941 1
25 949 1
25 971 1
25 978 1
26 27 1
26 32 1
26 33 1
26 39 1
26 40 1
26 42 1
26 60 1
26 61 1
26 77 1
26 112 1
26 128 1
26 139 1
26 185 1
26 200 1
26 203 1
26 205 1
26 234 1
26 262 1
26 273 1
26 281 1
26 333 1
26 334 1
26 375 1
26 402 1
26 608 1
26 640 1
26 664 1
26 715 1
26 720 1
26 752 1
26 763 1
26 765 1
26 774 1
26 933 1
26 982 1
27 31 1
27 46 1
27 85 1
27 96 1
27 108 1
27 122 1
27 132 1
27 162 1
27 178 1
27 186 1
27 195 1
27 241 1
27 309 1
27 329 1
27 361 1
27 385 1
27 471 1
27 562 1
27 566 1
27 646 1
27 753 1
28 48 1
28 49 1
28 54 1
28 57 1
28 112 1
28 138 1
28 181 1
28 335 1
28 360 1
28 418 1
28 449 1
28 477 1
28 544 1
28 548 1
28 625 1
28 926 1
28 968 1
28 994 1
29 40 1
29 65 1
29 71 1
29 80 1
29 82 1
29 88 1
29 102 1
29 109 1
29 158 1
29 164 1
29 223 1
29 294 1
29 433 1
29 462 1
29 595 1
29 629 1
29 670 1
29 749 1
29 827 1
29 915 1
29 955 1
30 35 1
30 38 1
30 51 1
30 62 1
30 86 1
30 92 1
30 96 1
30 123 1
30 133 1
30 152 1
30 186 1
30 191 1
30 213 1
30 228 1
30 255 1
30 267 1
30 288 1
30 314 1
30 322 1
30 333 1
30 400 1
30 407 1
30 423 1
30 427 1
30 431 1
30 455 1
30 459 1
30 460 1
30 476 1
30 489 1
30 558 1
30 604 1
30 608 1
30 624 1
30 625 1
30 628 1
30 652 1
30 691 1
30 730 1
30 781 1
30 787 1
30 802 1
30 807 1
30 827 1
30 977 1
30 999 1
31 58 1
31 66 1
31 116 1
31 161 1
31 221 1
31 272 1
31 304 1
31 328 1
31 423 1
31 464 1
31 468 1
31 684 1
31 946 1
32 521 1
32 591 1
32 643 1
33 34 1
33 53 1
33 58 1
33 95 1
33 105 1
33 162 1
33 218 1
33 224 1
33 249 1
33 289 1
33 298 1
33 342 1
33 369 1
33 373 1
33 475 1
33 476 1
33 557 1
33 597 1
33 607 1
33 651 1
33 829 1
33 857 1
33 914 1
34 35 1
34 83 1
34 168 1
34 172 1
34 242 1
34 281 1
34 338 1
34 388 1
34 402 1
34 430 1
34 479 1
34 662 1
34 707 1
34 720 1
34 763 1
34 765 1
34 833 1
35 70 1
35 135 1
35 137 1
35 154 1
35 157 1
35 161 1
35 192 1
35 195 1
35 198 1
35 265 1
35 318 1
35 326 1
35 360 1
35 390 1
35 488 1
35 517 1
35 531 1
35 710 1
35 923 1
35 972 1
36 52 1
36 64 1
36 81 1
36 85 1
36 93 1
36 101 1
36 175 1
36 220 1
36 284 1
36 308 1
36 367 1
36 439 1
36 492 1
36 525 1
36 643 1
36 824 1
36 980 1
37 82 1
37 87 1
37 104 1
37 157 1
37 181 1
37 218 1
37 261 1
37 285 1
37 339 1
37 349 1
37 498 1
37 557 1
37 575 1
37 635 1
37 637 1
37 717 1
37 739 1
37 797 1
37 800 1
37 962 1
38 51 1
38 62 1
38 99 1
38 113 1
38 176 1
38 250 1
38 316 1
38 339 1
38 359 1
38 367 1
38 413 1
38 451 1
38 542 1
38 640 1
38 745 1
38 760 1
38 845 1
38 998 1
39 42 1
39 45 1
39 51 1
39 56 1
39 60 1
39 68 1
39 71 1
39 98 1
39 116 1
39 123 1
39 152 1
39 161 1
39 173 1
39 178 1
39 197 1
39 201 1
39 206 1
39 207 1
39 225 1
39 233 1
39 235 1
39 242 1
39 245 1
39 252 1
39 328 1
39 331 1
39 393 1
39 463 1
39 493 1
39 533 1
39 540 1
39 566 1
39 600 1
39 622 1
39 655 1
39 664 1
39 748 1
39 771 1
39 816 1
39 842 1
39 847 1
39 886 1
39 920 1
39 950 1
39 979 1
40 55 1
40 67 1
40 117 1
40 122 1
40 124 1
40 127 1
40 130 1
40 165 1
40 175 1
40 187 1
40 232 1
40 244 1
40 261 1
40 296 1
40 303 1
40 326 1
40 367 1
40 494 1
40 519 1
40 541 1
40 542 1
40 568 1
40 626 1
40 725 1
40 753 1
40 781 1
40 798 1
40 977 1
40 992 1
40 998 1
41 45 1
41 50 1
41 52 1
41 61 1
41 104 1
41 139 1
41 152 1
41 162 1
41 166 1
41 204 1
41 243 1
41 286 1
41 299 1
41 306 1
41 377 1
41 389 1
41 410 1
41 461 1
41 482 1
41 494 1
41 517 1
41 689 1
41 725 1
41 746 1
41 751 1
41 789 1
41 875 1
41 971 1
42 92 1
42 100 1
42 209 1
42 350 1
42 351 1
42 366 1
42 379 1
42 459 1
42 529 1
42 613 1
42 687 1
42 754 1
42 870 1
42 903 1
42 944 1
43 56 1
43 64 1
43 73 1
43 119 1
43 122 1
43 129 1
43 140 1
43 160 1
43 223 1
43 227 1
43 243 1
43 261 1
43 271 1
43 273 1
43 378 1
43 414 1
43 422 1
43 443 1
43 462 1
43 479 1
43 516 1
43 529 1
43 547 1
43 551 1
43 578 1
43 591 1
43 685 1
43 694 1
43 727 1
43 766 1
43 865 1
43 876 1
43 936 1
43 959 1
44 81 1
44 114 1
44 159 1
44 274 1
44 275 1
44 800 1
44 903 1
44 944 1
45 67 1
45 189 1
45 303 1
45 305 1
45 307 1
45 405 1
45 535 1
45 560 1
45 691 1
45 696 1
45 735 1
45 744 1
45 782 1
45 1000 1
46 76 1
46 151 1
46 167 1
46 401 1
46 469 1
46 477 1
46 492 1
46 756 1
46 865 1
46 880 1
47 67 1
47 101 1
47 111 1
47 257 1
47 307 1
47 308 1
47 311 1
47 337 1
47 356 1
47 358 1
47 484 1
47 501 1
47 503 1
47 514 1
47 585 1
47 743 1
47 784 1
48 53 1
48 88 1
48 293 1
48 339 1
48 464 1
48 512 1
48 847 1
49 60 1
49 73 1
49 104 1
49 148 1
49 157 1
49 189 1
49 202 1
49 267 1
49 292 1
49 329 1
49 346 1
49 423 1
49 440 1
49 667 1
49 706 1
49 739 1
49 772 1
49 879 1
49 937 1
49 957 1
49 960 1
50 73 1
50 95 1
50 165 1
50 283 1
50 327 1
50 334 1
50 350 1
50 412 1
50 414 1
50 431 1
50 473 1
50 579 1
50 615 1
50 629 1
50 655 1
50 888 1
50 897 1
50 898 1
50 945 1
50 953 1
51 86 1
51 88 1
51 91 1
51 92 1
51 133 1
51 157 1
51 183 1
51 188 1
51 204 1
51 221 1
51 225 1
51 251 1
51 252 1
51 261 1
51 278 1
51 287 1
51 295 1
51 300 1
51 337 1
51 357 1
51 419 1
51 512 1
51 569 1
51 605 1
51 716 1
51 730 1
51 737 1
51 809 1
51 858 1
51 864 1
51 866 1
51 954 1
52 58 1
52 106 1
52 155 1
52 193 1
52 221 1
52 227 1
52 252 1
52 345 1
52 388 1
52 397 1
52 400 1
52 426 1
52 522 1
52 708 1
52 785 1
52 860 1
52 866 1
52 867 1
52 879 1
53 55 1
53 56 1
53 75 1
53 78 1
53 99 1
53 268 1
53 269 1
53 284 1
53 756 1
54 81 1
54 96 1
54 97 1
54 110 1
54 147 1
54 184 1
54 204 1
54 230 1
54 507 1
54 545 1
54 764 1
54 783 1
54 878 1
54 893 1
55 57 1
55 113 1
55 129 1
55 270 1
55 297 1
55 327 1
55 381 1
55 448 1
55 590 1
55 621 1
55 662 1
55 686 1
55 899 1
55 900 1
55 910 1
56 79 1
56 98 1
56 119 1
56 151 1
56 171 1
56 178 1
56 210 1
56 244 1
56 283 1
56 377 1
56 417 1
56 480 1
56 492 1
56 499 1
56 520 1
56 522 1
56 533 1
56 678 1
56 695 1
56 810 1
56 826 1
56 872 1
56 879 1
57 143 1
57 174 1
57 177 1
57 185 1
57 497 1
57 715 1
57 988 1
58 63 1
58 68 1
58 69 1
58 78 1
58 91 1
58 187 1
58 294 1
58 320 1
58 436 1
58 475 1
58 563 1
58 782 1
58 812 1
58 826 1
59 202 1
59 425 1
59 609 1
59 864 1
60 73 1
60 77 1
60 78 1
60 81 1
60 93 1
60 114 1
60 128 1
60 156 1
60 195 1
60 205 1
60 244 1
60 296 1
60 331 1
60 351 1
60 361 1
60 396 1
60 401 1
60 406 1
60 437 1
60 442 1
60 443 1
60 445 1
60 485 1
60 542 1
60 549 1
60 574 1
60 610 1
60 654 1
60 670 1
60 722 1
60 747 1
60 754 1
60 764 1
60 863 1
60 887 1
60 911 1
60 915 1
60 944 1
61 86 1
61 96 1
61 97 1
61 107 1
61 124 1
61 136 1
61 169 1
61 211 1
61 345 1
61 433 1
61 563 1
61 592 1
61 768 1
61 902 1
61 904 1
61 981 1
62 79 1
62 87 1
62 99 1
62 111 1
62 115 1
62 121 1
62 136 1
62 164 1
62 237 1
62 250 1
62 266 1
62 284 1
62 339 1
62 342 1
62 362 1
62 505 1
62 547 1
62 592 1
62 603 1
62 608 1
62 639 1
62 678 1
62 811 1
63 72 1
63 94 1
63 288 1
63 308 1
63 366 1
63 452 1
63 456 1
63 810 1
63 833 1
63 913 1
64 103 1
65 79 1
65 82 1
65 85 1
65 501 1
65 555 1
65 836 1
66 76 1
66 100 1
66 115 1
66 122 1
66 125 1
66 135 1
66 182 1
66 183 1
66 210 1
66 242 1
66 243 1
66 263 1
66 290 1
66 300 1
66 310 1
66 330 1
66 337 1
66 350 1
66 355 1
66 364 1
66 374 1
66 380 1
66 381 1
66 433 1
66 435 1
66 475 1
66 486 1
66 512 1
66 526 1
66 679 1
66 693 1
66 699 1
66 723 1
66 793 1
66 795 1
66 814 1
66 918 1
66 949 1
67 79 1
67 94 1
67 105 1
67 108 1
67 116 1
67 118 1
67 137 1
67 145 1
67 241 1
67 269 1
67 277 1
67 311 1
67 315 1
67 403 1
67 593 1
67 807 1
67 964 1
68 846 1
68 872 1
69 114 1
69 126 1
69 196 1
69 217 1
69 366 1
69 398 1
69 482 1
69 790 1
69 793 1
69 825 1
69 852 1
69 977 1
70 90 1
70 110 1
70 115 1
70 139 1
70 142 1
70 186 1
70 213 1
70 251 1
70 266 1
70 551 1
71 77 1
71 83 1
71 86 1
71 89 1
71 132 1
71 162 1
71 166 1
71 221 1
71 236 1
71 263 1
71 267 1
71 287 1
71 321 1
71 556 1
71 991 1
72 103 1
72 150 1
72 184 1
72 194 1
72 257 1
72 281 1
72 358 1
72 380 1
72 394 1
72 460 1
72 537 1
72 546 1
72 658 1
72 767 1
72 791 1
72 854 1
73 126 1
73 158 1
73 237 1
73 238 1
73 356 1
73 367 1
73 421 1
73 429 1
73 658 1
73 682 1
73 723 1
73 788 1
73 896 1
74 86 1
74 317 1
75 82 1
75 117 1
75 209 1
75 295 1
75 378 1
75 392 1
75 405 1
75 444 1
75 523 1
75 580 1
75 612 1
75 676 1
75 815 1
75 832 1
75 900 1
75 993 1
76 84 1
76 129 1
76 132 1
76 416 1
76 442 1
76 481 1
76 583 1
76 680 1
76 743 1
77 78 1
77 79 1
77 93 1
77 162 1
77 164 1
77 183 1
77 197 1
77 212 1
77 214 1
77 287 1
77 318 1
77 354 1
77 434 1
77 495 1
77 635 1
77 758 1
77 805 1
77 988 1
78 98 1
78 121 1
78 137 1
78 167 1
78 199 1
78 227 1
78 307 1
78 338 1
78 365 1
78 375 1
78 428 1
78 640 1
78 718 1
78 744 1
78 806 1
78 943 1
78 975 1
79 88 1
79 113 1
79 142 1
79 148 1
79 178 1
79 190 1
79 209 1
79 279 1
79 298 1
79 313 1
79 389 1
79 471 1
79 546 1
79 549 1
79 629 1
79 647 1
79 672 1
79 707 1
79 708 1
80 83 1
80 91 1
80 103 1
80 135 1
80 204 1
80 359 1
80 479 1
80 488 1
80 663 1
81 91 1
81 199 1
81 202 1
81 264 1
81 333 1
81 393 1
81 514 1
81 575 1
81 595 1
81 689 1
81 776 1
82 108 1
82 732 1
82 743 1
82 762 1
83 100 1
83 176 1
83 224 1
83 425 1
83 508 1
83 516 1
83 760 1
83 981 1
84 99 1
84 127 1
84 128 1
84 132 1
84 143 1
84 150 1
84 167 1
84 183 1
84 197 1
84 229 1
84 230 1
84 231 1
84 249 1
84 292 1
84 326 1
84 336 1
84 344 1
84 443 1
84 472 1
84 491 1
84 551 1
84 561 1
84 613 1
84 637 1
84 646 1
84 654 1
84 728 1
84 731 1
84 907 1
84 909 1
84 1000 1
85 133 1
85 211 1
85 245 1
85 246 1
85 378 1
85 383 1
85 450 1
85 493 1
85 633 1
85 679 1
85 708 1
85 936 1
85 952 1
86 98 1
86 124 1
86 164 1
86 174 1
86 208 1
86 240 1
86 259 1
86 435 1
86 438 1
86 471 1
86 486 1
86 507 1
86 522 1
86 598 1
86 649 1
86 681 1
86 759 1
86 778 1
86 842 1
86 913 1
86 956 1
86 991 1
87 160 1
87 186 1
87 187 1
87 354 1
87 365 1
87 632 1
87 718 1
87 756 1
87 789 1
87 902 1
87 980 1
88 90 1
88 109 1
88 125 1
88 168 1
88 181 1
88 210 1
88 279 1
88 318 1
88 379 1
88 517 1
88 604 1
88 752 1
88 792 1
88 821 1
89 105 1
89 120 1
89 289 1
89 314 1
89 319 1
89 456 1
89 536 1
90 109 1
90 153 1
90 257 1
90 304 1
90 495 1
90 701 1
90 726 1
90 756 1
90 824 1
90 874 1
91 243 1
91 485 1
91 552 1
91 637 1
91 977 1
92 111 1
92 124 1
92 182 1
92 189 1
92 208 1
92 455 1
92 458 1
92 865 1
92 892 1
93 276 1
93 682 1
93 795 1
93 798 1
94 158 1
94 187 1
94 196 1
94 208 1
94 350 1
94 761 1
94 799 1
94 825 1
94 921 1
95 124 1
95 297 1
95 567 1
95 571 1
95 572 1
95 659 1
95 999 1
96 137 1
96 159 1
96 179 1
96 201 1
96 237 1
96 310 1
96 340 1
96 341 1
96 420 1
96 506 1
96 791 1
96 859 1
97 182 1
97 274 1
97 290 1
97 521 1
97 527 1
98 134 1
98 136 1
98 160 1
98 252 1
98 325 1
98 505 1
98 602 1
98 684 1
98 711 1
98 736 1
98 758 1
99 127 1
99 140 1
99 146 1
99 147 1
99 150 1
99 191 1
99 306 1
99 321 1
99 346 1
99 384 1
99 474 1
99 483 1
99 513 1
99 518 1
99 519 1
99 530 1
99 589 1
99 604 1
99 620 1
99 632 1
99 638 1
99 676 1
99 713 1
99 822 1
99 883 1
99 975 1
100 120 1
100 200 1
100 368 1
101 120 1
101 138 1
101 174 1
101 289 1
101 301 1
101 467 1
101 792 1
101 908 1
102 214 1
102 217 1
102 226 1
102 256 1
102 260 1
102 265 1
102 396 1
102 421 1
102 462 1
102 502 1
102 535 1
102 581 1
102 821 1
102 970 1
103 109 1
103 206 1
103 237 1
103 469 1
104 120 1
104 136 1
104 149 1
104 499 1
104 600 1
104 777 1
104 841 1
105 249 1
105 296 1
105 320 1
105 390 1
105 406 1
105 561 1
106 118 1
106 144 1
106 148 1
106 168 1
106 204 1
106 232 1
106 947 1
107 109 1
107 409 1
107 465 1
107 606 1
107 644 1
107 723 1
108 130 1
108 184 1
108 223 1
108 268 1
108 325 1
108 417 1
108 445 1
108 501 1
108 522 1
108 593 1
108 743 1
108 768 1
108 786 1
108 902 1
108 933 1
108 989 1
109 214 1
109 229 1
109 309 1
109 551 1
109 565 1
110 121 1
110 236 1
110 353 1
110 596 1
111 119 1
111 146 1
111 195 1
111 239 1
111 272 1
111 343 1
111 382 1
111 487 1
111 492 1
111 540 1
111 587 1
111 721 1
111 732 1
111 891 1
111 915 1
111 932 1
111 934 1
111 942 1
112 141 1
112 224 1
112 261 1
112 275 1
112 427 1
112 428 1
112 459 1
112 460 1
112 464 1
112 486 1
112 509 1
112 533 1
112 568 1
112 644 1
113 664 1
114 115 1
114 164 1
114 281 1
114 536 1
114 569 1
114 638 1
114 703 1
114 775 1
114 779 1
114 780 1
114 872 1
114 882 1
115 154 1
115 297 1
115 302 1
115 399 1
115 436 1
115 589 1
115 595 1
115 679 1
115 765 1
115 808 1
115 840 1
115 867 1
116 244 1
116 487 1
116 724 1
116 823 1
117 218 1
117 238 1
117 264 1
117 312 1
117 328 1
117 376 1
117 420 1
117 482 1
117 496 1
117 531 1
117 581 1
117 594 1
117 642 1
117 648 1
117 660 1
117 702 1
117 791 1
117 958 1
118 123 1
118 147 1
118 173 1
118 177 1
118 331 1
118 348 1
118 349 1
118 360 1
118 377 1
118 496 1
118 514 1
118 528 1
118 537 1
118 540 1
118 547 1
118 566 1
118 656 1
118 831 1
118 834 1
118 902 1
119 156 1
119 165 1
119 303 1
119 425 1
119 617 1
120 132 1
120 144 1
120 156 1
120 170 1
120 190 1
120 268 1
120 374 1
120 424 1
120 444 1
120 453 1
120 572 1
120 803 1
120 882 1
121 206 1
121 262 1
121 291 1
121 293 1
121 332 1
121 419 1
121 534 1
121 666 1
121 690 1
121 706 1
121 738 1
121 749 1
121 757 1
121 826 1
121 873 1
121 898 1
122 133 1
122 170 1
122 171 1
122 239 1
122 266 1
122 286 1
122 290 1
122 299 1
122 307 1
122 382 1
122 424 1
122 448 1
122 465 1
122 774 1
122 778 1
122 991 1
123 134 1
123 149 1
123 199 1
123 215 1
123 219 1
123 242 1
123 269 1
123 342 1
123 396 1
123 429 1
123 568 1
123 679 1
123 729 1
123 934 1
123 952 1
123 962 1
124 153 1
124 224 1
124 226 1
124 271 1
124 341 1
124 392 1
124 500 1
124 576 1
124 733 1
124 853 1
124 875 1
124 985 1
125 146 1
125 210 1
125 241 1
125 370 1
125 398 1
125 434 1
125 570 1
125 600 1
125 628 1
125 649 1
125 713 1
125 742 1
125 753 1
125 797 1
125 862 1
125 869 1
125 877 1
125 961 1
125 964 1
125 968 1
126 130 1
126 138 1
126 161 1
126 175 1
126 180 1
126 199 1
126 226 1
126 236 1
126 302 1
126 315 1
126 335 1
126 358 1
126 542 1
126 553 1
126 648 1
126 688 1
126 763 1
126 955 1
126 985 1
126 997 1
127 135 1
127 212 1
127 248 1
127 259 1
127 262 1
127 264 1
127 324 1
127 347 1
127 368 1
127 412 1
127 512 1
127 650 1
127 729 1
127 759 1
127 806 1
127 851 1
128 305 1
128 330 1
128 539 1
128 624 1
129 235 1
129 322 1
129 478 1
129 524 1
129 564 1
129 578 1
129 634 1
129 690 1
129 791 1
130 131 1
130 312 1
130 314 1
130 397 1
130 427 1
130 528 1
130 556 1
130 631 1
130 661 1
130 727 1
130 815 1
130 824 1
130 984 1
131 198 1
131 419 1
131 456 1
131 508 1
132 343 1
132 554 1
132 609 1
132 634 1
133 143 1
133 222 1
133 258 1
133 291 1
133 550 1
133 571 1
133 684 1
134 141 1
134 238 1
134 267 1
134 301 1
134 342 1
134 369 1
134 382 1
134 391 1
134 552 1
134 568 1
134 860 1
134 940 1
135 228 1
135 239 1
135 253 1
135 332 1
135 459 1
135 464 1
135 490 1
135 500 1
135 556 1
135 594 1
135 629 1
135 641 1
135 718 1
135 748 1
135 769 1
135 892 1
136 147 1
136 284 1
136 357 1
136 373 1
136 533 1
136 624 1
136 671 1
136 712 1
136 781 1
136 881 1
136 937 1
137 330 1
137 364 1
137 626 1
137 692 1
137 895 1
138 141 1
138 148 1
138 179 1
138 220 1
138 225 1
138 241 1
138 310 1
138 351 1
138 413 1
138 442 1
138 525 1
138 540 1
138 550 1
138 832 1
138 854 1
138 856 1
138 964 1
139 219 1
139 234 1
139 254 1
139 706 1
139 788 1
139 839 1
140 171 1
140 194 1
140 265 1
140 275 1
140 277 1
140 299 1
140 344 1
140 371 1
140 424 1
140 425 1
140 589 1
140 633 1
140 668 1
141 147 1
141 192 1
141 321 1
141 428 1
141 542 1
142 144 1
142 171 1
142 245 1
142 253 1
142 333 1
142 347 1
142 356 1
142 414 1
142 416 1
142 486 1
142 493 1
142 760 1
142 777 1
142 816 1
143 155 1
143 167 1
143 193 1
143 212 1
143 343 1
143 354 1
143 387 1
143 520 1
143 611 1
143 740 1
143 745 1
143 803 1
143 843 1
143 958 1
143 961 1
144 167 1
144 169 1
144 211 1
144 269 1
144 298 1
144 443 1
144 737 1
144 808 1
144 829 1
144 943 1
145 200 1
145 270 1
145 293 1
145 314 1
145 394 1
145 485 1
145 527 1
145 577 1
145 773 1
146 193 1
146 201 1
146 245 1
146 408 1
146 498 1
146 539 1
146 567 1
146 606 1
146 607 1
147 152 1
147 480 1
147 555 1
147 611 1
148 318 1
148 327 1
148 330 1
148 338 1
148 587 1
148 709 1
148 846 1
148 887 1
148 970 1
149 154 1
149 173 1
149 240 1
149 262 1
149 317 1
149 325 1
149 338 1
149 430 1
149 447 1
149 596 1
149 643 1
149 668 1
149 694 1
149 807 1
149 835 1
149 892 1
149 987 1
150 168 1
150 175 1
150 278 1
150 400 1
150 820 1
150 889 1
150 935 1
150 963 1
151 153 1
151 159 1
151 194 1
151 196 1
151 322 1
151 383 1
151 434 1
151 624 1
151 682 1
151 699 1
151 849 1
151 909 1
152 203 1
152 235 1
152 277 1
152 582 1
152 649 1
152 712 1
153 337 1
153 545 1
153 576 1
153 660 1
153 787 1
153 886 1
153 955 1
154 185 1
154 363 1
154 541 1
155 173 1
155 180 1
155 188 1
155 192 1
155 290 1
155 310 1
155 312 1
155 316 1
155 337 1
155 355 1
155 358 1
155 390 1
155 457 1
155 469 1
155 470 1
155 630 1
155 659 1
155 679 1
155 692 1
155 840 1
155 891 1
155 893 1
155 930 1
155 951 1
155 982 1
155 984 1
155 987 1
156 179 1
156 280 1
156 702 1
156 704 1
157 172 1
157 454 1
157 620 1
157 649 1
157 683 1
157 704 1
157 748 1
157 845 1
157 992 1
158 182 1
158 191 1
158 240 1
158 323 1
158 481 1
158 534 1
158 587 1
158 635 1
158 673 1
158 686 1
158 710 1
158 737 1
158 801 1
158 933 1
159 453 1
159 532 1
159 654 1
159 685 1
159 731 1
159 802 1
159 862 1
159 938 1
160 174 1
160 493 1
160 804 1
160 863 1
161 282 1
161 311 1
161 365 1
161 500 1
161 582 1
161 591 1
161 680 1
161 786 1
161 837 1
162 285 1
162 332 1
162 452 1
163 218 1
163 240 1
163 282 1
163 299 1
163 395 1
163 411 1
163 431 1
163 489 1
163 544 1
163 618 1
163 899 1
163 908 1
163 925 1
164 172 1
164 227 1
164 363 1
164 388 1
164 704 1
164 755 1
165 622 1
165 623 1
165 634 1
165 941 1
166 206 1
166 219 1
166 250 1
166 280 1
166 573 1
166 715 1
166 929 1
167 205 1
167 214 1
167 217 1
167 340 1
167 484 1
167 538 1
167 579 1
167 767 1
167 833 1
167 855 1
167 857 1
167 861 1
167 883 1
167 902 1
168 351 1
168 372 1
168 441 1
168 558 1
168 628 1
168 767 1
168 954 1
168 956 1
168 960 1
169 194 1
169 680 1
170 235 1
170 288 1
170 411 1
170 523 1
170 694 1
170 874 1
171 653 1
171 666 1
171 813 1
171 819 1
172 215 1
172 270 1
172 354 1
172 372 1
172 379 1
172 532 1
172 687 1
172 735 1
172 755 1
172 884 1
172 897 1
173 292 1
173 402 1
173 431 1
173 719 1
173 899 1
173 963 1
174 509 1
174 522 1
174 538 1
174 598 1
174 686 1
174 799 1
174 927 1
174 995 1
175 208 1
175 408 1
175 733 1
176 184 1
176 188 1
176 193 1
176 215 1
176 391 1
176 417 1
176 427 1
176 450 1
176 489 1
176 509 1
176 517 1
176 525 1
176 588 1
176 598 1
176 602 1
176 620 1
176 631 1
176 657 1
176 690 1
176 775 1
176 790 1
176 794 1
176 835 1
176 853 1
176 865 1
176 877 1
176 889 1
176 919 1
176 1000 1
177 191 1
177 200 1
177 272 1
177 411 1
177 449 1
177 495 1
177 543 1
177 588 1
177 790 1
177 895 1
178 549 1
178 970 1
179 190 1
179 551 1
179 625 1
179 833 1
179 835 1
179 931 1
180 211 1
180 228 1
180 684 1
181 233 1
181 405 1
181 515 1
181 701 1
181 707 1
181 735 1
181 739 1
182 190 1
182 205 1
182 344 1
182 485 1
182 579 1
183 222 1
183 223 1
183 300 1
183 519 1
183 562 1
183 605 1
183 608 1
183 653 1
183 669 1
183 750 1
183 813 1
183 973 1
184 297 1
184 420 1
184 489 1
184 506 1
184 693 1
185 192 1
185 216 1
185 346 1
186 351 1
186 470 1
186 663 1
186 950 1
187 210 1
187 255 1
187 323 1
187 392 1
187 627 1
187 822 1
187 838 1
188 226 1
188 352 1
188 387 1
188 407 1
188 483 1
188 490 1
188 528 1
188 574 1
188 646 1
188 761 1
189 251 1
189 268 1
189 403 1
189 510 1
189 627 1
189 862 1
190 200 1
190 432 1
190 612 1
190 778 1
190 978 1
191 364 1
191 421 1
191 629 1
191 776 1
191 895 1
191 938 1
191 975 1
191 1000 1
192 260 1
192 360 1
192 458 1
192 564 1
192 641 1
192 834 1
192 995 1
192 996 1
193 247 1
193 254 1
193 447 1
193 698 1
193 725 1
193 795 1
193 845 1
193 947 1
194 206 1
194 207 1
194 229 1
194 271 1
194 307 1
194 392 1
194 413 1
194 415 1
194 440 1
194 441 1
194 462 1
194 495 1
194 513 1
194 555 1
194 614 1
194 633 1
194 780 1
195 196 1
195 201 1
195 259 1
195 272 1
195 314 1
195 371 1
195 373 1
195 378 1
195 422 1
195 479 1
195 504 1
195 526 1
195 549 1
195 615 1
195 792 1
195 916 1
195 1000 1
196 202 1
196 259 1
196 354 1
196 409 1
196 412 1
196 473 1
196 553 1
196 573 1
196 889 1
196 923 1
197 477 1
197 570 1
197 665 1
197 761 1
197 830 1
197 848 1
198 317 1
198 982 1
199 272 1
199 749 1
200 231 1
200 237 1
200 276 1
200 290 1
200 315 1
200 375 1
200 403 1
200 515 1
200 554 1
200 601 1
200 666 1
200 687 1
200 719 1
200 751 1
200 817 1
200 909 1
201 247 1
201 426 1
201 475 1
201 669 1
201 750 1
201 818 1
201 831 1
202 233 1
202 650 1
202 838 1
202 976 1
203 537 1
203 915 1
204 430 1
204 510 1
204 751 1
204 828 1
205 238 1
205 283 1
205 306 1
205 333 1
205 366 1
205 414 1
205 431 1
205 438 1
205 439 1
205 470 1
205 779 1
205 846 1
205 916 1
205 945 1
205 969 1
206 228 1
206 890 1
207 246 1
207 253 1
207 352 1
207 478 1
207 524 1
207 559 1
207 569 1
207 812 1
207 884 1
208 247 1
208 260 1
208 621 1
208 623 1
209 283 1
209 347 1
209 348 1
209 427 1
209 524 1
209 634 1
209 898 1
209 983 1
210 216 1
210 327 1
210 535 1
210 655 1
210 681 1
210 822 1
210 885 1
210 993 1
211 240 1
211 317 1
211 460 1
211 641 1
211 660 1
211 737 1
212 232 1
212 246 1
212 410 1
212 548 1
212 645 1
212 722 1
212 910 1
212 923 1
213 487 1
213 636 1
213 827 1
214 216 1
214 513 1
214 645 1
214 741 1
215 241 1
215 363 1
215 508 1
215 576 1
216 271 1
216 474 1
216 762 1
216 838 1
217 262 1
217 274 1
217 348 1
217 381 1
217 410 1
217 532 1
217 676 1
217 847 1
217 849 1
217 976 1
218 319 1
219 283 1
219 369 1
219 432 1
219 448 1
219 527 1
219 573 1
219 602 1
219 670 1
219 820 1
220 295 1
220 397 1
220 466 1
220 932 1
220 949 1
221 254 1
221 336 1
221 386 1
221 444 1
221 450 1
221 538 1
221 544 1
221 788 1
221 859 1
221 866 1
221 925 1
221 937 1
222 397 1
222 415 1
222 597 1
222 894 1
222 986 1
223 591 1
223 718 1
223 842 1
224 919 1
225 421 1
226 265 1
226 424 1
226 447 1
226 487 1
226 990 1
227 260 1
227 292 1
227 543 1
227 857 1
228 334 1
228 389 1
228 426 1
228 481 1
228 859 1
228 999 1
229 286 1
229 300 1
229 417 1
229 594 1
229 638 1
229 674 1
229 703 1
229 749 1
229 797 1
229 799 1
229 823 1
229 938 1
230 266 1
230 295 1
230 543 1
230 573 1
230 667 1
230 714 1
230 873 1
231 419 1
231 499 1
231 955 1
232 234 1
232 794 1
232 890 1
233 327 1
233 424 1
233 621 1
233 660 1
234 253 1
234 256 1
234 349 1
234 375 1
234 494 1
234 667 1
234 708 1
234 783 1
234 995 1
235 680 1
235 783 1
236 394 1
236 669 1
236 800 1
236 892 1
236 917 1
237 465 1
237 641 1
237 939 1
238 344 1
238 376 1
238 694 1
239 405 1
239 451 1
239 466 1
239 576 1
239 630 1
239 652 1
239 673 1
239 703 1
239 918 1
240 302 1
240 320 1
240 439 1
240 534 1
240 577 1
240 648 1
240 667 1
240 785 1
240 830 1
240 878 1
241 244 1
241 357 1
241 417 1
241 733 1
241 735 1
241 742 1
241 811 1
241 935 1
241 994 1
242 255 1
242 264 1
242 366 1
242 698 1
242 989 1
243 550 1
243 677 1
243 709 1
243 965 1
244 257 1
244 279 1
244 352 1
244 618 1
244 849 1
245 353 1
245 437 1
245 523 1
245 631 1
245 642 1
245 688 1
245 730 1
245 906 1
245 917 1
245 973 1
246 284 1
246 385 1
246 496 1
246 804 1
247 309 1
247 364 1
247 376 1
247 442 1
247 502 1
247 537 1
247 618 1
247 929 1
247 976 1
248 258 1
248 325 1
248 446 1
248 474 1
248 576 1
248 706 1
249 294 1
249 372 1
249 453 1
249 948 1
250 264 1
250 408 1
251 563 1
251 807 1
252 268 1
252 353 1
252 373 1
252 416 1
252 453 1
252 635 1
252 796 1
252 939 1
253 340 1
253 604 1
253 905 1
253 976 1
254 286 1
254 326 1
254 361 1
254 748 1
255 256 1
255 276 1
255 413 1
255 423 1
255 482 1
255 596 1
255 659 1
255 936 1
255 986 1
256 280 1
256 293 1
256 494 1
256 509 1
256 607 1
256 627 1
256 741 1
256 808 1
257 350 1
257 433 1
257 531 1
257 554 1
257 831 1
257 943 1
258 363 1
258 430 1
258 912 1
259 279 1
259 437 1
259 873 1
259 888 1
259 906 1
260 341 1
260 454 1
260 476 1
260 535 1
260 563 1
260 565 1
260 585 1
260 616 1
260 697 1
260 725 1
261 313 1
261 328 1
261 381 1
261 436 1
262 335 1
262 356 1
262 369 1
262 438 1
262 497 1
262 501 1
262 579 1
262 716 1
262 750 1
262 836 1
262 974 1
263 446 1
264 385 1
264 529 1
264 603 1
265 273 1
265 298 1
265 367 1
265 667 1
265 732 1
266 454 1
266 461 1
266 692 1
266 701 1
266 765 1
266 818 1
267 324 1
267 362 1
267 379 1
268 416 1
268 498 1
268 589 1
268 833 1
268 836 1
269 590 1
269 733 1
270 287 1
270 308 1
270 365 1
270 386 1
270 449 1
270 536 1
270 550 1
270 579 1
270 588 1
270 770 1
270 774 1
270 829 1
270 949 1
270 952 1
271 311 1
271 545 1
272 403 1
272 405 1
272 720 1
272 810 1
272 951 1
273 376 1
273 471 1
273 507 1
273 601 1
273 648 1
273 651 1
273 676 1
273 706 1
273 721 1
273 728 1
273 815 1
273 848 1
273 913 1
274 275 1
274 305 1
274 313 1
274 458 1
274 557 1
274 961 1
275 812 1
276 294 1
276 332 1
276 387 1
276 596 1
277 359 1
277 365 1
277 375 1
277 407 1
277 617 1
277 691 1
278 304 1
278 313 1
278 560 1
278 574 1
278 767 1
278 931 1
278 950 1
279 382 1
279 394 1
280 693 1
281 296 1
281 584 1
281 600 1
281 643 1
281 992 1
282 384 1
282 570 1
282 860 1
283 288 1
283 388 1
283 448 1
283 452 1
283 465 1
283 623 1
285 426 1
285 539 1
285 672 1
285 820 1
285 938 1
287 429 1
287 446 1
287 461 1
287 720 1
287 960 1
288 352 1
288 423 1
288 702 1
288 717 1
288 761 1
289 297 1
289 394 1
289 420 1
289 503 1
289 538 1
289 741 1
289 910 1
289 971 1
291 292 1
291 324 1
291 329 1
291 483 1
291 511 1
291 711 1
291 757 1
293 309 1
295 341 1
295 418 1
295 462 1
295 601 1
295 611 1
295 637 1
295 646 1
295 647 1
295 729 1
295 747 1
295 853 1
295 855 1
295 870 1
296 319 1
296 329 1
296 426 1
296 787 1
296 926 1
296 945 1
296 972 1
297 599 1
298 387 1
298 484 1
298 520 1
298 675 1
298 724 1
298 918 1
299 590 1
299 898 1
299 933 1
300 442 1
301 400 1
301 583 1
302 548 1
302 694 1
303 518 1
303 652 1
303 740 1
303 922 1
304 397 1
304 449 1
304 468 1
304 516 1
304 683 1
304 780 1
304 860 1
306 408 1
306 665 1
306 671 1
306 689 1
306 763 1
307 331 1
307 444 1
307 484 1
307 632 1
307 794 1
307 838 1
307 876 1
307 930 1
307 966 1
308 436 1
308 438 1
310 317 1
310 580 1
310 758 1
311 330 1
311 766 1
311 841 1
311 876 1
311 953 1
312 476 1
312 488 1
313 402 1
313 584 1
313 651 1
313 871 1
313 907 1
314 368 1
314 393 1
314 656 1
314 665 1
314 683 1
314 733 1
314 802 1
314 878 1
316 355 1
316 446 1
316 789 1
317 336 1
317 360 1
317 391 1
317 393 1
317 409 1
317 445 1
317 486 1
317 534 1
317 748 1
317 778 1
317 965 1
317 966 1
318 368 1
318 879 1
319 900 1
319 930 1
319 952 1
320 569 1
320 614 1
321 575 1
321 825 1
321 985 1
322 439 1
322 507 1
322 554 1
323 404 1
323 610 1
323 661 1
323 683 1
323 705 1
324 334 1
324 339 1
324 347 1
324 362 1
324 478 1
324 593 1
324 832 1
325 739 1
325 773 1
325 950 1
326 437 1
326 470 1
326 700 1
327 401 1
327 459 1
327 751 1
327 861 1
327 939 1
328 338 1
328 933 1
329 447 1
329 656 1
329 720 1
329 906 1
329 930 1
330 623 1
330 727 1
330 762 1
330 904 1
330 936 1
331 744 1
331 779 1
331 844 1
331 870 1
332 700 1
332 937 1
333 415 1
333 722 1
334 455 1
334 627 1
334 643 1
336 544 1
336 552 1
336 745 1
336 904 1
336 948 1
336 999 1
338 429 1
338 556 1
338 690 1
338 755 1
338 894 1
338 918 1
338 926 1
338 927 1
338 972 1
339 355 1
339 383 1
339 496 1
339 646 1
339 765 1
340 345 1
340 392 1
340 411 1
340 592 1
340 689 1
340 812 1
341 401 1
341 480 1
341 514 1
341 618 1
342 529 1
342 784 1
343 634 1
343 732 1
343 846 1
344 471 1
344 901 1
344 966 1
345 355 1
345 742 1
346 378 1
346 536 1
346 708 1
346 862 1
346 875 1
347 374 1
347 425 1
347 670 1
347 771 1
347 898 1
347 996 1
348 422 1
348 443 1
348 504 1
348 528 1
348 606 1
349 693 1
349 917 1
349 968 1
350 371 1
350 501 1
351 626 1
352 403 1
352 421 1
352 572 1
352 658 1
352 725 1
352 822 1
352 859 1
353 499 1
353 570 1
354 413 1
355 677 1
356 374 1
356 434 1
356 772 1
356 820 1
357 395 1
357 428 1
357 832 1
358 746 1
358 973 1
359 380 1
359 770 1
360 370 1
360 439 1
360 506 1
360 939 1
361 619 1
361 935 1
362 491 1
362 828 1
363 395 1
363 655 1
363 701 1
363 894 1
364 493 1
364 570 1
364 668 1
365 554 1
366 388 1
366 625 1
366 883 1
367 961 1
367 982 1
369 536 1
369 728 1
369 974 1
369 986 1
370 578 1
370 875 1
371 473 1
371 853 1
372 419 1
372 837 1
372 922 1
373 461 1
374 690 1
374 771 1
374 791 1
375 437 1
375 461 1
375 481 1
375 639 1
375 807 1
376 719 1
377 510 1
377 797 1
378 407 1
378 632 1
379 473 1
379 582 1
379 781 1
379 795 1
379 817 1
380 416 1
380 484 1
380 754 1
381 598 1
381 912 1
381 954 1
382 430 1
382 480 1
382 488 1
382 538 1
382 790 1
383 440 1
383 616 1
383 644 1
384 432 1
384 466 1
384 584 1
384 649 1
384 780 1
384 798 1
384 920 1
385 412 1
385 521 1
386 524 1
386 531 1
386 549 1
386 609 1
386 759 1
386 921 1
387 509 1
387 713 1
387 717 1
387 782 1
387 881 1
387 951 1
388 882 1
389 451 1
389 553 1
389 569 1
389 651 1
390 695 1
390 829 1
391 497 1
391 639 1
392 467 1
392 793 1
392 819 1
392 851 1
393 402 1
393 526 1
393 922 1
394 409 1
394 411 1
394 455 1
394 560 1
394 713 1
395 678 1
395 990 1
396 813 1
397 505 1
397 517 1
397 993 1
398 619 1
398 726 1
399 924 1
400 504 1
400 873 1
401 494 1
401 677 1
402 432 1
402 500 1
402 603 1
402 640 1
402 760 1
402 809 1
405 468 1
405 511 1
405 821 1
405 858 1
405 869 1
406 467 1
406 854 1
406 948 1
406 983 1
407 450 1
407 523 1
407 540 1
407 603 1
407 924 1
408 513 1
408 885 1
409 623 1
410 414 1
410 600 1
410 632 1
411 466 1
412 451 1
412 508 1
412 650 1
412 784 1
412 897 1
412 924 1
412 938 1
414 572 1
414 615 1
414 710 1
414 844 1
416 523 1
416 617 1
416 941 1
417 447 1
417 515 1
417 553 1
417 666 1
417 806 1
417 996 1
418 571 1
418 627 1
418 657 1
419 559 1
419 814 1
419 960 1
420 561 1
420 578 1
420 909 1
421 497 1
422 635 1
422 814 1
423 848 1
425 526 1
425 528 1
425 573 1
425 699 1
426 555 1
426 606 1
426 781 1
427 949 1
428 734 1
428 777 1
428 931 1
428 935 1
428 960 1
429 951 1
430 515 1
430 611 1
430 739 1
430 849 1
431 945 1
432 582 1
432 610 1
432 617 1
432 638 1
432 695 1
432 730 1
432 875 1
432 931 1
432 957 1
433 503 1
433 630 1
433 821 1
434 438 1
434 584 1
434 633 1
435 463 1
435 483 1
435 577 1
435 882 1
435 893 1
436 773 1
436 932 1
436 957 1
437 761 1
438 458 1
438 778 1
438 809 1
438 857 1
438 946 1
439 498 1
439 821 1
441 468 1
441 562 1
441 599 1
441 732 1
441 863 1
442 482 1
442 682 1
442 734 1
442 784 1
443 840 1
444 511 1
444 541 1
444 613 1
444 908 1
445 871 1
446 697 1
446 707 1
447 565 1
447 724 1
447 752 1
447 841 1
447 989 1
448 473 1
448 567 1
448 705 1
448 775 1
448 882 1
448 941 1
449 575 1
449 946 1
449 951 1
452 472 1
452 588 1
452 832 1
452 889 1
453 463 1
453 609 1
453 844 1
453 905 1
453 907 1
454 626 1
454 715 1
455 457 1
455 645 1
455 899 1
455 998 1
456 504 1
456 767 1
456 865 1
456 876 1
456 924 1
456 954 1
457 984 1
459 587 1
459 625 1
459 934 1
461 498 1
461 674 1
462 514 1
462 525 1
462 621 1
462 962 1
463 776 1
463 826 1
463 850 1
464 518 1
464 721 1
464 825 1
464 843 1
464 890 1
465 497 1
465 698 1
465 766 1
466 575 1
466 621 1
466 734 1
466 870 1
466 944 1
466 989 1
467 552 1
467 911 1
468 555 1
469 557 1
469 599 1
469 639 1
469 674 1
470 593 1
471 586 1
472 539 1
472 624 1
472 636 1
472 824 1
472 925 1
473 686 1
475 513 1
475 568 1
476 764 1
476 776 1
476 848 1
476 856 1
477 830 1
478 548 1
478 552 1
478 566 1
478 612 1
478 661 1
478 869 1
478 893 1
479 641 1
479 777 1
479 986 1
480 541 1
480 595 1
480 756 1
480 911 1
481 510 1
481 571 1
481 829 1
481 851 1
482 561 1
482 588 1
482 622 1
482 663 1
482 794 1
482 843 1
483 659 1
483 785 1
483 840 1
485 520 1
486 719 1
487 545 1
487 547 1
487 610 1
487 728 1
487 860 1
487 942 1
487 995 1
488 529 1
489 597 1
489 695 1
489 796 1
489 932 1
490 773 1
492 515 1
492 558 1
492 942 1
493 602 1
494 592 1
494 642 1
494 657 1
494 746 1
494 969 1
495 799 1
495 805 1
495 842 1
496 663 1
496 900 1
497 524 1
497 675 1
497 797 1
498 511 1
498 577 1
498 746 1
499 784 1
499 838 1
500 581 1
500 696 1
500 698 1
500 851 1
501 637 1
501 665 1
501 899 1
501 919 1
502 567 1
503 527 1
504 839 1
506 527 1
507 613 1
507 753 1
507 910 1
511 541 1
512 571 1
512 897 1
513 662 1
513 771 1
513 922 1
516 691 1
516 849 1
518 537 1
518 686 1
518 757 1
518 906 1
519 818 1
519 884 1
519 970 1
521 562 1
521 661 1
521 839 1
522 853 1
524 525 1
525 535 1
525 855 1
526 550 1
526 564 1
526 633 1
526 858 1
526 929 1
527 798 1
527 818 1
527 848 1
527 868 1
527 983 1
528 586 1
528 877 1
528 976 1
529 673 1
529 940 1
530 574 1
530 775 1
530 847 1
531 652 1
531 655 1
532 912 1
533 945 1
535 891 1
537 546 1
537 585 1
537 921 1
537 985 1
537 997 1
538 614 1
538 782 1
539 724 1
539 726 1
539 844 1
540 565 1
540 622 1
540 830 1
541 796 1
543 717 1
543 740 1
543 768 1
543 871 1
544 605 1
544 858 1
545 719 1
546 759 1
546 928 1
547 675 1
548 618 1
548 723 1
549 689 1
549 790 1
550 553 1
550 744 1
550 888 1
551 695 1
553 587 1
554 558 1
554 736 1
554 745 1
554 887 1
555 619 1
556 779 1
557 597 1
557 692 1
558 861 1
559 714 1
560 586 1
560 654 1
560 845 1
561 796 1
561 918 1
562 601 1
562 850 1
563 574 1
563 608 1
563 610 1
563 636 1
563 811 1
564 597 1
564 805 1
564 852 1
564 987 1
565 789 1
566 685 1
566 752 1
566 917 1
566 973 1
567 653 1
567 769 1
567 806 1
567 967 1
568 734 1
568 747 1
569 654 1
570 884 1
571 802 1
571 810 1
572 787 1
573 762 1
573 774 1
573 856 1
574 751 1
574 896 1
575 925 1
576 656 1
576 705 1
578 580 1
578 741 1
579 726 1
580 631 1
580 697 1
580 714 1
580 760 1
580 886 1
582 590 1
584 724 1
585 620 1
585 855 1
585 872 1
586 709 1
587 846 1
589 662 1
589 885 1
589 890 1
590 671 1
590 822 1
591 688 1
591 817 1
591 921 1
593 801 1
594 874 1
594 901 1
594 906 1
594 908 1
596 672 1
597 705 1
597 880 1
601 823 1
602 636 1
602 734 1
603 688 1
603 738 1
603 999 1
604 636 1
606 880 1
606 919 1
611 804 1
611 928 1
612 980 1
614 861 1
616 956 1
617 737 1
618 640 1
618 943 1
619 687 1
619 866 1
620 777 1
621 639 1
621 659 1
621 693 1
621 942 1
621 946 1
622 653 1
622 677 1
622 758 1
623 675 1
623 747 1
624 813 1
625 877 1
626 729 1
627 863 1
628 665 1
628 979 1
629 771 1
630 738 1
630 901 1
632 913 1
636 811 1
636 905 1
636 997 1
637 647 1
637 702 1
637 803 1
638 742 1
638 888 1
639 677 1
640 736 1
640 841 1
641 855 1
641 947 1
649 901 1
650 669 1
650 704 1
650 972 1
654 680 1
654 979 1
655 668 1
657 672 1
658 764 1
658 961 1
660 676 1
660 786 1
660 991 1
662 834 1
663 712 1
663 816 1
664 758 1
664 972 1
665 698 1
666 687 1
667 983 1
668 749 1
668 841 1
668 905 1
669 876 1
669 974 1
672 912 1
673 872 1
673 911 1
673 969 1
675 867 1
675 886 1
676 850 1
677 997 1
677 998 1
678 702 1
679 681 1
680 874 1
683 793 1
684 819 1
685 869 1
685 958 1
686 710 1
688 717 1
688 762 1
688 772 1
689 800 1
689 947 1
690 963 1
690 971 1
691 750 1
692 817 1
693 754 1
693 885 1
693 927 1
695 711 1
695 712 1
695 731 1
695 803 1
695 881 1
699 700 1
700 714 1
704 940 1
710 883 1
711 864 1
712 965 1
713 965 1
716 871 1
718 868 1
718 994 1
720 850 1
720 924 1
720 969 1
723 928 1
726 783 1
726 962 1
727 889 1
730 799 1
730 812 1
730 914 1
730 928 1
732 978 1
733 958 1
737 757 1
737 806 1
737 894 1
739 810 1
742 880 1
744 877 1
744 926 1
745 888 1
746 764 1
747 794 1
747 873 1
749 783 1
752 970 1
754 925 1
755 792 1
755 809 1
755 828 1
755 998 1
756 786 1
756 845 1
756 932 1
757 834 1
757 979 1
764 770 1
765 770 1
767 995 1
769 792 1
772 929 1
773 816 1
773 867 1
774 916 1
775 816 1
775 852 1
776 813 1
777 804 1
777 977 1
780 920 1
781 852 1
781 974 1
782 894 1
784 927 1
785 915 1
787 988 1
789 874 1
790 801 1
795 801 1
797 920 1
798 827 1
799 837 1
805 904 1
806 920 1
806 967 1
807 919 1
808 887 1
809 959 1
810 884 1
810 940 1
814 828 1
814 835 1
814 870 1
819 953 1
825 941 1
827 903 1
829 985 1
829 996 1
831 939 1
832 881 1
833 981 1
834 886 1
836 940 1
838 857 1
838 879 1
840 978 1
842 969 1
844 911 1
845 990 1
846 943 1
850 952 1
855 937 1
857 903 1
861 964 1
864 891 1
867 994 1
869 953 1
870 963 1
871 981 1
872 942 1
874 968 1
878 885 1
880 993 1
881 913 1
882 907 1
887 897 1
895 921 1
897 950 1
898 914 1
898 930 1
917 923 1
925 983 1
926 988 1
939 962 1
943 980 1
953 987 1
962 971 1
991 992 1
