1000 4975
1 2 1
1 3 1
1 4 1
1 5 1
1 6 1
1 7 1
1 8 1
1 9 1
1 11 1
1 12 1
1 13 1
1 18 1
1 19 1
1 20 1
1 23 1
1 30 1
1 45 1
1 46 1
1 47 1
1 53 1
1 59 1
1 67 1
1 70 1
1 74 1
1 75 1
1 88 1
1 95 1
1 97 1
1 107 1
1 109 1
1 118 1
1 130 1
1 132 1
1 135 1
1 138 1
1 139 1
1 140 1
1 157 1
1 171 1
1 175 1
1 191 1
1 208 1
1 211 1
1 223 1
1 230 1
1 253 1
1 277 1
1 293 1
1 314 1
1 329 1
1 338 1
1 340 1
1 355 1
1 356 1
1 369 1
1 375 1
1 417 1
1 418 1
1 419 1
1 420 1
1 431 1
1 436 1
1 444 1
1 446 1
1 451 1
1 452 1
1 463 1
1 486 1
1 512 1
1 541 1
1 552 1
1 553 1
1 568 1
1 590 1
1 615 1
1 660 1
1 667 1
1 736 1
1 748 1
1 804 1
1 809 1
1 810 1
1 859 1
1 883 1
1 889 1
1 911 1
1 925 1
1 930 1
1 954 1
1 972 1
2 7 1
2 10 1
2 11 1
2 27 1
2 39 1
2 42 1
2 47 1
2 50 1
2 61 1
2 67 1
2 95 1
2 110 1
2 117 1
2 151 1
2 237 1
2 381 1
2 413 1
2 450 1
2 585 1
2 746 1
3 7 1
3 11 1
3 13 1
3 15 1
3 17 1
3 27 1
3 75 1
3 101 1
3 180 1
3 186 1
3 194 1
3 202 1
3 206 1
3 213 1
3 225 1
3 230 1
3 242 1
3 252 1
3 256 1
3 268 1
3 296 1
3 303 1
3 313 1
3 351 1
3 380 1
3 442 1
3 491 1
3 514 1
3 548 1
3 551 1
3 569 1
3 607 1
3 608 1
3 631 1
3 636 1
3 697 1
3 724 1
3 831 1
3 837 1
3 952 1
4 7 1
4 8 1
4 16 1
4 20 1
4 45 1
4 49 1
4 61 1
4 76 1
4 118 1
4 149 1
4 202 1
4 438 1
4 468 1
4 512 1
4 575 1
4 593 1
4 921 1
4 985 1
5 8 1
5 9 1
5 10 1
5 25 1
5 26 1
5 31 1
5 33 1
5 36 1
5 40 1
5 42 1
5 63 1
5 100 1
5 107 1
5 117 1
5 125 1
5 145 1
5 174 1
5 210 1
5 249 1
5 261 1
5 311 1
5 334 1
5 352 1
5 437 1
5 463 1
5 485 1
5 492 1
5 507 1
5 542 1
5 559 1
5 615 1
5 619 1
5 654 1
5 855 1
5 928 1
5 929 1
6 7 1
6 8 1
6 9 1
6 10 1
6 11 1
6 12 1
6 13 1
6 15 1
6 17 1
6 18 1
6 24 1
6 28 1
6 30 1
6 31 1
6 36 1
6 37 1
6 42 1
6 54 1
6 87 1
6 112 1
6 125 1
6 129 1
6 144 1
6 145 1
6 154 1
6 166 1
6 198 1
6 212 1
6 221 1
6 234 1
6 254 1
6 263 1
6 264 1
6 268 1
6 287 1
6 307 1
6 327 1
6 333 1
6 358 1
6 382 1
6 390 1
6 402 1
6 405 1
6 418 1
6 425 1
6 432 1
6 449 1
6 458 1
6 473 1
6 477 1
6 482 1
6 519 1
6 550 1
6 561 1
6 597 1
6 613 1
6 626 1
6 643 1
6 656 1
6 674 1
6 680 1
6 715 1
6 733 1
6 792 1
6 813 1
6 828 1
6 864 1
6 873 1
6 891 1
6 933 1
6 978 1
6 1000 1
7 8 1
7 9 1
7 10 1
7 14 1
7 16 1
7 17 1
7 18 1
7 21 1
7 26 1
7 31 1
7 32 1
7 33 1
7 36 1
7 37 1
7 38 1
7 50 1
7 64 1
7 67 1
7 73 1
7 75 1
7 86 1
7 94 1
7 95 1
7 110 1
7 124 1
7 125 1
7 127 1
7 144 1
7 150 1
7 153 1
7 165 1
7 166 1
7 171 1
7 184 1
7 187 1
7 188 1
7 229 1
7 234 1
7 239 1
7 251 1
7 283 1
7 286 1
7 324 1
7 325 1
7 343 1
7 352 1
7 353 1
7 354 1
7 360 1
7 369 1
7 376 1
7 377 1
7 386 1
7 387 1
7 430 1
7 436 1
7 445 1
7 460 1
7 465 1
7 476 1
7 479 1
7 482 1
7 508 1
7 545 1
7 551 1
7 576 1
7 594 1
7 603 1
7 627 1
7 631 1
7 655 1
7 667 1
7 669 1
7 693 1
7 751 1
7 783 1
7 867 1
8 9 1
8 11 1
8 12 1
8 13 1
8 14 1
8 16 1
8 20 1
8 21 1
8 24 1
8 25 1
8 32 1
8 34 1
8 40 1
8 41 1
8 42 1
8 47 1
8 48 1
8 51 1
8 56 1
8 62 1
8 65 1
8 76 1
8 90 1
8 91 1
8 103 1
8 107 1
8 121 1
8 162 1
8 172 1
8 197 1
8 202 1
8 209 1
8 210 1
8 249 1
8 250 1
8 254 1
8 256 1
8 263 1
8 268 1
8 315 1
8 320 1
8 324 1
8 336 1
8 346 1
8 362 1
8 374 1
8 393 1
8 398 1
8 404 1
8 415 1
8 416 1
8 433 1
8 455 1
8 459 1
8 472 1
8 496 1
8 511 1
8 522 1
8 533 1
8 543 1
8 620 1
8 622 1
8 629 1
8 699 1
8 805 1
8 837 1
8 860 1
8 866 1
8 941 1
8 972 1
8 975 1
8 990 1
9 10 1
9 12 1
9 14 1
9 15 1
9 16 1
9 17 1
9 18 1
9 19 1
9 20 1
9 22 1
9 32 1
9 37 1
9 39 1
9 40 1
9 48 1
9 56 1
9 59 1
9 64 1
9 66 1
9 70 1
9 73 1
9 80 1
9 82 1
9 84 1
9 92 1
9 94 1
9 99 1
9 100 1
9 103 1
9 114 1
9 121 1
9 129 1
9 136 1
9 158 1
9 161 1
9 181 1
9 189 1
9 199 1
9 217 1
9 235 1
9 236 1
9 241 1
9 245 1
9 278 1
9 279 1
9 283 1
9 284 1
9 293 1
9 297 1
9 316 1
9 334 1
9 358 1
9 370 1
9 376 1
9 388 1
9 390 1
9 397 1
9 447 1
9 454 1
9 470 1
9 490 1
9 510 1
9 555 1
9 586 1
9 592 1
9 599 1
9 607 1
9 620 1
9 630 1
9 659 1
9 693 1
9 694 1
9 751 1
9 753 1
9 763 1
9 777 1
9 826 1
9 832 1
9 946 1
9 963 1
9 978 1
10 12 1
10 19 1
10 21 1
10 23 1
10 26 1
10 30 1
10 33 1
10 35 1
10 45 1
10 52 1
10 55 1
10 57 1
10 71 1
10 80 1
10 88 1
10 89 1
10 100 1
10 114 1
10 159 1
10 160 1
10 166 1
10 170 1
10 176 1
10 177 1
10 199 1
10 214 1
10 216 1
10 225 1
10 234 1
10 246 1
10 252 1
10 273 1
10 275 1
10 310 1
10 340 1
10 341 1
10 351 1
10 353 1
10 366 1
10 367 1
10 376 1
10 406 1
10 422 1
10 437 1
10 456 1
10 467 1
10 473 1
10 487 1
10 489 1
10 504 1
10 521 1
10 525 1
10 541 1
10 543 1
10 546 1
10 608 1
10 622 1
10 646 1
10 653 1
10 709 1
10 735 1
10 764 1
10 774 1
10 846 1
10 861 1
10 884 1
10 915 1
10 920 1
10 952 1
10 960 1
10 966 1
10 986 1
10 989 1
11 14 1
11 25 1
11 28 1
11 29 1
11 44 1
11 46 1
11 69 1
11 101 1
11 119 1
11 140 1
11 143 1
11 149 1
11 165 1
11 186 1
11 288 1
11 328 1
11 507 1
11 653 1
11 671 1
11 800 1
11 816 1
11 827 1
11 843 1
11 914 1
12 13 1
12 14 1
12 19 1
12 21 1
12 22 1
12 24 1
12 28 1
12 35 1
12 36 1
12 39 1
12 47 1
12 49 1
12 61 1
12 74 1
12 85 1
12 87 1
12 92 1
12 123 1
12 125 1
12 126 1
12 159 1
12 160 1
12 162 1
12 168 1
12 174 1
12 234 1
12 249 1
12 274 1
12 285 1
12 291 1
12 319 1
12 333 1
12 364 1
12 401 1
12 482 1
12 507 1
12 543 1
12 550 1
12 606 1
12 613 1
12 614 1
12 641 1
12 652 1
12 654 1
12 804 1
12 807 1
12 844 1
13 15 1
13 17 1
13 23 1
13 24 1
13 25 1
13 29 1
13 30 1
13 34 1
13 41 1
13 43 1
13 53 1
13 55 1
13 57 1
13 58 1
13 67 1
13 72 1
13 78 1
13 79 1
13 82 1
13 96 1
13 106 1
13 113 1
13 118 1
13 139 1
13 140 1
13 142 1
13 169 1
13 201 1
13 207 1
13 209 1
13 211 1
13 214 1
13 215 1
13 217 1
13 221 1
13 230 1
13 234 1
13 235 1
13 237 1
13 242 1
13 249 1
13 253 1
13 255 1
13 259 1
13 262 1
13 294 1
13 302 1
13 303 1
13 334 1
13 352 1
13 359 1
13 380 1
13 387 1
13 394 1
13 404 1
13 407 1
13 414 1
13 458 1
13 461 1
13 467 1
13 515 1
13 529 1
13 535 1
13 542 1
13 564 1
13 571 1
13 581 1
13 595 1
13 636 1
13 637 1
13 646 1
13 654 1
13 664 1
13 681 1
13 723 1
13 729 1
13 742 1
13 812 1
13 832 1
13 858 1
13 870 1
13 886 1
13 887 1
13 916 1
13 917 1
13 988 1
13 997 1
14 15 1
14 19 1
14 20 1
14 22 1
14 28 1
14 29 1
14 32 1
14 52 1
14 53 1
14 55 1
14 58 1
14 60 1
14 65 1
14 86 1
14 89 1
14 107 1
14 122 1
14 130 1
14 138 1
14 145 1
14 153 1
14 167 1
14 179 1
14 211 1
14 214 1
14 226 1
14 263 1
14 290 1
14 294 1
14 298 1
14 302 1
14 323 1
14 342 1
14 359 1
14 370 1
14 391 1
14 429 1
14 435 1
14 452 1
14 491 1
14 510 1
14 516 1
14 547 1
14 552 1
14 593 1
14 602 1
14 635 1
14 663 1
14 664 1
14 675 1
14 682 1
14 786 1
14 820 1
14 827 1
14 829 1
14 834 1
14 838 1
14 864 1
14 877 1
14 906 1
14 938 1
14 998 1
15 16 1
15 18 1
15 23 1
15 24 1
15 25 1
15 28 1
15 30 1
15 31 1
15 33 1
15 41 1
15 43 1
15 44 1
15 47 1
15 53 1
15 60 1
15 62 1
15 65 1
15 78 1
15 84 1
15 87 1
15 96 1
15 98 1
15 102 1
15 109 1
15 110 1
15 111 1
15 113 1
15 117 1
15 128 1
15 146 1
15 149 1
15 156 1
15 160 1
15 162 1
15 166 1
15 186 1
15 196 1
15 200 1
15 227 1
15 252 1
15 262 1
15 304 1
15 317 1
15 321 1
15 337 1
15 365 1
15 374 1
15 375 1
15 382 1
15 383 1
15 388 1
15 390 1
15 392 1
15 410 1
15 428 1
15 437 1
15 440 1
15 450 1
15 454 1
15 455 1
15 493 1
15 520 1
15 576 1
15 578 1
15 581 1
15 591 1
15 601 1
15 602 1
15 630 1
15 665 1
15 673 1
15 677 1
15 698 1
15 700 1
15 712 1
15 757 1
15 770 1
15 827 1
15 865 1
15 879 1
15 882 1
15 921 1
15 926 1
15 996 1
16 22 1
16 23 1
16 27 1
16 32 1
16 49 1
16 52 1
16 54 1
16 57 1
16 62 1
16 75 1
16 85 1
16 87 1
16 94 1
16 95 1
16 117 1
16 128 1
16 157 1
16 271 1
16 278 1
16 299 1
16 308 1
16 360 1
16 365 1
16 371 1
16 462 1
16 486 1
16 544 1
16 565 1
16 666 1
16 676 1
16 707 1
16 716 1
16 747 1
16 783 1
16 798 1
16 859 1
16 912 1
16 913 1
16 925 1
16 927 1
16 1000 1
17 26 1
17 46 1
17 52 1
17 74 1
17 100 1
17 105 1
17 108 1
17 128 1
17 143 1
17 153 1
17 167 1
17 179 1
17 201 1
17 220 1
17 272 1
17 299 1
17 302 1
17 333 1
17 345 1
17 430 1
17 483 1
17 526 1
17 579 1
17 603 1
17 626 1
17 652 1
17 700 1
17 734 1
17 755 1
17 766 1
17 790 1
17 795 1
17 843 1
17 844 1
17 847 1
17 848 1
17 855 1
17 859 1
17 896 1
17 940 1
17 943 1
17 991 1
17 995 1
17 998 1
18 26 1
18 36 1
18 38 1
18 54 1
18 61 1
18 68 1
18 90 1
18 119 1
18 146 1
18 160 1
18 161 1
18 167 1
18 173 1
18 197 1
18 211 1
18 270 1
18 282 1
18 298 1
18 325 1
18 356 1
18 372 1
18 385 1
18 395 1
18 420 1
18 422 1
18 430 1
18 445 1
18 502 1
18 540 1
18 544 1
18 556 1
18 568 1
18 573 1
18 618 1
18 722 1
18 748 1
18 751 1
18 781 1
18 825 1
18 856 1
18 883 1
18 900 1
18 960 1
18 961 1
18 995 1
19 38 1
19 43 1
19 50 1
19 69 1
19 79 1
19 85 1
19 88 1
19 92 1
19 98 1
19 109 1
19 115 1
19 126 1
19 127 1
19 137 1
19 139 1
19 148 1
19 169 1
19 180 1
19 194 1
19 248 1
19 256 1
19 263 1
19 280 1
19 282 1
19 305 1
19 307 1
19 334 1
19 353 1
19 361 1
19 401 1
19 429 1
19 441 1
19 479 1
19 501 1
19 527 1
19 566 1
19 571 1
19 582 1
19 611 1
19 662 1
19 668 1
19 704 1
19 718 1
19 737 1
19 742 1
19 743 1
19 769 1
19 797 1
19 846 1
19 906 1
19 941 1
20 21 1
20 22 1
20 31 1
20 33 1
20 35 1
20 37 1
20 42 1
20 52 1
20 55 1
20 57 1
20 58 1
20 60 1
20 66 1
20 72 1
20 83 1
20 85 1
20 86 1
20 99 1
20 111 1
20 127 1
20 148 1
20 152 1
20 155 1
20 170 1
20 185 1
20 199 1
20 204 1
20 218 1
20 220 1
20 232 1
20 248 1
20 274 1
20 286 1
20 311 1
20 317 1
20 323 1
20 383 1
20 390 1
20 392 1
20 407 1
20 421 1
20 433 1
20 441 1
20 471 1
20 491 1
20 494 1
20 498 1
20 517 1
20 524 1
20 527 1
20 573 1
20 586 1
20 596 1
20 597 1
20 607 1
20 673 1
20 679 1
20 680 1
20 689 1
20 699 1
20 708 1
20 709 1
20 744 1
20 761 1
20 833 1
20 835 1
20 852 1
20 866 1
20 935 1
20 962 1
20 985 1
21 27 1
21 34 1
21 43 1
21 48 1
21 62 1
21 69 1
21 71 1
21 77 1
21 89 1
21 90 1
21 92 1
21 94 1
21 96 1
21 98 1
21 104 1
21 116 1
21 123 1
21 134 1
21 143 1
21 153 1
21 178 1
21 181 1
21 206 1
21 232 1
21 243 1
21 261 1
21 285 1
21 321 1
21 323 1
21 351 1
21 361 1
21 371 1
21 388 1
21 424 1
21 429 1
21 577 1
21 599 1
21 657 1
21 817 1
21 821 1
21 827 1
21 829 1
21 850 1
21 882 1
21 898 1
21 899 1
21 919 1
21 939 1
21 958 1
22 29 1
22 34 1
22 35 1
22 38 1
22 66 1
22 108 1
22 120 1
22 126 1
22 132 1
22 137 1
22 148 1
22 221 1
22 245 1
22 273 1
22 309 1
22 346 1
22 353 1
22 378 1
22 401 1
22 410 1
22 434 1
22 435 1
22 460 1
22 557 1
22 570 1
22 626 1
22 684 1
22 685 1
22 692 1
22 735 1
22 863 1
22 895 1
22 936 1
22 995 1
23 40 1
23 41 1
23 46 1
23 54 1
23 58 1
23 83 1
23 93 1
23 157 1
23 173 1
23 189 1
23 225 1
23 228 1
23 236 1
23 243 1
23 260 1
23 261 1
23 274 1
23 291 1
23 304 1
23 308 1
23 349 1
23 389 1
23 408 1
23 421 1
23 423 1
23 464 1
23 505 1
23 536 1
23 585 1
23 605 1
23 668 1
23 698 1
23 701 1
23 714 1
23 824 1
23 825 1
23 900 1
23 912 1
23 946 1
23 981 1
23 986 1
24 29 1
24 35 1
24 39 1
24 56 1
24 77 1
24 95 1
24 107 1
24 175 1
24 176 1
24 181 1
24 182 1
24 195 1
24 226 1
24 300 1
24 315 1
24 316 1
24 336 1
24 350 1
24 352 1
24 374 1
24 399 1
24 457 1
24 469 1
24 475 1
24 486 1
24 493 1
24 494 1
24 501 1
24 512 1
24 532 1
24 578 1
24 579 1
24 585 1
24 606 1
24 612 1
24 658 1
24 660 1
24 665 1
24 714 1
24 737 1
24 741 1
24 788 1
24 855 1
24 871 1
24 906 1
24 916 1
24 985 1
25 27 1
25 34 1
25 44 1
25 60 1
25 66 1
25 73 1
25 76 1
25 116 1
25 122 1
25 184 1
25 215 1
25 284 1
25 310 1
25 410 1
25 520 1
25 572 1
25 580 1
25 634 1
25 648 1
25 815 1
25 840 1
25 989 1
26 91 1
26 112 1
26 115 1
26 213 1
26 243 1
26 370 1
26 497 1
26 533 1
26 803 1
26 828 1
26 853 1
27 38 1
27 46 1
27 69 1
27 74 1
27 84 1
27 89 1
27 103 1
27 108 1
27 164 1
27 237 1
27 247 1
27 251 1
27 291 1
27 294 1
27 398 1
27 458 1
27 500 1
27 570 1
27 630 1
27 693 1
27 703 1
27 728 1
27 734 1
27 750 1
27 759 1
27 867 1
27 907 1
27 909 1
27 997 1
28 40 1
28 41 1
28 51 1
28 64 1
28 65 1
28 81 1
28 100 1
28 102 1
28 103 1
28 138 1
28 203 1
28 205 1
28 207 1
28 212 1
28 229 1
28 238 1
28 262 1
28 270 1
28 271 1
28 274 1
28 275 1
28 314 1
28 404 1
28 474 1
28 480 1
28 501 1
28 524 1
28 564 1
28 623 1
28 624 1
28 628 1
28 710 1
28 750 1
28 760 1
28 773 1
28 801 1
28 802 1
29 50 1
29 832 1
29 923 1
30 45 1
30 106 1
30 118 1
30 121 1
30 197 1
30 337 1
30 423 1
30 436 1
30 464 1
30 643 1
30 737 1
30 784 1
30 896 1
30 971 1
31 37 1
31 44 1
31 49 1
31 51 1
31 53 1
31 63 1
31 70 1
31 75 1
31 76 1
31 79 1
31 82 1
31 83 1
31 93 1
31 104 1
31 105 1
31 110 1
31 111 1
31 114 1
31 133 1
31 135 1
31 138 1
31 159 1
31 184 1
31 187 1
31 196 1
31 203 1
31 207 1
31 220 1
31 233 1
31 246 1
31 247 1
31 253 1
31 264 1
31 279 1
31 303 1
31 306 1
31 316 1
31 331 1
31 335 1
31 339 1
31 343 1
31 349 1
31 357 1
31 359 1
31 366 1
31 411 1
31 471 1
31 480 1
31 519 1
31 559 1
31 560 1
31 598 1
31 599 1
31 622 1
31 627 1
31 635 1
31 639 1
31 704 1
31 705 1
31 708 1
31 718 1
31 732 1
31 772 1
31 779 1
31 794 1
31 839 1
31 902 1
31 928 1
31 962 1
31 977 1
32 93 1
32 112 1
32 141 1
32 155 1
32 226 1
32 244 1
32 267 1
32 344 1
32 407 1
32 597 1
32 673 1
32 727 1
32 743 1
32 771 1
32 934 1
32 965 1
33 39 1
33 63 1
33 71 1
33 72 1
33 81 1
33 82 1
33 98 1
33 145 1
33 201 1
33 223 1
33 238 1
33 295 1
33 320 1
33 343 1
33 348 1
33 349 1
33 396 1
33 408 1
33 437 1
33 445 1
33 453 1
33 480 1
33 661 1
33 769 1
33 794 1
33 841 1
33 950 1
33 994 1
34 94 1
34 128 1
34 168 1
34 191 1
34 212 1
34 254 1
34 514 1
34 591 1
34 764 1
34 773 1
34 861 1
34 897 1
34 977 1
35 45 1
35 55 1
35 71 1
35 72 1
35 80 1
35 88 1
35 126 1
35 131 1
35 133 1
35 158 1
35 188 1
35 318 1
35 320 1
35 321 1
35 357 1
35 556 1
35 568 1
35 663 1
35 764 1
35 834 1
35 846 1
36 60 1
36 63 1
36 72 1
36 174 1
36 304 1
36 311 1
36 332 1
36 366 1
36 555 1
36 581 1
36 677 1
36 757 1
36 762 1
36 809 1
36 830 1
36 959 1
36 984 1
37 43 1
37 64 1
37 69 1
37 114 1
37 116 1
37 122 1
37 156 1
37 178 1
37 182 1
37 266 1
37 273 1
37 319 1
37 482 1
37 483 1
37 513 1
37 744 1
37 745 1
37 878 1
37 980 1
37 998 1
38 62 1
38 71 1
38 91 1
38 109 1
38 146 1
38 217 1
38 340 1
38 472 1
38 475 1
38 527 1
38 733 1
38 796 1
38 812 1
38 837 1
38 881 1
39 48 1
39 66 1
39 151 1
39 158 1
39 168 1
39 183 1
39 187 1
39 289 1
39 364 1
39 373 1
39 426 1
39 480 1
39 537 1
39 669 1
39 685 1
39 713 1
39 736 1
39 746 1
39 753 1
39 833 1
39 851 1
39 911 1
39 951 1
39 978 1
40 105 1
40 129 1
40 152 1
40 205 1
40 611 1
40 704 1
40 789 1
40 968 1
41 102 1
41 185 1
41 186 1
41 222 1
41 229 1
41 244 1
41 288 1
41 294 1
41 306 1
41 530 1
41 574 1
41 645 1
41 825 1
41 992 1
42 51 1
42 63 1
42 68 1
42 120 1
42 130 1
42 138 1
42 242 1
42 257 1
42 304 1
42 317 1
42 395 1
42 406 1
42 540 1
42 701 1
42 762 1
43 44 1
43 48 1
43 81 1
43 84 1
43 93 1
43 110 1
43 162 1
43 267 1
43 305 1
43 343 1
43 362 1
43 395 1
43 447 1
43 453 1
43 560 1
43 575 1
43 584 1
43 822 1
43 845 1
43 853 1
43 897 1
44 49 1
44 77 1
44 81 1
44 91 1
44 122 1
44 124 1
44 149 1
44 154 1
44 190 1
44 192 1
44 196 1
44 227 1
44 235 1
44 332 1
44 417 1
44 423 1
44 523 1
44 640 1
44 672 1
44 767 1
45 59 1
45 123 1
45 133 1
45 135 1
45 178 1
45 222 1
45 240 1
45 290 1
45 446 1
45 520 1
45 562 1
45 570 1
45 588 1
45 718 1
45 745 1
45 986 1
46 56 1
46 68 1
46 78 1
46 112 1
46 114 1
46 184 1
46 240 1
46 281 1
46 409 1
46 623 1
46 648 1
46 776 1
47 54 1
47 78 1
47 99 1
47 474 1
47 579 1
47 595 1
47 716 1
47 830 1
48 51 1
48 70 1
48 351 1
48 355 1
48 384 1
48 412 1
48 424 1
48 432 1
48 450 1
48 456 1
48 509 1
48 528 1
48 549 1
48 560 1
48 567 1
48 639 1
48 705 1
48 707 1
48 822 1
48 909 1
48 975 1
49 50 1
49 56 1
49 67 1
49 105 1
49 106 1
49 112 1
49 115 1
49 289 1
49 338 1
49 365 1
49 406 1
49 476 1
49 572 1
49 616 1
49 645 1
49 738 1
50 57 1
50 58 1
50 96 1
50 97 1
50 116 1
50 119 1
50 167 1
50 193 1
50 218 1
50 237 1
50 252 1
50 325 1
50 326 1
50 402 1
50 412 1
50 440 1
50 466 1
50 480 1
50 487 1
50 539 1
50 547 1
50 553 1
50 600 1
50 745 1
50 752 1
50 812 1
50 906 1
50 946 1
50 952 1
51 70 1
51 130 1
51 141 1
51 233 1
51 242 1
51 269 1
51 275 1
51 284 1
51 345 1
51 392 1
51 414 1
51 433 1
51 462 1
51 575 1
51 587 1
51 604 1
51 701 1
51 767 1
51 831 1
51 982 1
52 68 1
52 76 1
52 77 1
52 113 1
52 142 1
52 156 1
52 173 1
52 190 1
52 248 1
52 422 1
52 488 1
52 524 1
52 554 1
52 578 1
52 621 1
52 675 1
52 699 1
52 725 1
52 801 1
52 815 1
52 821 1
52 851 1
53 59 1
53 151 1
53 154 1
53 219 1
53 220 1
53 229 1
53 254 1
53 283 1
53 286 1
53 442 1
53 494 1
53 545 1
53 557 1
53 587 1
53 633 1
53 680 1
53 816 1
53 907 1
53 909 1
53 912 1
54 111 1
54 222 1
54 272 1
54 301 1
54 315 1
54 397 1
54 509 1
54 558 1
54 625 1
54 983 1
55 68 1
55 91 1
55 93 1
55 101 1
55 132 1
55 136 1
55 160 1
55 172 1
55 200 1
55 253 1
55 267 1
55 276 1
55 281 1
55 300 1
55 360 1
55 458 1
55 505 1
55 522 1
55 525 1
55 689 1
55 693 1
55 801 1
55 851 1
55 861 1
55 881 1
55 937 1
55 942 1
55 950 1
55 964 1
55 966 1
55 970 1
56 131 1
56 134 1
56 205 1
56 246 1
56 266 1
56 277 1
56 295 1
56 347 1
56 394 1
56 520 1
56 849 1
56 968 1
57 59 1
57 65 1
57 97 1
57 104 1
57 106 1
57 169 1
57 170 1
57 179 1
57 194 1
57 213 1
57 231 1
57 243 1
57 244 1
57 263 1
57 276 1
57 283 1
57 309 1
57 310 1
57 321 1
57 352 1
57 356 1
57 371 1
57 438 1
57 467 1
57 553 1
57 642 1
57 696 1
57 698 1
57 728 1
57 733 1
57 776 1
57 812 1
57 820 1
57 823 1
57 829 1
57 866 1
57 913 1
57 917 1
58 78 1
58 79 1
58 97 1
58 109 1
58 120 1
58 312 1
58 386 1
58 448 1
58 516 1
58 527 1
58 569 1
58 589 1
58 690 1
58 720 1
58 735 1
58 844 1
59 74 1
59 88 1
59 101 1
59 133 1
59 142 1
59 179 1
59 185 1
59 279 1
59 319 1
59 339 1
59 348 1
59 359 1
59 375 1
59 383 1
59 425 1
59 511 1
59 536 1
59 598 1
59 629 1
59 657 1
59 658 1
59 691 1
59 692 1
59 719 1
59 739 1
59 836 1
59 940 1
59 967 1
59 976 1
60 61 1
60 64 1
60 83 1
60 84 1
60 90 1
60 101 1
60 123 1
60 128 1
60 137 1
60 140 1
60 152 1
60 155 1
60 158 1
60 188 1
60 203 1
60 208 1
60 210 1
60 211 1
60 215 1
60 219 1
60 241 1
60 242 1
60 271 1
60 346 1
60 365 1
60 394 1
60 413 1
60 460 1
60 475 1
60 489 1
60 514 1
60 523 1
60 545 1
60 547 1
60 548 1
60 577 1
60 594 1
60 602 1
60 614 1
60 636 1
60 637 1
60 678 1
60 726 1
60 753 1
60 838 1
60 859 1
60 883 1
60 899 1
60 901 1
60 915 1
60 917 1
60 932 1
60 933 1
60 964 1
60 969 1
61 73 1
61 79 1
61 214 1
61 268 1
61 305 1
61 308 1
61 817 1
61 897 1
61 973 1
62 131 1
62 161 1
62 196 1
62 203 1
62 218 1
62 300 1
62 305 1
62 461 1
62 469 1
62 517 1
62 586 1
63 86 1
63 164 1
63 280 1
63 292 1
63 313 1
63 400 1
63 430 1
63 571 1
63 683 1
63 684 1
63 708 1
63 730 1
63 797 1
63 825 1
64 177 1
64 187 1
64 216 1
64 266 1
64 335 1
64 349 1
64 370 1
64 487 1
64 526 1
64 724 1
64 736 1
64 880 1
64 954 1
65 80 1
65 97 1
65 111 1
65 188 1
65 206 1
65 225 1
65 266 1
65 277 1
65 299 1
65 377 1
65 401 1
65 420 1
65 450 1
65 452 1
65 456 1
65 496 1
65 649 1
65 651 1
65 790 1
65 805 1
65 885 1
65 936 1
65 975 1
66 80 1
66 108 1
66 127 1
66 136 1
66 143 1
66 150 1
66 156 1
66 163 1
66 199 1
66 269 1
66 389 1
66 400 1
66 401 1
66 468 1
66 503 1
66 524 1
66 705 1
66 847 1
66 854 1
66 855 1
66 885 1
66 898 1
66 940 1
66 984 1
67 85 1
67 121 1
67 215 1
67 306 1
67 590 1
67 881 1
67 888 1
68 96 1
68 99 1
68 145 1
68 232 1
68 287 1
68 320 1
68 335 1
68 414 1
68 650 1
68 682 1
68 764 1
68 857 1
68 888 1
68 954 1
69 89 1
69 130 1
69 132 1
69 149 1
69 151 1
69 152 1
69 164 1
69 177 1
69 180 1
69 190 1
69 195 1
69 259 1
69 261 1
69 265 1
69 273 1
69 318 1
69 364 1
69 379 1
69 405 1
69 420 1
69 424 1
69 510 1
69 549 1
69 571 1
69 612 1
69 661 1
69 716 1
69 798 1
69 889 1
69 925 1
69 977 1
69 999 1
69 1000 1
70 77 1
70 115 1
70 133 1
70 135 1
70 171 1
70 256 1
70 302 1
70 373 1
70 411 1
70 501 1
70 626 1
70 666 1
70 672 1
70 707 1
70 856 1
70 864 1
70 909 1
70 931 1
70 982 1
71 73 1
71 98 1
71 144 1
71 146 1
71 147 1
71 168 1
71 216 1
71 292 1
71 297 1
71 314 1
71 337 1
71 354 1
71 355 1
71 364 1
71 473 1
71 738 1
71 750 1
71 768 1
71 803 1
71 834 1
71 851 1
71 852 1
71 892 1
71 899 1
71 962 1
72 113 1
72 124 1
72 266 1
72 267 1
72 521 1
72 644 1
72 687 1
72 691 1
72 904 1
73 82 1
73 136 1
73 247 1
73 326 1
73 354 1
73 371 1
73 403 1
73 959 1
74 102 1
74 152 1
74 171 1
74 191 1
74 233 1
74 240 1
74 285 1
74 339 1
74 457 1
74 539 1
74 569 1
74 624 1
74 651 1
74 694 1
74 739 1
74 761 1
74 768 1
74 987 1
75 83 1
75 141 1
75 167 1
75 177 1
75 185 1
75 191 1
75 223 1
75 224 1
75 385 1
75 642 1
75 649 1
75 695 1
75 721 1
75 775 1
75 776 1
75 806 1
75 815 1
75 856 1
75 935 1
75 1000 1
76 92 1
76 126 1
76 164 1
76 181 1
76 183 1
76 218 1
76 239 1
76 273 1
76 367 1
76 384 1
76 500 1
76 527 1
76 546 1
76 609 1
76 748 1
76 809 1
76 820 1
77 125 1
77 181 1
77 337 1
77 389 1
77 434 1
77 588 1
77 605 1
77 875 1
78 81 1
78 105 1
78 123 1
78 239 1
78 244 1
78 269 1
78 316 1
78 368 1
78 373 1
78 440 1
78 442 1
78 732 1
78 933 1
78 938 1
78 981 1
79 150 1
79 434 1
79 647 1
79 804 1
80 227 1
80 333 1
80 598 1
80 747 1
80 768 1
80 798 1
81 87 1
81 90 1
81 104 1
81 164 1
81 185 1
81 327 1
81 338 1
81 391 1
81 533 1
81 555 1
81 775 1
81 949 1
81 985 1
82 135 1
82 206 1
82 260 1
82 275 1
82 298 1
82 392 1
82 439 1
82 493 1
82 500 1
82 531 1
82 535 1
82 561 1
82 616 1
82 723 1
82 772 1
82 821 1
82 828 1
82 854 1
82 880 1
82 945 1
82 958 1
83 86 1
83 158 1
83 163 1
83 239 1
83 360 1
83 447 1
83 453 1
83 619 1
83 714 1
83 743 1
83 814 1
83 877 1
84 129 1
84 180 1
84 227 1
84 264 1
84 416 1
84 439 1
84 530 1
84 713 1
84 778 1
84 849 1
84 895 1
84 955 1
84 992 1
85 108 1
85 120 1
85 131 1
85 170 1
85 189 1
85 194 1
85 231 1
85 250 1
85 347 1
85 349 1
85 387 1
85 400 1
85 410 1
85 473 1
85 757 1
85 794 1
85 834 1
86 99 1
86 116 1
86 121 1
86 163 1
86 208 1
86 259 1
86 265 1
86 318 1
86 481 1
86 483 1
86 904 1
86 994 1
87 113 1
87 169 1
87 198 1
87 215 1
87 235 1
87 293 1
87 369 1
87 394 1
87 495 1
87 512 1
87 520 1
87 526 1
87 537 1
87 630 1
87 634 1
87 656 1
87 767 1
87 782 1
87 790 1
87 805 1
87 923 1
87 937 1
87 956 1
87 967 1
88 217 1
88 392 1
88 466 1
88 679 1
89 147 1
89 154 1
89 204 1
89 495 1
89 548 1
89 756 1
89 780 1
89 791 1
89 928 1
90 143 1
90 151 1
90 153 1
90 223 1
90 342 1
90 357 1
90 386 1
90 424 1
90 719 1
90 858 1
90 895 1
90 988 1
91 115 1
91 119 1
91 154 1
91 162 1
91 163 1
91 197 1
91 298 1
91 421 1
91 483 1
91 499 1
91 522 1
91 544 1
91 568 1
91 608 1
91 673 1
91 821 1
91 939 1
91 952 1
92 103 1
92 127 1
92 419 1
92 507 1
92 533 1
92 586 1
92 797 1
93 165 1
93 180 1
93 308 1
93 505 1
93 551 1
94 205 1
94 332 1
94 345 1
94 502 1
94 584 1
94 761 1
94 770 1
94 870 1
95 106 1
95 196 1
95 224 1
95 244 1
95 270 1
95 292 1
95 299 1
95 330 1
95 333 1
95 361 1
95 385 1
95 386 1
95 395 1
95 457 1
95 491 1
95 513 1
95 516 1
95 651 1
95 655 1
95 657 1
95 916 1
95 987 1
96 119 1
96 150 1
96 165 1
96 176 1
96 194 1
96 225 1
96 306 1
96 339 1
96 346 1
96 361 1
96 402 1
96 455 1
96 479 1
96 498 1
96 649 1
96 708 1
96 788 1
96 900 1
96 949 1
96 999 1
97 102 1
97 104 1
97 161 1
97 169 1
97 170 1
97 485 1
97 500 1
98 118 1
98 136 1
98 182 1
98 445 1
98 495 1
98 498 1
98 613 1
98 645 1
98 949 1
99 317 1
99 347 1
99 403 1
99 606 1
99 934 1
99 992 1
100 120 1
100 132 1
100 206 1
100 378 1
100 379 1
100 459 1
100 622 1
100 740 1
100 788 1
100 903 1
100 952 1
100 990 1
100 993 1
101 475 1
102 294 1
102 372 1
102 506 1
102 616 1
102 639 1
102 723 1
102 766 1
103 134 1
103 147 1
103 328 1
103 634 1
103 799 1
103 823 1
103 913 1
104 129 1
104 227 1
104 323 1
104 484 1
104 561 1
104 594 1
104 795 1
104 857 1
105 555 1
106 117 1
106 131 1
106 144 1
106 182 1
106 231 1
106 314 1
106 324 1
106 334 1
106 338 1
106 341 1
106 378 1
106 388 1
106 444 1
106 537 1
106 647 1
106 685 1
106 790 1
106 846 1
106 872 1
106 948 1
106 959 1
107 141 1
107 368 1
107 382 1
107 559 1
108 134 1
108 147 1
108 265 1
108 322 1
108 509 1
108 651 1
108 884 1
109 257 1
109 393 1
109 528 1
109 652 1
109 918 1
110 195 1
110 258 1
110 322 1
110 378 1
110 449 1
110 530 1
110 563 1
110 592 1
110 688 1
110 695 1
110 891 1
111 190 1
111 282 1
111 373 1
111 484 1
111 648 1
111 659 1
111 748 1
111 842 1
112 124 1
112 312 1
112 426 1
112 460 1
112 702 1
113 139 1
113 183 1
113 188 1
113 257 1
113 318 1
113 397 1
113 481 1
113 489 1
113 504 1
113 564 1
113 582 1
113 602 1
113 796 1
114 148 1
114 207 1
114 210 1
114 309 1
114 310 1
114 340 1
114 366 1
114 372 1
114 377 1
114 432 1
114 504 1
114 539 1
114 566 1
114 671 1
114 740 1
114 779 1
114 791 1
114 863 1
114 967 1
115 124 1
115 174 1
115 254 1
115 470 1
115 488 1
115 513 1
115 596 1
115 603 1
115 610 1
115 668 1
115 850 1
116 147 1
116 193 1
116 275 1
116 295 1
116 324 1
116 336 1
116 342 1
116 381 1
116 390 1
116 393 1
116 582 1
116 621 1
116 667 1
116 675 1
116 758 1
116 770 1
116 802 1
116 877 1
116 890 1
117 141 1
117 250 1
117 288 1
117 366 1
117 427 1
117 442 1
117 478 1
117 544 1
117 644 1
117 657 1
117 995 1
118 122 1
118 146 1
118 197 1
118 202 1
118 241 1
118 304 1
118 377 1
118 438 1
118 478 1
118 773 1
118 991 1
119 157 1
119 224 1
119 250 1
119 277 1
119 340 1
119 508 1
119 590 1
119 591 1
119 610 1
119 641 1
119 644 1
119 744 1
119 801 1
119 850 1
119 915 1
120 140 1
120 172 1
120 176 1
120 204 1
120 243 1
120 296 1
120 319 1
120 402 1
120 405 1
120 454 1
120 465 1
120 495 1
120 627 1
120 633 1
120 694 1
120 742 1
120 751 1
120 829 1
121 144 1
121 155 1
121 230 1
121 241 1
121 271 1
121 313 1
121 348 1
121 572 1
121 621 1
121 795 1
121 908 1
121 928 1
121 969 1
122 200 1
122 324 1
122 740 1
122 849 1
123 139 1
123 159 1
123 183 1
123 270 1
123 286 1
123 303 1
123 725 1
123 733 1
123 890 1
123 935 1
124 274 1
124 343 1
124 379 1
124 415 1
124 450 1
124 470 1
124 549 1
124 554 1
124 601 1
124 669 1
124 845 1
124 857 1
124 931 1
125 165 1
125 291 1
125 322 1
125 635 1
126 137 1
126 150 1
126 191 1
126 200 1
126 229 1
126 309 1
126 341 1
126 400 1
126 431 1
126 478 1
126 560 1
126 938 1
126 996 1
127 176 1
127 193 1
127 228 1
127 425 1
127 472 1
127 656 1
128 230 1
128 258 1
128 285 1
128 297 1
128 417 1
128 439 1
128 487 1
128 490 1
128 497 1
128 835 1
129 137 1
129 290 1
129 316 1
129 436 1
129 831 1
129 941 1
130 155 1
130 305 1
130 342 1
130 444 1
130 618 1
131 134 1
131 172 1
131 245 1
131 301 1
131 696 1
131 774 1
132 142 1
132 458 1
132 562 1
132 610 1
132 659 1
132 683 1
132 706 1
132 820 1
132 978 1
133 175 1
133 454 1
133 755 1
134 287 1
134 443 1
134 565 1
134 595 1
134 678 1
134 679 1
134 824 1
135 198 1
135 219 1
135 226 1
135 251 1
135 317 1
135 328 1
135 342 1
135 411 1
135 423 1
135 719 1
135 752 1
135 781 1
135 942 1
136 142 1
136 207 1
136 221 1
136 278 1
136 309 1
136 407 1
136 666 1
136 810 1
136 882 1
137 405 1
137 490 1
137 729 1
137 843 1
138 156 1
138 253 1
138 258 1
138 281 1
138 461 1
138 776 1
139 148 1
139 202 1
139 203 1
139 241 1
139 354 1
139 396 1
139 438 1
139 462 1
139 538 1
139 609 1
139 637 1
139 650 1
139 717 1
139 862 1
139 868 1
140 173 1
140 216 1
140 313 1
140 379 1
140 565 1
140 768 1
140 866 1
141 173 1
141 220 1
141 247 1
141 301 1
141 468 1
141 566 1
141 613 1
141 766 1
141 918 1
142 172 1
142 175 1
142 192 1
142 198 1
142 222 1
142 258 1
142 269 1
142 321 1
142 363 1
142 568 1
142 676 1
142 712 1
143 168 1
143 178 1
143 287 1
143 346 1
143 350 1
143 504 1
143 554 1
143 583 1
143 690 1
143 714 1
143 836 1
143 974 1
144 159 1
144 338 1
144 367 1
144 427 1
144 459 1
144 545 1
144 755 1
144 905 1
144 924 1
145 189 1
145 208 1
145 262 1
145 365 1
145 427 1
145 441 1
145 536 1
145 540 1
145 677 1
145 792 1
145 840 1
145 847 1
146 212 1
146 248 1
146 286 1
146 462 1
146 529 1
146 752 1
146 761 1
146 888 1
146 982 1
147 175 1
147 221 1
147 232 1
147 246 1
147 534 1
147 567 1
147 734 1
147 876 1
147 983 1
148 183 1
148 239 1
148 259 1
148 408 1
148 624 1
148 794 1
149 190 1
149 478 1
149 492 1
149 554 1
149 651 1
150 178 1
150 192 1
150 264 1
150 285 1
150 385 1
150 426 1
150 428 1
150 656 1
150 784 1
150 806 1
150 837 1
150 939 1
151 182 1
151 727 1
151 799 1
151 901 1
152 187 1
152 236 1
152 272 1
152 278 1
152 431 1
152 448 1
152 588 1
152 703 1
152 717 1
152 732 1
152 791 1
152 962 1
153 193 1
153 251 1
153 270 1
153 472 1
153 738 1
153 947 1
154 157 1
154 245 1
154 262 1
154 329 1
154 470 1
154 523 1
154 763 1
154 902 1
154 907 1
154 988 1
155 208 1
155 291 1
155 300 1
155 381 1
155 453 1
155 604 1
155 759 1
155 854 1
155 857 1
156 163 1
156 166 1
156 292 1
156 296 1
156 404 1
156 576 1
156 806 1
157 195 1
157 261 1
157 289 1
157 370 1
157 749 1
157 786 1
157 871 1
157 890 1
158 245 1
158 247 1
158 310 1
158 606 1
158 621 1
158 818 1
159 700 1
160 161 1
160 228 1
160 284 1
160 328 1
160 619 1
161 171 1
161 193 1
161 195 1
161 199 1
161 201 1
161 232 1
161 255 1
161 330 1
161 369 1
161 391 1
161 419 1
161 438 1
161 464 1
161 505 1
161 719 1
161 741 1
161 756 1
161 889 1
161 913 1
161 931 1
161 974 1
162 179 1
162 192 1
162 201 1
162 209 1
162 219 1
162 226 1
162 517 1
162 625 1
162 686 1
162 765 1
162 784 1
162 792 1
163 186 1
163 209 1
163 269 1
163 311 1
163 329 1
163 348 1
163 435 1
163 550 1
163 777 1
163 868 1
164 177 1
164 345 1
164 819 1
164 927 1
165 248 1
165 300 1
165 506 1
165 725 1
165 793 1
165 965 1
166 184 1
166 213 1
166 228 1
166 535 1
166 747 1
166 930 1
167 236 1
167 372 1
167 662 1
167 669 1
168 255 1
168 382 1
168 405 1
168 465 1
168 472 1
168 479 1
168 534 1
168 623 1
168 734 1
168 898 1
168 932 1
169 258 1
169 293 1
169 331 1
169 341 1
169 356 1
169 386 1
169 563 1
169 574 1
169 634 1
169 703 1
169 718 1
170 174 1
170 276 1
170 684 1
170 703 1
170 727 1
171 489 1
171 650 1
171 824 1
171 845 1
172 238 1
172 441 1
172 561 1
172 743 1
172 839 1
173 224 1
173 237 1
173 331 1
173 476 1
173 484 1
174 279 1
174 994 1
175 192 1
175 271 1
175 577 1
175 663 1
175 760 1
175 787 1
175 806 1
176 210 1
176 218 1
176 223 1
176 231 1
176 296 1
176 307 1
176 327 1
176 554 1
176 604 1
176 731 1
176 749 1
176 843 1
177 638 1
178 200 1
178 222 1
178 278 1
178 288 1
178 372 1
178 536 1
178 566 1
178 670 1
178 698 1
178 722 1
178 739 1
178 794 1
178 904 1
179 363 1
179 538 1
179 860 1
180 238 1
180 556 1
181 189 1
181 387 1
181 413 1
182 204 1
182 306 1
182 466 1
182 631 1
182 704 1
183 235 1
183 354 1
183 863 1
184 255 1
184 509 1
184 841 1
185 204 1
185 213 1
185 329 1
185 403 1
185 567 1
185 585 1
185 684 1
185 884 1
186 293 1
186 296 1
186 312 1
186 497 1
186 518 1
186 592 1
186 674 1
186 703 1
186 743 1
186 770 1
186 812 1
186 928 1
186 959 1
187 600 1
188 219 1
188 330 1
188 742 1
188 993 1
189 198 1
189 377 1
189 385 1
189 408 1
189 412 1
189 707 1
189 741 1
189 769 1
189 802 1
189 870 1
190 233 1
190 255 1
190 615 1
190 758 1
190 960 1
191 280 1
191 567 1
192 272 1
192 308 1
192 508 1
192 559 1
192 792 1
193 205 1
193 496 1
193 725 1
193 805 1
193 856 1
193 880 1
194 216 1
194 320 1
194 331 1
194 731 1
195 287 1
195 518 1
195 644 1
195 687 1
196 557 1
196 625 1
197 217 1
197 497 1
197 848 1
198 383 1
198 706 1
198 783 1
198 902 1
198 987 1
198 994 1
199 209 1
199 250 1
199 295 1
199 344 1
199 362 1
199 433 1
199 436 1
199 442 1
199 839 1
199 999 1
200 212 1
200 214 1
200 233 1
200 260 1
200 303 1
200 415 1
200 471 1
200 512 1
200 528 1
200 562 1
200 665 1
200 694 1
200 845 1
201 224 1
201 283 1
201 367 1
201 490 1
201 562 1
201 588 1
201 663 1
201 720 1
201 782 1
201 835 1
202 391 1
202 404 1
202 422 1
202 481 1
202 617 1
202 635 1
202 938 1
203 236 1
203 252 1
203 302 1
203 420 1
203 546 1
203 873 1
203 927 1
204 322 1
204 603 1
204 781 1
205 311 1
205 329 1
205 396 1
205 454 1
205 492 1
205 612 1
205 953 1
206 313 1
206 378 1
206 455 1
206 735 1
206 963 1
206 999 1
207 228 1
207 292 1
207 388 1
207 508 1
207 548 1
207 652 1
207 887 1
208 240 1
208 384 1
208 409 1
208 414 1
208 629 1
208 689 1
208 973 1
208 1000 1
209 471 1
209 727 1
209 775 1
210 327 1
210 335 1
210 395 1
210 610 1
210 656 1
210 943 1
210 972 1
211 260 1
211 495 1
211 519 1
211 552 1
211 662 1
212 259 1
212 289 1
212 315 1
212 481 1
212 840 1
212 955 1
213 256 1
213 265 1
213 272 1
213 418 1
213 506 1
213 636 1
213 845 1
213 872 1
213 970 1
214 427 1
214 808 1
214 907 1
214 923 1
215 288 1
215 440 1
215 486 1
215 531 1
215 556 1
215 800 1
215 976 1
215 997 1
217 290 1
217 439 1
217 589 1
217 697 1
217 911 1
218 246 1
218 282 1
218 511 1
218 516 1
218 523 1
218 525 1
218 580 1
218 752 1
218 787 1
218 818 1
218 874 1
218 900 1
219 251 1
219 488 1
219 595 1
219 712 1
219 921 1
219 955 1
220 355 1
220 399 1
220 451 1
220 537 1
220 634 1
220 857 1
220 871 1
220 937 1
221 265 1
221 336 1
221 373 1
221 426 1
221 451 1
221 738 1
221 917 1
222 249 1
222 376 1
222 396 1
222 451 1
222 567 1
222 592 1
222 628 1
222 763 1
222 807 1
222 853 1
222 902 1
222 936 1
222 951 1
223 465 1
223 919 1
224 318 1
224 771 1
224 781 1
224 862 1
224 997 1
225 231 1
225 653 1
225 655 1
225 769 1
225 823 1
226 355 1
226 375 1
226 452 1
226 672 1
226 695 1
226 838 1
227 257 1
227 447 1
227 451 1
227 539 1
227 688 1
228 418 1
228 488 1
228 670 1
228 720 1
228 929 1
229 264 1
229 277 1
229 279 1
229 281 1
229 459 1
229 519 1
229 889 1
230 359 1
230 542 1
231 434 1
232 240 1
232 327 1
233 297 1
233 551 1
233 608 1
233 682 1
233 715 1
233 730 1
233 879 1
234 330 1
234 435 1
234 476 1
234 532 1
234 669 1
234 819 1
235 257 1
235 731 1
235 756 1
235 778 1
235 881 1
236 238 1
236 468 1
236 631 1
237 602 1
238 276 1
238 281 1
238 319 1
238 322 1
238 350 1
238 406 1
238 573 1
238 641 1
238 675 1
238 795 1
238 926 1
239 514 1
239 523 1
239 620 1
239 933 1
240 315 1
240 885 1
241 267 1
241 289 1
241 507 1
241 511 1
241 553 1
241 597 1
241 636 1
241 785 1
241 819 1
241 991 1
241 999 1
242 284 1
242 529 1
242 678 1
242 789 1
243 943 1
244 268 1
244 363 1
244 367 1
244 394 1
244 461 1
244 499 1
244 629 1
244 665 1
244 687 1
244 778 1
244 810 1
245 550 1
245 642 1
245 673 1
245 709 1
245 762 1
246 301 1
246 312 1
246 384 1
246 422 1
246 528 1
246 576 1
246 579 1
246 655 1
246 694 1
246 804 1
247 260 1
247 462 1
247 502 1
247 631 1
247 646 1
247 702 1
247 762 1
248 362 1
248 460 1
248 483 1
248 773 1
248 836 1
249 449 1
249 597 1
249 642 1
249 841 1
250 282 1
250 443 1
250 493 1
250 896 1
251 416 1
251 759 1
252 525 1
252 971 1
253 551 1
253 574 1
253 935 1
253 983 1
253 996 1
253 997 1
254 312 1
254 813 1
255 280 1
255 383 1
255 446 1
255 463 1
255 628 1
255 722 1
256 280 1
256 307 1
256 332 1
256 421 1
257 608 1
257 954 1
257 962 1
257 989 1
258 368 1
258 415 1
259 381 1
259 479 1
259 521 1
259 689 1
259 705 1
259 783 1
259 919 1
259 955 1
259 979 1
260 298 1
260 299 1
260 307 1
260 402 1
260 426 1
260 499 1
260 611 1
260 969 1
261 518 1
261 549 1
261 751 1
261 814 1
262 374 1
262 503 1
262 524 1
262 894 1
263 339 1
263 410 1
263 506 1
263 583 1
263 584 1
263 741 1
263 957 1
264 358 1
264 517 1
265 448 1
265 535 1
265 730 1
266 557 1
266 667 1
266 975 1
267 540 1
268 276 1
268 644 1
268 683 1
269 468 1
269 620 1
270 457 1
270 502 1
270 864 1
270 905 1
271 571 1
272 782 1
272 871 1
273 516 1
273 732 1
273 901 1
275 466 1
275 615 1
275 709 1
275 731 1
275 929 1
276 393 1
276 558 1
276 633 1
276 685 1
276 734 1
276 920 1
277 301 1
277 398 1
277 783 1
277 826 1
277 854 1
278 440 1
278 557 1
278 617 1
278 641 1
278 740 1
278 944 1
278 971 1
279 399 1
279 413 1
279 444 1
279 632 1
279 755 1
279 865 1
279 950 1
280 412 1
280 477 1
280 547 1
280 696 1
280 798 1
281 295 1
281 371 1
281 415 1
281 531 1
281 587 1
281 646 1
281 667 1
281 671 1
281 679 1
281 947 1
281 948 1
282 290 1
282 326 1
282 350 1
282 363 1
282 368 1
282 376 1
282 400 1
282 419 1
282 464 1
282 529 1
282 536 1
282 580 1
282 614 1
282 744 1
282 881 1
282 905 1
282 929 1
283 428 1
283 772 1
283 875 1
283 895 1
284 297 1
284 389 1
284 599 1
284 908 1
284 910 1
284 934 1
284 966 1
285 344 1
285 350 1
285 444 1
285 485 1
285 541 1
285 599 1
285 932 1
286 330 1
286 412 1
286 456 1
286 513 1
286 563 1
286 577 1
286 611 1
286 941 1
287 433 1
288 781 1
288 784 1
289 398 1
289 486 1
289 700 1
289 752 1
290 584 1
290 879 1
291 428 1
291 686 1
291 809 1
292 325 1
292 418 1
292 421 1
292 473 1
292 482 1
292 506 1
292 558 1
292 854 1
293 678 1
293 706 1
294 345 1
294 449 1
294 526 1
294 973 1
295 344 1
295 347 1
295 357 1
295 443 1
295 609 1
295 710 1
295 838 1
296 361 1
296 379 1
296 430 1
296 437 1
296 546 1
296 707 1
296 718 1
296 762 1
296 767 1
296 811 1
296 930 1
297 331 1
297 546 1
298 369 1
298 494 1
298 989 1
299 785 1
299 908 1
299 954 1
300 323 1
300 432 1
300 488 1
300 672 1
300 818 1
300 945 1
301 341 1
301 572 1
301 641 1
302 493 1
302 542 1
302 830 1
303 336 1
303 413 1
303 446 1
303 474 1
303 565 1
303 639 1
303 681 1
303 822 1
303 958 1
304 746 1
304 937 1
305 380 1
305 498 1
305 525 1
305 547 1
305 607 1
305 666 1
305 732 1
305 887 1
306 326 1
306 899 1
307 562 1
307 729 1
307 892 1
308 328 1
308 661 1
308 747 1
308 873 1
309 360 1
309 441 1
309 515 1
309 657 1
309 739 1
309 883 1
310 398 1
310 408 1
310 664 1
311 628 1
311 765 1
311 824 1
311 956 1
312 314 1
312 878 1
312 948 1
313 358 1
313 991 1
314 356 1
314 397 1
314 463 1
314 469 1
314 559 1
314 662 1
314 688 1
314 768 1
315 332 1
315 434 1
315 485 1
315 712 1
315 728 1
316 325 1
316 347 1
316 403 1
316 504 1
317 364 1
317 538 1
317 587 1
317 715 1
317 719 1
317 789 1
317 791 1
317 885 1
318 374 1
318 594 1
318 614 1
318 660 1
319 758 1
320 353 1
320 545 1
320 680 1
320 737 1
320 749 1
320 965 1
321 335 1
321 530 1
321 604 1
323 619 1
323 660 1
323 797 1
323 800 1
323 926 1
324 384 1
324 465 1
324 471 1
324 775 1
324 900 1
325 326 1
325 337 1
325 447 1
325 538 1
325 769 1
325 777 1
325 788 1
325 922 1
325 936 1
325 984 1
326 368 1
326 459 1
326 990 1
327 414 1
327 502 1
327 695 1
327 816 1
327 987 1
328 382 1
328 698 1
328 749 1
328 815 1
328 942 1
329 731 1
329 906 1
330 348 1
330 956 1
331 654 1
332 780 1
332 821 1
333 711 1
334 357 1
334 510 1
334 574 1
334 874 1
335 737 1
335 826 1
335 956 1
336 381 1
336 477 1
336 596 1
336 633 1
336 638 1
336 872 1
337 874 1
338 362 1
338 409 1
338 429 1
338 439 1
338 675 1
338 724 1
338 750 1
339 431 1
339 595 1
339 903 1
339 968 1
339 998 1
340 344 1
340 351 1
340 443 1
340 467 1
340 485 1
340 577 1
340 607 1
340 658 1
340 893 1
340 981 1
342 375 1
342 844 1
342 927 1
343 393 1
343 411 1
343 417 1
343 448 1
343 453 1
343 623 1
343 625 1
343 696 1
343 750 1
344 623 1
344 711 1
344 765 1
344 806 1
344 860 1
345 475 1
345 598 1
345 874 1
345 923 1
346 399 1
346 548 1
347 474 1
347 910 1
348 496 1
348 517 1
348 668 1
348 716 1
348 893 1
348 977 1
348 988 1
349 411 1
349 759 1
350 660 1
350 726 1
351 614 1
351 749 1
351 832 1
352 358 1
352 457 1
352 497 1
352 534 1
352 540 1
352 612 1
352 640 1
352 681 1
352 780 1
352 793 1
353 578 1
353 668 1
353 716 1
354 419 1
354 518 1
355 435 1
355 519 1
355 779 1
355 910 1
355 983 1
356 396 1
356 407 1
356 596 1
356 810 1
357 389 1
357 429 1
357 463 1
357 477 1
357 665 1
357 979 1
358 380 1
358 591 1
358 628 1
358 774 1
358 777 1
358 825 1
359 391 1
359 481 1
359 677 1
359 940 1
360 617 1
360 789 1
360 838 1
360 955 1
361 363 1
362 387 1
362 397 1
362 658 1
363 399 1
363 534 1
363 697 1
364 638 1
364 765 1
366 416 1
366 508 1
366 785 1
367 934 1
368 428 1
368 446 1
368 522 1
368 793 1
369 409 1
369 423 1
369 529 1
369 582 1
369 920 1
371 380 1
371 514 1
371 711 1
371 805 1
371 963 1
372 617 1
373 558 1
373 626 1
373 637 1
373 659 1
374 613 1
374 744 1
375 616 1
375 730 1
375 763 1
375 926 1
376 469 1
376 491 1
377 417 1
377 455 1
377 541 1
377 563 1
377 603 1
377 637 1
377 785 1
377 877 1
378 753 1
378 756 1
379 610 1
379 650 1
379 835 1
380 515 1
380 867 1
381 564 1
381 875 1
382 682 1
382 730 1
382 814 1
383 903 1
384 425 1
384 432 1
384 456 1
384 578 1
384 593 1
384 875 1
384 922 1
384 937 1
385 452 1
385 638 1
386 409 1
386 427 1
386 484 1
387 403 1
387 484 1
387 511 1
388 449 1
388 653 1
388 980 1
389 620 1
389 963 1
390 890 1
391 424 1
391 814 1
392 496 1
393 583 1
393 890 1
394 978 1
395 406 1
395 583 1
395 953 1
396 445 1
396 671 1
396 728 1
397 474 1
397 622 1
397 662 1
397 965 1
398 499 1
398 786 1
398 860 1
398 938 1
398 951 1
398 968 1
398 971 1
399 585 1
400 535 1
400 632 1
400 736 1
400 882 1
401 640 1
401 729 1
401 944 1
402 589 1
402 811 1
403 466 1
403 721 1
404 416 1
404 431 1
404 477 1
404 530 1
404 573 1
404 699 1
405 515 1
405 522 1
406 425 1
406 565 1
406 570 1
406 726 1
406 786 1
406 793 1
406 851 1
406 895 1
407 470 1
407 914 1
407 939 1
408 588 1
408 792 1
409 877 1
411 461 1
411 501 1
411 521 1
411 531 1
411 779 1
411 898 1
411 976 1
412 647 1
412 871 1
412 905 1
413 670 1
413 728 1
413 886 1
413 942 1
414 532 1
415 443 1
415 505 1
415 746 1
417 676 1
418 490 1
418 601 1
419 492 1
419 711 1
420 596 1
420 702 1
420 993 1
421 808 1
421 829 1
421 886 1
422 518 1
422 532 1
422 579 1
422 693 1
422 807 1
422 828 1
422 830 1
423 573 1
424 549 1
425 691 1
426 526 1
426 704 1
426 775 1
427 587 1
427 605 1
427 648 1
427 779 1
427 972 1
427 981 1
428 558 1
428 612 1
428 807 1
429 532 1
429 934 1
430 552 1
430 692 1
430 925 1
430 968 1
431 498 1
431 618 1
432 600 1
433 589 1
434 690 1
434 882 1
435 633 1
435 887 1
437 489 1
437 861 1
437 970 1
438 666 1
438 878 1
438 894 1
439 563 1
439 724 1
439 879 1
439 940 1
440 464 1
440 467 1
440 521 1
440 543 1
440 593 1
440 720 1
440 907 1
441 539 1
441 581 1
441 625 1
442 494 1
442 691 1
442 869 1
443 476 1
443 500 1
443 747 1
443 760 1
443 894 1
444 448 1
444 487 1
444 710 1
444 801 1
445 590 1
445 803 1
446 687 1
446 802 1
447 984 1
448 534 1
448 561 1
448 589 1
448 649 1
448 710 1
448 923 1
449 959 1
450 643 1
450 863 1
450 866 1
450 888 1
451 713 1
451 798 1
451 865 1
451 966 1
451 990 1
453 899 1
454 616 1
454 979 1
455 478 1
455 947 1
456 469 1
456 528 1
456 958 1
458 513 1
458 592 1
459 901 1
460 754 1
460 868 1
460 957 1
461 848 1
461 932 1
462 503 1
462 904 1
463 757 1
463 766 1
465 515 1
465 725 1
465 778 1
465 875 1
466 717 1
466 853 1
468 818 1
468 833 1
469 509 1
469 533 1
469 627 1
469 876 1
470 700 1
472 601 1
473 914 1
474 499 1
474 601 1
474 686 1
474 942 1
475 848 1
475 888 1
476 691 1
476 950 1
477 510 1
477 615 1
477 618 1
477 689 1
477 723 1
477 833 1
479 492 1
479 594 1
479 629 1
479 683 1
479 982 1
480 537 1
481 552 1
481 572 1
481 621 1
481 967 1
482 674 1
482 678 1
482 870 1
483 503 1
483 645 1
483 671 1
483 886 1
485 541 1
485 566 1
485 569 1
485 639 1
485 643 1
485 695 1
485 915 1
486 570 1
487 920 1
488 591 1
488 699 1
488 844 1
488 897 1
489 531 1
489 576 1
489 617 1
489 808 1
489 824 1
490 640 1
491 670 1
491 849 1
491 904 1
494 690 1
496 581 1
496 604 1
496 609 1
496 653 1
496 760 1
496 776 1
496 912 1
496 935 1
496 970 1
497 618 1
497 738 1
498 560 1
498 611 1
498 982 1
499 683 1
501 503 1
501 924 1
502 583 1
502 702 1
502 754 1
502 948 1
502 972 1
503 733 1
503 835 1
504 720 1
505 544 1
505 555 1
505 575 1
505 721 1
505 736 1
506 600 1
507 889 1
508 543 1
508 761 1
508 787 1
509 550 1
509 986 1
510 674 1
510 799 1
511 770 1
512 712 1
514 619 1
514 624 1
514 905 1
514 917 1
514 960 1
515 569 1
518 681 1
518 818 1
518 832 1
518 855 1
518 901 1
519 706 1
520 714 1
520 811 1
520 903 1
522 627 1
522 869 1
522 987 1
523 564 1
524 654 1
524 980 1
526 542 1
526 553 1
527 793 1
527 946 1
528 767 1
528 892 1
528 948 1
528 964 1
528 996 1
529 538 1
529 580 1
531 852 1
532 721 1
532 722 1
532 800 1
533 605 1
533 659 1
533 813 1
534 605 1
534 788 1
534 891 1
534 909 1
536 774 1
536 848 1
537 638 1
537 892 1
537 896 1
538 663 1
539 692 1
539 726 1
539 944 1
539 949 1
540 682 1
540 872 1
541 729 1
542 884 1
542 990 1
543 556 1
543 646 1
543 740 1
544 860 1
544 879 1
544 986 1
545 839 1
546 580 1
547 661 1
548 590 1
550 606 1
550 823 1
553 745 1
554 586 1
554 974 1
555 706 1
555 758 1
557 837 1
558 645 1
558 878 1
558 911 1
558 991 1
559 686 1
559 979 1
560 582 1
560 772 1
560 876 1
561 600 1
561 755 1
562 722 1
562 914 1
563 574 1
563 787 1
563 796 1
564 782 1
564 847 1
565 687 1
565 951 1
566 786 1
566 861 1
566 985 1
567 632 1
568 575 1
570 584 1
570 632 1
570 676 1
570 975 1
571 911 1
572 735 1
573 664 1
573 686 1
573 969 1
574 713 1
574 963 1
575 961 1
576 688 1
577 803 1
578 919 1
578 969 1
579 642 1
579 853 1
579 862 1
580 715 1
581 655 1
582 593 1
582 858 1
582 967 1
584 609 1
584 648 1
585 711 1
586 717 1
587 598 1
587 748 1
589 624 1
589 910 1
589 976 1
589 989 1
590 945 1
591 922 1
591 976 1
594 936 1
595 961 1
596 630 1
596 817 1
598 684 1
599 739 1
599 817 1
599 903 1
600 688 1
600 690 1
600 723 1
601 831 1
601 865 1
603 760 1
604 717 1
605 664 1
606 842 1
607 742 1
608 994 1
609 640 1
609 647 1
609 674 1
609 726 1
609 754 1
609 840 1
610 873 1
612 887 1
612 930 1
613 800 1
613 826 1
613 921 1
614 643 1
614 771 1
614 869 1
618 635 1
618 697 1
621 764 1
621 784 1
621 842 1
623 763 1
624 790 1
624 876 1
626 692 1
626 795 1
626 920 1
626 956 1
627 658 1
627 676 1
627 827 1
627 918 1
628 647 1
628 908 1
628 974 1
629 649 1
629 741 1
630 670 1
630 971 1
630 983 1
631 632 1
631 697 1
632 701 1
632 804 1
632 869 1
632 912 1
633 957 1
634 677 1
635 808 1
635 872 1
636 785 1
636 894 1
637 772 1
637 796 1
637 856 1
637 865 1
637 892 1
639 661 1
639 811 1
639 849 1
639 893 1
640 713 1
641 771 1
641 796 1
641 931 1
644 715 1
645 705 1
646 652 1
647 876 1
649 650 1
649 814 1
650 679 1
650 710 1
651 822 1
654 817 1
655 672 1
655 816 1
655 863 1
656 813 1
656 880 1
656 945 1
658 701 1
658 754 1
658 787 1
658 878 1
659 681 1
659 708 1
660 943 1
661 685 1
666 797 1
668 680 1
669 771 1
671 862 1
673 831 1
674 724 1
674 927 1
675 922 1
676 973 1
677 696 1
677 702 1
677 898 1
677 930 1
678 852 1
678 858 1
679 766 1
679 780 1
681 709 1
681 727 1
681 918 1
682 847 1
682 964 1
683 811 1
684 791 1
685 819 1
686 780 1
686 868 1
691 939 1
694 745 1
694 803 1
699 721 1
701 842 1
701 916 1
702 933 1
704 802 1
707 777 1
707 809 1
708 819 1
709 765 1
711 836 1
713 868 1
717 754 1
723 839 1
723 953 1
728 973 1
729 746 1
729 756 1
729 850 1
730 759 1
730 883 1
734 758 1
734 807 1
736 773 1
736 816 1
736 843 1
736 921 1
740 753 1
740 859 1
740 996 1
742 850 1
743 884 1
744 957 1
746 757 1
747 947 1
748 874 1
749 799 1
749 916 1
750 869 1
750 886 1
750 924 1
750 944 1
752 852 1
754 974 1
756 799 1
758 873 1
759 774 1
759 808 1
761 841 1
764 778 1
765 867 1
765 914 1
769 842 1
769 946 1
771 902 1
772 815 1
772 908 1
774 841 1
774 984 1
776 782 1
777 810 1
777 918 1
777 932 1
777 966 1
778 828 1
778 833 1
778 993 1
779 951 1
784 880 1
788 789 1
788 822 1
788 919 1
788 922 1
789 926 1
790 947 1
795 925 1
796 813 1
796 885 1
799 820 1
799 823 1
801 846 1
802 891 1
802 957 1
803 840 1
804 897 1
804 913 1
806 830 1
806 941 1
807 953 1
808 891 1
811 826 1
811 867 1
812 980 1
814 931 1
816 836 1
816 961 1
817 894 1
825 834 1
825 950 1
826 929 1
839 864 1
842 896 1
843 862 1
843 910 1
844 965 1
846 893 1
850 995 1
851 979 1
854 915 1
855 858 1
856 945 1
866 953 1
868 870 1
868 893 1
869 988 1
878 960 1
885 924 1
885 992 1
886 970 1
888 992 1
891 977 1
899 943 1
905 924 1
906 961 1
908 949 1
921 958 1
925 944 1
931 998 1
933 981 1
943 964 1
949 993 1
963 980 1
