1000 4975
1 2 1
1 3 1
1 4 1
1 5 1
1 6 1
1 7 1
1 8 1
1 9 1
1 10 1
1 11 1
1 13 1
1 14 1
1 15 1
1 16 1
1 17 1
1 18 1
1 19 1
1 20 1
1 21 1
1 25 1
1 35 1
1 36 1
1 37 1
1 40 1
1 42 1
1 43 1
1 49 1
1 50 1
1 51 1
1 52 1
1 57 1
1 58 1
1 63 1
1 72 1
1 74 1
1 75 1
1 76 1
1 77 1
1 78 1
1 85 1
1 87 1
1 96 1
1 102 1
1 106 1
1 110 1
1 116 1
1 118 1
1 121 1
1 126 1
1 128 1
1 129 1
1 132 1
1 147 1
1 149 1
1 151 1
1 157 1
1 158 1
1 162 1
1 166 1
1 167 1
1 186 1
1 189 1
1 192 1
1 193 1
1 195 1
1 205 1
1 232 1
1 254 1
1 265 1
1 266 1
1 268 1
1 274 1
1 278 1
1 283 1
1 292 1
1 293 1
1 299 1
1 301 1
1 302 1
1 311 1
1 312 1
1 329 1
1 341 1
1 349 1
1 353 1
1 354 1
1 366 1
1 378 1
1 390 1
1 397 1
1 408 1
1 415 1
1 417 1
1 419 1
1 421 1
1 425 1
1 428 1
1 429 1
1 436 1
1 437 1
1 456 1
1 460 1
1 471 1
1 472 1
1 474 1
1 477 1
1 479 1
1 485 1
1 503 1
1 506 1
1 527 1
1 541 1
1 568 1
1 572 1
1 575 1
1 577 1
1 594 1
1 595 1
1 597 1
1 605 1
1 606 1
1 613 1
1 646 1
1 668 1
1 670 1
1 679 1
1 689 1
1 690 1
1 714 1
1 723 1
1 733 1
1 738 1
1 743 1
1 744 1
1 752 1
1 792 1
1 830 1
1 845 1
1 864 1
1 870 1
1 904 1
1 938 1
1 950 1
1 953 1
1 955 1
1 965 1
1 994 1
2 7 1
2 8 1
2 17 1
2 28 1
2 32 1
2 34 1
2 35 1
2 38 1
2 44 1
2 57 1
2 97 1
2 99 1
2 100 1
2 127 1
2 134 1
2 162 1
2 165 1
2 200 1
2 209 1
2 213 1
2 216 1
2 231 1
2 257 1
2 262 1
2 278 1
2 294 1
2 352 1
2 383 1
2 388 1
2 414 1
2 452 1
2 475 1
2 507 1
2 508 1
2 557 1
2 581 1
2 638 1
2 640 1
2 655 1
2 666 1
2 703 1
2 782 1
2 785 1
2 821 1
2 926 1
2 974 1
3 8 1
3 10 1
3 11 1
3 12 1
3 13 1
3 15 1
3 29 1
3 33 1
3 34 1
3 46 1
3 47 1
3 53 1
3 56 1
3 67 1
3 73 1
3 76 1
3 89 1
3 91 1
3 98 1
3 99 1
3 104 1
3 114 1
3 115 1
3 124 1
3 125 1
3 126 1
3 128 1
3 132 1
3 139 1
3 145 1
3 146 1
3 153 1
3 160 1
3 171 1
3 175 1
3 178 1
3 213 1
3 218 1
3 228 1
3 232 1
3 254 1
3 271 1
3 293 1
3 294 1
3 295 1
3 337 1
3 350 1
3 366 1
3 377 1
3 380 1
3 393 1
3 398 1
3 413 1
3 414 1
3 457 1
3 497 1
3 503 1
3 529 1
3 559 1
3 562 1
3 567 1
3 571 1
3 582 1
3 619 1
3 657 1
3 696 1
3 714 1
3 727 1
3 769 1
3 777 1
3 810 1
3 833 1
3 840 1
3 861 1
3 896 1
3 904 1
3 949 1
3 975 1
3 988 1
4 7 1
4 8 1
4 9 1
4 15 1
4 20 1
4 22 1
4 23 1
4 26 1
4 28 1
4 30 1
4 36 1
4 43 1
4 55 1
4 56 1
4 61 1
4 83 1
4 86 1
4 95 1
4 99 1
4 131 1
4 156 1
4 166 1
4 192 1
4 203 1
4 205 1
4 211 1
4 231 1
4 242 1
4 315 1
4 325 1
4 361 1
4 382 1
4 387 1
4 388 1
4 400 1
4 450 1
4 487 1
4 502 1
4 518 1
4 558 1
4 564 1
4 568 1
4 569 1
4 590 1
4 613 1
4 625 1
4 631 1
4 695 1
4 716 1
4 791 1
4 799 1
4 853 1
4 888 1
4 920 1
4 922 1
4 957 1
4 973 1
5 7 1
5 9 1
5 10 1
5 12 1
5 22 1
5 25 1
5 27 1
5 31 1
5 39 1
5 46 1
5 47 1
5 63 1
5 66 1
5 83 1
5 114 1
5 140 1
5 141 1
5 148 1
5 160 1
5 217 1
5 242 1
5 249 1
5 315 1
5 317 1
5 324 1
5 392 1
5 408 1
5 427 1
5 447 1
5 468 1
5 497 1
5 619 1
5 658 1
5 705 1
5 906 1
5 916 1
5 929 1
5 966 1
5 980 1
6 7 1
6 24 1
6 27 1
6 70 1
6 87 1
6 99 1
6 111 1
6 123 1
6 150 1
6 173 1
6 200 1
6 205 1
6 218 1
6 219 1
6 225 1
6 238 1
6 265 1
6 306 1
6 334 1
6 351 1
6 398 1
6 531 1
6 640 1
6 676 1
6 684 1
6 715 1
6 900 1
6 945 1
7 8 1
7 9 1
7 10 1
7 11 1
7 13 1
7 14 1
7 15 1
7 17 1
7 19 1
7 20 1
7 21 1
7 25 1
7 31 1
7 34 1
7 36 1
7 37 1
7 38 1
7 44 1
7 45 1
7 48 1
7 53 1
7 55 1
7 57 1
7 64 1
7 66 1
7 75 1
7 76 1
7 78 1
7 86 1
7 89 1
7 103 1
7 104 1
7 110 1
7 120 1
7 123 1
7 135 1
7 152 1
7 154 1
7 155 1
7 163 1
7 174 1
7 180 1
7 203 1
7 204 1
7 214 1
7 226 1
7 235 1
7 241 1
7 248 1
7 256 1
7 288 1
7 291 1
7 337 1
7 340 1
7 346 1
7 351 1
7 353 1
7 360 1
7 361 1
7 379 1
7 383 1
7 404 1
7 478 1
7 516 1
7 531 1
7 560 1
7 562 1
7 586 1
7 590 1
7 633 1
7 650 1
7 672 1
7 680 1
7 682 1
7 762 1
7 791 1
7 820 1
7 822 1
7 848 1
7 849 1
7 858 1
7 862 1
7 891 1
7 915 1
7 937 1
7 957 1
7 962 1
7 963 1
7 966 1
7 981 1
8 9 1
8 10 1
8 11 1
8 12 1
8 13 1
8 16 1
8 17 1
8 21 1
8 22 1
8 23 1
8 24 1
8 30 1
8 32 1
8 33 1
8 41 1
8 44 1
8 45 1
8 59 1
8 62 1
8 72 1
8 79 1
8 83 1
8 85 1
8 90 1
8 94 1
8 106 1
8 107 1
8 113 1
8 118 1
8 127 1
8 132 1
8 138 1
8 140 1
8 145 1
8 165 1
8 169 1
8 177 1
8 179 1
8 185 1
8 187 1
8 193 1
8 196 1
8 203 1
8 211 1
8 239 1
8 241 1
8 246 1
8 249 1
8 250 1
8 251 1
8 255 1
8 267 1
8 282 1
8 283 1
8 287 1
8 299 1
8 308 1
8 322 1
8 345 1
8 347 1
8 358 1
8 402 1
8 408 1
8 413 1
8 439 1
8 449 1
8 480 1
8 491 1
8 509 1
8 512 1
8 519 1
8 520 1
8 537 1
8 539 1
8 551 1
8 600 1
8 603 1
8 629 1
8 661 1
8 684 1
8 690 1
8 697 1
8 746 1
8 766 1
8 815 1
8 826 1
8 881 1
8 906 1
8 912 1
8 921 1
8 922 1
8 926 1
8 930 1
8 939 1
8 960 1
8 976 1
8 998 1
9 11 1
9 19 1
9 24 1
9 34 1
9 35 1
9 40 1
9 46 1
9 47 1
9 56 1
9 65 1
9 68 1
9 71 1
9 75 1
9 81 1
9 85 1
9 93 1
9 100 1
9 112 1
9 124 1
9 133 1
9 141 1
9 158 1
9 159 1
9 170 1
9 175 1
9 178 1
9 202 1
9 223 1
9 230 1
9 231 1
9 273 1
9 274 1
9 294 1
9 313 1
9 321 1
9 327 1
9 347 1
9 363 1
9 377 1
9 412 1
9 416 1
9 438 1
9 449 1
9 499 1
9 514 1
9 524 1
9 548 1
9 570 1
9 576 1
9 589 1
9 597 1
9 600 1
9 609 1
9 610 1
9 642 1
9 659 1
9 692 1
9 702 1
9 710 1
9 747 1
9 758 1
9 799 1
9 803 1
9 853 1
9 865 1
9 907 1
9 933 1
9 939 1
10 12 1
10 13 1
10 14 1
10 16 1
10 18 1
10 21 1
10 24 1
10 26 1
10 27 1
10 48 1
10 55 1
10 68 1
10 80 1
10 88 1
10 93 1
10 96 1
10 97 1
10 113 1
10 122 1
10 126 1
10 133 1
10 152 1
10 184 1
10 193 1
10 195 1
10 197 1
10 208 1
10 220 1
10 237 1
10 259 1
10 268 1
10 273 1
10 291 1
10 304 1
10 336 1
10 370 1
10 373 1
10 375 1
10 430 1
10 460 1
10 478 1
10 493 1
10 509 1
10 519 1
10 561 1
10 574 1
10 592 1
10 604 1
10 607 1
10 630 1
10 660 1
10 731 1
10 795 1
10 835 1
10 858 1
10 882 1
10 890 1
10 943 1
11 12 1
11 16 1
11 18 1
11 19 1
11 20 1
11 24 1
11 29 1
11 31 1
11 39 1
11 41 1
11 44 1
11 53 1
11 54 1
11 59 1
11 62 1
11 64 1
11 80 1
11 84 1
11 95 1
11 97 1
11 107 1
11 108 1
11 120 1
11 124 1
11 125 1
11 135 1
11 146 1
11 158 1
11 175 1
11 176 1
11 181 1
11 190 1
11 200 1
11 209 1
11 217 1
11 220 1
11 227 1
11 241 1
11 265 1
11 269 1
11 271 1
11 277 1
11 279 1
11 280 1
11 281 1
11 284 1
11 325 1
11 330 1
11 334 1
11 350 1
11 362 1
11 365 1
11 376 1
11 378 1
11 394 1
11 395 1
11 400 1
11 401 1
11 406 1
11 407 1
11 412 1
11 427 1
11 446 1
11 448 1
11 456 1
11 463 1
11 480 1
11 500 1
11 508 1
11 519 1
11 520 1
11 523 1
11 525 1
11 530 1
11 534 1
11 543 1
11 544 1
11 550 1
11 555 1
11 580 1
11 594 1
11 615 1
11 620 1
11 671 1
11 683 1
11 686 1
11 696 1
11 737 1
11 752 1
11 778 1
11 784 1
11 809 1
11 828 1
11 839 1
11 851 1
11 854 1
11 871 1
11 885 1
11 907 1
11 918 1
11 946 1
11 965 1
11 978 1
12 14 1
12 16 1
12 17 1
12 18 1
12 22 1
12 23 1
12 27 1
12 29 1
12 30 1
12 31 1
12 32 1
12 37 1
12 38 1
12 41 1
12 42 1
12 46 1
12 48 1
12 56 1
12 61 1
12 62 1
12 64 1
12 66 1
12 73 1
12 82 1
12 101 1
12 103 1
12 112 1
12 116 1
12 131 1
12 139 1
12 140 1
12 141 1
12 142 1
12 148 1
12 152 1
12 157 1
12 164 1
12 170 1
12 188 1
12 199 1
12 213 1
12 226 1
12 237 1
12 247 1
12 260 1
12 282 1
12 283 1
12 285 1
12 288 1
12 310 1
12 341 1
12 352 1
12 353 1
12 357 1
12 361 1
12 365 1
12 368 1
12 383 1
12 433 1
12 455 1
12 471 1
12 501 1
12 510 1
12 518 1
12 520 1
12 527 1
12 549 1
12 553 1
12 580 1
12 589 1
12 598 1
12 617 1
12 622 1
12 631 1
12 640 1
12 648 1
12 651 1
12 659 1
12 669 1
12 680 1
12 685 1
12 692 1
12 716 1
12 717 1
12 722 1
12 742 1
12 749 1
12 759 1
12 781 1
12 797 1
12 868 1
12 876 1
12 879 1
12 894 1
12 914 1
12 925 1
12 940 1
12 978 1
12 992 1
12 999 1
13 14 1
13 18 1
13 32 1
13 54 1
13 61 1
13 74 1
13 97 1
13 100 1
13 114 1
13 120 1
13 132 1
13 158 1
13 168 1
13 178 1
13 194 1
13 238 1
13 249 1
13 270 1
13 310 1
13 319 1
13 378 1
13 384 1
13 397 1
13 406 1
13 441 1
13 457 1
13 476 1
13 498 1
13 548 1
13 661 1
13 698 1
13 702 1
13 733 1
13 829 1
13 847 1
13 861 1
13 919 1
13 929 1
13 997 1
14 15 1
14 22 1
14 27 1
14 42 1
14 55 1
14 61 1
14 62 1
14 119 1
14 154 1
14 166 1
14 186 1
14 291 1
14 363 1
14 379 1
14 395 1
14 396 1
14 448 1
14 503 1
14 523 1
14 534 1
14 545 1
14 547 1
14 593 1
14 705 1
14 711 1
14 724 1
14 786 1
14 795 1
14 844 1
14 845 1
15 21 1
15 32 1
15 36 1
15 40 1
15 54 1
15 81 1
15 85 1
15 116 1
15 120 1
15 121 1
15 135 1
15 138 1
15 152 1
15 162 1
15 168 1
15 189 1
15 229 1
15 241 1
15 271 1
15 272 1
15 287 1
15 336 1
15 425 1
15 439 1
15 445 1
15 468 1
15 475 1
15 481 1
15 498 1
15 507 1
15 519 1
15 550 1
15 595 1
15 603 1
15 624 1
15 646 1
15 678 1
15 693 1
15 715 1
15 739 1
15 774 1
15 798 1
15 805 1
15 835 1
15 875 1
15 879 1
15 917 1
15 928 1
15 964 1
15 988 1
15 995 1
16 20 1
16 28 1
16 37 1
16 46 1
16 49 1
16 63 1
16 67 1
16 72 1
16 90 1
16 113 1
16 143 1
16 145 1
16 183 1
16 185 1
16 186 1
16 207 1
16 214 1
16 230 1
16 239 1
16 243 1
16 244 1
16 250 1
16 267 1
16 299 1
16 305 1
16 329 1
16 369 1
16 403 1
16 413 1
16 426 1
16 463 1
16 546 1
16 572 1
16 605 1
16 611 1
16 615 1
16 639 1
16 647 1
16 720 1
16 741 1
16 783 1
16 803 1
16 839 1
16 847 1
17 23 1
17 41 1
17 56 1
17 59 1
17 74 1
17 100 1
17 116 1
17 136 1
17 156 1
17 158 1
17 169 1
17 190 1
17 222 1
17 304 1
17 324 1
17 333 1
17 383 1
17 532 1
17 545 1
17 548 1
17 566 1
17 567 1
17 637 1
17 647 1
17 681 1
17 748 1
17 751 1
17 863 1
18 19 1
18 29 1
18 39 1
18 45 1
18 68 1
18 74 1
18 83 1
18 109 1
18 125 1
18 138 1
18 185 1
18 202 1
18 204 1
18 268 1
18 287 1
18 306 1
18 311 1
18 325 1
18 342 1
18 352 1
18 456 1
18 493 1
18 494 1
18 509 1
18 526 1
18 570 1
18 608 1
18 696 1
18 727 1
18 787 1
18 804 1
18 830 1
18 845 1
18 885 1
18 902 1
18 971 1
19 70 1
19 143 1
19 260 1
19 369 1
19 371 1
19 399 1
19 461 1
19 482 1
19 564 1
19 585 1
19 691 1
19 697 1
19 747 1
19 767 1
19 822 1
19 825 1
19 843 1
19 844 1
19 874 1
19 876 1
20 25 1
20 26 1
20 31 1
20 33 1
20 35 1
20 37 1
20 64 1
20 72 1
20 92 1
20 93 1
20 98 1
20 125 1
20 134 1
20 140 1
20 183 1
20 185 1
20 206 1
20 208 1
20 214 1
20 272 1
20 314 1
20 333 1
20 366 1
20 404 1
20 408 1
20 417 1
20 493 1
20 628 1
20 636 1
20 646 1
20 713 1
20 745 1
20 843 1
20 872 1
20 893 1
20 895 1
20 967 1
21 23 1
21 25 1
21 26 1
21 28 1
21 30 1
21 33 1
21 36 1
21 40 1
21 43 1
21 45 1
21 58 1
21 85 1
21 88 1
21 101 1
21 106 1
21 111 1
21 151 1
21 164 1
21 196 1
21 225 1
21 259 1
21 260 1
21 309 1
21 321 1
21 331 1
21 389 1
21 390 1
21 435 1
21 437 1
21 470 1
21 482 1
21 483 1
21 494 1
21 504 1
21 535 1
21 573 1
21 586 1
21 594 1
21 608 1
21 638 1
21 641 1
21 726 1
21 728 1
21 738 1
21 781 1
21 827 1
21 829 1
21 850 1
21 862 1
21 869 1
21 918 1
22 34 1
22 40 1
22 50 1
22 60 1
22 61 1
22 63 1
22 67 1
22 77 1
22 94 1
22 108 1
22 136 1
22 143 1
22 145 1
22 197 1
22 208 1
22 211 1
22 215 1
22 227 1
22 258 1
22 300 1
22 351 1
22 392 1
22 417 1
22 420 1
22 529 1
22 542 1
22 617 1
22 663 1
22 685 1
22 699 1
22 733 1
22 794 1
22 831 1
22 843 1
22 870 1
22 977 1
23 48 1
23 50 1
23 67 1
23 76 1
23 77 1
23 82 1
23 88 1
23 98 1
23 108 1
23 122 1
23 126 1
23 156 1
23 157 1
23 177 1
23 236 1
23 265 1
23 272 1
23 292 1
23 319 1
23 342 1
23 344 1
23 398 1
23 423 1
23 427 1
23 534 1
23 541 1
23 578 1
23 586 1
23 590 1
23 646 1
23 673 1
23 775 1
23 781 1
23 920 1
23 929 1
23 983 1
24 28 1
24 51 1
24 134 1
24 184 1
24 202 1
24 282 1
24 357 1
24 360 1
24 398 1
24 420 1
24 482 1
24 532 1
24 540 1
24 561 1
24 741 1
24 887 1
24 889 1
25 26 1
25 30 1
25 176 1
25 185 1
25 215 1
25 222 1
25 229 1
25 240 1
25 440 1
25 469 1
25 473 1
25 522 1
25 535 1
25 634 1
25 749 1
25 789 1
25 799 1
25 836 1
25 874 1
26 29 1
26 62 1
26 73 1
26 87 1
26 89 1
26 97 1
26 101 1
26 103 1
26 104 1
26 110 1
26 160 1
26 172 1
26 179 1
26 211 1
26 253 1
26 282 1
26 306 1
26 345 1
26 354 1
26 361 1
26 473 1
26 542 1
26 551 1
26 559 1
26 599 1
26 606 1
26 624 1
26 656 1
26 688 1
26 837 1
26 863 1
26 877 1
27 38 1
27 42 1
27 43 1
27 65 1
27 69 1
27 74 1
27 89 1
27 105 1
27 119 1
27 136 1
27 147 1
27 153 1
27 156 1
27 172 1
27 197 1
27 223 1
27 227 1
27 232 1
27 234 1
27 236 1
27 259 1
27 274 1
27 284 1
27 290 1
27 291 1
27 330 1
27 341 1
27 346 1
27 349 1
27 363 1
27 365 1
27 372 1
27 418 1
27 430 1
27 501 1
27 544 1
27 552 1
27 572 1
27 623 1
27 625 1
27 671 1
27 679 1
27 714 1
27 727 1
27 754 1
27 811 1
27 835 1
27 883 1
27 901 1
27 916 1
28 45 1
28 50 1
28 90 1
28 221 1
28 312 1
28 328 1
28 362 1
28 387 1
28 490 1
28 555 1
28 659 1
28 976 1
29 35 1
29 48 1
29 51 1
29 52 1
29 75 1
29 131 1
29 243 1
29 355 1
29 373 1
29 384 1
29 429 1
29 441 1
29 538 1
29 582 1
29 596 1
29 634 1
29 666 1
29 715 1
29 718 1
29 812 1
29 822 1
29 829 1
29 838 1
29 892 1
30 33 1
30 44 1
30 49 1
30 51 1
30 58 1
30 65 1
30 69 1
30 70 1
30 76 1
30 84 1
30 88 1
30 92 1
30 105 1
30 147 1
30 150 1
30 153 1
30 206 1
30 216 1
30 249 1
30 298 1
30 304 1
30 367 1
30 374 1
30 392 1
30 553 1
30 585 1
30 603 1
30 614 1
30 656 1
30 694 1
30 696 1
30 715 1
30 783 1
30 914 1
30 936 1
31 41 1
31 43 1
31 54 1
31 71 1
31 73 1
31 79 1
31 187 1
31 206 1
31 229 1
31 239 1
31 249 1
31 263 1
31 273 1
31 308 1
31 320 1
31 408 1
31 432 1
31 442 1
31 475 1
31 517 1
31 518 1
31 523 1
31 538 1
31 540 1
31 618 1
31 647 1
31 664 1
31 726 1
31 746 1
31 858 1
32 52 1
32 71 1
32 106 1
32 141 1
32 190 1
32 210 1
32 243 1
32 327 1
32 426 1
32 504 1
32 512 1
32 695 1
32 727 1
32 856 1
32 879 1
33 47 1
33 60 1
33 72 1
33 91 1
33 96 1
33 176 1
33 196 1
33 235 1
33 296 1
33 309 1
33 376 1
33 437 1
33 441 1
33 540 1
33 595 1
33 633 1
33 836 1
33 902 1
33 905 1
33 993 1
34 63 1
34 69 1
34 109 1
34 113 1
34 144 1
34 186 1
34 226 1
34 260 1
34 273 1
34 286 1
34 297 1
34 355 1
34 374 1
34 390 1
34 436 1
34 549 1
34 574 1
34 577 1
34 723 1
34 740 1
34 781 1
34 784 1
34 864 1
34 876 1
35 60 1
35 69 1
35 79 1
35 81 1
35 107 1
35 124 1
35 127 1
35 129 1
35 146 1
35 149 1
35 157 1
35 160 1
35 201 1
35 219 1
35 244 1
35 246 1
35 279 1
35 305 1
35 339 1
35 344 1
35 390 1
35 411 1
35 466 1
35 503 1
35 522 1
35 552 1
35 582 1
35 591 1
35 630 1
35 652 1
35 678 1
35 773 1
35 777 1
35 793 1
35 800 1
35 844 1
35 904 1
35 957 1
36 38 1
36 39 1
36 60 1
36 73 1
36 81 1
36 94 1
36 96 1
36 121 1
36 131 1
36 171 1
36 191 1
36 192 1
36 228 1
36 261 1
36 289 1
36 307 1
36 328 1
36 340 1
36 385 1
36 397 1
36 409 1
36 505 1
36 549 1
36 561 1
36 639 1
36 656 1
36 730 1
37 77 1
37 79 1
37 86 1
37 90 1
37 95 1
37 114 1
37 122 1
37 144 1
37 150 1
37 155 1
37 212 1
37 248 1
37 253 1
37 257 1
37 279 1
37 281 1
37 306 1
37 331 1
37 372 1
37 403 1
37 469 1
37 556 1
37 712 1
37 737 1
37 753 1
37 771 1
37 880 1
37 928 1
37 945 1
38 39 1
38 182 1
38 255 1
38 596 1
38 658 1
39 57 1
39 66 1
39 67 1
39 71 1
39 84 1
39 91 1
39 94 1
39 161 1
39 169 1
39 300 1
39 309 1
39 315 1
39 318 1
39 411 1
39 432 1
39 472 1
39 527 1
39 593 1
39 664 1
39 858 1
39 862 1
39 969 1
40 137 1
40 155 1
40 161 1
40 198 1
40 277 1
40 400 1
40 445 1
40 465 1
40 510 1
40 546 1
40 583 1
40 681 1
40 698 1
40 962 1
41 42 1
41 51 1
41 75 1
41 98 1
41 157 1
41 164 1
41 178 1
41 196 1
41 257 1
41 421 1
41 462 1
41 467 1
41 491 1
41 501 1
41 571 1
41 678 1
41 944 1
42 57 1
42 91 1
42 179 1
42 411 1
42 457 1
42 663 1
42 796 1
43 49 1
43 58 1
43 64 1
43 81 1
43 82 1
43 104 1
43 209 1
43 216 1
43 275 1
43 288 1
43 355 1
43 396 1
43 403 1
43 456 1
43 603 1
43 628 1
43 691 1
43 795 1
43 937 1
44 52 1
44 149 1
44 258 1
44 276 1
44 311 1
44 401 1
44 532 1
44 622 1
44 626 1
44 716 1
44 754 1
45 50 1
45 65 1
45 80 1
45 102 1
45 113 1
45 139 1
45 269 1
45 304 1
45 346 1
45 426 1
45 454 1
45 465 1
45 521 1
45 626 1
45 658 1
45 704 1
45 764 1
45 784 1
45 832 1
45 889 1
45 941 1
46 47 1
46 53 1
46 58 1
46 89 1
46 110 1
46 123 1
46 132 1
46 177 1
46 182 1
46 222 1
46 233 1
46 237 1
46 250 1
46 275 1
46 302 1
46 341 1
46 370 1
46 433 1
46 459 1
46 492 1
46 582 1
46 612 1
46 742 1
46 792 1
46 802 1
46 924 1
46 943 1
46 982 1
47 71 1
47 115 1
47 119 1
47 153 1
47 163 1
47 183 1
47 187 1
47 294 1
47 312 1
47 432 1
47 523 1
47 650 1
47 673 1
47 720 1
47 734 1
47 776 1
47 873 1
47 917 1
48 49 1
48 52 1
48 54 1
48 88 1
48 98 1
48 101 1
48 130 1
48 133 1
48 167 1
48 168 1
48 191 1
48 216 1
48 226 1
48 242 1
48 262 1
48 280 1
48 376 1
48 416 1
48 490 1
48 618 1
48 671 1
48 712 1
48 751 1
48 778 1
48 811 1
48 901 1
48 949 1
49 59 1
49 70 1
49 87 1
49 93 1
49 96 1
49 173 1
49 174 1
49 235 1
49 269 1
49 337 1
49 345 1
49 360 1
49 386 1
49 495 1
49 499 1
49 584 1
49 808 1
49 851 1
49 912 1
49 934 1
49 950 1
50 69 1
50 82 1
50 110 1
50 117 1
50 148 1
50 151 1
50 154 1
50 200 1
50 209 1
50 228 1
50 245 1
50 339 1
50 442 1
50 470 1
50 505 1
50 548 1
50 619 1
50 626 1
50 635 1
50 713 1
50 891 1
50 983 1
51 80 1
51 83 1
51 133 1
51 155 1
51 261 1
51 277 1
51 303 1
51 310 1
51 322 1
51 424 1
51 463 1
51 484 1
51 521 1
51 567 1
51 656 1
51 676 1
51 756 1
51 996 1
52 53 1
52 59 1
52 144 1
52 170 1
52 196 1
52 219 1
52 258 1
52 263 1
52 393 1
52 451 1
52 670 1
52 827 1
52 953 1
53 65 1
53 86 1
53 103 1
53 106 1
53 318 1
53 428 1
53 518 1
53 743 1
53 779 1
54 55 1
54 60 1
54 116 1
54 130 1
54 154 1
54 165 1
54 166 1
54 184 1
54 187 1
54 192 1
54 201 1
54 225 1
54 236 1
54 330 1
54 335 1
54 347 1
54 477 1
54 536 1
54 646 1
54 736 1
54 760 1
54 972 1
55 163 1
55 217 1
55 424 1
55 545 1
55 552 1
55 579 1
55 621 1
55 675 1
55 707 1
55 725 1
55 905 1
55 951 1
55 960 1
56 122 1
56 171 1
56 174 1
56 194 1
56 197 1
56 256 1
56 296 1
56 353 1
56 530 1
56 956 1
57 68 1
57 95 1
57 140 1
57 142 1
57 308 1
57 359 1
57 371 1
57 420 1
57 446 1
57 498 1
57 537 1
57 635 1
57 686 1
57 734 1
57 846 1
58 68 1
58 84 1
58 94 1
58 146 1
58 164 1
58 416 1
58 560 1
58 769 1
58 773 1
58 851 1
58 866 1
58 954 1
59 126 1
59 127 1
59 164 1
59 275 1
59 313 1
59 332 1
59 965 1
59 968 1
60 66 1
60 169 1
60 173 1
60 234 1
60 303 1
60 580 1
60 648 1
60 672 1
60 674 1
60 824 1
60 830 1
60 933 1
60 975 1
61 117 1
61 125 1
61 199 1
61 205 1
61 309 1
61 349 1
61 351 1
61 372 1
61 388 1
61 455 1
61 652 1
61 801 1
61 807 1
61 836 1
61 869 1
61 871 1
62 78 1
62 374 1
62 421 1
62 443 1
62 598 1
62 993 1
63 78 1
63 354 1
63 405 1
63 410 1
63 470 1
63 835 1
64 84 1
64 92 1
64 100 1
64 117 1
64 130 1
64 207 1
64 214 1
64 236 1
64 443 1
64 447 1
64 490 1
64 541 1
64 631 1
64 667 1
64 673 1
64 684 1
64 842 1
64 895 1
64 897 1
64 976 1
65 70 1
65 93 1
65 105 1
65 190 1
65 191 1
65 263 1
65 270 1
65 316 1
65 566 1
65 573 1
65 895 1
65 898 1
65 990 1
66 77 1
66 151 1
66 216 1
66 311 1
66 642 1
66 658 1
66 780 1
66 869 1
66 885 1
67 139 1
67 146 1
67 211 1
67 245 1
67 311 1
67 443 1
67 455 1
67 484 1
67 529 1
67 587 1
67 776 1
68 87 1
68 101 1
68 107 1
68 117 1
68 142 1
68 169 1
68 201 1
68 222 1
68 242 1
68 351 1
68 396 1
68 415 1
68 525 1
68 528 1
68 543 1
68 611 1
68 614 1
68 643 1
68 688 1
68 721 1
68 852 1
68 931 1
68 932 1
68 951 1
68 989 1
69 137 1
69 167 1
69 399 1
69 411 1
69 491 1
69 504 1
69 697 1
70 78 1
70 105 1
70 159 1
70 271 1
70 418 1
70 493 1
70 657 1
71 86 1
71 109 1
71 135 1
71 147 1
71 186 1
71 189 1
71 224 1
71 267 1
71 533 1
71 559 1
71 749 1
71 754 1
71 924 1
71 968 1
72 92 1
72 95 1
72 141 1
72 165 1
72 170 1
72 240 1
72 242 1
72 247 1
72 320 1
72 348 1
72 360 1
72 383 1
72 396 1
72 669 1
72 710 1
72 726 1
72 755 1
72 794 1
72 803 1
72 875 1
72 880 1
72 944 1
72 972 1
73 109 1
73 144 1
73 349 1
73 430 1
73 636 1
73 668 1
73 739 1
73 847 1
73 873 1
74 80 1
74 92 1
74 103 1
74 105 1
74 118 1
74 149 1
74 197 1
74 233 1
74 251 1
74 261 1
74 347 1
74 381 1
74 405 1
74 425 1
74 486 1
74 560 1
74 599 1
74 771 1
74 811 1
74 847 1
75 79 1
75 119 1
75 120 1
75 128 1
75 181 1
75 200 1
75 210 1
75 261 1
75 269 1
75 328 1
75 335 1
75 357 1
75 386 1
75 468 1
75 515 1
75 770 1
75 782 1
75 794 1
75 839 1
75 938 1
75 956 1
76 102 1
76 139 1
76 159 1
76 188 1
76 198 1
76 248 1
76 293 1
76 688 1
76 997 1
77 175 1
77 302 1
77 323 1
77 449 1
77 614 1
77 667 1
77 878 1
78 156 1
78 257 1
78 466 1
78 481 1
78 737 1
78 883 1
78 909 1
79 82 1
79 102 1
79 202 1
79 237 1
79 396 1
79 446 1
79 496 1
79 505 1
79 513 1
79 525 1
79 534 1
79 605 1
79 617 1
79 641 1
79 721 1
79 840 1
80 99 1
80 108 1
80 318 1
80 458 1
80 682 1
81 91 1
81 111 1
81 112 1
81 143 1
81 264 1
81 272 1
81 314 1
81 320 1
81 399 1
81 550 1
81 577 1
81 663 1
81 763 1
81 953 1
81 962 1
81 971 1
81 997 1
82 142 1
82 231 1
82 283 1
82 500 1
82 621 1
82 653 1
82 682 1
82 807 1
82 908 1
82 998 1
83 102 1
83 130 1
83 152 1
83 154 1
83 252 1
83 266 1
83 287 1
83 364 1
83 376 1
83 391 1
83 416 1
83 472 1
83 536 1
83 542 1
83 570 1
83 588 1
83 632 1
83 662 1
83 694 1
83 761 1
83 861 1
83 871 1
83 984 1
84 90 1
84 219 1
84 222 1
84 237 1
84 256 1
84 313 1
84 326 1
84 474 1
84 524 1
84 531 1
84 549 1
84 780 1
84 841 1
84 967 1
85 231 1
85 235 1
85 252 1
85 300 1
85 310 1
85 604 1
85 627 1
85 697 1
85 915 1
86 111 1
86 117 1
86 119 1
86 136 1
86 150 1
86 161 1
86 189 1
86 215 1
86 221 1
86 244 1
86 246 1
86 261 1
86 290 1
86 316 1
86 381 1
86 415 1
86 444 1
86 571 1
86 636 1
86 732 1
86 737 1
86 760 1
86 818 1
86 844 1
86 970 1
86 982 1
87 114 1
87 173 1
87 190 1
87 218 1
87 224 1
87 348 1
87 379 1
87 683 1
88 115 1
88 127 1
88 136 1
88 168 1
88 212 1
88 213 1
88 279 1
88 281 1
88 292 1
88 339 1
88 367 1
88 395 1
88 418 1
88 422 1
88 481 1
88 492 1
88 502 1
88 508 1
88 554 1
88 612 1
88 717 1
88 818 1
88 903 1
88 989 1
89 277 1
89 331 1
89 365 1
89 404 1
89 416 1
89 467 1
89 469 1
89 565 1
89 859 1
89 937 1
90 223 1
91 253 1
91 284 1
91 422 1
91 483 1
91 487 1
91 519 1
91 589 1
91 613 1
91 650 1
91 694 1
91 800 1
91 816 1
91 875 1
92 115 1
92 165 1
92 167 1
92 174 1
92 217 1
92 236 1
92 336 1
92 424 1
92 465 1
92 492 1
92 510 1
92 530 1
92 719 1
92 733 1
92 772 1
92 898 1
93 138 1
93 160 1
93 192 1
93 198 1
93 221 1
93 247 1
93 267 1
93 285 1
93 322 1
93 406 1
93 479 1
93 506 1
93 655 1
93 673 1
93 707 1
93 718 1
93 756 1
93 778 1
93 830 1
94 111 1
94 191 1
94 512 1
94 711 1
94 785 1
95 130 1
95 155 1
95 239 1
95 259 1
95 473 1
95 484 1
95 552 1
95 655 1
95 700 1
95 753 1
95 952 1
96 104 1
96 115 1
96 118 1
96 150 1
96 170 1
96 179 1
96 230 1
96 233 1
96 260 1
96 278 1
96 284 1
96 321 1
96 343 1
96 453 1
96 485 1
96 486 1
96 517 1
96 562 1
96 581 1
96 602 1
96 621 1
96 657 1
96 766 1
96 770 1
96 833 1
96 846 1
96 854 1
96 883 1
96 998 1
97 193 1
97 729 1
97 940 1
97 978 1
98 135 1
98 167 1
98 179 1
98 180 1
98 203 1
98 232 1
98 286 1
98 314 1
98 335 1
98 350 1
98 415 1
98 463 1
98 499 1
98 720 1
98 736 1
98 765 1
98 871 1
98 977 1
98 996 1
99 188 1
99 370 1
99 524 1
99 649 1
99 739 1
99 757 1
99 789 1
99 826 1
99 907 1
99 970 1
99 983 1
99 995 1
100 162 1
100 195 1
100 248 1
100 336 1
100 369 1
100 728 1
100 848 1
101 183 1
101 255 1
101 333 1
101 343 1
101 427 1
101 495 1
101 642 1
101 673 1
101 681 1
101 682 1
101 719 1
101 813 1
101 940 1
102 107 1
102 240 1
102 246 1
102 270 1
102 342 1
102 405 1
102 507 1
102 556 1
102 611 1
102 710 1
102 734 1
103 112 1
103 143 1
103 148 1
103 187 1
103 246 1
103 254 1
103 362 1
103 464 1
103 556 1
103 617 1
103 693 1
103 758 1
103 860 1
104 112 1
104 129 1
104 224 1
104 229 1
104 240 1
104 285 1
104 423 1
104 669 1
104 683 1
104 795 1
104 909 1
104 910 1
104 939 1
104 948 1
105 109 1
105 122 1
105 194 1
105 337 1
105 345 1
105 362 1
105 407 1
105 586 1
105 608 1
105 639 1
105 765 1
105 769 1
106 108 1
106 124 1
106 264 1
106 267 1
106 290 1
106 334 1
106 338 1
106 442 1
106 453 1
106 478 1
106 517 1
106 585 1
106 618 1
106 659 1
106 725 1
106 746 1
106 800 1
106 876 1
107 118 1
107 121 1
107 123 1
107 134 1
107 210 1
107 232 1
107 314 1
107 402 1
107 454 1
107 564 1
107 597 1
107 614 1
107 716 1
107 721 1
107 733 1
107 772 1
108 121 1
108 129 1
108 159 1
108 161 1
108 176 1
108 189 1
108 207 1
108 239 1
108 248 1
108 278 1
108 289 1
108 293 1
108 310 1
108 340 1
108 356 1
108 670 1
108 677 1
108 916 1
109 161 1
109 163 1
109 166 1
109 212 1
109 264 1
109 301 1
109 319 1
109 402 1
109 444 1
109 488 1
109 542 1
109 637 1
109 900 1
109 947 1
109 977 1
110 403 1
110 412 1
110 676 1
110 897 1
112 145 1
112 224 1
112 290 1
112 477 1
112 491 1
112 557 1
112 690 1
112 749 1
112 753 1
112 779 1
112 882 1
113 123 1
113 129 1
113 142 1
113 176 1
113 270 1
113 428 1
113 466 1
113 473 1
113 623 1
113 643 1
113 692 1
113 788 1
113 873 1
114 285 1
114 378 1
114 655 1
114 788 1
115 147 1
115 218 1
115 324 1
115 340 1
115 375 1
115 497 1
115 578 1
115 626 1
115 701 1
115 798 1
115 802 1
115 991 1
116 183 1
116 206 1
116 358 1
117 137 1
117 180 1
117 215 1
117 273 1
117 286 1
117 414 1
117 525 1
117 629 1
117 764 1
117 765 1
118 128 1
118 198 1
118 251 1
118 269 1
118 492 1
119 144 1
119 162 1
119 177 1
119 201 1
119 247 1
119 251 1
119 455 1
119 481 1
119 587 1
119 704 1
119 708 1
119 742 1
119 761 1
119 783 1
119 932 1
120 180 1
120 245 1
120 353 1
120 401 1
120 961 1
121 149 1
121 195 1
121 220 1
121 244 1
121 297 1
121 309 1
121 325 1
121 338 1
121 357 1
121 585 1
121 660 1
121 773 1
121 934 1
122 151 1
122 234 1
122 238 1
122 268 1
122 286 1
122 288 1
122 358 1
122 464 1
122 529 1
122 553 1
122 604 1
122 668 1
122 944 1
123 230 1
123 281 1
123 303 1
123 321 1
123 323 1
123 448 1
123 496 1
123 500 1
123 657 1
123 723 1
123 754 1
123 857 1
123 864 1
123 866 1
124 128 1
124 133 1
124 174 1
124 234 1
124 243 1
124 308 1
124 485 1
124 509 1
124 536 1
124 970 1
125 134 1
125 208 1
125 209 1
125 224 1
125 263 1
125 301 1
125 350 1
125 446 1
125 452 1
125 476 1
125 652 1
125 735 1
125 750 1
125 840 1
126 598 1
126 604 1
126 718 1
126 719 1
126 814 1
126 931 1
127 131 1
127 182 1
127 184 1
127 289 1
127 343 1
127 346 1
127 377 1
127 389 1
127 489 1
127 651 1
127 706 1
127 732 1
127 740 1
127 814 1
127 878 1
127 899 1
128 138 1
129 172 1
129 298 1
129 464 1
129 629 1
129 682 1
129 874 1
129 987 1
130 137 1
130 194 1
130 358 1
130 369 1
131 137 1
131 181 1
131 199 1
131 278 1
131 290 1
131 302 1
131 364 1
131 365 1
131 434 1
131 566 1
131 677 1
131 750 1
131 920 1
132 254 1
132 395 1
132 431 1
132 469 1
132 536 1
132 675 1
133 942 1
133 993 1
134 172 1
134 181 1
134 213 1
134 455 1
134 478 1
134 545 1
134 592 1
134 633 1
134 685 1
134 766 1
134 936 1
135 320 1
135 339 1
135 410 1
135 437 1
135 538 1
135 707 1
135 946 1
136 266 1
136 451 1
136 464 1
136 494 1
137 215 1
137 235 1
137 358 1
137 530 1
137 558 1
137 598 1
137 674 1
137 814 1
137 821 1
138 229 1
138 384 1
138 722 1
139 148 1
139 168 1
139 194 1
139 198 1
139 208 1
139 220 1
139 226 1
139 245 1
139 256 1
139 316 1
139 359 1
139 363 1
139 367 1
139 369 1
139 388 1
139 422 1
139 489 1
139 496 1
139 507 1
139 511 1
139 556 1
139 564 1
139 565 1
139 632 1
139 638 1
139 662 1
139 668 1
139 705 1
139 806 1
139 892 1
139 942 1
139 943 1
139 961 1
140 159 1
140 188 1
140 284 1
140 331 1
140 343 1
140 352 1
140 356 1
140 368 1
140 485 1
140 554 1
140 574 1
140 679 1
140 808 1
140 946 1
141 244 1
141 381 1
141 382 1
141 432 1
141 503 1
141 526 1
141 558 1
141 573 1
141 651 1
141 724 1
141 735 1
142 177 1
142 279 1
142 335 1
142 461 1
142 480 1
142 504 1
142 681 1
142 722 1
142 730 1
142 971 1
143 252 1
143 438 1
143 538 1
143 828 1
143 837 1
144 163 1
144 535 1
144 538 1
144 569 1
144 931 1
145 173 1
145 359 1
145 394 1
145 537 1
145 598 1
145 607 1
145 842 1
145 966 1
146 181 1
146 223 1
146 258 1
146 295 1
146 297 1
146 377 1
146 386 1
146 417 1
146 460 1
146 491 1
146 547 1
146 565 1
146 717 1
146 757 1
146 809 1
146 900 1
146 949 1
146 955 1
146 972 1
147 786 1
147 892 1
147 952 1
148 193 1
148 264 1
148 319 1
148 404 1
148 680 1
148 755 1
148 846 1
148 991 1
149 225 1
149 349 1
149 543 1
149 742 1
150 182 1
150 204 1
150 247 1
150 505 1
150 521 1
150 533 1
150 580 1
150 600 1
150 603 1
150 644 1
150 980 1
151 153 1
151 276 1
151 343 1
152 250 1
152 255 1
152 315 1
152 410 1
152 470 1
152 587 1
152 736 1
152 771 1
152 907 1
153 205 1
153 210 1
153 265 1
153 566 1
153 797 1
154 172 1
154 182 1
154 228 1
154 318 1
154 436 1
154 446 1
154 524 1
154 583 1
154 618 1
154 702 1
154 728 1
155 191 1
155 595 1
155 632 1
155 711 1
156 233 1
156 332 1
156 591 1
157 178 1
157 275 1
157 372 1
157 616 1
158 511 1
158 644 1
158 698 1
159 171 1
159 207 1
159 327 1
159 589 1
159 698 1
159 712 1
159 812 1
159 968 1
160 188 1
160 274 1
161 199 1
161 223 1
161 263 1
161 332 1
161 495 1
162 207 1
162 240 1
162 431 1
162 620 1
162 687 1
162 700 1
162 893 1
162 933 1
163 171 1
163 184 1
163 210 1
163 220 1
163 297 1
163 522 1
163 758 1
163 901 1
164 368 1
164 496 1
164 504 1
164 627 1
164 788 1
164 842 1
165 204 1
165 212 1
165 298 1
165 347 1
165 450 1
165 823 1
165 867 1
165 887 1
166 262 1
166 348 1
166 367 1
166 443 1
166 576 1
166 695 1
166 920 1
166 926 1
166 986 1
167 218 1
167 266 1
167 411 1
167 717 1
167 877 1
167 908 1
168 339 1
168 509 1
168 663 1
168 751 1
168 949 1
168 956 1
169 206 1
169 243 1
169 400 1
169 527 1
169 638 1
169 642 1
169 653 1
169 764 1
169 768 1
169 855 1
169 936 1
171 460 1
171 755 1
172 175 1
172 259 1
172 328 1
172 338 1
172 381 1
172 405 1
172 641 1
172 704 1
172 718 1
172 839 1
173 305 1
173 370 1
173 374 1
173 934 1
173 998 1
174 266 1
174 268 1
174 314 1
174 364 1
174 517 1
174 674 1
174 853 1
175 219 1
175 221 1
175 227 1
175 289 1
175 303 1
175 323 1
175 336 1
175 431 1
175 479 1
175 497 1
175 518 1
175 520 1
175 645 1
175 780 1
175 794 1
175 810 1
175 852 1
176 271 1
176 380 1
176 391 1
176 471 1
176 599 1
176 902 1
176 999 1
177 180 1
177 257 1
177 320 1
177 458 1
177 741 1
177 984 1
179 233 1
179 317 1
179 508 1
179 661 1
180 202 1
180 241 1
180 321 1
180 371 1
180 448 1
180 498 1
181 204 1
181 289 1
181 498 1
181 531 1
181 783 1
181 864 1
181 877 1
182 366 1
182 627 1
182 754 1
182 760 1
182 764 1
182 784 1
182 927 1
182 994 1
183 394 1
183 395 1
183 686 1
183 911 1
183 959 1
184 283 1
184 440 1
184 505 1
184 551 1
184 730 1
184 773 1
184 837 1
184 865 1
184 881 1
184 908 1
184 925 1
185 282 1
185 301 1
185 324 1
185 342 1
185 421 1
185 427 1
185 692 1
185 701 1
185 809 1
186 195 1
186 254 1
186 409 1
186 462 1
186 609 1
186 658 1
186 775 1
186 923 1
187 234 1
187 238 1
187 627 1
187 630 1
187 665 1
187 753 1
189 363 1
189 612 1
189 772 1
190 262 1
190 331 1
190 333 1
190 387 1
190 522 1
190 620 1
190 772 1
190 828 1
190 990 1
191 201 1
191 228 1
192 203 1
192 592 1
192 873 1
193 250 1
193 270 1
193 307 1
193 420 1
193 649 1
193 667 1
193 962 1
194 199 1
194 570 1
194 756 1
195 610 1
195 776 1
195 922 1
196 272 1
196 300 1
196 317 1
196 348 1
196 418 1
196 429 1
196 466 1
196 482 1
196 900 1
196 935 1
196 936 1
197 245 1
197 391 1
197 494 1
197 722 1
197 911 1
197 964 1
198 280 1
198 356 1
198 359 1
198 412 1
198 481 1
198 585 1
198 609 1
198 622 1
198 741 1
198 870 1
198 923 1
198 929 1
198 981 1
198 985 1
198 994 1
198 997 1
199 298 1
199 563 1
199 930 1
200 217 1
200 433 1
200 703 1
200 944 1
201 302 1
201 454 1
201 489 1
201 528 1
201 655 1
202 288 1
202 313 1
202 710 1
202 935 1
203 256 1
203 373 1
203 460 1
203 486 1
203 677 1
203 834 1
203 992 1
204 280 1
205 251 1
205 299 1
205 385 1
205 599 1
205 611 1
205 631 1
205 666 1
205 848 1
205 985 1
206 214 1
206 816 1
207 315 1
207 316 1
207 533 1
208 404 1
208 477 1
209 287 1
209 301 1
209 385 1
209 389 1
209 487 1
209 515 1
209 539 1
209 588 1
209 831 1
209 841 1
210 212 1
210 368 1
210 775 1
211 221 1
211 380 1
211 514 1
211 651 1
211 767 1
212 434 1
212 492 1
212 649 1
212 777 1
212 846 1
212 977 1
213 322 1
213 479 1
213 804 1
214 252 1
214 502 1
214 584 1
214 976 1
215 860 1
216 466 1
216 474 1
216 495 1
217 264 1
217 419 1
217 490 1
217 939 1
218 225 1
218 307 1
218 483 1
218 694 1
218 765 1
218 817 1
219 305 1
219 332 1
219 468 1
219 506 1
219 860 1
219 920 1
220 325 1
220 419 1
220 853 1
220 865 1
221 744 1
221 786 1
221 833 1
222 262 1
222 295 1
222 307 1
222 308 1
222 373 1
222 582 1
222 607 1
222 740 1
222 950 1
223 227 1
223 230 1
223 253 1
223 335 1
223 616 1
223 762 1
223 930 1
223 958 1
224 238 1
224 297 1
224 332 1
224 533 1
224 588 1
224 593 1
224 769 1
224 774 1
224 779 1
224 780 1
224 782 1
224 819 1
225 276 1
225 285 1
225 469 1
225 480 1
225 594 1
225 602 1
225 756 1
225 805 1
225 926 1
226 280 1
226 385 1
226 535 1
226 576 1
226 731 1
227 741 1
227 763 1
227 885 1
227 905 1
228 413 1
228 565 1
228 707 1
229 317 1
231 292 1
231 409 1
231 472 1
231 566 1
231 623 1
231 819 1
231 972 1
232 298 1
232 527 1
233 296 1
233 323 1
233 513 1
233 725 1
233 890 1
233 910 1
234 300 1
234 391 1
234 415 1
234 439 1
234 583 1
234 630 1
234 847 1
234 905 1
235 274 1
235 380 1
235 545 1
235 577 1
235 579 1
235 583 1
235 796 1
235 899 1
236 252 1
236 294 1
236 338 1
236 454 1
236 485 1
236 624 1
236 708 1
237 253 1
237 382 1
237 459 1
237 493 1
237 523 1
237 687 1
237 710 1
237 759 1
237 793 1
237 813 1
237 923 1
237 958 1
238 688 1
238 725 1
239 277 1
239 461 1
240 292 1
240 348 1
240 419 1
240 510 1
240 547 1
240 549 1
240 569 1
240 691 1
240 886 1
241 806 1
242 619 1
242 671 1
242 821 1
242 995 1
243 438 1
243 451 1
243 544 1
243 870 1
243 928 1
244 375 1
244 424 1
244 489 1
244 512 1
244 551 1
244 740 1
244 861 1
244 958 1
245 276 1
245 304 1
245 417 1
245 516 1
245 576 1
245 688 1
245 906 1
245 949 1
246 281 1
246 323 1
246 326 1
246 432 1
246 444 1
246 459 1
246 471 1
246 515 1
246 516 1
246 576 1
246 748 1
246 872 1
247 375 1
247 514 1
248 276 1
248 291 1
248 326 1
248 410 1
248 423 1
248 440 1
248 742 1
248 854 1
249 295 1
249 453 1
250 258 1
250 305 1
250 487 1
250 952 1
251 255 1
251 317 1
251 382 1
251 606 1
251 609 1
251 784 1
251 789 1
251 791 1
251 809 1
252 330 1
252 572 1
252 654 1
252 766 1
252 770 1
252 897 1
253 286 1
253 312 1
253 328 1
253 593 1
254 457 1
254 516 1
254 601 1
254 612 1
254 613 1
254 689 1
254 701 1
255 459 1
255 687 1
255 914 1
256 364 1
256 384 1
256 452 1
256 453 1
256 563 1
256 946 1
257 568 1
257 849 1
258 736 1
259 486 1
259 517 1
259 675 1
259 745 1
259 841 1
259 903 1
260 329 1
260 371 1
260 409 1
260 951 1
261 355 1
261 380 1
261 389 1
261 393 1
261 420 1
261 650 1
261 757 1
261 946 1
261 994 1
262 344 1
262 437 1
262 450 1
262 596 1
262 822 1
263 293 1
263 306 1
263 389 1
263 500 1
263 653 1
263 906 1
263 986 1
264 972 1
265 372 1
265 393 1
265 397 1
265 399 1
265 401 1
265 459 1
265 797 1
265 965 1
265 981 1
266 340 1
266 434 1
266 642 1
266 643 1
266 690 1
267 296 1
267 945 1
268 334 1
268 426 1
268 716 1
268 728 1
268 969 1
269 275 1
269 458 1
269 511 1
269 625 1
269 671 1
270 426 1
270 472 1
270 525 1
270 801 1
271 387 1
271 579 1
271 664 1
271 979 1
272 687 1
272 859 1
272 881 1
272 994 1
273 313 1
273 330 1
273 367 1
273 544 1
273 602 1
273 650 1
273 986 1
274 510 1
274 640 1
274 919 1
275 401 1
275 407 1
275 732 1
276 303 1
276 906 1
277 407 1
277 428 1
278 418 1
278 562 1
278 833 1
279 721 1
280 354 1
280 723 1
282 341 1
282 461 1
282 480 1
282 581 1
282 624 1
282 674 1
282 734 1
282 743 1
282 823 1
283 296 1
283 435 1
283 462 1
283 696 1
283 887 1
283 984 1
284 668 1
284 783 1
285 644 1
285 813 1
286 449 1
286 540 1
286 959 1
287 295 1
287 322 1
287 377 1
287 422 1
287 447 1
288 333 1
288 767 1
288 768 1
288 911 1
288 942 1
289 326 1
289 327 1
289 368 1
289 422 1
289 511 1
289 531 1
290 319 1
290 354 1
290 370 1
290 550 1
290 584 1
290 634 1
290 705 1
290 721 1
290 850 1
291 406 1
291 474 1
291 599 1
291 849 1
292 344 1
292 355 1
292 425 1
292 616 1
292 780 1
292 927 1
292 959 1
293 316 1
293 350 1
293 352 1
293 558 1
293 667 1
293 722 1
293 748 1
293 974 1
294 327 1
294 379 1
294 644 1
294 756 1
294 858 1
295 454 1
295 758 1
296 402 1
296 561 1
296 564 1
297 356 1
297 357 1
297 457 1
297 489 1
297 513 1
297 821 1
297 915 1
297 974 1
298 299 1
298 412 1
298 442 1
298 554 1
300 318 1
300 430 1
300 919 1
301 373 1
301 434 1
301 675 1
303 342 1
303 664 1
304 356 1
304 410 1
304 987 1
305 405 1
305 753 1
305 867 1
305 998 1
306 307 1
306 757 1
307 364 1
307 378 1
307 423 1
307 436 1
307 701 1
307 732 1
307 770 1
308 392 1
308 433 1
308 506 1
308 719 1
309 667 1
309 815 1
309 905 1
310 579 1
310 628 1
310 665 1
310 782 1
310 883 1
310 927 1
311 312 1
311 828 1
311 901 1
311 925 1
312 794 1
313 346 1
313 479 1
313 512 1
313 617 1
313 841 1
314 324 1
314 499 1
314 559 1
314 607 1
314 816 1
314 827 1
314 895 1
315 439 1
315 445 1
315 700 1
316 338 1
316 537 1
316 698 1
316 820 1
317 864 1
317 948 1
317 964 1
318 386 1
318 399 1
318 680 1
318 804 1
318 948 1
319 326 1
319 458 1
320 374 1
320 375 1
320 391 1
320 541 1
320 618 1
320 715 1
320 729 1
320 817 1
320 912 1
322 384 1
322 398 1
322 818 1
322 875 1
322 925 1
322 963 1
323 329 1
323 334 1
323 762 1
323 860 1
323 876 1
324 393 1
324 745 1
324 866 1
324 895 1
325 376 1
326 403 1
326 539 1
326 633 1
326 832 1
326 940 1
327 533 1
327 540 1
327 575 1
327 842 1
327 877 1
328 329 1
328 581 1
328 628 1
328 637 1
328 811 1
328 889 1
329 337 1
329 478 1
329 559 1
329 625 1
329 680 1
330 594 1
330 677 1
330 824 1
331 425 1
332 499 1
332 629 1
332 689 1
332 834 1
333 451 1
333 463 1
333 797 1
334 381 1
334 632 1
335 379 1
335 431 1
335 441 1
335 542 1
335 561 1
335 738 1
336 345 1
336 433 1
336 605 1
336 679 1
336 839 1
336 855 1
337 449 1
337 507 1
337 548 1
337 565 1
337 601 1
337 725 1
337 766 1
337 771 1
337 909 1
338 344 1
338 435 1
338 563 1
338 610 1
338 814 1
338 840 1
338 850 1
339 423 1
339 557 1
339 805 1
340 488 1
340 515 1
340 591 1
340 596 1
340 620 1
340 768 1
341 392 1
341 440 1
341 447 1
341 451 1
341 877 1
342 497 1
342 790 1
343 361 1
343 385 1
343 502 1
343 686 1
343 730 1
343 746 1
343 755 1
343 983 1
344 669 1
345 388 1
346 390 1
346 706 1
347 935 1
348 359 1
348 397 1
348 456 1
348 652 1
348 672 1
348 922 1
349 429 1
349 435 1
349 581 1
349 738 1
349 925 1
350 554 1
350 628 1
351 407 1
351 615 1
351 963 1
352 382 1
352 649 1
352 792 1
352 801 1
352 805 1
352 999 1
353 663 1
353 802 1
354 394 1
354 444 1
354 644 1
354 892 1
355 386 1
355 546 1
355 563 1
356 362 1
356 394 1
356 691 1
356 903 1
357 360 1
357 473 1
357 488 1
357 662 1
357 699 1
357 793 1
358 616 1
358 916 1
358 923 1
359 495 1
359 740 1
359 975 1
360 366 1
360 589 1
360 919 1
360 961 1
361 371 1
361 539 1
361 552 1
361 555 1
361 578 1
361 779 1
361 810 1
362 514 1
362 569 1
362 605 1
362 759 1
362 896 1
362 897 1
362 975 1
363 555 1
363 787 1
364 692 1
365 729 1
365 896 1
366 471 1
366 653 1
366 884 1
369 621 1
369 752 1
369 760 1
369 914 1
370 438 1
370 781 1
370 843 1
370 928 1
371 428 1
371 484 1
371 521 1
371 575 1
371 579 1
371 744 1
371 844 1
371 939 1
372 429 1
372 747 1
372 963 1
373 413 1
373 414 1
373 705 1
373 815 1
374 577 1
375 915 1
376 387 1
376 400 1
376 402 1
376 453 1
376 978 1
376 985 1
377 600 1
377 629 1
377 645 1
377 787 1
377 810 1
378 431 1
378 450 1
378 528 1
378 612 1
378 744 1
378 921 1
379 601 1
379 700 1
379 991 1
380 684 1
380 774 1
381 476 1
381 591 1
381 656 1
381 675 1
381 718 1
381 806 1
381 841 1
381 964 1
382 541 1
382 712 1
382 787 1
382 800 1
382 803 1
382 805 1
382 859 1
382 975 1
383 476 1
383 521 1
383 825 1
384 440 1
384 443 1
385 467 1
385 584 1
386 442 1
386 903 1
386 955 1
387 727 1
388 468 1
388 496 1
388 615 1
388 749 1
389 421 1
389 515 1
389 643 1
389 763 1
390 588 1
390 665 1
393 891 1
393 930 1
394 524 1
394 537 1
395 626 1
396 441 1
396 482 1
397 462 1
397 464 1
397 551 1
397 686 1
398 539 1
398 748 1
398 812 1
399 470 1
400 462 1
400 486 1
400 513 1
400 597 1
400 819 1
400 967 1
401 406 1
401 409 1
401 452 1
401 592 1
401 670 1
401 743 1
401 840 1
402 435 1
402 652 1
402 657 1
402 942 1
402 958 1
403 610 1
404 444 1
404 445 1
404 484 1
404 734 1
405 436 1
405 532 1
405 571 1
405 637 1
405 653 1
405 654 1
405 878 1
406 438 1
406 488 1
406 639 1
406 690 1
406 812 1
406 820 1
408 553 1
408 596 1
408 660 1
408 809 1
408 933 1
408 951 1
409 546 1
409 557 1
410 414 1
410 560 1
410 651 1
410 823 1
411 528 1
411 553 1
411 1000 1
413 676 1
413 785 1
414 448 1
415 522 1
415 573 1
415 851 1
416 424 1
416 554 1
417 475 1
417 500 1
417 672 1
418 419 1
418 526 1
418 855 1
418 973 1
418 987 1
419 773 1
420 573 1
420 778 1
420 979 1
421 501 1
421 699 1
421 974 1
422 508 1
422 590 1
422 602 1
422 760 1
422 865 1
422 886 1
423 736 1
423 878 1
424 580 1
425 648 1
426 447 1
426 567 1
426 830 1
426 854 1
427 476 1
427 563 1
427 575 1
427 590 1
427 719 1
428 430 1
428 483 1
428 750 1
428 801 1
428 932 1
429 759 1
430 434 1
430 636 1
430 776 1
430 894 1
431 774 1
431 831 1
431 993 1
432 826 1
434 439 1
434 763 1
434 934 1
436 771 1
436 880 1
438 465 1
438 637 1
438 738 1
439 452 1
439 630 1
439 872 1
439 960 1
439 962 1
439 967 1
440 461 1
440 584 1
441 706 1
441 834 1
442 445 1
442 450 1
442 845 1
443 458 1
444 488 1
444 526 1
444 708 1
444 713 1
444 751 1
444 899 1
445 506 1
445 544 1
445 666 1
445 735 1
445 791 1
445 803 1
445 848 1
445 913 1
446 699 1
447 514 1
447 516 1
448 562 1
449 586 1
449 709 1
450 775 1
450 843 1
451 985 1
452 465 1
452 467 1
452 474 1
452 744 1
452 897 1
453 633 1
453 788 1
453 792 1
453 863 1
456 490 1
456 625 1
456 857 1
456 919 1
457 660 1
457 855 1
457 871 1
458 467 1
458 483 1
458 501 1
458 608 1
458 694 1
458 759 1
458 796 1
458 823 1
458 893 1
459 572 1
459 587 1
459 602 1
459 678 1
459 683 1
459 798 1
460 475 1
460 622 1
461 610 1
461 703 1
461 956 1
462 750 1
463 669 1
464 477 1
464 511 1
464 900 1
464 922 1
464 988 1
466 535 1
466 635 1
466 831 1
467 494 1
467 526 1
467 556 1
467 683 1
467 735 1
467 884 1
467 954 1
468 568 1
468 578 1
469 502 1
469 640 1
469 801 1
469 935 1
470 700 1
470 896 1
470 913 1
471 699 1
473 601 1
473 689 1
473 811 1
473 950 1
474 547 1
474 761 1
474 903 1
476 530 1
476 583 1
476 621 1
476 648 1
476 852 1
477 575 1
477 693 1
477 708 1
478 487 1
478 826 1
479 707 1
479 745 1
479 819 1
479 991 1
480 654 1
481 747 1
482 558 1
482 714 1
483 619 1
483 763 1
483 924 1
483 932 1
485 528 1
486 708 1
487 532 1
487 991 1
488 802 1
489 643 1
489 816 1
489 913 1
489 997 1
491 993 1
492 520 1
493 513 1
494 917 1
496 543 1
496 711 1
496 884 1
498 670 1
498 904 1
500 889 1
501 982 1
502 569 1
502 800 1
502 837 1
502 980 1
502 995 1
503 833 1
504 639 1
504 879 1
504 921 1
505 659 1
505 665 1
505 886 1
505 941 1
506 873 1
507 600 1
509 786 1
510 620 1
510 973 1
511 796 1
511 981 1
512 790 1
514 555 1
514 666 1
514 706 1
514 952 1
516 534 1
516 570 1
516 654 1
517 826 1
518 627 1
519 793 1
520 529 1
520 743 1
520 806 1
520 817 1
521 550 1
521 714 1
521 928 1
521 953 1
523 789 1
523 815 1
524 726 1
525 641 1
525 955 1
526 664 1
526 824 1
526 855 1
528 536 1
528 611 1
528 761 1
528 931 1
528 982 1
529 821 1
530 597 1
531 808 1
531 824 1
532 557 1
532 785 1
533 547 1
533 578 1
533 636 1
533 730 1
533 751 1
533 879 1
533 987 1
534 677 1
534 731 1
534 914 1
534 984 1
536 797 1
536 863 1
536 872 1
537 674 1
539 543 1
539 948 1
539 986 1
540 546 1
540 709 1
540 827 1
540 913 1
541 747 1
541 767 1
542 832 1
543 574 1
543 726 1
545 616 1
545 695 1
545 750 1
545 931 1
546 560 1
546 567 1
546 608 1
546 731 1
546 770 1
548 588 1
548 785 1
548 966 1
549 606 1
550 894 1
551 728 1
551 791 1
551 891 1
552 571 1
552 641 1
552 654 1
553 685 1
554 793 1
554 898 1
555 634 1
556 601 1
556 915 1
556 921 1
557 591 1
557 799 1
557 989 1
558 568 1
558 615 1
558 732 1
559 869 1
559 955 1
559 996 1
560 697 1
560 814 1
560 859 1
560 899 1
561 938 1
562 595 1
563 574 1
563 623 1
563 704 1
563 967 1
564 604 1
564 679 1
564 703 1
564 806 1
564 958 1
565 944 1
566 613 1
566 790 1
566 921 1
567 709 1
567 908 1
568 587 1
568 593 1
569 607 1
569 774 1
569 865 1
570 676 1
570 681 1
570 913 1
571 609 1
571 614 1
571 724 1
571 768 1
571 969 1
573 848 1
574 592 1
574 798 1
575 649 1
575 926 1
576 689 1
576 822 1
576 974 1
578 695 1
578 834 1
579 634 1
579 746 1
579 762 1
579 790 1
581 808 1
582 647 1
582 862 1
582 1000 1
583 835 1
584 606 1
584 635 1
584 795 1
584 872 1
584 929 1
585 976 1
586 849 1
587 748 1
587 985 1
588 918 1
589 623 1
589 745 1
591 984 1
593 635 1
594 713 1
594 810 1
594 912 1
597 709 1
597 885 1
597 918 1
598 647 1
598 804 1
598 868 1
598 909 1
598 982 1
600 632 1
600 661 1
600 883 1
600 979 1
602 645 1
602 887 1
603 916 1
605 729 1
605 882 1
606 687 1
606 787 1
608 837 1
608 892 1
609 662 1
609 712 1
609 739 1
609 901 1
609 996 1
610 729 1
610 842 1
611 777 1
612 709 1
613 937 1
614 724 1
615 678 1
615 850 1
615 888 1
615 890 1
616 723 1
616 767 1
616 798 1
617 622 1
617 631 1
617 638 1
617 645 1
617 882 1
617 992 1
619 952 1
620 860 1
622 624 1
623 769 1
623 799 1
626 648 1
626 704 1
626 861 1
627 757 1
627 775 1
628 968 1
630 706 1
630 724 1
630 817 1
630 824 1
632 645 1
632 672 1
632 832 1
632 852 1
634 792 1
634 870 1
637 987 1
638 691 1
638 702 1
638 720 1
638 908 1
639 717 1
641 981 1
645 662 1
645 684 1
647 685 1
647 761 1
650 887 1
650 918 1
651 739 1
652 875 1
653 703 1
653 713 1
653 779 1
654 961 1
656 813 1
657 661 1
658 755 1
659 660 1
659 772 1
660 665 1
660 849 1
660 898 1
660 960 1
661 731 1
661 737 1
661 853 1
662 802 1
663 834 1
663 874 1
666 957 1
666 990 1
669 765 1
669 789 1
674 856 1
675 857 1
679 927 1
682 701 1
682 862 1
685 788 1
685 817 1
686 888 1
686 927 1
687 829 1
687 980 1
688 720 1
688 764 1
689 693 1
690 735 1
691 693 1
691 979 1
692 702 1
694 943 1
695 904 1
696 711 1
698 832 1
698 851 1
698 907 1
698 917 1
700 752 1
704 838 1
704 989 1
706 856 1
707 776 1
707 829 1
707 912 1
713 762 1
714 825 1
716 819 1
717 828 1
717 894 1
719 820 1
722 867 1
724 869 1
724 910 1
724 960 1
726 910 1
727 796 1
727 973 1
732 827 1
734 778 1
735 786 1
735 933 1
736 768 1
737 838 1
737 880 1
737 886 1
738 823 1
739 884 1
741 845 1
742 758 1
742 945 1
743 752 1
743 777 1
743 867 1
745 838 1
746 807 1
746 889 1
747 995 1
748 808 1
749 859 1
749 890 1
750 807 1
752 813 1
755 935 1
761 867 1
761 941 1
764 818 1
764 891 1
764 943 1
765 953 1
766 804 1
766 831 1
766 963 1
767 790 1
767 878 1
767 884 1
770 825 1
770 950 1
771 825 1
771 856 1
771 881 1
773 857 1
775 947 1
775 954 1
776 836 1
776 1000 1
777 836 1
780 782 1
780 911 1
781 820 1
787 854 1
787 857 1
788 957 1
789 812 1
791 868 1
791 989 1
792 807 1
797 838 1
797 941 1
797 966 1
798 816 1
798 937 1
800 866 1
800 990 1
801 886 1
801 898 1
801 899 1
802 917 1
803 893 1
804 1000 1
807 818 1
807 850 1
807 947 1
808 893 1
808 954 1
809 910 1
809 911 1
810 846 1
811 815 1
811 988 1
813 902 1
813 970 1
818 874 1
818 979 1
822 852 1
822 971 1
825 938 1
828 965 1
830 980 1
831 924 1
831 951 1
832 896 1
833 868 1
835 863 1
838 938 1
839 948 1
842 888 1
842 988 1
843 894 1
843 947 1
843 978 1
849 956 1
850 930 1
852 992 1
853 902 1
854 856 1
854 990 1
856 959 1
857 954 1
859 964 1
861 881 1
862 866 1
864 868 1
864 942 1
866 890 1
867 969 1
871 968 1
872 880 1
878 923 1
878 970 1
879 909 1
880 882 1
880 924 1
880 983 1
885 888 1
885 973 1
892 940 1
892 971 1
899 999 1
902 961 1
903 947 1
905 996 1
913 932 1
913 936 1
916 959 1
933 934 1
933 945 1
939 941 1
953 977 1
960 969 1
963 992 1
964 986 1
988 1000 1
996 999 1
