1000 4975
1 2 1
1 3 1
1 4 1
1 5 1
1 6 1
1 7 1
1 8 1
1 9 1
1 10 1
1 13 1
1 14 1
1 15 1
1 18 1
1 19 1
1 21 1
1 22 1
1 26 1
1 31 1
1 34 1
1 36 1
1 44 1
1 48 1
1 62 1
1 68 1
1 70 1
1 72 1
1 95 1
1 109 1
1 146 1
1 175 1
1 181 1
1 186 1
1 187 1
1 200 1
1 205 1
1 207 1
1 208 1
1 212 1
1 214 1
1 222 1
1 238 1
1 261 1
1 270 1
1 288 1
1 295 1
1 296 1
1 312 1
1 333 1
1 348 1
1 412 1
1 414 1
1 422 1
1 424 1
1 429 1
1 453 1
1 459 1
1 460 1
1 489 1
1 528 1
1 586 1
1 603 1
1 628 1
1 634 1
1 636 1
1 667 1
1 676 1
1 680 1
1 716 1
1 770 1
1 820 1
1 824 1
1 859 1
1 919 1
2 7 1
2 8 1
2 9 1
2 11 1
2 13 1
2 16 1
2 27 1
2 30 1
2 35 1
2 36 1
2 54 1
2 60 1
2 62 1
2 66 1
2 96 1
2 121 1
2 127 1
2 139 1
2 165 1
2 168 1
2 185 1
2 191 1
2 195 1
2 201 1
2 226 1
2 238 1
2 239 1
2 279 1
2 282 1
2 297 1
2 332 1
2 342 1
2 355 1
2 356 1
2 386 1
2 393 1
2 413 1
2 466 1
2 478 1
2 482 1
2 506 1
2 509 1
2 511 1
2 549 1
2 570 1
2 582 1
2 627 1
2 632 1
2 636 1
2 668 1
2 711 1
2 733 1
2 784 1
2 825 1
2 944 1
2 956 1
2 986 1
3 7 1
3 8 1
3 9 1
3 11 1
3 13 1
3 15 1
3 16 1
3 18 1
3 20 1
3 28 1
3 30 1
3 40 1
3 43 1
3 45 1
3 56 1
3 60 1
3 64 1
3 73 1
3 91 1
3 95 1
3 96 1
3 103 1
3 110 1
3 116 1
3 129 1
3 144 1
3 151 1
3 176 1
3 182 1
3 198 1
3 208 1
3 233 1
3 239 1
3 240 1
3 248 1
3 256 1
3 266 1
3 272 1
3 280 1
3 290 1
3 301 1
3 309 1
3 317 1
3 374 1
3 379 1
3 392 1
3 396 1
3 411 1
3 427 1
3 441 1
3 492 1
3 501 1
3 515 1
3 541 1
3 558 1
3 561 1
3 574 1
3 579 1
3 619 1
3 626 1
3 700 1
3 711 1
3 740 1
3 744 1
3 750 1
3 751 1
3 760 1
3 771 1
3 772 1
3 807 1
3 819 1
3 836 1
3 856 1
3 876 1
3 880 1
3 906 1
3 918 1
3 964 1
3 974 1
3 978 1
3 988 1
3 992 1
4 18 1
4 232 1
4 284 1
4 584 1
4 681 1
4 835 1
5 7 1
5 36 1
5 39 1
5 53 1
5 72 1
5 134 1
5 170 1
5 175 1
5 188 1
5 235 1
5 308 1
5 324 1
5 334 1
5 343 1
5 351 1
5 394 1
5 439 1
5 469 1
5 511 1
5 524 1
5 607 1
5 623 1
5 700 1
5 768 1
5 797 1
5 878 1
5 963 1
5 981 1
6 7 1
6 8 1
6 10 1
6 11 1
6 12 1
6 14 1
6 15 1
6 17 1
6 18 1
6 22 1
6 23 1
6 25 1
6 32 1
6 38 1
6 39 1
6 46 1
6 50 1
6 52 1
6 54 1
6 65 1
6 73 1
6 106 1
6 107 1
6 109 1
6 138 1
6 142 1
6 153 1
6 155 1
6 157 1
6 161 1
6 167 1
6 169 1
6 179 1
6 182 1
6 210 1
6 220 1
6 232 1
6 233 1
6 243 1
6 301 1
6 306 1
6 310 1
6 315 1
6 319 1
6 330 1
6 333 1
6 336 1
6 343 1
6 348 1
6 356 1
6 381 1
6 390 1
6 413 1
6 440 1
6 460 1
6 479 1
6 505 1
6 508 1
6 535 1
6 556 1
6 571 1
6 573 1
6 596 1
6 605 1
6 698 1
6 707 1
6 742 1
6 753 1
6 759 1
6 850 1
6 866 1
6 877 1
6 962 1
6 973 1
6 978 1
7 8 1
7 9 1
7 10 1
7 11 1
7 12 1
7 13 1
7 14 1
7 15 1
7 19 1
7 20 1
7 21 1
7 24 1
7 25 1
7 26 1
7 27 1
7 30 1
7 31 1
7 32 1
7 33 1
7 36 1
7 43 1
7 44 1
7 46 1
7 49 1
7 62 1
7 69 1
7 71 1
7 74 1
7 80 1
7 92 1
7 93 1
7 97 1
7 108 1
7 109 1
7 112 1
7 124 1
7 129 1
7 133 1
7 137 1
7 158 1
7 172 1
7 178 1
7 183 1
7 199 1
7 206 1
7 218 1
7 229 1
7 245 1
7 259 1
7 305 1
7 312 1
7 332 1
7 337 1
7 346 1
7 355 1
7 385 1
7 386 1
7 403 1
7 445 1
7 451 1
7 452 1
7 467 1
7 478 1
7 484 1
7 491 1
7 521 1
7 528 1
7 538 1
7 603 1
7 619 1
7 624 1
7 631 1
7 637 1
7 640 1
7 645 1
7 681 1
7 702 1
7 703 1
7 737 1
7 747 1
7 759 1
7 778 1
7 824 1
7 825 1
7 832 1
7 838 1
7 847 1
7 934 1
7 948 1
7 1000 1
8 9 1
8 10 1
8 14 1
8 16 1
8 17 1
8 20 1
8 23 1
8 25 1
8 28 1
8 33 1
8 34 1
8 35 1
8 38 1
8 49 1
8 50 1
8 59 1
8 66 1
8 67 1
8 68 1
8 76 1
8 86 1
8 97 1
8 114 1
8 123 1
8 124 1
8 137 1
8 147 1
8 150 1
8 160 1
8 187 1
8 207 1
8 228 1
8 246 1
8 250 1
8 260 1
8 269 1
8 275 1
8 299 1
8 322 1
8 326 1
8 327 1
8 329 1
8 337 1
8 345 1
8 351 1
8 362 1
8 364 1
8 378 1
8 380 1
8 411 1
8 432 1
8 438 1
8 444 1
8 466 1
8 477 1
8 486 1
8 499 1
8 514 1
8 552 1
8 553 1
8 575 1
8 594 1
8 599 1
8 600 1
8 608 1
8 618 1
8 648 1
8 661 1
8 680 1
8 694 1
8 710 1
8 711 1
8 729 1
8 750 1
8 811 1
8 835 1
8 861 1
8 875 1
8 877 1
8 926 1
8 954 1
8 970 1
8 974 1
9 10 1
9 11 1
9 12 1
9 13 1
9 16 1
9 19 1
9 21 1
9 22 1
9 24 1
9 25 1
9 26 1
9 29 1
9 31 1
9 33 1
9 34 1
9 35 1
9 37 1
9 40 1
9 41 1
9 43 1
9 44 1
9 47 1
9 51 1
9 52 1
9 55 1
9 58 1
9 59 1
9 63 1
9 64 1
9 66 1
9 67 1
9 68 1
9 70 1
9 72 1
9 77 1
9 79 1
9 80 1
9 83 1
9 84 1
9 87 1
9 94 1
9 96 1
9 102 1
9 104 1
9 108 1
9 113 1
9 117 1
9 118 1
9 125 1
9 126 1
9 132 1
9 135 1
9 140 1
9 143 1
9 147 1
9 148 1
9 172 1
9 174 1
9 177 1
9 189 1
9 196 1
9 223 1
9 224 1
9 251 1
9 275 1
9 277 1
9 282 1
9 296 1
9 298 1
9 300 1
9 310 1
9 318 1
9 327 1
9 329 1
9 331 1
9 332 1
9 334 1
9 339 1
9 357 1
9 365 1
9 369 1
9 398 1
9 405 1
9 407 1
9 413 1
9 415 1
9 422 1
9 442 1
9 451 1
9 470 1
9 480 1
9 508 1
9 524 1
9 526 1
9 535 1
9 545 1
9 557 1
9 566 1
9 569 1
9 577 1
9 588 1
9 601 1
9 604 1
9 606 1
9 608 1
9 609 1
9 613 1
9 614 1
9 626 1
9 633 1
9 642 1
9 650 1
9 655 1
9 678 1
9 685 1
9 741 1
9 742 1
9 777 1
9 796 1
9 803 1
9 818 1
9 834 1
9 844 1
9 848 1
9 883 1
9 909 1
9 924 1
9 930 1
9 942 1
9 945 1
9 950 1
9 972 1
9 975 1
9 998 1
10 12 1
10 23 1
10 33 1
10 42 1
10 49 1
10 58 1
10 71 1
10 77 1
10 78 1
10 90 1
10 91 1
10 108 1
10 111 1
10 116 1
10 119 1
10 138 1
10 184 1
10 186 1
10 193 1
10 211 1
10 225 1
10 233 1
10 249 1
10 262 1
10 276 1
10 340 1
10 341 1
10 342 1
10 343 1
10 352 1
10 355 1
10 381 1
10 387 1
10 411 1
10 435 1
10 473 1
10 478 1
10 494 1
10 510 1
10 543 1
10 729 1
10 738 1
10 752 1
10 770 1
10 791 1
10 793 1
10 804 1
10 816 1
10 859 1
10 959 1
10 983 1
10 984 1
11 12 1
11 14 1
11 23 1
11 28 1
11 44 1
11 48 1
11 55 1
11 60 1
11 65 1
11 77 1
11 79 1
11 81 1
11 104 1
11 106 1
11 109 1
11 121 1
11 125 1
11 141 1
11 144 1
11 151 1
11 160 1
11 195 1
11 197 1
11 199 1
11 219 1
11 242 1
11 244 1
11 261 1
11 270 1
11 292 1
11 297 1
11 305 1
11 312 1
11 316 1
11 347 1
11 383 1
11 387 1
11 397 1
11 412 1
11 432 1
11 436 1
11 445 1
11 452 1
11 453 1
11 461 1
11 488 1
11 489 1
11 558 1
11 601 1
11 655 1
11 662 1
11 665 1
11 744 1
11 753 1
11 781 1
11 813 1
11 857 1
11 858 1
11 886 1
11 902 1
11 925 1
11 933 1
11 963 1
12 17 1
12 18 1
12 20 1
12 28 1
12 29 1
12 35 1
12 47 1
12 68 1
12 96 1
12 185 1
12 232 1
12 257 1
12 294 1
12 344 1
12 373 1
12 382 1
12 447 1
12 455 1
12 465 1
12 487 1
12 628 1
12 685 1
12 693 1
12 736 1
12 776 1
12 845 1
12 848 1
12 853 1
12 873 1
12 946 1
12 948 1
12 968 1
12 997 1
13 15 1
13 17 1
13 21 1
13 31 1
13 33 1
13 35 1
13 39 1
13 46 1
13 61 1
13 71 1
13 75 1
13 85 1
13 86 1
13 89 1
13 93 1
13 101 1
13 103 1
13 105 1
13 112 1
13 120 1
13 145 1
13 166 1
13 177 1
13 183 1
13 189 1
13 211 1
13 222 1
13 228 1
13 232 1
13 235 1
13 237 1
13 253 1
13 259 1
13 296 1
13 304 1
13 323 1
13 325 1
13 338 1
13 339 1
13 353 1
13 375 1
13 395 1
13 397 1
13 399 1
13 405 1
13 424 1
13 447 1
13 452 1
13 467 1
13 493 1
13 524 1
13 533 1
13 537 1
13 565 1
13 587 1
13 644 1
13 647 1
13 666 1
13 678 1
13 679 1
13 682 1
13 683 1
13 706 1
13 726 1
13 727 1
13 739 1
13 742 1
13 747 1
13 769 1
13 826 1
13 841 1
13 846 1
13 866 1
13 893 1
13 899 1
13 910 1
13 912 1
13 926 1
13 951 1
13 959 1
13 973 1
13 979 1
13 994 1
14 16 1
14 26 1
14 27 1
14 29 1
14 30 1
14 34 1
14 40 1
14 41 1
14 49 1
14 52 1
14 56 1
14 58 1
14 59 1
14 63 1
14 66 1
14 73 1
14 81 1
14 85 1
14 97 1
14 100 1
14 106 1
14 130 1
14 142 1
14 152 1
14 164 1
14 182 1
14 184 1
14 188 1
14 190 1
14 195 1
14 209 1
14 213 1
14 269 1
14 281 1
14 325 1
14 337 1
14 366 1
14 383 1
14 390 1
14 404 1
14 406 1
14 410 1
14 458 1
14 504 1
14 513 1
14 537 1
14 542 1
14 554 1
14 578 1
14 668 1
14 669 1
14 704 1
14 785 1
14 804 1
14 872 1
14 889 1
14 918 1
14 936 1
14 963 1
14 998 1
15 17 1
15 19 1
15 21 1
15 24 1
15 29 1
15 37 1
15 38 1
15 43 1
15 50 1
15 51 1
15 52 1
15 55 1
15 65 1
15 75 1
15 110 1
15 130 1
15 144 1
15 152 1
15 165 1
15 168 1
15 174 1
15 177 1
15 178 1
15 202 1
15 209 1
15 225 1
15 231 1
15 238 1
15 254 1
15 281 1
15 292 1
15 303 1
15 315 1
15 319 1
15 341 1
15 354 1
15 356 1
15 394 1
15 404 1
15 408 1
15 448 1
15 449 1
15 450 1
15 476 1
15 479 1
15 482 1
15 497 1
15 504 1
15 515 1
15 519 1
15 529 1
15 549 1
15 550 1
15 567 1
15 583 1
15 615 1
15 620 1
15 633 1
15 648 1
15 657 1
15 658 1
15 695 1
15 727 1
15 733 1
15 751 1
15 755 1
15 758 1
15 781 1
15 782 1
15 829 1
15 830 1
15 838 1
15 865 1
15 869 1
15 895 1
15 907 1
15 909 1
15 952 1
15 982 1
16 20 1
16 22 1
16 23 1
16 25 1
16 30 1
16 57 1
16 81 1
16 98 1
16 99 1
16 102 1
16 134 1
16 163 1
16 175 1
16 201 1
16 221 1
16 223 1
16 250 1
16 261 1
16 294 1
16 338 1
16 355 1
16 414 1
16 459 1
16 498 1
16 512 1
16 532 1
16 544 1
16 587 1
16 611 1
16 786 1
16 890 1
16 922 1
16 932 1
16 953 1
16 972 1
17 42 1
17 43 1
17 66 1
17 78 1
17 83 1
17 107 1
17 136 1
17 138 1
17 188 1
17 195 1
17 205 1
17 223 1
17 226 1
17 228 1
17 260 1
17 337 1
17 349 1
17 434 1
17 522 1
17 580 1
17 619 1
17 646 1
17 697 1
17 746 1
17 783 1
17 842 1
17 873 1
17 896 1
18 19 1
18 22 1
18 24 1
18 41 1
18 53 1
18 56 1
18 74 1
18 77 1
18 88 1
18 131 1
18 139 1
18 141 1
18 167 1
18 222 1
18 224 1
18 244 1
18 288 1
18 301 1
18 308 1
18 324 1
18 347 1
18 512 1
18 520 1
18 533 1
18 563 1
18 567 1
18 575 1
18 597 1
18 616 1
18 629 1
18 653 1
18 654 1
18 701 1
18 752 1
18 826 1
18 963 1
18 966 1
19 59 1
19 65 1
19 76 1
19 85 1
19 88 1
19 93 1
19 101 1
19 114 1
19 123 1
19 140 1
19 171 1
19 178 1
19 256 1
19 258 1
19 267 1
19 268 1
19 315 1
19 339 1
19 366 1
19 415 1
19 474 1
19 527 1
19 529 1
19 626 1
19 700 1
19 714 1
19 732 1
19 736 1
19 741 1
19 843 1
19 884 1
19 898 1
19 970 1
20 26 1
20 29 1
20 36 1
20 42 1
20 46 1
20 57 1
20 64 1
20 65 1
20 71 1
20 86 1
20 89 1
20 91 1
20 105 1
20 110 1
20 146 1
20 148 1
20 149 1
20 153 1
20 165 1
20 171 1
20 179 1
20 181 1
20 193 1
20 198 1
20 207 1
20 210 1
20 243 1
20 298 1
20 304 1
20 314 1
20 324 1
20 352 1
20 370 1
20 371 1
20 392 1
20 403 1
20 477 1
20 498 1
20 503 1
20 526 1
20 537 1
20 563 1
20 602 1
20 625 1
20 631 1
20 682 1
20 720 1
20 750 1
20 763 1
20 764 1
20 809 1
20 823 1
20 864 1
20 983 1
21 83 1
21 93 1
21 118 1
21 146 1
21 162 1
21 216 1
21 240 1
21 399 1
21 417 1
21 422 1
21 429 1
21 436 1
21 467 1
21 540 1
21 555 1
21 581 1
21 595 1
21 606 1
21 623 1
21 678 1
21 764 1
21 832 1
21 884 1
21 886 1
21 895 1
21 940 1
22 31 1
22 160 1
22 192 1
22 200 1
22 230 1
22 310 1
22 346 1
22 421 1
22 438 1
22 543 1
22 612 1
22 809 1
22 896 1
22 898 1
22 920 1
23 24 1
23 27 1
23 28 1
23 37 1
23 40 1
23 44 1
23 63 1
23 70 1
23 104 1
23 107 1
23 122 1
23 159 1
23 192 1
23 202 1
23 213 1
23 234 1
23 245 1
23 246 1
23 250 1
23 271 1
23 276 1
23 295 1
23 320 1
23 352 1
23 360 1
23 368 1
23 376 1
23 445 1
23 494 1
23 538 1
23 544 1
23 557 1
23 581 1
23 617 1
23 647 1
23 683 1
23 706 1
23 798 1
23 806 1
23 923 1
23 924 1
23 954 1
23 985 1
24 27 1
24 32 1
24 39 1
24 80 1
24 92 1
24 98 1
24 162 1
24 189 1
24 211 1
24 216 1
24 284 1
24 290 1
24 456 1
24 525 1
24 527 1
24 728 1
24 767 1
24 782 1
24 856 1
24 916 1
24 941 1
24 981 1
25 37 1
25 38 1
25 48 1
25 122 1
25 169 1
25 173 1
25 198 1
25 208 1
25 305 1
25 373 1
25 510 1
25 608 1
25 845 1
25 852 1
25 879 1
26 54 1
26 57 1
26 70 1
26 102 1
26 130 1
26 153 1
26 206 1
26 280 1
26 314 1
26 379 1
26 383 1
26 387 1
26 464 1
26 486 1
26 502 1
26 519 1
26 546 1
26 569 1
26 643 1
26 710 1
26 804 1
26 904 1
27 39 1
27 50 1
27 58 1
27 61 1
27 75 1
27 82 1
27 101 1
27 129 1
27 151 1
27 173 1
27 215 1
27 257 1
27 272 1
27 289 1
27 299 1
27 360 1
27 361 1
27 377 1
27 562 1
27 638 1
27 666 1
27 693 1
27 867 1
27 883 1
27 935 1
28 32 1
28 37 1
28 41 1
28 45 1
28 54 1
28 62 1
28 79 1
28 117 1
28 128 1
28 136 1
28 165 1
28 178 1
28 226 1
28 231 1
28 273 1
28 279 1
28 313 1
28 360 1
28 368 1
28 422 1
28 423 1
28 446 1
28 472 1
28 473 1
28 500 1
28 545 1
28 707 1
28 740 1
28 805 1
28 808 1
28 881 1
28 892 1
28 904 1
28 905 1
28 962 1
28 981 1
28 996 1
29 32 1
29 40 1
29 47 1
29 48 1
29 85 1
29 115 1
29 121 1
29 138 1
29 163 1
29 244 1
29 283 1
29 291 1
29 329 1
29 331 1
29 342 1
29 358 1
29 474 1
29 479 1
29 510 1
29 550 1
29 560 1
29 660 1
29 809 1
29 928 1
29 943 1
30 48 1
30 51 1
30 53 1
30 72 1
30 97 1
30 107 1
30 113 1
30 120 1
30 135 1
30 176 1
30 218 1
30 236 1
30 252 1
30 260 1
30 269 1
30 274 1
30 275 1
30 290 1
30 293 1
30 302 1
30 309 1
30 323 1
30 368 1
30 381 1
30 389 1
30 398 1
30 407 1
30 410 1
30 426 1
30 431 1
30 448 1
30 460 1
30 501 1
30 544 1
30 565 1
30 577 1
30 610 1
30 614 1
30 654 1
30 656 1
30 693 1
30 742 1
30 766 1
30 794 1
30 842 1
30 873 1
30 889 1
30 913 1
30 914 1
30 919 1
30 921 1
30 973 1
31 34 1
31 47 1
31 55 1
31 61 1
31 83 1
31 101 1
31 107 1
31 113 1
31 124 1
31 128 1
31 162 1
31 181 1
31 193 1
31 201 1
31 252 1
31 303 1
31 392 1
31 430 1
31 453 1
31 640 1
31 642 1
31 686 1
31 703 1
31 725 1
31 924 1
32 45 1
32 74 1
32 115 1
32 122 1
32 159 1
32 274 1
32 294 1
32 365 1
32 370 1
32 394 1
32 406 1
32 457 1
32 509 1
32 514 1
32 553 1
32 618 1
32 649 1
32 679 1
32 882 1
32 884 1
32 999 1
33 38 1
33 57 1
33 76 1
33 89 1
33 121 1
33 125 1
33 146 1
33 150 1
33 180 1
33 207 1
33 217 1
33 271 1
33 275 1
33 278 1
33 302 1
33 311 1
33 326 1
33 375 1
33 531 1
33 536 1
33 541 1
33 759 1
33 771 1
33 795 1
33 829 1
33 855 1
33 965 1
33 973 1
34 41 1
34 199 1
34 225 1
34 237 1
34 285 1
34 321 1
34 338 1
34 704 1
34 749 1
34 788 1
34 791 1
34 802 1
34 858 1
34 861 1
34 946 1
34 951 1
34 993 1
35 61 1
35 74 1
35 147 1
35 167 1
35 384 1
35 389 1
35 400 1
35 625 1
35 641 1
35 776 1
35 815 1
35 837 1
36 49 1
36 50 1
36 60 1
36 81 1
36 122 1
36 184 1
36 212 1
36 247 1
36 274 1
36 379 1
36 699 1
36 899 1
37 42 1
37 45 1
37 80 1
37 89 1
37 113 1
37 132 1
37 137 1
37 167 1
37 176 1
37 185 1
37 216 1
37 222 1
37 346 1
37 423 1
37 483 1
37 560 1
37 567 1
37 636 1
37 713 1
37 819 1
37 903 1
37 967 1
37 971 1
38 42 1
38 60 1
38 90 1
38 116 1
38 241 1
38 263 1
38 291 1
38 347 1
38 495 1
38 657 1
38 659 1
38 682 1
38 751 1
38 886 1
38 955 1
39 51 1
39 115 1
39 137 1
39 147 1
39 153 1
39 194 1
39 266 1
39 374 1
39 423 1
39 518 1
39 581 1
39 799 1
39 814 1
39 841 1
39 885 1
39 910 1
39 980 1
40 53 1
40 56 1
40 98 1
40 164 1
40 227 1
40 235 1
40 283 1
40 384 1
40 398 1
40 461 1
40 502 1
40 530 1
40 572 1
40 707 1
40 735 1
40 885 1
41 46 1
41 52 1
41 89 1
41 106 1
41 123 1
41 126 1
41 160 1
41 214 1
41 228 1
41 237 1
41 276 1
41 284 1
41 318 1
41 328 1
41 451 1
41 478 1
41 525 1
41 548 1
41 676 1
41 705 1
41 715 1
41 775 1
41 789 1
41 876 1
41 910 1
41 911 1
42 51 1
42 64 1
42 98 1
42 109 1
42 111 1
42 119 1
42 145 1
42 149 1
42 197 1
42 218 1
42 220 1
42 262 1
42 322 1
42 329 1
42 374 1
42 439 1
42 454 1
42 456 1
42 485 1
42 581 1
42 629 1
42 639 1
42 643 1
42 756 1
42 762 1
42 828 1
42 872 1
43 71 1
43 78 1
43 82 1
43 93 1
43 94 1
43 99 1
43 125 1
43 212 1
43 286 1
43 287 1
43 309 1
43 362 1
43 434 1
43 548 1
43 588 1
43 599 1
43 725 1
43 759 1
43 849 1
43 910 1
43 916 1
43 981 1
44 45 1
44 47 1
44 63 1
44 67 1
44 69 1
44 87 1
44 92 1
44 277 1
44 406 1
44 409 1
44 437 1
44 484 1
44 653 1
44 777 1
44 874 1
44 879 1
44 905 1
45 332 1
45 464 1
45 609 1
46 86 1
46 87 1
46 112 1
46 118 1
46 135 1
46 142 1
46 163 1
46 179 1
46 199 1
46 241 1
46 250 1
46 277 1
46 292 1
46 321 1
46 578 1
46 595 1
46 618 1
46 656 1
46 671 1
46 689 1
46 740 1
46 810 1
46 875 1
46 985 1
47 53 1
47 56 1
47 58 1
47 72 1
47 81 1
47 84 1
47 87 1
47 90 1
47 98 1
47 100 1
47 126 1
47 130 1
47 155 1
47 192 1
47 194 1
47 198 1
47 208 1
47 223 1
47 252 1
47 290 1
47 353 1
47 391 1
47 404 1
47 447 1
47 503 1
47 508 1
47 520 1
47 586 1
47 607 1
47 663 1
47 681 1
47 755 1
47 768 1
47 785 1
47 794 1
47 796 1
47 894 1
48 63 1
48 76 1
48 97 1
48 116 1
48 133 1
48 140 1
48 173 1
48 182 1
48 221 1
48 227 1
48 232 1
48 368 1
48 508 1
48 568 1
48 630 1
48 683 1
48 706 1
48 746 1
48 769 1
48 781 1
48 881 1
48 935 1
48 941 1
48 957 1
49 127 1
49 175 1
49 210 1
49 244 1
49 256 1
49 263 1
49 324 1
49 397 1
49 433 1
50 55 1
50 127 1
50 131 1
50 139 1
50 200 1
50 220 1
50 780 1
50 862 1
51 103 1
51 151 1
51 227 1
51 259 1
51 325 1
51 385 1
51 490 1
51 560 1
51 627 1
51 706 1
51 750 1
51 783 1
51 802 1
51 869 1
52 54 1
52 57 1
52 61 1
52 67 1
52 69 1
52 87 1
52 88 1
52 112 1
52 115 1
52 143 1
52 150 1
52 156 1
52 166 1
52 169 1
52 190 1
52 194 1
52 229 1
52 255 1
52 323 1
52 333 1
52 340 1
52 343 1
52 367 1
52 386 1
52 419 1
52 425 1
52 446 1
52 464 1
52 479 1
52 488 1
52 517 1
52 593 1
52 661 1
52 690 1
52 814 1
52 819 1
52 833 1
52 890 1
52 902 1
52 917 1
52 978 1
53 64 1
53 68 1
53 76 1
53 101 1
53 141 1
53 144 1
53 149 1
53 157 1
53 158 1
53 166 1
53 178 1
53 187 1
53 196 1
53 226 1
53 235 1
53 241 1
53 262 1
53 284 1
53 301 1
53 319 1
53 345 1
53 354 1
53 417 1
53 426 1
53 469 1
53 478 1
53 485 1
53 505 1
53 529 1
53 546 1
53 548 1
53 549 1
53 568 1
53 571 1
53 579 1
53 635 1
53 664 1
53 693 1
53 737 1
53 781 1
53 849 1
53 859 1
53 901 1
53 906 1
53 945 1
54 122 1
54 130 1
54 146 1
54 203 1
54 211 1
54 253 1
54 258 1
54 263 1
54 308 1
54 328 1
54 409 1
54 486 1
54 610 1
54 818 1
54 825 1
55 88 1
55 95 1
55 158 1
55 253 1
55 277 1
55 328 1
55 354 1
55 440 1
55 522 1
55 896 1
56 59 1
56 62 1
56 69 1
56 75 1
56 79 1
56 91 1
56 104 1
56 124 1
56 188 1
56 240 1
56 307 1
56 316 1
56 323 1
56 335 1
56 339 1
56 370 1
56 372 1
56 379 1
56 393 1
56 430 1
56 437 1
56 444 1
56 461 1
56 490 1
56 598 1
56 676 1
56 765 1
56 772 1
57 91 1
57 143 1
57 193 1
57 215 1
57 661 1
57 806 1
58 73 1
58 86 1
58 88 1
58 99 1
58 100 1
58 135 1
58 220 1
58 371 1
58 514 1
58 537 1
58 566 1
58 731 1
58 757 1
58 838 1
58 994 1
59 75 1
59 85 1
59 165 1
59 170 1
59 275 1
59 667 1
59 719 1
60 603 1
60 728 1
61 92 1
61 120 1
61 328 1
61 348 1
61 358 1
61 585 1
61 591 1
61 658 1
61 880 1
62 67 1
62 82 1
62 108 1
62 159 1
62 172 1
62 176 1
62 192 1
62 238 1
62 469 1
62 648 1
62 691 1
62 839 1
63 69 1
63 78 1
63 82 1
63 84 1
63 132 1
63 147 1
63 148 1
63 152 1
63 154 1
63 180 1
63 204 1
63 207 1
63 234 1
63 245 1
63 428 1
63 438 1
63 468 1
63 547 1
63 657 1
63 748 1
63 880 1
63 882 1
63 885 1
63 976 1
64 77 1
64 141 1
64 145 1
64 171 1
64 186 1
64 206 1
64 268 1
64 277 1
64 311 1
64 325 1
64 338 1
64 360 1
64 415 1
64 506 1
64 557 1
64 563 1
64 620 1
64 774 1
65 162 1
65 219 1
65 271 1
65 420 1
65 428 1
65 495 1
65 511 1
65 533 1
65 792 1
66 285 1
66 330 1
66 431 1
66 433 1
66 541 1
66 566 1
66 590 1
66 677 1
66 680 1
67 99 1
67 113 1
67 129 1
67 131 1
67 175 1
67 185 1
67 203 1
67 251 1
67 342 1
67 593 1
67 632 1
67 654 1
67 697 1
67 850 1
68 70 1
68 73 1
68 74 1
68 78 1
68 105 1
68 148 1
68 170 1
68 213 1
68 278 1
68 335 1
68 375 1
68 378 1
68 387 1
68 403 1
68 409 1
68 413 1
68 442 1
68 445 1
68 460 1
68 514 1
68 545 1
68 568 1
68 746 1
68 775 1
68 804 1
68 843 1
68 853 1
68 862 1
68 872 1
68 912 1
68 925 1
68 990 1
69 83 1
69 99 1
69 100 1
69 119 1
69 124 1
69 149 1
69 156 1
69 181 1
69 189 1
69 332 1
69 350 1
69 361 1
69 388 1
69 400 1
69 429 1
69 490 1
69 555 1
69 562 1
69 597 1
69 599 1
69 684 1
69 806 1
69 916 1
70 103 1
70 155 1
70 161 1
70 535 1
70 692 1
70 773 1
70 814 1
70 830 1
71 82 1
71 84 1
71 134 1
71 154 1
71 159 1
71 163 1
71 180 1
71 197 1
71 204 1
71 259 1
71 299 1
71 327 1
71 365 1
71 389 1
71 397 1
71 438 1
71 441 1
71 456 1
71 470 1
71 504 1
71 562 1
71 629 1
71 640 1
71 726 1
71 732 1
71 818 1
71 861 1
71 969 1
71 982 1
72 94 1
72 105 1
72 132 1
72 143 1
72 150 1
72 184 1
72 202 1
72 205 1
72 247 1
72 288 1
72 321 1
72 346 1
72 432 1
72 554 1
72 600 1
72 721 1
72 817 1
72 854 1
72 998 1
73 80 1
73 84 1
73 145 1
73 481 1
73 500 1
73 523 1
73 560 1
73 597 1
73 974 1
73 990 1
74 90 1
74 126 1
74 161 1
74 238 1
74 246 1
74 326 1
74 359 1
74 400 1
74 534 1
74 552 1
74 694 1
74 727 1
74 770 1
74 793 1
74 962 1
75 117 1
75 142 1
75 234 1
75 240 1
75 257 1
75 276 1
75 306 1
75 372 1
75 415 1
75 545 1
75 647 1
75 699 1
75 705 1
75 817 1
75 823 1
75 891 1
75 919 1
76 90 1
76 96 1
76 229 1
76 269 1
76 287 1
76 307 1
76 342 1
76 464 1
76 763 1
76 784 1
76 890 1
77 79 1
77 121 1
77 123 1
77 133 1
77 143 1
77 155 1
77 168 1
77 221 1
77 246 1
77 308 1
77 333 1
77 377 1
77 385 1
77 390 1
77 449 1
77 453 1
77 458 1
77 493 1
77 722 1
77 728 1
77 777 1
77 785 1
77 949 1
78 114 1
78 174 1
78 236 1
78 264 1
78 307 1
78 317 1
78 432 1
78 448 1
78 464 1
78 475 1
78 495 1
78 593 1
78 878 1
78 954 1
79 95 1
79 237 1
79 263 1
79 274 1
79 318 1
79 322 1
79 352 1
79 568 1
79 601 1
79 609 1
80 133 1
80 331 1
80 393 1
80 586 1
80 686 1
80 738 1
80 978 1
81 206 1
81 272 1
81 293 1
81 369 1
81 433 1
81 439 1
81 522 1
81 552 1
81 564 1
81 570 1
81 649 1
81 702 1
81 765 1
81 801 1
82 195 1
82 316 1
82 440 1
82 813 1
82 851 1
83 102 1
83 114 1
83 173 1
83 185 1
83 242 1
83 430 1
83 474 1
83 558 1
83 613 1
83 634 1
83 638 1
83 921 1
84 105 1
84 108 1
84 212 1
84 254 1
84 263 1
84 300 1
84 324 1
84 470 1
84 584 1
84 616 1
84 677 1
84 714 1
84 722 1
84 725 1
84 760 1
84 898 1
84 930 1
85 94 1
85 95 1
85 136 1
85 172 1
85 209 1
85 224 1
85 231 1
85 265 1
85 282 1
85 336 1
85 416 1
85 578 1
85 669 1
85 831 1
85 854 1
85 874 1
85 927 1
85 949 1
85 990 1
86 133 1
86 142 1
86 249 1
86 334 1
86 341 1
86 374 1
86 614 1
86 687 1
86 711 1
86 712 1
86 793 1
86 931 1
86 981 1
87 200 1
87 209 1
87 273 1
87 280 1
87 488 1
87 810 1
87 936 1
88 118 1
88 148 1
88 189 1
88 222 1
88 224 1
88 231 1
88 281 1
88 336 1
88 376 1
88 648 1
88 752 1
88 803 1
89 110 1
89 317 1
89 347 1
89 413 1
89 448 1
89 451 1
89 470 1
89 538 1
89 619 1
89 837 1
90 117 1
90 137 1
90 139 1
90 150 1
90 174 1
90 179 1
90 201 1
90 210 1
90 237 1
90 240 1
90 242 1
90 268 1
90 273 1
90 391 1
90 393 1
90 409 1
90 473 1
90 477 1
90 553 1
90 818 1
90 840 1
90 964 1
90 973 1
91 92 1
91 169 1
91 186 1
91 233 1
91 265 1
91 315 1
91 386 1
91 412 1
91 416 1
91 422 1
91 441 1
91 446 1
91 463 1
91 517 1
91 523 1
91 580 1
91 604 1
91 715 1
91 854 1
91 903 1
91 931 1
91 940 1
91 958 1
91 978 1
92 94 1
92 111 1
92 141 1
92 158 1
92 217 1
92 253 1
92 258 1
92 273 1
92 297 1
92 302 1
92 305 1
92 320 1
92 484 1
92 517 1
92 523 1
92 537 1
92 553 1
92 605 1
92 612 1
92 687 1
92 789 1
92 881 1
92 928 1
92 965 1
92 985 1
93 106 1
93 128 1
93 166 1
93 194 1
93 383 1
93 435 1
93 651 1
93 671 1
93 732 1
94 117 1
94 161 1
94 197 1
94 211 1
94 226 1
94 313 1
94 316 1
94 325 1
94 363 1
94 372 1
94 667 1
94 671 1
94 733 1
94 743 1
94 745 1
94 955 1
95 100 1
95 205 1
95 219 1
95 227 1
95 245 1
95 262 1
95 294 1
95 367 1
95 550 1
95 754 1
95 785 1
95 909 1
96 118 1
96 171 1
96 177 1
96 248 1
96 267 1
96 372 1
96 389 1
96 458 1
96 653 1
96 669 1
96 879 1
96 911 1
97 102 1
97 131 1
97 139 1
97 154 1
97 174 1
97 187 1
97 215 1
97 217 1
97 218 1
97 249 1
97 251 1
97 370 1
97 408 1
97 475 1
97 489 1
97 561 1
97 594 1
97 595 1
97 625 1
97 690 1
97 696 1
97 773 1
97 961 1
97 970 1
98 200 1
98 272 1
98 320 1
98 483 1
98 487 1
98 547 1
98 764 1
99 116 1
99 120 1
99 134 1
99 164 1
99 249 1
99 279 1
99 370 1
99 373 1
99 480 1
99 521 1
99 623 1
99 673 1
99 718 1
99 805 1
100 112 1
100 247 1
100 434 1
100 749 1
100 790 1
100 836 1
101 134 1
101 136 1
101 140 1
101 191 1
101 552 1
101 650 1
101 776 1
101 844 1
101 867 1
102 103 1
102 104 1
102 135 1
102 191 1
102 233 1
102 258 1
102 287 1
102 367 1
102 425 1
102 458 1
102 675 1
103 164 1
103 388 1
103 484 1
103 592 1
103 695 1
103 767 1
103 807 1
103 950 1
103 987 1
104 110 1
104 132 1
104 157 1
104 166 1
104 304 1
104 350 1
104 373 1
104 427 1
104 462 1
104 583 1
104 680 1
104 717 1
104 897 1
104 964 1
105 254 1
105 304 1
105 330 1
105 790 1
106 114 1
106 125 1
106 179 1
106 255 1
106 256 1
106 264 1
106 269 1
106 439 1
106 442 1
106 566 1
106 711 1
106 739 1
106 762 1
106 872 1
106 969 1
107 119 1
107 131 1
107 191 1
107 230 1
107 246 1
107 268 1
107 456 1
107 627 1
107 843 1
108 111 1
108 115 1
108 157 1
108 435 1
108 463 1
108 513 1
108 631 1
108 780 1
108 829 1
108 936 1
109 111 1
109 127 1
109 154 1
109 396 1
109 554 1
109 942 1
109 995 1
109 1000 1
110 128 1
110 224 1
110 247 1
110 270 1
110 579 1
111 799 1
111 813 1
112 127 1
112 327 1
112 476 1
112 481 1
112 745 1
113 149 1
113 216 1
113 312 1
113 331 1
113 376 1
113 418 1
113 860 1
114 196 1
114 201 1
114 371 1
114 496 1
114 542 1
114 729 1
114 897 1
114 977 1
114 980 1
115 140 1
115 153 1
115 167 1
115 405 1
115 443 1
115 697 1
115 753 1
116 311 1
116 379 1
116 645 1
117 145 1
117 365 1
117 425 1
117 462 1
117 523 1
117 559 1
117 755 1
117 940 1
118 119 1
118 120 1
118 151 1
118 202 1
118 205 1
118 223 1
118 231 1
118 243 1
118 381 1
118 474 1
118 655 1
118 904 1
118 953 1
119 152 1
119 250 1
119 286 1
119 291 1
119 300 1
119 344 1
119 351 1
119 384 1
119 837 1
119 846 1
120 177 1
120 252 1
120 301 1
120 350 1
120 371 1
120 426 1
120 431 1
120 459 1
120 476 1
120 510 1
120 589 1
120 671 1
121 126 1
121 163 1
121 180 1
121 197 1
121 286 1
121 405 1
121 444 1
121 463 1
121 501 1
121 532 1
121 541 1
121 544 1
121 682 1
121 712 1
121 858 1
122 123 1
122 212 1
122 244 1
122 249 1
122 306 1
122 507 1
122 555 1
122 580 1
123 129 1
123 169 1
123 186 1
123 261 1
123 271 1
123 348 1
123 376 1
123 410 1
123 511 1
123 551 1
123 558 1
123 595 1
123 949 1
123 991 1
124 225 1
124 227 1
124 567 1
124 659 1
124 754 1
124 837 1
124 946 1
125 152 1
125 196 1
126 154 1
126 157 1
126 268 1
126 280 1
126 285 1
126 326 1
126 499 1
126 522 1
126 998 1
127 128 1
127 260 1
127 358 1
127 363 1
127 531 1
127 636 1
127 674 1
127 861 1
128 138 1
128 273 1
128 502 1
128 563 1
128 600 1
128 607 1
128 615 1
128 685 1
128 904 1
128 966 1
129 170 1
129 215 1
129 278 1
129 385 1
129 401 1
129 407 1
129 512 1
129 629 1
129 656 1
129 685 1
129 689 1
129 719 1
129 733 1
129 921 1
129 996 1
130 155 1
130 160 1
130 190 1
130 260 1
130 429 1
130 443 1
130 462 1
130 471 1
130 591 1
130 652 1
130 689 1
130 851 1
131 241 1
131 266 1
131 272 1
131 286 1
131 393 1
131 411 1
131 416 1
131 419 1
131 490 1
131 887 1
132 158 1
132 243 1
132 248 1
132 369 1
132 444 1
132 473 1
132 491 1
132 597 1
132 653 1
132 868 1
133 173 1
133 221 1
133 251 1
133 366 1
133 446 1
133 586 1
133 738 1
134 164 1
134 329 1
134 420 1
134 491 1
134 540 1
134 707 1
134 714 1
134 761 1
134 800 1
135 136 1
135 144 1
135 334 1
135 532 1
135 577 1
135 677 1
135 686 1
135 867 1
135 893 1
135 942 1
135 966 1
136 214 1
136 891 1
136 953 1
137 172 1
137 454 1
137 468 1
137 491 1
138 436 1
138 559 1
139 196 1
139 239 1
139 306 1
139 340 1
139 361 1
139 443 1
139 448 1
139 737 1
139 876 1
139 960 1
139 970 1
140 254 1
140 363 1
140 369 1
140 612 1
140 766 1
140 821 1
141 188 1
141 265 1
141 348 1
141 418 1
141 622 1
141 623 1
141 676 1
142 170 1
142 171 1
142 251 1
142 377 1
142 432 1
142 480 1
142 556 1
142 651 1
142 702 1
143 192 1
143 214 1
143 297 1
143 304 1
143 436 1
143 465 1
143 829 1
143 836 1
143 996 1
144 194 1
144 266 1
144 295 1
144 450 1
144 495 1
144 548 1
144 606 1
144 670 1
144 778 1
144 810 1
145 161 1
145 209 1
145 264 1
145 336 1
145 373 1
145 492 1
145 530 1
145 565 1
145 576 1
145 738 1
145 886 1
146 156 1
146 190 1
146 236 1
146 242 1
146 421 1
146 686 1
146 736 1
147 284 1
147 293 1
147 303 1
147 306 1
147 377 1
147 466 1
147 534 1
147 577 1
147 658 1
147 680 1
147 782 1
147 821 1
147 883 1
147 892 1
147 952 1
148 361 1
148 398 1
148 401 1
148 543 1
148 554 1
148 858 1
148 930 1
149 168 1
149 218 1
149 230 1
149 309 1
149 445 1
149 451 1
149 469 1
149 521 1
149 532 1
149 543 1
149 591 1
149 699 1
149 983 1
149 997 1
150 162 1
150 184 1
150 228 1
150 229 1
150 303 1
150 330 1
150 350 1
150 442 1
150 443 1
150 450 1
150 564 1
150 626 1
150 666 1
150 714 1
150 722 1
150 869 1
150 873 1
150 942 1
151 180 1
151 288 1
151 320 1
151 344 1
151 355 1
151 516 1
151 576 1
151 639 1
151 777 1
151 813 1
151 887 1
151 911 1
151 912 1
152 190 1
152 372 1
152 507 1
152 797 1
153 208 1
153 388 1
153 525 1
153 542 1
153 645 1
153 701 1
153 728 1
153 785 1
154 156 1
154 159 1
154 181 1
154 607 1
154 738 1
155 156 1
155 236 1
155 349 1
155 356 1
155 470 1
155 480 1
155 483 1
155 762 1
156 203 1
156 289 1
156 298 1
156 540 1
156 759 1
157 217 1
157 299 1
157 383 1
157 384 1
157 634 1
157 698 1
158 176 1
158 203 1
158 649 1
158 860 1
159 187 1
159 206 1
159 213 1
159 310 1
159 357 1
159 536 1
159 554 1
159 620 1
159 622 1
159 696 1
159 800 1
159 810 1
159 892 1
159 979 1
160 265 1
160 278 1
160 406 1
160 461 1
160 496 1
160 600 1
160 862 1
160 896 1
160 948 1
161 252 1
161 314 1
162 183 1
162 204 1
162 213 1
162 270 1
162 363 1
162 618 1
162 720 1
162 832 1
162 845 1
162 975 1
163 279 1
163 287 1
163 298 1
163 313 1
163 371 1
163 591 1
163 596 1
163 602 1
163 624 1
163 873 1
164 314 1
164 455 1
164 732 1
165 168 1
165 202 1
165 214 1
165 215 1
165 359 1
165 382 1
165 415 1
165 463 1
165 827 1
165 872 1
165 956 1
166 217 1
166 243 1
166 248 1
166 259 1
166 267 1
166 289 1
166 411 1
166 412 1
166 419 1
166 443 1
166 481 1
166 504 1
166 559 1
166 596 1
166 617 1
166 780 1
166 787 1
166 792 1
166 805 1
166 907 1
166 959 1
167 358 1
167 366 1
167 441 1
167 494 1
167 625 1
167 644 1
167 848 1
167 866 1
167 909 1
167 933 1
167 955 1
169 828 1
169 959 1
170 295 1
170 352 1
170 416 1
170 483 1
170 533 1
170 590 1
170 596 1
170 668 1
170 719 1
170 932 1
171 191 1
171 265 1
171 303 1
171 364 1
171 401 1
171 419 1
171 737 1
171 869 1
172 182 1
172 248 1
172 335 1
172 496 1
173 183 1
173 394 1
173 468 1
173 479 1
173 546 1
173 571 1
173 888 1
174 400 1
174 488 1
174 530 1
174 565 1
174 718 1
174 723 1
174 758 1
174 852 1
174 891 1
175 234 1
175 343 1
175 354 1
175 357 1
175 359 1
175 414 1
175 521 1
175 670 1
175 730 1
175 766 1
175 775 1
175 811 1
176 183 1
176 235 1
176 345 1
176 396 1
176 428 1
176 433 1
176 516 1
176 547 1
176 589 1
176 652 1
176 746 1
176 754 1
176 774 1
176 778 1
176 898 1
176 923 1
177 220 1
177 442 1
177 505 1
177 667 1
177 727 1
177 943 1
178 204 1
178 353 1
178 475 1
178 529 1
178 588 1
178 766 1
178 881 1
178 996 1
179 258 1
179 404 1
179 454 1
179 459 1
179 481 1
179 492 1
179 638 1
179 790 1
179 857 1
179 961 1
180 294 1
180 486 1
180 587 1
180 672 1
180 900 1
180 915 1
181 204 1
181 399 1
181 546 1
181 702 1
181 728 1
181 922 1
182 193 1
182 264 1
182 267 1
182 386 1
182 449 1
182 487 1
182 644 1
182 712 1
182 748 1
182 827 1
182 922 1
182 929 1
182 982 1
183 255 1
183 271 1
183 283 1
183 319 1
183 400 1
183 425 1
183 477 1
183 500 1
183 512 1
183 535 1
183 775 1
183 864 1
183 870 1
183 918 1
184 203 1
184 305 1
184 341 1
184 399 1
184 656 1
184 659 1
184 804 1
185 570 1
185 866 1
185 906 1
186 236 1
186 241 1
186 255 1
186 297 1
186 390 1
186 430 1
186 435 1
186 493 1
186 560 1
186 578 1
186 601 1
186 670 1
186 761 1
186 802 1
187 655 1
187 671 1
187 690 1
187 934 1
188 257 1
188 345 1
188 607 1
188 662 1
189 198 1
189 467 1
189 518 1
189 718 1
189 951 1
190 280 1
190 489 1
190 828 1
190 897 1
191 318 1
191 380 1
191 423 1
191 795 1
191 929 1
191 961 1
192 493 1
192 643 1
193 482 1
193 531 1
193 734 1
194 919 1
195 562 1
195 716 1
195 815 1
195 958 1
196 307 1
196 710 1
197 234 1
197 395 1
197 417 1
197 549 1
197 642 1
198 199 1
198 254 1
198 310 1
198 362 1
198 593 1
198 741 1
198 756 1
199 210 1
199 377 1
199 408 1
199 455 1
199 836 1
199 849 1
199 889 1
200 221 1
200 242 1
200 285 1
200 367 1
200 550 1
200 572 1
200 620 1
200 823 1
201 388 1
201 410 1
201 424 1
201 590 1
201 688 1
201 691 1
201 695 1
201 716 1
201 764 1
201 769 1
201 954 1
201 984 1
202 216 1
202 792 1
202 970 1
204 225 1
204 230 1
204 311 1
204 403 1
204 516 1
204 611 1
204 730 1
204 812 1
205 274 1
205 536 1
205 844 1
205 894 1
205 976 1
206 219 1
206 797 1
206 971 1
207 380 1
207 637 1
208 315 1
208 340 1
208 592 1
208 833 1
208 935 1
209 289 1
209 316 1
210 219 1
210 239 1
210 323 1
210 507 1
210 969 1
211 229 1
211 395 1
212 286 1
212 296 1
212 471 1
212 519 1
212 786 1
212 788 1
212 883 1
212 885 1
213 555 1
213 753 1
214 270 1
214 488 1
214 524 1
214 675 1
214 757 1
214 904 1
214 972 1
215 308 1
215 452 1
215 539 1
215 547 1
215 672 1
216 290 1
216 311 1
216 407 1
216 424 1
216 516 1
216 551 1
216 569 1
216 712 1
217 313 1
217 353 1
217 501 1
217 557 1
218 299 1
218 334 1
218 375 1
218 384 1
218 433 1
218 516 1
218 539 1
218 608 1
218 615 1
218 695 1
218 744 1
219 354 1
219 455 1
219 465 1
219 472 1
219 496 1
219 769 1
219 871 1
219 940 1
220 421 1
220 467 1
220 634 1
222 282 1
222 899 1
223 239 1
223 364 1
223 506 1
223 564 1
223 605 1
224 298 1
224 344 1
224 349 1
224 611 1
224 669 1
224 677 1
224 773 1
225 544 1
225 871 1
226 230 1
226 646 1
227 500 1
227 551 1
227 636 1
228 245 1
228 302 1
228 331 1
228 349 1
228 632 1
228 816 1
229 300 1
229 907 1
230 292 1
230 403 1
230 426 1
230 520 1
230 675 1
230 708 1
231 317 1
231 328 1
231 437 1
231 644 1
231 698 1
231 724 1
232 247 1
232 262 1
232 282 1
232 402 1
233 524 1
233 788 1
233 839 1
234 437 1
234 736 1
234 950 1
234 975 1
236 322 1
236 375 1
236 476 1
236 491 1
236 576 1
236 587 1
236 630 1
236 638 1
236 641 1
236 736 1
236 811 1
237 276 1
237 283 1
237 291 1
237 293 1
237 318 1
237 369 1
237 520 1
237 588 1
237 675 1
237 957 1
237 985 1
238 295 1
238 351 1
238 867 1
238 997 1
239 279 1
239 529 1
239 672 1
239 683 1
239 945 1
240 253 1
240 466 1
240 624 1
240 682 1
240 787 1
241 292 1
241 395 1
241 477 1
241 573 1
241 784 1
241 825 1
241 857 1
241 989 1
242 391 1
242 472 1
242 545 1
243 261 1
243 414 1
243 505 1
243 669 1
243 758 1
244 266 1
244 347 1
244 635 1
244 854 1
245 317 1
245 397 1
245 471 1
245 556 1
245 689 1
246 302 1
247 267 1
247 281 1
247 389 1
247 461 1
247 722 1
248 573 1
248 618 1
248 731 1
248 958 1
249 256 1
249 392 1
249 406 1
249 788 1
249 811 1
250 462 1
250 508 1
250 610 1
250 663 1
251 321 1
251 341 1
251 358 1
251 402 1
251 664 1
251 717 1
252 255 1
252 264 1
252 321 1
252 330 1
252 345 1
252 418 1
252 427 1
252 518 1
252 601 1
252 610 1
252 637 1
252 665 1
252 893 1
253 485 1
253 534 1
253 631 1
253 697 1
253 815 1
253 825 1
253 965 1
254 606 1
255 650 1
256 257 1
257 300 1
257 313 1
257 427 1
257 797 1
257 933 1
257 983 1
258 285 1
258 429 1
258 431 1
258 447 1
258 593 1
258 621 1
258 630 1
258 652 1
258 692 1
258 757 1
258 770 1
258 882 1
258 894 1
258 925 1
258 929 1
259 506 1
259 518 1
259 604 1
259 641 1
259 979 1
260 402 1
260 444 1
260 595 1
260 809 1
260 898 1
261 356 1
261 364 1
261 528 1
261 622 1
262 309 1
262 394 1
262 504 1
262 719 1
262 796 1
262 995 1
263 281 1
263 515 1
263 527 1
263 747 1
263 755 1
263 865 1
264 359 1
264 441 1
264 616 1
264 623 1
264 722 1
264 731 1
265 966 1
266 359 1
266 676 1
266 697 1
266 735 1
266 751 1
266 896 1
267 357 1
267 361 1
267 650 1
268 589 1
268 600 1
268 617 1
268 813 1
268 834 1
268 856 1
269 291 1
269 390 1
269 456 1
269 582 1
269 653 1
269 827 1
269 937 1
269 957 1
270 278 1
270 366 1
270 428 1
270 474 1
270 513 1
270 561 1
270 740 1
270 818 1
270 850 1
271 338 1
271 339 1
271 365 1
271 367 1
271 654 1
271 712 1
271 725 1
272 391 1
272 874 1
273 289 1
274 498 1
274 590 1
274 779 1
274 938 1
275 288 1
275 497 1
275 1000 1
276 417 1
276 511 1
276 807 1
276 926 1
277 283 1
277 287 1
277 293 1
277 314 1
277 420 1
277 556 1
277 564 1
277 570 1
277 724 1
277 739 1
277 761 1
277 821 1
277 822 1
278 296 1
278 487 1
278 542 1
278 734 1
278 747 1
278 835 1
278 865 1
279 312 1
279 589 1
279 991 1
280 501 1
280 690 1
282 536 1
282 613 1
282 717 1
282 737 1
282 877 1
283 333 1
283 378 1
283 401 1
283 539 1
283 580 1
283 743 1
283 923 1
286 326 1
286 497 1
286 641 1
286 908 1
286 940 1
287 392 1
287 639 1
287 724 1
287 744 1
288 327 1
288 351 1
288 457 1
288 465 1
288 585 1
289 307 1
289 616 1
289 679 1
289 763 1
289 772 1
289 901 1
290 319 1
290 704 1
290 838 1
290 841 1
291 357 1
291 495 1
291 509 1
291 531 1
291 620 1
291 640 1
291 647 1
291 692 1
291 706 1
291 789 1
291 808 1
291 809 1
291 967 1
292 482 1
293 602 1
294 993 1
297 502 1
297 700 1
298 336 1
299 525 1
299 582 1
299 716 1
299 767 1
299 774 1
300 426 1
300 427 1
300 575 1
300 598 1
300 760 1
301 945 1
303 374 1
303 468 1
303 720 1
305 388 1
305 487 1
305 621 1
306 424 1
306 550 1
306 888 1
307 670 1
307 684 1
307 731 1
307 947 1
308 380 1
308 490 1
308 931 1
309 482 1
309 519 1
309 621 1
309 644 1
309 762 1
309 803 1
309 962 1
310 581 1
310 865 1
311 376 1
311 380 1
311 438 1
311 496 1
311 666 1
311 756 1
311 847 1
312 335 1
312 381 1
312 598 1
312 637 1
312 823 1
312 907 1
313 382 1
313 440 1
313 892 1
314 450 1
314 460 1
314 786 1
315 346 1
315 349 1
315 515 1
315 968 1
316 320 1
316 322 1
316 407 1
316 425 1
316 465 1
316 498 1
316 698 1
316 774 1
316 876 1
317 337 1
317 353 1
317 747 1
317 885 1
317 925 1
318 665 1
318 863 1
319 350 1
319 382 1
319 396 1
319 418 1
319 599 1
319 637 1
319 814 1
320 592 1
320 988 1
321 395 1
321 421 1
321 729 1
322 409 1
322 522 1
322 627 1
322 812 1
322 862 1
322 884 1
323 335 1
323 340 1
323 412 1
323 503 1
323 506 1
323 678 1
323 694 1
323 917 1
323 923 1
323 977 1
324 364 1
324 493 1
324 643 1
325 463 1
325 521 1
325 863 1
325 998 1
326 709 1
326 916 1
327 512 1
327 555 1
327 613 1
327 660 1
327 768 1
327 822 1
328 726 1
329 418 1
329 517 1
330 534 1
331 417 1
331 575 1
331 642 1
331 674 1
332 472 1
332 556 1
332 643 1
332 783 1
333 378 1
333 391 1
333 399 1
333 405 1
333 408 1
333 617 1
333 622 1
333 650 1
333 663 1
333 792 1
333 798 1
333 863 1
333 880 1
333 881 1
333 905 1
333 929 1
334 344 1
334 362 1
334 447 1
334 457 1
334 515 1
334 598 1
334 602 1
334 745 1
334 831 1
334 850 1
334 927 1
334 943 1
334 949 1
335 626 1
335 713 1
335 901 1
335 924 1
336 387 1
336 410 1
336 439 1
336 489 1
336 507 1
337 693 1
338 446 1
338 801 1
338 980 1
339 402 1
339 484 1
339 538 1
339 699 1
339 717 1
339 857 1
339 999 1
340 452 1
340 915 1
341 421 1
341 753 1
341 792 1
341 838 1
342 420 1
342 486 1
342 824 1
342 861 1
342 914 1
342 918 1
343 530 1
344 709 1
344 787 1
344 816 1
344 977 1
346 649 1
347 715 1
348 583 1
348 610 1
348 634 1
348 741 1
349 688 1
350 378 1
350 576 1
351 920 1
352 583 1
352 603 1
352 609 1
353 430 1
353 833 1
354 475 1
354 499 1
354 837 1
355 396 1
355 781 1
355 953 1
357 987 1
359 360 1
359 362 1
359 385 1
359 507 1
359 551 1
359 740 1
359 910 1
359 915 1
360 363 1
360 401 1
360 435 1
360 469 1
360 848 1
361 368 1
361 917 1
362 457 1
362 553 1
362 609 1
362 782 1
362 812 1
362 850 1
363 518 1
363 639 1
363 926 1
364 428 1
364 481 1
364 582 1
364 646 1
364 812 1
364 865 1
364 871 1
365 659 1
365 819 1
365 934 1
366 414 1
366 437 1
366 526 1
366 571 1
366 690 1
366 958 1
367 404 1
367 539 1
367 688 1
367 743 1
368 480 1
368 540 1
368 648 1
368 664 1
368 674 1
368 984 1
370 668 1
372 540 1
372 611 1
373 542 1
374 431 1
374 527 1
374 699 1
374 703 1
374 839 1
375 573 1
375 594 1
375 621 1
375 761 1
375 887 1
376 382 1
376 420 1
376 423 1
376 434 1
376 807 1
376 912 1
376 916 1
376 945 1
377 408 1
377 434 1
377 704 1
377 939 1
378 398 1
378 674 1
378 860 1
379 494 1
379 543 1
380 938 1
380 992 1
381 939 1
382 894 1
383 582 1
383 645 1
383 810 1
383 859 1
384 575 1
384 900 1
384 984 1
385 449 1
385 497 1
385 691 1
385 806 1
386 692 1
387 454 1
387 822 1
387 855 1
388 499 1
389 492 1
389 701 1
389 826 1
389 967 1
391 402 1
391 455 1
391 746 1
391 971 1
392 827 1
392 868 1
392 891 1
392 927 1
392 948 1
393 468 1
393 530 1
393 576 1
393 766 1
394 559 1
394 619 1
394 708 1
394 956 1
395 500 1
395 628 1
395 908 1
396 416 1
396 584 1
396 841 1
396 984 1
397 713 1
398 419 1
398 552 1
398 585 1
398 594 1
398 630 1
398 952 1
399 471 1
399 473 1
399 528 1
399 562 1
399 769 1
400 485 1
400 492 1
400 539 1
400 549 1
400 597 1
400 687 1
400 797 1
400 939 1
400 944 1
401 965 1
402 532 1
402 625 1
402 848 1
403 599 1
403 859 1
403 880 1
404 720 1
404 808 1
405 453 1
405 459 1
405 702 1
405 798 1
405 814 1
405 840 1
405 857 1
405 878 1
405 935 1
405 956 1
406 458 1
406 868 1
406 928 1
406 962 1
407 574 1
407 633 1
407 889 1
408 657 1
408 700 1
408 730 1
408 774 1
409 827 1
410 843 1
410 902 1
411 526 1
411 915 1
412 652 1
412 661 1
412 795 1
413 449 1
413 632 1
413 649 1
413 834 1
413 893 1
413 930 1
414 509 1
415 567 1
415 755 1
415 805 1
415 866 1
415 989 1
416 454 1
416 520 1
416 847 1
416 942 1
417 749 1
418 854 1
418 883 1
418 994 1
419 440 1
419 466 1
419 494 1
419 721 1
419 754 1
419 899 1
419 918 1
420 483 1
420 514 1
420 561 1
420 684 1
420 991 1
421 664 1
421 748 1
421 976 1
422 531 1
422 594 1
422 627 1
422 748 1
422 790 1
422 801 1
422 958 1
423 616 1
423 765 1
424 592 1
424 631 1
424 780 1
424 953 1
425 605 1
427 572 1
427 577 1
427 744 1
427 821 1
427 822 1
427 830 1
427 920 1
427 938 1
427 951 1
427 961 1
427 994 1
428 752 1
430 871 1
431 673 1
433 503 1
433 605 1
433 640 1
435 436 1
435 476 1
435 892 1
436 471 1
436 613 1
436 617 1
436 685 1
436 773 1
436 867 1
437 586 1
437 658 1
437 723 1
437 730 1
437 773 1
438 705 1
438 853 1
438 919 1
439 450 1
439 673 1
440 513 1
440 704 1
441 533 1
441 535 1
441 572 1
441 775 1
441 794 1
442 462 1
442 709 1
443 475 1
443 856 1
444 968 1
445 938 1
446 457 1
446 570 1
446 603 1
446 752 1
448 559 1
450 536 1
450 937 1
451 715 1
451 730 1
451 841 1
452 808 1
452 939 1
453 538 1
453 703 1
454 642 1
454 691 1
454 708 1
454 930 1
455 497 1
455 551 1
455 565 1
455 750 1
455 835 1
456 517 1
456 548 1
456 731 1
456 749 1
456 822 1
456 842 1
456 855 1
456 882 1
457 557 1
457 754 1
457 817 1
457 947 1
458 571 1
458 720 1
458 786 1
458 826 1
458 860 1
458 999 1
459 526 1
459 684 1
459 830 1
459 864 1
459 941 1
460 472 1
460 547 1
460 585 1
460 835 1
461 590 1
462 917 1
462 979 1
463 656 1
463 710 1
464 528 1
464 798 1
464 844 1
465 714 1
466 681 1
466 905 1
468 573 1
468 976 1
469 502 1
469 564 1
469 694 1
469 924 1
470 485 1
470 513 1
470 651 1
470 662 1
470 941 1
471 875 1
473 534 1
473 633 1
473 713 1
473 863 1
474 523 1
474 606 1
474 719 1
475 624 1
475 739 1
476 615 1
476 632 1
477 994 1
478 566 1
478 672 1
479 580 1
481 587 1
481 870 1
481 879 1
482 647 1
483 767 1
485 499 1
485 519 1
485 641 1
485 696 1
485 831 1
489 498 1
489 503 1
489 985 1
491 579 1
491 652 1
491 735 1
491 903 1
492 568 1
492 612 1
492 635 1
492 840 1
492 853 1
493 771 1
493 847 1
493 931 1
495 579 1
495 679 1
495 779 1
496 510 1
496 687 1
496 715 1
496 869 1
496 891 1
496 901 1
497 739 1
498 509 1
499 541 1
500 561 1
500 851 1
500 992 1
501 645 1
501 793 1
501 816 1
501 858 1
501 878 1
501 879 1
502 505 1
502 574 1
503 691 1
503 922 1
504 585 1
504 761 1
504 833 1
505 572 1
506 615 1
506 734 1
507 558 1
507 591 1
507 987 1
508 798 1
508 876 1
509 707 1
509 723 1
510 563 1
510 735 1
510 877 1
510 927 1
511 646 1
511 779 1
511 834 1
514 743 1
516 684 1
516 817 1
516 834 1
517 802 1
517 894 1
518 546 1
519 574 1
519 751 1
520 525 1
520 659 1
521 791 1
521 999 1
524 527 1
524 633 1
524 964 1
525 578 1
525 612 1
525 743 1
525 772 1
525 911 1
526 694 1
526 824 1
527 986 1
530 811 1
531 598 1
531 611 1
532 584 1
532 596 1
532 614 1
532 660 1
532 705 1
532 993 1
534 778 1
535 604 1
535 673 1
536 688 1
536 708 1
536 832 1
537 583 1
537 733 1
537 965 1
538 629 1
538 863 1
539 569 1
539 584 1
539 689 1
539 800 1
539 807 1
539 989 1
540 692 1
540 974 1
541 764 1
541 806 1
542 666 1
543 651 1
543 745 1
544 771 1
545 757 1
546 658 1
546 805 1
547 630 1
547 664 1
547 954 1
548 574 1
548 897 1
550 588 1
550 812 1
550 971 1
551 799 1
552 592 1
552 657 1
552 667 1
552 726 1
552 955 1
552 960 1
552 986 1
555 777 1
555 845 1
556 779 1
556 828 1
556 830 1
556 963 1
556 992 1
557 602 1
557 718 1
559 840 1
560 624 1
560 701 1
560 839 1
562 823 1
563 668 1
563 846 1
563 968 1
564 655 1
564 956 1
565 663 1
566 569 1
566 952 1
567 831 1
567 960 1
569 589 1
569 742 1
569 913 1
569 922 1
571 855 1
572 622 1
572 705 1
574 670 1
574 758 1
574 900 1
574 969 1
575 628 1
576 679 1
577 672 1
577 972 1
579 935 1
580 681 1
580 686 1
580 793 1
580 846 1
580 893 1
581 651 1
581 864 1
582 903 1
583 937 1
584 725 1
584 762 1
584 768 1
584 799 1
585 614 1
585 674 1
585 803 1
586 788 1
587 789 1
589 646 1
589 723 1
589 783 1
589 908 1
590 639 1
590 661 1
590 780 1
590 852 1
591 741 1
592 701 1
592 886 1
594 907 1
595 721 1
595 794 1
596 604 1
596 660 1
596 936 1
597 654 1
597 902 1
598 621 1
599 665 1
599 768 1
599 832 1
599 909 1
600 608 1
601 856 1
602 724 1
602 911 1
603 760 1
604 944 1
606 687 1
607 662 1
607 803 1
608 628 1
609 698 1
609 767 1
610 957 1
611 638 1
611 851 1
612 800 1
612 819 1
614 783 1
615 709 1
615 852 1
615 868 1
616 787 1
616 995 1
619 915 1
621 726 1
622 635 1
622 708 1
622 763 1
622 795 1
622 820 1
623 836 1
623 889 1
623 959 1
624 961 1
624 990 1
625 678 1
625 815 1
626 709 1
626 860 1
628 758 1
628 932 1
628 941 1
630 760 1
630 947 1
631 635 1
631 778 1
631 786 1
631 914 1
634 696 1
634 703 1
635 871 1
636 713 1
636 900 1
636 988 1
637 887 1
637 914 1
638 974 1
639 846 1
643 660 1
644 934 1
645 665 1
645 710 1
645 890 1
645 967 1
646 677 1
648 868 1
649 934 1
652 820 1
652 946 1
653 662 1
653 675 1
653 968 1
654 913 1
654 927 1
655 787 1
655 997 1
656 673 1
656 851 1
657 663 1
657 943 1
658 957 1
660 745 1
660 842 1
661 749 1
662 771 1
662 789 1
663 993 1
667 944 1
669 683 1
669 765 1
670 734 1
671 808 1
674 756 1
675 717 1
675 946 1
677 688 1
678 794 1
678 884 1
678 926 1
678 947 1
679 695 1
679 696 1
679 735 1
679 748 1
679 801 1
680 729 1
681 790 1
681 903 1
682 920 1
683 995 1
684 732 1
684 796 1
686 870 1
687 718 1
687 763 1
689 925 1
690 844 1
690 913 1
690 992 1
694 943 1
695 721 1
696 723 1
697 716 1
697 842 1
698 802 1
699 795 1
699 971 1
700 784 1
700 933 1
701 986 1
702 849 1
703 784 1
705 782 1
705 895 1
707 765 1
707 908 1
708 721 1
709 800 1
710 928 1
711 874 1
712 779 1
713 724 1
715 931 1
715 982 1
717 932 1
719 852 1
719 875 1
719 923 1
719 939 1
720 772 1
720 933 1
720 960 1
722 878 1
722 888 1
722 936 1
725 727 1
725 734 1
727 888 1
729 756 1
729 770 1
730 776 1
735 887 1
735 989 1
736 890 1
736 977 1
739 977 1
739 989 1
740 817 1
741 902 1
742 799 1
743 831 1
743 849 1
744 914 1
747 847 1
747 983 1
748 824 1
749 921 1
749 929 1
749 949 1
751 821 1
753 757 1
755 864 1
757 975 1
758 921 1
758 950 1
759 815 1
761 796 1
763 776 1
763 791 1
763 950 1
765 877 1
770 820 1
771 826 1
778 801 1
779 791 1
780 862 1
780 870 1
781 875 1
782 816 1
783 888 1
783 999 1
786 845 1
787 897 1
791 966 1
793 839 1
794 853 1
797 906 1
797 976 1
799 874 1
801 828 1
801 990 1
802 932 1
804 944 1
805 833 1
805 882 1
805 917 1
805 937 1
806 870 1
813 988 1
815 840 1
816 951 1
817 820 1
818 960 1
824 980 1
826 829 1
826 913 1
826 1000 1
827 843 1
827 855 1
839 920 1
840 987 1
846 905 1
852 982 1
856 899 1
856 906 1
856 972 1
858 955 1
866 967 1
869 997 1
872 937 1
880 895 1
880 928 1
882 952 1
882 975 1
885 987 1
887 900 1
889 991 1
891 947 1
894 895 1
896 901 1
898 912 1
901 908 1
918 980 1
918 995 1
922 969 1
923 948 1
926 964 1
928 986 1
932 938 1
935 993 1
937 1000 1
947 988 1
962 979 1
963 991 1
963 996 1
