1000 4975
1 2 1
1 3 1
1 4 1
1 5 1
1 6 1
1 7 1
1 8 1
1 9 1
1 10 1
1 11 1
1 14 1
1 15 1
1 21 1
1 23 1
1 25 1
1 30 1
1 31 1
1 33 1
1 35 1
1 36 1
1 40 1
1 47 1
1 54 1
1 57 1
1 64 1
1 65 1
1 68 1
1 70 1
1 72 1
1 82 1
1 90 1
1 92 1
1 99 1
1 101 1
1 114 1
1 116 1
1 143 1
1 159 1
1 163 1
1 165 1
1 166 1
1 170 1
1 179 1
1 195 1
1 207 1
1 210 1
1 224 1
1 225 1
1 241 1
1 243 1
1 249 1
1 253 1
1 256 1
1 268 1
1 274 1
1 283 1
1 284 1
1 294 1
1 296 1
1 317 1
1 318 1
1 324 1
1 351 1
1 375 1
1 410 1
1 413 1
1 433 1
1 446 1
1 453 1
1 468 1
1 489 1
1 502 1
1 513 1
1 517 1
1 523 1
1 571 1
1 589 1
1 614 1
1 632 1
1 634 1
1 725 1
1 750 1
1 751 1
1 766 1
1 776 1
1 837 1
1 885 1
1 886 1
1 890 1
1 937 1
1 938 1
1 939 1
1 997 1
2 7 1
2 9 1
2 12 1
2 18 1
2 19 1
2 27 1
2 39 1
2 45 1
2 55 1
2 62 1
2 65 1
2 79 1
2 89 1
2 113 1
2 126 1
2 130 1
2 157 1
2 164 1
2 184 1
2 215 1
2 223 1
2 270 1
2 349 1
2 405 1
2 612 1
2 627 1
2 659 1
2 692 1
2 721 1
2 764 1
2 773 1
2 778 1
2 956 1
3 7 1
3 8 1
3 11 1
3 15 1
3 16 1
3 19 1
3 22 1
3 23 1
3 32 1
3 34 1
3 48 1
3 55 1
3 66 1
3 97 1
3 98 1
3 101 1
3 104 1
3 168 1
3 177 1
3 207 1
3 215 1
3 265 1
3 301 1
3 333 1
3 339 1
3 362 1
3 387 1
3 391 1
3 437 1
3 458 1
3 473 1
3 500 1
3 526 1
3 543 1
3 602 1
3 621 1
3 646 1
3 698 1
3 714 1
3 719 1
3 723 1
3 771 1
3 807 1
3 856 1
3 980 1
3 995 1
4 7 1
4 8 1
4 30 1
4 51 1
4 69 1
4 84 1
4 87 1
4 109 1
4 174 1
4 212 1
4 221 1
4 225 1
4 281 1
4 300 1
4 343 1
4 371 1
4 463 1
4 505 1
4 600 1
4 602 1
4 637 1
4 767 1
4 940 1
5 9 1
5 18 1
5 32 1
5 43 1
5 71 1
5 117 1
5 229 1
5 475 1
5 484 1
6 7 1
6 8 1
6 9 1
6 10 1
6 13 1
6 17 1
6 29 1
6 36 1
6 44 1
6 47 1
6 55 1
6 56 1
6 68 1
6 87 1
6 94 1
6 95 1
6 103 1
6 110 1
6 121 1
6 126 1
6 136 1
6 140 1
6 141 1
6 153 1
6 204 1
6 207 1
6 220 1
6 253 1
6 272 1
6 277 1
6 306 1
6 312 1
6 313 1
6 323 1
6 339 1
6 381 1
6 422 1
6 429 1
6 463 1
6 510 1
6 601 1
6 644 1
6 733 1
6 758 1
6 866 1
6 878 1
6 884 1
6 905 1
6 934 1
7 8 1
7 9 1
7 10 1
7 13 1
7 14 1
7 18 1
7 19 1
7 26 1
7 28 1
7 39 1
7 41 1
7 43 1
7 49 1
7 53 1
7 54 1
7 61 1
7 69 1
7 70 1
7 83 1
7 86 1
7 89 1
7 102 1
7 106 1
7 113 1
7 125 1
7 126 1
7 144 1
7 145 1
7 147 1
7 148 1
7 158 1
7 160 1
7 164 1
7 173 1
7 182 1
7 198 1
7 212 1
7 234 1
7 249 1
7 250 1
7 252 1
7 266 1
7 273 1
7 314 1
7 317 1
7 341 1
7 344 1
7 360 1
7 385 1
7 388 1
7 392 1
7 405 1
7 421 1
7 446 1
7 469 1
7 496 1
7 519 1
7 521 1
7 549 1
7 556 1
7 563 1
7 570 1
7 575 1
7 611 1
7 626 1
7 651 1
7 665 1
7 675 1
7 684 1
7 703 1
7 748 1
7 819 1
7 858 1
7 897 1
7 908 1
7 919 1
7 928 1
7 939 1
7 999 1
8 10 1
8 11 1
8 12 1
8 13 1
8 15 1
8 18 1
8 20 1
8 28 1
8 32 1
8 36 1
8 37 1
8 44 1
8 51 1
8 63 1
8 66 1
8 71 1
8 72 1
8 73 1
8 76 1
8 93 1
8 95 1
8 96 1
8 106 1
8 109 1
8 113 1
8 116 1
8 119 1
8 148 1
8 159 1
8 165 1
8 170 1
8 172 1
8 190 1
8 201 1
8 210 1
8 234 1
8 238 1
8 277 1
8 292 1
8 297 1
8 322 1
8 329 1
8 336 1
8 358 1
8 367 1
8 416 1
8 444 1
8 455 1
8 466 1
8 475 1
8 512 1
8 515 1
8 554 1
8 656 1
8 657 1
8 666 1
8 680 1
8 688 1
8 729 1
8 768 1
8 777 1
8 781 1
8 795 1
8 804 1
8 838 1
8 847 1
8 889 1
8 900 1
8 919 1
8 948 1
8 985 1
9 10 1
9 11 1
9 12 1
9 14 1
9 15 1
9 16 1
9 17 1
9 18 1
9 21 1
9 23 1
9 24 1
9 27 1
9 31 1
9 36 1
9 37 1
9 39 1
9 41 1
9 42 1
9 45 1
9 48 1
9 64 1
9 68 1
9 94 1
9 111 1
9 115 1
9 122 1
9 145 1
9 148 1
9 152 1
9 159 1
9 161 1
9 173 1
9 180 1
9 181 1
9 200 1
9 211 1
9 232 1
9 240 1
9 241 1
9 243 1
9 270 1
9 274 1
9 278 1
9 281 1
9 284 1
9 310 1
9 334 1
9 359 1
9 368 1
9 384 1
9 395 1
9 418 1
9 425 1
9 436 1
9 440 1
9 478 1
9 505 1
9 516 1
9 523 1
9 524 1
9 560 1
9 561 1
9 579 1
9 580 1
9 592 1
9 607 1
9 609 1
9 614 1
9 636 1
9 683 1
9 700 1
9 706 1
9 708 1
9 713 1
9 720 1
9 724 1
9 727 1
9 738 1
9 747 1
9 771 1
9 772 1
9 780 1
9 807 1
9 808 1
9 859 1
9 873 1
9 874 1
9 876 1
9 879 1
9 883 1
9 905 1
9 910 1
9 934 1
9 946 1
9 968 1
9 971 1
10 11 1
10 12 1
10 13 1
10 19 1
10 20 1
10 21 1
10 22 1
10 25 1
10 30 1
10 34 1
10 35 1
10 36 1
10 39 1
10 42 1
10 44 1
10 46 1
10 51 1
10 52 1
10 63 1
10 74 1
10 87 1
10 91 1
10 117 1
10 128 1
10 129 1
10 131 1
10 132 1
10 151 1
10 154 1
10 157 1
10 173 1
10 184 1
10 192 1
10 199 1
10 211 1
10 214 1
10 267 1
10 298 1
10 307 1
10 323 1
10 333 1
10 341 1
10 355 1
10 376 1
10 404 1
10 406 1
10 416 1
10 434 1
10 487 1
10 506 1
10 537 1
10 564 1
10 591 1
10 615 1
10 665 1
10 709 1
10 732 1
10 790 1
10 818 1
10 850 1
10 878 1
10 921 1
10 967 1
10 979 1
11 12 1
11 13 1
11 16 1
11 17 1
11 20 1
11 22 1
11 26 1
11 27 1
11 32 1
11 42 1
11 67 1
11 69 1
11 75 1
11 76 1
11 78 1
11 84 1
11 88 1
11 93 1
11 99 1
11 105 1
11 115 1
11 116 1
11 118 1
11 136 1
11 142 1
11 144 1
11 158 1
11 168 1
11 182 1
11 192 1
11 197 1
11 201 1
11 227 1
11 238 1
11 285 1
11 302 1
11 304 1
11 327 1
11 328 1
11 333 1
11 356 1
11 359 1
11 387 1
11 392 1
11 404 1
11 405 1
11 417 1
11 449 1
11 461 1
11 469 1
11 517 1
11 540 1
11 542 1
11 568 1
11 586 1
11 589 1
11 593 1
11 606 1
11 612 1
11 614 1
11 639 1
11 647 1
11 651 1
11 662 1
11 673 1
11 675 1
11 711 1
11 752 1
11 784 1
11 820 1
11 826 1
11 836 1
11 868 1
11 871 1
11 884 1
11 909 1
11 918 1
11 934 1
11 991 1
12 14 1
12 16 1
12 25 1
12 26 1
12 29 1
12 33 1
12 42 1
12 47 1
12 61 1
12 62 1
12 76 1
12 86 1
12 111 1
12 131 1
12 151 1
12 157 1
12 172 1
12 198 1
12 250 1
12 263 1
12 303 1
12 355 1
12 384 1
12 440 1
12 477 1
12 569 1
12 627 1
12 635 1
12 764 1
12 769 1
12 871 1
12 896 1
12 922 1
13 14 1
13 15 1
13 17 1
13 27 1
13 38 1
13 40 1
13 48 1
13 50 1
13 70 1
13 103 1
13 132 1
13 145 1
13 196 1
13 197 1
13 206 1
13 227 1
13 230 1
13 242 1
13 249 1
13 256 1
13 303 1
13 334 1
13 386 1
13 389 1
13 394 1
13 445 1
13 467 1
13 489 1
13 499 1
13 535 1
13 545 1
13 562 1
13 598 1
13 658 1
13 692 1
13 707 1
13 794 1
13 820 1
13 861 1
13 866 1
13 886 1
13 985 1
14 16 1
14 20 1
14 24 1
14 29 1
14 46 1
14 71 1
14 75 1
14 79 1
14 85 1
14 93 1
14 95 1
14 107 1
14 128 1
14 136 1
14 150 1
14 189 1
14 199 1
14 204 1
14 224 1
14 234 1
14 235 1
14 239 1
14 252 1
14 255 1
14 269 1
14 283 1
14 288 1
14 294 1
14 310 1
14 315 1
14 331 1
14 372 1
14 383 1
14 413 1
14 428 1
14 449 1
14 486 1
14 497 1
14 517 1
14 520 1
14 525 1
14 553 1
14 565 1
14 587 1
14 624 1
14 631 1
14 720 1
14 796 1
14 810 1
14 866 1
14 867 1
14 891 1
14 894 1
14 964 1
14 990 1
15 17 1
15 22 1
15 24 1
15 50 1
15 58 1
15 71 1
15 72 1
15 83 1
15 90 1
15 107 1
15 114 1
15 115 1
15 117 1
15 166 1
15 177 1
15 186 1
15 222 1
15 225 1
15 249 1
15 263 1
15 291 1
15 310 1
15 388 1
15 391 1
15 395 1
15 414 1
15 433 1
15 439 1
15 487 1
15 500 1
15 520 1
15 557 1
15 624 1
15 686 1
15 743 1
15 761 1
15 792 1
15 807 1
15 844 1
15 847 1
15 863 1
15 912 1
15 941 1
15 947 1
15 953 1
16 21 1
16 22 1
16 28 1
16 31 1
16 37 1
16 41 1
16 44 1
16 51 1
16 60 1
16 75 1
16 79 1
16 92 1
16 100 1
16 109 1
16 134 1
16 138 1
16 140 1
16 183 1
16 194 1
16 233 1
16 256 1
16 264 1
16 290 1
16 293 1
16 338 1
16 356 1
16 374 1
16 376 1
16 384 1
16 514 1
16 557 1
16 565 1
16 579 1
16 620 1
16 622 1
16 630 1
16 656 1
16 710 1
16 746 1
16 753 1
16 765 1
16 786 1
16 841 1
16 843 1
16 947 1
16 995 1
17 23 1
17 25 1
17 29 1
17 30 1
17 34 1
17 35 1
17 38 1
17 40 1
17 41 1
17 48 1
17 49 1
17 54 1
17 59 1
17 60 1
17 61 1
17 63 1
17 65 1
17 75 1
17 78 1
17 82 1
17 90 1
17 100 1
17 103 1
17 105 1
17 110 1
17 115 1
17 124 1
17 129 1
17 134 1
17 157 1
17 175 1
17 176 1
17 178 1
17 179 1
17 180 1
17 181 1
17 185 1
17 193 1
17 202 1
17 204 1
17 219 1
17 246 1
17 259 1
17 261 1
17 297 1
17 302 1
17 308 1
17 310 1
17 311 1
17 315 1
17 321 1
17 342 1
17 350 1
17 356 1
17 376 1
17 382 1
17 383 1
17 387 1
17 396 1
17 443 1
17 466 1
17 467 1
17 469 1
17 470 1
17 497 1
17 498 1
17 521 1
17 548 1
17 571 1
17 582 1
17 593 1
17 594 1
17 612 1
17 618 1
17 689 1
17 716 1
17 755 1
17 775 1
17 797 1
17 798 1
17 806 1
17 812 1
17 828 1
17 842 1
17 850 1
17 867 1
17 882 1
17 892 1
17 908 1
17 911 1
17 949 1
17 962 1
17 967 1
17 976 1
17 990 1
18 19 1
18 25 1
18 27 1
18 31 1
18 33 1
18 35 1
18 38 1
18 47 1
18 51 1
18 53 1
18 62 1
18 68 1
18 77 1
18 96 1
18 106 1
18 107 1
18 123 1
18 134 1
18 137 1
18 138 1
18 140 1
18 149 1
18 156 1
18 159 1
18 171 1
18 172 1
18 179 1
18 183 1
18 189 1
18 195 1
18 251 1
18 252 1
18 259 1
18 273 1
18 324 1
18 327 1
18 332 1
18 337 1
18 343 1
18 357 1
18 358 1
18 401 1
18 414 1
18 428 1
18 458 1
18 465 1
18 491 1
18 495 1
18 507 1
18 525 1
18 533 1
18 567 1
18 591 1
18 594 1
18 617 1
18 635 1
18 640 1
18 642 1
18 653 1
18 664 1
18 670 1
18 673 1
18 695 1
18 712 1
18 738 1
18 742 1
18 785 1
18 823 1
18 842 1
18 849 1
18 851 1
18 894 1
18 900 1
18 916 1
18 952 1
18 966 1
19 20 1
19 32 1
19 44 1
19 49 1
19 53 1
19 56 1
19 58 1
19 59 1
19 63 1
19 65 1
19 72 1
19 84 1
19 91 1
19 98 1
19 105 1
19 110 1
19 119 1
19 146 1
19 148 1
19 176 1
19 212 1
19 213 1
19 220 1
19 225 1
19 231 1
19 278 1
19 305 1
19 311 1
19 312 1
19 327 1
19 339 1
19 394 1
19 398 1
19 425 1
19 443 1
19 523 1
19 547 1
19 559 1
19 569 1
19 578 1
19 579 1
19 602 1
19 641 1
19 659 1
19 726 1
19 732 1
19 795 1
19 813 1
19 847 1
19 909 1
20 21 1
20 23 1
20 24 1
20 29 1
20 35 1
20 37 1
20 43 1
20 45 1
20 52 1
20 67 1
20 74 1
20 77 1
20 92 1
20 94 1
20 101 1
20 122 1
20 177 1
20 184 1
20 196 1
20 255 1
20 298 1
20 319 1
20 403 1
20 421 1
20 465 1
20 483 1
20 484 1
20 519 1
20 522 1
20 536 1
20 537 1
20 559 1
20 602 1
20 700 1
20 714 1
20 720 1
20 721 1
20 727 1
20 734 1
20 765 1
20 787 1
20 791 1
20 812 1
20 873 1
20 876 1
20 993 1
21 24 1
21 34 1
21 50 1
21 52 1
21 82 1
21 88 1
21 115 1
21 130 1
21 175 1
21 239 1
21 262 1
21 298 1
21 309 1
21 340 1
21 352 1
21 359 1
21 429 1
21 441 1
21 623 1
21 628 1
21 663 1
21 794 1
21 910 1
21 969 1
22 26 1
22 30 1
22 34 1
22 49 1
22 74 1
22 169 1
22 171 1
22 232 1
22 287 1
22 373 1
22 387 1
22 390 1
22 419 1
22 423 1
22 454 1
22 571 1
22 762 1
22 796 1
22 841 1
23 28 1
23 56 1
23 61 1
23 73 1
23 77 1
23 81 1
23 90 1
23 111 1
23 135 1
23 152 1
23 168 1
23 170 1
23 262 1
23 289 1
23 344 1
23 354 1
23 409 1
23 472 1
23 483 1
23 509 1
23 577 1
23 591 1
23 603 1
23 694 1
23 708 1
23 798 1
23 804 1
23 923 1
24 26 1
24 37 1
24 46 1
24 80 1
24 104 1
24 109 1
24 143 1
24 146 1
24 182 1
24 192 1
24 196 1
24 234 1
24 262 1
24 304 1
24 319 1
24 364 1
24 370 1
24 411 1
24 415 1
24 494 1
24 575 1
24 653 1
24 726 1
24 739 1
24 744 1
24 761 1
24 939 1
24 958 1
25 31 1
25 33 1
25 45 1
25 46 1
25 71 1
25 101 1
25 107 1
25 125 1
25 158 1
25 160 1
25 216 1
25 265 1
25 321 1
25 327 1
25 380 1
25 404 1
25 514 1
25 568 1
25 660 1
25 762 1
25 830 1
25 865 1
26 39 1
26 47 1
26 65 1
26 66 1
26 67 1
26 107 1
26 109 1
26 124 1
26 135 1
26 161 1
26 165 1
26 214 1
26 395 1
26 398 1
26 412 1
26 418 1
26 493 1
26 542 1
26 563 1
26 568 1
26 644 1
26 691 1
26 704 1
26 705 1
26 744 1
26 750 1
26 789 1
26 843 1
26 887 1
26 928 1
26 970 1
26 992 1
27 28 1
27 88 1
27 102 1
27 235 1
27 287 1
27 300 1
27 308 1
27 379 1
27 401 1
27 411 1
27 452 1
27 568 1
27 575 1
27 616 1
27 705 1
27 927 1
28 40 1
28 43 1
28 57 1
28 91 1
28 112 1
28 129 1
28 147 1
28 167 1
28 184 1
28 232 1
28 238 1
28 254 1
28 278 1
28 362 1
28 385 1
28 399 1
28 522 1
28 546 1
28 582 1
28 759 1
28 776 1
28 791 1
28 847 1
28 876 1
28 903 1
28 935 1
28 988 1
28 993 1
29 38 1
29 43 1
29 85 1
29 230 1
29 249 1
29 275 1
29 322 1
29 382 1
29 388 1
29 549 1
29 581 1
29 590 1
29 605 1
29 609 1
29 715 1
29 800 1
29 842 1
30 46 1
30 53 1
30 79 1
30 96 1
30 102 1
30 205 1
30 256 1
30 377 1
30 594 1
30 621 1
30 638 1
30 717 1
30 827 1
30 989 1
31 42 1
31 52 1
31 55 1
31 56 1
31 74 1
31 83 1
31 106 1
31 108 1
31 156 1
31 191 1
31 303 1
31 378 1
31 429 1
31 437 1
31 474 1
31 492 1
31 692 1
31 863 1
31 877 1
31 936 1
32 33 1
32 56 1
32 57 1
32 62 1
32 83 1
32 119 1
32 179 1
32 187 1
32 191 1
32 258 1
32 305 1
32 332 1
32 349 1
32 368 1
32 425 1
32 485 1
32 487 1
32 513 1
32 607 1
32 634 1
32 715 1
32 853 1
32 854 1
32 870 1
33 104 1
33 116 1
33 124 1
33 203 1
33 348 1
33 402 1
33 458 1
33 468 1
33 675 1
33 726 1
33 727 1
33 774 1
33 806 1
33 871 1
33 950 1
33 955 1
33 959 1
33 963 1
33 992 1
34 106 1
34 137 1
34 174 1
34 177 1
34 179 1
34 185 1
34 199 1
34 269 1
34 321 1
34 432 1
34 498 1
34 621 1
34 633 1
34 638 1
34 641 1
34 642 1
34 644 1
34 730 1
34 732 1
34 782 1
34 796 1
34 859 1
34 927 1
35 38 1
35 41 1
35 50 1
35 64 1
35 70 1
35 73 1
35 79 1
35 80 1
35 81 1
35 82 1
35 90 1
35 100 1
35 102 1
35 105 1
35 113 1
35 114 1
35 130 1
35 138 1
35 154 1
35 178 1
35 185 1
35 238 1
35 255 1
35 261 1
35 268 1
35 280 1
35 297 1
35 319 1
35 333 1
35 336 1
35 345 1
35 353 1
35 386 1
35 398 1
35 406 1
35 407 1
35 444 1
35 468 1
35 539 1
35 585 1
35 592 1
35 611 1
35 731 1
35 741 1
35 778 1
35 824 1
35 893 1
35 906 1
35 973 1
35 984 1
35 989 1
36 52 1
36 55 1
36 59 1
36 73 1
36 85 1
36 98 1
36 161 1
36 273 1
36 368 1
36 380 1
36 385 1
36 386 1
36 396 1
36 419 1
36 430 1
36 619 1
36 759 1
36 846 1
36 888 1
36 983 1
37 40 1
37 108 1
37 132 1
37 164 1
37 168 1
37 169 1
37 208 1
37 211 1
37 279 1
37 335 1
37 352 1
37 413 1
37 442 1
37 506 1
37 510 1
37 513 1
37 536 1
37 550 1
37 584 1
37 592 1
37 605 1
37 653 1
37 679 1
37 744 1
37 765 1
37 830 1
37 873 1
37 996 1
38 45 1
38 57 1
38 58 1
38 76 1
38 78 1
38 80 1
38 89 1
38 92 1
38 102 1
38 117 1
38 123 1
38 124 1
38 128 1
38 129 1
38 140 1
38 156 1
38 169 1
38 184 1
38 201 1
38 207 1
38 221 1
38 229 1
38 240 1
38 246 1
38 247 1
38 253 1
38 272 1
38 282 1
38 291 1
38 298 1
38 306 1
38 308 1
38 316 1
38 370 1
38 401 1
38 438 1
38 442 1
38 452 1
38 453 1
38 471 1
38 473 1
38 482 1
38 526 1
38 572 1
38 598 1
38 609 1
38 628 1
38 707 1
38 726 1
38 748 1
38 780 1
38 837 1
38 884 1
38 887 1
38 900 1
38 909 1
38 996 1
39 62 1
39 86 1
39 105 1
39 181 1
39 194 1
39 200 1
39 204 1
39 248 1
39 259 1
39 390 1
39 397 1
39 424 1
39 483 1
39 601 1
39 604 1
39 637 1
39 735 1
39 826 1
39 862 1
39 906 1
39 932 1
40 64 1
40 67 1
40 75 1
40 83 1
40 98 1
40 117 1
40 120 1
40 132 1
40 169 1
40 180 1
40 185 1
40 187 1
40 198 1
40 223 1
40 236 1
40 277 1
40 281 1
40 296 1
40 307 1
40 314 1
40 343 1
40 361 1
40 374 1
40 523 1
40 599 1
40 620 1
40 691 1
40 728 1
40 870 1
40 924 1
41 77 1
41 103 1
41 121 1
41 138 1
41 139 1
41 160 1
41 219 1
41 230 1
41 267 1
41 312 1
41 322 1
41 467 1
41 624 1
41 652 1
41 719 1
41 831 1
41 929 1
42 86 1
42 87 1
42 100 1
42 144 1
42 173 1
42 218 1
42 257 1
42 272 1
42 283 1
42 408 1
42 425 1
42 442 1
42 474 1
42 491 1
42 493 1
42 574 1
42 580 1
42 672 1
42 722 1
42 783 1
42 885 1
42 931 1
43 58 1
43 59 1
43 128 1
43 142 1
43 192 1
43 233 1
43 280 1
43 357 1
43 400 1
43 529 1
43 540 1
43 541 1
43 754 1
43 881 1
43 916 1
44 69 1
44 77 1
44 216 1
44 230 1
44 309 1
44 338 1
44 474 1
44 482 1
44 489 1
44 491 1
44 525 1
44 728 1
44 775 1
44 845 1
44 859 1
44 872 1
44 898 1
45 89 1
45 99 1
45 120 1
45 140 1
45 153 1
45 175 1
45 251 1
45 258 1
45 271 1
45 314 1
45 339 1
45 416 1
45 417 1
45 513 1
45 529 1
45 619 1
45 635 1
45 657 1
45 700 1
45 750 1
45 853 1
45 870 1
45 899 1
45 951 1
45 971 1
46 48 1
46 49 1
46 50 1
46 54 1
46 57 1
46 67 1
46 70 1
46 81 1
46 91 1
46 118 1
46 131 1
46 137 1
46 190 1
46 199 1
46 208 1
46 217 1
46 225 1
46 231 1
46 260 1
46 292 1
46 315 1
46 326 1
46 334 1
46 337 1
46 353 1
46 366 1
46 379 1
46 441 1
46 461 1
46 479 1
46 569 1
46 574 1
46 584 1
46 587 1
46 725 1
46 836 1
46 846 1
46 964 1
46 982 1
47 53 1
47 58 1
47 60 1
47 69 1
47 73 1
47 80 1
47 81 1
47 121 1
47 139 1
47 155 1
47 181 1
47 197 1
47 215 1
47 218 1
47 243 1
47 245 1
47 280 1
47 316 1
47 346 1
47 353 1
47 374 1
47 389 1
47 478 1
47 511 1
47 522 1
47 623 1
47 624 1
47 643 1
47 687 1
47 694 1
47 718 1
47 733 1
47 800 1
47 802 1
47 902 1
47 931 1
48 59 1
48 66 1
48 88 1
48 111 1
48 176 1
48 194 1
48 233 1
48 268 1
48 281 1
48 335 1
48 364 1
48 386 1
48 446 1
48 464 1
48 478 1
48 531 1
48 532 1
48 568 1
48 616 1
48 623 1
48 740 1
48 744 1
48 755 1
48 777 1
48 885 1
48 913 1
48 923 1
49 229 1
49 562 1
49 632 1
50 54 1
50 84 1
50 97 1
50 99 1
50 157 1
50 172 1
50 196 1
50 206 1
50 253 1
50 257 1
50 269 1
50 271 1
50 318 1
50 323 1
50 448 1
50 469 1
50 498 1
50 503 1
50 534 1
50 764 1
50 869 1
50 961 1
51 60 1
51 84 1
51 97 1
51 168 1
51 174 1
51 193 1
51 279 1
51 295 1
51 374 1
51 397 1
51 427 1
51 511 1
51 527 1
51 587 1
51 649 1
51 705 1
51 821 1
51 876 1
51 973 1
51 994 1
51 998 1
52 87 1
52 122 1
52 142 1
52 161 1
52 279 1
52 313 1
52 317 1
52 400 1
52 473 1
52 540 1
52 574 1
52 641 1
53 78 1
53 96 1
53 155 1
53 163 1
53 189 1
53 217 1
53 241 1
53 275 1
53 310 1
53 325 1
53 328 1
53 332 1
53 363 1
53 389 1
53 396 1
53 408 1
53 409 1
53 625 1
53 772 1
53 794 1
53 867 1
53 935 1
54 61 1
54 63 1
54 85 1
54 146 1
54 150 1
54 167 1
54 196 1
54 276 1
54 330 1
54 363 1
54 373 1
54 415 1
54 504 1
54 526 1
54 528 1
54 836 1
54 944 1
54 954 1
55 68 1
55 81 1
55 93 1
55 137 1
55 214 1
55 329 1
55 377 1
55 424 1
55 471 1
55 477 1
55 554 1
55 566 1
55 676 1
55 792 1
56 64 1
56 66 1
56 98 1
56 101 1
56 122 1
56 126 1
56 139 1
56 500 1
56 532 1
56 548 1
56 576 1
56 672 1
56 685 1
56 769 1
56 881 1
56 883 1
56 915 1
57 60 1
57 96 1
57 132 1
57 143 1
57 205 1
57 530 1
57 897 1
57 960 1
58 92 1
58 133 1
58 144 1
58 166 1
58 235 1
58 296 1
58 302 1
58 317 1
58 342 1
58 347 1
58 350 1
58 408 1
58 449 1
58 490 1
58 826 1
58 896 1
58 917 1
59 74 1
59 89 1
59 99 1
59 100 1
59 103 1
59 119 1
59 133 1
59 145 1
59 152 1
59 158 1
59 183 1
59 229 1
59 236 1
59 263 1
59 291 1
59 305 1
59 328 1
59 345 1
59 355 1
59 365 1
59 380 1
59 422 1
59 520 1
59 522 1
59 541 1
59 632 1
59 648 1
59 804 1
59 815 1
59 852 1
59 916 1
60 152 1
60 156 1
60 245 1
60 297 1
60 326 1
60 356 1
60 375 1
60 384 1
60 459 1
60 475 1
60 774 1
60 825 1
60 879 1
61 86 1
61 154 1
61 313 1
61 318 1
61 420 1
61 429 1
61 596 1
61 907 1
62 76 1
62 141 1
62 146 1
62 215 1
62 244 1
62 328 1
62 334 1
62 350 1
62 403 1
62 417 1
62 479 1
62 622 1
62 713 1
62 817 1
62 819 1
62 841 1
62 950 1
63 123 1
63 147 1
63 177 1
63 178 1
63 194 1
63 228 1
63 250 1
63 294 1
63 546 1
63 690 1
63 760 1
63 792 1
63 848 1
63 865 1
64 88 1
64 112 1
64 386 1
64 622 1
65 72 1
65 94 1
65 112 1
65 127 1
65 142 1
65 171 1
65 222 1
65 223 1
65 224 1
65 266 1
65 315 1
65 524 1
65 664 1
65 788 1
65 967 1
65 981 1
66 95 1
66 97 1
66 118 1
66 143 1
66 166 1
66 186 1
66 198 1
66 209 1
66 260 1
66 287 1
66 365 1
66 373 1
66 451 1
66 488 1
66 589 1
66 592 1
66 597 1
66 609 1
66 677 1
66 725 1
66 797 1
66 809 1
66 820 1
66 861 1
66 883 1
66 918 1
66 949 1
66 975 1
66 979 1
67 114 1
67 123 1
67 278 1
67 279 1
67 319 1
67 331 1
67 363 1
67 455 1
67 457 1
67 536 1
67 577 1
67 579 1
67 839 1
67 844 1
67 862 1
67 890 1
68 124 1
68 163 1
68 218 1
68 221 1
68 235 1
68 304 1
68 341 1
68 420 1
68 422 1
68 486 1
68 607 1
68 615 1
68 665 1
69 134 1
69 137 1
69 143 1
69 192 1
69 301 1
69 318 1
69 401 1
69 451 1
69 485 1
69 544 1
69 547 1
69 594 1
69 952 1
69 957 1
70 82 1
70 91 1
70 120 1
70 129 1
70 133 1
70 151 1
70 162 1
70 186 1
70 231 1
70 242 1
70 274 1
70 300 1
70 318 1
70 338 1
70 429 1
70 488 1
70 541 1
70 573 1
70 593 1
70 637 1
70 658 1
70 661 1
70 669 1
70 685 1
70 702 1
70 718 1
70 748 1
70 749 1
70 880 1
70 894 1
70 906 1
70 989 1
71 97 1
71 108 1
71 135 1
71 141 1
71 224 1
71 309 1
71 406 1
71 463 1
71 474 1
71 599 1
71 698 1
71 705 1
72 108 1
72 203 1
72 449 1
72 470 1
72 676 1
72 717 1
72 760 1
72 825 1
72 896 1
73 145 1
73 187 1
73 190 1
73 193 1
73 195 1
73 222 1
73 245 1
73 323 1
73 341 1
73 400 1
73 639 1
73 668 1
73 814 1
73 890 1
74 78 1
74 118 1
74 127 1
74 147 1
74 237 1
74 296 1
74 413 1
74 443 1
74 652 1
75 94 1
75 110 1
75 112 1
75 130 1
75 149 1
75 162 1
75 165 1
75 202 1
75 322 1
75 324 1
75 404 1
75 495 1
75 516 1
75 521 1
75 590 1
75 655 1
75 727 1
75 736 1
75 747 1
75 767 1
75 773 1
75 811 1
75 974 1
76 80 1
76 121 1
76 128 1
76 133 1
76 146 1
76 212 1
76 217 1
76 221 1
76 246 1
76 328 1
76 385 1
76 589 1
76 824 1
76 961 1
76 963 1
76 986 1
77 164 1
77 197 1
77 326 1
77 359 1
77 371 1
77 392 1
77 481 1
77 656 1
77 721 1
77 946 1
78 113 1
78 164 1
78 191 1
78 204 1
78 206 1
78 276 1
78 341 1
78 368 1
78 424 1
78 552 1
78 634 1
78 656 1
78 704 1
78 749 1
78 858 1
78 965 1
78 970 1
78 993 1
79 206 1
79 290 1
79 451 1
79 460 1
79 545 1
79 649 1
79 652 1
79 719 1
79 751 1
79 814 1
80 139 1
80 222 1
80 488 1
80 712 1
80 753 1
80 902 1
81 339 1
81 540 1
81 895 1
82 122 1
82 198 1
82 244 1
82 290 1
82 357 1
82 399 1
82 405 1
82 445 1
82 613 1
82 678 1
82 699 1
82 708 1
82 801 1
83 125 1
83 126 1
83 210 1
83 266 1
83 299 1
83 317 1
83 336 1
83 340 1
83 361 1
83 435 1
83 627 1
83 763 1
83 793 1
83 862 1
83 952 1
83 956 1
84 85 1
84 149 1
84 150 1
84 178 1
84 180 1
84 228 1
84 280 1
84 409 1
84 468 1
84 479 1
84 535 1
84 549 1
84 714 1
84 818 1
84 879 1
84 901 1
84 998 1
85 182 1
85 250 1
85 271 1
85 306 1
85 444 1
85 573 1
85 583 1
85 787 1
86 108 1
86 114 1
86 237 1
86 246 1
86 254 1
86 312 1
86 378 1
86 385 1
86 597 1
86 625 1
86 629 1
86 641 1
86 881 1
86 891 1
86 959 1
87 141 1
87 244 1
87 307 1
87 325 1
87 421 1
87 530 1
87 572 1
87 610 1
88 224 1
88 261 1
88 370 1
88 490 1
89 155 1
89 334 1
89 397 1
89 665 1
89 688 1
89 723 1
90 112 1
90 120 1
90 202 1
90 221 1
90 236 1
90 382 1
90 713 1
90 759 1
90 834 1
91 127 1
91 150 1
91 160 1
91 188 1
91 191 1
91 205 1
91 231 1
91 267 1
91 282 1
91 308 1
91 353 1
91 474 1
91 484 1
91 560 1
91 772 1
92 93 1
92 135 1
92 247 1
92 379 1
92 460 1
92 518 1
92 565 1
92 629 1
92 653 1
92 672 1
92 751 1
92 925 1
92 975 1
93 95 1
93 477 1
94 121 1
94 134 1
94 156 1
94 158 1
94 165 1
94 220 1
94 226 1
94 252 1
94 325 1
94 369 1
94 413 1
94 450 1
94 485 1
94 533 1
94 552 1
94 555 1
94 557 1
95 104 1
95 125 1
95 144 1
95 246 1
95 261 1
95 282 1
95 320 1
95 360 1
95 428 1
95 580 1
95 691 1
95 712 1
96 130 1
96 206 1
96 211 1
96 247 1
96 248 1
96 273 1
96 299 1
96 314 1
96 520 1
96 563 1
96 570 1
96 786 1
96 800 1
97 104 1
97 110 1
97 125 1
97 141 1
97 191 1
97 239 1
97 260 1
97 265 1
97 396 1
97 432 1
97 470 1
97 484 1
97 683 1
97 779 1
97 858 1
97 920 1
97 977 1
98 248 1
98 254 1
98 285 1
98 371 1
98 409 1
98 411 1
98 839 1
99 214 1
99 278 1
99 330 1
99 407 1
99 500 1
99 521 1
99 671 1
99 737 1
99 917 1
99 991 1
100 123 1
100 149 1
100 167 1
100 219 1
100 264 1
100 300 1
100 329 1
100 358 1
100 375 1
100 479 1
100 502 1
100 543 1
100 591 1
100 791 1
100 830 1
100 862 1
100 926 1
101 131 1
101 163 1
101 188 1
101 210 1
101 282 1
101 286 1
101 316 1
101 354 1
101 355 1
101 357 1
101 441 1
101 447 1
101 526 1
101 530 1
101 547 1
101 616 1
101 708 1
101 777 1
101 816 1
101 912 1
101 915 1
101 922 1
101 957 1
102 186 1
102 305 1
102 314 1
102 372 1
102 451 1
102 760 1
102 936 1
102 992 1
103 116 1
103 183 1
103 187 1
103 193 1
103 405 1
103 435 1
103 450 1
103 465 1
103 563 1
103 605 1
103 633 1
103 649 1
103 747 1
103 988 1
104 133 1
104 149 1
104 150 1
104 171 1
104 174 1
104 313 1
104 377 1
104 457 1
104 669 1
104 942 1
104 950 1
105 142 1
105 390 1
105 742 1
105 766 1
106 120 1
106 208 1
106 217 1
106 251 1
106 288 1
106 681 1
106 747 1
106 858 1
106 908 1
107 131 1
107 160 1
107 208 1
107 333 1
107 380 1
107 428 1
107 483 1
107 512 1
107 560 1
107 759 1
108 118 1
108 162 1
108 174 1
108 581 1
108 662 1
108 743 1
108 1000 1
109 111 1
109 188 1
109 202 1
109 213 1
109 335 1
109 372 1
109 373 1
109 507 1
109 555 1
109 587 1
109 609 1
109 623 1
109 652 1
109 785 1
109 884 1
109 961 1
109 995 1
109 997 1
110 127 1
110 138 1
110 147 1
110 155 1
110 200 1
110 205 1
110 216 1
110 232 1
110 274 1
110 377 1
110 561 1
110 572 1
110 585 1
110 634 1
110 698 1
110 777 1
110 970 1
111 162 1
111 295 1
111 296 1
111 307 1
111 349 1
111 366 1
111 412 1
111 427 1
111 465 1
111 515 1
111 518 1
111 546 1
111 578 1
111 657 1
111 737 1
111 777 1
111 968 1
112 213 1
112 270 1
112 394 1
112 433 1
112 563 1
112 881 1
113 127 1
113 169 1
113 201 1
113 238 1
113 301 1
113 363 1
113 459 1
113 480 1
113 655 1
113 689 1
113 776 1
113 808 1
113 893 1
114 154 1
114 436 1
115 148 1
115 151 1
115 173 1
115 195 1
115 260 1
115 338 1
115 409 1
115 635 1
115 702 1
115 735 1
115 966 1
116 153 1
116 381 1
116 454 1
116 552 1
116 723 1
116 938 1
116 997 1
117 176 1
117 289 1
117 291 1
117 321 1
117 331 1
117 354 1
117 542 1
117 676 1
118 119 1
118 236 1
118 366 1
118 368 1
118 503 1
118 669 1
119 195 1
119 227 1
119 477 1
119 685 1
119 704 1
119 718 1
119 894 1
120 240 1
120 532 1
121 153 1
121 208 1
121 607 1
121 840 1
122 135 1
122 136 1
122 232 1
122 275 1
122 435 1
122 490 1
122 504 1
122 627 1
122 804 1
122 826 1
122 874 1
122 911 1
122 990 1
123 154 1
123 213 1
123 220 1
123 264 1
123 335 1
123 423 1
123 435 1
123 442 1
123 550 1
123 553 1
123 571 1
123 615 1
123 691 1
123 758 1
123 832 1
123 868 1
123 937 1
124 239 1
124 242 1
124 248 1
124 257 1
124 289 1
124 353 1
124 403 1
124 434 1
124 462 1
124 486 1
124 500 1
124 533 1
124 599 1
124 771 1
124 788 1
124 926 1
124 978 1
124 993 1
125 269 1
125 762 1
126 186 1
126 194 1
126 212 1
126 287 1
126 292 1
126 300 1
126 324 1
126 326 1
126 529 1
126 816 1
126 829 1
126 869 1
126 958 1
127 139 1
127 167 1
127 189 1
127 200 1
127 223 1
127 227 1
127 243 1
127 254 1
127 369 1
127 495 1
127 596 1
127 611 1
127 778 1
127 940 1
128 188 1
128 189 1
128 243 1
128 446 1
128 495 1
128 528 1
129 181 1
129 285 1
129 598 1
129 710 1
129 860 1
129 917 1
129 984 1
130 188 1
130 203 1
130 311 1
130 320 1
130 325 1
130 372 1
130 376 1
130 448 1
130 543 1
130 640 1
130 668 1
130 775 1
130 788 1
130 823 1
130 838 1
130 856 1
130 910 1
130 925 1
131 203 1
131 247 1
131 279 1
131 340 1
131 345 1
131 394 1
131 426 1
131 455 1
131 469 1
131 482 1
131 671 1
131 684 1
131 688 1
131 779 1
131 824 1
131 875 1
132 171 1
132 180 1
132 190 1
132 237 1
132 295 1
132 304 1
132 378 1
132 447 1
132 499 1
132 764 1
132 786 1
132 787 1
133 183 1
133 431 1
133 911 1
134 580 1
134 761 1
134 970 1
135 136 1
135 163 1
135 289 1
135 426 1
135 481 1
135 516 1
135 564 1
135 600 1
135 913 1
135 938 1
135 961 1
135 969 1
135 1000 1
136 152 1
136 178 1
136 237 1
136 254 1
136 261 1
136 286 1
136 336 1
136 345 1
136 415 1
136 420 1
136 492 1
136 545 1
136 638 1
136 651 1
136 752 1
136 863 1
136 906 1
136 975 1
136 995 1
137 230 1
137 544 1
137 559 1
137 619 1
137 646 1
137 717 1
137 871 1
137 949 1
137 982 1
138 151 1
138 456 1
138 476 1
138 587 1
138 690 1
138 808 1
140 226 1
140 293 1
140 298 1
140 453 1
140 582 1
140 604 1
140 615 1
140 637 1
140 641 1
140 655 1
140 662 1
140 674 1
140 696 1
140 817 1
140 886 1
140 927 1
140 945 1
141 202 1
141 256 1
141 304 1
141 342 1
141 579 1
141 738 1
141 766 1
141 831 1
142 167 1
142 309 1
142 342 1
142 380 1
142 512 1
142 522 1
142 699 1
142 822 1
142 850 1
142 941 1
143 216 1
143 389 1
143 471 1
143 583 1
143 630 1
143 712 1
143 828 1
143 842 1
144 226 1
144 352 1
144 384 1
144 480 1
144 655 1
144 992 1
145 235 1
145 302 1
145 361 1
145 476 1
145 586 1
145 829 1
145 869 1
146 153 1
146 170 1
146 185 1
146 294 1
146 327 1
146 390 1
146 401 1
146 431 1
146 528 1
146 667 1
146 690 1
146 741 1
146 768 1
146 801 1
146 829 1
146 866 1
146 877 1
146 894 1
146 930 1
146 976 1
146 983 1
147 159 1
147 451 1
147 555 1
148 330 1
148 618 1
148 626 1
148 656 1
148 661 1
148 680 1
148 715 1
148 722 1
148 770 1
148 908 1
149 162 1
149 166 1
149 282 1
149 552 1
149 856 1
150 155 1
150 301 1
150 366 1
150 420 1
150 526 1
150 712 1
150 761 1
150 828 1
150 878 1
150 938 1
151 197 1
151 255 1
151 276 1
151 306 1
151 435 1
151 550 1
151 555 1
151 567 1
151 745 1
151 882 1
152 209 1
152 274 1
152 347 1
152 350 1
152 416 1
153 170 1
153 223 1
153 506 1
153 675 1
153 677 1
153 753 1
153 793 1
153 840 1
153 859 1
153 957 1
154 335 1
154 461 1
154 562 1
154 581 1
154 603 1
154 889 1
154 893 1
154 934 1
155 217 1
155 780 1
155 985 1
156 251 1
156 262 1
156 378 1
156 430 1
156 636 1
157 175 1
157 306 1
157 349 1
157 352 1
157 361 1
157 417 1
157 427 1
157 471 1
157 488 1
157 588 1
157 645 1
157 954 1
157 998 1
158 182 1
158 348 1
158 463 1
158 508 1
158 552 1
158 724 1
159 161 1
159 265 1
159 292 1
159 475 1
159 489 1
159 558 1
159 639 1
159 725 1
159 756 1
159 811 1
159 897 1
160 400 1
160 511 1
160 818 1
161 263 1
161 347 1
161 410 1
161 538 1
161 640 1
161 742 1
161 853 1
162 286 1
162 351 1
162 442 1
162 459 1
162 588 1
162 613 1
162 664 1
162 684 1
162 697 1
162 702 1
162 805 1
162 949 1
163 209 1
163 277 1
163 507 1
163 630 1
163 843 1
163 863 1
163 949 1
164 176 1
164 200 1
164 201 1
164 236 1
164 259 1
164 288 1
164 311 1
164 391 1
164 407 1
164 443 1
164 455 1
164 488 1
164 489 1
164 492 1
164 528 1
164 551 1
164 589 1
164 590 1
164 648 1
164 670 1
164 683 1
164 747 1
164 781 1
165 253 1
165 533 1
165 539 1
165 654 1
165 922 1
165 972 1
165 976 1
166 346 1
166 453 1
166 661 1
166 892 1
166 916 1
167 172 1
167 228 1
167 630 1
167 774 1
168 610 1
169 187 1
169 203 1
169 222 1
169 242 1
169 343 1
169 367 1
169 369 1
169 422 1
169 509 1
169 569 1
169 620 1
169 860 1
169 983 1
170 258 1
170 360 1
170 364 1
170 426 1
170 446 1
170 545 1
170 942 1
171 175 1
171 233 1
171 237 1
171 258 1
171 337 1
171 418 1
171 888 1
172 226 1
172 242 1
172 248 1
172 342 1
172 345 1
172 398 1
172 430 1
172 468 1
172 496 1
172 501 1
172 513 1
172 548 1
172 603 1
172 686 1
172 697 1
172 868 1
172 892 1
172 898 1
173 359 1
173 375 1
173 393 1
173 447 1
173 515 1
173 527 1
173 597 1
173 784 1
173 797 1
173 962 1
173 975 1
174 209 1
174 431 1
174 464 1
174 476 1
174 494 1
174 497 1
174 786 1
174 802 1
174 899 1
174 902 1
175 190 1
175 264 1
175 284 1
175 288 1
175 292 1
175 344 1
175 350 1
175 371 1
175 419 1
175 542 1
175 585 1
175 635 1
175 670 1
175 772 1
175 815 1
175 956 1
176 567 1
177 332 1
177 538 1
178 209 1
178 358 1
178 450 1
178 558 1
178 946 1
179 392 1
179 564 1
179 603 1
179 707 1
179 724 1
179 739 1
180 255 1
180 258 1
180 263 1
180 367 1
180 857 1
181 216 1
181 245 1
181 453 1
181 498 1
181 509 1
181 954 1
182 193 1
182 214 1
182 309 1
182 351 1
182 389 1
182 492 1
182 545 1
182 617 1
182 689 1
182 810 1
182 812 1
182 835 1
182 839 1
182 840 1
182 998 1
183 447 1
183 815 1
183 836 1
184 532 1
184 666 1
184 732 1
184 758 1
185 277 1
185 329 1
185 332 1
185 370 1
185 443 1
185 512 1
185 564 1
185 600 1
185 729 1
185 786 1
185 900 1
185 903 1
185 980 1
185 982 1
186 199 1
186 219 1
186 231 1
186 311 1
186 367 1
186 408 1
186 432 1
186 447 1
186 484 1
186 551 1
186 575 1
186 729 1
186 880 1
186 933 1
187 284 1
187 308 1
187 852 1
188 210 1
188 251 1
188 482 1
188 557 1
188 671 1
188 695 1
188 745 1
188 754 1
188 822 1
188 988 1
189 205 1
189 283 1
189 420 1
189 616 1
189 763 1
190 207 1
190 354 1
190 558 1
190 588 1
190 627 1
190 774 1
191 245 1
191 286 1
191 336 1
191 402 1
191 419 1
191 503 1
191 540 1
191 614 1
191 701 1
191 702 1
191 720 1
191 730 1
191 827 1
192 228 1
192 566 1
192 649 1
192 666 1
192 951 1
193 293 1
193 295 1
193 463 1
193 482 1
193 758 1
193 795 1
193 919 1
194 374 1
194 478 1
194 605 1
194 743 1
194 832 1
194 868 1
194 948 1
195 381 1
195 519 1
195 716 1
195 915 1
195 963 1
196 239 1
196 461 1
196 714 1
196 739 1
196 770 1
196 941 1
196 957 1
197 213 1
197 322 1
197 330 1
197 372 1
197 392 1
197 398 1
197 472 1
197 491 1
197 504 1
197 505 1
197 584 1
197 608 1
197 731 1
197 733 1
197 793 1
197 857 1
198 219 1
198 226 1
198 367 1
198 373 1
198 517 1
198 528 1
198 722 1
198 765 1
198 864 1
198 892 1
199 211 1
199 299 1
199 414 1
199 426 1
199 496 1
199 507 1
199 697 1
200 320 1
200 427 1
200 428 1
200 514 1
200 558 1
200 595 1
200 968 1
201 281 1
201 340 1
201 410 1
201 436 1
201 493 1
201 502 1
201 800 1
201 981 1
202 218 1
202 418 1
202 608 1
202 667 1
203 356 1
203 456 1
203 472 1
203 556 1
203 577 1
203 620 1
203 649 1
204 215 1
204 382 1
204 415 1
204 582 1
204 637 1
204 673 1
204 734 1
204 735 1
204 802 1
205 220 1
205 303 1
205 346 1
205 415 1
205 470 1
205 688 1
205 821 1
206 228 1
206 321 1
206 352 1
206 393 1
206 417 1
206 566 1
206 654 1
206 833 1
207 661 1
207 807 1
207 997 1
208 324 1
208 475 1
208 503 1
208 615 1
208 643 1
208 784 1
209 244 1
209 302 1
209 391 1
209 679 1
209 887 1
210 312 1
210 365 1
210 567 1
210 680 1
210 848 1
210 886 1
210 913 1
210 942 1
211 218 1
211 316 1
211 362 1
211 431 1
211 494 1
211 585 1
211 659 1
212 229 1
212 240 1
212 276 1
212 379 1
212 412 1
212 423 1
212 493 1
212 531 1
212 639 1
212 663 1
212 681 1
212 739 1
213 259 1
213 536 1
213 567 1
213 682 1
213 971 1
214 227 1
214 290 1
214 916 1
215 262 1
215 472 1
215 657 1
215 682 1
215 706 1
215 819 1
216 400 1
216 411 1
216 444 1
216 722 1
216 757 1
216 965 1
217 297 1
217 347 1
217 418 1
217 445 1
217 546 1
217 780 1
217 787 1
217 833 1
217 838 1
217 953 1
218 293 1
218 457 1
218 501 1
218 525 1
218 646 1
218 811 1
219 241 1
219 264 1
219 275 1
219 344 1
219 426 1
219 452 1
219 529 1
219 647 1
219 677 1
220 233 1
220 234 1
220 250 1
220 275 1
220 276 1
220 289 1
220 402 1
220 458 1
220 485 1
220 508 1
220 715 1
220 773 1
220 822 1
220 921 1
221 241 1
221 265 1
221 338 1
221 404 1
221 501 1
221 954 1
221 972 1
222 291 1
222 305 1
222 412 1
222 882 1
222 925 1
222 931 1
223 399 1
223 821 1
223 953 1
224 362 1
224 449 1
224 450 1
224 718 1
224 803 1
224 960 1
226 268 1
226 286 1
226 348 1
226 364 1
226 433 1
226 664 1
226 701 1
226 727 1
227 267 1
227 663 1
227 855 1
227 882 1
228 272 1
228 285 1
228 407 1
228 570 1
228 736 1
228 950 1
228 981 1
229 244 1
229 419 1
229 654 1
229 663 1
230 931 1
231 326 1
231 512 1
231 929 1
232 260 1
232 266 1
232 287 1
232 416 1
232 502 1
232 738 1
233 460 1
233 597 1
233 720 1
233 782 1
233 904 1
233 912 1
233 920 1
233 946 1
234 240 1
234 271 1
234 394 1
234 477 1
234 493 1
235 441 1
235 593 1
236 516 1
236 906 1
237 430 1
237 480 1
238 369 1
238 424 1
238 496 1
238 880 1
239 280 1
239 644 1
239 790 1
239 799 1
239 825 1
239 861 1
239 954 1
239 985 1
240 365 1
241 535 1
241 655 1
241 871 1
242 530 1
242 825 1
243 388 1
243 706 1
244 824 1
245 247 1
245 257 1
245 346 1
245 434 1
245 532 1
245 660 1
245 722 1
245 802 1
245 932 1
246 576 1
246 585 1
246 608 1
246 645 1
246 723 1
246 979 1
247 315 1
247 555 1
247 574 1
247 644 1
247 754 1
247 765 1
247 987 1
248 284 1
248 290 1
248 348 1
248 387 1
248 542 1
248 823 1
248 923 1
249 271 1
250 252 1
250 270 1
250 547 1
250 694 1
250 730 1
250 757 1
250 841 1
251 650 1
251 684 1
251 704 1
251 718 1
252 268 1
252 562 1
252 605 1
252 820 1
253 529 1
253 562 1
254 257 1
254 504 1
254 762 1
254 764 1
254 839 1
254 888 1
254 915 1
254 944 1
254 980 1
255 294 1
255 424 1
255 689 1
255 988 1
256 293 1
256 382 1
256 518 1
256 561 1
256 751 1
256 854 1
256 978 1
257 852 1
257 971 1
258 514 1
258 672 1
258 683 1
258 695 1
258 799 1
258 852 1
258 947 1
259 272 1
259 319 1
259 550 1
259 598 1
260 283 1
260 299 1
260 430 1
260 462 1
260 502 1
260 613 1
260 626 1
260 696 1
261 266 1
261 273 1
262 518 1
262 928 1
263 267 1
263 270 1
263 901 1
263 926 1
264 269 1
264 740 1
264 914 1
265 436 1
265 481 1
265 559 1
265 776 1
266 645 1
266 778 1
267 566 1
267 610 1
267 857 1
267 859 1
269 383 1
269 483 1
269 501 1
269 794 1
269 957 1
270 285 1
270 406 1
270 438 1
270 510 1
270 600 1
270 676 1
270 809 1
271 331 1
271 427 1
271 467 1
271 638 1
271 790 1
272 613 1
272 936 1
273 354 1
273 448 1
273 456 1
273 827 1
274 397 1
274 445 1
275 531 1
276 556 1
277 295 1
277 364 1
277 770 1
277 977 1
278 480 1
278 494 1
278 506 1
278 632 1
278 812 1
278 823 1
279 347 1
279 360 1
279 399 1
279 434 1
279 728 1
279 742 1
279 857 1
279 917 1
280 391 1
280 662 1
280 667 1
280 796 1
281 496 1
281 642 1
281 701 1
281 844 1
281 927 1
282 381 1
282 399 1
282 497 1
282 650 1
282 962 1
283 288 1
283 408 1
283 466 1
283 984 1
284 301 1
284 410 1
284 459 1
284 517 1
284 534 1
284 647 1
285 320 1
285 548 1
285 612 1
285 741 1
286 343 1
286 363 1
286 473 1
286 853 1
287 595 1
287 659 1
287 798 1
287 849 1
287 984 1
288 351 1
288 450 1
288 527 1
288 658 1
289 406 1
290 462 1
290 664 1
290 800 1
291 360 1
291 414 1
291 465 1
292 439 1
292 509 1
292 534 1
292 549 1
292 604 1
292 779 1
292 789 1
292 896 1
293 370 1
293 553 1
293 701 1
293 864 1
293 914 1
294 956 1
295 509 1
296 316 1
296 369 1
296 595 1
296 803 1
297 375 1
297 604 1
297 679 1
298 299 1
298 497 1
299 307 1
299 646 1
299 714 1
299 891 1
300 329 1
300 466 1
300 963 1
301 320 1
301 438 1
301 519 1
301 703 1
301 920 1
302 303 1
302 378 1
302 631 1
302 769 1
302 860 1
302 882 1
303 330 1
303 357 1
303 379 1
303 396 1
303 755 1
303 950 1
304 422 1
304 613 1
304 983 1
305 351 1
305 458 1
305 606 1
306 498 1
306 505 1
306 515 1
307 313 1
307 696 1
308 805 1
308 890 1
309 525 1
309 721 1
309 802 1
310 325 1
310 331 1
310 556 1
310 588 1
310 682 1
310 884 1
311 467 1
311 531 1
311 693 1
311 829 1
311 927 1
312 340 1
312 346 1
312 454 1
312 472 1
312 770 1
312 818 1
312 846 1
312 848 1
312 855 1
312 864 1
313 595 1
314 539 1
314 571 1
314 781 1
314 921 1
315 376 1
315 390 1
315 601 1
315 692 1
315 694 1
315 696 1
315 757 1
315 799 1
315 806 1
315 814 1
315 964 1
316 454 1
316 531 1
316 594 1
316 817 1
317 523 1
317 577 1
317 795 1
317 858 1
317 874 1
317 905 1
318 349 1
318 518 1
318 678 1
319 953 1
320 323 1
320 383 1
320 524 1
320 606 1
320 678 1
320 831 1
320 937 1
321 619 1
321 751 1
322 780 1
322 1000 1
323 499 1
323 503 1
323 820 1
323 911 1
324 337 1
324 634 1
324 648 1
324 999 1
325 393 1
326 481 1
326 823 1
327 377 1
327 393 1
327 492 1
327 817 1
327 837 1
327 840 1
327 889 1
327 912 1
327 940 1
328 344 1
328 452 1
328 548 1
328 719 1
328 749 1
328 847 1
329 337 1
329 410 1
329 440 1
329 538 1
329 570 1
329 596 1
329 709 1
329 711 1
329 715 1
329 848 1
330 402 1
330 455 1
330 461 1
330 479 1
330 550 1
330 863 1
331 439 1
331 460 1
331 508 1
331 707 1
331 866 1
332 448 1
332 573 1
332 577 1
332 618 1
332 684 1
332 791 1
333 395 1
333 631 1
333 775 1
333 834 1
334 425 1
334 460 1
334 631 1
334 837 1
334 930 1
335 843 1
336 448 1
337 348 1
337 537 1
338 699 1
338 860 1
338 990 1
339 434 1
340 437 1
340 454 1
340 556 1
340 611 1
340 705 1
341 515 1
341 584 1
341 643 1
341 955 1
342 388 1
342 423 1
343 470 1
343 642 1
343 706 1
343 877 1
344 358 1
344 411 1
344 486 1
344 487 1
344 736 1
345 395 1
345 643 1
345 932 1
346 524 1
347 355 1
347 636 1
347 679 1
347 974 1
348 499 1
348 553 1
348 573 1
348 648 1
348 766 1
348 914 1
348 973 1
349 570 1
349 583 1
349 660 1
349 898 1
350 361 1
350 491 1
350 551 1
350 565 1
350 680 1
350 809 1
351 476 1
351 650 1
351 710 1
351 862 1
352 366 1
352 381 1
352 674 1
352 782 1
354 371 1
354 533 1
354 616 1
354 693 1
354 834 1
354 845 1
355 365 1
355 438 1
355 440 1
355 592 1
355 640 1
355 826 1
355 889 1
355 900 1
356 464 1
356 511 1
356 521 1
356 527 1
357 560 1
357 699 1
358 675 1
359 362 1
359 421 1
359 510 1
359 752 1
359 816 1
359 999 1
360 538 1
360 617 1
360 695 1
360 976 1
361 543 1
361 875 1
361 908 1
362 412 1
362 462 1
362 534 1
362 541 1
363 438 1
363 462 1
364 530 1
364 878 1
364 959 1
365 495 1
365 559 1
365 669 1
365 690 1
365 692 1
365 735 1
365 806 1
365 994 1
366 383 1
366 633 1
366 768 1
366 976 1
367 519 1
367 581 1
367 773 1
367 845 1
367 854 1
368 633 1
368 887 1
369 693 1
370 423 1
370 444 1
370 704 1
370 717 1
371 596 1
372 724 1
372 783 1
374 653 1
377 599 1
377 620 1
377 929 1
378 403 1
378 646 1
378 706 1
378 822 1
379 437 1
379 591 1
379 631 1
380 464 1
380 824 1
381 471 1
381 478 1
381 643 1
381 868 1
381 880 1
381 930 1
381 952 1
383 432 1
383 819 1
384 431 1
384 647 1
384 821 1
384 836 1
384 861 1
385 539 1
385 673 1
385 849 1
386 397 1
386 554 1
386 767 1
387 393 1
387 439 1
387 561 1
387 960 1
387 994 1
388 402 1
388 476 1
388 687 1
388 756 1
388 810 1
388 816 1
389 439 1
389 504 1
389 520 1
389 633 1
389 711 1
389 739 1
389 740 1
389 741 1
389 840 1
390 459 1
390 551 1
390 913 1
391 432 1
392 547 1
392 554 1
392 968 1
393 810 1
394 748 1
394 755 1
395 464 1
395 915 1
396 560 1
396 1000 1
397 578 1
397 781 1
398 407 1
398 414 1
398 480 1
398 733 1
398 763 1
398 948 1
399 403 1
399 436 1
399 898 1
399 975 1
400 575 1
400 590 1
400 666 1
400 813 1
402 445 1
402 537 1
402 686 1
402 703 1
402 789 1
402 896 1
402 933 1
402 968 1
403 629 1
403 872 1
403 944 1
403 979 1
404 440 1
404 456 1
404 932 1
404 939 1
405 617 1
405 625 1
405 834 1
406 421 1
406 629 1
406 721 1
407 839 1
408 626 1
408 763 1
408 978 1
409 658 1
410 628 1
413 564 1
413 607 1
413 899 1
414 757 1
415 511 1
415 680 1
415 943 1
416 726 1
416 750 1
416 909 1
417 456 1
417 784 1
417 827 1
417 873 1
417 919 1
417 942 1
417 967 1
418 433 1
418 437 1
418 441 1
418 573 1
418 642 1
418 689 1
418 768 1
418 919 1
418 977 1
419 668 1
420 544 1
420 586 1
421 583 1
421 709 1
422 538 1
422 709 1
422 977 1
423 741 1
423 779 1
424 606 1
424 618 1
424 700 1
425 536 1
425 662 1
426 855 1
426 907 1
426 947 1
426 978 1
427 769 1
427 875 1
428 614 1
428 623 1
428 934 1
430 686 1
430 760 1
431 466 1
433 527 1
433 691 1
434 621 1
434 658 1
434 878 1
434 924 1
434 943 1
436 677 1
436 729 1
436 730 1
438 798 1
438 899 1
439 457 1
439 597 1
439 610 1
439 941 1
441 599 1
441 716 1
442 687 1
442 725 1
443 457 1
443 487 1
443 490 1
443 886 1
444 481 1
444 581 1
444 596 1
444 629 1
444 650 1
444 832 1
444 979 1
445 452 1
445 473 1
446 584 1
446 665 1
446 773 1
448 701 1
448 703 1
449 541 1
449 553 1
449 561 1
449 565 1
449 625 1
449 789 1
449 1000 1
450 524 1
450 744 1
452 872 1
453 539 1
453 698 1
453 793 1
453 910 1
453 987 1
454 490 1
454 869 1
455 486 1
455 501 1
455 652 1
455 759 1
455 875 1
456 508 1
456 638 1
457 931 1
457 965 1
458 832 1
459 514 1
459 578 1
460 803 1
460 807 1
460 828 1
461 657 1
463 506 1
463 746 1
463 943 1
464 499 1
465 785 1
467 746 1
467 808 1
467 819 1
468 598 1
468 844 1
468 870 1
469 516 1
469 835 1
470 507 1
470 576 1
470 667 1
470 699 1
471 753 1
471 893 1
471 933 1
472 569 1
472 578 1
472 719 1
472 743 1
472 799 1
473 604 1
474 485 1
474 535 1
474 572 1
474 586 1
474 608 1
474 636 1
474 849 1
474 891 1
474 903 1
474 960 1
475 628 1
475 681 1
476 811 1
477 698 1
477 925 1
478 788 1
480 893 1
480 910 1
481 508 1
481 872 1
481 913 1
481 964 1
483 672 1
484 505 1
484 960 1
485 851 1
485 953 1
486 494 1
486 554 1
486 734 1
486 797 1
487 543 1
487 593 1
489 510 1
490 566 1
490 745 1
490 787 1
490 854 1
491 918 1
492 808 1
493 660 1
493 710 1
494 590 1
494 651 1
494 737 1
495 694 1
496 815 1
496 818 1
496 861 1
497 846 1
498 582 1
498 674 1
498 830 1
500 852 1
503 549 1
503 576 1
503 697 1
503 922 1
504 854 1
505 601 1
506 628 1
506 782 1
506 835 1
507 686 1
507 865 1
507 883 1
508 622 1
508 771 1
508 799 1
508 856 1
508 892 1
508 904 1
508 937 1
509 966 1
510 611 1
510 761 1
510 790 1
510 845 1
511 695 1
511 918 1
512 774 1
512 790 1
512 876 1
512 983 1
513 856 1
514 608 1
514 640 1
515 535 1
515 610 1
515 745 1
515 986 1
516 586 1
516 671 1
516 803 1
516 962 1
517 682 1
517 700 1
519 659 1
520 617 1
521 557 1
521 742 1
521 830 1
525 572 1
525 660 1
525 682 1
525 902 1
527 546 1
528 534 1
528 738 1
528 832 1
529 923 1
530 544 1
531 688 1
531 746 1
531 813 1
531 935 1
531 966 1
532 674 1
532 678 1
532 746 1
534 814 1
535 865 1
536 537 1
536 883 1
538 574 1
540 603 1
540 654 1
540 926 1
540 945 1
540 973 1
542 544 1
542 685 1
542 711 1
542 756 1
543 558 1
543 709 1
543 776 1
544 671 1
545 600 1
545 645 1
545 736 1
546 551 1
546 583 1
547 601 1
547 846 1
547 974 1
548 580 1
548 650 1
548 778 1
548 816 1
548 933 1
549 626 1
549 752 1
549 783 1
549 812 1
550 851 1
551 619 1
552 897 1
552 969 1
554 921 1
556 803 1
556 837 1
557 693 1
557 769 1
557 867 1
557 992 1
558 678 1
559 624 1
559 813 1
559 821 1
559 904 1
560 702 1
561 732 1
561 865 1
561 887 1
561 994 1
562 576 1
562 775 1
563 970 1
564 636 1
564 902 1
564 904 1
565 606 1
565 639 1
565 683 1
565 728 1
566 681 1
566 734 1
566 750 1
566 853 1
567 996 1
568 879 1
569 945 1
571 630 1
571 948 1
571 998 1
572 621 1
573 703 1
573 749 1
573 905 1
573 907 1
573 918 1
573 999 1
574 817 1
574 911 1
575 829 1
575 842 1
575 903 1
575 933 1
575 989 1
577 980 1
578 588 1
578 685 1
580 651 1
580 809 1
580 980 1
581 994 1
582 595 1
582 602 1
582 920 1
582 936 1
583 648 1
583 905 1
586 888 1
587 618 1
587 951 1
588 770 1
589 788 1
590 707 1
590 974 1
592 875 1
594 654 1
594 673 1
594 833 1
594 956 1
595 668 1
595 801 1
596 758 1
597 754 1
597 766 1
598 731 1
598 783 1
598 924 1
598 978 1
599 693 1
599 923 1
600 815 1
601 612 1
601 677 1
602 625 1
602 844 1
603 711 1
603 874 1
605 632 1
605 690 1
605 708 1
606 736 1
609 696 1
611 801 1
611 834 1
612 622 1
612 792 1
612 809 1
612 944 1
615 661 1
615 895 1
616 749 1
616 930 1
617 645 1
618 757 1
619 971 1
620 762 1
620 951 1
621 647 1
621 873 1
622 946 1
625 904 1
626 748 1
628 724 1
630 669 1
630 958 1
631 793 1
632 760 1
633 668 1
633 756 1
633 848 1
633 935 1
633 972 1
634 663 1
634 676 1
634 794 1
634 945 1
635 895 1
636 666 1
637 870 1
639 835 1
641 670 1
641 877 1
642 935 1
642 948 1
645 735 1
646 805 1
647 729 1
647 740 1
647 833 1
648 767 1
649 716 1
649 827 1
649 928 1
651 674 1
651 723 1
651 804 1
652 697 1
652 730 1
652 782 1
653 791 1
654 667 1
654 795 1
654 880 1
655 687 1
655 796 1
657 734 1
659 755 1
659 813 1
659 850 1
659 943 1
660 670 1
661 687 1
661 737 1
662 784 1
662 937 1
662 955 1
663 772 1
663 903 1
664 731 1
664 805 1
664 925 1
665 713 1
666 679 1
666 771 1
667 874 1
668 952 1
669 811 1
669 850 1
672 768 1
672 831 1
674 841 1
675 932 1
675 969 1
675 996 1
676 731 1
676 792 1
676 895 1
677 716 1
677 754 1
677 756 1
677 877 1
677 881 1
677 941 1
678 681 1
678 895 1
679 959 1
690 967 1
692 710 1
692 888 1
692 917 1
693 990 1
693 991 1
695 986 1
696 872 1
696 987 1
698 743 1
700 785 1
703 713 1
703 831 1
703 838 1
704 838 1
704 897 1
705 745 1
705 767 1
706 717 1
706 740 1
706 924 1
707 783 1
709 728 1
710 785 1
712 899 1
715 914 1
717 914 1
718 798 1
719 982 1
720 901 1
721 733 1
723 801 1
724 974 1
726 989 1
728 752 1
728 857 1
728 922 1
728 958 1
729 737 1
731 805 1
731 993 1
735 939 1
736 789 1
738 901 1
743 981 1
744 779 1
747 753 1
747 924 1
747 972 1
749 825 1
749 936 1
750 797 1
751 851 1
752 987 1
754 763 1
754 814 1
760 995 1
762 860 1
762 920 1
763 951 1
766 864 1
766 988 1
770 955 1
779 851 1
780 781 1
781 855 1
782 987 1
789 806 1
793 810 1
793 889 1
793 958 1
795 964 1
798 849 1
799 855 1
802 907 1
803 833 1
805 822 1
805 991 1
813 828 1
813 898 1
814 885 1
814 973 1
815 879 1
818 928 1
823 986 1
824 940 1
824 982 1
826 843 1
826 965 1
827 944 1
828 835 1
828 845 1
833 869 1
837 907 1
838 885 1
839 909 1
841 890 1
841 969 1
841 991 1
842 930 1
843 959 1
843 985 1
844 977 1
849 867 1
852 864 1
855 981 1
856 926 1
861 963 1
861 972 1
865 947 1
870 921 1
874 984 1
876 891 1
876 962 1
879 986 1
886 912 1
887 901 1
889 966 1
890 929 1
895 929 1
902 938 1
925 942 1
927 940 1
928 943 1
929 955 1
931 945 1
931 965 1
934 996 1
958 961 1
966 997 1
984 999 1
