1000 4975
1 2 1
1 3 1
1 4 1
1 5 1
1 6 1
1 7 1
1 9 1
1 10 1
1 11 1
1 12 1
1 13 1
1 14 1
1 15 1
1 20 1
1 21 1
1 22 1
1 24 1
1 28 1
1 29 1
1 31 1
1 32 1
1 37 1
1 40 1
1 41 1
1 42 1
1 49 1
1 51 1
1 54 1
1 56 1
1 59 1
1 63 1
1 66 1
1 74 1
1 79 1
1 84 1
1 86 1
1 87 1
1 90 1
1 91 1
1 94 1
1 95 1
1 97 1
1 99 1
1 102 1
1 111 1
1 116 1
1 120 1
1 138 1
1 149 1
1 155 1
1 160 1
1 164 1
1 165 1
1 166 1
1 167 1
1 168 1
1 170 1
1 174 1
1 181 1
1 183 1
1 184 1
1 190 1
1 194 1
1 195 1
1 200 1
1 217 1
1 221 1
1 224 1
1 236 1
1 250 1
1 263 1
1 300 1
1 301 1
1 319 1
1 362 1
1 376 1
1 389 1
1 419 1
1 420 1
1 426 1
1 441 1
1 453 1
1 461 1
1 468 1
1 471 1
1 474 1
1 478 1
1 486 1
1 490 1
1 500 1
1 530 1
1 535 1
1 538 1
1 551 1
1 553 1
1 562 1
1 595 1
1 603 1
1 626 1
1 637 1
1 645 1
1 651 1
1 654 1
1 686 1
1 688 1
1 691 1
1 697 1
1 744 1
1 795 1
1 800 1
1 801 1
1 811 1
1 813 1
1 818 1
1 823 1
1 834 1
1 845 1
1 861 1
1 867 1
1 870 1
1 878 1
1 879 1
1 897 1
1 957 1
1 964 1
1 966 1
1 999 1
2 7 1
2 8 1
2 12 1
2 13 1
2 17 1
2 18 1
2 22 1
2 29 1
2 30 1
2 31 1
2 32 1
2 33 1
2 38 1
2 39 1
2 45 1
2 47 1
2 57 1
2 63 1
2 75 1
2 77 1
2 78 1
2 82 1
2 97 1
2 99 1
2 104 1
2 114 1
2 115 1
2 121 1
2 123 1
2 151 1
2 158 1
2 162 1
2 175 1
2 181 1
2 198 1
2 200 1
2 202 1
2 204 1
2 209 1
2 213 1
2 234 1
2 267 1
2 270 1
2 278 1
2 289 1
2 317 1
2 322 1
2 336 1
2 363 1
2 386 1
2 394 1
2 398 1
2 417 1
2 433 1
2 506 1
2 523 1
2 529 1
2 544 1
2 555 1
2 562 1
2 565 1
2 582 1
2 591 1
2 599 1
2 628 1
2 652 1
2 676 1
2 733 1
2 754 1
2 755 1
2 783 1
2 793 1
2 812 1
2 814 1
2 828 1
2 835 1
2 891 1
2 897 1
2 900 1
2 901 1
2 902 1
2 928 1
2 954 1
2 958 1
2 977 1
3 8 1
3 37 1
3 70 1
3 95 1
3 113 1
3 130 1
3 132 1
3 190 1
3 192 1
3 233 1
3 245 1
3 251 1
3 304 1
3 369 1
3 510 1
3 540 1
3 742 1
3 844 1
3 900 1
4 7 1
4 9 1
4 10 1
4 11 1
4 12 1
4 13 1
4 14 1
4 15 1
4 24 1
4 26 1
4 28 1
4 34 1
4 36 1
4 40 1
4 41 1
4 47 1
4 52 1
4 61 1
4 67 1
4 69 1
4 75 1
4 76 1
4 83 1
4 107 1
4 114 1
4 118 1
4 131 1
4 132 1
4 136 1
4 150 1
4 156 1
4 158 1
4 161 1
4 173 1
4 183 1
4 187 1
4 215 1
4 228 1
4 241 1
4 242 1
4 260 1
4 281 1
4 287 1
4 297 1
4 323 1
4 327 1
4 349 1
4 366 1
4 374 1
4 389 1
4 397 1
4 432 1
4 447 1
4 471 1
4 472 1
4 515 1
4 537 1
4 552 1
4 565 1
4 577 1
4 620 1
4 621 1
4 645 1
4 663 1
4 693 1
4 718 1
4 738 1
4 766 1
4 776 1
4 810 1
4 820 1
4 860 1
4 907 1
4 968 1
4 998 1
5 7 1
5 8 1
5 9 1
5 15 1
5 17 1
5 18 1
5 20 1
5 23 1
5 24 1
5 25 1
5 27 1
5 35 1
5 39 1
5 57 1
5 58 1
5 67 1
5 83 1
5 109 1
5 112 1
5 118 1
5 124 1
5 138 1
5 161 1
5 168 1
5 182 1
5 186 1
5 208 1
5 209 1
5 222 1
5 224 1
5 239 1
5 252 1
5 264 1
5 272 1
5 276 1
5 326 1
5 340 1
5 354 1
5 365 1
5 415 1
5 439 1
5 444 1
5 462 1
5 476 1
5 492 1
5 573 1
5 590 1
5 597 1
5 609 1
5 636 1
5 660 1
5 685 1
5 752 1
5 773 1
5 796 1
5 822 1
5 846 1
5 854 1
5 855 1
5 866 1
5 876 1
5 880 1
5 891 1
5 924 1
5 933 1
6 7 1
6 8 1
6 29 1
6 30 1
6 39 1
6 40 1
6 54 1
6 95 1
6 139 1
6 329 1
6 409 1
6 531 1
6 608 1
7 8 1
7 9 1
7 10 1
7 11 1
7 12 1
7 13 1
7 14 1
7 19 1
7 21 1
7 23 1
7 24 1
7 27 1
7 35 1
7 48 1
7 55 1
7 60 1
7 68 1
7 73 1
7 88 1
7 93 1
7 97 1
7 98 1
7 108 1
7 116 1
7 135 1
7 137 1
7 140 1
7 149 1
7 168 1
7 179 1
7 181 1
7 209 1
7 221 1
7 243 1
7 249 1
7 254 1
7 262 1
7 265 1
7 274 1
7 291 1
7 301 1
7 302 1
7 314 1
7 327 1
7 358 1
7 381 1
7 396 1
7 419 1
7 421 1
7 437 1
7 451 1
7 462 1
7 467 1
7 524 1
7 538 1
7 571 1
7 604 1
7 616 1
7 649 1
7 667 1
7 708 1
7 721 1
7 768 1
7 773 1
7 783 1
7 791 1
7 814 1
7 815 1
7 836 1
7 849 1
7 873 1
7 893 1
7 918 1
7 992 1
7 994 1
8 9 1
8 10 1
8 11 1
8 14 1
8 15 1
8 16 1
8 17 1
8 18 1
8 37 1
8 38 1
8 43 1
8 51 1
8 52 1
8 53 1
8 56 1
8 60 1
8 62 1
8 65 1
8 69 1
8 73 1
8 80 1
8 81 1
8 92 1
8 93 1
8 109 1
8 125 1
8 130 1
8 133 1
8 140 1
8 143 1
8 146 1
8 151 1
8 172 1
8 176 1
8 211 1
8 226 1
8 235 1
8 245 1
8 260 1
8 283 1
8 289 1
8 302 1
8 320 1
8 348 1
8 349 1
8 383 1
8 399 1
8 418 1
8 441 1
8 447 1
8 458 1
8 459 1
8 489 1
8 502 1
8 504 1
8 518 1
8 520 1
8 528 1
8 552 1
8 556 1
8 560 1
8 586 1
8 612 1
8 621 1
8 632 1
8 665 1
8 671 1
8 681 1
8 695 1
8 706 1
8 724 1
8 730 1
8 752 1
8 770 1
8 779 1
8 914 1
8 923 1
8 943 1
8 970 1
8 990 1
9 10 1
9 11 1
9 13 1
9 18 1
9 26 1
9 29 1
9 34 1
9 36 1
9 41 1
9 42 1
9 61 1
9 69 1
9 73 1
9 88 1
9 96 1
9 103 1
9 106 1
9 110 1
9 111 1
9 121 1
9 125 1
9 126 1
9 143 1
9 157 1
9 158 1
9 165 1
9 167 1
9 171 1
9 176 1
9 177 1
9 180 1
9 191 1
9 192 1
9 204 1
9 220 1
9 229 1
9 255 1
9 281 1
9 291 1
9 303 1
9 304 1
9 307 1
9 351 1
9 379 1
9 386 1
9 391 1
9 411 1
9 412 1
9 473 1
9 505 1
9 514 1
9 518 1
9 535 1
9 539 1
9 547 1
9 548 1
9 574 1
9 579 1
9 590 1
9 602 1
9 666 1
9 693 1
9 694 1
9 711 1
9 714 1
9 719 1
9 732 1
9 751 1
9 774 1
9 783 1
9 796 1
9 820 1
9 824 1
9 826 1
9 828 1
9 845 1
9 888 1
9 908 1
9 915 1
9 919 1
9 961 1
9 966 1
9 977 1
9 995 1
10 12 1
10 15 1
10 16 1
10 18 1
10 20 1
10 21 1
10 23 1
10 30 1
10 35 1
10 39 1
10 46 1
10 47 1
10 50 1
10 53 1
10 62 1
10 70 1
10 72 1
10 74 1
10 78 1
10 79 1
10 80 1
10 91 1
10 100 1
10 107 1
10 120 1
10 124 1
10 127 1
10 128 1
10 140 1
10 147 1
10 162 1
10 169 1
10 180 1
10 184 1
10 188 1
10 193 1
10 196 1
10 205 1
10 228 1
10 230 1
10 231 1
10 275 1
10 288 1
10 290 1
10 293 1
10 295 1
10 317 1
10 342 1
10 350 1
10 367 1
10 385 1
10 397 1
10 398 1
10 405 1
10 429 1
10 433 1
10 439 1
10 456 1
10 474 1
10 483 1
10 487 1
10 533 1
10 551 1
10 594 1
10 595 1
10 605 1
10 701 1
10 721 1
10 760 1
10 765 1
10 803 1
10 809 1
10 859 1
10 860 1
10 884 1
10 913 1
10 926 1
10 936 1
10 940 1
10 944 1
10 946 1
10 957 1
10 976 1
10 993 1
11 14 1
11 17 1
11 19 1
11 20 1
11 21 1
11 25 1
11 30 1
11 32 1
11 41 1
11 51 1
11 60 1
11 66 1
11 68 1
11 78 1
11 85 1
11 87 1
11 91 1
11 96 1
11 105 1
11 106 1
11 122 1
11 124 1
11 127 1
11 130 1
11 142 1
11 143 1
11 156 1
11 157 1
11 165 1
11 169 1
11 183 1
11 198 1
11 201 1
11 209 1
11 210 1
11 216 1
11 220 1
11 222 1
11 227 1
11 229 1
11 231 1
11 233 1
11 234 1
11 243 1
11 247 1
11 254 1
11 256 1
11 259 1
11 274 1
11 288 1
11 296 1
11 310 1
11 315 1
11 322 1
11 323 1
11 335 1
11 339 1
11 355 1
11 410 1
11 443 1
11 507 1
11 508 1
11 513 1
11 542 1
11 579 1
11 586 1
11 600 1
11 682 1
11 694 1
11 695 1
11 700 1
11 717 1
11 753 1
11 784 1
11 868 1
11 873 1
11 881 1
11 892 1
11 899 1
11 907 1
11 912 1
11 917 1
11 936 1
11 971 1
11 993 1
12 16 1
12 19 1
12 22 1
12 26 1
12 27 1
12 32 1
12 33 1
12 37 1
12 38 1
12 44 1
12 50 1
12 51 1
12 53 1
12 74 1
12 80 1
12 98 1
12 102 1
12 117 1
12 122 1
12 128 1
12 145 1
12 151 1
12 163 1
12 179 1
12 193 1
12 218 1
12 225 1
12 245 1
12 248 1
12 250 1
12 252 1
12 258 1
12 268 1
12 291 1
12 295 1
12 313 1
12 334 1
12 336 1
12 363 1
12 383 1
12 407 1
12 425 1
12 426 1
12 428 1
12 440 1
12 446 1
12 471 1
12 573 1
12 589 1
12 600 1
12 625 1
12 630 1
12 635 1
12 655 1
12 760 1
12 761 1
12 767 1
12 817 1
12 842 1
12 906 1
12 940 1
12 997 1
13 16 1
13 19 1
13 22 1
13 35 1
13 37 1
13 39 1
13 44 1
13 45 1
13 49 1
13 64 1
13 67 1
13 71 1
13 79 1
13 93 1
13 129 1
13 137 1
13 145 1
13 150 1
13 176 1
13 178 1
13 183 1
13 186 1
13 207 1
13 232 1
13 250 1
13 276 1
13 289 1
13 293 1
13 304 1
13 308 1
13 317 1
13 326 1
13 330 1
13 343 1
13 350 1
13 398 1
13 401 1
13 427 1
13 438 1
13 439 1
13 504 1
13 516 1
13 561 1
13 576 1
13 583 1
13 591 1
13 593 1
13 595 1
13 606 1
13 615 1
13 699 1
13 717 1
13 718 1
13 793 1
13 799 1
13 804 1
13 816 1
13 840 1
13 924 1
14 26 1
14 86 1
14 106 1
14 189 1
14 230 1
14 368 1
14 426 1
14 488 1
14 628 1
14 770 1
14 791 1
15 16 1
15 17 1
15 20 1
15 31 1
15 40 1
15 59 1
15 64 1
15 73 1
15 142 1
15 155 1
15 159 1
15 195 1
15 199 1
15 203 1
15 209 1
15 233 1
15 258 1
15 270 1
15 309 1
15 312 1
15 316 1
15 343 1
15 344 1
15 392 1
15 424 1
15 562 1
15 741 1
15 784 1
15 839 1
16 19 1
16 23 1
16 28 1
16 33 1
16 44 1
16 46 1
16 48 1
16 50 1
16 52 1
16 54 1
16 56 1
16 62 1
16 67 1
16 71 1
16 89 1
16 103 1
16 108 1
16 119 1
16 120 1
16 131 1
16 137 1
16 141 1
16 146 1
16 156 1
16 164 1
16 176 1
16 186 1
16 194 1
16 210 1
16 215 1
16 236 1
16 237 1
16 273 1
16 288 1
16 332 1
16 358 1
16 361 1
16 371 1
16 377 1
16 381 1
16 388 1
16 400 1
16 408 1
16 415 1
16 422 1
16 434 1
16 558 1
16 565 1
16 593 1
16 601 1
16 608 1
16 614 1
16 637 1
16 668 1
16 675 1
16 681 1
16 687 1
16 700 1
16 716 1
16 726 1
16 736 1
16 772 1
16 785 1
16 817 1
16 821 1
16 823 1
16 830 1
16 832 1
16 836 1
16 838 1
16 844 1
16 859 1
16 864 1
16 872 1
16 916 1
16 933 1
16 983 1
17 22 1
17 23 1
17 25 1
17 26 1
17 27 1
17 30 1
17 76 1
17 85 1
17 98 1
17 101 1
17 104 1
17 121 1
17 144 1
17 149 1
17 169 1
17 185 1
17 203 1
17 208 1
17 218 1
17 226 1
17 240 1
17 248 1
17 292 1
17 322 1
17 324 1
17 347 1
17 370 1
17 384 1
17 400 1
17 402 1
17 411 1
17 432 1
17 450 1
17 467 1
17 484 1
17 488 1
17 499 1
17 524 1
17 531 1
17 540 1
17 569 1
17 609 1
17 612 1
17 658 1
17 709 1
17 747 1
17 831 1
17 849 1
17 872 1
17 881 1
17 903 1
17 947 1
17 981 1
18 25 1
18 31 1
18 49 1
18 81 1
18 101 1
18 167 1
18 198 1
18 199 1
18 212 1
18 287 1
18 292 1
18 309 1
18 362 1
18 404 1
18 530 1
18 703 1
19 21 1
19 34 1
19 43 1
19 69 1
19 104 1
19 136 1
19 153 1
19 155 1
19 158 1
19 179 1
19 194 1
19 236 1
19 250 1
19 262 1
19 281 1
19 288 1
19 332 1
19 347 1
19 352 1
19 372 1
19 379 1
19 399 1
19 498 1
19 558 1
19 728 1
19 746 1
19 756 1
19 895 1
19 905 1
19 908 1
19 912 1
19 916 1
19 955 1
20 24 1
20 33 1
20 40 1
20 48 1
20 57 1
20 66 1
20 70 1
20 72 1
20 89 1
20 92 1
20 94 1
20 115 1
20 119 1
20 125 1
20 126 1
20 138 1
20 141 1
20 143 1
20 156 1
20 171 1
20 206 1
20 236 1
20 284 1
20 364 1
20 378 1
20 393 1
20 406 1
20 428 1
20 495 1
20 514 1
20 531 1
20 550 1
20 573 1
20 642 1
20 676 1
20 691 1
20 694 1
20 716 1
20 763 1
20 816 1
20 870 1
20 952 1
20 988 1
20 989 1
20 999 1
21 25 1
21 28 1
21 64 1
21 71 1
21 85 1
21 148 1
21 152 1
21 217 1
21 248 1
21 251 1
21 280 1
21 386 1
21 387 1
21 436 1
21 480 1
21 484 1
21 509 1
21 564 1
21 601 1
21 685 1
21 704 1
21 800 1
21 931 1
22 27 1
22 28 1
22 42 1
22 51 1
22 57 1
22 61 1
22 68 1
22 82 1
22 86 1
22 110 1
22 123 1
22 157 1
22 178 1
22 204 1
22 217 1
22 236 1
22 249 1
22 267 1
22 295 1
22 297 1
22 322 1
22 347 1
22 378 1
22 484 1
22 510 1
22 536 1
22 641 1
22 693 1
22 699 1
22 758 1
22 896 1
22 963 1
22 983 1
22 986 1
23 36 1
23 38 1
23 56 1
23 60 1
23 64 1
23 84 1
23 91 1
23 103 1
23 105 1
23 112 1
23 133 1
23 137 1
23 150 1
23 152 1
23 166 1
23 178 1
23 214 1
23 222 1
23 225 1
23 249 1
23 351 1
23 354 1
23 359 1
23 365 1
23 367 1
23 414 1
23 435 1
23 467 1
23 486 1
23 521 1
23 584 1
23 691 1
23 710 1
23 748 1
23 772 1
23 773 1
23 794 1
23 800 1
23 802 1
23 876 1
23 888 1
23 890 1
23 906 1
23 927 1
23 941 1
24 36 1
24 44 1
24 46 1
24 50 1
24 68 1
24 75 1
24 78 1
24 82 1
24 115 1
24 118 1
24 127 1
24 163 1
24 182 1
24 193 1
24 279 1
24 303 1
24 320 1
24 340 1
24 342 1
24 353 1
24 365 1
24 370 1
24 373 1
24 388 1
24 442 1
24 453 1
24 515 1
24 592 1
24 593 1
24 669 1
24 679 1
24 705 1
24 727 1
24 851 1
24 947 1
24 957 1
25 38 1
25 45 1
25 52 1
25 81 1
25 89 1
25 133 1
25 142 1
25 148 1
25 163 1
25 175 1
25 203 1
25 216 1
25 225 1
25 228 1
25 336 1
25 369 1
25 392 1
25 399 1
25 435 1
25 446 1
25 452 1
25 504 1
25 541 1
25 548 1
25 564 1
25 571 1
25 643 1
25 784 1
25 923 1
25 932 1
26 35 1
26 58 1
26 65 1
26 96 1
26 98 1
26 112 1
26 174 1
26 195 1
26 511 1
26 526 1
26 567 1
26 571 1
26 639 1
26 681 1
26 775 1
26 805 1
27 29 1
27 33 1
27 34 1
27 41 1
27 43 1
27 57 1
27 59 1
27 127 1
27 139 1
27 169 1
27 200 1
27 217 1
27 267 1
27 269 1
27 297 1
27 358 1
27 407 1
27 461 1
27 559 1
27 599 1
27 610 1
27 642 1
27 667 1
27 724 1
27 735 1
27 755 1
27 768 1
27 790 1
27 802 1
27 805 1
27 812 1
27 851 1
27 949 1
28 36 1
28 55 1
28 58 1
28 61 1
28 70 1
28 92 1
28 94 1
28 126 1
28 142 1
28 152 1
28 158 1
28 161 1
28 190 1
28 239 1
28 267 1
28 321 1
28 356 1
28 411 1
28 434 1
28 448 1
28 538 1
28 548 1
28 549 1
28 634 1
28 680 1
28 749 1
28 777 1
28 794 1
28 832 1
28 834 1
28 894 1
28 899 1
29 31 1
29 34 1
29 53 1
29 66 1
29 81 1
29 88 1
29 89 1
29 105 1
29 169 1
29 192 1
29 197 1
29 206 1
29 215 1
29 237 1
29 240 1
29 266 1
29 326 1
29 335 1
29 354 1
29 361 1
29 370 1
29 419 1
29 434 1
29 448 1
29 463 1
29 476 1
29 477 1
29 481 1
29 520 1
29 533 1
29 543 1
29 545 1
29 571 1
29 622 1
29 633 1
29 659 1
29 716 1
29 719 1
29 723 1
29 728 1
29 754 1
29 760 1
29 787 1
29 820 1
29 838 1
29 860 1
30 42 1
30 45 1
30 53 1
30 64 1
30 65 1
30 108 1
30 109 1
30 111 1
30 121 1
30 134 1
30 154 1
30 165 1
30 174 1
30 211 1
30 242 1
30 294 1
30 321 1
30 330 1
30 341 1
30 358 1
30 361 1
30 364 1
30 365 1
30 370 1
30 377 1
30 417 1
30 422 1
30 445 1
30 559 1
30 572 1
30 580 1
30 616 1
30 687 1
30 696 1
30 711 1
30 791 1
30 816 1
30 839 1
30 864 1
30 880 1
30 962 1
31 32 1
31 47 1
31 55 1
31 58 1
31 63 1
31 68 1
31 83 1
31 95 1
31 100 1
31 114 1
31 127 1
31 168 1
31 172 1
31 177 1
31 178 1
31 211 1
31 248 1
31 291 1
31 313 1
31 329 1
31 349 1
31 352 1
31 410 1
31 412 1
31 423 1
31 455 1
31 465 1
31 491 1
31 521 1
31 536 1
31 581 1
31 582 1
31 619 1
31 626 1
31 713 1
31 725 1
31 741 1
31 786 1
31 790 1
31 866 1
31 871 1
31 888 1
31 908 1
31 946 1
31 978 1
31 979 1
32 42 1
32 48 1
32 50 1
32 72 1
32 84 1
32 90 1
32 115 1
32 148 1
32 193 1
32 225 1
32 262 1
32 312 1
32 348 1
32 356 1
32 416 1
32 489 1
32 510 1
32 646 1
32 672 1
32 727 1
32 763 1
32 786 1
32 808 1
32 810 1
32 831 1
32 841 1
32 857 1
32 952 1
33 43 1
33 72 1
33 79 1
33 125 1
33 211 1
33 220 1
33 232 1
33 272 1
33 286 1
33 315 1
33 320 1
33 442 1
33 475 1
33 492 1
33 523 1
33 606 1
33 696 1
33 741 1
33 773 1
33 780 1
33 912 1
33 956 1
33 962 1
34 63 1
34 83 1
34 91 1
34 93 1
34 99 1
34 113 1
34 118 1
34 121 1
34 135 1
34 138 1
34 155 1
34 172 1
34 188 1
34 190 1
34 194 1
34 240 1
34 253 1
34 254 1
34 289 1
34 380 1
34 388 1
34 425 1
34 473 1
34 546 1
34 587 1
34 671 1
34 701 1
34 709 1
34 788 1
34 874 1
35 48 1
35 147 1
35 245 1
35 363 1
35 420 1
35 526 1
35 554 1
35 706 1
35 925 1
36 114 1
36 119 1
36 144 1
36 152 1
36 194 1
36 306 1
36 312 1
36 338 1
36 372 1
36 376 1
36 384 1
36 387 1
36 433 1
36 498 1
36 506 1
36 545 1
36 561 1
36 564 1
36 583 1
36 595 1
36 714 1
36 729 1
36 768 1
36 775 1
36 809 1
36 815 1
36 843 1
36 850 1
36 866 1
36 974 1
37 49 1
37 92 1
37 131 1
37 157 1
37 256 1
37 306 1
37 326 1
37 430 1
37 530 1
37 586 1
37 789 1
37 813 1
37 893 1
37 968 1
38 46 1
38 125 1
38 259 1
38 270 1
38 353 1
38 355 1
38 381 1
38 430 1
38 469 1
38 478 1
38 485 1
38 488 1
38 544 1
38 550 1
38 569 1
38 685 1
38 713 1
38 736 1
38 979 1
39 46 1
39 78 1
39 90 1
39 128 1
39 159 1
39 167 1
39 186 1
39 275 1
39 311 1
39 338 1
39 340 1
39 388 1
39 494 1
39 509 1
39 517 1
39 723 1
39 734 1
39 739 1
39 752 1
39 794 1
39 967 1
39 992 1
40 80 1
40 172 1
40 282 1
40 340 1
40 441 1
40 505 1
40 675 1
40 698 1
40 717 1
40 955 1
41 45 1
41 71 1
41 75 1
41 83 1
41 105 1
41 132 1
41 189 1
41 207 1
41 274 1
41 277 1
41 303 1
41 339 1
41 525 1
41 692 1
41 709 1
41 735 1
41 744 1
41 778 1
41 985 1
42 43 1
42 44 1
42 93 1
42 103 1
42 120 1
42 132 1
42 134 1
42 147 1
42 159 1
42 234 1
42 394 1
42 617 1
42 620 1
42 661 1
42 758 1
42 943 1
43 54 1
43 77 1
43 80 1
43 120 1
43 384 1
43 387 1
43 402 1
43 416 1
43 480 1
43 589 1
43 644 1
43 664 1
43 919 1
43 976 1
44 47 1
44 52 1
44 66 1
44 81 1
44 147 1
44 213 1
44 262 1
44 279 1
44 357 1
44 393 1
44 456 1
44 609 1
44 689 1
44 700 1
44 776 1
44 952 1
45 54 1
45 59 1
45 104 1
45 123 1
45 179 1
45 188 1
45 276 1
45 326 1
45 345 1
45 428 1
45 533 1
45 612 1
45 631 1
45 677 1
45 762 1
45 803 1
45 960 1
46 55 1
46 65 1
46 69 1
46 97 1
46 100 1
46 107 1
46 230 1
46 278 1
46 292 1
46 333 1
46 381 1
46 382 1
46 430 1
46 440 1
46 637 1
46 677 1
46 745 1
46 801 1
46 839 1
46 853 1
47 76 1
47 85 1
47 99 1
47 151 1
47 156 1
47 183 1
47 259 1
47 359 1
47 380 1
47 438 1
47 449 1
47 656 1
47 670 1
47 684 1
47 699 1
47 700 1
47 788 1
47 791 1
47 883 1
47 999 1
48 49 1
48 55 1
48 72 1
48 85 1
48 107 1
48 166 1
48 257 1
48 271 1
48 324 1
48 522 1
48 614 1
48 639 1
48 881 1
48 889 1
49 181 1
49 277 1
49 278 1
49 309 1
49 363 1
49 547 1
49 557 1
49 574 1
49 678 1
49 688 1
49 807 1
50 88 1
50 90 1
50 296 1
50 363 1
50 413 1
50 494 1
50 605 1
50 631 1
50 640 1
50 664 1
50 687 1
50 883 1
50 894 1
51 56 1
51 58 1
51 62 1
51 135 1
51 208 1
51 218 1
51 221 1
51 279 1
51 285 1
51 371 1
51 426 1
51 455 1
51 460 1
51 485 1
51 526 1
51 531 1
51 540 1
51 542 1
51 569 1
51 613 1
51 657 1
51 716 1
51 765 1
51 775 1
51 871 1
51 902 1
51 921 1
52 60 1
52 63 1
52 82 1
52 102 1
52 113 1
52 133 1
52 238 1
52 266 1
52 268 1
52 271 1
52 330 1
52 439 1
52 468 1
52 635 1
52 709 1
52 789 1
52 858 1
52 893 1
52 917 1
52 967 1
53 61 1
53 110 1
53 135 1
53 572 1
53 581 1
53 632 1
53 675 1
53 848 1
53 913 1
54 62 1
54 100 1
54 124 1
54 187 1
54 197 1
54 252 1
54 316 1
54 343 1
54 348 1
54 414 1
54 465 1
54 502 1
54 524 1
54 561 1
54 570 1
54 664 1
54 730 1
54 751 1
54 771 1
54 783 1
54 997 1
55 59 1
55 119 1
55 130 1
55 136 1
55 176 1
55 216 1
55 229 1
55 313 1
55 314 1
55 327 1
55 331 1
55 392 1
55 393 1
55 440 1
55 444 1
55 475 1
55 487 1
55 512 1
55 560 1
55 585 1
55 651 1
55 673 1
55 807 1
55 929 1
55 987 1
56 134 1
56 153 1
56 229 1
56 268 1
56 450 1
56 536 1
56 831 1
56 939 1
57 67 1
57 74 1
57 90 1
57 114 1
57 141 1
57 162 1
57 212 1
57 216 1
57 247 1
57 257 1
57 279 1
57 303 1
57 309 1
57 344 1
57 431 1
57 549 1
57 567 1
57 617 1
57 633 1
57 660 1
57 662 1
57 713 1
57 847 1
57 969 1
58 77 1
58 84 1
58 131 1
58 159 1
58 181 1
58 256 1
58 401 1
58 433 1
58 481 1
58 508 1
58 513 1
58 525 1
58 553 1
58 659 1
58 892 1
59 71 1
59 77 1
59 160 1
59 161 1
59 214 1
59 260 1
59 332 1
59 429 1
59 496 1
59 668 1
59 931 1
59 986 1
60 153 1
60 223 1
60 237 1
60 324 1
60 333 1
60 607 1
60 785 1
61 65 1
61 74 1
61 213 1
61 519 1
61 578 1
61 611 1
61 788 1
61 892 1
62 112 1
62 117 1
62 173 1
62 177 1
62 180 1
62 202 1
62 350 1
62 382 1
62 388 1
62 395 1
62 464 1
62 477 1
62 616 1
62 629 1
62 641 1
62 778 1
62 870 1
62 928 1
62 962 1
62 988 1
63 70 1
63 98 1
63 112 1
63 346 1
63 410 1
63 491 1
63 547 1
63 678 1
63 720 1
63 804 1
63 909 1
64 88 1
64 144 1
64 473 1
64 665 1
64 757 1
64 909 1
64 996 1
65 105 1
65 185 1
65 371 1
65 414 1
65 513 1
65 869 1
65 888 1
66 108 1
66 316 1
66 466 1
66 499 1
66 545 1
66 634 1
66 693 1
67 84 1
67 86 1
67 95 1
67 110 1
67 204 1
67 274 1
67 462 1
67 485 1
67 585 1
67 666 1
67 891 1
67 968 1
67 981 1
68 73 1
68 79 1
68 92 1
68 99 1
68 139 1
68 201 1
68 214 1
68 328 1
68 348 1
68 368 1
68 458 1
68 482 1
68 487 1
68 529 1
68 662 1
68 680 1
68 811 1
69 75 1
69 86 1
69 87 1
69 96 1
69 116 1
69 162 1
69 208 1
69 223 1
69 252 1
69 280 1
69 406 1
69 550 1
69 708 1
69 710 1
69 769 1
69 859 1
69 862 1
70 76 1
70 270 1
70 293 1
70 415 1
70 431 1
70 485 1
70 572 1
70 740 1
70 810 1
70 894 1
71 82 1
71 111 1
71 119 1
71 234 1
71 359 1
71 403 1
71 511 1
71 668 1
71 720 1
71 843 1
71 870 1
72 76 1
72 89 1
72 102 1
72 173 1
72 179 1
72 271 1
72 278 1
72 312 1
72 331 1
72 390 1
72 447 1
72 454 1
72 542 1
72 653 1
72 674 1
72 822 1
72 974 1
72 998 1
73 102 1
73 113 1
73 122 1
73 134 1
73 143 1
73 173 1
73 299 1
73 307 1
73 318 1
73 435 1
73 673 1
73 848 1
73 889 1
73 923 1
73 925 1
74 77 1
74 106 1
74 113 1
74 117 1
74 122 1
74 136 1
74 153 1
74 170 1
74 219 1
74 230 1
74 234 1
74 284 1
74 374 1
74 533 1
74 625 1
74 629 1
74 641 1
74 841 1
75 100 1
75 160 1
75 255 1
75 325 1
75 407 1
75 497 1
75 742 1
75 790 1
75 864 1
75 973 1
76 94 1
76 139 1
76 150 1
76 252 1
76 304 1
76 381 1
76 553 1
76 946 1
77 108 1
77 148 1
77 155 1
77 325 1
77 450 1
77 476 1
77 581 1
77 727 1
77 746 1
77 966 1
78 96 1
78 167 1
78 187 1
78 202 1
78 219 1
78 331 1
78 377 1
78 463 1
78 690 1
78 778 1
78 847 1
78 864 1
79 142 1
79 211 1
79 353 1
79 584 1
79 625 1
79 818 1
80 228 1
80 233 1
80 244 1
80 255 1
80 337 1
80 370 1
80 508 1
80 626 1
80 730 1
80 746 1
80 779 1
81 103 1
81 311 1
81 325 1
81 651 1
81 687 1
81 750 1
81 795 1
81 994 1
82 101 1
82 118 1
82 198 1
82 244 1
82 293 1
82 300 1
82 853 1
82 900 1
83 87 1
83 115 1
83 239 1
83 307 1
83 314 1
83 406 1
83 412 1
83 479 1
83 898 1
84 87 1
84 492 1
84 559 1
84 585 1
84 639 1
84 654 1
84 689 1
84 749 1
84 890 1
85 107 1
85 261 1
85 269 1
85 299 1
85 325 1
85 335 1
85 464 1
85 493 1
85 690 1
85 732 1
85 739 1
85 757 1
85 779 1
85 857 1
85 953 1
86 97 1
86 205 1
86 228 1
86 247 1
86 337 1
86 417 1
86 427 1
86 575 1
86 742 1
86 780 1
87 101 1
87 202 1
87 214 1
87 215 1
87 277 1
87 320 1
87 356 1
87 391 1
87 543 1
87 622 1
87 670 1
87 671 1
87 719 1
87 733 1
87 751 1
87 918 1
87 995 1
88 129 1
88 136 1
88 140 1
88 151 1
88 246 1
88 361 1
88 386 1
88 496 1
88 588 1
88 610 1
88 708 1
88 850 1
88 961 1
89 94 1
89 132 1
89 164 1
89 180 1
89 301 1
89 478 1
89 479 1
89 489 1
89 490 1
89 523 1
89 631 1
89 648 1
89 712 1
89 865 1
89 936 1
89 982 1
90 104 1
90 168 1
90 268 1
90 314 1
90 416 1
90 552 1
90 563 1
90 604 1
90 640 1
90 659 1
90 661 1
90 713 1
90 850 1
90 858 1
91 122 1
91 145 1
91 203 1
91 206 1
91 247 1
91 280 1
91 290 1
91 316 1
91 350 1
91 366 1
91 386 1
91 566 1
91 596 1
91 613 1
91 638 1
91 838 1
91 890 1
91 940 1
92 129 1
92 172 1
92 226 1
92 241 1
92 244 1
92 277 1
92 391 1
92 614 1
92 670 1
92 703 1
92 811 1
92 874 1
92 936 1
92 948 1
92 981 1
93 116 1
93 123 1
93 129 1
93 153 1
93 159 1
93 184 1
93 328 1
93 390 1
93 408 1
93 465 1
93 472 1
93 473 1
93 476 1
93 597 1
93 610 1
93 646 1
93 659 1
93 682 1
93 856 1
93 863 1
93 867 1
93 877 1
93 956 1
94 154 1
94 267 1
94 269 1
94 795 1
95 109 1
95 144 1
95 208 1
95 262 1
95 266 1
95 294 1
95 382 1
95 535 1
95 609 1
95 652 1
95 677 1
95 738 1
95 939 1
96 101 1
96 180 1
96 200 1
96 210 1
96 311 1
96 449 1
96 482 1
96 527 1
96 587 1
96 619 1
96 912 1
97 116 1
97 199 1
97 203 1
97 235 1
97 239 1
97 302 1
97 310 1
97 337 1
97 393 1
97 397 1
97 456 1
97 611 1
97 698 1
97 723 1
97 807 1
97 842 1
97 868 1
97 919 1
97 957 1
97 967 1
98 330 1
98 860 1
98 991 1
99 123 1
99 233 1
99 263 1
99 375 1
99 404 1
99 472 1
99 703 1
99 804 1
99 877 1
99 883 1
99 940 1
99 981 1
100 139 1
100 629 1
101 110 1
101 128 1
101 152 1
101 161 1
101 171 1
101 185 1
101 241 1
101 257 1
101 265 1
101 474 1
101 480 1
101 507 1
101 592 1
101 758 1
101 793 1
101 806 1
101 923 1
101 994 1
102 106 1
102 140 1
102 144 1
102 528 1
102 552 1
102 597 1
102 616 1
102 659 1
103 117 1
103 148 1
103 149 1
103 305 1
103 395 1
103 490 1
103 509 1
103 519 1
103 564 1
103 598 1
104 196 1
104 237 1
104 261 1
104 299 1
104 345 1
104 395 1
104 405 1
104 523 1
104 575 1
104 703 1
105 129 1
105 189 1
105 224 1
105 275 1
105 290 1
105 307 1
105 400 1
105 735 1
105 814 1
106 109 1
106 319 1
106 321 1
106 382 1
106 464 1
106 498 1
106 574 1
106 764 1
106 805 1
107 251 1
107 410 1
107 518 1
107 712 1
107 921 1
108 182 1
108 192 1
108 216 1
108 219 1
108 224 1
108 225 1
108 253 1
108 258 1
108 328 1
108 344 1
108 346 1
108 400 1
108 409 1
108 534 1
108 551 1
108 570 1
108 607 1
108 665 1
108 668 1
108 695 1
108 792 1
108 853 1
108 933 1
108 960 1
109 111 1
109 135 1
109 191 1
109 218 1
109 284 1
109 291 1
109 457 1
109 460 1
109 825 1
110 222 1
110 841 1
111 202 1
111 240 1
111 241 1
111 242 1
111 253 1
111 259 1
111 315 1
111 364 1
111 390 1
111 415 1
111 446 1
111 503 1
111 588 1
111 596 1
111 603 1
111 629 1
111 796 1
111 797 1
111 911 1
112 130 1
112 145 1
112 146 1
112 511 1
112 531 1
112 539 1
112 594 1
112 632 1
112 638 1
112 673 1
112 738 1
112 846 1
112 861 1
113 188 1
113 207 1
113 221 1
113 461 1
113 572 1
113 694 1
113 843 1
113 902 1
114 117 1
114 134 1
114 196 1
114 576 1
114 834 1
114 864 1
114 941 1
115 147 1
115 310 1
116 137 1
116 154 1
116 205 1
116 212 1
116 280 1
116 352 1
116 449 1
116 467 1
116 483 1
116 618 1
116 643 1
116 683 1
116 684 1
116 688 1
116 711 1
116 723 1
116 747 1
117 189 1
117 206 1
117 285 1
117 404 1
117 592 1
117 736 1
117 792 1
117 934 1
118 128 1
118 207 1
118 303 1
118 325 1
118 385 1
118 393 1
118 624 1
118 783 1
118 889 1
118 935 1
118 994 1
119 190 1
119 237 1
119 305 1
119 308 1
119 321 1
119 327 1
119 424 1
119 590 1
119 612 1
119 617 1
119 627 1
119 673 1
119 685 1
119 817 1
119 876 1
120 138 1
120 165 1
120 188 1
120 231 1
120 273 1
120 315 1
120 377 1
120 536 1
120 836 1
120 889 1
121 124 1
121 184 1
121 238 1
121 283 1
121 307 1
121 657 1
121 665 1
121 687 1
122 131 1
122 149 1
122 273 1
122 353 1
122 357 1
122 427 1
122 559 1
122 578 1
122 649 1
122 672 1
122 732 1
123 126 1
123 184 1
123 218 1
123 568 1
123 644 1
123 851 1
123 885 1
123 938 1
124 145 1
124 146 1
124 163 1
124 166 1
124 264 1
124 276 1
124 282 1
124 349 1
124 367 1
124 375 1
124 487 1
124 510 1
124 534 1
124 588 1
124 691 1
124 755 1
124 782 1
124 857 1
124 900 1
124 910 1
124 967 1
125 126 1
125 133 1
125 281 1
125 290 1
125 294 1
125 299 1
125 301 1
125 320 1
125 333 1
125 413 1
125 460 1
125 527 1
125 538 1
125 603 1
125 672 1
125 917 1
126 324 1
126 471 1
126 576 1
126 744 1
126 911 1
126 949 1
127 343 1
127 490 1
127 537 1
127 628 1
127 704 1
127 975 1
128 193 1
128 283 1
128 298 1
128 373 1
128 414 1
128 505 1
128 683 1
128 901 1
129 204 1
129 242 1
129 295 1
129 296 1
129 342 1
129 464 1
129 632 1
129 766 1
130 241 1
130 250 1
130 413 1
130 454 1
130 550 1
130 671 1
130 737 1
130 756 1
130 880 1
130 930 1
131 279 1
131 344 1
131 456 1
131 646 1
132 173 1
132 187 1
132 285 1
132 354 1
132 356 1
132 434 1
132 893 1
133 141 1
133 171 1
133 322 1
133 462 1
133 511 1
133 594 1
133 669 1
133 715 1
133 771 1
133 792 1
133 854 1
133 888 1
134 146 1
134 160 1
134 263 1
134 558 1
134 600 1
134 779 1
135 141 1
135 207 1
135 213 1
135 226 1
135 246 1
135 355 1
135 491 1
135 522 1
135 756 1
136 157 1
136 166 1
136 258 1
136 448 1
136 486 1
136 498 1
136 704 1
136 729 1
136 786 1
136 842 1
136 964 1
136 970 1
137 197 1
137 256 1
137 300 1
137 439 1
137 493 1
137 574 1
137 690 1
137 698 1
138 226 1
138 229 1
138 261 1
138 275 1
138 296 1
138 525 1
138 546 1
138 726 1
138 988 1
139 163 1
139 164 1
139 170 1
139 171 1
139 281 1
139 357 1
139 437 1
139 445 1
139 540 1
139 882 1
139 989 1
140 330 1
140 376 1
140 389 1
140 402 1
140 457 1
140 557 1
140 811 1
140 829 1
141 213 1
141 300 1
141 341 1
141 463 1
141 481 1
141 517 1
141 655 1
141 730 1
141 752 1
141 901 1
141 902 1
141 942 1
142 154 1
142 191 1
142 287 1
142 289 1
142 341 1
142 646 1
142 689 1
142 732 1
142 910 1
142 916 1
143 175 1
143 232 1
143 248 1
143 273 1
143 331 1
143 336 1
143 343 1
143 345 1
143 406 1
143 414 1
143 437 1
143 532 1
143 580 1
143 635 1
143 701 1
143 733 1
143 767 1
143 795 1
143 807 1
143 898 1
143 920 1
143 942 1
143 997 1
144 150 1
144 170 1
144 230 1
144 334 1
144 335 1
144 539 1
144 542 1
144 586 1
144 587 1
144 601 1
144 748 1
145 286 1
145 294 1
145 360 1
145 376 1
145 483 1
145 521 1
145 631 1
145 657 1
145 734 1
146 383 1
146 515 1
146 537 1
146 570 1
146 746 1
146 929 1
146 945 1
147 162 1
147 290 1
147 509 1
147 784 1
148 215 1
148 231 1
148 257 1
148 260 1
148 292 1
148 399 1
148 431 1
148 532 1
148 665 1
148 737 1
148 985 1
149 174 1
149 192 1
149 199 1
149 223 1
149 253 1
149 328 1
149 374 1
149 477 1
149 614 1
149 835 1
149 884 1
149 885 1
150 154 1
150 175 1
150 210 1
150 340 1
150 384 1
150 504 1
150 535 1
150 590 1
150 645 1
150 776 1
150 836 1
150 884 1
150 992 1
151 266 1
151 272 1
151 306 1
151 501 1
151 563 1
151 799 1
151 972 1
152 177 1
152 197 1
152 199 1
152 614 1
152 758 1
152 821 1
152 928 1
153 222 1
153 271 1
153 272 1
153 277 1
153 403 1
153 407 1
153 409 1
153 497 1
153 518 1
153 532 1
153 566 1
153 677 1
154 512 1
154 600 1
154 730 1
154 806 1
154 863 1
154 908 1
154 937 1
155 196 1
155 206 1
155 434 1
155 630 1
156 164 1
156 191 1
156 249 1
156 294 1
156 302 1
156 380 1
156 399 1
157 160 1
157 577 1
157 713 1
157 721 1
158 227 1
158 270 1
158 280 1
158 369 1
158 425 1
158 561 1
158 767 1
158 844 1
158 937 1
158 945 1
158 982 1
159 238 1
159 286 1
159 351 1
159 375 1
159 674 1
159 972 1
160 244 1
160 283 1
160 524 1
160 536 1
160 844 1
160 890 1
161 175 1
161 235 1
161 314 1
161 379 1
161 483 1
161 558 1
161 720 1
161 767 1
161 951 1
162 584 1
162 627 1
162 955 1
162 971 1
163 170 1
163 221 1
163 239 1
163 255 1
163 342 1
163 493 1
163 514 1
163 526 1
163 645 1
163 765 1
163 800 1
163 913 1
164 264 1
164 398 1
164 472 1
164 587 1
164 837 1
164 972 1
165 191 1
165 227 1
165 770 1
166 468 1
166 473 1
166 610 1
167 243 1
167 287 1
167 323 1
167 389 1
167 484 1
167 670 1
167 710 1
167 790 1
167 791 1
167 963 1
168 174 1
168 251 1
168 318 1
168 491 1
168 619 1
168 745 1
169 219 1
169 258 1
169 295 1
169 310 1
169 416 1
169 418 1
169 435 1
169 443 1
169 446 1
169 459 1
169 519 1
169 525 1
169 601 1
169 706 1
169 740 1
169 781 1
169 808 1
169 966 1
170 178 1
170 187 1
170 205 1
170 235 1
170 565 1
170 747 1
170 854 1
170 897 1
171 177 1
171 197 1
171 205 1
171 227 1
171 251 1
171 265 1
171 619 1
171 760 1
171 774 1
171 775 1
171 963 1
172 195 1
172 352 1
172 392 1
172 405 1
172 421 1
172 861 1
172 884 1
173 384 1
173 387 1
173 717 1
173 833 1
173 857 1
174 358 1
174 364 1
174 396 1
174 402 1
174 455 1
174 647 1
174 686 1
174 774 1
174 837 1
174 869 1
174 880 1
174 918 1
175 223 1
175 335 1
175 365 1
175 368 1
175 378 1
175 562 1
175 637 1
175 672 1
175 720 1
175 725 1
175 736 1
175 753 1
175 803 1
175 881 1
176 185 1
176 223 1
176 278 1
176 369 1
176 488 1
176 501 1
176 527 1
176 652 1
176 746 1
176 759 1
176 826 1
177 189 1
177 201 1
177 238 1
177 244 1
177 245 1
177 254 1
177 260 1
177 271 1
177 276 1
177 284 1
177 380 1
177 517 1
177 533 1
177 600 1
177 666 1
177 676 1
177 725 1
177 830 1
178 185 1
178 249 1
178 269 1
178 347 1
178 543 1
178 582 1
178 603 1
178 824 1
178 862 1
179 182 1
179 298 1
179 394 1
179 396 1
179 423 1
179 451 1
179 516 1
179 554 1
179 574 1
179 706 1
179 757 1
179 865 1
179 882 1
179 921 1
179 984 1
180 182 1
180 186 1
180 196 1
180 220 1
180 438 1
180 454 1
180 486 1
180 679 1
180 726 1
180 826 1
180 856 1
181 351 1
181 403 1
181 436 1
181 592 1
182 210 1
182 212 1
182 224 1
182 265 1
182 292 1
182 331 1
182 398 1
182 591 1
182 636 1
182 909 1
183 286 1
183 332 1
183 355 1
183 447 1
183 479 1
183 606 1
183 932 1
183 980 1
184 254 1
184 297 1
184 308 1
184 376 1
184 396 1
184 488 1
184 489 1
184 625 1
184 633 1
184 717 1
185 305 1
186 200 1
186 242 1
186 476 1
186 508 1
187 456 1
187 602 1
187 625 1
187 647 1
187 650 1
187 710 1
187 740 1
187 852 1
187 950 1
188 195 1
188 469 1
188 506 1
188 747 1
188 776 1
188 921 1
188 969 1
189 214 1
189 763 1
189 973 1
190 452 1
190 743 1
190 992 1
191 268 1
191 319 1
191 378 1
191 385 1
191 842 1
192 201 1
192 588 1
193 311 1
193 395 1
193 400 1
193 475 1
193 537 1
193 570 1
193 718 1
194 201 1
194 232 1
194 337 1
194 459 1
194 606 1
194 644 1
194 925 1
195 298 1
195 317 1
195 407 1
195 878 1
196 319 1
196 327 1
196 797 1
196 812 1
196 975 1
197 198 1
197 257 1
197 263 1
197 288 1
197 329 1
197 333 1
197 334 1
197 337 1
197 604 1
197 935 1
198 261 1
198 545 1
198 996 1
199 231 1
199 264 1
199 265 1
199 336 1
199 378 1
199 427 1
200 793 1
201 654 1
201 686 1
201 979 1
202 247 1
202 653 1
202 841 1
202 876 1
202 938 1
202 970 1
202 982 1
203 253 1
203 597 1
203 892 1
203 966 1
204 217 1
204 379 1
205 516 1
205 522 1
205 617 1
205 644 1
205 741 1
205 871 1
205 874 1
205 973 1
206 219 1
206 850 1
206 987 1
208 212 1
208 259 1
208 647 1
208 707 1
208 991 1
209 418 1
209 424 1
209 482 1
209 580 1
209 605 1
209 650 1
209 852 1
209 984 1
210 385 1
210 401 1
210 977 1
211 256 1
211 301 1
211 424 1
211 515 1
211 571 1
211 578 1
211 693 1
211 878 1
212 246 1
212 298 1
212 499 1
212 565 1
212 621 1
212 641 1
212 963 1
213 220 1
213 227 1
213 422 1
213 458 1
213 731 1
213 782 1
214 275 1
214 454 1
215 445 1
215 527 1
215 640 1
215 821 1
216 329 1
217 360 1
217 417 1
217 423 1
217 658 1
217 808 1
217 813 1
217 886 1
218 534 1
218 567 1
218 669 1
219 351 1
219 513 1
219 806 1
219 953 1
220 319 1
220 461 1
220 479 1
220 500 1
220 573 1
220 698 1
220 781 1
220 938 1
221 317 1
221 367 1
221 446 1
221 725 1
221 770 1
222 359 1
222 863 1
222 933 1
223 272 1
223 550 1
223 638 1
223 745 1
223 855 1
223 909 1
223 959 1
224 269 1
224 364 1
224 655 1
225 235 1
225 243 1
225 273 1
225 372 1
225 435 1
225 935 1
225 954 1
226 369 1
226 546 1
226 833 1
227 323 1
227 374 1
227 436 1
227 778 1
227 978 1
228 246 1
228 263 1
228 285 1
228 512 1
228 615 1
228 758 1
228 873 1
228 908 1
229 232 1
229 246 1
229 300 1
229 377 1
229 382 1
229 422 1
229 517 1
229 804 1
229 970 1
229 987 1
229 993 1
230 284 1
230 408 1
230 549 1
230 627 1
230 638 1
230 679 1
230 827 1
230 897 1
230 939 1
230 955 1
231 321 1
231 578 1
231 608 1
231 779 1
232 240 1
232 296 1
232 304 1
232 318 1
232 323 1
232 514 1
232 560 1
232 611 1
232 674 1
232 788 1
233 401 1
233 445 1
233 581 1
233 885 1
233 938 1
234 406 1
234 482 1
234 772 1
236 238 1
236 264 1
236 338 1
237 266 1
237 569 1
237 685 1
237 702 1
238 373 1
238 513 1
238 684 1
239 243 1
239 255 1
239 306 1
239 594 1
239 724 1
239 812 1
240 313 1
240 366 1
240 428 1
240 444 1
240 465 1
240 592 1
240 787 1
240 824 1
240 831 1
241 283 1
241 285 1
241 539 1
241 664 1
241 671 1
241 995 1
242 274 1
242 282 1
242 328 1
242 517 1
242 583 1
242 819 1
243 453 1
243 619 1
243 709 1
243 816 1
244 282 1
244 462 1
244 466 1
244 493 1
245 305 1
245 313 1
245 344 1
245 680 1
246 261 1
246 305 1
246 455 1
246 692 1
246 925 1
247 287 1
247 302 1
247 310 1
247 345 1
247 350 1
247 451 1
247 912 1
247 931 1
247 986 1
248 298 1
248 315 1
248 459 1
248 683 1
248 802 1
248 897 1
248 942 1
249 768 1
249 861 1
249 961 1
250 286 1
250 357 1
250 429 1
250 621 1
250 639 1
250 979 1
251 311 1
251 425 1
251 847 1
251 915 1
252 563 1
252 745 1
253 383 1
253 391 1
253 477 1
253 584 1
253 623 1
253 653 1
254 299 1
254 366 1
254 423 1
254 440 1
254 493 1
254 503 1
254 899 1
254 976 1
255 306 1
255 458 1
255 682 1
255 749 1
256 467 1
256 515 1
256 604 1
256 832 1
256 837 1
256 854 1
257 623 1
259 452 1
259 636 1
259 647 1
259 814 1
259 875 1
260 318 1
261 413 1
261 680 1
261 799 1
261 877 1
262 360 1
262 436 1
262 587 1
262 608 1
262 715 1
262 840 1
262 904 1
263 436 1
263 937 1
264 293 1
264 341 1
264 372 1
264 408 1
264 416 1
264 419 1
264 420 1
264 422 1
264 692 1
264 702 1
264 774 1
264 950 1
265 362 1
265 412 1
265 479 1
265 573 1
265 761 1
265 904 1
265 950 1
266 333 1
266 469 1
266 575 1
266 781 1
266 871 1
267 543 1
267 984 1
268 338 1
268 457 1
268 544 1
268 678 1
268 947 1
269 427 1
269 487 1
269 769 1
270 282 1
270 392 1
270 412 1
270 497 1
270 585 1
270 643 1
270 957 1
270 959 1
270 974 1
272 339 1
272 342 1
272 375 1
272 432 1
272 554 1
272 641 1
272 686 1
272 748 1
272 865 1
273 419 1
273 448 1
273 483 1
274 332 1
274 368 1
274 379 1
274 521 1
274 668 1
274 846 1
274 918 1
275 312 1
275 561 1
275 672 1
275 720 1
276 501 1
276 580 1
276 856 1
276 919 1
276 962 1
277 391 1
277 438 1
277 584 1
277 696 1
279 396 1
279 421 1
279 727 1
279 747 1
279 782 1
279 798 1
279 808 1
280 341 1
280 596 1
280 697 1
281 308 1
281 339 1
281 443 1
281 544 1
281 604 1
281 605 1
281 763 1
281 766 1
281 847 1
282 401 1
282 560 1
282 701 1
282 750 1
283 449 1
283 577 1
284 418 1
284 893 1
285 297 1
285 397 1
285 443 1
285 496 1
285 541 1
285 719 1
286 395 1
286 557 1
286 924 1
287 373 1
287 415 1
287 551 1
287 651 1
287 767 1
287 867 1
288 438 1
289 316 1
289 318 1
289 355 1
289 362 1
289 390 1
289 529 1
289 547 1
289 575 1
289 628 1
289 663 1
290 349 1
290 652 1
290 952 1
291 352 1
291 380 1
291 403 1
291 433 1
291 464 1
291 548 1
292 329 1
292 353 1
292 530 1
292 568 1
292 739 1
292 861 1
292 906 1
292 921 1
292 927 1
293 374 1
293 430 1
293 441 1
293 822 1
294 409 1
294 535 1
294 734 1
295 309 1
295 440 1
295 470 1
295 495 1
295 497 1
295 589 1
295 642 1
295 654 1
295 704 1
295 737 1
295 789 1
296 371 1
296 425 1
296 556 1
296 654 1
297 405 1
297 581 1
297 623 1
297 636 1
297 859 1
298 409 1
298 443 1
298 901 1
298 954 1
299 441 1
299 465 1
299 743 1
300 572 1
300 738 1
301 500 1
301 806 1
302 308 1
302 347 1
302 404 1
302 437 1
302 452 1
302 920 1
302 952 1
303 345 1
304 334 1
304 554 1
304 886 1
304 949 1
305 334 1
305 366 1
305 598 1
306 431 1
307 367 1
307 500 1
307 564 1
307 622 1
307 762 1
307 984 1
308 346 1
308 608 1
308 975 1
309 348 1
309 777 1
310 373 1
310 707 1
310 980 1
311 354 1
312 324 1
312 471 1
312 527 1
312 901 1
314 362 1
314 569 1
314 607 1
314 661 1
315 892 1
315 903 1
316 361 1
316 688 1
317 494 1
317 577 1
317 683 1
317 799 1
317 942 1
318 339 1
318 631 1
318 765 1
318 819 1
319 346 1
319 722 1
319 729 1
319 744 1
320 961 1
321 360 1
321 375 1
322 716 1
322 794 1
322 930 1
323 346 1
323 356 1
323 371 1
323 403 1
323 442 1
323 624 1
323 649 1
323 733 1
323 754 1
323 809 1
323 935 1
324 432 1
324 639 1
325 618 1
325 934 1
326 338 1
326 417 1
326 470 1
326 502 1
326 528 1
326 582 1
326 626 1
326 898 1
326 933 1
326 951 1
327 368 1
327 421 1
327 430 1
327 503 1
327 521 1
327 585 1
327 769 1
328 474 1
328 606 1
328 702 1
329 477 1
329 570 1
329 855 1
330 429 1
330 650 1
330 669 1
330 732 1
330 931 1
331 360 1
331 450 1
331 859 1
332 923 1
333 692 1
333 978 1
335 411 1
335 657 1
335 982 1
336 357 1
336 397 1
336 420 1
336 583 1
336 623 1
336 627 1
336 632 1
336 844 1
336 980 1
337 460 1
337 466 1
337 618 1
337 715 1
337 852 1
338 666 1
338 996 1
339 623 1
339 677 1
339 802 1
339 813 1
340 613 1
340 710 1
340 735 1
340 902 1
340 967 1
341 387 1
341 442 1
341 689 1
341 690 1
341 805 1
341 997 1
342 463 1
342 468 1
342 496 1
342 541 1
342 658 1
342 845 1
343 598 1
343 960 1
344 602 1
345 385 1
345 722 1
346 359 1
346 457 1
347 449 1
347 617 1
347 653 1
347 780 1
347 875 1
348 448 1
348 470 1
348 494 1
348 567 1
348 624 1
348 953 1
349 394 1
349 426 1
349 485 1
349 829 1
350 421 1
351 389 1
351 866 1
352 503 1
353 499 1
353 819 1
353 914 1
353 951 1
353 965 1
353 969 1
354 648 1
355 496 1
355 597 1
355 633 1
355 708 1
355 752 1
355 815 1
356 404 1
356 541 1
356 582 1
356 616 1
356 828 1
357 383 1
357 557 1
357 644 1
357 729 1
358 492 1
358 615 1
358 658 1
358 712 1
358 815 1
358 855 1
358 905 1
358 961 1
358 1000 1
359 655 1
359 854 1
359 926 1
360 782 1
360 993 1
362 470 1
362 481 1
362 510 1
362 566 1
362 825 1
362 828 1
362 847 1
364 511 1
365 405 1
365 453 1
365 554 1
365 555 1
365 627 1
366 622 1
366 696 1
366 991 1
367 410 1
367 411 1
367 472 1
367 801 1
368 539 1
368 756 1
368 773 1
368 999 1
369 442 1
369 642 1
369 830 1
370 431 1
370 528 1
370 886 1
371 372 1
371 466 1
371 492 1
371 501 1
371 553 1
371 605 1
371 694 1
372 546 1
372 624 1
372 740 1
372 766 1
373 589 1
373 794 1
374 444 1
374 568 1
374 651 1
374 712 1
374 850 1
374 946 1
375 394 1
375 413 1
375 551 1
375 629 1
375 803 1
375 962 1
376 402 1
376 692 1
377 630 1
377 895 1
377 972 1
378 390 1
378 495 1
378 771 1
379 408 1
379 620 1
379 638 1
379 656 1
380 480 1
380 558 1
381 491 1
381 522 1
381 636 1
381 821 1
381 824 1
381 896 1
381 927 1
381 1000 1
382 640 1
382 750 1
382 849 1
383 461 1
383 469 1
383 498 1
383 748 1
384 468 1
384 887 1
384 924 1
384 964 1
384 969 1
385 457 1
385 478 1
385 738 1
385 780 1
385 833 1
386 437 1
386 588 1
386 817 1
386 829 1
387 458 1
387 559 1
387 607 1
387 611 1
387 930 1
388 463 1
389 418 1
389 429 1
389 637 1
389 956 1
389 998 1
390 906 1
391 664 1
391 697 1
392 566 1
392 697 1
393 964 1
394 534 1
394 803 1
395 787 1
395 916 1
396 739 1
396 772 1
396 839 1
396 873 1
396 943 1
398 451 1
398 618 1
398 695 1
398 858 1
398 910 1
399 667 1
399 878 1
400 499 1
400 765 1
401 642 1
401 728 1
402 520 1
402 542 1
402 656 1
402 731 1
402 836 1
402 907 1
402 955 1
403 454 1
403 509 1
403 731 1
403 924 1
404 680 1
404 731 1
404 877 1
405 424 1
405 452 1
405 801 1
406 420 1
406 590 1
406 744 1
406 875 1
406 976 1
407 432 1
407 455 1
407 495 1
407 506 1
408 486 1
408 751 1
408 913 1
409 428 1
409 453 1
409 506 1
409 538 1
409 972 1
410 447 1
410 679 1
410 711 1
410 764 1
410 993 1
411 736 1
413 652 1
413 679 1
413 722 1
413 757 1
413 1000 1
414 545 1
414 695 1
414 877 1
414 885 1
415 504 1
415 703 1
415 785 1
415 816 1
415 858 1
415 922 1
416 450 1
416 466 1
416 500 1
416 512 1
416 528 1
416 576 1
416 722 1
416 802 1
416 895 1
416 958 1
417 553 1
417 675 1
418 663 1
419 475 1
420 532 1
420 749 1
421 470 1
421 475 1
421 630 1
421 825 1
422 423 1
422 560 1
423 518 1
423 626 1
423 660 1
423 676 1
423 705 1
423 819 1
423 829 1
423 837 1
423 882 1
423 939 1
424 478 1
424 603 1
424 634 1
424 971 1
425 460 1
425 505 1
425 618 1
425 956 1
426 451 1
426 609 1
427 480 1
428 444 1
428 514 1
428 576 1
428 851 1
429 814 1
430 459 1
430 662 1
430 670 1
431 516 1
431 525 1
431 660 1
431 995 1
432 555 1
433 481 1
434 555 1
436 881 1
438 848 1
439 445 1
439 469 1
440 599 1
441 530 1
441 635 1
441 707 1
441 950 1
442 540 1
443 474 1
444 497 1
444 769 1
444 905 1
445 568 1
446 495 1
447 556 1
447 951 1
447 968 1
449 714 1
450 507 1
450 580 1
450 594 1
450 706 1
450 796 1
450 929 1
450 941 1
451 516 1
451 622 1
452 512 1
452 529 1
452 579 1
452 731 1
452 887 1
452 899 1
453 820 1
453 852 1
454 725 1
454 735 1
454 754 1
454 948 1
455 684 1
455 728 1
455 986 1
456 905 1
457 712 1
458 507 1
458 547 1
459 502 1
459 702 1
459 798 1
461 526 1
461 621 1
461 818 1
461 863 1
462 648 1
462 798 1
462 843 1
462 990 1
463 494 1
463 523 1
463 524 1
463 599 1
464 556 1
464 566 1
464 714 1
464 959 1
465 789 1
466 548 1
469 508 1
469 751 1
470 489 1
470 502 1
470 690 1
470 697 1
470 846 1
471 520 1
471 522 1
471 562 1
472 484 1
472 490 1
472 563 1
472 577 1
472 911 1
472 926 1
473 579 1
473 586 1
473 615 1
473 896 1
474 537 1
474 948 1
475 984 1
476 874 1
477 772 1
477 978 1
479 977 1
480 482 1
480 549 1
480 583 1
480 593 1
480 826 1
480 920 1
480 981 1
481 529 1
481 691 1
481 753 1
481 798 1
481 827 1
481 920 1
482 557 1
484 563 1
485 793 1
485 876 1
485 944 1
486 505 1
486 568 1
486 674 1
486 678 1
487 724 1
487 792 1
487 927 1
488 643 1
488 707 1
488 831 1
488 909 1
489 947 1
489 958 1
490 532 1
490 579 1
490 699 1
490 759 1
491 501 1
491 648 1
491 969 1
493 555 1
493 914 1
494 705 1
494 975 1
495 503 1
495 519 1
495 556 1
495 699 1
495 792 1
495 917 1
495 974 1
495 1000 1
496 534 1
496 541 1
496 610 1
496 702 1
496 774 1
496 822 1
496 829 1
496 945 1
496 975 1
497 575 1
497 634 1
497 761 1
497 907 1
498 520 1
498 714 1
498 840 1
498 879 1
499 681 1
499 867 1
499 887 1
500 753 1
500 868 1
501 507 1
501 519 1
501 869 1
502 882 1
502 987 1
504 591 1
504 954 1
505 549 1
505 937 1
505 954 1
506 910 1
506 986 1
507 759 1
507 760 1
507 915 1
507 958 1
508 739 1
509 678 1
509 727 1
511 827 1
512 705 1
513 634 1
513 649 1
514 750 1
514 895 1
515 684 1
515 745 1
515 886 1
518 546 1
518 715 1
519 786 1
521 789 1
521 879 1
523 567 1
523 733 1
523 820 1
525 797 1
525 862 1
525 871 1
527 797 1
527 934 1
527 948 1
528 650 1
528 689 1
529 598 1
529 648 1
529 922 1
529 988 1
530 801 1
531 544 1
531 723 1
533 757 1
533 818 1
533 920 1
534 602 1
534 613 1
534 635 1
534 698 1
534 873 1
534 943 1
536 658 1
537 596 1
537 598 1
537 904 1
537 965 1
538 543 1
538 666 1
538 840 1
538 884 1
539 915 1
539 922 1
539 945 1
540 595 1
540 662 1
540 781 1
540 823 1
540 926 1
540 932 1
540 949 1
540 983 1
541 657 1
542 875 1
542 879 1
543 596 1
543 674 1
543 810 1
543 995 1
544 589 1
544 613 1
544 704 1
544 947 1
546 552 1
546 740 1
547 640 1
547 748 1
547 755 1
547 768 1
547 863 1
547 963 1
548 843 1
548 851 1
548 887 1
549 578 1
549 804 1
549 827 1
549 856 1
550 903 1
551 832 1
551 959 1
552 770 1
553 624 1
554 743 1
554 965 1
555 612 1
555 681 1
555 761 1
555 978 1
556 591 1
556 615 1
556 941 1
557 775 1
557 811 1
559 718 1
561 649 1
562 633 1
563 784 1
564 593 1
564 891 1
565 875 1
566 976 1
567 620 1
567 762 1
567 777 1
569 750 1
569 838 1
570 676 1
570 827 1
570 968 1
571 630 1
571 724 1
571 788 1
571 996 1
572 868 1
573 701 1
573 828 1
573 930 1
573 985 1
574 782 1
574 944 1
574 960 1
574 998 1
575 599 1
575 769 1
575 987 1
576 865 1
576 932 1
577 643 1
577 763 1
578 661 1
578 721 1
578 776 1
578 796 1
580 667 1
580 759 1
582 655 1
582 656 1
582 759 1
583 620 1
583 650 1
583 934 1
584 660 1
584 756 1
584 807 1
584 856 1
585 602 1
586 607 1
586 611 1
588 653 1
588 821 1
588 977 1
590 771 1
590 798 1
590 927 1
591 601 1
591 808 1
593 845 1
593 911 1
594 826 1
594 942 1
594 985 1
595 825 1
595 989 1
599 726 1
599 742 1
599 991 1
600 983 1
604 965 1
605 996 1
606 675 1
606 777 1
606 896 1
608 645 1
608 646 1
608 911 1
612 661 1
613 980 1
614 705 1
614 882 1
615 662 1
615 926 1
616 741 1
616 817 1
616 914 1
619 673 1
619 708 1
622 656 1
623 835 1
624 628 1
625 799 1
626 754 1
626 819 1
626 835 1
626 860 1
627 715 1
627 787 1
627 898 1
628 781 1
630 849 1
632 647 1
632 707 1
632 894 1
632 930 1
633 846 1
635 928 1
636 883 1
637 663 1
637 879 1
638 874 1
638 929 1
640 845 1
641 949 1
642 663 1
642 840 1
643 805 1
643 913 1
644 742 1
644 764 1
644 833 1
645 891 1
647 719 1
648 667 1
649 743 1
649 842 1
650 721 1
650 869 1
650 950 1
654 766 1
655 669 1
655 683 1
655 838 1
656 686 1
656 737 1
656 762 1
657 935 1
660 922 1
661 899 1
662 688 1
662 734 1
662 848 1
662 880 1
663 903 1
667 777 1
669 696 1
669 931 1
671 682 1
671 946 1
671 964 1
672 982 1
672 983 1
674 896 1
675 718 1
675 889 1
675 992 1
677 797 1
678 682 1
679 823 1
680 761 1
680 853 1
683 711 1
683 734 1
683 809 1
683 932 1
683 937 1
684 818 1
684 825 1
687 737 1
688 749 1
688 834 1
690 918 1
691 722 1
691 906 1
692 700 1
693 728 1
693 834 1
694 764 1
695 945 1
696 786 1
696 810 1
696 999 1
698 815 1
698 835 1
700 778 1
701 830 1
701 886 1
703 989 1
710 743 1
711 852 1
712 916 1
712 939 1
713 762 1
713 928 1
714 753 1
714 780 1
714 990 1
718 764 1
718 974 1
719 726 1
722 865 1
723 729 1
725 867 1
725 943 1
726 755 1
732 795 1
732 837 1
732 915 1
733 853 1
737 809 1
737 960 1
742 800 1
743 938 1
744 822 1
744 833 1
746 857 1
746 862 1
747 823 1
747 898 1
748 813 1
748 841 1
749 990 1
751 790 1
751 855 1
757 849 1
758 885 1
759 771 1
761 953 1
762 785 1
762 862 1
763 806 1
765 903 1
768 872 1
769 866 1
772 973 1
773 883 1
774 812 1
774 887 1
776 929 1
778 787 1
779 785 1
782 830 1
788 900 1
789 980 1
790 990 1
790 997 1
792 934 1
802 858 1
804 832 1
809 839 1
811 824 1
812 904 1
816 848 1
817 894 1
820 970 1
820 985 1
822 872 1
822 905 1
823 944 1
830 979 1
831 953 1
836 872 1
836 910 1
838 971 1
839 878 1
840 914 1
841 958 1
844 948 1
845 870 1
845 907 1
854 904 1
854 917 1
854 956 1
855 869 1
856 868 1
857 890 1
864 973 1
866 919 1
867 941 1
867 959 1
868 940 1
872 895 1
872 991 1
876 944 1
888 925 1
888 998 1
893 951 1
896 936 1
901 922 1
915 989 1
916 988 1
928 971 1
946 965 1
954 1000 1
982 994 1
