1000 4975
1 2 1
1 3 1
1 4 1
1 5 1
1 6 1
1 7 1
1 8 1
1 9 1
1 10 1
1 12 1
1 17 1
1 20 1
1 25 1
1 27 1
1 32 1
1 37 1
1 39 1
1 40 1
1 44 1
1 63 1
1 74 1
1 76 1
1 91 1
1 119 1
1 120 1
1 126 1
1 137 1
1 155 1
1 162 1
1 163 1
1 167 1
1 176 1
1 212 1
1 224 1
1 256 1
1 300 1
1 303 1
1 308 1
1 330 1
1 331 1
1 430 1
1 431 1
1 445 1
1 446 1
1 462 1
1 472 1
1 486 1
1 495 1
1 510 1
1 525 1
1 536 1
1 542 1
1 544 1
1 558 1
1 575 1
1 595 1
1 683 1
1 810 1
1 912 1
1 931 1
1 955 1
1 990 1
2 7 1
2 8 1
2 11 1
2 14 1
2 18 1
2 22 1
2 34 1
2 46 1
2 89 1
2 92 1
2 102 1
2 158 1
2 172 1
2 186 1
2 261 1
2 303 1
2 321 1
2 326 1
2 344 1
2 345 1
2 405 1
2 418 1
2 443 1
2 448 1
2 469 1
2 505 1
2 526 1
2 554 1
2 570 1
2 635 1
2 651 1
2 702 1
2 743 1
2 751 1
2 808 1
2 942 1
2 987 1
3 7 1
3 10 1
3 12 1
3 16 1
3 22 1
3 28 1
3 29 1
3 41 1
3 47 1
3 49 1
3 50 1
3 61 1
3 72 1
3 82 1
3 115 1
3 117 1
3 151 1
3 173 1
3 175 1
3 183 1
3 187 1
3 207 1
3 214 1
3 215 1
3 218 1
3 227 1
3 233 1
3 234 1
3 235 1
3 242 1
3 245 1
3 273 1
3 294 1
3 317 1
3 319 1
3 355 1
3 378 1
3 387 1
3 406 1
3 435 1
3 455 1
3 499 1
3 501 1
3 524 1
3 538 1
3 543 1
3 552 1
3 573 1
3 574 1
3 583 1
3 646 1
3 665 1
3 692 1
3 710 1
3 714 1
3 743 1
3 749 1
3 793 1
3 798 1
3 807 1
3 844 1
3 852 1
3 869 1
3 893 1
3 921 1
3 983 1
4 7 1
4 8 1
4 15 1
4 16 1
4 25 1
4 27 1
4 39 1
4 49 1
4 61 1
4 62 1
4 63 1
4 69 1
4 94 1
4 104 1
4 118 1
4 119 1
4 150 1
4 160 1
4 161 1
4 189 1
4 197 1
4 199 1
4 206 1
4 208 1
4 230 1
4 250 1
4 283 1
4 295 1
4 311 1
4 313 1
4 384 1
4 450 1
4 484 1
4 493 1
4 606 1
4 613 1
4 637 1
4 657 1
4 666 1
4 688 1
4 710 1
4 716 1
4 759 1
4 801 1
4 838 1
4 843 1
4 874 1
4 889 1
4 890 1
4 929 1
4 991 1
4 1000 1
5 9 1
5 16 1
5 21 1
5 26 1
5 55 1
5 58 1
5 83 1
5 134 1
5 198 1
5 220 1
5 237 1
5 316 1
5 477 1
5 533 1
5 544 1
5 565 1
5 673 1
5 696 1
5 758 1
5 782 1
5 813 1
5 850 1
6 7 1
6 8 1
6 9 1
6 10 1
6 11 1
6 12 1
6 17 1
6 22 1
6 26 1
6 28 1
6 32 1
6 34 1
6 42 1
6 52 1
6 58 1
6 60 1
6 61 1
6 74 1
6 94 1
6 112 1
6 147 1
6 157 1
6 165 1
6 183 1
6 192 1
6 259 1
6 289 1
6 305 1
6 310 1
6 359 1
6 426 1
6 433 1
6 476 1
6 488 1
6 525 1
6 557 1
6 597 1
6 644 1
6 647 1
6 660 1
6 723 1
6 731 1
6 739 1
6 764 1
6 812 1
6 869 1
6 969 1
6 995 1
7 8 1
7 9 1
7 13 1
7 14 1
7 15 1
7 17 1
7 18 1
7 20 1
7 21 1
7 24 1
7 26 1
7 36 1
7 40 1
7 59 1
7 70 1
7 72 1
7 77 1
7 80 1
7 98 1
7 99 1
7 103 1
7 105 1
7 107 1
7 117 1
7 133 1
7 148 1
7 156 1
7 173 1
7 174 1
7 178 1
7 181 1
7 183 1
7 213 1
7 215 1
7 239 1
7 242 1
7 243 1
7 271 1
7 287 1
7 317 1
7 321 1
7 335 1
7 348 1
7 378 1
7 380 1
7 384 1
7 394 1
7 423 1
7 428 1
7 431 1
7 457 1
7 470 1
7 475 1
7 476 1
7 487 1
7 503 1
7 518 1
7 550 1
7 566 1
7 587 1
7 590 1
7 621 1
7 629 1
7 638 1
7 662 1
7 676 1
7 693 1
7 705 1
7 710 1
7 724 1
7 741 1
7 779 1
7 784 1
7 791 1
7 821 1
7 862 1
7 863 1
7 867 1
7 915 1
7 926 1
7 993 1
8 9 1
8 10 1
8 11 1
8 12 1
8 13 1
8 19 1
8 23 1
8 25 1
8 33 1
8 36 1
8 37 1
8 38 1
8 45 1
8 47 1
8 53 1
8 54 1
8 60 1
8 70 1
8 92 1
8 101 1
8 104 1
8 119 1
8 125 1
8 127 1
8 130 1
8 131 1
8 155 1
8 158 1
8 173 1
8 178 1
8 181 1
8 183 1
8 184 1
8 190 1
8 193 1
8 197 1
8 207 1
8 210 1
8 229 1
8 232 1
8 254 1
8 258 1
8 262 1
8 266 1
8 286 1
8 325 1
8 327 1
8 333 1
8 346 1
8 385 1
8 399 1
8 410 1
8 427 1
8 462 1
8 465 1
8 479 1
8 486 1
8 538 1
8 543 1
8 545 1
8 557 1
8 569 1
8 587 1
8 588 1
8 595 1
8 599 1
8 638 1
8 730 1
8 769 1
8 778 1
8 787 1
8 795 1
8 814 1
8 824 1
8 831 1
8 847 1
8 895 1
8 976 1
8 990 1
8 991 1
8 992 1
8 997 1
9 10 1
9 11 1
9 13 1
9 15 1
9 17 1
9 24 1
9 27 1
9 30 1
9 32 1
9 40 1
9 47 1
9 50 1
9 52 1
9 56 1
9 57 1
9 59 1
9 66 1
9 84 1
9 90 1
9 91 1
9 95 1
9 97 1
9 98 1
9 111 1
9 134 1
9 147 1
9 150 1
9 172 1
9 175 1
9 182 1
9 196 1
9 204 1
9 206 1
9 210 1
9 223 1
9 224 1
9 228 1
9 232 1
9 257 1
9 258 1
9 260 1
9 267 1
9 300 1
9 319 1
9 321 1
9 349 1
9 354 1
9 362 1
9 367 1
9 368 1
9 388 1
9 396 1
9 400 1
9 404 1
9 411 1
9 424 1
9 433 1
9 437 1
9 443 1
9 444 1
9 473 1
9 489 1
9 546 1
9 577 1
9 624 1
9 630 1
9 638 1
9 662 1
9 676 1
9 696 1
9 712 1
9 752 1
9 764 1
9 799 1
9 816 1
9 821 1
9 846 1
9 860 1
9 866 1
9 901 1
9 975 1
9 996 1
9 998 1
10 11 1
10 12 1
10 13 1
10 14 1
10 16 1
10 18 1
10 19 1
10 21 1
10 23 1
10 27 1
10 31 1
10 32 1
10 35 1
10 38 1
10 45 1
10 48 1
10 51 1
10 53 1
10 67 1
10 74 1
10 78 1
10 79 1
10 85 1
10 93 1
10 107 1
10 109 1
10 112 1
10 117 1
10 128 1
10 132 1
10 137 1
10 141 1
10 149 1
10 153 1
10 159 1
10 185 1
10 189 1
10 202 1
10 207 1
10 215 1
10 228 1
10 233 1
10 236 1
10 239 1
10 248 1
10 249 1
10 262 1
10 269 1
10 273 1
10 297 1
10 298 1
10 313 1
10 318 1
10 320 1
10 342 1
10 355 1
10 378 1
10 391 1
10 404 1
10 405 1
10 416 1
10 422 1
10 428 1
10 430 1
10 431 1
10 436 1
10 437 1
10 442 1
10 446 1
10 448 1
10 475 1
10 488 1
10 501 1
10 511 1
10 512 1
10 513 1
10 536 1
10 571 1
10 576 1
10 582 1
10 605 1
10 609 1
10 612 1
10 644 1
10 645 1
10 663 1
10 670 1
10 671 1
10 723 1
10 746 1
10 750 1
10 757 1
10 792 1
10 807 1
10 811 1
10 815 1
10 844 1
10 850 1
10 865 1
10 885 1
10 898 1
10 909 1
10 917 1
10 919 1
10 926 1
10 930 1
10 933 1
10 935 1
10 959 1
10 961 1
10 967 1
11 13 1
11 14 1
11 19 1
11 21 1
11 23 1
11 29 1
11 30 1
11 33 1
11 34 1
11 35 1
11 36 1
11 38 1
11 53 1
11 57 1
11 61 1
11 62 1
11 67 1
11 71 1
11 79 1
11 81 1
11 85 1
11 86 1
11 105 1
11 121 1
11 124 1
11 139 1
11 169 1
11 170 1
11 185 1
11 195 1
11 205 1
11 214 1
11 218 1
11 226 1
11 240 1
11 271 1
11 292 1
11 299 1
11 336 1
11 345 1
11 367 1
11 368 1
11 385 1
11 395 1
11 451 1
11 454 1
11 463 1
11 476 1
11 508 1
11 512 1
11 515 1
11 522 1
11 524 1
11 533 1
11 538 1
11 555 1
11 581 1
11 599 1
11 609 1
11 649 1
11 685 1
11 688 1
11 695 1
11 722 1
11 727 1
11 739 1
11 744 1
11 760 1
11 801 1
11 824 1
11 850 1
11 884 1
11 979 1
11 987 1
11 996 1
12 14 1
12 15 1
12 22 1
12 24 1
12 35 1
12 44 1
12 48 1
12 51 1
12 55 1
12 59 1
12 63 1
12 73 1
12 75 1
12 90 1
12 103 1
12 105 1
12 110 1
12 133 1
12 140 1
12 144 1
12 152 1
12 154 1
12 160 1
12 170 1
12 171 1
12 174 1
12 175 1
12 213 1
12 244 1
12 252 1
12 255 1
12 283 1
12 298 1
12 331 1
12 349 1
12 364 1
12 417 1
12 481 1
12 507 1
12 529 1
12 546 1
12 649 1
12 686 1
12 701 1
12 724 1
12 844 1
12 852 1
12 873 1
12 903 1
12 911 1
12 941 1
12 951 1
12 977 1
13 18 1
13 20 1
13 25 1
13 26 1
13 27 1
13 29 1
13 30 1
13 34 1
13 38 1
13 42 1
13 49 1
13 57 1
13 65 1
13 69 1
13 76 1
13 122 1
13 204 1
13 218 1
13 241 1
13 259 1
13 309 1
13 316 1
13 374 1
13 482 1
13 586 1
13 639 1
13 645 1
13 729 1
13 732 1
13 763 1
13 822 1
14 15 1
14 16 1
14 17 1
14 19 1
14 20 1
14 23 1
14 39 1
14 40 1
14 41 1
14 48 1
14 55 1
14 56 1
14 58 1
14 59 1
14 66 1
14 71 1
14 89 1
14 101 1
14 105 1
14 106 1
14 115 1
14 119 1
14 122 1
14 129 1
14 130 1
14 139 1
14 146 1
14 148 1
14 188 1
14 194 1
14 216 1
14 218 1
14 221 1
14 230 1
14 231 1
14 241 1
14 251 1
14 265 1
14 284 1
14 307 1
14 308 1
14 343 1
14 390 1
14 395 1
14 398 1
14 415 1
14 425 1
14 434 1
14 464 1
14 492 1
14 531 1
14 540 1
14 560 1
14 563 1
14 625 1
14 678 1
14 716 1
14 717 1
14 765 1
14 796 1
14 873 1
14 879 1
14 897 1
14 898 1
14 922 1
14 945 1
14 974 1
15 19 1
15 21 1
15 24 1
15 28 1
15 30 1
15 37 1
15 44 1
15 45 1
15 48 1
15 50 1
15 54 1
15 65 1
15 76 1
15 92 1
15 96 1
15 99 1
15 114 1
15 120 1
15 167 1
15 192 1
15 214 1
15 216 1
15 243 1
15 282 1
15 313 1
15 323 1
15 350 1
15 386 1
15 412 1
15 421 1
15 441 1
15 457 1
15 484 1
15 494 1
15 514 1
15 543 1
15 550 1
15 565 1
15 566 1
15 578 1
15 585 1
15 591 1
15 602 1
15 623 1
15 673 1
15 679 1
15 695 1
15 747 1
15 748 1
15 895 1
15 935 1
15 964 1
16 28 1
16 46 1
16 50 1
16 51 1
16 52 1
16 57 1
16 64 1
16 73 1
16 82 1
16 83 1
16 86 1
16 91 1
16 97 1
16 122 1
16 137 1
16 141 1
16 147 1
16 151 1
16 153 1
16 169 1
16 204 1
16 219 1
16 225 1
16 226 1
16 237 1
16 238 1
16 260 1
16 265 1
16 278 1
16 279 1
16 282 1
16 304 1
16 319 1
16 320 1
16 322 1
16 349 1
16 354 1
16 359 1
16 361 1
16 370 1
16 372 1
16 377 1
16 460 1
16 470 1
16 474 1
16 488 1
16 513 1
16 609 1
16 621 1
16 634 1
16 645 1
16 723 1
16 756 1
16 977 1
17 18 1
17 24 1
17 30 1
17 31 1
17 45 1
17 50 1
17 84 1
17 87 1
17 94 1
17 101 1
17 108 1
17 142 1
17 212 1
17 238 1
17 245 1
17 282 1
17 291 1
17 349 1
17 362 1
17 379 1
17 384 1
17 388 1
17 391 1
17 473 1
17 482 1
17 512 1
17 543 1
17 545 1
17 546 1
17 638 1
17 649 1
17 667 1
17 728 1
17 815 1
17 817 1
17 892 1
17 943 1
17 962 1
17 975 1
18 23 1
18 29 1
18 32 1
18 37 1
18 39 1
18 43 1
18 52 1
18 53 1
18 60 1
18 61 1
18 62 1
18 64 1
18 65 1
18 68 1
18 72 1
18 79 1
18 83 1
18 84 1
18 88 1
18 90 1
18 100 1
18 102 1
18 107 1
18 116 1
18 124 1
18 135 1
18 144 1
18 156 1
18 159 1
18 163 1
18 179 1
18 187 1
18 197 1
18 202 1
18 221 1
18 237 1
18 258 1
18 261 1
18 264 1
18 310 1
18 320 1
18 364 1
18 377 1
18 408 1
18 443 1
18 444 1
18 455 1
18 461 1
18 465 1
18 471 1
18 485 1
18 493 1
18 501 1
18 509 1
18 514 1
18 583 1
18 614 1
18 621 1
18 645 1
18 647 1
18 650 1
18 663 1
18 680 1
18 682 1
18 688 1
18 697 1
18 736 1
18 744 1
18 773 1
18 781 1
18 806 1
18 809 1
18 817 1
18 841 1
18 844 1
18 847 1
18 854 1
18 895 1
18 909 1
18 910 1
18 914 1
18 952 1
19 20 1
19 28 1
19 31 1
19 34 1
19 43 1
19 49 1
19 65 1
19 95 1
19 101 1
19 138 1
19 182 1
19 187 1
19 200 1
19 249 1
19 286 1
19 313 1
19 346 1
19 360 1
19 361 1
19 432 1
19 451 1
19 561 1
19 603 1
19 604 1
19 739 1
19 806 1
20 35 1
20 54 1
20 55 1
20 66 1
20 73 1
20 99 1
20 102 1
20 106 1
20 122 1
20 133 1
20 154 1
20 158 1
20 177 1
20 195 1
20 206 1
20 245 1
20 292 1
20 316 1
20 329 1
20 406 1
20 407 1
20 417 1
20 419 1
20 440 1
20 449 1
20 474 1
20 506 1
20 528 1
20 549 1
20 552 1
20 607 1
20 647 1
20 654 1
20 704 1
20 799 1
20 806 1
20 829 1
20 840 1
20 855 1
20 860 1
20 910 1
20 932 1
20 942 1
20 949 1
20 964 1
21 22 1
21 26 1
21 29 1
21 42 1
21 43 1
21 49 1
21 51 1
21 88 1
21 98 1
21 108 1
21 136 1
21 144 1
21 150 1
21 152 1
21 196 1
21 198 1
21 199 1
21 327 1
21 337 1
21 400 1
21 409 1
21 430 1
21 437 1
21 442 1
21 451 1
21 454 1
21 455 1
21 497 1
21 524 1
21 562 1
21 585 1
21 600 1
21 792 1
21 883 1
21 892 1
21 900 1
21 911 1
21 919 1
21 954 1
22 31 1
22 36 1
22 46 1
22 74 1
22 94 1
22 107 1
22 117 1
22 124 1
22 179 1
22 203 1
22 230 1
22 231 1
22 232 1
22 234 1
22 271 1
22 292 1
22 301 1
22 352 1
22 400 1
22 472 1
22 504 1
22 511 1
22 544 1
22 636 1
22 738 1
22 763 1
22 847 1
22 908 1
23 35 1
23 37 1
23 41 1
23 115 1
23 135 1
23 140 1
23 195 1
23 251 1
23 292 1
23 306 1
23 325 1
23 346 1
23 412 1
23 431 1
23 460 1
23 547 1
23 630 1
23 642 1
23 692 1
23 714 1
23 799 1
23 1000 1
24 25 1
24 43 1
24 55 1
24 122 1
24 124 1
24 165 1
24 171 1
24 231 1
24 238 1
24 246 1
24 291 1
24 482 1
24 553 1
24 597 1
24 724 1
24 775 1
24 778 1
25 33 1
25 39 1
25 41 1
25 42 1
25 44 1
25 70 1
25 72 1
25 93 1
25 112 1
25 116 1
25 123 1
25 131 1
25 133 1
25 140 1
25 143 1
25 166 1
25 184 1
25 256 1
25 277 1
25 284 1
25 311 1
25 343 1
25 353 1
25 396 1
25 415 1
25 482 1
25 543 1
25 581 1
25 629 1
25 636 1
25 647 1
25 663 1
25 681 1
25 719 1
25 733 1
25 757 1
25 799 1
25 803 1
25 812 1
25 859 1
25 860 1
25 872 1
25 888 1
25 920 1
26 68 1
26 70 1
26 75 1
26 82 1
26 100 1
26 137 1
26 223 1
26 227 1
26 246 1
26 249 1
26 296 1
26 299 1
26 301 1
26 626 1
26 708 1
26 795 1
26 906 1
27 31 1
27 33 1
27 36 1
27 47 1
27 56 1
27 59 1
27 70 1
27 81 1
27 90 1
27 95 1
27 113 1
27 162 1
27 164 1
27 180 1
27 189 1
27 208 1
27 209 1
27 224 1
27 244 1
27 247 1
27 277 1
27 280 1
27 289 1
27 322 1
27 330 1
27 347 1
27 353 1
27 373 1
27 401 1
27 403 1
27 418 1
27 504 1
27 507 1
27 535 1
27 536 1
27 568 1
27 603 1
27 641 1
27 683 1
27 690 1
27 711 1
27 712 1
27 749 1
27 750 1
27 767 1
27 789 1
27 790 1
27 791 1
27 845 1
27 857 1
28 42 1
28 89 1
28 230 1
28 248 1
28 250 1
28 296 1
28 328 1
28 389 1
28 479 1
28 528 1
28 600 1
28 835 1
28 866 1
28 953 1
28 994 1
29 46 1
29 104 1
29 109 1
29 312 1
29 326 1
29 369 1
29 679 1
30 33 1
30 82 1
30 111 1
30 126 1
30 128 1
30 178 1
30 194 1
30 227 1
30 233 1
30 333 1
30 499 1
30 608 1
30 669 1
30 772 1
30 836 1
30 837 1
30 917 1
31 53 1
31 58 1
31 85 1
31 95 1
31 97 1
31 158 1
31 300 1
31 327 1
31 361 1
31 426 1
31 473 1
31 517 1
31 616 1
31 732 1
31 756 1
31 846 1
31 881 1
31 938 1
32 38 1
32 48 1
32 54 1
32 67 1
32 69 1
32 75 1
32 88 1
32 100 1
32 103 1
32 134 1
32 144 1
32 201 1
32 225 1
32 243 1
32 251 1
32 279 1
32 310 1
32 311 1
32 340 1
32 346 1
32 378 1
32 416 1
32 437 1
32 448 1
32 498 1
32 514 1
32 531 1
32 539 1
32 551 1
32 622 1
32 641 1
32 654 1
32 666 1
32 722 1
32 796 1
32 838 1
32 864 1
32 865 1
32 919 1
32 988 1
32 997 1
33 41 1
33 184 1
33 186 1
33 190 1
33 192 1
33 196 1
33 242 1
33 264 1
33 290 1
33 610 1
33 747 1
33 751 1
33 851 1
33 874 1
34 71 1
34 76 1
34 92 1
34 106 1
34 111 1
34 143 1
34 161 1
34 201 1
34 252 1
34 262 1
34 347 1
34 397 1
34 458 1
34 489 1
34 670 1
34 699 1
34 864 1
34 868 1
35 44 1
35 46 1
35 65 1
35 72 1
35 86 1
35 87 1
35 89 1
35 99 1
35 105 1
35 109 1
35 115 1
35 119 1
35 121 1
35 129 1
35 140 1
35 153 1
35 190 1
35 209 1
35 221 1
35 222 1
35 239 1
35 250 1
35 275 1
35 295 1
35 332 1
35 352 1
35 404 1
35 406 1
35 421 1
35 448 1
35 530 1
35 542 1
35 558 1
35 572 1
35 587 1
35 598 1
35 601 1
35 606 1
35 632 1
35 651 1
35 681 1
35 711 1
35 726 1
35 753 1
35 761 1
35 785 1
35 793 1
35 796 1
35 800 1
35 812 1
35 825 1
35 831 1
35 843 1
35 859 1
35 937 1
35 950 1
35 976 1
36 40 1
36 63 1
36 68 1
36 75 1
36 85 1
36 100 1
36 102 1
36 118 1
36 123 1
36 125 1
36 145 1
36 148 1
36 152 1
36 161 1
36 171 1
36 187 1
36 190 1
36 231 1
36 314 1
36 397 1
36 415 1
36 455 1
36 486 1
36 508 1
36 559 1
36 589 1
36 618 1
36 686 1
36 689 1
36 725 1
36 752 1
36 956 1
36 985 1
36 996 1
36 1000 1
37 43 1
37 45 1
37 58 1
37 64 1
37 77 1
37 108 1
37 128 1
37 138 1
37 146 1
37 153 1
37 157 1
37 201 1
37 228 1
37 247 1
37 285 1
37 286 1
37 435 1
37 461 1
37 481 1
37 534 1
37 567 1
37 574 1
37 656 1
37 722 1
37 725 1
37 728 1
37 789 1
37 798 1
37 841 1
37 948 1
38 51 1
38 52 1
38 57 1
38 60 1
38 75 1
38 110 1
38 121 1
38 142 1
38 177 1
38 181 1
38 195 1
38 320 1
38 328 1
38 350 1
38 357 1
38 559 1
38 596 1
38 643 1
38 823 1
38 861 1
38 880 1
39 68 1
39 118 1
39 136 1
39 395 1
39 451 1
39 483 1
39 672 1
39 913 1
40 80 1
40 120 1
40 195 1
40 235 1
40 259 1
40 263 1
40 294 1
40 380 1
40 388 1
40 412 1
40 432 1
40 441 1
40 517 1
40 604 1
40 656 1
40 661 1
40 688 1
40 714 1
40 730 1
40 755 1
41 47 1
41 62 1
41 64 1
41 66 1
41 69 1
41 79 1
41 87 1
41 91 1
41 214 1
41 222 1
41 235 1
41 292 1
41 345 1
41 354 1
41 364 1
41 386 1
41 422 1
41 429 1
41 503 1
41 539 1
41 584 1
41 586 1
41 683 1
41 696 1
41 789 1
41 823 1
41 855 1
41 856 1
41 877 1
41 892 1
41 893 1
41 902 1
41 918 1
41 964 1
41 988 1
42 153 1
42 155 1
42 158 1
42 211 1
42 250 1
42 421 1
42 528 1
42 541 1
42 598 1
42 652 1
42 788 1
42 891 1
42 985 1
43 96 1
43 104 1
43 149 1
43 166 1
43 171 1
43 203 1
43 225 1
43 231 1
43 235 1
43 279 1
43 366 1
43 383 1
43 420 1
43 452 1
43 490 1
43 534 1
43 708 1
43 716 1
43 772 1
43 887 1
43 941 1
44 54 1
44 56 1
44 64 1
44 67 1
44 83 1
44 102 1
44 112 1
44 141 1
44 200 1
44 253 1
44 288 1
44 318 1
44 387 1
44 389 1
44 406 1
44 414 1
44 419 1
44 433 1
44 445 1
44 470 1
44 477 1
44 490 1
44 500 1
44 511 1
44 560 1
44 568 1
44 580 1
44 587 1
44 609 1
44 628 1
44 677 1
44 709 1
44 737 1
44 813 1
44 900 1
44 919 1
44 935 1
45 177 1
45 243 1
45 294 1
45 306 1
45 333 1
45 389 1
45 465 1
45 579 1
45 595 1
45 606 1
45 871 1
45 945 1
45 959 1
46 56 1
46 71 1
46 169 1
46 203 1
46 303 1
46 309 1
46 329 1
46 502 1
46 706 1
46 743 1
47 81 1
47 113 1
47 225 1
47 238 1
47 240 1
47 261 1
47 264 1
47 269 1
47 325 1
47 340 1
47 355 1
47 369 1
47 370 1
47 497 1
47 705 1
47 753 1
47 859 1
47 901 1
47 940 1
48 60 1
48 80 1
48 82 1
48 87 1
48 128 1
48 163 1
48 167 1
48 188 1
48 200 1
48 205 1
48 247 1
48 268 1
48 270 1
48 314 1
48 449 1
48 464 1
48 532 1
48 577 1
48 581 1
48 608 1
48 739 1
48 794 1
48 805 1
48 846 1
48 935 1
48 937 1
49 77 1
49 86 1
49 157 1
49 179 1
49 217 1
49 339 1
49 452 1
49 511 1
49 516 1
49 619 1
49 941 1
49 987 1
50 89 1
50 94 1
50 108 1
50 110 1
50 129 1
50 131 1
50 166 1
50 205 1
50 207 1
50 222 1
50 417 1
50 428 1
50 535 1
50 539 1
50 544 1
50 705 1
50 804 1
50 924 1
50 985 1
51 73 1
51 110 1
51 147 1
51 253 1
51 281 1
51 321 1
51 393 1
51 590 1
51 680 1
51 766 1
52 66 1
52 79 1
52 106 1
52 164 1
52 165 1
52 180 1
52 318 1
52 352 1
52 412 1
52 420 1
52 547 1
52 578 1
52 584 1
52 607 1
52 657 1
52 658 1
52 698 1
52 711 1
52 747 1
52 796 1
53 97 1
53 133 1
53 155 1
53 172 1
53 173 1
53 176 1
53 329 1
53 441 1
53 492 1
53 606 1
53 756 1
53 806 1
53 849 1
53 914 1
54 78 1
54 86 1
54 88 1
54 117 1
54 126 1
54 131 1
54 149 1
54 164 1
54 270 1
54 298 1
54 347 1
54 383 1
54 613 1
54 621 1
54 797 1
54 812 1
54 854 1
54 923 1
54 933 1
54 964 1
55 78 1
55 80 1
55 81 1
55 175 1
55 410 1
55 414 1
55 665 1
55 693 1
55 921 1
56 87 1
56 137 1
56 138 1
56 149 1
56 176 1
56 212 1
56 226 1
56 272 1
56 275 1
56 284 1
56 309 1
56 314 1
56 365 1
56 393 1
56 439 1
56 455 1
56 527 1
56 550 1
56 580 1
56 622 1
56 727 1
56 862 1
56 864 1
56 882 1
56 908 1
57 132 1
57 161 1
57 163 1
57 244 1
57 402 1
57 553 1
57 567 1
57 605 1
57 620 1
58 67 1
58 90 1
58 96 1
58 136 1
58 157 1
58 176 1
58 186 1
58 199 1
58 210 1
58 267 1
58 282 1
58 304 1
58 325 1
58 337 1
58 354 1
58 394 1
58 399 1
58 418 1
58 439 1
58 603 1
58 727 1
58 857 1
58 896 1
58 922 1
58 928 1
58 940 1
58 960 1
59 104 1
59 120 1
59 127 1
59 129 1
59 135 1
59 141 1
59 180 1
59 217 1
59 229 1
59 240 1
59 299 1
59 306 1
59 353 1
59 364 1
59 366 1
59 381 1
59 411 1
59 496 1
59 526 1
59 530 1
59 538 1
59 546 1
59 634 1
59 635 1
59 640 1
59 642 1
59 721 1
59 822 1
59 866 1
59 878 1
59 968 1
59 988 1
60 62 1
60 63 1
60 77 1
60 96 1
60 97 1
60 127 1
60 134 1
60 156 1
60 165 1
60 247 1
60 432 1
60 438 1
60 501 1
60 523 1
60 632 1
60 678 1
60 719 1
60 736 1
60 772 1
60 782 1
60 806 1
60 837 1
60 845 1
60 862 1
60 951 1
60 971 1
61 77 1
61 78 1
61 103 1
61 116 1
61 135 1
61 162 1
61 202 1
61 209 1
61 245 1
61 268 1
61 280 1
61 517 1
61 608 1
61 738 1
61 783 1
61 792 1
62 92 1
62 110 1
62 114 1
62 162 1
62 190 1
62 193 1
62 203 1
62 246 1
62 260 1
62 270 1
62 287 1
62 371 1
62 409 1
62 424 1
62 434 1
62 548 1
62 753 1
62 813 1
62 838 1
62 903 1
62 912 1
62 924 1
62 943 1
62 972 1
63 68 1
63 69 1
63 71 1
63 81 1
63 125 1
63 182 1
63 278 1
63 377 1
63 380 1
63 410 1
63 440 1
63 564 1
63 695 1
63 746 1
63 754 1
63 777 1
63 945 1
63 997 1
64 130 1
64 142 1
64 148 1
64 408 1
64 461 1
64 502 1
65 266 1
65 356 1
65 686 1
66 85 1
66 123 1
66 124 1
66 151 1
66 166 1
66 168 1
66 175 1
66 208 1
66 218 1
66 255 1
66 263 1
66 381 1
66 403 1
66 454 1
66 462 1
66 468 1
66 500 1
66 504 1
66 530 1
66 586 1
66 612 1
66 645 1
66 679 1
66 694 1
66 709 1
66 768 1
66 787 1
66 820 1
66 877 1
66 888 1
66 923 1
66 952 1
67 78 1
67 98 1
67 118 1
67 126 1
67 142 1
67 157 1
67 198 1
67 203 1
67 212 1
67 228 1
67 241 1
67 266 1
67 288 1
67 360 1
67 370 1
67 371 1
67 376 1
67 407 1
67 409 1
67 440 1
67 445 1
67 468 1
67 555 1
67 583 1
67 925 1
67 953 1
68 141 1
68 267 1
68 323 1
68 391 1
68 453 1
68 825 1
68 884 1
69 80 1
69 155 1
69 174 1
69 201 1
69 219 1
69 242 1
69 272 1
69 315 1
69 379 1
69 510 1
69 634 1
69 654 1
69 855 1
70 74 1
70 96 1
70 113 1
70 129 1
70 221 1
70 233 1
70 268 1
70 328 1
70 363 1
70 514 1
70 692 1
70 698 1
70 709 1
70 730 1
70 948 1
71 73 1
71 134 1
71 152 1
71 156 1
71 163 1
71 168 1
71 182 1
71 189 1
71 211 1
71 262 1
71 305 1
71 357 1
71 394 1
71 427 1
71 432 1
71 500 1
71 529 1
71 533 1
71 580 1
71 772 1
71 775 1
71 822 1
71 869 1
71 917 1
71 970 1
72 143 1
72 173 1
72 260 1
72 287 1
72 297 1
72 355 1
72 463 1
72 758 1
72 892 1
73 76 1
73 84 1
73 125 1
73 130 1
73 136 1
73 143 1
73 149 1
73 151 1
73 154 1
73 181 1
73 202 1
73 217 1
73 220 1
73 293 1
73 352 1
73 385 1
73 407 1
73 425 1
73 462 1
73 519 1
73 569 1
73 589 1
73 651 1
73 685 1
73 851 1
73 871 1
74 138 1
74 188 1
74 194 1
74 210 1
74 215 1
74 322 1
74 351 1
74 372 1
74 390 1
74 392 1
74 499 1
74 510 1
74 602 1
74 657 1
74 702 1
74 714 1
74 790 1
74 905 1
74 961 1
75 126 1
75 135 1
75 164 1
75 211 1
75 251 1
75 259 1
75 305 1
75 315 1
75 379 1
75 381 1
75 397 1
75 857 1
76 230 1
76 348 1
76 356 1
76 360 1
76 364 1
76 403 1
76 427 1
76 496 1
76 620 1
76 878 1
77 83 1
77 91 1
77 139 1
77 174 1
77 193 1
77 332 1
77 453 1
77 471 1
77 533 1
78 108 1
78 154 1
78 159 1
78 169 1
78 193 1
78 341 1
78 399 1
78 474 1
78 487 1
78 534 1
78 567 1
78 685 1
78 703 1
78 782 1
78 905 1
78 981 1
79 95 1
79 112 1
79 146 1
79 178 1
79 403 1
79 731 1
79 807 1
79 906 1
79 915 1
79 992 1
80 101 1
80 103 1
80 245 1
80 318 1
80 562 1
80 566 1
80 783 1
80 896 1
80 999 1
81 99 1
81 219 1
81 254 1
81 365 1
81 418 1
81 492 1
81 595 1
81 619 1
81 655 1
81 788 1
82 98 1
82 300 1
82 818 1
83 84 1
83 114 1
83 215 1
83 275 1
83 299 1
83 304 1
83 350 1
83 376 1
83 383 1
83 449 1
83 459 1
83 674 1
83 707 1
83 776 1
83 855 1
84 118 1
84 150 1
84 290 1
84 334 1
84 335 1
84 761 1
84 894 1
84 937 1
84 979 1
85 100 1
85 130 1
85 162 1
85 164 1
85 170 1
85 204 1
85 219 1
85 223 1
85 383 1
85 515 1
85 520 1
85 678 1
85 721 1
86 88 1
86 93 1
86 109 1
86 111 1
86 114 1
86 120 1
86 159 1
86 169 1
86 207 1
86 236 1
86 244 1
86 257 1
86 270 1
86 312 1
86 323 1
86 358 1
86 369 1
86 388 1
86 433 1
86 503 1
86 558 1
86 560 1
86 568 1
86 673 1
86 682 1
86 703 1
86 755 1
86 797 1
86 821 1
86 882 1
86 951 1
86 960 1
87 93 1
87 114 1
87 227 1
87 233 1
87 240 1
87 274 1
87 433 1
87 560 1
87 579 1
87 879 1
88 179 1
88 192 1
88 205 1
88 206 1
88 220 1
88 296 1
88 317 1
88 330 1
88 407 1
88 458 1
88 608 1
88 705 1
88 837 1
89 376 1
89 393 1
89 401 1
89 591 1
90 93 1
90 376 1
90 463 1
90 576 1
91 121 1
91 131 1
91 194 1
91 324 1
91 539 1
91 545 1
91 569 1
91 601 1
91 674 1
91 677 1
91 690 1
91 781 1
91 794 1
91 870 1
91 923 1
92 127 1
92 187 1
92 213 1
92 365 1
92 369 1
92 594 1
92 614 1
92 810 1
92 950 1
93 252 1
93 299 1
93 340 1
93 475 1
93 493 1
93 549 1
93 715 1
94 107 1
94 113 1
94 145 1
94 171 1
94 185 1
94 196 1
94 240 1
94 274 1
94 420 1
94 421 1
94 535 1
94 577 1
94 641 1
94 662 1
95 125 1
95 268 1
95 351 1
95 366 1
95 442 1
95 525 1
95 805 1
95 864 1
96 139 1
96 186 1
96 323 1
96 336 1
96 473 1
96 494 1
96 648 1
96 802 1
96 987 1
97 116 1
97 132 1
97 193 1
97 320 1
97 367 1
97 426 1
97 877 1
97 894 1
97 938 1
97 945 1
97 949 1
98 121 1
98 161 1
98 258 1
98 475 1
99 138 1
99 148 1
99 152 1
99 188 1
99 222 1
99 254 1
99 269 1
99 324 1
99 442 1
99 522 1
99 589 1
99 672 1
99 761 1
99 813 1
99 865 1
100 109 1
100 232 1
100 263 1
100 308 1
100 319 1
100 341 1
100 371 1
100 423 1
100 444 1
100 485 1
100 551 1
100 552 1
100 623 1
100 628 1
100 644 1
100 658 1
100 671 1
100 780 1
100 791 1
100 842 1
100 881 1
100 883 1
100 912 1
100 936 1
100 971 1
101 116 1
101 305 1
101 564 1
101 796 1
101 819 1
101 906 1
102 113 1
102 182 1
102 457 1
102 526 1
102 752 1
103 106 1
103 115 1
103 168 1
103 310 1
103 341 1
103 386 1
103 424 1
103 523 1
103 632 1
103 642 1
103 660 1
103 853 1
104 249 1
104 252 1
104 268 1
104 295 1
104 298 1
104 333 1
104 381 1
104 520 1
104 804 1
104 888 1
104 941 1
105 234 1
105 255 1
105 291 1
105 641 1
105 853 1
106 330 1
106 443 1
106 923 1
107 378 1
107 387 1
107 460 1
107 643 1
107 880 1
108 111 1
108 127 1
108 213 1
108 289 1
108 343 1
108 459 1
108 510 1
108 558 1
108 559 1
108 570 1
108 624 1
108 706 1
108 731 1
108 749 1
108 771 1
108 868 1
108 905 1
108 922 1
108 970 1
108 979 1
109 123 1
109 202 1
109 331 1
109 335 1
109 377 1
109 828 1
109 959 1
110 204 1
110 453 1
110 495 1
110 660 1
110 970 1
110 988 1
111 132 1
111 150 1
111 179 1
111 286 1
111 363 1
111 391 1
111 430 1
111 500 1
111 540 1
111 648 1
111 733 1
112 123 1
112 146 1
112 308 1
112 324 1
112 380 1
112 700 1
112 752 1
113 166 1
113 265 1
113 334 1
113 411 1
113 485 1
113 522 1
113 697 1
113 737 1
113 872 1
113 903 1
113 952 1
114 326 1
114 441 1
115 176 1
115 206 1
115 304 1
115 319 1
115 556 1
115 635 1
115 775 1
115 881 1
116 142 1
116 160 1
116 191 1
116 232 1
116 247 1
116 588 1
117 128 1
117 297 1
117 330 1
117 445 1
117 490 1
117 553 1
117 588 1
118 136 1
118 199 1
118 357 1
118 577 1
118 685 1
118 726 1
118 762 1
118 781 1
119 229 1
119 402 1
119 615 1
119 729 1
120 160 1
120 165 1
120 167 1
120 184 1
120 216 1
120 237 1
120 271 1
120 276 1
120 340 1
120 413 1
120 467 1
120 515 1
120 542 1
120 651 1
120 665 1
120 686 1
120 889 1
120 926 1
121 281 1
121 317 1
121 375 1
121 489 1
121 555 1
121 561 1
121 599 1
121 816 1
121 923 1
121 967 1
123 143 1
123 168 1
123 181 1
123 228 1
123 256 1
123 449 1
123 481 1
123 498 1
123 531 1
123 631 1
123 655 1
123 826 1
123 904 1
123 907 1
124 132 1
124 146 1
124 156 1
124 168 1
124 174 1
124 291 1
124 300 1
124 306 1
124 321 1
124 329 1
124 422 1
124 440 1
124 486 1
124 496 1
124 515 1
124 564 1
124 567 1
124 620 1
124 793 1
124 819 1
124 880 1
124 911 1
125 288 1
125 383 1
125 730 1
125 882 1
125 887 1
126 145 1
126 267 1
126 478 1
126 502 1
126 504 1
126 554 1
126 565 1
126 587 1
126 667 1
127 139 1
127 384 1
127 431 1
127 460 1
127 627 1
127 649 1
127 719 1
127 821 1
127 902 1
127 916 1
127 939 1
128 199 1
128 382 1
128 396 1
128 464 1
128 937 1
129 296 1
129 308 1
129 359 1
129 736 1
129 849 1
130 293 1
130 518 1
130 561 1
130 826 1
130 976 1
130 991 1
131 810 1
132 154 1
132 283 1
132 317 1
132 342 1
132 472 1
132 493 1
132 505 1
132 522 1
132 693 1
132 721 1
132 755 1
132 783 1
132 967 1
133 186 1
133 226 1
133 278 1
133 411 1
133 423 1
133 432 1
133 555 1
133 727 1
133 925 1
134 144 1
134 147 1
134 160 1
134 185 1
134 198 1
134 217 1
134 306 1
134 382 1
134 398 1
134 473 1
134 490 1
134 556 1
134 593 1
134 716 1
134 893 1
134 977 1
134 999 1
135 170 1
135 197 1
135 266 1
135 281 1
135 301 1
135 312 1
135 345 1
135 524 1
135 527 1
135 547 1
135 669 1
135 698 1
135 708 1
135 822 1
135 866 1
135 972 1
136 140 1
136 145 1
136 183 1
136 194 1
136 216 1
136 243 1
136 583 1
136 707 1
136 712 1
136 780 1
137 201 1
137 302 1
137 327 1
137 438 1
137 536 1
137 618 1
137 725 1
137 788 1
137 967 1
137 973 1
138 253 1
138 276 1
138 386 1
138 396 1
138 632 1
138 666 1
138 707 1
138 770 1
138 913 1
139 951 1
140 170 1
140 449 1
140 537 1
140 541 1
140 640 1
140 678 1
140 841 1
140 996 1
140 1000 1
141 248 1
142 209 1
142 333 1
142 642 1
143 145 1
143 178 1
143 185 1
143 316 1
143 334 1
143 339 1
143 361 1
143 365 1
143 422 1
143 442 1
143 480 1
143 629 1
143 650 1
143 807 1
143 907 1
143 920 1
144 180 1
144 216 1
144 223 1
144 295 1
144 617 1
144 664 1
144 828 1
144 958 1
145 159 1
145 548 1
145 574 1
145 579 1
145 927 1
146 279 1
146 392 1
146 671 1
146 748 1
147 151 1
147 213 1
147 380 1
147 695 1
148 180 1
148 260 1
148 370 1
148 529 1
148 596 1
148 640 1
148 741 1
148 831 1
149 189 1
149 214 1
149 366 1
149 447 1
149 470 1
149 480 1
149 592 1
149 678 1
149 732 1
149 908 1
149 909 1
149 998 1
150 312 1
150 746 1
150 814 1
150 934 1
150 975 1
151 167 1
151 191 1
151 238 1
151 305 1
151 337 1
151 429 1
151 489 1
151 534 1
151 571 1
151 623 1
151 742 1
151 786 1
151 938 1
152 200 1
152 386 1
152 400 1
153 257 1
153 357 1
153 370 1
153 390 1
153 441 1
153 576 1
153 683 1
153 827 1
153 933 1
154 227 1
154 261 1
154 426 1
154 436 1
154 505 1
154 556 1
154 659 1
155 324 1
155 332 1
155 542 1
155 872 1
156 177 1
156 208 1
156 248 1
156 294 1
156 494 1
156 562 1
156 675 1
156 727 1
157 541 1
157 867 1
157 955 1
157 973 1
158 177 1
158 229 1
158 277 1
158 749 1
158 805 1
158 811 1
158 920 1
159 259 1
159 267 1
159 390 1
159 393 1
159 438 1
159 576 1
159 818 1
159 930 1
159 964 1
160 205 1
160 274 1
160 309 1
160 314 1
160 471 1
160 489 1
160 504 1
160 528 1
160 532 1
160 701 1
160 768 1
160 871 1
161 172 1
161 192 1
161 196 1
161 255 1
161 257 1
161 264 1
161 283 1
161 290 1
161 522 1
161 597 1
161 722 1
161 778 1
161 878 1
161 886 1
162 310 1
162 316 1
162 516 1
162 528 1
163 208 1
163 336 1
163 592 1
163 725 1
163 885 1
164 209 1
164 331 1
164 363 1
164 389 1
164 469 1
164 487 1
164 524 1
164 530 1
164 558 1
164 630 1
164 635 1
164 814 1
164 885 1
164 899 1
164 939 1
165 307 1
165 467 1
165 538 1
165 661 1
166 242 1
166 285 1
166 529 1
166 773 1
167 172 1
167 191 1
167 278 1
167 630 1
167 636 1
167 740 1
167 859 1
168 254 1
168 425 1
168 434 1
168 549 1
168 677 1
168 866 1
168 915 1
169 212 1
169 315 1
169 345 1
169 512 1
169 545 1
169 581 1
169 582 1
169 615 1
169 628 1
170 248 1
170 297 1
170 348 1
170 590 1
170 699 1
170 808 1
171 234 1
171 241 1
171 338 1
171 344 1
171 355 1
171 359 1
171 477 1
171 593 1
171 670 1
171 732 1
171 832 1
171 851 1
171 853 1
171 971 1
172 200 1
172 256 1
172 318 1
172 348 1
172 428 1
172 458 1
172 618 1
172 648 1
172 812 1
173 219 1
173 224 1
173 235 1
173 262 1
173 265 1
173 362 1
173 398 1
173 466 1
173 481 1
173 619 1
173 647 1
173 828 1
173 843 1
173 861 1
173 913 1
173 936 1
173 982 1
174 273 1
174 471 1
174 577 1
174 607 1
174 653 1
174 726 1
174 785 1
174 842 1
174 843 1
174 980 1
175 362 1
175 382 1
175 394 1
175 444 1
175 521 1
175 661 1
175 674 1
176 276 1
176 302 1
176 354 1
176 366 1
176 435 1
176 488 1
176 509 1
176 521 1
176 664 1
176 676 1
176 770 1
177 220 1
177 246 1
177 368 1
177 392 1
177 399 1
177 469 1
177 565 1
177 652 1
177 690 1
177 992 1
178 276 1
178 672 1
178 837 1
179 275 1
179 483 1
179 578 1
179 662 1
179 667 1
179 723 1
179 986 1
180 237 1
180 336 1
180 553 1
180 631 1
180 681 1
180 766 1
180 777 1
181 236 1
181 257 1
181 568 1
181 646 1
181 745 1
181 768 1
182 222 1
182 261 1
182 271 1
182 341 1
182 404 1
182 648 1
182 807 1
183 184 1
183 191 1
183 226 1
183 236 1
183 263 1
183 285 1
183 287 1
183 417 1
183 439 1
183 617 1
183 638 1
183 711 1
183 925 1
184 331 1
184 390 1
184 476 1
185 188 1
185 191 1
185 241 1
185 258 1
185 315 1
185 374 1
185 413 1
185 490 1
185 616 1
185 910 1
186 280 1
186 303 1
186 639 1
186 845 1
186 993 1
187 198 1
187 211 1
187 540 1
187 637 1
187 867 1
187 962 1
188 239 1
188 368 1
188 387 1
188 389 1
188 430 1
188 438 1
188 531 1
188 556 1
188 607 1
188 671 1
188 759 1
188 835 1
189 220 1
189 221 1
189 337 1
189 338 1
189 434 1
189 465 1
189 509 1
189 516 1
189 519 1
189 765 1
189 839 1
189 847 1
189 861 1
190 210 1
190 356 1
190 436 1
190 450 1
190 570 1
190 757 1
191 197 1
191 234 1
191 293 1
191 338 1
191 405 1
191 453 1
191 898 1
191 981 1
192 250 1
192 296 1
192 571 1
193 217 1
193 272 1
193 322 1
193 424 1
193 447 1
193 456 1
193 569 1
194 285 1
194 422 1
194 750 1
195 274 1
195 304 1
195 687 1
195 691 1
196 244 1
196 371 1
197 277 1
197 350 1
197 446 1
197 474 1
197 509 1
197 613 1
197 851 1
197 973 1
197 987 1
197 993 1
198 273 1
198 478 1
198 899 1
199 223 1
199 375 1
199 472 1
199 659 1
199 948 1
199 966 1
200 211 1
200 456 1
200 709 1
200 827 1
201 376 1
201 425 1
201 508 1
201 793 1
201 951 1
202 287 1
202 773 1
203 236 1
203 288 1
203 510 1
203 519 1
203 663 1
203 908 1
203 929 1
204 224 1
204 281 1
204 307 1
204 325 1
204 344 1
204 356 1
204 375 1
204 413 1
204 513 1
204 545 1
204 743 1
204 931 1
204 947 1
205 482 1
206 302 1
206 477 1
206 513 1
206 639 1
206 713 1
206 770 1
207 269 1
207 356 1
207 573 1
207 629 1
207 750 1
207 779 1
207 858 1
208 328 1
208 375 1
208 447 1
208 498 1
208 521 1
208 557 1
208 863 1
208 875 1
209 225 1
209 256 1
209 273 1
209 358 1
209 616 1
209 825 1
210 382 1
210 410 1
211 372 1
211 561 1
211 569 1
212 467 1
212 555 1
213 272 1
213 297 1
213 351 1
213 507 1
213 628 1
213 748 1
213 832 1
213 839 1
213 868 1
213 995 1
214 276 1
214 307 1
214 375 1
214 601 1
214 604 1
214 706 1
214 779 1
214 851 1
214 873 1
215 612 1
216 353 1
216 401 1
216 402 1
216 458 1
216 633 1
216 711 1
216 793 1
216 914 1
217 282 1
217 323 1
218 239 1
218 252 1
218 253 1
218 289 1
218 373 1
218 505 1
218 593 1
218 747 1
218 762 1
219 272 1
219 313 1
219 329 1
219 437 1
219 559 1
219 626 1
219 629 1
219 742 1
219 815 1
219 885 1
220 229 1
220 279 1
220 420 1
220 517 1
220 655 1
220 684 1
220 990 1
221 264 1
221 280 1
221 615 1
222 382 1
222 684 1
222 735 1
224 342 1
224 586 1
224 734 1
224 820 1
225 285 1
225 295 1
226 942 1
226 1000 1
227 253 1
227 254 1
227 377 1
227 398 1
227 527 1
227 535 1
227 582 1
227 680 1
227 738 1
227 881 1
227 910 1
227 953 1
228 280 1
228 343 1
228 611 1
228 684 1
228 706 1
228 731 1
228 981 1
229 251 1
229 465 1
229 505 1
229 810 1
229 931 1
229 939 1
230 255 1
230 367 1
230 506 1
230 526 1
231 246 1
231 326 1
231 336 1
231 361 1
231 461 1
231 699 1
232 353 1
232 809 1
233 338 1
233 379 1
233 407 1
233 741 1
233 936 1
234 312 1
234 511 1
234 957 1
235 293 1
235 332 1
235 359 1
235 457 1
235 478 1
235 483 1
235 539 1
235 572 1
235 680 1
235 717 1
235 832 1
235 933 1
235 984 1
236 337 1
236 410 1
236 439 1
236 464 1
236 496 1
236 594 1
236 681 1
236 786 1
236 811 1
236 838 1
236 960 1
237 311 1
237 839 1
237 870 1
237 914 1
238 290 1
238 416 1
238 494 1
238 916 1
238 926 1
238 955 1
238 957 1
238 995 1
239 294 1
239 339 1
239 436 1
239 443 1
239 764 1
240 309 1
240 513 1
240 950 1
241 322 1
241 495 1
241 572 1
241 686 1
241 834 1
241 979 1
242 427 1
242 721 1
243 269 1
243 298 1
243 335 1
243 412 1
243 469 1
243 536 1
243 664 1
243 715 1
243 804 1
243 871 1
243 930 1
243 966 1
244 347 1
244 379 1
244 388 1
244 525 1
244 706 1
244 773 1
244 978 1
245 293 1
245 326 1
245 358 1
245 429 1
245 518 1
245 657 1
245 770 1
245 940 1
246 284 1
246 348 1
246 586 1
246 624 1
246 883 1
246 962 1
247 301 1
247 829 1
248 249 1
248 339 1
248 371 1
248 373 1
248 506 1
248 829 1
248 830 1
248 894 1
249 675 1
249 799 1
249 953 1
250 281 1
250 334 1
250 381 1
250 552 1
250 641 1
250 713 1
250 734 1
250 735 1
250 768 1
250 902 1
250 953 1
251 716 1
251 767 1
252 581 1
252 880 1
253 423 1
253 912 1
254 450 1
254 713 1
254 913 1
255 266 1
255 414 1
255 483 1
255 486 1
255 999 1
256 311 1
256 416 1
256 459 1
256 570 1
256 819 1
256 945 1
256 950 1
256 985 1
257 275 1
257 315 1
257 397 1
257 459 1
257 588 1
257 840 1
258 263 1
258 314 1
258 395 1
258 624 1
258 736 1
258 769 1
258 784 1
259 290 1
259 291 1
259 302 1
259 343 1
259 394 1
259 744 1
259 862 1
260 360 1
260 597 1
260 733 1
261 265 1
261 274 1
261 283 1
261 466 1
261 478 1
261 547 1
261 944 1
262 535 1
262 571 1
263 278 1
263 362 1
263 438 1
263 446 1
263 495 1
263 498 1
263 646 1
264 338 1
264 741 1
264 918 1
265 454 1
265 644 1
265 694 1
265 732 1
265 791 1
265 886 1
265 902 1
265 943 1
266 284 1
266 403 1
266 479 1
266 701 1
266 805 1
266 983 1
267 872 1
268 270 1
268 392 1
268 409 1
268 451 1
268 813 1
268 839 1
268 840 1
269 347 1
269 401 1
269 413 1
269 419 1
269 453 1
269 466 1
269 502 1
269 551 1
269 559 1
269 611 1
269 684 1
269 736 1
269 929 1
270 694 1
270 784 1
270 916 1
271 277 1
271 288 1
271 342 1
271 391 1
271 572 1
271 637 1
271 817 1
271 976 1
272 480 1
272 494 1
272 557 1
272 579 1
272 984 1
273 302 1
273 307 1
273 346 1
273 420 1
273 491 1
273 603 1
273 665 1
274 406 1
274 497 1
274 561 1
274 689 1
274 958 1
275 605 1
276 447 1
276 552 1
276 972 1
277 286 1
277 385 1
277 877 1
278 349 1
278 374 1
278 679 1
278 863 1
278 897 1
279 476 1
279 520 1
279 628 1
279 682 1
279 745 1
279 764 1
279 818 1
280 324 1
281 334 1
281 625 1
281 769 1
281 842 1
282 575 1
283 751 1
284 289 1
284 466 1
284 700 1
284 961 1
285 598 1
285 607 1
285 668 1
287 557 1
287 591 1
288 339 1
288 448 1
288 696 1
289 468 1
289 725 1
289 976 1
290 387 1
290 551 1
290 833 1
290 918 1
290 986 1
291 424 1
291 619 1
291 763 1
292 301 1
292 328 1
292 573 1
292 633 1
292 816 1
292 836 1
292 906 1
293 542 1
293 653 1
293 817 1
294 351 1
294 373 1
294 401 1
294 831 1
294 929 1
295 367 1
295 521 1
295 622 1
295 939 1
296 427 1
296 755 1
296 971 1
297 358 1
297 384 1
297 450 1
297 491 1
297 506 1
297 592 1
297 652 1
297 658 1
297 702 1
297 754 1
297 785 1
298 440 1
298 574 1
298 753 1
299 414 1
299 594 1
299 632 1
300 720 1
300 746 1
300 860 1
301 303 1
301 550 1
301 797 1
302 350 1
302 584 1
302 757 1
302 849 1
302 928 1
303 360 1
303 630 1
304 537 1
305 417 1
305 592 1
305 656 1
305 717 1
305 774 1
305 903 1
306 439 1
306 584 1
306 803 1
306 969 1
307 335 1
307 351 1
307 405 1
307 515 1
307 818 1
307 990 1
308 396 1
308 474 1
308 602 1
308 617 1
308 702 1
308 826 1
308 833 1
308 855 1
309 491 1
309 656 1
309 771 1
309 786 1
310 395 1
310 408 1
310 532 1
310 935 1
311 418 1
311 498 1
311 617 1
311 626 1
311 719 1
311 756 1
312 327 1
312 518 1
312 719 1
312 902 1
313 373 1
313 466 1
313 497 1
313 699 1
313 883 1
313 904 1
314 399 1
314 405 1
314 496 1
314 621 1
314 643 1
314 754 1
314 814 1
314 858 1
315 499 1
315 842 1
316 357 1
316 458 1
316 658 1
316 889 1
318 549 1
318 910 1
319 544 1
319 693 1
319 992 1
320 409 1
320 492 1
320 579 1
320 703 1
320 880 1
320 982 1
321 365 1
321 523 1
321 572 1
321 921 1
323 344 1
323 452 1
323 780 1
323 820 1
324 592 1
324 744 1
324 968 1
326 332 1
326 485 1
326 502 1
326 615 1
326 795 1
326 991 1
327 419 1
327 429 1
327 457 1
327 537 1
327 971 1
328 385 1
328 487 1
328 493 1
328 541 1
328 591 1
328 784 1
328 789 1
328 897 1
329 398 1
329 687 1
329 715 1
329 925 1
330 363 1
330 393 1
330 540 1
330 610 1
331 341 1
331 501 1
331 507 1
331 540 1
331 612 1
331 845 1
331 886 1
331 907 1
332 503 1
333 369 1
333 491 1
333 911 1
334 340 1
334 408 1
334 485 1
334 574 1
335 421 1
335 735 1
336 589 1
337 342 1
337 344 1
337 553 1
338 363 1
338 471 1
338 483 1
338 646 1
338 694 1
338 763 1
338 825 1
339 659 1
340 372 1
340 374 1
340 507 1
340 531 1
340 697 1
340 758 1
340 801 1
340 802 1
340 811 1
341 411 1
341 429 1
341 637 1
341 676 1
341 689 1
341 909 1
342 423 1
342 435 1
342 509 1
342 584 1
342 959 1
343 415 1
344 352 1
344 704 1
344 721 1
344 963 1
345 402 1
345 523 1
345 617 1
346 402 1
346 563 1
346 610 1
346 669 1
346 734 1
347 582 1
348 700 1
348 819 1
349 358 1
349 425 1
349 444 1
349 456 1
349 464 1
349 506 1
349 634 1
349 683 1
350 408 1
350 640 1
350 718 1
350 775 1
351 677 1
351 920 1
351 989 1
352 928 1
353 368 1
353 594 1
353 675 1
353 760 1
353 795 1
353 982 1
354 470 1
354 965 1
355 639 1
355 821 1
355 983 1
357 467 1
357 879 1
358 447 1
358 454 1
358 463 1
358 689 1
358 754 1
358 865 1
360 392 1
360 400 1
360 468 1
360 469 1
360 852 1
360 857 1
360 874 1
361 627 1
361 697 1
361 843 1
361 989 1
362 824 1
362 931 1
363 527 1
363 751 1
363 946 1
363 977 1
364 415 1
364 573 1
364 593 1
364 637 1
364 900 1
365 456 1
365 461 1
365 756 1
368 372 1
368 374 1
368 462 1
368 593 1
368 633 1
368 652 1
368 745 1
368 947 1
369 413 1
369 602 1
370 728 1
370 781 1
370 982 1
371 700 1
371 874 1
372 481 1
372 590 1
372 740 1
372 890 1
372 968 1
373 627 1
373 802 1
374 516 1
375 508 1
375 700 1
375 903 1
376 478 1
376 503 1
376 596 1
376 600 1
376 634 1
376 650 1
376 655 1
376 724 1
376 830 1
376 904 1
376 944 1
376 963 1
376 993 1
377 668 1
377 853 1
378 597 1
378 604 1
378 884 1
378 947 1
380 512 1
380 526 1
380 789 1
380 826 1
380 879 1
380 918 1
380 995 1
381 463 1
381 479 1
381 854 1
381 965 1
382 961 1
383 560 1
383 749 1
384 695 1
384 741 1
384 766 1
385 715 1
386 500 1
386 649 1
386 672 1
386 857 1
387 445 1
387 460 1
387 596 1
387 625 1
387 627 1
387 654 1
387 787 1
387 823 1
387 969 1
388 416 1
388 601 1
388 614 1
388 835 1
389 708 1
390 614 1
390 718 1
391 397 1
391 404 1
391 428 1
391 523 1
391 673 1
391 886 1
392 426 1
392 890 1
393 818 1
394 534 1
395 783 1
396 698 1
396 790 1
396 900 1
397 600 1
398 618 1
398 863 1
398 934 1
398 969 1
399 599 1
399 663 1
399 667 1
400 653 1
400 707 1
400 848 1
400 974 1
401 527 1
401 591 1
401 601 1
401 871 1
402 414 1
402 684 1
402 786 1
402 804 1
402 922 1
402 986 1
403 957 1
405 562 1
405 893 1
405 932 1
406 519 1
406 757 1
406 815 1
407 565 1
407 568 1
407 803 1
407 842 1
408 697 1
409 563 1
409 827 1
410 590 1
410 639 1
410 765 1
410 790 1
410 802 1
410 867 1
411 450 1
411 798 1
411 954 1
412 452 1
412 611 1
413 802 1
413 848 1
413 856 1
414 518 1
414 620 1
414 674 1
414 816 1
414 875 1
415 541 1
415 704 1
415 738 1
415 800 1
415 861 1
416 419 1
416 487 1
416 575 1
416 781 1
416 835 1
416 996 1
417 731 1
417 887 1
418 691 1
419 491 1
419 517 1
419 624 1
419 652 1
419 728 1
419 874 1
420 589 1
420 698 1
421 675 1
421 702 1
422 472 1
422 575 1
422 775 1
422 841 1
422 878 1
424 434 1
424 734 1
425 436 1
425 594 1
425 677 1
425 712 1
425 785 1
425 830 1
425 877 1
426 643 1
426 708 1
426 713 1
426 737 1
426 856 1
427 614 1
427 723 1
428 479 1
428 550 1
428 610 1
428 631 1
428 917 1
429 704 1
429 797 1
429 879 1
429 924 1
430 446 1
430 575 1
431 737 1
431 752 1
431 927 1
431 997 1
432 832 1
433 468 1
433 516 1
434 435 1
434 604 1
434 608 1
434 729 1
434 824 1
434 916 1
434 924 1
435 488 1
435 659 1
435 740 1
435 783 1
435 899 1
436 578 1
436 835 1
437 889 1
437 952 1
438 492 1
438 570 1
438 613 1
438 640 1
438 691 1
438 798 1
438 800 1
438 836 1
439 484 1
439 676 1
439 712 1
439 714 1
439 730 1
439 872 1
439 929 1
439 974 1
440 875 1
441 452 1
441 585 1
441 722 1
442 660 1
442 967 1
442 980 1
444 477 1
444 610 1
444 792 1
445 480 1
445 846 1
446 456 1
446 514 1
446 687 1
446 747 1
446 809 1
446 862 1
446 972 1
446 989 1
448 475 1
448 480 1
448 646 1
448 669 1
448 865 1
449 566 1
449 742 1
449 938 1
450 563 1
450 713 1
452 554 1
453 554 1
453 622 1
453 858 1
454 495 1
454 620 1
454 667 1
454 699 1
454 792 1
455 459 1
455 609 1
455 689 1
455 832 1
455 859 1
455 927 1
456 484 1
456 548 1
456 603 1
456 622 1
456 644 1
456 657 1
457 739 1
457 811 1
457 845 1
458 777 1
458 858 1
459 467 1
459 733 1
459 787 1
459 899 1
459 978 1
460 956 1
461 563 1
461 787 1
462 520 1
462 691 1
462 718 1
462 896 1
463 595 1
463 611 1
463 661 1
463 666 1
463 751 1
465 669 1
465 884 1
467 508 1
467 548 1
467 653 1
467 690 1
467 934 1
468 984 1
469 532 1
469 978 1
471 564 1
471 623 1
471 801 1
471 858 1
471 891 1
471 921 1
472 794 1
473 720 1
474 562 1
474 768 1
474 875 1
475 658 1
475 763 1
475 869 1
475 917 1
476 525 1
476 537 1
476 554 1
476 566 1
476 576 1
476 580 1
476 625 1
476 834 1
476 836 1
476 999 1
477 484 1
477 602 1
477 625 1
477 653 1
477 710 1
477 840 1
478 571 1
478 662 1
478 694 1
479 497 1
481 499 1
481 547 1
481 771 1
481 814 1
482 546 1
482 765 1
482 795 1
482 869 1
487 520 1
487 612 1
487 979 1
488 519 1
489 533 1
489 585 1
489 753 1
489 786 1
489 838 1
489 873 1
489 875 1
489 884 1
489 933 1
489 961 1
490 532 1
490 537 1
490 774 1
491 680 1
492 529 1
492 833 1
492 887 1
492 944 1
492 965 1
493 580 1
493 616 1
493 729 1
493 742 1
493 947 1
493 984 1
494 710 1
494 720 1
495 583 1
495 654 1
495 897 1
495 968 1
496 908 1
497 745 1
497 778 1
497 791 1
497 808 1
497 829 1
497 904 1
498 521 1
498 668 1
498 761 1
499 718 1
499 831 1
501 878 1
501 892 1
504 949 1
505 679 1
506 626 1
506 778 1
507 660 1
508 530 1
508 682 1
508 691 1
510 828 1
511 596 1
512 672 1
512 839 1
513 605 1
513 664 1
513 966 1
514 800 1
515 556 1
516 704 1
516 803 1
516 876 1
516 918 1
518 989 1
521 671 1
522 549 1
522 687 1
522 772 1
522 805 1
522 863 1
523 760 1
524 715 1
524 870 1
525 776 1
525 779 1
525 852 1
526 848 1
527 688 1
527 766 1
528 611 1
530 618 1
530 766 1
530 797 1
530 891 1
530 954 1
531 551 1
531 615 1
534 735 1
534 827 1
535 703 1
535 822 1
535 867 1
535 966 1
536 655 1
536 970 1
537 564 1
537 701 1
537 988 1
539 567 1
539 771 1
540 650 1
540 729 1
540 828 1
541 606 1
542 548 1
542 896 1
543 642 1
544 777 1
544 948 1
545 578 1
548 771 1
549 588 1
549 633 1
549 928 1
549 941 1
550 728 1
551 774 1
551 856 1
552 779 1
552 998 1
554 626 1
554 949 1
555 670 1
555 904 1
556 994 1
558 573 1
558 682 1
558 794 1
558 986 1
559 633 1
560 776 1
562 627 1
562 846 1
563 651 1
563 743 1
563 817 1
563 848 1
563 886 1
563 927 1
563 932 1
564 670 1
564 827 1
564 895 1
565 675 1
566 762 1
567 585 1
567 973 1
568 582 1
568 769 1
568 925 1
568 975 1
569 613 1
569 981 1
570 816 1
571 661 1
571 666 1
571 849 1
572 623 1
573 777 1
574 895 1
575 755 1
577 810 1
577 834 1
578 726 1
578 853 1
579 600 1
579 801 1
581 980 1
582 705 1
582 882 1
585 598 1
585 703 1
585 748 1
589 974 1
589 977 1
590 599 1
590 636 1
590 685 1
590 746 1
590 823 1
591 635 1
591 742 1
591 840 1
592 790 1
592 946 1
593 598 1
594 836 1
595 759 1
595 974 1
596 687 1
597 693 1
597 759 1
597 927 1
598 631 1
598 643 1
598 681 1
598 815 1
599 605 1
600 898 1
601 692 1
601 947 1
602 767 1
603 619 1
603 758 1
603 931 1
603 957 1
603 962 1
604 754 1
605 616 1
605 636 1
605 824 1
605 921 1
606 782 1
606 901 1
607 740 1
608 720 1
610 650 1
610 690 1
610 852 1
612 631 1
612 973 1
612 992 1
614 758 1
614 905 1
615 648 1
615 830 1
615 975 1
616 707 1
617 784 1
618 780 1
619 696 1
619 980 1
625 950 1
626 659 1
626 762 1
627 665 1
627 762 1
628 774 1
628 841 1
629 885 1
630 905 1
630 926 1
631 750 1
633 673 1
633 717 1
633 960 1
633 963 1
634 820 1
634 870 1
634 946 1
635 738 1
638 668 1
638 788 1
638 794 1
639 656 1
639 760 1
640 664 1
641 726 1
641 956 1
644 709 1
646 891 1
647 946 1
648 701 1
649 954 1
650 804 1
651 849 1
651 934 1
652 782 1
653 668 1
654 740 1
656 735 1
657 674 1
657 819 1
658 876 1
659 850 1
659 972 1
660 829 1
661 907 1
662 744 1
662 767 1
665 995 1
666 833 1
666 963 1
667 928 1
668 692 1
668 936 1
670 733 1
671 759 1
672 748 1
673 965 1
674 998 1
675 985 1
676 776 1
682 856 1
685 724 1
685 770 1
687 887 1
688 720 1
688 909 1
690 834 1
690 994 1
691 764 1
694 798 1
695 847 1
695 914 1
695 936 1
695 959 1
698 994 1
699 717 1
699 745 1
699 765 1
699 864 1
699 868 1
700 776 1
700 808 1
700 888 1
700 940 1
701 820 1
703 861 1
704 930 1
704 983 1
705 844 1
705 876 1
705 966 1
706 780 1
708 774 1
711 734 1
712 990 1
713 718 1
714 800 1
714 833 1
718 934 1
719 737 1
719 901 1
720 803 1
723 788 1
726 946 1
726 991 1
727 920 1
729 785 1
729 944 1
729 986 1
731 825 1
732 956 1
733 769 1
735 896 1
738 922 1
739 830 1
741 924 1
743 760 1
743 848 1
743 881 1
745 767 1
745 808 1
745 960 1
745 997 1
746 773 1
747 837 1
747 911 1
748 876 1
750 826 1
750 958 1
756 809 1
759 761 1
759 948 1
759 989 1
761 850 1
761 901 1
761 958 1
771 932 1
771 938 1
772 900 1
772 915 1
773 890 1
776 915 1
776 952 1
778 944 1
782 809 1
784 870 1
785 893 1
790 957 1
790 983 1
795 834 1
797 854 1
797 968 1
798 894 1
801 912 1
801 913 1
803 890 1
803 943 1
805 888 1
808 891 1
809 823 1
810 868 1
812 894 1
815 860 1
815 965 1
817 854 1
817 940 1
817 978 1
818 937 1
827 889 1
827 994 1
832 883 1
840 882 1
841 993 1
847 963 1
849 898 1
850 907 1
855 873 1
861 939 1
865 970 1
866 916 1
868 876 1
882 899 1
886 932 1
888 942 1
889 897 1
892 982 1
896 942 1
899 955 1
904 906 1
906 919 1
908 949 1
910 978 1
916 943 1
917 998 1
918 930 1
919 999 1
922 980 1
928 984 1
933 958 1
940 955 1
942 956 1
942 962 1
950 981 1
953 954 1
955 969 1
