1000 4975
1 2 1
1 3 1
1 4 1
1 5 1
1 6 1
1 7 1
1 8 1
1 9 1
1 10 1
1 11 1
1 13 1
1 14 1
1 16 1
1 17 1
1 19 1
1 21 1
1 22 1
1 23 1
1 24 1
1 26 1
1 28 1
1 30 1
1 31 1
1 32 1
1 34 1
1 36 1
1 38 1
1 41 1
1 47 1
1 49 1
1 50 1
1 52 1
1 53 1
1 55 1
1 56 1
1 60 1
1 71 1
1 73 1
1 79 1
1 80 1
1 82 1
1 83 1
1 90 1
1 93 1
1 99 1
1 104 1
1 107 1
1 122 1
1 123 1
1 127 1
1 129 1
1 136 1
1 138 1
1 150 1
1 156 1
1 159 1
1 162 1
1 163 1
1 168 1
1 175 1
1 183 1
1 197 1
1 198 1
1 199 1
1 207 1
1 208 1
1 211 1
1 213 1
1 222 1
1 237 1
1 247 1
1 252 1
1 272 1
1 276 1
1 283 1
1 291 1
1 312 1
1 319 1
1 342 1
1 359 1
1 362 1
1 363 1
1 364 1
1 367 1
1 371 1
1 374 1
1 375 1
1 376 1
1 382 1
1 385 1
1 392 1
1 393 1
1 395 1
1 405 1
1 426 1
1 428 1
1 435 1
1 466 1
1 472 1
1 474 1
1 489 1
1 503 1
1 509 1
1 515 1
1 518 1
1 520 1
1 561 1
1 567 1
1 595 1
1 601 1
1 625 1
1 631 1
1 636 1
1 657 1
1 661 1
1 662 1
1 679 1
1 695 1
1 696 1
1 699 1
1 709 1
1 745 1
1 766 1
1 779 1
1 786 1
1 788 1
1 842 1
1 861 1
1 866 1
1 878 1
1 891 1
1 899 1
1 925 1
1 931 1
1 948 1
1 950 1
1 962 1
1 971 1
1 983 1
1 988 1
1 989 1
2 7 1
2 8 1
2 27 1
2 35 1
2 62 1
2 147 1
2 219 1
2 303 1
2 317 1
2 606 1
2 637 1
2 814 1
2 845 1
2 874 1
3 7 1
3 8 1
3 9 1
3 10 1
3 12 1
3 14 1
3 15 1
3 16 1
3 19 1
3 21 1
3 25 1
3 29 1
3 33 1
3 37 1
3 66 1
3 89 1
3 95 1
3 99 1
3 103 1
3 107 1
3 139 1
3 167 1
3 189 1
3 223 1
3 245 1
3 257 1
3 268 1
3 307 1
3 319 1
3 377 1
3 391 1
3 392 1
3 424 1
3 426 1
3 453 1
3 481 1
3 510 1
3 512 1
3 527 1
3 541 1
3 557 1
3 569 1
3 593 1
3 635 1
3 652 1
3 653 1
3 676 1
3 719 1
3 722 1
3 747 1
3 753 1
3 812 1
3 844 1
3 868 1
3 874 1
3 875 1
3 887 1
3 976 1
4 7 1
4 12 1
4 13 1
4 14 1
4 16 1
4 18 1
4 20 1
4 22 1
4 23 1
4 24 1
4 31 1
4 40 1
4 41 1
4 48 1
4 50 1
4 55 1
4 60 1
4 75 1
4 80 1
4 91 1
4 100 1
4 130 1
4 135 1
4 174 1
4 181 1
4 192 1
4 218 1
4 252 1
4 271 1
4 284 1
4 298 1
4 299 1
4 307 1
4 322 1
4 334 1
4 335 1
4 354 1
4 370 1
4 406 1
4 422 1
4 423 1
4 429 1
4 450 1
4 509 1
4 522 1
4 524 1
4 532 1
4 553 1
4 572 1
4 585 1
4 593 1
4 622 1
4 630 1
4 633 1
4 672 1
4 675 1
4 684 1
4 688 1
4 712 1
4 776 1
4 792 1
4 801 1
4 813 1
4 819 1
4 846 1
4 863 1
4 874 1
4 904 1
4 931 1
4 936 1
4 959 1
4 975 1
5 9 1
5 12 1
5 13 1
5 81 1
5 82 1
5 105 1
5 257 1
5 272 1
5 379 1
5 384 1
5 673 1
5 978 1
6 7 1
6 8 1
6 10 1
6 11 1
6 13 1
6 14 1
6 18 1
6 25 1
6 27 1
6 28 1
6 30 1
6 34 1
6 38 1
6 39 1
6 40 1
6 41 1
6 43 1
6 46 1
6 54 1
6 57 1
6 63 1
6 66 1
6 77 1
6 79 1
6 83 1
6 86 1
6 88 1
6 92 1
6 108 1
6 109 1
6 113 1
6 145 1
6 146 1
6 154 1
6 175 1
6 177 1
6 208 1
6 209 1
6 212 1
6 215 1
6 235 1
6 240 1
6 255 1
6 265 1
6 289 1
6 290 1
6 294 1
6 317 1
6 332 1
6 354 1
6 367 1
6 376 1
6 388 1
6 418 1
6 423 1
6 428 1
6 431 1
6 436 1
6 441 1
6 463 1
6 465 1
6 502 1
6 539 1
6 549 1
6 617 1
6 625 1
6 629 1
6 636 1
6 659 1
6 665 1
6 714 1
6 724 1
6 737 1
6 795 1
6 809 1
6 855 1
6 863 1
6 883 1
6 890 1
6 961 1
6 997 1
7 8 1
7 9 1
7 10 1
7 11 1
7 17 1
7 20 1
7 21 1
7 23 1
7 30 1
7 32 1
7 38 1
7 42 1
7 46 1
7 48 1
7 49 1
7 60 1
7 66 1
7 67 1
7 72 1
7 79 1
7 83 1
7 87 1
7 95 1
7 105 1
7 110 1
7 118 1
7 122 1
7 129 1
7 150 1
7 154 1
7 158 1
7 171 1
7 185 1
7 187 1
7 188 1
7 203 1
7 215 1
7 239 1
7 247 1
7 253 1
7 265 1
7 268 1
7 269 1
7 284 1
7 287 1
7 306 1
7 325 1
7 327 1
7 331 1
7 349 1
7 356 1
7 360 1
7 375 1
7 421 1
7 424 1
7 438 1
7 440 1
7 445 1
7 469 1
7 481 1
7 482 1
7 512 1
7 519 1
7 589 1
7 594 1
7 600 1
7 606 1
7 608 1
7 610 1
7 671 1
7 683 1
7 685 1
7 692 1
7 723 1
7 746 1
7 747 1
7 754 1
7 782 1
7 796 1
7 804 1
7 813 1
7 819 1
7 825 1
7 826 1
7 851 1
7 898 1
7 900 1
7 902 1
7 933 1
8 9 1
8 11 1
8 12 1
8 16 1
8 17 1
8 18 1
8 19 1
8 24 1
8 32 1
8 38 1
8 39 1
8 47 1
8 48 1
8 57 1
8 59 1
8 72 1
8 81 1
8 82 1
8 101 1
8 115 1
8 117 1
8 125 1
8 129 1
8 134 1
8 137 1
8 154 1
8 166 1
8 198 1
8 213 1
8 254 1
8 281 1
8 304 1
8 339 1
8 342 1
8 353 1
8 411 1
8 428 1
8 472 1
8 477 1
8 509 1
8 564 1
8 576 1
8 613 1
8 614 1
8 621 1
8 642 1
8 693 1
8 698 1
8 719 1
8 754 1
8 763 1
8 823 1
8 844 1
8 849 1
8 854 1
8 897 1
8 910 1
8 924 1
8 1000 1
9 10 1
9 12 1
9 15 1
9 20 1
9 24 1
9 25 1
9 26 1
9 30 1
9 33 1
9 39 1
9 40 1
9 42 1
9 43 1
9 55 1
9 56 1
9 57 1
9 60 1
9 62 1
9 63 1
9 65 1
9 68 1
9 69 1
9 80 1
9 84 1
9 85 1
9 94 1
9 105 1
9 108 1
9 109 1
9 111 1
9 119 1
9 125 1
9 128 1
9 131 1
9 144 1
9 157 1
9 160 1
9 170 1
9 178 1
9 180 1
9 183 1
9 184 1
9 191 1
9 241 1
9 248 1
9 264 1
9 267 1
9 270 1
9 285 1
9 290 1
9 295 1
9 311 1
9 312 1
9 316 1
9 366 1
9 369 1
9 377 1
9 386 1
9 387 1
9 413 1
9 419 1
9 440 1
9 447 1
9 466 1
9 467 1
9 470 1
9 530 1
9 562 1
9 598 1
9 613 1
9 626 1
9 629 1
9 641 1
9 660 1
9 670 1
9 687 1
9 712 1
9 729 1
9 734 1
9 776 1
9 785 1
9 786 1
9 789 1
9 790 1
9 794 1
9 822 1
9 872 1
9 877 1
9 924 1
9 931 1
9 932 1
9 967 1
9 968 1
10 11 1
10 15 1
10 16 1
10 17 1
10 18 1
10 19 1
10 21 1
10 27 1
10 33 1
10 36 1
10 50 1
10 58 1
10 61 1
10 65 1
10 69 1
10 77 1
10 82 1
10 93 1
10 121 1
10 125 1
10 128 1
10 130 1
10 145 1
10 150 1
10 152 1
10 179 1
10 210 1
10 217 1
10 228 1
10 264 1
10 288 1
10 295 1
10 296 1
10 297 1
10 332 1
10 383 1
10 407 1
10 437 1
10 443 1
10 446 1
10 481 1
10 500 1
10 507 1
10 513 1
10 521 1
10 581 1
10 605 1
10 662 1
10 756 1
10 788 1
10 805 1
10 817 1
10 829 1
10 832 1
10 872 1
10 948 1
10 972 1
11 13 1
11 14 1
11 20 1
11 21 1
11 23 1
11 24 1
11 28 1
11 36 1
11 40 1
11 44 1
11 49 1
11 52 1
11 64 1
11 82 1
11 94 1
11 100 1
11 109 1
11 118 1
11 125 1
11 187 1
11 188 1
11 189 1
11 196 1
11 206 1
11 250 1
11 288 1
11 291 1
11 293 1
11 388 1
11 409 1
11 433 1
11 461 1
11 492 1
11 504 1
11 506 1
11 528 1
11 556 1
11 577 1
11 615 1
11 628 1
11 642 1
11 646 1
11 656 1
11 679 1
11 680 1
11 743 1
11 815 1
11 862 1
11 868 1
11 879 1
11 935 1
11 949 1
11 953 1
11 960 1
12 17 1
12 19 1
12 29 1
12 32 1
12 33 1
12 41 1
12 49 1
12 56 1
12 70 1
12 81 1
12 95 1
12 96 1
12 108 1
12 141 1
12 172 1
12 187 1
12 207 1
12 210 1
12 238 1
12 239 1
12 249 1
12 291 1
12 305 1
12 403 1
12 408 1
12 449 1
12 452 1
12 502 1
12 531 1
12 533 1
12 539 1
12 550 1
12 611 1
12 624 1
12 679 1
12 741 1
12 829 1
12 872 1
12 901 1
12 942 1
12 968 1
13 15 1
13 25 1
13 35 1
13 43 1
13 58 1
13 63 1
13 64 1
13 67 1
13 68 1
13 89 1
13 96 1
13 119 1
13 124 1
13 126 1
13 128 1
13 131 1
13 137 1
13 155 1
13 157 1
13 197 1
13 198 1
13 216 1
13 225 1
13 242 1
13 277 1
13 337 1
13 375 1
13 401 1
13 412 1
13 416 1
13 430 1
13 447 1
13 452 1
13 453 1
13 470 1
13 472 1
13 501 1
13 529 1
13 565 1
13 588 1
13 590 1
13 605 1
13 669 1
13 702 1
13 741 1
13 813 1
13 848 1
13 953 1
13 982 1
14 15 1
14 22 1
14 28 1
14 29 1
14 40 1
14 47 1
14 51 1
14 57 1
14 68 1
14 84 1
14 90 1
14 101 1
14 102 1
14 106 1
14 113 1
14 123 1
14 161 1
14 178 1
14 195 1
14 204 1
14 215 1
14 216 1
14 228 1
14 254 1
14 305 1
14 321 1
14 327 1
14 377 1
14 402 1
14 404 1
14 405 1
14 500 1
14 516 1
14 574 1
14 618 1
14 619 1
14 626 1
14 650 1
14 743 1
14 824 1
14 834 1
14 843 1
14 922 1
14 945 1
14 990 1
14 992 1
15 26 1
15 27 1
15 28 1
15 39 1
15 45 1
15 46 1
15 78 1
15 91 1
15 108 1
15 110 1
15 143 1
15 157 1
15 159 1
15 160 1
15 165 1
15 170 1
15 174 1
15 181 1
15 188 1
15 221 1
15 233 1
15 234 1
15 237 1
15 248 1
15 257 1
15 263 1
15 278 1
15 373 1
15 378 1
15 387 1
15 399 1
15 402 1
15 407 1
15 432 1
15 438 1
15 448 1
15 507 1
15 551 1
15 557 1
15 591 1
15 615 1
15 639 1
15 654 1
15 681 1
15 749 1
15 769 1
15 792 1
15 810 1
15 852 1
15 876 1
15 891 1
15 953 1
15 985 1
16 18 1
16 20 1
16 22 1
16 26 1
16 45 1
16 48 1
16 117 1
16 126 1
16 133 1
16 135 1
16 140 1
16 142 1
16 144 1
16 177 1
16 197 1
16 202 1
16 243 1
16 246 1
16 314 1
16 349 1
16 385 1
16 417 1
16 437 1
16 458 1
16 467 1
16 475 1
16 489 1
16 518 1
16 519 1
16 539 1
16 635 1
16 646 1
16 684 1
16 694 1
16 717 1
16 805 1
16 835 1
16 913 1
16 961 1
17 22 1
17 25 1
17 26 1
17 34 1
17 35 1
17 39 1
17 45 1
17 46 1
17 47 1
17 51 1
17 53 1
17 54 1
17 59 1
17 61 1
17 62 1
17 64 1
17 65 1
17 77 1
17 80 1
17 81 1
17 92 1
17 99 1
17 135 1
17 149 1
17 156 1
17 180 1
17 191 1
17 198 1
17 217 1
17 219 1
17 236 1
17 256 1
17 267 1
17 271 1
17 279 1
17 285 1
17 293 1
17 296 1
17 298 1
17 308 1
17 323 1
17 325 1
17 332 1
17 344 1
17 358 1
17 368 1
17 376 1
17 378 1
17 380 1
17 382 1
17 428 1
17 442 1
17 459 1
17 487 1
17 495 1
17 504 1
17 509 1
17 563 1
17 567 1
17 594 1
17 603 1
17 632 1
17 635 1
17 637 1
17 655 1
17 686 1
17 687 1
17 697 1
17 704 1
17 708 1
17 720 1
17 757 1
17 764 1
17 797 1
17 838 1
17 863 1
17 865 1
17 952 1
17 977 1
17 978 1
18 30 1
18 50 1
18 54 1
18 87 1
18 114 1
18 151 1
18 168 1
18 202 1
18 220 1
18 244 1
18 291 1
18 324 1
18 356 1
18 390 1
18 423 1
18 424 1
18 468 1
18 471 1
18 475 1
18 550 1
18 883 1
18 912 1
19 41 1
19 61 1
19 112 1
19 165 1
19 202 1
19 220 1
19 348 1
19 356 1
19 554 1
19 568 1
19 585 1
19 691 1
19 710 1
19 730 1
19 959 1
20 31 1
20 34 1
20 45 1
20 55 1
20 56 1
20 63 1
20 76 1
20 87 1
20 121 1
20 139 1
20 145 1
20 165 1
20 171 1
20 174 1
20 175 1
20 188 1
20 200 1
20 204 1
20 213 1
20 222 1
20 280 1
20 283 1
20 293 1
20 337 1
20 357 1
20 403 1
20 411 1
20 439 1
20 444 1
20 450 1
20 490 1
20 510 1
20 526 1
20 533 1
20 565 1
20 587 1
20 629 1
20 740 1
20 762 1
20 779 1
20 803 1
20 810 1
20 818 1
20 837 1
20 867 1
20 879 1
20 904 1
20 910 1
20 927 1
20 938 1
20 967 1
20 970 1
21 111 1
21 148 1
21 275 1
21 279 1
21 369 1
21 403 1
21 408 1
21 530 1
21 535 1
21 565 1
21 596 1
21 647 1
21 668 1
21 763 1
21 845 1
21 850 1
21 985 1
22 23 1
22 43 1
22 44 1
22 47 1
22 102 1
22 118 1
22 123 1
22 127 1
22 175 1
22 178 1
22 190 1
22 194 1
22 215 1
22 236 1
22 245 1
22 247 1
22 310 1
22 328 1
22 335 1
22 355 1
22 370 1
22 397 1
22 454 1
22 461 1
22 467 1
22 493 1
22 505 1
22 507 1
22 535 1
22 601 1
22 638 1
22 647 1
22 665 1
22 699 1
22 713 1
22 731 1
22 746 1
22 769 1
22 795 1
22 807 1
22 929 1
22 998 1
23 27 1
23 29 1
23 37 1
23 72 1
23 77 1
23 99 1
23 120 1
23 134 1
23 167 1
23 171 1
23 183 1
23 241 1
23 357 1
23 365 1
23 422 1
23 462 1
23 644 1
23 744 1
23 778 1
23 812 1
23 818 1
24 31 1
24 36 1
24 61 1
24 66 1
24 70 1
24 74 1
24 87 1
24 100 1
24 104 1
24 115 1
24 124 1
24 155 1
24 185 1
24 189 1
24 270 1
24 296 1
24 330 1
24 336 1
24 427 1
24 439 1
24 492 1
24 515 1
24 526 1
24 537 1
24 570 1
24 620 1
24 628 1
24 634 1
24 678 1
24 741 1
24 811 1
24 813 1
24 835 1
24 851 1
24 975 1
25 31 1
25 37 1
25 44 1
25 61 1
25 102 1
25 103 1
25 112 1
25 113 1
25 149 1
25 200 1
25 235 1
25 278 1
25 296 1
25 330 1
25 471 1
25 554 1
25 630 1
25 632 1
25 652 1
25 670 1
25 835 1
25 853 1
25 867 1
25 905 1
25 996 1
26 29 1
26 33 1
26 42 1
26 43 1
26 48 1
26 51 1
26 53 1
26 59 1
26 73 1
26 95 1
26 120 1
26 121 1
26 130 1
26 137 1
26 140 1
26 148 1
26 164 1
26 186 1
26 195 1
26 225 1
26 233 1
26 285 1
26 292 1
26 334 1
26 404 1
26 449 1
26 496 1
26 547 1
26 560 1
26 574 1
26 604 1
26 613 1
26 618 1
26 649 1
26 664 1
26 721 1
26 734 1
26 846 1
27 104 1
27 146 1
27 262 1
27 328 1
27 341 1
27 370 1
27 483 1
27 706 1
27 828 1
28 32 1
28 35 1
28 37 1
28 74 1
28 78 1
28 97 1
28 122 1
28 151 1
28 157 1
28 193 1
28 196 1
28 203 1
28 211 1
28 226 1
28 235 1
28 244 1
28 286 1
28 371 1
28 372 1
28 386 1
28 424 1
28 490 1
28 506 1
28 511 1
28 566 1
28 589 1
28 665 1
28 733 1
28 756 1
28 865 1
28 997 1
29 36 1
29 42 1
29 65 1
29 71 1
29 78 1
29 152 1
29 194 1
29 225 1
29 246 1
29 252 1
29 256 1
29 308 1
29 311 1
29 313 1
29 317 1
29 337 1
29 344 1
29 348 1
29 350 1
29 382 1
29 399 1
29 468 1
29 524 1
29 644 1
29 775 1
29 787 1
29 803 1
29 821 1
29 830 1
29 850 1
29 975 1
30 73 1
30 155 1
30 189 1
30 214 1
30 234 1
30 477 1
30 791 1
30 827 1
30 833 1
31 35 1
31 52 1
31 67 1
31 85 1
31 86 1
31 96 1
31 119 1
31 122 1
31 232 1
31 233 1
31 253 1
31 290 1
31 310 1
31 347 1
31 491 1
31 502 1
31 575 1
31 641 1
31 644 1
31 651 1
31 656 1
31 690 1
31 742 1
31 779 1
31 806 1
31 836 1
31 905 1
31 978 1
32 34 1
32 37 1
32 38 1
32 42 1
32 46 1
32 53 1
32 58 1
32 66 1
32 77 1
32 79 1
32 93 1
32 95 1
32 96 1
32 98 1
32 103 1
32 105 1
32 120 1
32 131 1
32 133 1
32 134 1
32 148 1
32 158 1
32 159 1
32 167 1
32 176 1
32 177 1
32 204 1
32 216 1
32 230 1
32 233 1
32 257 1
32 260 1
32 265 1
32 277 1
32 299 1
32 308 1
32 309 1
32 318 1
32 336 1
32 339 1
32 346 1
32 348 1
32 352 1
32 365 1
32 401 1
32 409 1
32 414 1
32 472 1
32 476 1
32 489 1
32 491 1
32 493 1
32 497 1
32 512 1
32 546 1
32 560 1
32 564 1
32 596 1
32 602 1
32 687 1
32 738 1
32 748 1
32 754 1
32 758 1
32 807 1
32 831 1
32 877 1
32 889 1
32 917 1
32 934 1
32 935 1
32 936 1
32 937 1
32 939 1
32 954 1
32 955 1
33 59 1
33 65 1
33 69 1
33 74 1
33 94 1
33 134 1
33 138 1
33 249 1
33 271 1
33 291 1
33 309 1
33 326 1
33 338 1
33 399 1
33 447 1
33 511 1
33 554 1
33 572 1
33 648 1
33 688 1
33 809 1
33 812 1
33 939 1
33 943 1
34 68 1
34 304 1
34 364 1
34 383 1
34 391 1
34 449 1
34 535 1
34 545 1
34 615 1
34 639 1
34 822 1
34 841 1
35 90 1
35 116 1
35 137 1
35 173 1
35 186 1
35 222 1
35 396 1
35 419 1
35 479 1
35 515 1
35 529 1
35 834 1
35 951 1
36 53 1
36 56 1
36 57 1
36 64 1
36 70 1
36 85 1
36 96 1
36 162 1
36 164 1
36 203 1
36 212 1
36 293 1
36 305 1
36 366 1
36 413 1
36 439 1
36 493 1
36 494 1
36 533 1
36 542 1
36 650 1
36 666 1
36 739 1
36 749 1
36 787 1
36 837 1
36 863 1
36 870 1
36 881 1
36 974 1
37 44 1
37 89 1
37 106 1
37 156 1
37 179 1
37 250 1
37 325 1
37 444 1
37 556 1
37 569 1
37 617 1
37 765 1
37 808 1
37 964 1
37 988 1
38 50 1
38 54 1
38 59 1
38 60 1
38 62 1
38 84 1
38 98 1
38 103 1
38 104 1
38 126 1
38 144 1
38 153 1
38 161 1
38 220 1
38 240 1
38 326 1
38 378 1
38 405 1
38 460 1
38 507 1
38 973 1
39 49 1
39 69 1
39 74 1
39 94 1
39 116 1
39 190 1
39 193 1
39 195 1
39 204 1
39 206 1
39 210 1
39 234 1
39 240 1
39 251 1
39 338 1
39 345 1
39 354 1
39 356 1
39 383 1
39 401 1
39 459 1
39 519 1
39 604 1
39 616 1
39 671 1
39 691 1
39 722 1
39 728 1
39 785 1
39 801 1
39 803 1
39 893 1
39 971 1
39 983 1
40 54 1
40 55 1
40 85 1
40 91 1
40 120 1
40 127 1
40 140 1
40 161 1
40 167 1
40 213 1
40 242 1
40 259 1
40 264 1
40 275 1
40 307 1
40 340 1
40 379 1
40 685 1
40 826 1
40 830 1
40 868 1
40 911 1
40 912 1
40 987 1
41 45 1
41 64 1
41 67 1
41 97 1
41 125 1
41 168 1
41 180 1
41 229 1
41 237 1
41 239 1
41 300 1
41 302 1
41 410 1
41 425 1
41 458 1
41 552 1
41 575 1
41 750 1
41 751 1
41 802 1
41 803 1
41 865 1
41 899 1
41 935 1
41 962 1
42 58 1
42 138 1
42 144 1
42 150 1
42 162 1
42 179 1
42 224 1
42 266 1
42 307 1
42 397 1
42 503 1
42 514 1
42 658 1
42 694 1
42 866 1
42 887 1
43 44 1
43 88 1
43 132 1
43 158 1
43 163 1
43 251 1
43 300 1
43 324 1
43 489 1
43 495 1
43 529 1
43 531 1
43 554 1
43 691 1
43 770 1
43 939 1
43 945 1
44 51 1
44 84 1
44 88 1
44 115 1
44 227 1
44 276 1
44 312 1
44 412 1
44 474 1
44 476 1
44 486 1
44 558 1
44 736 1
44 828 1
45 204 1
45 231 1
45 261 1
45 372 1
45 534 1
45 606 1
45 646 1
45 674 1
45 679 1
45 742 1
45 888 1
45 906 1
45 909 1
45 918 1
46 51 1
46 52 1
46 63 1
46 102 1
46 112 1
46 116 1
46 184 1
46 199 1
46 283 1
46 315 1
46 336 1
46 343 1
46 346 1
46 416 1
46 444 1
46 561 1
46 571 1
46 576 1
46 585 1
46 695 1
46 763 1
46 768 1
46 793 1
46 862 1
46 898 1
47 107 1
47 118 1
47 126 1
47 127 1
47 140 1
47 184 1
47 217 1
47 236 1
47 276 1
47 279 1
47 285 1
47 294 1
47 306 1
47 419 1
47 435 1
47 448 1
47 480 1
47 525 1
47 535 1
47 566 1
47 656 1
47 688 1
47 726 1
47 787 1
47 793 1
47 865 1
47 893 1
47 926 1
47 927 1
47 935 1
47 979 1
48 90 1
48 106 1
48 228 1
48 235 1
48 259 1
48 272 1
48 520 1
48 710 1
48 718 1
48 744 1
48 895 1
49 71 1
49 72 1
49 242 1
49 262 1
49 284 1
49 288 1
49 453 1
49 639 1
49 686 1
49 714 1
49 720 1
49 783 1
50 110 1
50 145 1
50 208 1
50 212 1
50 218 1
50 262 1
50 421 1
50 481 1
50 551 1
50 601 1
50 911 1
51 52 1
51 74 1
51 97 1
51 158 1
51 163 1
51 188 1
51 254 1
51 267 1
51 384 1
51 523 1
51 546 1
51 567 1
51 761 1
51 808 1
51 820 1
51 956 1
51 985 1
52 133 1
52 194 1
52 315 1
52 711 1
52 722 1
52 740 1
52 759 1
52 860 1
52 889 1
53 70 1
53 132 1
53 151 1
53 172 1
53 197 1
53 478 1
53 550 1
53 661 1
53 890 1
53 903 1
53 994 1
54 71 1
54 89 1
54 93 1
54 106 1
54 177 1
54 248 1
54 271 1
54 336 1
54 374 1
54 486 1
54 573 1
54 591 1
54 654 1
54 806 1
54 869 1
55 58 1
55 76 1
55 219 1
55 242 1
55 254 1
55 409 1
55 417 1
55 490 1
55 732 1
55 772 1
55 783 1
55 899 1
56 88 1
56 107 1
56 109 1
56 117 1
56 127 1
56 263 1
56 300 1
56 339 1
56 353 1
56 389 1
56 443 1
56 497 1
56 499 1
56 521 1
56 528 1
56 564 1
56 578 1
56 580 1
56 623 1
56 787 1
56 836 1
56 856 1
56 871 1
56 917 1
56 933 1
56 946 1
57 73 1
57 91 1
57 113 1
57 131 1
57 136 1
57 170 1
57 232 1
57 261 1
57 435 1
57 474 1
57 592 1
57 602 1
57 607 1
57 650 1
57 668 1
57 708 1
57 940 1
58 86 1
58 119 1
58 147 1
58 155 1
58 193 1
58 227 1
58 330 1
58 363 1
58 373 1
58 398 1
58 448 1
58 455 1
58 501 1
58 538 1
58 552 1
58 569 1
58 587 1
58 658 1
58 663 1
58 683 1
58 693 1
58 738 1
58 751 1
58 779 1
58 862 1
58 977 1
58 991 1
59 62 1
59 75 1
59 76 1
59 133 1
59 136 1
59 163 1
59 187 1
59 211 1
59 316 1
59 391 1
59 402 1
59 442 1
59 583 1
59 678 1
59 817 1
59 950 1
60 67 1
60 75 1
60 76 1
60 94 1
60 114 1
60 137 1
60 147 1
60 231 1
60 352 1
60 458 1
60 573 1
60 724 1
60 771 1
61 75 1
61 116 1
61 155 1
61 174 1
61 200 1
61 417 1
61 466 1
61 530 1
61 586 1
61 638 1
61 955 1
61 957 1
62 70 1
62 72 1
62 76 1
62 111 1
62 142 1
62 143 1
62 173 1
62 220 1
62 274 1
62 304 1
62 334 1
62 338 1
62 366 1
62 442 1
62 504 1
62 510 1
62 514 1
62 516 1
62 558 1
62 562 1
62 578 1
62 582 1
62 588 1
62 609 1
62 650 1
62 664 1
62 680 1
62 682 1
62 689 1
62 757 1
62 781 1
62 853 1
62 953 1
62 960 1
63 69 1
63 124 1
63 149 1
63 201 1
63 224 1
63 227 1
63 238 1
63 282 1
63 310 1
63 313 1
63 331 1
63 336 1
63 371 1
63 389 1
63 433 1
63 685 1
63 709 1
63 847 1
63 852 1
63 968 1
64 83 1
64 92 1
64 97 1
64 111 1
64 112 1
64 153 1
64 226 1
64 241 1
64 245 1
64 248 1
64 266 1
64 287 1
64 298 1
64 352 1
64 373 1
64 387 1
64 434 1
64 526 1
64 575 1
64 611 1
64 720 1
64 760 1
64 774 1
64 778 1
64 842 1
64 881 1
64 955 1
65 71 1
65 132 1
65 139 1
65 584 1
65 733 1
66 106 1
66 119 1
66 139 1
66 152 1
66 166 1
66 185 1
66 192 1
66 216 1
66 287 1
66 289 1
66 351 1
66 497 1
66 546 1
66 595 1
66 644 1
66 658 1
66 675 1
66 754 1
66 830 1
66 962 1
66 964 1
67 68 1
67 73 1
67 98 1
67 166 1
67 250 1
67 301 1
67 604 1
67 742 1
67 788 1
67 870 1
67 886 1
67 896 1
68 83 1
68 132 1
68 138 1
68 273 1
68 377 1
68 392 1
68 467 1
68 551 1
68 672 1
68 940 1
69 85 1
69 190 1
69 214 1
69 405 1
69 655 1
69 915 1
70 92 1
70 173 1
70 179 1
70 259 1
70 303 1
70 350 1
70 465 1
70 547 1
70 610 1
70 646 1
70 778 1
70 867 1
70 901 1
70 993 1
71 97 1
71 101 1
71 147 1
71 151 1
71 153 1
71 161 1
71 164 1
71 165 1
71 169 1
71 221 1
71 224 1
71 236 1
71 280 1
71 295 1
71 309 1
71 365 1
71 392 1
71 396 1
71 400 1
71 404 1
71 408 1
71 414 1
71 422 1
71 427 1
71 495 1
71 546 1
71 633 1
71 641 1
71 804 1
71 814 1
71 828 1
71 988 1
72 86 1
72 88 1
72 115 1
72 134 1
72 142 1
72 175 1
72 220 1
72 277 1
72 431 1
72 464 1
72 490 1
72 497 1
72 498 1
72 534 1
72 586 1
72 738 1
72 996 1
73 75 1
73 78 1
73 79 1
73 80 1
73 81 1
73 91 1
73 93 1
73 205 1
73 421 1
73 432 1
73 530 1
73 544 1
73 731 1
73 841 1
73 851 1
73 923 1
74 87 1
74 92 1
74 253 1
74 257 1
74 350 1
74 559 1
74 656 1
74 735 1
75 147 1
75 148 1
75 184 1
75 199 1
75 206 1
75 302 1
75 425 1
75 452 1
75 520 1
75 618 1
75 840 1
75 850 1
75 882 1
75 942 1
76 78 1
76 84 1
76 86 1
76 98 1
76 145 1
76 176 1
76 207 1
76 228 1
76 290 1
76 315 1
76 369 1
76 433 1
76 515 1
76 606 1
76 783 1
77 297 1
77 368 1
77 451 1
77 603 1
77 761 1
77 825 1
77 837 1
78 89 1
78 112 1
78 123 1
78 129 1
78 170 1
78 209 1
78 226 1
78 240 1
78 247 1
78 350 1
78 386 1
78 409 1
78 459 1
78 536 1
78 662 1
78 681 1
78 805 1
78 911 1
78 932 1
78 999 1
79 98 1
79 110 1
79 115 1
79 144 1
79 185 1
79 255 1
79 268 1
79 329 1
79 353 1
79 614 1
79 717 1
79 852 1
79 854 1
79 876 1
80 126 1
80 141 1
80 208 1
80 214 1
80 253 1
80 255 1
80 274 1
80 297 1
80 429 1
80 437 1
80 505 1
80 540 1
80 616 1
80 728 1
80 737 1
80 818 1
80 835 1
80 937 1
81 90 1
81 129 1
81 180 1
81 209 1
81 218 1
81 339 1
81 480 1
81 563 1
81 594 1
81 778 1
82 262 1
82 273 1
82 274 1
82 651 1
82 833 1
83 100 1
83 176 1
83 226 1
83 238 1
83 243 1
83 310 1
83 631 1
83 826 1
84 100 1
84 101 1
84 214 1
84 318 1
84 438 1
84 476 1
84 581 1
84 632 1
84 645 1
84 725 1
84 806 1
84 813 1
84 940 1
85 124 1
85 186 1
85 248 1
85 249 1
85 303 1
85 306 1
85 322 1
85 443 1
85 475 1
85 517 1
85 579 1
85 583 1
85 629 1
85 714 1
85 731 1
85 871 1
85 921 1
86 103 1
86 346 1
87 105 1
87 114 1
87 143 1
87 149 1
87 153 1
87 161 1
87 221 1
87 286 1
87 342 1
87 343 1
87 347 1
87 381 1
87 436 1
87 451 1
87 574 1
87 579 1
87 743 1
87 811 1
87 966 1
88 107 1
88 109 1
88 114 1
88 239 1
88 244 1
88 246 1
88 349 1
88 390 1
88 402 1
88 456 1
88 463 1
88 767 1
88 828 1
88 901 1
88 912 1
89 116 1
89 123 1
89 181 1
89 425 1
89 450 1
89 506 1
89 525 1
89 549 1
89 555 1
89 561 1
89 578 1
89 647 1
89 762 1
89 795 1
89 854 1
89 869 1
90 111 1
90 191 1
90 332 1
90 355 1
90 440 1
90 517 1
90 627 1
90 751 1
91 101 1
91 139 1
91 159 1
91 228 1
91 260 1
91 335 1
91 412 1
91 426 1
91 476 1
91 486 1
91 548 1
91 623 1
91 627 1
91 675 1
91 930 1
92 152 1
92 334 1
92 398 1
92 437 1
92 488 1
92 500 1
92 714 1
92 764 1
92 805 1
92 905 1
92 999 1
93 117 1
93 224 1
93 232 1
93 351 1
93 479 1
93 524 1
93 684 1
93 696 1
93 728 1
94 99 1
94 128 1
94 198 1
94 211 1
94 222 1
94 295 1
94 380 1
94 418 1
94 429 1
94 582 1
94 667 1
94 791 1
94 801 1
94 821 1
94 890 1
95 118 1
95 209 1
95 358 1
95 477 1
95 500 1
95 518 1
95 520 1
95 949 1
96 104 1
96 143 1
96 156 1
96 270 1
96 278 1
96 301 1
96 450 1
96 468 1
96 491 1
96 543 1
96 550 1
96 563 1
96 598 1
96 648 1
96 696 1
96 730 1
96 784 1
96 937 1
96 971 1
97 136 1
97 141 1
97 166 1
97 174 1
97 194 1
97 201 1
97 232 1
97 308 1
97 570 1
97 580 1
97 616 1
97 642 1
97 790 1
97 907 1
98 102 1
98 275 1
98 301 1
98 374 1
98 604 1
98 709 1
98 710 1
98 721 1
98 743 1
98 757 1
98 923 1
98 995 1
99 183 1
99 205 1
99 221 1
99 237 1
99 310 1
99 376 1
99 394 1
99 397 1
99 407 1
99 425 1
99 705 1
99 732 1
99 873 1
99 900 1
99 956 1
99 998 1
100 160 1
100 399 1
100 666 1
100 707 1
100 800 1
100 941 1
101 135 1
101 196 1
101 417 1
101 479 1
101 521 1
101 844 1
102 113 1
102 135 1
102 151 1
102 184 1
102 238 1
102 250 1
102 273 1
102 331 1
102 363 1
102 380 1
102 436 1
102 491 1
102 499 1
102 597 1
102 686 1
102 692 1
102 766 1
102 808 1
102 855 1
102 915 1
103 121 1
103 154 1
103 170 1
103 212 1
103 215 1
103 290 1
103 565 1
103 596 1
103 861 1
104 146 1
104 148 1
104 206 1
104 224 1
104 372 1
104 591 1
104 676 1
104 695 1
104 897 1
105 110 1
105 128 1
105 141 1
105 172 1
105 205 1
105 282 1
105 298 1
105 324 1
105 385 1
105 525 1
105 529 1
105 555 1
105 594 1
105 610 1
105 636 1
105 829 1
105 875 1
105 946 1
105 980 1
106 131 1
106 190 1
106 266 1
106 306 1
106 340 1
106 400 1
106 453 1
106 536 1
106 562 1
106 734 1
106 848 1
106 906 1
107 108 1
107 158 1
107 159 1
107 160 1
107 182 1
107 246 1
107 265 1
107 415 1
107 461 1
107 480 1
107 507 1
107 621 1
107 655 1
107 680 1
107 687 1
107 848 1
108 130 1
108 164 1
108 202 1
108 239 1
108 277 1
108 316 1
108 318 1
108 326 1
108 366 1
108 571 1
108 716 1
108 744 1
108 890 1
109 149 1
109 173 1
109 246 1
109 400 1
109 417 1
109 567 1
109 581 1
109 667 1
109 797 1
109 805 1
110 117 1
110 124 1
110 263 1
110 266 1
110 272 1
110 282 1
110 457 1
110 522 1
110 547 1
110 548 1
110 592 1
110 646 1
110 839 1
110 904 1
111 138 1
111 146 1
111 153 1
111 201 1
111 205 1
111 251 1
111 261 1
111 280 1
111 329 1
111 337 1
111 411 1
111 707 1
111 842 1
111 905 1
111 940 1
111 967 1
112 120 1
112 143 1
112 171 1
112 182 1
112 211 1
112 357 1
112 395 1
112 410 1
112 418 1
112 439 1
112 460 1
112 478 1
112 496 1
112 579 1
112 619 1
112 672 1
112 768 1
112 864 1
112 878 1
112 986 1
113 114 1
113 140 1
113 179 1
113 289 1
113 307 1
113 345 1
113 371 1
113 847 1
114 122 1
114 152 1
114 287 1
114 341 1
114 463 1
114 537 1
114 741 1
115 219 1
115 300 1
115 379 1
115 551 1
115 629 1
115 973 1
115 991 1
116 142 1
116 192 1
116 216 1
116 373 1
116 384 1
116 402 1
116 431 1
116 454 1
116 704 1
116 782 1
116 833 1
116 889 1
116 891 1
117 121 1
117 252 1
117 296 1
117 313 1
117 383 1
117 410 1
117 521 1
117 522 1
117 536 1
117 600 1
117 733 1
118 130 1
118 136 1
118 214 1
118 545 1
118 549 1
118 584 1
118 657 1
118 870 1
119 200 1
119 544 1
119 715 1
119 842 1
120 182 1
120 449 1
120 469 1
120 532 1
120 568 1
120 638 1
121 186 1
121 300 1
121 322 1
121 414 1
121 503 1
121 655 1
121 837 1
121 921 1
122 141 1
122 201 1
122 231 1
122 292 1
122 318 1
122 355 1
122 488 1
122 734 1
122 908 1
122 955 1
123 292 1
123 439 1
123 513 1
123 713 1
123 987 1
124 133 1
124 223 1
124 975 1
125 132 1
125 233 1
125 306 1
125 461 1
126 142 1
126 160 1
126 162 1
126 163 1
126 177 1
126 251 1
126 389 1
126 410 1
126 673 1
126 954 1
127 602 1
127 726 1
127 993 1
128 186 1
128 406 1
128 494 1
129 810 1
129 876 1
130 156 1
130 260 1
130 295 1
130 359 1
130 421 1
130 484 1
130 558 1
130 621 1
130 748 1
130 750 1
130 908 1
131 180 1
131 802 1
131 845 1
132 169 1
132 181 1
132 281 1
132 337 1
132 350 1
132 381 1
132 388 1
132 537 1
132 735 1
132 771 1
132 926 1
132 939 1
133 229 1
133 305 1
133 367 1
133 527 1
133 532 1
133 829 1
133 839 1
133 960 1
133 984 1
134 181 1
134 234 1
134 312 1
134 420 1
134 509 1
134 645 1
134 957 1
134 994 1
134 999 1
135 168 1
135 207 1
135 360 1
135 454 1
135 575 1
135 599 1
135 681 1
135 689 1
135 710 1
135 907 1
136 157 1
136 162 1
136 381 1
136 609 1
136 841 1
137 230 1
137 260 1
137 269 1
137 313 1
137 320 1
137 344 1
137 362 1
137 522 1
137 532 1
137 682 1
137 970 1
138 172 1
138 217 1
138 468 1
138 492 1
138 790 1
138 932 1
139 178 1
139 283 1
139 294 1
139 321 1
139 525 1
139 651 1
139 676 1
139 917 1
140 193 1
140 230 1
140 267 1
140 459 1
140 736 1
140 915 1
140 947 1
141 176 1
141 623 1
141 902 1
141 994 1
142 173 1
142 196 1
142 201 1
142 243 1
142 314 1
142 351 1
142 380 1
142 741 1
142 794 1
142 797 1
143 169 1
143 231 1
143 372 1
143 469 1
143 682 1
144 146 1
144 165 1
144 361 1
144 483 1
144 661 1
144 676 1
144 966 1
145 183 1
145 299 1
145 487 1
145 622 1
145 989 1
146 673 1
146 677 1
146 762 1
146 956 1
147 208 1
147 254 1
147 258 1
147 378 1
147 407 1
147 544 1
147 587 1
147 630 1
147 838 1
147 866 1
147 954 1
147 970 1
147 979 1
147 986 1
148 182 1
148 264 1
148 405 1
148 446 1
148 453 1
148 533 1
148 642 1
148 928 1
148 983 1
149 150 1
149 154 1
149 168 1
149 210 1
149 347 1
149 420 1
149 504 1
149 523 1
150 269 1
150 421 1
150 516 1
150 534 1
150 711 1
150 918 1
151 192 1
151 225 1
151 285 1
151 287 1
151 317 1
151 320 1
151 324 1
151 368 1
151 411 1
151 426 1
151 427 1
151 483 1
151 508 1
151 521 1
151 523 1
151 551 1
151 644 1
151 794 1
151 833 1
151 894 1
151 958 1
152 359 1
152 394 1
152 598 1
152 615 1
152 916 1
152 946 1
152 976 1
153 203 1
153 266 1
153 268 1
153 273 1
153 590 1
154 327 1
154 362 1
154 387 1
154 423 1
154 473 1
154 484 1
154 611 1
154 730 1
155 236 1
155 319 1
155 352 1
155 396 1
155 403 1
155 503 1
155 612 1
155 771 1
155 820 1
155 994 1
156 231 1
156 491 1
156 685 1
156 760 1
156 994 1
157 187 1
157 404 1
157 583 1
157 822 1
158 166 1
158 171 1
158 192 1
158 200 1
158 292 1
158 334 1
158 645 1
158 860 1
159 189 1
159 194 1
159 197 1
159 284 1
159 467 1
159 559 1
159 647 1
159 654 1
159 725 1
159 878 1
160 164 1
160 292 1
160 294 1
160 345 1
160 363 1
160 407 1
160 515 1
160 547 1
160 649 1
160 790 1
160 843 1
161 167 1
161 196 1
161 253 1
161 258 1
161 321 1
161 457 1
161 466 1
161 535 1
161 590 1
161 747 1
161 858 1
161 906 1
162 213 1
162 379 1
163 299 1
163 346 1
163 395 1
163 430 1
163 464 1
163 473 1
163 559 1
163 616 1
163 663 1
163 682 1
163 773 1
163 812 1
163 816 1
163 960 1
164 169 1
164 227 1
164 376 1
164 438 1
164 443 1
164 519 1
164 648 1
164 847 1
165 169 1
165 229 1
165 258 1
165 346 1
165 367 1
165 398 1
165 441 1
165 447 1
165 545 1
165 553 1
165 681 1
165 703 1
165 747 1
165 840 1
165 855 1
165 881 1
165 976 1
166 245 1
167 566 1
167 603 1
167 653 1
167 764 1
168 185 1
168 202 1
168 240 1
168 294 1
168 413 1
168 431 1
168 670 1
168 722 1
168 901 1
168 918 1
169 172 1
169 182 1
169 195 1
169 199 1
169 269 1
169 339 1
169 482 1
169 494 1
169 527 1
169 780 1
170 229 1
170 237 1
170 244 1
170 251 1
170 314 1
170 331 1
170 457 1
170 568 1
170 570 1
170 607 1
170 649 1
170 959 1
171 176 1
171 221 1
171 311 1
171 342 1
171 389 1
171 562 1
171 753 1
171 772 1
171 784 1
171 937 1
172 942 1
173 190 1
173 365 1
173 375 1
173 457 1
173 458 1
173 495 1
173 630 1
173 760 1
173 807 1
174 222 1
174 340 1
174 360 1
174 456 1
174 459 1
174 587 1
174 815 1
175 284 1
175 342 1
176 195 1
176 212 1
176 242 1
176 256 1
176 273 1
176 286 1
176 289 1
176 302 1
176 396 1
176 689 1
176 720 1
176 982 1
177 178 1
177 773 1
177 788 1
177 794 1
177 802 1
178 191 1
178 560 1
178 634 1
178 806 1
178 950 1
179 223 1
179 319 1
179 413 1
179 488 1
179 673 1
179 820 1
180 365 1
180 462 1
180 514 1
180 582 1
180 603 1
180 747 1
180 979 1
181 258 1
181 288 1
181 326 1
181 340 1
181 371 1
181 586 1
181 630 1
181 639 1
181 836 1
181 972 1
182 243 1
182 298 1
182 320 1
182 332 1
182 888 1
183 205 1
183 241 1
183 255 1
183 268 1
183 275 1
183 311 1
183 330 1
183 354 1
183 358 1
183 430 1
183 463 1
183 465 1
183 501 1
183 523 1
183 570 1
183 659 1
183 677 1
183 727 1
183 767 1
183 879 1
183 916 1
183 920 1
183 922 1
184 333 1
184 390 1
184 426 1
184 494 1
184 869 1
184 967 1
185 199 1
185 354 1
185 381 1
185 394 1
185 432 1
185 464 1
185 548 1
185 599 1
185 620 1
185 815 1
185 860 1
186 191 1
186 218 1
186 226 1
186 390 1
186 436 1
186 783 1
186 891 1
186 965 1
187 477 1
187 671 1
187 824 1
187 985 1
188 272 1
188 335 1
188 372 1
188 627 1
188 682 1
189 193 1
189 203 1
189 880 1
190 281 1
190 330 1
190 474 1
190 675 1
191 341 1
191 541 1
191 617 1
191 683 1
192 232 1
192 412 1
192 578 1
192 744 1
192 838 1
192 950 1
193 207 1
193 241 1
193 245 1
193 267 1
193 385 1
193 541 1
193 680 1
194 672 1
194 858 1
194 996 1
195 218 1
195 270 1
195 297 1
195 362 1
195 400 1
195 427 1
195 943 1
196 206 1
196 261 1
196 297 1
196 303 1
196 393 1
196 451 1
196 474 1
196 497 1
196 501 1
196 508 1
196 526 1
196 702 1
196 709 1
196 757 1
196 770 1
197 217 1
197 255 1
197 322 1
197 329 1
197 366 1
197 389 1
197 563 1
197 577 1
197 596 1
197 664 1
197 798 1
197 959 1
197 961 1
198 804 1
198 996 1
199 234 1
199 243 1
199 340 1
199 393 1
199 480 1
199 614 1
199 625 1
199 652 1
199 782 1
199 784 1
199 917 1
200 223 1
200 247 1
200 351 1
200 449 1
201 210 1
201 223 1
201 229 1
201 281 1
201 344 1
201 456 1
201 511 1
201 688 1
202 445 1
202 481 1
202 582 1
202 591 1
202 692 1
202 716 1
202 811 1
202 887 1
202 941 1
202 981 1
203 244 1
203 280 1
203 301 1
203 329 1
203 668 1
203 952 1
204 457 1
204 769 1
204 797 1
204 947 1
206 209 1
206 260 1
206 312 1
206 320 1
206 341 1
206 416 1
206 486 1
206 544 1
206 566 1
206 570 1
206 609 1
206 694 1
206 721 1
206 725 1
206 843 1
206 873 1
207 270 1
207 289 1
207 328 1
207 442 1
207 460 1
207 468 1
207 538 1
207 543 1
207 577 1
207 583 1
207 666 1
207 690 1
207 780 1
207 827 1
207 873 1
207 879 1
208 249 1
208 488 1
208 548 1
208 559 1
208 576 1
208 596 1
208 633 1
208 667 1
208 699 1
208 703 1
208 785 1
208 832 1
208 902 1
208 913 1
209 230 1
209 262 1
209 277 1
209 766 1
210 261 1
210 265 1
210 338 1
210 513 1
210 571 1
210 881 1
210 907 1
211 225 1
211 281 1
211 302 1
211 479 1
211 871 1
212 278 1
212 369 1
212 370 1
212 422 1
212 517 1
212 524 1
212 653 1
212 799 1
212 840 1
212 876 1
212 945 1
213 227 1
213 333 1
213 419 1
213 443 1
213 612 1
213 752 1
213 798 1
213 892 1
213 907 1
214 351 1
214 600 1
215 397 1
215 941 1
216 235 1
216 692 1
216 977 1
217 219 1
217 398 1
217 588 1
217 742 1
217 913 1
218 230 1
218 508 1
218 610 1
218 781 1
218 875 1
219 314 1
219 572 1
219 638 1
219 759 1
219 886 1
220 527 1
220 962 1
221 315 1
221 328 1
221 368 1
221 406 1
221 637 1
221 931 1
222 669 1
223 250 1
223 485 1
223 872 1
224 286 1
224 304 1
224 377 1
224 584 1
225 280 1
225 348 1
225 455 1
225 462 1
225 564 1
225 590 1
225 717 1
226 283 1
226 973 1
227 293 1
227 493 1
227 555 1
227 993 1
228 249 1
228 358 1
228 404 1
228 442 1
228 469 1
228 540 1
228 722 1
229 320 1
229 333 1
229 398 1
229 413 1
229 593 1
229 676 1
229 707 1
229 855 1
229 949 1
229 956 1
230 344 1
230 380 1
230 418 1
230 648 1
230 691 1
230 802 1
231 309 1
231 589 1
232 450 1
232 554 1
232 617 1
232 719 1
233 274 1
233 313 1
233 323 1
233 483 1
233 896 1
233 926 1
234 541 1
234 772 1
235 278 1
235 394 1
235 626 1
235 704 1
236 327 1
236 431 1
236 614 1
237 238 1
237 252 1
237 326 1
237 386 1
237 423 1
237 485 1
237 664 1
237 737 1
237 798 1
238 256 1
238 279 1
238 448 1
238 703 1
238 724 1
238 730 1
238 765 1
238 778 1
238 995 1
239 473 1
240 276 1
240 279 1
240 302 1
240 357 1
240 408 1
240 471 1
240 623 1
240 755 1
240 897 1
240 981 1
240 993 1
241 256 1
241 264 1
241 282 1
241 403 1
241 539 1
242 263 1
242 276 1
242 282 1
242 384 1
242 435 1
242 624 1
242 777 1
242 848 1
242 897 1
243 318 1
243 543 1
243 577 1
243 942 1
244 259 1
244 263 1
244 324 1
244 470 1
244 472 1
244 502 1
244 528 1
244 600 1
244 699 1
244 961 1
245 670 1
245 949 1
246 516 1
247 363 1
247 471 1
247 587 1
247 640 1
247 650 1
247 749 1
248 269 1
248 345 1
248 390 1
248 664 1
249 323 1
249 361 1
249 441 1
249 599 1
249 777 1
250 349 1
250 924 1
251 275 1
251 391 1
251 395 1
251 446 1
251 631 1
251 657 1
251 817 1
251 824 1
251 832 1
251 880 1
251 923 1
253 258 1
253 495 1
253 513 1
253 655 1
253 824 1
253 879 1
253 983 1
254 323 1
254 576 1
254 759 1
254 858 1
255 259 1
255 309 1
255 311 1
255 317 1
255 321 1
255 534 1
255 619 1
255 620 1
255 774 1
256 362 1
256 373 1
256 695 1
256 733 1
257 271 1
257 414 1
257 639 1
257 654 1
258 432 1
258 462 1
258 914 1
259 605 1
259 641 1
260 315 1
260 322 1
260 352 1
260 361 1
260 374 1
260 412 1
260 486 1
260 677 1
260 926 1
260 986 1
261 304 1
261 394 1
261 445 1
261 543 1
261 580 1
261 599 1
261 708 1
261 713 1
262 308 1
262 858 1
263 799 1
263 817 1
263 868 1
265 622 1
265 895 1
266 316 1
266 903 1
266 915 1
267 333 1
267 415 1
267 496 1
267 715 1
267 906 1
268 274 1
268 299 1
268 415 1
268 418 1
268 446 1
268 698 1
268 772 1
269 348 1
269 752 1
269 832 1
269 963 1
270 505 1
271 323 1
271 353 1
271 478 1
271 662 1
271 697 1
271 882 1
271 921 1
271 943 1
272 303 1
272 399 1
272 420 1
272 484 1
272 668 1
272 768 1
273 314 1
273 393 1
273 456 1
273 480 1
273 537 1
273 540 1
273 564 1
273 653 1
274 536 1
274 680 1
274 769 1
274 930 1
274 955 1
275 406 1
275 446 1
275 729 1
276 286 1
276 288 1
276 847 1
276 884 1
277 460 1
277 628 1
277 856 1
278 784 1
278 823 1
279 374 1
279 378 1
279 796 1
279 827 1
280 301 1
280 331 1
280 745 1
280 874 1
280 898 1
280 939 1
280 941 1
281 482 1
281 485 1
281 608 1
281 719 1
281 873 1
282 355 1
282 364 1
282 592 1
282 681 1
282 957 1
283 735 1
284 473 1
284 780 1
284 841 1
284 938 1
285 455 1
285 513 1
285 706 1
285 764 1
285 822 1
285 920 1
286 579 1
286 612 1
286 965 1
287 438 1
287 562 1
288 305 1
288 321 1
289 333 1
289 335 1
289 343 1
289 448 1
289 485 1
289 678 1
289 749 1
290 725 1
290 915 1
290 922 1
291 357 1
291 499 1
291 812 1
291 859 1
292 433 1
292 540 1
292 573 1
292 697 1
292 700 1
293 393 1
294 584 1
294 751 1
294 936 1
295 724 1
295 979 1
296 361 1
296 462 1
296 531 1
296 574 1
296 595 1
296 638 1
296 706 1
296 736 1
296 739 1
296 782 1
296 871 1
296 885 1
296 887 1
296 930 1
296 984 1
297 516 1
297 542 1
297 715 1
298 359 1
298 602 1
299 458 1
299 532 1
300 452 1
301 329 1
301 581 1
302 358 1
302 364 1
302 406 1
302 411 1
302 420 1
302 556 1
302 657 1
302 659 1
302 715 1
302 718 1
302 755 1
303 503 1
303 565 1
303 658 1
303 978 1
304 609 1
304 934 1
305 338 1
305 408 1
305 729 1
305 929 1
305 968 1
306 385 1
306 391 1
306 433 1
306 476 1
306 640 1
306 665 1
306 707 1
306 749 1
306 845 1
306 857 1
306 896 1
307 382 1
307 558 1
307 683 1
307 691 1
307 864 1
307 986 1
308 525 1
308 568 1
308 595 1
308 621 1
308 756 1
308 777 1
308 916 1
309 316 1
309 325 1
309 416 1
309 502 1
309 548 1
309 983 1
309 984 1
309 992 1
310 319 1
310 643 1
310 793 1
310 895 1
311 349 1
311 367 1
311 434 1
311 634 1
311 715 1
312 381 1
312 396 1
312 508 1
312 821 1
312 982 1
313 384 1
313 701 1
313 789 1
313 896 1
314 360 1
314 543 1
314 611 1
314 740 1
315 353 1
315 392 1
315 512 1
315 533 1
316 613 1
316 780 1
316 839 1
316 846 1
316 912 1
316 929 1
317 643 1
317 702 1
317 885 1
318 479 1
318 976 1
319 429 1
319 633 1
320 343 1
320 355 1
320 721 1
320 771 1
320 837 1
320 990 1
321 325 1
321 327 1
321 328 1
321 345 1
321 347 1
321 487 1
321 510 1
321 555 1
321 557 1
321 573 1
321 601 1
321 643 1
321 730 1
321 739 1
321 752 1
321 808 1
321 925 1
321 951 1
321 952 1
321 985 1
322 386 1
322 506 1
322 514 1
322 537 1
322 555 1
322 572 1
322 663 1
322 753 1
322 922 1
323 698 1
324 600 1
324 825 1
324 853 1
325 397 1
325 561 1
326 686 1
326 688 1
327 369 1
328 383 1
328 428 1
328 463 1
329 441 1
329 496 1
329 550 1
329 766 1
329 796 1
329 880 1
329 894 1
330 347 1
330 445 1
331 511 1
331 552 1
332 401 1
332 424 1
332 763 1
333 375 1
333 561 1
334 341 1
334 625 1
334 679 1
334 924 1
334 954 1
335 410 1
335 527 1
335 563 1
335 601 1
335 693 1
335 712 1
335 717 1
335 875 1
335 977 1
336 430 1
337 530 1
337 727 1
339 659 1
340 651 1
340 792 1
340 861 1
340 903 1
340 919 1
341 343 1
341 388 1
341 430 1
341 464 1
341 470 1
341 508 1
341 512 1
341 585 1
341 671 1
341 684 1
341 692 1
341 801 1
342 359 1
342 520 1
342 727 1
342 831 1
342 880 1
342 957 1
342 996 1
343 498 1
343 534 1
343 569 1
343 609 1
343 687 1
344 360 1
344 485 1
344 592 1
344 612 1
344 777 1
344 891 1
346 361 1
346 560 1
346 660 1
347 577 1
347 814 1
347 903 1
348 451 1
348 585 1
348 947 1
349 356 1
349 775 1
350 415 1
350 427 1
350 499 1
351 415 1
351 662 1
351 705 1
353 451 1
353 473 1
353 671 1
353 712 1
353 882 1
353 943 1
354 444 1
354 641 1
354 702 1
354 736 1
354 866 1
354 894 1
354 914 1
355 370 1
355 388 1
355 434 1
355 492 1
355 960 1
355 1000 1
356 432 1
356 574 1
356 852 1
356 868 1
356 909 1
356 990 1
357 364 1
357 529 1
357 672 1
357 772 1
357 857 1
359 425 1
359 770 1
359 857 1
359 925 1
360 409 1
360 422 1
360 437 1
360 589 1
360 590 1
360 593 1
360 807 1
360 809 1
360 1000 1
361 581 1
361 620 1
361 886 1
362 504 1
362 652 1
363 834 1
364 938 1
364 974 1
365 368 1
365 637 1
366 379 1
366 382 1
366 414 1
366 482 1
366 618 1
366 869 1
366 894 1
367 733 1
367 783 1
367 816 1
368 545 1
368 559 1
368 627 1
368 723 1
368 854 1
368 885 1
368 980 1
369 870 1
371 488 1
371 517 1
371 524 1
371 726 1
371 980 1
373 545 1
373 739 1
374 434 1
374 445 1
374 505 1
374 746 1
374 788 1
375 400 1
375 547 1
376 429 1
377 395 1
377 544 1
377 950 1
378 387 1
378 618 1
378 877 1
378 951 1
379 456 1
379 542 1
379 578 1
379 760 1
379 878 1
380 401 1
380 470 1
380 492 1
380 523 1
380 640 1
380 789 1
380 804 1
380 823 1
380 850 1
381 660 1
382 528 1
382 624 1
382 779 1
382 876 1
383 607 1
383 844 1
383 849 1
384 419 1
385 698 1
385 728 1
385 797 1
385 978 1
386 552 1
386 634 1
386 762 1
386 877 1
387 752 1
387 759 1
387 858 1
388 819 1
388 859 1
388 934 1
389 552 1
389 586 1
389 614 1
389 704 1
389 816 1
389 980 1
390 560 1
390 568 1
390 782 1
390 850 1
390 884 1
390 948 1
391 517 1
391 689 1
391 727 1
391 954 1
392 789 1
392 800 1
393 487 1
393 567 1
393 674 1
393 719 1
394 471 1
394 505 1
394 612 1
394 774 1
395 724 1
395 830 1
396 416 1
396 465 1
396 496 1
396 750 1
397 436 1
397 466 1
397 690 1
397 785 1
398 454 1
398 461 1
398 663 1
398 705 1
398 919 1
399 700 1
399 860 1
400 435 1
400 464 1
400 483 1
400 624 1
400 831 1
400 866 1
400 991 1
401 660 1
401 952 1
402 745 1
403 465 1
403 989 1
405 440 1
405 753 1
405 791 1
406 808 1
407 441 1
407 531 1
407 701 1
407 957 1
408 538 1
408 675 1
408 720 1
409 460 1
409 489 1
409 756 1
409 815 1
410 498 1
410 883 1
410 966 1
411 556 1
412 420 1
412 696 1
412 700 1
412 732 1
412 767 1
412 982 1
412 984 1
413 685 1
414 834 1
414 883 1
415 440 1
415 478 1
415 628 1
416 847 1
416 902 1
416 913 1
417 843 1
418 674 1
418 698 1
419 728 1
419 780 1
420 647 1
420 673 1
420 853 1
420 888 1
420 972 1
421 484 1
421 794 1
421 921 1
421 965 1
422 558 1
422 766 1
422 799 1
422 895 1
422 922 1
424 452 1
424 723 1
424 738 1
424 903 1
425 667 1
425 700 1
425 896 1
425 976 1
428 454 1
428 825 1
428 856 1
428 888 1
428 928 1
429 447 1
429 538 1
429 635 1
429 674 1
429 745 1
430 604 1
430 809 1
430 910 1
431 542 1
431 557 1
431 591 1
431 611 1
431 709 1
431 841 1
432 586 1
433 434 1
433 526 1
433 531 1
433 798 1
433 966 1
433 993 1
435 482 1
435 575 1
435 729 1
435 758 1
436 455 1
436 469 1
436 501 1
436 632 1
436 693 1
436 742 1
436 748 1
436 927 1
436 945 1
437 444 1
437 475 1
437 725 1
438 617 1
439 539 1
439 965 1
440 477 1
440 736 1
441 455 1
441 717 1
441 848 1
441 938 1
441 947 1
441 988 1
443 579 1
443 597 1
445 528 1
445 538 1
445 580 1
447 669 1
447 745 1
447 889 1
447 990 1
448 484 1
449 628 1
449 867 1
450 500 1
450 908 1
450 961 1
452 701 1
453 475 1
453 634 1
453 886 1
453 920 1
455 598 1
455 776 1
456 553 1
457 603 1
457 697 1
457 705 1
457 781 1
457 823 1
457 992 1
458 514 1
458 584 1
459 549 1
459 767 1
459 843 1
459 862 1
459 974 1
460 607 1
460 670 1
460 884 1
461 498 1
461 511 1
461 553 1
462 493 1
462 982 1
463 487 1
463 608 1
463 689 1
463 932 1
464 589 1
464 711 1
464 773 1
464 795 1
465 546 1
465 898 1
466 478 1
466 576 1
466 582 1
466 597 1
467 726 1
468 553 1
468 597 1
469 723 1
470 995 1
471 759 1
472 549 1
472 684 1
472 870 1
473 774 1
473 786 1
474 928 1
476 864 1
477 490 1
477 540 1
477 762 1
478 536 1
478 626 1
479 619 1
479 707 1
479 815 1
479 864 1
480 907 1
481 506 1
481 723 1
481 925 1
482 706 1
482 810 1
484 623 1
484 744 1
484 751 1
484 800 1
484 997 1
485 499 1
485 855 1
486 498 1
486 640 1
486 708 1
486 909 1
487 918 1
487 956 1
490 494 1
490 619 1
490 633 1
490 789 1
490 964 1
491 732 1
491 790 1
491 827 1
491 975 1
492 541 1
492 814 1
494 869 1
494 987 1
495 755 1
495 801 1
497 712 1
497 746 1
499 769 1
500 746 1
501 522 1
501 588 1
501 768 1
502 518 1
504 510 1
506 969 1
507 588 1
507 627 1
507 809 1
507 908 1
508 666 1
509 718 1
510 652 1
510 887 1
510 927 1
511 1000 1
512 519 1
512 648 1
512 913 1
513 830 1
514 595 1
514 645 1
514 696 1
514 912 1
514 935 1
515 542 1
515 765 1
515 810 1
516 518 1
516 605 1
516 819 1
516 949 1
516 988 1
517 944 1
518 661 1
518 911 1
519 556 1
520 640 1
520 820 1
522 583 1
522 608 1
522 610 1
522 838 1
522 941 1
523 572 1
523 658 1
523 760 1
523 825 1
523 894 1
523 943 1
524 920 1
525 566 1
525 711 1
525 792 1
525 845 1
525 905 1
525 952 1
526 643 1
526 713 1
526 734 1
527 980 1
528 616 1
529 765 1
529 781 1
531 668 1
531 804 1
531 936 1
532 620 1
532 636 1
532 704 1
533 571 1
533 981 1
534 580 1
534 727 1
534 944 1
536 665 1
537 637 1
537 923 1
540 969 1
541 615 1
544 757 1
544 765 1
544 775 1
544 916 1
545 594 1
546 839 1
546 925 1
547 761 1
547 820 1
547 871 1
547 933 1
547 948 1
548 569 1
548 854 1
549 571 1
549 613 1
549 635 1
549 666 1
549 861 1
550 597 1
551 761 1
551 773 1
552 754 1
552 796 1
552 828 1
553 660 1
554 592 1
554 861 1
554 974 1
555 951 1
556 557 1
556 663 1
556 703 1
556 758 1
557 755 1
558 653 1
558 874 1
559 657 1
560 598 1
560 607 1
560 642 1
560 776 1
560 818 1
560 902 1
560 963 1
562 626 1
562 632 1
562 677 1
562 714 1
563 678 1
564 885 1
566 686 1
567 826 1
568 621 1
568 930 1
569 649 1
570 649 1
570 731 1
570 822 1
571 573 1
571 659 1
571 882 1
572 602 1
573 740 1
573 865 1
573 908 1
573 914 1
575 606 1
575 857 1
575 928 1
576 599 1
576 695 1
577 700 1
577 706 1
577 785 1
578 716 1
578 764 1
578 802 1
579 721 1
583 892 1
584 593 1
584 735 1
584 775 1
584 784 1
586 1000 1
587 787 1
587 989 1
588 605 1
588 667 1
588 758 1
589 800 1
592 690 1
592 748 1
593 669 1
594 969 1
596 900 1
597 752 1
597 806 1
597 901 1
598 726 1
598 972 1
599 735 1
601 608 1
601 674 1
601 694 1
601 811 1
601 835 1
602 694 1
602 886 1
602 921 1
602 930 1
603 622 1
603 877 1
604 763 1
605 859 1
605 936 1
606 838 1
606 973 1
607 979 1
608 693 1
609 899 1
609 999 1
610 773 1
611 739 1
613 622 1
613 645 1
613 669 1
613 701 1
613 965 1
613 971 1
614 625 1
614 651 1
614 737 1
614 777 1
614 818 1
614 844 1
614 893 1
614 964 1
615 624 1
615 631 1
615 636 1
615 661 1
615 991 1
616 793 1
616 942 1
618 631 1
618 786 1
619 703 1
619 997 1
620 831 1
620 974 1
621 849 1
621 851 1
621 878 1
622 701 1
622 792 1
622 933 1
625 807 1
625 846 1
626 656 1
627 849 1
629 654 1
630 643 1
630 791 1
630 811 1
630 823 1
630 958 1
631 732 1
631 738 1
631 791 1
631 997 1
632 716 1
632 826 1
634 851 1
635 737 1
636 991 1
637 836 1
637 885 1
638 862 1
638 914 1
639 937 1
640 857 1
641 793 1
643 998 1
644 697 1
644 909 1
644 977 1
646 929 1
648 683 1
648 775 1
648 799 1
649 690 1
650 817 1
650 970 1
651 710 1
651 966 1
652 702 1
652 774 1
652 884 1
655 969 1
657 740 1
657 880 1
658 984 1
659 919 1
660 731 1
660 758 1
661 889 1
661 910 1
662 713 1
662 755 1
662 964 1
663 767 1
663 821 1
665 678 1
665 849 1
666 699 1
666 718 1
670 832 1
671 761 1
672 677 1
672 716 1
673 856 1
673 934 1
674 934 1
675 900 1
677 743 1
679 831 1
679 873 1
679 968 1
681 708 1
681 967 1
684 729 1
684 750 1
685 750 1
685 853 1
686 959 1
687 748 1
688 924 1
689 958 1
691 711 1
692 771 1
698 705 1
699 718 1
700 776 1
700 864 1
701 946 1
703 882 1
704 867 1
704 899 1
707 927 1
708 946 1
709 888 1
710 781 1
712 814 1
714 884 1
715 756 1
715 999 1
716 770 1
721 816 1
722 932 1
732 753 1
732 786 1
733 918 1
736 829 1
736 834 1
736 860 1
736 920 1
737 906 1
741 842 1
743 836 1
745 923 1
748 798 1
748 919 1
749 821 1
750 916 1
751 892 1
753 987 1
754 768 1
754 799 1
754 819 1
756 890 1
756 904 1
757 827 1
757 893 1
757 931 1
758 839 1
758 897 1
759 833 1
762 795 1
762 856 1
764 770 1
771 800 1
771 948 1
771 998 1
774 917 1
775 892 1
775 898 1
777 872 1
777 900 1
777 995 1
780 953 1
780 971 1
782 840 1
783 846 1
783 852 1
785 803 1
786 816 1
788 796 1
790 981 1
791 840 1
798 944 1
803 914 1
804 863 1
810 824 1
810 909 1
819 919 1
819 986 1
825 940 1
826 958 1
828 859 1
829 990 1
831 859 1
831 981 1
831 989 1
835 963 1
836 928 1
837 904 1
847 892 1
849 875 1
850 893 1
855 944 1
863 883 1
863 958 1
865 881 1
866 944 1
871 895 1
872 910 1
882 938 1
892 933 1
893 911 1
893 992 1
894 929 1
894 969 1
895 963 1
897 947 1
905 926 1
906 951 1
912 998 1
919 973 1
921 972 1
933 995 1
936 987 1
938 970 1
943 945 1
944 962 1
955 963 1
968 992 1
