1000 4975
1 2 1
1 3 1
1 4 1
1 5 1
1 6 1
1 7 1
1 8 1
1 9 1
1 10 1
1 11 1
1 12 1
1 13 1
1 14 1
1 15 1
1 16 1
1 17 1
1 19 1
1 21 1
1 23 1
1 24 1
1 25 1
1 26 1
1 28 1
1 29 1
1 30 1
1 36 1
1 38 1
1 39 1
1 40 1
1 41 1
1 42 1
1 44 1
1 47 1
1 51 1
1 52 1
1 54 1
1 58 1
1 60 1
1 61 1
1 62 1
1 68 1
1 71 1
1 74 1
1 77 1
1 81 1
1 91 1
1 92 1
1 94 1
1 103 1
1 105 1
1 115 1
1 116 1
1 123 1
1 125 1
1 126 1
1 127 1
1 140 1
1 142 1
1 150 1
1 152 1
1 155 1
1 159 1
1 163 1
1 170 1
1 192 1
1 193 1
1 196 1
1 202 1
1 204 1
1 219 1
1 225 1
1 226 1
1 250 1
1 252 1
1 256 1
1 258 1
1 275 1
1 276 1
1 281 1
1 285 1
1 286 1
1 289 1
1 294 1
1 299 1
1 301 1
1 306 1
1 307 1
1 325 1
1 330 1
1 332 1
1 335 1
1 343 1
1 347 1
1 349 1
1 353 1
1 356 1
1 361 1
1 363 1
1 370 1
1 387 1
1 395 1
1 399 1
1 410 1
1 420 1
1 430 1
1 435 1
1 444 1
1 446 1
1 447 1
1 454 1
1 456 1
1 463 1
1 465 1
1 486 1
1 487 1
1 490 1
1 511 1
1 513 1
1 517 1
1 530 1
1 533 1
1 537 1
1 538 1
1 554 1
1 556 1
1 559 1
1 567 1
1 576 1
1 577 1
1 582 1
1 595 1
1 618 1
1 624 1
1 646 1
1 658 1
1 678 1
1 687 1
1 714 1
1 723 1
1 778 1
1 779 1
1 795 1
1 809 1
1 818 1
1 826 1
1 839 1
1 846 1
1 848 1
1 875 1
1 884 1
1 900 1
1 914 1
1 944 1
1 970 1
1 982 1
1 988 1
1 998 1
2 7 1
2 8 1
2 9 1
2 10 1
2 13 1
2 17 1
2 22 1
2 23 1
2 27 1
2 29 1
2 31 1
2 36 1
2 39 1
2 40 1
2 43 1
2 45 1
2 48 1
2 61 1
2 62 1
2 65 1
2 95 1
2 100 1
2 109 1
2 110 1
2 114 1
2 128 1
2 141 1
2 144 1
2 146 1
2 180 1
2 182 1
2 183 1
2 199 1
2 212 1
2 247 1
2 250 1
2 254 1
2 256 1
2 261 1
2 263 1
2 279 1
2 287 1
2 292 1
2 302 1
2 320 1
2 325 1
2 340 1
2 366 1
2 374 1
2 376 1
2 380 1
2 384 1
2 396 1
2 419 1
2 462 1
2 470 1
2 496 1
2 499 1
2 501 1
2 523 1
2 524 1
2 525 1
2 527 1
2 532 1
2 570 1
2 578 1
2 616 1
2 630 1
2 641 1
2 655 1
2 665 1
2 706 1
2 711 1
2 737 1
2 742 1
2 762 1
2 768 1
2 793 1
2 801 1
2 833 1
2 852 1
2 908 1
2 910 1
2 915 1
2 925 1
2 932 1
2 959 1
2 964 1
3 7 1
3 8 1
3 9 1
3 10 1
3 11 1
3 12 1
3 18 1
3 19 1
3 26 1
3 27 1
3 28 1
3 37 1
3 45 1
3 47 1
3 58 1
3 80 1
3 86 1
3 102 1
3 117 1
3 138 1
3 147 1
3 152 1
3 187 1
3 188 1
3 222 1
3 234 1
3 244 1
3 268 1
3 285 1
3 290 1
3 334 1
3 363 1
3 365 1
3 371 1
3 412 1
3 417 1
3 448 1
3 489 1
3 533 1
3 662 1
3 666 1
3 672 1
3 699 1
3 730 1
3 761 1
3 774 1
3 787 1
3 824 1
3 826 1
3 925 1
3 935 1
3 949 1
3 950 1
3 975 1
4 7 1
4 8 1
4 14 1
4 15 1
4 19 1
4 20 1
4 25 1
4 27 1
4 29 1
4 30 1
4 31 1
4 33 1
4 37 1
4 43 1
4 44 1
4 45 1
4 46 1
4 52 1
4 54 1
4 73 1
4 79 1
4 81 1
4 84 1
4 88 1
4 90 1
4 102 1
4 103 1
4 106 1
4 114 1
4 122 1
4 126 1
4 129 1
4 133 1
4 134 1
4 137 1
4 142 1
4 143 1
4 156 1
4 158 1
4 165 1
4 168 1
4 169 1
4 176 1
4 180 1
4 182 1
4 188 1
4 193 1
4 206 1
4 216 1
4 217 1
4 219 1
4 221 1
4 229 1
4 237 1
4 244 1
4 250 1
4 253 1
4 257 1
4 259 1
4 264 1
4 269 1
4 278 1
4 279 1
4 317 1
4 320 1
4 321 1
4 333 1
4 372 1
4 378 1
4 379 1
4 384 1
4 385 1
4 386 1
4 423 1
4 428 1
4 429 1
4 438 1
4 439 1
4 449 1
4 461 1
4 488 1
4 492 1
4 498 1
4 506 1
4 528 1
4 538 1
4 579 1
4 582 1
4 594 1
4 628 1
4 631 1
4 633 1
4 634 1
4 643 1
4 652 1
4 654 1
4 657 1
4 670 1
4 690 1
4 693 1
4 708 1
4 709 1
4 721 1
4 737 1
4 739 1
4 755 1
4 757 1
4 762 1
4 768 1
4 786 1
4 796 1
4 806 1
4 815 1
4 819 1
4 822 1
4 853 1
4 874 1
4 894 1
4 895 1
4 902 1
4 907 1
4 926 1
4 955 1
4 982 1
5 7 1
5 13 1
5 55 1
5 56 1
5 85 1
5 86 1
5 98 1
5 127 1
5 128 1
5 133 1
5 135 1
5 148 1
5 199 1
5 224 1
5 238 1
5 260 1
5 263 1
5 298 1
5 352 1
5 356 1
5 431 1
5 495 1
5 529 1
5 617 1
5 754 1
5 989 1
6 50 1
6 73 1
6 80 1
6 155 1
6 173 1
6 254 1
6 255 1
6 428 1
6 461 1
6 477 1
6 490 1
6 612 1
6 735 1
6 750 1
6 943 1
6 958 1
7 8 1
7 9 1
7 10 1
7 11 1
7 12 1
7 13 1
7 15 1
7 16 1
7 17 1
7 19 1
7 20 1
7 21 1
7 22 1
7 24 1
7 27 1
7 30 1
7 32 1
7 33 1
7 34 1
7 35 1
7 36 1
7 40 1
7 48 1
7 52 1
7 53 1
7 55 1
7 64 1
7 65 1
7 67 1
7 70 1
7 78 1
7 83 1
7 88 1
7 95 1
7 98 1
7 104 1
7 105 1
7 113 1
7 116 1
7 119 1
7 121 1
7 133 1
7 136 1
7 139 1
7 148 1
7 151 1
7 158 1
7 159 1
7 167 1
7 168 1
7 171 1
7 175 1
7 178 1
7 187 1
7 195 1
7 208 1
7 209 1
7 212 1
7 215 1
7 219 1
7 220 1
7 221 1
7 222 1
7 224 1
7 228 1
7 235 1
7 239 1
7 240 1
7 264 1
7 271 1
7 273 1
7 294 1
7 296 1
7 301 1
7 303 1
7 322 1
7 373 1
7 374 1
7 390 1
7 394 1
7 402 1
7 408 1
7 409 1
7 418 1
7 446 1
7 450 1
7 459 1
7 460 1
7 463 1
7 464 1
7 470 1
7 492 1
7 503 1
7 507 1
7 530 1
7 531 1
7 541 1
7 547 1
7 548 1
7 556 1
7 558 1
7 562 1
7 564 1
7 575 1
7 584 1
7 605 1
7 607 1
7 614 1
7 617 1
7 625 1
7 627 1
7 652 1
7 657 1
7 661 1
7 662 1
7 670 1
7 687 1
7 700 1
7 712 1
7 720 1
7 722 1
7 725 1
7 736 1
7 741 1
7 756 1
7 759 1
7 766 1
7 777 1
7 795 1
7 831 1
7 838 1
7 854 1
7 873 1
7 896 1
7 909 1
7 946 1
7 984 1
7 990 1
7 994 1
8 9 1
8 10 1
8 11 1
8 12 1
8 13 1
8 14 1
8 15 1
8 17 1
8 19 1
8 20 1
8 21 1
8 26 1
8 37 1
8 42 1
8 43 1
8 46 1
8 47 1
8 53 1
8 58 1
8 62 1
8 67 1
8 70 1
8 72 1
8 74 1
8 77 1
8 84 1
8 87 1
8 92 1
8 101 1
8 106 1
8 113 1
8 124 1
8 126 1
8 146 1
8 149 1
8 150 1
8 157 1
8 160 1
8 173 1
8 197 1
8 204 1
8 223 1
8 228 1
8 229 1
8 231 1
8 234 1
8 239 1
8 258 1
8 262 1
8 273 1
8 274 1
8 275 1
8 281 1
8 316 1
8 326 1
8 328 1
8 330 1
8 346 1
8 387 1
8 441 1
8 451 1
8 452 1
8 464 1
8 498 1
8 569 1
8 663 1
8 672 1
8 682 1
8 708 1
8 719 1
8 720 1
8 733 1
8 739 1
8 765 1
8 770 1
8 782 1
8 783 1
8 796 1
8 816 1
8 832 1
8 861 1
8 879 1
8 880 1
8 885 1
8 886 1
8 939 1
8 941 1
8 991 1
8 997 1
9 14 1
9 18 1
9 21 1
9 22 1
9 23 1
9 32 1
9 42 1
9 44 1
9 55 1
9 60 1
9 74 1
9 83 1
9 85 1
9 86 1
9 91 1
9 96 1
9 100 1
9 112 1
9 121 1
9 123 1
9 135 1
9 137 1
9 166 1
9 174 1
9 177 1
9 182 1
9 196 1
9 201 1
9 202 1
9 206 1
9 221 1
9 231 1
9 234 1
9 241 1
9 246 1
9 252 1
9 275 1
9 293 1
9 311 1
9 329 1
9 369 1
9 414 1
9 415 1
9 428 1
9 523 1
9 550 1
9 647 1
9 653 1
9 668 1
9 681 1
9 703 1
9 709 1
9 713 1
9 761 1
9 772 1
9 794 1
9 800 1
9 805 1
9 825 1
9 846 1
9 853 1
9 856 1
9 904 1
9 960 1
10 11 1
10 12 1
10 20 1
10 24 1
10 35 1
10 41 1
10 47 1
10 48 1
10 50 1
10 66 1
10 69 1
10 72 1
10 79 1
10 81 1
10 87 1
10 94 1
10 99 1
10 108 1
10 109 1
10 149 1
10 150 1
10 182 1
10 202 1
10 208 1
10 243 1
10 245 1
10 268 1
10 270 1
10 274 1
10 292 1
10 301 1
10 330 1
10 333 1
10 344 1
10 348 1
10 351 1
10 358 1
10 361 1
10 362 1
10 380 1
10 389 1
10 410 1
10 411 1
10 423 1
10 424 1
10 443 1
10 471 1
10 496 1
10 511 1
10 536 1
10 542 1
10 547 1
10 564 1
10 568 1
10 575 1
10 576 1
10 581 1
10 600 1
10 636 1
10 653 1
10 657 1
10 691 1
10 745 1
10 804 1
10 836 1
10 888 1
10 920 1
10 931 1
10 948 1
10 957 1
10 963 1
10 979 1
10 1000 1
11 16 1
11 36 1
11 51 1
11 70 1
11 79 1
11 80 1
11 102 1
11 195 1
11 198 1
11 251 1
11 254 1
11 270 1
11 297 1
11 308 1
11 331 1
11 337 1
11 382 1
11 398 1
11 434 1
11 444 1
11 469 1
11 538 1
11 539 1
11 630 1
11 677 1
11 715 1
11 778 1
11 802 1
11 904 1
11 916 1
11 957 1
12 14 1
12 28 1
12 34 1
12 35 1
12 43 1
12 46 1
12 82 1
12 98 1
12 135 1
12 145 1
12 150 1
12 167 1
12 185 1
12 235 1
12 243 1
12 254 1
12 282 1
12 290 1
12 322 1
12 379 1
12 398 1
12 478 1
12 506 1
12 516 1
12 605 1
12 667 1
12 677 1
12 714 1
12 749 1
12 793 1
12 796 1
12 965 1
12 966 1
12 992 1
13 18 1
13 23 1
13 28 1
13 31 1
13 35 1
13 50 1
13 59 1
13 68 1
13 78 1
13 109 1
13 181 1
13 196 1
13 214 1
13 215 1
13 265 1
13 297 1
13 305 1
13 307 1
13 358 1
13 433 1
13 441 1
13 460 1
13 476 1
13 484 1
13 485 1
13 495 1
13 504 1
13 510 1
13 520 1
13 534 1
13 536 1
13 542 1
13 566 1
13 591 1
13 615 1
13 641 1
13 679 1
13 766 1
13 798 1
13 804 1
13 846 1
13 876 1
13 922 1
13 930 1
14 15 1
14 16 1
14 18 1
14 20 1
14 24 1
14 25 1
14 34 1
14 42 1
14 53 1
14 60 1
14 61 1
14 63 1
14 69 1
14 71 1
14 90 1
14 96 1
14 136 1
14 138 1
14 162 1
14 170 1
14 239 1
14 259 1
14 274 1
14 280 1
14 301 1
14 306 1
14 340 1
14 348 1
14 354 1
14 366 1
14 399 1
14 404 1
14 480 1
14 482 1
14 515 1
14 518 1
14 577 1
14 611 1
14 616 1
14 658 1
14 666 1
14 801 1
14 851 1
14 923 1
15 16 1
15 17 1
15 18 1
15 21 1
15 24 1
15 27 1
15 28 1
15 34 1
15 52 1
15 59 1
15 64 1
15 66 1
15 67 1
15 83 1
15 86 1
15 89 1
15 99 1
15 106 1
15 107 1
15 108 1
15 111 1
15 115 1
15 120 1
15 152 1
15 153 1
15 154 1
15 179 1
15 191 1
15 196 1
15 202 1
15 209 1
15 220 1
15 245 1
15 246 1
15 264 1
15 278 1
15 284 1
15 287 1
15 294 1
15 300 1
15 313 1
15 333 1
15 351 1
15 362 1
15 371 1
15 372 1
15 379 1
15 381 1
15 396 1
15 430 1
15 476 1
15 478 1
15 485 1
15 520 1
15 543 1
15 571 1
15 572 1
15 581 1
15 582 1
15 595 1
15 601 1
15 671 1
15 675 1
15 700 1
15 729 1
15 736 1
15 745 1
15 767 1
15 774 1
15 782 1
15 785 1
15 828 1
15 872 1
15 897 1
15 908 1
15 934 1
15 937 1
15 981 1
15 989 1
16 41 1
16 46 1
16 49 1
16 60 1
16 66 1
16 72 1
16 73 1
16 78 1
16 108 1
16 117 1
16 120 1
16 190 1
16 218 1
16 278 1
16 289 1
16 310 1
16 333 1
16 342 1
16 343 1
16 353 1
16 457 1
16 516 1
16 525 1
16 643 1
16 651 1
16 699 1
16 816 1
16 839 1
16 942 1
16 994 1
17 22 1
17 25 1
17 32 1
17 33 1
17 53 1
17 57 1
17 58 1
17 72 1
17 74 1
17 102 1
17 115 1
17 125 1
17 157 1
17 168 1
17 174 1
17 177 1
17 180 1
17 210 1
17 220 1
17 231 1
17 235 1
17 241 1
17 243 1
17 277 1
17 287 1
17 295 1
17 300 1
17 304 1
17 314 1
17 352 1
17 360 1
17 377 1
17 386 1
17 391 1
17 413 1
17 483 1
17 495 1
17 517 1
17 522 1
17 531 1
17 554 1
17 558 1
17 573 1
17 585 1
17 587 1
17 589 1
17 605 1
17 609 1
17 656 1
17 668 1
17 674 1
17 690 1
17 721 1
17 785 1
17 797 1
17 834 1
17 835 1
17 904 1
17 919 1
17 940 1
17 977 1
17 996 1
18 22 1
18 32 1
18 39 1
18 56 1
18 66 1
18 68 1
18 75 1
18 83 1
18 85 1
18 89 1
18 107 1
18 124 1
18 131 1
18 145 1
18 154 1
18 161 1
18 170 1
18 183 1
18 203 1
18 353 1
18 419 1
18 425 1
18 493 1
18 550 1
18 570 1
18 594 1
18 638 1
18 676 1
18 710 1
18 811 1
18 817 1
18 821 1
18 862 1
18 887 1
18 927 1
18 935 1
18 940 1
19 23 1
19 25 1
19 41 1
19 48 1
19 57 1
19 63 1
19 69 1
19 75 1
19 83 1
19 106 1
19 129 1
19 131 1
19 136 1
19 157 1
19 187 1
19 188 1
19 205 1
19 221 1
19 272 1
19 293 1
19 324 1
19 355 1
19 421 1
19 483 1
19 513 1
19 538 1
19 581 1
19 756 1
19 787 1
19 791 1
19 815 1
19 827 1
19 914 1
19 925 1
19 986 1
20 39 1
20 71 1
20 122 1
20 129 1
20 180 1
20 184 1
20 227 1
20 392 1
20 396 1
20 418 1
20 430 1
20 521 1
20 620 1
20 712 1
21 29 1
21 41 1
21 59 1
21 78 1
21 80 1
21 94 1
21 124 1
21 126 1
21 143 1
21 233 1
21 244 1
21 266 1
21 381 1
21 383 1
21 396 1
21 397 1
21 455 1
21 506 1
21 533 1
21 557 1
21 586 1
21 606 1
21 618 1
21 637 1
21 638 1
21 708 1
21 710 1
21 819 1
21 836 1
21 874 1
21 920 1
22 26 1
22 31 1
22 33 1
22 36 1
22 37 1
22 38 1
22 39 1
22 42 1
22 45 1
22 51 1
22 53 1
22 98 1
22 107 1
22 176 1
22 192 1
22 205 1
22 206 1
22 207 1
22 212 1
22 262 1
22 280 1
22 321 1
22 336 1
22 379 1
22 385 1
22 414 1
22 419 1
22 482 1
22 491 1
22 549 1
22 578 1
22 598 1
22 604 1
22 704 1
22 795 1
22 796 1
22 829 1
22 885 1
22 896 1
22 980 1
23 46 1
23 142 1
23 155 1
23 646 1
23 688 1
23 933 1
24 26 1
24 50 1
24 73 1
24 89 1
24 99 1
24 109 1
24 112 1
24 114 1
24 175 1
24 208 1
24 216 1
24 224 1
24 298 1
24 321 1
24 345 1
24 472 1
24 546 1
24 675 1
24 678 1
24 746 1
24 763 1
24 794 1
24 854 1
24 936 1
25 33 1
25 38 1
25 44 1
25 49 1
25 72 1
25 96 1
25 101 1
25 105 1
25 121 1
25 170 1
25 227 1
25 249 1
25 299 1
25 309 1
25 353 1
25 429 1
25 458 1
25 511 1
25 562 1
25 634 1
25 637 1
25 654 1
25 778 1
25 812 1
25 813 1
25 905 1
25 923 1
26 47 1
26 69 1
26 88 1
26 90 1
26 118 1
26 119 1
26 120 1
26 145 1
26 147 1
26 173 1
26 222 1
26 229 1
26 233 1
26 261 1
26 262 1
26 380 1
26 436 1
26 524 1
26 562 1
26 567 1
26 603 1
26 609 1
26 652 1
26 680 1
26 728 1
26 731 1
26 746 1
26 808 1
26 846 1
26 854 1
26 861 1
26 972 1
26 988 1
26 989 1
27 30 1
27 31 1
27 35 1
27 38 1
27 90 1
27 93 1
27 97 1
27 119 1
27 136 1
27 145 1
27 203 1
27 309 1
27 349 1
27 392 1
27 439 1
27 473 1
27 477 1
27 497 1
27 535 1
27 593 1
27 597 1
27 606 1
27 626 1
27 664 1
27 747 1
27 748 1
27 773 1
27 788 1
27 876 1
27 961 1
28 29 1
28 44 1
28 60 1
28 82 1
28 147 1
28 167 1
28 189 1
28 216 1
28 256 1
28 293 1
28 352 1
28 451 1
28 562 1
28 791 1
28 840 1
28 888 1
28 893 1
29 30 1
29 40 1
29 50 1
29 68 1
29 111 1
29 169 1
29 186 1
29 211 1
29 244 1
29 287 1
29 342 1
29 366 1
29 379 1
29 501 1
29 602 1
29 614 1
29 688 1
29 718 1
29 740 1
29 937 1
29 954 1
30 32 1
30 45 1
30 56 1
30 167 1
30 183 1
30 185 1
30 191 1
30 295 1
30 316 1
30 362 1
30 443 1
30 453 1
30 467 1
30 537 1
30 606 1
30 616 1
30 623 1
30 634 1
30 776 1
30 786 1
30 860 1
30 865 1
30 891 1
30 955 1
31 43 1
31 49 1
31 64 1
31 104 1
31 118 1
31 132 1
31 149 1
31 157 1
31 164 1
31 186 1
31 206 1
31 293 1
31 350 1
31 425 1
31 491 1
31 918 1
31 956 1
32 34 1
32 37 1
32 51 1
32 59 1
32 64 1
32 79 1
32 81 1
32 96 1
32 114 1
32 136 1
32 140 1
32 172 1
32 199 1
32 207 1
32 230 1
32 237 1
32 242 1
32 248 1
32 270 1
32 273 1
32 280 1
32 300 1
32 303 1
32 357 1
32 360 1
32 367 1
32 386 1
32 489 1
32 498 1
32 505 1
32 512 1
32 638 1
32 643 1
32 697 1
32 856 1
32 911 1
32 930 1
32 934 1
33 66 1
33 80 1
33 97 1
33 103 1
33 117 1
33 126 1
33 134 1
33 187 1
33 192 1
33 211 1
33 252 1
33 253 1
33 291 1
33 337 1
33 366 1
33 406 1
33 432 1
33 485 1
33 508 1
33 511 1
33 525 1
33 531 1
33 550 1
33 607 1
33 671 1
33 724 1
33 759 1
33 838 1
34 38 1
34 49 1
34 54 1
34 76 1
34 100 1
34 113 1
34 127 1
34 140 1
34 152 1
34 161 1
34 174 1
34 185 1
34 194 1
34 282 1
34 313 1
34 391 1
34 413 1
34 424 1
34 467 1
34 499 1
34 526 1
34 552 1
34 604 1
34 728 1
34 761 1
34 767 1
35 56 1
35 101 1
35 120 1
35 211 1
35 226 1
35 256 1
35 260 1
35 292 1
35 296 1
35 317 1
35 334 1
35 345 1
35 349 1
35 375 1
35 377 1
35 430 1
35 436 1
35 456 1
35 457 1
35 502 1
35 572 1
35 669 1
35 697 1
35 726 1
35 881 1
35 911 1
36 56 1
36 146 1
36 190 1
36 191 1
36 210 1
36 255 1
36 300 1
36 404 1
36 842 1
37 40 1
37 71 1
37 73 1
37 186 1
37 551 1
37 588 1
37 608 1
37 680 1
37 902 1
38 51 1
38 57 1
38 87 1
38 89 1
38 93 1
38 125 1
38 151 1
38 152 1
38 155 1
38 208 1
38 223 1
38 230 1
38 264 1
38 304 1
38 324 1
38 425 1
38 457 1
38 469 1
38 507 1
38 509 1
38 585 1
38 592 1
38 604 1
38 629 1
38 800 1
38 859 1
38 894 1
38 994 1
38 996 1
39 68 1
39 171 1
39 181 1
39 310 1
39 565 1
39 767 1
40 65 1
40 79 1
40 84 1
40 119 1
40 141 1
40 143 1
40 171 1
40 190 1
40 195 1
40 296 1
40 322 1
40 409 1
40 548 1
40 716 1
40 720 1
40 748 1
40 780 1
41 54 1
41 57 1
41 63 1
41 65 1
41 75 1
41 82 1
41 85 1
41 89 1
41 104 1
41 115 1
41 132 1
41 198 1
41 247 1
41 327 1
41 329 1
41 347 1
41 375 1
41 384 1
41 439 1
41 469 1
41 477 1
41 514 1
41 596 1
41 597 1
41 610 1
41 624 1
41 710 1
41 735 1
41 760 1
41 802 1
41 841 1
41 901 1
42 49 1
42 61 1
42 75 1
42 94 1
42 96 1
42 140 1
42 142 1
42 172 1
42 176 1
42 190 1
42 198 1
42 211 1
42 217 1
42 223 1
42 224 1
42 367 1
42 370 1
42 375 1
42 401 1
42 442 1
42 567 1
42 606 1
42 662 1
42 686 1
42 899 1
43 78 1
43 84 1
43 103 1
43 110 1
43 122 1
43 134 1
43 143 1
43 225 1
43 228 1
43 242 1
43 302 1
43 312 1
43 325 1
43 369 1
43 545 1
43 629 1
43 733 1
43 779 1
43 844 1
43 870 1
43 874 1
43 949 1
44 55 1
44 70 1
44 77 1
44 82 1
44 149 1
44 154 1
44 158 1
44 159 1
44 169 1
44 179 1
44 255 1
44 365 1
44 397 1
44 407 1
44 421 1
44 427 1
44 533 1
44 534 1
44 536 1
44 717 1
44 763 1
44 862 1
44 868 1
44 890 1
44 982 1
45 92 1
45 189 1
45 243 1
45 741 1
45 809 1
45 947 1
46 77 1
46 240 1
46 539 1
46 665 1
46 774 1
46 786 1
46 789 1
46 938 1
47 48 1
47 74 1
47 84 1
47 102 1
47 110 1
47 185 1
47 272 1
47 570 1
47 701 1
47 780 1
48 55 1
48 76 1
48 108 1
48 112 1
48 129 1
48 130 1
48 132 1
48 148 1
48 167 1
48 192 1
48 204 1
48 230 1
48 267 1
48 304 1
48 308 1
48 310 1
48 337 1
48 345 1
48 374 1
48 393 1
48 409 1
48 427 1
48 450 1
48 456 1
48 481 1
48 525 1
48 569 1
48 583 1
48 644 1
48 714 1
48 749 1
48 800 1
48 854 1
48 929 1
48 945 1
49 57 1
49 63 1
49 65 1
49 111 1
49 133 1
49 166 1
49 219 1
49 225 1
49 226 1
49 241 1
49 247 1
49 271 1
49 297 1
49 350 1
49 411 1
49 449 1
49 456 1
49 490 1
49 532 1
49 610 1
49 637 1
49 668 1
49 685 1
50 52 1
50 107 1
50 201 1
50 248 1
50 303 1
50 363 1
50 508 1
50 572 1
50 673 1
50 727 1
50 734 1
50 763 1
50 863 1
51 54 1
51 61 1
51 62 1
51 64 1
51 75 1
51 91 1
51 93 1
51 119 1
51 135 1
51 140 1
51 163 1
51 184 1
51 228 1
51 328 1
51 368 1
51 385 1
51 530 1
51 539 1
51 572 1
51 626 1
51 655 1
51 673 1
51 814 1
51 891 1
52 581 1
53 59 1
53 111 1
53 141 1
53 165 1
53 170 1
53 181 1
53 232 1
53 331 1
53 376 1
53 403 1
53 426 1
53 500 1
53 619 1
53 724 1
53 751 1
53 757 1
53 770 1
53 816 1
53 824 1
53 844 1
53 869 1
53 883 1
53 906 1
53 964 1
53 969 1
53 999 1
54 58 1
54 71 1
54 97 1
54 118 1
54 200 1
54 283 1
54 307 1
54 324 1
54 395 1
54 481 1
54 510 1
54 667 1
54 711 1
54 774 1
54 832 1
54 862 1
54 888 1
54 890 1
55 62 1
55 100 1
55 104 1
55 109 1
55 124 1
55 128 1
55 138 1
55 190 1
55 194 1
55 202 1
55 212 1
55 221 1
55 225 1
55 249 1
55 253 1
55 282 1
55 308 1
55 383 1
55 447 1
55 460 1
55 521 1
55 539 1
55 559 1
55 628 1
55 631 1
55 689 1
55 694 1
55 815 1
55 960 1
56 67 1
56 69 1
56 100 1
56 127 1
56 178 1
56 196 1
56 212 1
56 242 1
56 398 1
56 452 1
56 515 1
56 582 1
56 614 1
56 758 1
56 790 1
56 812 1
56 835 1
56 985 1
57 63 1
57 76 1
57 93 1
57 131 1
57 139 1
57 146 1
57 172 1
57 209 1
57 298 1
57 318 1
57 381 1
57 399 1
57 475 1
57 564 1
57 592 1
57 826 1
57 851 1
58 108 1
58 134 1
58 162 1
58 186 1
58 205 1
58 209 1
58 227 1
58 233 1
58 251 1
58 283 1
58 297 1
58 359 1
58 367 1
58 448 1
58 457 1
58 461 1
58 462 1
58 463 1
58 523 1
58 549 1
58 568 1
58 624 1
58 630 1
58 659 1
58 664 1
58 667 1
58 675 1
58 707 1
58 738 1
58 739 1
58 765 1
58 805 1
58 851 1
58 852 1
58 894 1
58 905 1
58 906 1
58 927 1
58 967 1
59 77 1
59 99 1
59 128 1
59 132 1
59 194 1
59 312 1
59 331 1
59 377 1
59 387 1
59 411 1
59 424 1
59 698 1
59 733 1
59 819 1
59 870 1
59 926 1
59 952 1
59 997 1
60 67 1
60 91 1
60 116 1
60 134 1
60 137 1
60 160 1
60 308 1
60 316 1
60 320 1
60 373 1
60 374 1
60 423 1
60 504 1
60 527 1
60 541 1
60 588 1
60 816 1
60 826 1
61 85 1
61 88 1
61 144 1
61 237 1
61 265 1
61 448 1
61 505 1
61 609 1
61 656 1
61 789 1
61 861 1
62 139 1
62 142 1
62 263 1
62 566 1
62 680 1
62 689 1
63 70 1
63 113 1
63 168 1
63 471 1
63 983 1
64 114 1
64 164 1
64 178 1
64 227 1
64 242 1
64 305 1
64 374 1
64 660 1
64 722 1
65 156 1
65 160 1
65 198 1
65 257 1
65 386 1
65 465 1
65 472 1
65 566 1
65 622 1
65 642 1
65 696 1
65 706 1
65 803 1
65 882 1
65 926 1
65 980 1
65 991 1
65 999 1
66 76 1
66 197 1
66 216 1
66 261 1
66 502 1
66 590 1
66 657 1
66 745 1
66 898 1
66 904 1
67 76 1
67 95 1
67 153 1
67 217 1
67 258 1
67 309 1
67 312 1
67 349 1
67 493 1
67 541 1
67 549 1
67 566 1
67 611 1
67 639 1
67 676 1
67 689 1
67 703 1
67 737 1
67 759 1
67 810 1
67 865 1
68 90 1
68 155 1
68 159 1
68 204 1
68 220 1
68 253 1
68 334 1
68 608 1
68 858 1
69 97 1
69 149 1
69 171 1
69 181 1
69 254 1
69 272 1
69 289 1
69 323 1
69 354 1
69 473 1
69 478 1
69 877 1
70 81 1
70 161 1
70 266 1
70 269 1
70 336 1
70 500 1
70 769 1
70 788 1
70 861 1
71 104 1
71 106 1
71 151 1
71 163 1
71 168 1
71 177 1
71 223 1
71 240 1
71 284 1
71 418 1
71 528 1
71 579 1
71 621 1
71 640 1
71 669 1
71 685 1
71 742 1
72 123 1
72 161 1
72 295 1
72 312 1
72 375 1
72 467 1
73 82 1
73 91 1
73 99 1
73 165 1
73 200 1
73 246 1
73 306 1
73 326 1
73 340 1
73 355 1
73 370 1
73 455 1
73 512 1
73 543 1
73 623 1
73 872 1
73 882 1
74 113 1
74 130 1
74 240 1
74 294 1
74 378 1
74 410 1
74 431 1
74 562 1
74 707 1
75 87 1
75 112 1
75 237 1
75 336 1
75 389 1
75 449 1
75 678 1
75 790 1
75 797 1
75 949 1
76 92 1
76 111 1
76 177 1
76 193 1
76 205 1
76 225 1
76 288 1
76 399 1
76 418 1
76 434 1
76 563 1
76 688 1
76 710 1
76 802 1
76 879 1
76 918 1
77 86 1
77 163 1
77 165 1
77 210 1
77 218 1
77 259 1
77 327 1
77 371 1
77 422 1
77 528 1
77 546 1
77 561 1
77 612 1
77 753 1
77 866 1
77 969 1
77 985 1
78 88 1
78 92 1
78 105 1
78 162 1
78 185 1
78 218 1
78 268 1
78 286 1
78 287 1
78 303 1
78 306 1
78 309 1
78 326 1
78 494 1
78 496 1
78 618 1
78 764 1
78 837 1
78 913 1
78 992 1
79 101 1
79 118 1
79 195 1
79 200 1
79 240 1
79 265 1
79 354 1
79 368 1
79 383 1
79 501 1
79 552 1
79 563 1
79 586 1
79 614 1
79 628 1
79 727 1
79 855 1
80 101 1
80 188 1
80 197 1
80 205 1
80 223 1
80 324 1
80 410 1
80 470 1
80 527 1
80 552 1
80 555 1
80 570 1
80 672 1
80 707 1
80 735 1
80 879 1
80 902 1
80 941 1
80 959 1
80 961 1
81 94 1
81 130 1
81 156 1
81 176 1
81 179 1
81 247 1
81 370 1
81 447 1
81 467 1
81 540 1
81 544 1
81 552 1
81 573 1
81 599 1
81 616 1
81 654 1
82 116 1
82 144 1
82 166 1
82 251 1
82 821 1
82 927 1
83 110 1
83 171 1
83 231 1
83 257 1
83 259 1
83 427 1
83 603 1
83 741 1
83 775 1
84 112 1
84 133 1
84 145 1
84 603 1
84 740 1
84 810 1
84 999 1
85 122 1
85 215 1
85 290 1
85 307 1
85 331 1
85 419 1
85 613 1
85 694 1
85 695 1
85 903 1
85 912 1
85 961 1
86 87 1
86 95 1
86 248 1
86 341 1
86 438 1
86 518 1
86 560 1
86 679 1
86 882 1
86 917 1
86 984 1
87 98 1
87 105 1
87 117 1
87 120 1
87 129 1
87 184 1
87 203 1
87 213 1
87 256 1
87 314 1
87 369 1
87 408 1
87 433 1
87 486 1
87 521 1
87 641 1
87 711 1
87 747 1
87 751 1
87 915 1
87 954 1
87 967 1
87 995 1
88 95 1
88 163 1
88 214 1
88 364 1
88 551 1
88 613 1
88 671 1
88 713 1
88 740 1
89 249 1
89 266 1
89 383 1
89 485 1
89 771 1
89 998 1
90 93 1
90 177 1
90 182 1
90 232 1
90 265 1
90 333 1
90 435 1
90 497 1
90 547 1
90 635 1
90 683 1
90 986 1
91 107 1
91 158 1
91 210 1
91 253 1
91 344 1
91 352 1
91 444 1
91 514 1
91 548 1
91 688 1
91 811 1
91 831 1
91 863 1
91 874 1
91 893 1
91 898 1
91 912 1
91 959 1
92 123 1
92 137 1
92 166 1
92 459 1
93 110 1
93 286 1
93 507 1
93 575 1
93 601 1
93 729 1
94 183 1
94 279 1
94 288 1
94 648 1
94 776 1
94 820 1
94 890 1
95 121 1
95 123 1
95 176 1
95 218 1
95 224 1
95 346 1
95 378 1
95 417 1
95 585 1
95 600 1
95 947 1
95 999 1
96 97 1
96 216 1
96 255 1
96 261 1
96 277 1
96 314 1
96 340 1
96 389 1
96 411 1
96 426 1
96 462 1
96 480 1
96 526 1
96 602 1
96 786 1
96 791 1
96 812 1
96 879 1
96 919 1
97 184 1
97 305 1
97 479 1
97 488 1
97 639 1
97 685 1
97 789 1
98 367 1
98 407 1
98 835 1
99 210 1
99 316 1
99 342 1
99 345 1
99 364 1
99 428 1
99 502 1
99 509 1
99 898 1
100 138 1
100 162 1
100 164 1
100 193 1
100 311 1
100 323 1
100 344 1
100 357 1
100 358 1
100 373 1
100 448 1
100 560 1
100 624 1
100 651 1
100 771 1
101 103 1
101 179 1
101 288 1
101 304 1
101 391 1
101 574 1
101 639 1
101 644 1
101 787 1
101 837 1
101 871 1
102 122 1
102 257 1
102 295 1
102 466 1
102 785 1
102 946 1
102 975 1
103 146 1
103 217 1
103 239 1
103 450 1
103 567 1
103 599 1
104 233 1
104 236 1
104 311 1
104 388 1
105 175 1
105 808 1
105 946 1
106 330 1
106 421 1
106 475 1
106 509 1
106 516 1
106 666 1
106 766 1
106 840 1
107 124 1
107 189 1
107 213 1
107 314 1
107 589 1
107 591 1
107 715 1
107 810 1
107 966 1
108 159 1
108 178 1
108 250 1
108 258 1
108 259 1
108 825 1
109 207 1
109 323 1
109 432 1
109 486 1
110 160 1
110 172 1
110 400 1
110 417 1
110 561 1
110 934 1
111 116 1
111 158 1
111 195 1
111 203 1
111 204 1
111 215 1
111 219 1
111 234 1
111 302 1
111 365 1
111 371 1
111 404 1
111 429 1
111 440 1
111 445 1
111 458 1
111 495 1
111 600 1
111 628 1
111 685 1
111 711 1
111 821 1
111 842 1
111 866 1
111 992 1
112 117 1
112 125 1
112 151 1
112 249 1
112 338 1
112 413 1
112 422 1
112 432 1
112 462 1
112 477 1
112 588 1
112 627 1
112 637 1
112 820 1
112 822 1
112 875 1
112 958 1
112 993 1
113 137 1
113 315 1
113 356 1
113 466 1
113 476 1
113 500 1
113 632 1
113 638 1
113 681 1
113 716 1
113 867 1
113 987 1
114 115 1
114 127 1
114 130 1
114 141 1
114 229 1
114 268 1
114 296 1
114 434 1
114 472 1
114 797 1
115 121 1
115 150 1
115 153 1
115 218 1
115 288 1
115 340 1
115 350 1
115 353 1
115 384 1
115 409 1
115 579 1
115 667 1
115 824 1
115 828 1
115 868 1
115 892 1
115 936 1
115 953 1
116 271 1
116 382 1
116 407 1
116 453 1
116 632 1
116 1000 1
117 118 1
117 153 1
117 164 1
117 184 1
117 235 1
117 236 1
117 290 1
117 336 1
117 362 1
117 386 1
117 390 1
117 402 1
117 565 1
117 662 1
117 722 1
117 725 1
118 157 1
118 194 1
118 238 1
118 255 1
118 258 1
118 864 1
118 888 1
119 144 1
119 207 1
119 338 1
119 348 1
119 432 1
119 435 1
119 468 1
119 517 1
119 563 1
119 568 1
119 781 1
120 291 1
120 569 1
121 125 1
121 173 1
121 188 1
121 263 1
121 319 1
121 451 1
121 674 1
121 957 1
121 967 1
122 131 1
122 139 1
122 246 1
122 299 1
122 300 1
122 328 1
122 355 1
122 359 1
122 392 1
122 421 1
122 446 1
122 488 1
122 493 1
122 508 1
122 549 1
122 656 1
122 659 1
122 747 1
122 910 1
122 923 1
122 937 1
122 971 1
123 138 1
123 153 1
123 361 1
123 483 1
123 488 1
123 700 1
123 850 1
123 856 1
124 232 1
124 362 1
124 369 1
124 778 1
124 928 1
125 313 1
125 447 1
125 699 1
125 753 1
126 128 1
126 200 1
126 260 1
126 284 1
126 301 1
126 324 1
126 341 1
126 358 1
126 406 1
126 519 1
126 577 1
126 627 1
126 713 1
126 771 1
126 792 1
126 841 1
126 943 1
126 981 1
127 130 1
127 131 1
127 201 1
127 272 1
127 423 1
127 449 1
127 494 1
127 659 1
127 702 1
128 132 1
128 332 1
128 364 1
128 414 1
128 553 1
129 141 1
129 169 1
129 232 1
129 238 1
129 261 1
129 344 1
129 417 1
129 422 1
129 438 1
129 468 1
129 772 1
129 819 1
130 148 1
130 198 1
130 410 1
130 799 1
130 930 1
131 342 1
131 377 1
131 565 1
131 749 1
131 780 1
132 135 1
132 193 1
132 291 1
132 348 1
132 365 1
132 444 1
132 460 1
132 722 1
132 873 1
133 147 1
133 197 1
133 245 1
133 280 1
133 388 1
133 423 1
133 540 1
133 571 1
133 675 1
133 689 1
133 709 1
133 740 1
134 164 1
134 230 1
134 276 1
134 285 1
134 303 1
134 314 1
134 377 1
134 471 1
134 473 1
134 505 1
134 561 1
134 595 1
134 636 1
134 744 1
134 858 1
134 996 1
135 173 1
135 280 1
135 315 1
135 384 1
135 394 1
135 418 1
135 593 1
135 599 1
136 335 1
136 497 1
136 545 1
136 625 1
137 139 1
137 144 1
137 156 1
137 213 1
137 512 1
137 856 1
137 869 1
137 921 1
137 998 1
138 271 1
138 468 1
138 741 1
138 760 1
139 143 1
139 148 1
139 268 1
139 321 1
139 328 1
139 332 1
139 397 1
139 400 1
139 427 1
139 451 1
139 469 1
139 647 1
139 714 1
139 733 1
140 169 1
140 178 1
140 211 1
140 226 1
140 327 1
140 442 1
140 506 1
140 537 1
140 544 1
140 573 1
140 629 1
140 738 1
140 771 1
140 847 1
141 408 1
141 499 1
141 584 1
141 653 1
141 962 1
142 156 1
142 201 1
142 220 1
142 236 1
142 614 1
142 712 1
143 151 1
143 161 1
143 194 1
143 238 1
143 285 1
143 437 1
143 660 1
143 679 1
143 826 1
143 940 1
143 946 1
143 964 1
143 976 1
144 147 1
144 162 1
144 174 1
144 186 1
144 319 1
144 347 1
144 413 1
144 580 1
144 684 1
144 887 1
144 957 1
144 974 1
145 241 1
145 276 1
145 289 1
145 910 1
146 239 1
146 269 1
146 349 1
146 400 1
146 527 1
146 617 1
146 622 1
146 705 1
146 783 1
146 895 1
147 323 1
147 381 1
147 463 1
147 534 1
147 693 1
147 891 1
147 915 1
148 260 1
148 320 1
148 331 1
148 352 1
148 382 1
148 405 1
148 428 1
148 454 1
148 537 1
148 653 1
148 656 1
148 707 1
148 834 1
148 851 1
148 924 1
149 458 1
149 520 1
149 701 1
149 775 1
149 792 1
149 905 1
149 926 1
149 937 1
150 154 1
150 192 1
150 248 1
150 312 1
150 406 1
150 605 1
150 683 1
150 699 1
150 997 1
150 998 1
151 165 1
151 175 1
151 189 1
151 236 1
151 299 1
151 388 1
151 454 1
151 464 1
151 585 1
151 730 1
151 839 1
152 154 1
152 222 1
152 235 1
152 317 1
152 358 1
152 382 1
152 559 1
152 662 1
153 217 1
154 295 1
154 319 1
154 580 1
154 758 1
154 857 1
155 166 1
156 335 1
156 370 1
156 372 1
156 649 1
156 855 1
157 199 1
157 347 1
157 554 1
157 698 1
157 779 1
157 797 1
158 230 1
158 622 1
158 698 1
158 905 1
158 929 1
158 932 1
159 160 1
159 191 1
159 227 1
159 325 1
159 399 1
159 538 1
159 626 1
159 686 1
159 843 1
159 857 1
159 922 1
160 172 1
160 175 1
160 191 1
160 247 1
160 267 1
160 286 1
160 289 1
160 292 1
160 440 1
160 704 1
160 719 1
160 760 1
160 779 1
160 835 1
160 841 1
160 942 1
161 373 1
161 392 1
161 534 1
161 617 1
161 751 1
161 933 1
162 222 1
162 455 1
163 249 1
163 360 1
163 480 1
163 486 1
163 497 1
163 603 1
163 628 1
163 898 1
163 972 1
164 233 1
164 243 1
164 282 1
164 357 1
164 452 1
164 639 1
164 733 1
164 742 1
164 777 1
164 784 1
164 863 1
164 889 1
165 174 1
165 179 1
165 234 1
165 345 1
165 355 1
165 545 1
165 743 1
165 749 1
165 806 1
165 961 1
166 215 1
166 264 1
166 329 1
166 330 1
166 343 1
166 513 1
166 582 1
166 627 1
166 743 1
166 890 1
166 932 1
166 981 1
167 271 1
167 502 1
167 637 1
167 726 1
167 805 1
167 837 1
168 338 1
168 794 1
169 214 1
169 286 1
169 442 1
169 531 1
169 700 1
169 892 1
169 893 1
169 945 1
170 187 1
170 270 1
170 319 1
170 329 1
170 472 1
170 475 1
170 597 1
172 364 1
173 180 1
173 266 1
173 474 1
173 535 1
173 743 1
173 907 1
174 201 1
174 228 1
174 306 1
174 442 1
174 642 1
174 723 1
174 810 1
174 836 1
175 274 1
175 350 1
175 398 1
175 416 1
175 590 1
175 619 1
175 667 1
175 940 1
176 455 1
176 479 1
176 626 1
176 727 1
176 736 1
176 798 1
176 953 1
177 209 1
177 622 1
177 673 1
177 753 1
177 915 1
178 226 1
178 718 1
179 206 1
179 213 1
179 231 1
179 232 1
179 317 1
179 359 1
179 540 1
179 541 1
179 584 1
179 618 1
179 635 1
179 860 1
179 869 1
179 895 1
179 987 1
180 181 1
180 183 1
180 213 1
180 266 1
180 276 1
180 308 1
180 455 1
180 550 1
180 632 1
180 714 1
180 740 1
180 755 1
180 962 1
180 989 1
181 189 1
181 291 1
181 367 1
182 229 1
183 613 1
183 835 1
184 267 1
184 279 1
184 436 1
184 473 1
184 489 1
185 252 1
185 516 1
185 704 1
186 208 1
186 272 1
186 393 1
186 406 1
186 420 1
186 427 1
186 480 1
186 487 1
186 529 1
186 683 1
186 900 1
186 914 1
186 919 1
187 270 1
187 526 1
187 661 1
187 702 1
187 995 1
188 241 1
188 344 1
188 364 1
188 389 1
188 438 1
188 868 1
188 923 1
188 995 1
189 335 1
190 263 1
190 318 1
190 343 1
190 446 1
190 519 1
190 560 1
190 692 1
190 708 1
190 868 1
190 917 1
191 275 1
191 327 1
191 461 1
191 503 1
191 1000 1
192 278 1
192 298 1
192 316 1
192 339 1
192 354 1
192 403 1
192 459 1
192 503 1
192 659 1
192 728 1
192 732 1
192 774 1
192 807 1
192 814 1
192 877 1
192 884 1
192 918 1
193 343 1
193 504 1
193 616 1
193 867 1
194 214 1
194 245 1
194 274 1
194 305 1
194 338 1
194 575 1
194 583 1
194 586 1
194 696 1
194 756 1
194 848 1
194 916 1
194 928 1
194 942 1
194 969 1
194 973 1
195 197 1
195 248 1
195 260 1
195 542 1
195 613 1
195 692 1
196 199 1
196 245 1
196 731 1
196 775 1
196 788 1
196 820 1
196 866 1
196 921 1
197 257 1
197 269 1
197 277 1
197 283 1
197 360 1
197 651 1
197 718 1
197 860 1
197 894 1
197 939 1
198 567 1
198 844 1
198 874 1
198 920 1
198 959 1
199 200 1
199 320 1
199 372 1
199 482 1
199 491 1
199 723 1
199 752 1
199 779 1
199 858 1
200 203 1
200 236 1
200 376 1
200 486 1
200 607 1
200 679 1
200 682 1
200 893 1
201 262 1
201 322 1
201 973 1
202 207 1
202 283 1
202 304 1
202 318 1
202 380 1
202 416 1
202 443 1
202 578 1
202 990 1
203 463 1
203 823 1
203 974 1
204 267 1
204 348 1
204 415 1
204 497 1
204 604 1
204 633 1
204 739 1
204 773 1
204 799 1
204 845 1
204 987 1
205 293 1
205 438 1
205 453 1
205 601 1
205 658 1
206 332 1
206 466 1
206 564 1
206 580 1
206 810 1
206 926 1
206 944 1
207 244 1
207 317 1
208 285 1
208 354 1
208 587 1
208 713 1
208 745 1
208 755 1
208 775 1
209 214 1
209 251 1
209 368 1
209 594 1
209 671 1
209 864 1
209 892 1
209 985 1
210 281 1
210 335 1
210 831 1
210 878 1
211 296 1
211 383 1
211 478 1
211 485 1
211 589 1
211 736 1
211 757 1
212 276 1
212 378 1
212 394 1
212 412 1
212 416 1
212 445 1
212 584 1
212 638 1
212 695 1
212 788 1
212 893 1
212 917 1
212 925 1
212 945 1
213 500 1
213 535 1
213 630 1
213 889 1
214 555 1
214 775 1
214 878 1
215 246 1
215 315 1
215 435 1
215 597 1
215 620 1
215 631 1
215 657 1
215 677 1
215 698 1
216 237 1
216 238 1
216 522 1
216 883 1
216 897 1
216 918 1
217 322 1
217 327 1
217 339 1
217 437 1
218 279 1
218 319 1
218 325 1
218 498 1
218 595 1
218 655 1
218 663 1
218 760 1
218 827 1
218 879 1
218 938 1
218 971 1
218 1000 1
219 315 1
219 341 1
219 472 1
219 498 1
219 524 1
219 822 1
219 953 1
220 413 1
220 476 1
220 598 1
220 875 1
221 302 1
221 336 1
221 491 1
221 510 1
221 548 1
221 911 1
222 516 1
222 557 1
223 307 1
224 663 1
224 734 1
224 764 1
224 871 1
224 873 1
224 968 1
225 305 1
225 326 1
225 388 1
225 405 1
225 500 1
225 571 1
225 630 1
225 652 1
225 684 1
226 242 1
226 281 1
226 581 1
226 812 1
226 842 1
226 845 1
226 859 1
227 251 1
227 290 1
227 727 1
227 995 1
228 339 1
228 519 1
228 528 1
228 588 1
228 881 1
229 361 1
229 520 1
229 747 1
229 795 1
229 954 1
230 477 1
230 624 1
231 889 1
231 935 1
232 292 1
232 337 1
232 509 1
232 574 1
232 701 1
232 952 1
233 278 1
233 315 1
233 342 1
233 363 1
233 524 1
233 556 1
233 805 1
233 890 1
234 356 1
234 400 1
234 563 1
234 730 1
234 770 1
234 880 1
235 273 1
235 522 1
235 551 1
235 664 1
235 692 1
235 844 1
235 881 1
236 265 1
236 273 1
236 430 1
236 730 1
237 503 1
237 515 1
237 945 1
237 971 1
238 403 1
239 412 1
239 452 1
240 425 1
240 772 1
241 262 1
241 402 1
241 593 1
241 811 1
241 883 1
242 372 1
242 982 1
243 622 1
244 267 1
244 435 1
244 620 1
244 951 1
245 420 1
245 509 1
245 643 1
245 695 1
245 807 1
245 1000 1
246 250 1
246 412 1
246 673 1
246 696 1
247 318 1
247 483 1
248 738 1
248 975 1
249 252 1
249 275 1
249 332 1
249 360 1
249 396 1
249 441 1
249 521 1
249 607 1
249 615 1
249 950 1
250 679 1
250 834 1
251 365 1
251 391 1
251 434 1
251 461 1
251 470 1
251 588 1
252 309 1
252 522 1
252 574 1
252 723 1
252 838 1
252 871 1
252 960 1
253 453 1
253 577 1
254 294 1
254 355 1
254 512 1
254 574 1
254 666 1
254 768 1
254 785 1
254 800 1
254 814 1
254 862 1
254 880 1
254 908 1
254 956 1
255 393 1
255 424 1
255 490 1
255 867 1
255 956 1
256 558 1
256 748 1
256 963 1
257 311 1
257 421 1
257 546 1
257 864 1
257 962 1
258 311 1
258 329 1
258 437 1
258 507 1
258 820 1
259 277 1
259 298 1
259 376 1
259 460 1
259 522 1
259 569 1
259 576 1
259 704 1
259 963 1
260 283 1
260 346 1
260 385 1
260 535 1
260 571 1
260 746 1
260 873 1
261 284 1
261 297 1
261 359 1
261 402 1
261 636 1
261 807 1
261 818 1
262 291 1
262 445 1
262 712 1
262 760 1
263 378 1
263 415 1
264 269 1
264 284 1
264 341 1
264 525 1
264 644 1
264 681 1
264 768 1
264 789 1
264 875 1
265 431 1
265 437 1
265 479 1
265 521 1
265 590 1
265 834 1
265 854 1
265 978 1
266 313 1
266 993 1
267 281 1
267 664 1
268 282 1
268 698 1
268 784 1
268 968 1
269 328 1
269 389 1
269 641 1
270 454 1
270 697 1
270 837 1
270 841 1
270 857 1
270 951 1
271 326 1
271 347 1
271 543 1
271 626 1
273 401 1
273 443 1
273 505 1
273 807 1
273 833 1
273 848 1
274 502 1
275 277 1
275 601 1
275 642 1
275 887 1
276 551 1
276 640 1
276 665 1
276 678 1
276 693 1
278 646 1
278 685 1
278 913 1
279 407 1
279 453 1
279 660 1
279 939 1
280 288 1
280 403 1
280 471 1
280 590 1
280 612 1
280 702 1
280 902 1
280 976 1
280 995 1
281 368 1
281 390 1
281 400 1
281 436 1
281 560 1
281 745 1
281 754 1
281 777 1
281 799 1
281 842 1
281 976 1
282 629 1
282 839 1
283 323 1
283 840 1
283 963 1
284 483 1
284 524 1
284 754 1
284 948 1
285 707 1
285 823 1
285 952 1
286 416 1
286 466 1
286 474 1
286 663 1
287 321 1
287 731 1
288 424 1
288 494 1
288 576 1
288 590 1
288 621 1
288 646 1
288 661 1
288 700 1
288 777 1
288 805 1
288 949 1
289 366 1
289 369 1
289 395 1
289 440 1
289 511 1
289 741 1
289 744 1
289 803 1
290 299 1
290 351 1
290 417 1
290 670 1
290 715 1
290 717 1
290 782 1
290 977 1
291 543 1
291 544 1
291 619 1
291 817 1
291 847 1
291 977 1
292 361 1
292 681 1
292 691 1
292 723 1
292 737 1
293 334 1
293 339 1
293 390 1
293 492 1
293 598 1
293 660 1
293 709 1
293 743 1
294 334 1
294 449 1
294 579 1
294 716 1
294 906 1
295 513 1
295 547 1
295 643 1
295 717 1
295 850 1
295 855 1
295 944 1
295 966 1
296 668 1
296 759 1
297 393 1
297 395 1
297 560 1
298 302 1
298 310 1
298 338 1
298 351 1
298 467 1
298 665 1
298 781 1
298 939 1
299 346 1
300 318 1
300 411 1
300 412 1
300 454 1
300 474 1
300 543 1
300 718 1
300 724 1
301 499 1
301 920 1
302 445 1
302 696 1
302 744 1
302 782 1
302 856 1
302 943 1
303 440 1
303 979 1
304 398 1
304 532 1
304 549 1
304 727 1
304 806 1
304 822 1
304 845 1
307 702 1
307 734 1
308 310 1
308 496 1
308 735 1
309 573 1
309 687 1
309 720 1
310 594 1
310 636 1
311 773 1
312 313 1
312 583 1
312 611 1
312 752 1
312 757 1
313 350 1
313 380 1
313 492 1
313 877 1
313 989 1
314 459 1
314 510 1
314 570 1
315 517 1
315 609 1
315 705 1
315 796 1
315 855 1
315 858 1
315 894 1
315 905 1
315 970 1
316 337 1
316 404 1
316 450 1
316 798 1
316 864 1
316 886 1
316 972 1
317 425 1
317 441 1
318 390 1
318 633 1
318 650 1
318 994 1
319 470 1
319 589 1
319 635 1
320 391 1
320 542 1
320 907 1
321 546 1
321 852 1
321 973 1
322 382 1
322 395 1
322 397 1
322 529 1
322 710 1
322 814 1
323 351 1
323 357 1
323 506 1
324 373 1
324 748 1
325 632 1
325 695 1
326 341 1
326 518 1
326 850 1
327 979 1
328 432 1
328 519 1
329 359 1
329 405 1
329 441 1
329 465 1
329 553 1
329 580 1
329 644 1
329 660 1
330 339 1
330 415 1
330 426 1
330 505 1
330 669 1
330 780 1
330 878 1
331 405 1
331 407 1
331 414 1
331 489 1
331 544 1
331 619 1
331 631 1
332 405 1
332 408 1
332 420 1
332 664 1
332 765 1
332 883 1
332 901 1
333 559 1
333 764 1
333 778 1
334 532 1
334 688 1
334 726 1
334 962 1
335 375 1
335 376 1
335 387 1
335 431 1
335 693 1
335 929 1
335 938 1
335 993 1
336 346 1
336 368 1
336 717 1
336 959 1
337 493 1
337 557 1
338 555 1
338 875 1
339 387 1
339 838 1
340 388 1
340 471 1
340 782 1
340 850 1
340 860 1
340 981 1
341 603 1
341 607 1
341 684 1
341 751 1
341 753 1
341 942 1
342 381 1
342 394 1
342 406 1
343 577 1
343 591 1
344 446 1
345 448 1
345 491 1
345 514 1
346 415 1
346 433 1
346 681 1
347 363 1
347 484 1
347 756 1
347 811 1
347 901 1
347 911 1
347 934 1
348 392 1
348 479 1
348 598 1
348 699 1
348 924 1
348 967 1
349 419 1
349 468 1
349 499 1
349 536 1
349 554 1
349 569 1
349 898 1
349 949 1
350 523 1
350 705 1
350 944 1
351 356 1
351 442 1
351 451 1
351 487 1
352 416 1
352 444 1
352 465 1
352 587 1
352 675 1
352 678 1
352 794 1
352 819 1
352 891 1
352 910 1
353 965 1
354 512 1
354 537 1
354 593 1
354 974 1
355 445 1
355 484 1
355 531 1
355 690 1
355 731 1
355 851 1
355 872 1
356 357 1
356 422 1
356 504 1
356 618 1
356 790 1
356 907 1
356 936 1
357 514 1
358 371 1
358 640 1
358 980 1
359 433 1
359 804 1
359 909 1
360 556 1
361 431 1
361 495 1
361 518 1
361 539 1
361 916 1
362 600 1
363 720 1
363 758 1
364 433 1
364 884 1
364 889 1
364 996 1
365 440 1
365 462 1
366 701 1
366 706 1
366 887 1
367 385 1
367 459 1
367 541 1
367 592 1
367 635 1
367 656 1
367 832 1
367 885 1
367 972 1
368 655 1
368 783 1
368 817 1
369 394 1
369 456 1
369 528 1
369 744 1
369 769 1
369 825 1
369 986 1
370 429 1
370 706 1
371 408 1
371 436 1
371 552 1
371 568 1
371 580 1
371 772 1
372 404 1
372 650 1
373 564 1
373 565 1
373 813 1
373 931 1
373 982 1
374 540 1
374 954 1
375 450 1
376 526 1
376 648 1
376 702 1
376 847 1
376 853 1
376 953 1
376 975 1
377 403 1
377 439 1
377 732 1
377 843 1
377 980 1
378 397 1
378 738 1
379 621 1
379 971 1
379 983 1
380 414 1
380 437 1
380 684 1
380 691 1
381 393 1
381 401 1
381 402 1
381 914 1
382 481 1
382 517 1
382 692 1
382 808 1
382 813 1
382 951 1
383 523 1
383 691 1
383 693 1
383 732 1
384 635 1
384 721 1
384 965 1
385 719 1
385 872 1
386 803 1
387 510 1
387 649 1
387 987 1
388 965 1
389 553 1
389 645 1
390 464 1
390 988 1
391 401 1
391 458 1
391 682 1
391 739 1
392 691 1
392 888 1
392 941 1
393 439 1
393 615 1
393 669 1
393 686 1
393 764 1
394 504 1
395 426 1
395 468 1
395 625 1
395 633 1
395 648 1
396 409 1
396 529 1
397 401 1
397 429 1
397 683 1
397 936 1
397 997 1
398 443 1
398 721 1
398 849 1
398 884 1
399 555 1
399 827 1
399 882 1
399 993 1
400 803 1
400 844 1
401 475 1
401 484 1
401 489 1
401 752 1
402 458 1
402 587 1
402 655 1
402 659 1
402 716 1
404 784 1
404 823 1
405 798 1
406 587 1
406 972 1
407 422 1
407 903 1
407 904 1
408 769 1
408 846 1
409 476 1
409 487 1
409 613 1
409 960 1
410 620 1
410 687 1
410 776 1
411 596 1
411 931 1
412 465 1
412 553 1
412 576 1
412 602 1
412 611 1
412 747 1
413 645 1
414 508 1
415 420 1
415 600 1
415 633 1
415 901 1
415 955 1
416 457 1
416 608 1
416 930 1
418 482 1
418 636 1
418 763 1
418 897 1
419 507 1
419 631 1
419 676 1
419 683 1
419 896 1
420 947 1
422 648 1
422 793 1
423 530 1
424 426 1
424 494 1
424 836 1
424 850 1
425 583 1
425 969 1
426 503 1
426 515 1
426 877 1
426 922 1
427 661 1
428 493 1
428 556 1
428 649 1
428 742 1
428 950 1
429 434 1
429 601 1
429 762 1
429 858 1
429 931 1
429 942 1
429 975 1
430 568 1
430 872 1
430 889 1
431 597 1
431 746 1
432 466 1
432 478 1
432 494 1
432 708 1
432 761 1
433 479 1
433 645 1
433 663 1
433 696 1
433 841 1
433 896 1
434 447 1
434 817 1
435 514 1
435 623 1
435 832 1
435 977 1
437 632 1
438 566 1
439 561 1
440 625 1
442 658 1
443 452 1
443 501 1
443 583 1
443 584 1
443 596 1
444 481 1
444 546 1
444 563 1
444 650 1
445 639 1
445 640 1
446 651 1
447 610 1
447 944 1
448 623 1
448 677 1
449 464 1
449 615 1
449 649 1
449 948 1
449 952 1
451 752 1
451 764 1
451 801 1
452 897 1
453 573 1
454 469 1
454 649 1
455 575 1
455 729 1
455 859 1
455 880 1
456 487 1
456 701 1
456 867 1
457 484 1
459 913 1
460 473 1
461 488 1
461 793 1
462 565 1
463 474 1
463 536 1
463 542 1
463 738 1
464 481 1
465 474 1
465 515 1
465 527 1
465 578 1
465 680 1
465 997 1
468 533 1
468 551 1
468 634 1
468 730 1
468 935 1
470 557 1
470 985 1
470 998 1
471 532 1
471 671 1
471 722 1
472 475 1
472 640 1
473 480 1
473 492 1
473 752 1
473 956 1
474 545 1
475 790 1
476 482 1
476 802 1
477 787 1
478 490 1
479 508 1
479 958 1
480 647 1
480 715 1
480 753 1
481 750 1
482 592 1
482 672 1
483 501 1
483 596 1
483 606 1
483 686 1
483 978 1
484 529 1
485 591 1
485 680 1
485 736 1
485 952 1
487 513 1
488 561 1
488 612 1
490 535 1
490 931 1
491 520 1
491 586 1
491 617 1
491 642 1
491 658 1
491 692 1
491 711 1
491 750 1
491 757 1
491 829 1
491 884 1
492 598 1
492 706 1
492 800 1
492 811 1
492 853 1
492 913 1
493 717 1
494 605 1
494 831 1
495 496 1
495 599 1
495 908 1
495 919 1
496 554 1
499 620 1
499 827 1
499 830 1
500 534 1
500 558 1
500 586 1
500 592 1
500 642 1
500 771 1
500 876 1
500 899 1
500 924 1
500 957 1
501 748 1
501 781 1
502 694 1
502 934 1
503 608 1
503 754 1
505 647 1
505 772 1
505 901 1
505 986 1
506 518 1
507 526 1
507 830 1
510 589 1
510 768 1
510 795 1
510 968 1
511 822 1
512 519 1
512 540 1
512 574 1
512 599 1
512 878 1
513 595 1
513 862 1
515 547 1
515 697 1
516 530 1
516 670 1
516 674 1
516 734 1
517 801 1
518 544 1
519 689 1
520 579 1
520 687 1
520 948 1
521 765 1
521 809 1
521 921 1
522 776 1
522 801 1
522 976 1
523 548 1
523 883 1
524 550 1
524 725 1
525 609 1
525 769 1
526 661 1
526 903 1
529 650 1
529 743 1
529 885 1
530 578 1
530 615 1
530 845 1
530 886 1
531 912 1
531 960 1
532 571 1
532 645 1
532 821 1
535 832 1
537 594 1
538 559 1
538 729 1
539 604 1
539 873 1
540 703 1
540 755 1
540 839 1
540 943 1
541 608 1
541 668 1
541 909 1
541 990 1
542 553 1
542 666 1
542 709 1
542 828 1
542 927 1
543 610 1
543 654 1
543 918 1
544 545 1
544 761 1
544 785 1
544 869 1
547 625 1
547 928 1
548 555 1
548 602 1
548 787 1
549 558 1
549 792 1
549 912 1
550 557 1
550 712 1
550 786 1
550 828 1
551 610 1
551 621 1
551 902 1
552 758 1
552 815 1
554 725 1
554 817 1
555 756 1
555 830 1
556 623 1
556 690 1
556 744 1
556 897 1
557 593 1
557 652 1
557 729 1
558 650 1
558 842 1
560 868 1
561 634 1
561 750 1
561 791 1
561 915 1
562 731 1
562 791 1
562 865 1
563 585 1
564 651 1
565 703 1
565 899 1
567 770 1
567 808 1
567 847 1
568 596 1
568 986 1
569 716 1
569 783 1
569 947 1
571 572 1
571 704 1
571 766 1
571 799 1
572 591 1
572 979 1
573 724 1
573 843 1
574 621 1
574 670 1
576 750 1
576 903 1
576 973 1
579 867 1
580 695 1
581 981 1
582 602 1
582 612 1
582 646 1
582 674 1
582 728 1
582 896 1
582 970 1
583 686 1
583 922 1
584 682 1
584 987 1
587 718 1
587 865 1
587 991 1
588 777 1
588 829 1
589 790 1
589 853 1
590 629 1
590 676 1
590 732 1
590 830 1
591 818 1
592 703 1
592 776 1
592 809 1
592 887 1
592 925 1
592 953 1
593 922 1
593 927 1
594 665 1
594 725 1
595 676 1
598 728 1
599 672 1
600 821 1
601 818 1
601 877 1
602 647 1
602 878 1
602 950 1
604 758 1
604 941 1
606 611 1
606 627 1
606 641 1
607 732 1
608 766 1
610 697 1
610 735 1
610 797 1
610 802 1
610 816 1
611 694 1
614 813 1
614 900 1
614 966 1
615 619 1
615 674 1
615 684 1
615 724 1
615 770 1
615 892 1
617 807 1
617 813 1
619 682 1
619 806 1
619 948 1
620 644 1
621 751 1
622 669 1
622 823 1
623 913 1
625 767 1
625 803 1
625 818 1
625 912 1
626 849 1
626 863 1
627 645 1
628 721 1
628 840 1
629 769 1
631 917 1
632 825 1
633 755 1
634 694 1
634 852 1
636 749 1
636 773 1
638 886 1
638 909 1
639 765 1
639 784 1
639 988 1
640 833 1
640 983 1
641 673 1
642 849 1
643 648 1
643 715 1
643 780 1
643 941 1
644 838 1
644 881 1
644 910 1
645 903 1
646 654 1
646 677 1
647 759 1
647 792 1
649 808 1
649 921 1
650 653 1
652 804 1
652 849 1
653 812 1
653 820 1
653 825 1
654 834 1
654 899 1
654 976 1
656 823 1
656 932 1
656 979 1
657 783 1
657 977 1
659 963 1
659 966 1
660 892 1
660 906 1
661 705 1
661 713 1
661 794 1
662 911 1
664 930 1
665 869 1
666 906 1
667 734 1
669 980 1
671 742 1
672 793 1
673 705 1
673 860 1
675 994 1
677 881 1
678 726 1
678 843 1
681 754 1
681 837 1
683 928 1
684 773 1
684 809 1
686 857 1
686 870 1
689 690 1
689 789 1
689 792 1
690 876 1
690 895 1
690 978 1
692 746 1
692 815 1
692 848 1
692 876 1
694 784 1
695 719 1
695 829 1
699 916 1
699 917 1
700 726 1
702 781 1
703 828 1
705 806 1
707 719 1
707 788 1
710 899 1
710 970 1
710 974 1
712 855 1
713 762 1
713 974 1
716 824 1
716 935 1
718 836 1
720 799 1
720 886 1
722 895 1
726 859 1
728 891 1
729 827 1
729 928 1
731 737 1
731 824 1
731 920 1
732 762 1
732 924 1
732 950 1
732 971 1
732 990 1
737 955 1
739 843 1
743 968 1
747 970 1
749 781 1
751 763 1
751 831 1
751 833 1
752 857 1
752 871 1
754 840 1
754 864 1
755 865 1
757 798 1
757 847 1
759 991 1
761 767 1
761 900 1
763 830 1
763 871 1
768 814 1
769 849 1
769 929 1
771 939 1
772 923 1
773 804 1
779 829 1
786 916 1
786 946 1
790 978 1
792 965 1
793 833 1
795 984 1
798 852 1
806 859 1
806 933 1
808 870 1
808 914 1
813 866 1
813 991 1
815 937 1
819 996 1
821 863 1
823 866 1
827 943 1
829 848 1
830 969 1
831 880 1
831 933 1
831 968 1
833 885 1
834 973 1
837 882 1
837 929 1
840 845 1
841 861 1
842 907 1
842 909 1
845 908 1
845 938 1
845 988 1
848 924 1
849 955 1
850 938 1
854 993 1
858 932 1
860 958 1
862 900 1
863 921 1
864 870 1
865 984 1
867 964 1
871 958 1
873 947 1
879 964 1
881 983 1
886 984 1
887 919 1
908 933 1
908 945 1
912 961 1
923 936 1
924 951 1
926 956 1
927 951 1
937 940 1
939 992 1
942 967 1
948 954 1
950 978 1
950 985 1
952 983 1
954 992 1
955 962 1
966 990 1
997 999 1
