1000 4975
1 2 1
1 3 1
1 4 1
1 5 1
1 6 1
1 7 1
1 8 1
1 9 1
1 10 1
1 13 1
1 14 1
1 15 1
1 16 1
1 19 1
1 20 1
1 21 1
1 24 1
1 27 1
1 29 1
1 33 1
1 47 1
1 52 1
1 56 1
1 60 1
1 61 1
1 62 1
1 65 1
1 68 1
1 69 1
1 71 1
1 72 1
1 73 1
1 76 1
1 79 1
1 83 1
1 90 1
1 105 1
1 107 1
1 110 1
1 114 1
1 125 1
1 127 1
1 131 1
1 134 1
1 135 1
1 137 1
1 142 1
1 159 1
1 164 1
1 168 1
1 169 1
1 182 1
1 184 1
1 197 1
1 200 1
1 201 1
1 210 1
1 232 1
1 241 1
1 267 1
1 275 1
1 285 1
1 299 1
1 305 1
1 308 1
1 309 1
1 314 1
1 320 1
1 326 1
1 330 1
1 410 1
1 451 1
1 506 1
1 534 1
1 543 1
1 547 1
1 551 1
1 575 1
1 594 1
1 602 1
1 603 1
1 641 1
1 667 1
1 711 1
1 716 1
1 729 1
1 763 1
1 810 1
1 826 1
1 829 1
1 833 1
1 839 1
1 841 1
1 847 1
1 851 1
1 859 1
1 863 1
1 867 1
1 868 1
1 875 1
1 877 1
1 881 1
1 897 1
1 919 1
1 921 1
1 935 1
1 942 1
1 952 1
1 954 1
1 984 1
2 96 1
2 113 1
2 117 1
2 149 1
2 160 1
2 260 1
2 304 1
2 368 1
2 401 1
2 408 1
2 449 1
2 637 1
2 676 1
2 742 1
2 802 1
2 969 1
3 7 1
3 8 1
3 9 1
3 11 1
3 12 1
3 13 1
3 14 1
3 18 1
3 20 1
3 36 1
3 44 1
3 45 1
3 48 1
3 50 1
3 59 1
3 60 1
3 63 1
3 66 1
3 71 1
3 79 1
3 98 1
3 106 1
3 121 1
3 136 1
3 139 1
3 143 1
3 145 1
3 147 1
3 150 1
3 155 1
3 157 1
3 169 1
3 194 1
3 210 1
3 245 1
3 265 1
3 271 1
3 285 1
3 288 1
3 292 1
3 300 1
3 301 1
3 305 1
3 307 1
3 318 1
3 322 1
3 336 1
3 355 1
3 360 1
3 387 1
3 388 1
3 389 1
3 390 1
3 421 1
3 424 1
3 448 1
3 484 1
3 494 1
3 509 1
3 545 1
3 596 1
3 623 1
3 662 1
3 664 1
3 695 1
3 708 1
3 766 1
3 776 1
3 813 1
3 851 1
3 861 1
3 874 1
3 889 1
3 948 1
3 999 1
4 7 1
4 8 1
4 10 1
4 12 1
4 14 1
4 22 1
4 26 1
4 30 1
4 38 1
4 50 1
4 51 1
4 74 1
4 81 1
4 85 1
4 116 1
4 165 1
4 170 1
4 196 1
4 215 1
4 247 1
4 266 1
4 280 1
4 325 1
4 326 1
4 370 1
4 377 1
4 386 1
4 395 1
4 415 1
4 419 1
4 475 1
4 489 1
4 508 1
4 567 1
4 578 1
4 624 1
4 692 1
4 791 1
4 845 1
4 872 1
4 882 1
4 892 1
4 914 1
4 939 1
4 941 1
4 955 1
4 995 1
5 7 1
5 8 1
5 9 1
5 11 1
5 13 1
5 15 1
5 17 1
5 19 1
5 20 1
5 24 1
5 26 1
5 34 1
5 42 1
5 49 1
5 50 1
5 54 1
5 67 1
5 69 1
5 74 1
5 80 1
5 89 1
5 94 1
5 95 1
5 97 1
5 99 1
5 103 1
5 109 1
5 110 1
5 117 1
5 122 1
5 143 1
5 149 1
5 153 1
5 157 1
5 167 1
5 174 1
5 179 1
5 190 1
5 198 1
5 206 1
5 213 1
5 244 1
5 245 1
5 246 1
5 267 1
5 271 1
5 274 1
5 284 1
5 299 1
5 303 1
5 308 1
5 310 1
5 312 1
5 322 1
5 356 1
5 362 1
5 375 1
5 423 1
5 452 1
5 459 1
5 470 1
5 473 1
5 543 1
5 568 1
5 596 1
5 610 1
5 611 1
5 670 1
5 681 1
5 696 1
5 729 1
5 740 1
5 743 1
5 755 1
5 757 1
5 761 1
5 845 1
5 891 1
5 908 1
5 928 1
5 934 1
5 938 1
6 7 1
6 10 1
6 21 1
6 22 1
6 23 1
6 29 1
6 35 1
6 36 1
6 56 1
6 62 1
6 72 1
6 122 1
6 158 1
6 174 1
6 181 1
6 193 1
6 224 1
6 235 1
6 238 1
6 263 1
6 279 1
6 359 1
6 407 1
6 416 1
6 444 1
6 459 1
6 468 1
6 502 1
6 531 1
6 618 1
6 705 1
6 752 1
6 758 1
6 776 1
7 8 1
7 9 1
7 10 1
7 11 1
7 15 1
7 17 1
7 23 1
7 24 1
7 25 1
7 27 1
7 29 1
7 30 1
7 34 1
7 37 1
7 39 1
7 40 1
7 44 1
7 48 1
7 53 1
7 58 1
7 61 1
7 76 1
7 78 1
7 81 1
7 90 1
7 111 1
7 132 1
7 150 1
7 174 1
7 177 1
7 181 1
7 186 1
7 205 1
7 237 1
7 281 1
7 296 1
7 345 1
7 357 1
7 366 1
7 371 1
7 385 1
7 389 1
7 420 1
7 431 1
7 437 1
7 446 1
7 473 1
7 477 1
7 479 1
7 482 1
7 527 1
7 575 1
7 578 1
7 594 1
7 619 1
7 645 1
7 649 1
7 674 1
7 677 1
7 678 1
7 691 1
7 734 1
7 741 1
7 789 1
7 808 1
7 812 1
7 823 1
7 835 1
7 839 1
7 865 1
7 882 1
7 968 1
7 994 1
8 9 1
8 10 1
8 11 1
8 12 1
8 13 1
8 14 1
8 16 1
8 17 1
8 18 1
8 21 1
8 25 1
8 26 1
8 27 1
8 28 1
8 31 1
8 35 1
8 37 1
8 38 1
8 41 1
8 43 1
8 45 1
8 47 1
8 50 1
8 57 1
8 61 1
8 68 1
8 72 1
8 77 1
8 83 1
8 86 1
8 88 1
8 93 1
8 96 1
8 98 1
8 102 1
8 108 1
8 109 1
8 116 1
8 117 1
8 122 1
8 123 1
8 127 1
8 132 1
8 138 1
8 146 1
8 163 1
8 164 1
8 168 1
8 178 1
8 188 1
8 205 1
8 238 1
8 249 1
8 253 1
8 254 1
8 297 1
8 300 1
8 301 1
8 311 1
8 320 1
8 324 1
8 361 1
8 369 1
8 379 1
8 399 1
8 402 1
8 405 1
8 410 1
8 412 1
8 413 1
8 416 1
8 418 1
8 445 1
8 450 1
8 462 1
8 477 1
8 480 1
8 503 1
8 504 1
8 511 1
8 553 1
8 570 1
8 619 1
8 643 1
8 645 1
8 659 1
8 661 1
8 679 1
8 688 1
8 697 1
8 707 1
8 716 1
8 727 1
8 735 1
8 740 1
8 745 1
8 760 1
8 782 1
8 796 1
8 802 1
8 844 1
8 849 1
8 859 1
8 866 1
8 898 1
8 900 1
8 905 1
8 968 1
8 989 1
9 11 1
9 12 1
9 18 1
9 27 1
9 32 1
9 34 1
9 51 1
9 54 1
9 95 1
9 100 1
9 105 1
9 106 1
9 123 1
9 126 1
9 129 1
9 136 1
9 156 1
9 160 1
9 170 1
9 179 1
9 182 1
9 204 1
9 205 1
9 245 1
9 250 1
9 291 1
9 297 1
9 300 1
9 304 1
9 307 1
9 322 1
9 352 1
9 379 1
9 390 1
9 419 1
9 441 1
9 454 1
9 476 1
9 553 1
9 611 1
9 626 1
9 633 1
9 748 1
9 787 1
9 790 1
9 815 1
9 822 1
9 841 1
9 873 1
9 941 1
9 965 1
9 970 1
10 15 1
10 16 1
10 17 1
10 20 1
10 23 1
10 25 1
10 26 1
10 28 1
10 36 1
10 39 1
10 42 1
10 45 1
10 47 1
10 63 1
10 65 1
10 88 1
10 95 1
10 100 1
10 101 1
10 118 1
10 121 1
10 135 1
10 139 1
10 146 1
10 162 1
10 187 1
10 197 1
10 214 1
10 215 1
10 231 1
10 254 1
10 286 1
10 307 1
10 341 1
10 373 1
10 374 1
10 446 1
10 448 1
10 478 1
10 505 1
10 515 1
10 539 1
10 552 1
10 554 1
10 563 1
10 586 1
10 597 1
10 626 1
10 655 1
10 662 1
10 666 1
10 714 1
10 750 1
10 776 1
10 795 1
10 847 1
10 855 1
10 866 1
10 925 1
10 943 1
10 949 1
10 957 1
10 971 1
10 973 1
11 12 1
11 13 1
11 15 1
11 16 1
11 17 1
11 19 1
11 22 1
11 30 1
11 33 1
11 39 1
11 45 1
11 53 1
11 54 1
11 56 1
11 59 1
11 62 1
11 69 1
11 86 1
11 87 1
11 88 1
11 91 1
11 92 1
11 94 1
11 103 1
11 112 1
11 115 1
11 120 1
11 139 1
11 147 1
11 150 1
11 160 1
11 166 1
11 177 1
11 183 1
11 204 1
11 207 1
11 213 1
11 214 1
11 218 1
11 219 1
11 221 1
11 224 1
11 246 1
11 266 1
11 268 1
11 289 1
11 298 1
11 302 1
11 306 1
11 315 1
11 341 1
11 342 1
11 348 1
11 351 1
11 356 1
11 362 1
11 369 1
11 383 1
11 384 1
11 395 1
11 397 1
11 403 1
11 418 1
11 447 1
11 460 1
11 505 1
11 506 1
11 511 1
11 550 1
11 557 1
11 558 1
11 560 1
11 580 1
11 585 1
11 589 1
11 603 1
11 625 1
11 671 1
11 688 1
11 693 1
11 711 1
11 720 1
11 721 1
11 722 1
11 724 1
11 758 1
11 771 1
11 791 1
11 792 1
11 794 1
11 800 1
11 856 1
11 857 1
11 866 1
11 891 1
11 908 1
11 921 1
11 943 1
11 957 1
11 971 1
11 979 1
11 984 1
12 18 1
12 24 1
12 31 1
12 43 1
12 68 1
12 88 1
12 199 1
12 207 1
12 236 1
12 252 1
12 254 1
12 262 1
12 266 1
12 293 1
12 301 1
12 361 1
12 383 1
12 392 1
12 465 1
12 466 1
12 484 1
12 537 1
12 654 1
12 656 1
12 697 1
12 701 1
12 754 1
12 804 1
12 805 1
12 809 1
12 812 1
12 825 1
12 952 1
13 14 1
13 19 1
13 23 1
13 28 1
13 32 1
13 37 1
13 54 1
13 65 1
13 67 1
13 82 1
13 92 1
13 98 1
13 101 1
13 116 1
13 131 1
13 141 1
13 154 1
13 185 1
13 190 1
13 193 1
13 230 1
13 235 1
13 252 1
13 254 1
13 262 1
13 266 1
13 275 1
13 286 1
13 359 1
13 364 1
13 369 1
13 371 1
13 385 1
13 415 1
13 422 1
13 527 1
13 544 1
13 569 1
13 579 1
13 591 1
13 598 1
13 645 1
13 666 1
13 667 1
13 713 1
13 723 1
13 730 1
13 743 1
13 785 1
13 812 1
13 836 1
13 869 1
13 903 1
14 18 1
14 30 1
14 31 1
14 36 1
14 46 1
14 133 1
14 142 1
14 179 1
14 193 1
14 222 1
14 324 1
14 400 1
14 472 1
14 476 1
14 732 1
14 744 1
15 16 1
15 21 1
15 31 1
15 35 1
15 49 1
15 57 1
15 60 1
15 85 1
15 100 1
15 104 1
15 107 1
15 129 1
15 131 1
15 144 1
15 151 1
15 166 1
15 176 1
15 198 1
15 227 1
15 236 1
15 278 1
15 304 1
15 314 1
15 333 1
15 344 1
15 358 1
15 381 1
15 396 1
15 400 1
15 419 1
15 479 1
15 515 1
15 571 1
15 779 1
15 780 1
15 795 1
15 865 1
15 937 1
15 954 1
15 989 1
16 19 1
16 26 1
16 32 1
16 48 1
16 65 1
16 75 1
16 85 1
16 105 1
16 117 1
16 126 1
16 153 1
16 185 1
16 191 1
16 198 1
16 207 1
16 214 1
16 223 1
16 257 1
16 320 1
16 376 1
16 391 1
16 427 1
16 432 1
16 451 1
16 452 1
16 510 1
16 541 1
16 561 1
16 591 1
16 601 1
16 669 1
16 694 1
16 821 1
16 826 1
16 886 1
16 907 1
16 910 1
16 912 1
16 919 1
16 957 1
17 25 1
17 34 1
17 47 1
17 53 1
17 55 1
17 57 1
17 61 1
17 70 1
17 71 1
17 124 1
17 126 1
17 135 1
17 145 1
17 157 1
17 197 1
17 243 1
17 249 1
17 313 1
17 364 1
17 407 1
17 443 1
17 493 1
17 494 1
17 540 1
17 554 1
17 559 1
17 563 1
17 632 1
17 660 1
17 670 1
17 688 1
17 706 1
17 713 1
17 725 1
17 759 1
17 842 1
17 864 1
17 920 1
17 924 1
17 950 1
17 964 1
18 20 1
18 22 1
18 37 1
18 49 1
18 78 1
18 81 1
18 99 1
18 124 1
18 212 1
18 230 1
18 240 1
18 380 1
18 414 1
18 450 1
18 456 1
18 507 1
18 547 1
18 567 1
18 576 1
18 687 1
18 788 1
18 861 1
18 923 1
18 929 1
19 21 1
19 22 1
19 24 1
19 38 1
19 42 1
19 48 1
19 55 1
19 86 1
19 133 1
19 151 1
19 156 1
19 177 1
19 185 1
19 186 1
19 187 1
19 208 1
19 209 1
19 259 1
19 271 1
19 274 1
19 293 1
19 298 1
19 390 1
19 394 1
19 417 1
19 444 1
19 461 1
19 485 1
19 491 1
19 513 1
19 538 1
19 545 1
19 566 1
19 615 1
19 629 1
19 636 1
19 680 1
19 752 1
19 753 1
19 775 1
19 826 1
19 862 1
19 932 1
19 966 1
19 983 1
19 990 1
20 28 1
20 29 1
20 33 1
20 40 1
20 41 1
20 55 1
20 56 1
20 67 1
20 70 1
20 80 1
20 82 1
20 101 1
20 120 1
20 128 1
20 136 1
20 140 1
20 144 1
20 146 1
20 151 1
20 154 1
20 178 1
20 188 1
20 193 1
20 214 1
20 230 1
20 243 1
20 260 1
20 263 1
20 277 1
20 284 1
20 287 1
20 293 1
20 319 1
20 336 1
20 340 1
20 341 1
20 352 1
20 357 1
20 391 1
20 418 1
20 429 1
20 455 1
20 488 1
20 497 1
20 505 1
20 516 1
20 542 1
20 549 1
20 556 1
20 562 1
20 565 1
20 570 1
20 578 1
20 615 1
20 680 1
20 704 1
20 705 1
20 736 1
20 742 1
20 747 1
20 762 1
20 767 1
20 781 1
20 790 1
20 812 1
20 865 1
20 879 1
20 884 1
20 943 1
20 949 1
20 951 1
20 962 1
20 987 1
20 989 1
21 23 1
21 52 1
21 66 1
21 76 1
21 83 1
21 86 1
21 106 1
21 123 1
21 166 1
21 228 1
21 232 1
21 236 1
21 262 1
21 300 1
21 323 1
21 325 1
21 419 1
21 433 1
21 439 1
21 455 1
21 475 1
21 502 1
21 523 1
21 529 1
21 552 1
21 568 1
21 669 1
21 718 1
21 751 1
21 809 1
21 939 1
21 980 1
22 25 1
22 38 1
22 43 1
22 59 1
22 68 1
22 69 1
22 75 1
22 84 1
22 97 1
22 113 1
22 120 1
22 142 1
22 225 1
22 226 1
22 228 1
22 248 1
22 293 1
22 316 1
22 337 1
22 384 1
22 395 1
22 396 1
22 444 1
22 463 1
22 492 1
22 496 1
22 501 1
22 574 1
22 582 1
22 590 1
22 597 1
22 618 1
22 673 1
22 677 1
22 863 1
22 939 1
22 974 1
22 975 1
23 37 1
23 46 1
23 53 1
23 73 1
23 106 1
23 136 1
23 143 1
23 151 1
23 159 1
23 164 1
23 222 1
23 233 1
23 238 1
23 465 1
23 514 1
23 521 1
23 552 1
23 585 1
23 619 1
23 646 1
24 27 1
24 28 1
24 32 1
24 39 1
24 40 1
24 41 1
24 44 1
24 64 1
24 72 1
24 76 1
24 81 1
24 84 1
24 109 1
24 114 1
24 149 1
24 181 1
24 184 1
24 194 1
24 213 1
24 223 1
24 227 1
24 249 1
24 373 1
24 390 1
24 408 1
24 420 1
24 425 1
24 428 1
24 445 1
24 488 1
24 499 1
24 504 1
24 508 1
24 521 1
24 564 1
24 580 1
24 621 1
24 652 1
24 677 1
24 692 1
24 697 1
24 779 1
24 803 1
24 850 1
24 857 1
24 880 1
24 881 1
24 909 1
24 985 1
25 69 1
25 88 1
25 141 1
25 295 1
25 353 1
25 369 1
25 378 1
25 416 1
25 442 1
25 533 1
25 565 1
25 896 1
26 29 1
26 30 1
26 32 1
26 89 1
26 109 1
26 121 1
26 145 1
26 148 1
26 173 1
26 194 1
26 197 1
26 204 1
26 217 1
26 233 1
26 281 1
26 282 1
26 287 1
26 339 1
26 359 1
26 375 1
26 424 1
26 432 1
26 498 1
26 650 1
26 715 1
26 875 1
26 923 1
26 948 1
26 958 1
27 33 1
27 38 1
27 64 1
27 75 1
27 77 1
27 102 1
27 119 1
27 148 1
27 173 1
27 193 1
27 197 1
27 200 1
27 235 1
27 247 1
27 261 1
27 296 1
27 365 1
27 386 1
27 409 1
27 442 1
27 467 1
27 518 1
27 527 1
27 576 1
27 612 1
27 615 1
27 623 1
27 659 1
27 703 1
27 845 1
27 854 1
27 999 1
27 1000 1
28 49 1
28 55 1
28 58 1
28 64 1
28 99 1
28 112 1
28 203 1
28 294 1
28 348 1
28 446 1
28 478 1
28 499 1
28 507 1
28 669 1
28 698 1
28 815 1
28 851 1
28 939 1
28 975 1
29 31 1
29 44 1
29 46 1
29 52 1
29 59 1
29 73 1
29 75 1
29 77 1
29 87 1
29 127 1
29 130 1
29 150 1
29 158 1
29 159 1
29 168 1
29 169 1
29 172 1
29 182 1
29 269 1
29 317 1
29 319 1
29 370 1
29 374 1
29 388 1
29 406 1
29 428 1
29 436 1
29 446 1
29 454 1
29 530 1
29 535 1
29 577 1
29 607 1
29 642 1
29 643 1
29 661 1
29 700 1
29 814 1
29 860 1
29 892 1
29 998 1
30 33 1
30 35 1
30 40 1
30 45 1
30 70 1
30 71 1
30 78 1
30 90 1
30 110 1
30 123 1
30 144 1
30 210 1
30 219 1
30 248 1
30 273 1
30 299 1
30 303 1
30 312 1
30 372 1
30 568 1
30 613 1
30 625 1
30 646 1
30 840 1
30 844 1
30 900 1
30 908 1
30 992 1
31 50 1
31 176 1
31 220 1
31 327 1
31 365 1
31 417 1
31 438 1
31 451 1
31 464 1
31 561 1
31 584 1
31 607 1
31 617 1
31 641 1
31 779 1
31 826 1
32 34 1
32 51 1
32 54 1
32 59 1
32 62 1
32 74 1
32 79 1
32 108 1
32 124 1
32 201 1
32 311 1
32 326 1
32 333 1
32 338 1
32 367 1
32 378 1
32 437 1
32 462 1
32 463 1
32 492 1
32 516 1
32 603 1
32 639 1
32 665 1
32 738 1
32 803 1
32 846 1
32 860 1
32 941 1
32 950 1
32 959 1
32 973 1
32 994 1
33 35 1
33 36 1
33 52 1
33 64 1
33 66 1
33 73 1
33 77 1
33 89 1
33 104 1
33 112 1
33 114 1
33 144 1
33 173 1
33 202 1
33 216 1
33 279 1
33 283 1
33 404 1
33 465 1
33 492 1
33 528 1
33 591 1
33 613 1
33 621 1
33 629 1
33 771 1
33 790 1
33 836 1
33 902 1
33 955 1
34 46 1
34 55 1
34 80 1
34 86 1
34 110 1
34 153 1
34 161 1
34 188 1
34 230 1
34 273 1
34 284 1
34 292 1
34 297 1
34 342 1
34 361 1
34 368 1
34 403 1
34 429 1
34 468 1
34 558 1
34 627 1
34 786 1
34 790 1
34 809 1
34 853 1
35 42 1
35 44 1
35 58 1
35 78 1
35 80 1
35 94 1
35 105 1
35 120 1
35 135 1
35 211 1
35 240 1
35 292 1
35 294 1
35 403 1
35 488 1
35 496 1
35 500 1
35 522 1
35 604 1
35 616 1
35 723 1
35 727 1
35 736 1
35 770 1
35 837 1
35 857 1
35 887 1
35 932 1
36 41 1
36 65 1
36 66 1
36 71 1
36 81 1
36 85 1
36 91 1
36 95 1
36 115 1
36 124 1
36 129 1
36 140 1
36 145 1
36 165 1
36 198 1
36 224 1
36 259 1
36 277 1
36 313 1
36 331 1
36 339 1
36 444 1
36 460 1
36 503 1
36 514 1
36 560 1
36 590 1
36 631 1
36 637 1
36 638 1
36 663 1
36 880 1
36 894 1
36 913 1
36 968 1
37 41 1
37 56 1
37 70 1
37 113 1
37 120 1
37 134 1
37 170 1
37 172 1
37 190 1
37 200 1
37 205 1
37 233 1
37 256 1
37 331 1
37 366 1
37 421 1
37 537 1
37 587 1
37 802 1
37 933 1
38 39 1
38 40 1
38 57 1
38 58 1
38 72 1
38 87 1
38 92 1
38 112 1
38 126 1
38 128 1
38 130 1
38 137 1
38 138 1
38 144 1
38 155 1
38 157 1
38 163 1
38 201 1
38 264 1
38 289 1
38 345 1
38 355 1
38 362 1
38 399 1
38 411 1
38 421 1
38 424 1
38 531 1
38 540 1
38 586 1
38 608 1
38 642 1
38 699 1
38 805 1
38 807 1
38 874 1
38 884 1
38 893 1
38 895 1
38 896 1
38 926 1
38 967 1
38 985 1
39 43 1
39 46 1
39 78 1
39 79 1
39 103 1
39 146 1
39 148 1
39 152 1
39 154 1
39 160 1
39 169 1
39 178 1
39 218 1
39 273 1
39 276 1
39 279 1
39 283 1
39 290 1
39 358 1
39 417 1
39 464 1
39 579 1
39 691 1
39 788 1
39 910 1
40 42 1
40 47 1
40 60 1
40 84 1
40 338 1
40 530 1
40 784 1
41 49 1
41 57 1
41 168 1
41 172 1
41 228 1
41 248 1
41 287 1
41 315 1
41 317 1
41 357 1
41 490 1
41 697 1
41 981 1
42 43 1
42 73 1
42 172 1
42 206 1
42 270 1
42 335 1
42 360 1
42 453 1
42 525 1
42 606 1
42 655 1
42 676 1
42 814 1
42 899 1
42 924 1
43 61 1
43 63 1
43 349 1
43 375 1
43 489 1
43 508 1
43 868 1
44 48 1
44 58 1
44 79 1
44 89 1
44 91 1
44 158 1
44 199 1
44 368 1
44 382 1
44 450 1
44 503 1
44 506 1
44 744 1
44 761 1
44 786 1
44 807 1
44 894 1
44 898 1
44 914 1
45 52 1
45 115 1
45 226 1
45 231 1
45 320 1
45 387 1
45 388 1
45 442 1
45 602 1
45 648 1
45 653 1
45 723 1
45 967 1
46 51 1
46 212 1
46 217 1
46 257 1
46 300 1
46 400 1
46 426 1
46 875 1
47 53 1
47 62 1
47 63 1
47 155 1
47 181 1
47 239 1
47 255 1
47 282 1
47 299 1
47 319 1
47 393 1
47 427 1
47 447 1
47 575 1
47 595 1
47 754 1
47 787 1
48 83 1
48 90 1
48 318 1
48 434 1
48 632 1
48 647 1
48 836 1
48 937 1
49 51 1
49 63 1
49 68 1
49 122 1
49 147 1
49 196 1
49 234 1
49 288 1
49 311 1
49 315 1
49 326 1
49 337 1
49 392 1
49 440 1
49 654 1
49 668 1
49 709 1
49 748 1
49 773 1
49 934 1
49 975 1
49 998 1
50 100 1
50 104 1
50 149 1
50 186 1
50 376 1
50 396 1
50 427 1
50 433 1
50 461 1
50 559 1
50 616 1
50 713 1
50 740 1
50 746 1
50 888 1
50 906 1
50 976 1
51 106 1
51 130 1
51 188 1
51 279 1
51 392 1
51 432 1
51 605 1
52 96 1
52 184 1
52 264 1
52 384 1
52 412 1
52 571 1
52 658 1
52 811 1
52 905 1
52 969 1
53 60 1
53 84 1
53 97 1
53 242 1
53 533 1
53 584 1
53 854 1
53 930 1
54 74 1
54 110 1
54 133 1
54 237 1
54 261 1
54 273 1
54 276 1
54 332 1
54 335 1
54 380 1
54 438 1
54 464 1
54 470 1
54 509 1
54 525 1
54 526 1
54 801 1
54 904 1
55 94 1
55 109 1
55 138 1
55 141 1
55 164 1
55 165 1
55 201 1
55 208 1
55 209 1
55 212 1
55 221 1
55 261 1
55 335 1
55 343 1
55 377 1
55 441 1
55 482 1
55 593 1
55 741 1
55 780 1
55 907 1
55 947 1
56 74 1
56 222 1
56 294 1
56 439 1
56 481 1
56 553 1
56 560 1
56 811 1
57 67 1
57 92 1
57 124 1
57 132 1
57 161 1
57 165 1
57 255 1
57 443 1
57 483 1
57 493 1
57 521 1
57 572 1
57 700 1
57 833 1
57 850 1
58 183 1
58 244 1
58 258 1
58 270 1
58 284 1
58 307 1
58 330 1
58 346 1
58 464 1
58 516 1
58 622 1
58 798 1
58 804 1
58 883 1
59 66 1
59 82 1
59 153 1
59 162 1
59 167 1
59 211 1
59 218 1
59 229 1
59 268 1
59 278 1
59 299 1
59 399 1
59 406 1
59 415 1
59 463 1
59 467 1
59 561 1
59 592 1
59 597 1
59 612 1
59 651 1
59 678 1
59 717 1
59 732 1
59 862 1
59 881 1
59 915 1
60 64 1
60 75 1
60 171 1
60 174 1
60 215 1
60 247 1
60 253 1
60 319 1
60 321 1
60 334 1
60 340 1
60 350 1
60 469 1
60 472 1
60 484 1
60 498 1
60 541 1
60 550 1
60 555 1
60 651 1
60 754 1
60 804 1
60 879 1
60 912 1
60 927 1
60 945 1
60 957 1
60 980 1
61 98 1
61 130 1
61 159 1
61 161 1
61 196 1
61 251 1
61 305 1
61 324 1
61 426 1
61 467 1
61 482 1
61 660 1
61 693 1
62 137 1
62 176 1
62 207 1
62 220 1
62 306 1
62 327 1
62 349 1
62 511 1
62 540 1
62 720 1
62 746 1
62 825 1
62 940 1
63 67 1
63 70 1
63 96 1
63 105 1
63 107 1
63 108 1
63 126 1
63 133 1
63 142 1
63 172 1
63 209 1
63 219 1
63 223 1
63 237 1
63 245 1
63 283 1
63 323 1
63 345 1
63 347 1
63 349 1
63 363 1
63 406 1
63 418 1
63 451 1
63 454 1
63 461 1
63 479 1
63 502 1
63 556 1
63 564 1
63 589 1
63 611 1
63 615 1
63 673 1
63 843 1
63 860 1
63 861 1
63 915 1
63 970 1
63 998 1
64 77 1
64 91 1
64 101 1
64 103 1
64 127 1
64 132 1
64 164 1
64 165 1
64 201 1
64 207 1
64 223 1
64 251 1
64 258 1
64 268 1
64 305 1
64 320 1
64 517 1
64 518 1
64 530 1
64 545 1
64 676 1
64 823 1
64 960 1
65 82 1
65 83 1
65 97 1
65 136 1
65 183 1
65 200 1
65 249 1
65 257 1
65 367 1
65 414 1
65 491 1
65 501 1
65 644 1
65 728 1
65 735 1
65 737 1
65 786 1
65 926 1
66 104 1
66 118 1
66 128 1
66 202 1
66 213 1
66 226 1
66 235 1
66 261 1
66 273 1
66 307 1
66 336 1
66 346 1
66 365 1
66 389 1
66 426 1
66 435 1
66 504 1
66 529 1
66 546 1
66 599 1
66 688 1
66 776 1
66 819 1
66 831 1
66 905 1
66 925 1
66 995 1
67 93 1
67 104 1
67 114 1
67 171 1
67 180 1
67 209 1
67 244 1
67 286 1
67 327 1
67 343 1
67 506 1
67 529 1
67 532 1
67 600 1
67 627 1
67 647 1
67 709 1
67 721 1
67 796 1
67 903 1
67 932 1
67 961 1
68 84 1
68 102 1
68 184 1
68 227 1
68 240 1
68 324 1
68 331 1
68 354 1
68 389 1
68 490 1
68 500 1
68 694 1
68 707 1
68 716 1
68 739 1
68 786 1
68 846 1
68 956 1
69 132 1
69 198 1
69 269 1
69 365 1
69 411 1
69 532 1
69 643 1
69 704 1
69 897 1
69 944 1
70 107 1
70 170 1
70 180 1
70 485 1
70 537 1
70 561 1
70 574 1
70 770 1
70 867 1
71 93 1
71 97 1
71 119 1
71 127 1
71 153 1
71 202 1
71 222 1
71 226 1
71 227 1
71 317 1
71 363 1
71 366 1
71 455 1
71 503 1
71 607 1
71 620 1
71 657 1
71 675 1
71 841 1
71 858 1
71 930 1
71 984 1
71 990 1
72 76 1
72 90 1
72 128 1
72 129 1
72 156 1
72 187 1
72 241 1
72 256 1
72 280 1
72 284 1
72 404 1
72 442 1
72 481 1
72 520 1
72 539 1
72 552 1
72 754 1
72 759 1
72 801 1
72 878 1
73 91 1
73 93 1
73 108 1
73 111 1
73 119 1
73 140 1
73 152 1
73 200 1
73 210 1
73 304 1
73 309 1
73 310 1
73 323 1
73 343 1
73 479 1
73 495 1
73 512 1
73 634 1
73 671 1
73 679 1
73 777 1
73 813 1
73 934 1
73 963 1
73 993 1
74 82 1
74 87 1
74 112 1
74 117 1
74 134 1
74 148 1
74 213 1
74 232 1
74 253 1
74 271 1
74 316 1
74 329 1
74 343 1
74 378 1
74 391 1
74 420 1
74 605 1
74 688 1
74 702 1
74 717 1
74 735 1
74 754 1
74 761 1
74 778 1
74 789 1
74 801 1
74 840 1
74 856 1
74 862 1
74 877 1
74 888 1
74 971 1
75 92 1
75 139 1
75 151 1
75 220 1
75 232 1
75 458 1
75 465 1
75 526 1
75 800 1
76 80 1
76 96 1
76 108 1
76 135 1
76 203 1
76 216 1
76 250 1
76 256 1
76 345 1
76 370 1
76 431 1
76 546 1
76 648 1
76 670 1
76 714 1
76 726 1
76 733 1
76 793 1
76 799 1
76 850 1
76 936 1
76 948 1
76 981 1
77 171 1
77 175 1
77 195 1
77 275 1
77 289 1
77 376 1
77 426 1
77 495 1
77 543 1
77 562 1
77 602 1
77 621 1
77 675 1
77 786 1
77 843 1
78 187 1
78 333 1
78 416 1
78 543 1
78 819 1
79 85 1
79 212 1
79 238 1
79 268 1
79 287 1
79 294 1
79 314 1
79 681 1
79 793 1
79 931 1
79 963 1
80 128 1
80 155 1
80 278 1
80 401 1
80 404 1
80 515 1
80 575 1
80 751 1
81 101 1
81 119 1
81 179 1
81 188 1
81 211 1
81 241 1
81 243 1
81 281 1
81 375 1
81 413 1
81 436 1
81 461 1
81 588 1
81 684 1
81 694 1
81 703 1
81 810 1
81 820 1
81 932 1
82 87 1
82 224 1
82 271 1
82 297 1
82 321 1
82 475 1
82 516 1
82 523 1
82 614 1
82 628 1
82 692 1
82 845 1
83 131 1
83 185 1
83 298 1
83 411 1
83 440 1
83 478 1
83 596 1
83 655 1
83 818 1
83 827 1
83 890 1
84 95 1
84 103 1
84 175 1
84 182 1
84 190 1
84 195 1
84 248 1
84 252 1
84 255 1
84 280 1
84 422 1
84 477 1
84 481 1
84 483 1
84 484 1
84 497 1
84 505 1
84 630 1
84 672 1
84 773 1
84 834 1
84 911 1
84 994 1
85 99 1
85 100 1
85 102 1
85 131 1
85 134 1
85 152 1
85 225 1
85 236 1
85 244 1
85 325 1
85 376 1
85 402 1
85 412 1
85 472 1
85 491 1
85 518 1
85 654 1
85 797 1
85 854 1
85 867 1
86 93 1
86 115 1
86 163 1
86 167 1
86 175 1
86 354 1
86 381 1
86 413 1
86 428 1
86 622 1
86 737 1
86 791 1
86 834 1
87 102 1
87 107 1
87 137 1
87 140 1
87 142 1
87 154 1
87 231 1
87 262 1
87 267 1
87 276 1
87 438 1
87 460 1
87 598 1
87 649 1
87 738 1
87 774 1
87 863 1
87 885 1
87 909 1
88 89 1
88 113 1
88 130 1
88 158 1
88 189 1
88 217 1
88 229 1
88 291 1
88 298 1
88 331 1
88 352 1
88 419 1
88 497 1
88 524 1
88 578 1
88 612 1
88 635 1
88 662 1
88 717 1
88 769 1
88 783 1
88 788 1
88 838 1
88 869 1
88 942 1
89 94 1
89 98 1
89 154 1
89 321 1
89 367 1
89 466 1
89 510 1
89 573 1
89 620 1
89 856 1
89 951 1
89 985 1
90 140 1
90 171 1
90 189 1
90 199 1
90 208 1
90 216 1
90 286 1
90 340 1
90 466 1
90 553 1
90 642 1
90 763 1
90 768 1
90 938 1
91 174 1
91 229 1
91 330 1
91 339 1
91 513 1
91 628 1
91 630 1
92 121 1
92 178 1
92 315 1
92 474 1
92 509 1
92 656 1
92 720 1
92 763 1
92 991 1
93 99 1
93 169 1
93 223 1
93 242 1
93 269 1
93 303 1
93 311 1
93 377 1
93 565 1
93 582 1
93 583 1
93 625 1
93 652 1
93 904 1
93 969 1
94 221 1
94 296 1
94 489 1
94 552 1
95 133 1
95 195 1
95 259 1
95 324 1
95 391 1
95 448 1
95 769 1
95 878 1
95 917 1
96 111 1
96 125 1
96 161 1
96 163 1
96 186 1
96 255 1
96 459 1
96 476 1
96 580 1
96 584 1
96 593 1
96 601 1
96 622 1
96 731 1
96 789 1
96 858 1
96 951 1
97 166 1
97 233 1
97 266 1
97 295 1
97 316 1
97 347 1
97 438 1
97 461 1
97 572 1
97 574 1
97 632 1
97 638 1
98 191 1
98 196 1
98 226 1
98 242 1
98 245 1
98 296 1
98 663 1
98 732 1
98 852 1
98 991 1
99 115 1
99 118 1
99 229 1
99 302 1
99 321 1
99 329 1
99 377 1
99 387 1
99 406 1
99 512 1
99 526 1
99 637 1
99 743 1
100 156 1
100 161 1
100 173 1
100 192 1
100 290 1
100 305 1
100 364 1
100 483 1
100 499 1
100 611 1
100 709 1
100 774 1
100 842 1
100 866 1
100 964 1
100 988 1
101 175 1
101 209 1
101 522 1
101 888 1
101 943 1
102 162 1
102 196 1
102 393 1
102 398 1
102 916 1
103 125 1
103 178 1
103 267 1
103 287 1
103 498 1
103 609 1
103 808 1
104 177 1
104 508 1
104 510 1
104 555 1
104 737 1
104 817 1
104 964 1
105 177 1
105 302 1
105 334 1
105 480 1
105 482 1
105 590 1
105 621 1
105 636 1
105 691 1
105 734 1
105 768 1
105 928 1
105 937 1
105 966 1
106 111 1
106 113 1
106 119 1
106 217 1
106 243 1
106 383 1
106 397 1
106 525 1
106 567 1
106 620 1
106 764 1
106 873 1
107 138 1
107 189 1
107 191 1
107 272 1
107 292 1
107 372 1
107 373 1
107 440 1
107 452 1
107 612 1
107 614 1
107 765 1
107 992 1
108 111 1
108 180 1
108 194 1
108 215 1
108 234 1
108 243 1
108 337 1
108 374 1
108 411 1
108 608 1
108 636 1
108 706 1
108 792 1
108 835 1
109 122 1
109 156 1
109 215 1
109 342 1
109 382 1
109 439 1
109 495 1
109 522 1
109 650 1
109 658 1
109 723 1
109 752 1
109 806 1
109 926 1
109 1000 1
110 114 1
110 116 1
110 152 1
110 334 1
110 871 1
110 928 1
111 162 1
111 218 1
111 335 1
111 396 1
111 430 1
111 513 1
111 755 1
111 760 1
111 819 1
111 934 1
112 134 1
112 147 1
112 170 1
112 230 1
112 239 1
112 285 1
112 437 1
112 626 1
112 748 1
112 877 1
113 118 1
113 138 1
113 139 1
113 155 1
113 186 1
113 216 1
113 233 1
113 253 1
113 275 1
113 322 1
113 341 1
113 397 1
113 445 1
113 471 1
113 507 1
113 576 1
113 595 1
113 600 1
113 649 1
113 651 1
113 685 1
113 699 1
113 730 1
113 896 1
113 920 1
114 116 1
114 125 1
114 168 1
114 319 1
114 323 1
114 719 1
114 774 1
114 797 1
114 856 1
114 884 1
114 966 1
115 203 1
115 251 1
115 258 1
115 288 1
115 441 1
115 525 1
115 633 1
115 675 1
115 810 1
115 835 1
115 852 1
115 856 1
115 933 1
115 967 1
116 118 1
116 159 1
116 559 1
116 753 1
116 961 1
116 970 1
117 121 1
117 286 1
117 315 1
117 347 1
117 490 1
117 567 1
117 657 1
117 794 1
117 852 1
117 886 1
117 982 1
118 340 1
118 410 1
118 453 1
118 686 1
118 781 1
118 840 1
119 175 1
119 270 1
119 424 1
119 485 1
119 587 1
119 668 1
119 715 1
119 806 1
120 123 1
120 125 1
120 147 1
120 202 1
120 247 1
120 265 1
120 354 1
120 358 1
120 613 1
120 633 1
120 672 1
120 683 1
120 756 1
120 935 1
121 192 1
121 350 1
121 366 1
121 457 1
121 709 1
121 782 1
121 847 1
121 868 1
121 958 1
121 993 1
121 994 1
122 143 1
122 586 1
123 234 1
123 491 1
123 504 1
123 570 1
124 129 1
124 146 1
124 239 1
124 290 1
124 291 1
124 348 1
124 466 1
124 549 1
124 595 1
124 669 1
124 823 1
124 824 1
124 940 1
124 952 1
125 237 1
125 251 1
125 256 1
125 282 1
125 302 1
125 308 1
125 683 1
125 730 1
125 750 1
125 857 1
126 208 1
126 369 1
126 745 1
126 907 1
127 917 1
128 181 1
128 288 1
128 402 1
128 522 1
128 554 1
128 719 1
128 916 1
129 143 1
129 192 1
129 240 1
129 377 1
129 459 1
129 597 1
129 793 1
130 242 1
130 654 1
130 684 1
130 971 1
131 141 1
131 203 1
131 248 1
131 272 1
131 283 1
131 312 1
131 389 1
131 484 1
131 512 1
131 524 1
131 534 1
131 580 1
131 612 1
131 698 1
131 710 1
131 785 1
131 814 1
131 835 1
131 900 1
132 137 1
132 148 1
132 149 1
132 206 1
132 250 1
132 282 1
132 291 1
132 334 1
132 335 1
132 345 1
132 356 1
132 417 1
132 425 1
132 453 1
132 530 1
132 579 1
132 696 1
132 714 1
132 781 1
132 799 1
132 807 1
132 869 1
132 985 1
133 160 1
133 211 1
133 350 1
133 498 1
133 513 1
133 542 1
133 681 1
133 796 1
133 920 1
134 302 1
134 381 1
134 387 1
134 469 1
134 531 1
134 541 1
134 551 1
134 775 1
134 930 1
135 152 1
135 158 1
136 145 1
136 234 1
136 332 1
136 337 1
136 348 1
136 478 1
136 490 1
137 171 1
137 173 1
137 306 1
137 586 1
137 636 1
137 665 1
138 141 1
138 328 1
138 370 1
138 405 1
138 657 1
138 679 1
139 150 1
139 194 1
139 231 1
139 260 1
139 291 1
139 342 1
139 452 1
139 533 1
139 727 1
139 765 1
139 782 1
139 799 1
139 852 1
139 867 1
139 973 1
140 246 1
140 561 1
140 771 1
141 289 1
141 358 1
141 372 1
141 751 1
141 936 1
142 356 1
142 715 1
142 768 1
142 800 1
142 810 1
143 167 1
143 187 1
143 281 1
143 366 1
143 806 1
143 979 1
144 179 1
144 426 1
144 529 1
144 618 1
144 806 1
144 870 1
144 906 1
144 909 1
144 928 1
145 269 1
145 465 1
145 493 1
145 601 1
145 696 1
146 162 1
146 328 1
146 686 1
146 703 1
146 923 1
147 157 1
147 210 1
147 257 1
147 606 1
147 671 1
147 827 1
147 954 1
148 183 1
148 199 1
148 204 1
148 358 1
148 362 1
148 569 1
148 653 1
148 675 1
148 797 1
148 801 1
148 901 1
149 332 1
149 421 1
149 443 1
149 506 1
149 602 1
149 762 1
149 910 1
149 946 1
150 191 1
150 199 1
150 204 1
150 206 1
150 219 1
150 640 1
150 724 1
150 785 1
150 887 1
150 908 1
150 929 1
151 346 1
151 370 1
151 407 1
151 516 1
151 558 1
151 583 1
151 638 1
151 778 1
152 167 1
152 469 1
152 487 1
153 182 1
153 232 1
153 409 1
153 480 1
153 482 1
153 531 1
153 873 1
153 893 1
154 184 1
154 203 1
154 219 1
154 229 1
154 292 1
154 399 1
154 557 1
154 579 1
154 953 1
155 278 1
155 342 1
155 378 1
155 386 1
155 405 1
155 411 1
155 440 1
155 579 1
155 727 1
155 805 1
155 983 1
155 991 1
156 163 1
156 192 1
156 221 1
156 258 1
156 259 1
156 280 1
156 295 1
156 414 1
156 433 1
156 588 1
156 648 1
156 651 1
156 796 1
156 809 1
156 850 1
156 915 1
156 945 1
157 249 1
157 256 1
157 259 1
157 279 1
157 373 1
157 381 1
157 414 1
157 430 1
157 435 1
157 445 1
157 470 1
157 589 1
157 640 1
157 685 1
157 732 1
157 742 1
157 859 1
157 930 1
158 252 1
158 263 1
158 884 1
158 980 1
159 166 1
159 195 1
159 288 1
159 330 1
159 394 1
159 704 1
159 731 1
160 367 1
160 474 1
160 558 1
160 571 1
161 176 1
161 309 1
161 398 1
161 409 1
161 536 1
162 374 1
162 530 1
162 576 1
162 751 1
162 780 1
163 220 1
163 399 1
163 473 1
163 483 1
163 492 1
163 822 1
163 875 1
164 180 1
164 220 1
164 428 1
164 562 1
164 818 1
164 864 1
165 252 1
165 330 1
165 451 1
165 576 1
165 605 1
165 858 1
165 886 1
165 927 1
166 238 1
166 239 1
166 268 1
166 425 1
166 429 1
166 643 1
166 780 1
167 263 1
167 303 1
167 368 1
167 423 1
167 450 1
167 518 1
167 608 1
167 660 1
167 672 1
167 673 1
167 699 1
167 708 1
167 737 1
167 760 1
167 904 1
167 997 1
168 176 1
168 262 1
168 351 1
168 480 1
168 527 1
168 675 1
168 830 1
168 965 1
169 189 1
169 190 1
169 216 1
169 218 1
169 225 1
169 398 1
169 481 1
169 521 1
169 536 1
169 661 1
169 728 1
169 864 1
169 935 1
170 189 1
170 206 1
170 227 1
170 325 1
170 548 1
170 639 1
170 836 1
171 211 1
171 321 1
171 381 1
171 760 1
172 208 1
172 212 1
172 221 1
172 264 1
172 281 1
172 424 1
172 690 1
172 706 1
172 921 1
172 995 1
173 195 1
173 304 1
173 363 1
173 376 1
173 565 1
173 671 1
173 673 1
173 946 1
174 183 1
174 205 1
174 395 1
174 447 1
174 532 1
174 924 1
174 928 1
174 969 1
175 231 1
175 257 1
176 270 1
176 298 1
176 531 1
176 555 1
176 768 1
177 239 1
177 295 1
177 325 1
177 613 1
177 793 1
178 217 1
178 247 1
178 378 1
178 501 1
179 180 1
179 191 1
179 454 1
179 477 1
179 878 1
179 976 1
181 185 1
181 192 1
181 202 1
181 246 1
181 251 1
181 295 1
181 310 1
181 333 1
181 353 1
181 360 1
181 371 1
181 398 1
181 423 1
181 462 1
181 623 1
181 689 1
181 693 1
181 700 1
181 708 1
181 745 1
181 758 1
181 915 1
182 237 1
182 244 1
182 410 1
182 585 1
182 655 1
182 691 1
182 755 1
182 872 1
182 899 1
183 344 1
183 436 1
183 505 1
183 520 1
183 543 1
183 609 1
183 820 1
183 851 1
183 871 1
183 897 1
183 938 1
183 943 1
183 955 1
184 222 1
184 309 1
184 347 1
184 435 1
184 469 1
184 613 1
184 919 1
184 941 1
184 986 1
185 224 1
185 540 1
185 782 1
185 815 1
185 961 1
186 277 1
186 306 1
186 323 1
186 534 1
186 535 1
186 641 1
186 689 1
186 707 1
186 738 1
186 869 1
187 312 1
187 368 1
187 807 1
187 953 1
187 961 1
188 276 1
188 301 1
188 447 1
188 652 1
188 854 1
189 250 1
189 329 1
189 852 1
190 334 1
190 337 1
190 480 1
190 562 1
190 577 1
190 703 1
191 272 1
191 425 1
191 594 1
191 604 1
191 822 1
191 894 1
192 214 1
192 265 1
192 317 1
192 328 1
192 408 1
192 435 1
192 572 1
192 739 1
193 234 1
193 364 1
193 599 1
193 608 1
194 349 1
194 517 1
194 674 1
194 829 1
195 241 1
196 394 1
196 434 1
196 555 1
196 712 1
196 759 1
196 967 1
197 392 1
197 401 1
197 432 1
197 494 1
197 657 1
197 765 1
197 968 1
198 225 1
198 293 1
198 338 1
198 390 1
198 514 1
198 526 1
198 599 1
198 681 1
198 714 1
198 752 1
198 783 1
198 890 1
198 926 1
198 964 1
198 986 1
199 236 1
199 250 1
199 427 1
199 595 1
199 631 1
199 817 1
199 824 1
201 336 1
201 379 1
201 474 1
201 635 1
201 794 1
201 832 1
201 982 1
202 235 1
202 275 1
202 314 1
202 349 1
202 359 1
202 483 1
202 752 1
202 891 1
202 892 1
203 463 1
203 691 1
203 761 1
203 847 1
204 267 1
204 354 1
204 367 1
204 402 1
204 437 1
204 452 1
204 650 1
204 669 1
204 694 1
204 814 1
204 816 1
204 925 1
205 396 1
205 407 1
205 601 1
205 617 1
205 641 1
205 747 1
205 816 1
205 876 1
205 990 1
206 228 1
206 277 1
206 441 1
206 455 1
206 467 1
206 564 1
206 628 1
206 721 1
206 784 1
207 550 1
207 693 1
207 784 1
207 911 1
208 340 1
208 403 1
208 407 1
208 541 1
208 585 1
209 310 1
209 386 1
209 520 1
210 420 1
210 660 1
210 745 1
211 255 1
211 614 1
211 653 1
211 783 1
212 265 1
212 274 1
212 489 1
212 734 1
212 762 1
212 877 1
213 357 1
213 409 1
213 549 1
214 274 1
214 400 1
214 538 1
214 581 1
214 591 1
214 695 1
214 778 1
214 873 1
215 264 1
215 416 1
215 538 1
215 600 1
215 731 1
215 734 1
215 831 1
215 966 1
216 500 1
216 698 1
216 775 1
216 871 1
216 994 1
217 318 1
217 322 1
217 430 1
217 589 1
217 643 1
217 683 1
218 225 1
218 413 1
218 565 1
218 591 1
218 598 1
218 686 1
218 801 1
218 824 1
218 849 1
219 496 1
220 436 1
220 448 1
220 485 1
220 501 1
220 803 1
220 844 1
221 497 1
221 538 1
221 650 1
221 742 1
221 795 1
221 951 1
222 285 1
222 522 1
222 596 1
222 690 1
222 828 1
222 964 1
223 253 1
223 261 1
223 475 1
223 674 1
223 764 1
223 771 1
223 790 1
223 833 1
223 992 1
224 254 1
224 528 1
224 559 1
225 351 1
225 621 1
225 719 1
226 228 1
226 264 1
226 317 1
226 528 1
226 548 1
226 622 1
226 668 1
226 787 1
226 823 1
226 844 1
226 871 1
226 942 1
227 241 1
227 310 1
227 313 1
227 333 1
227 448 1
227 569 1
227 847 1
227 913 1
227 951 1
227 986 1
228 260 1
228 269 1
228 274 1
228 278 1
228 309 1
228 346 1
228 371 1
228 387 1
228 408 1
228 546 1
228 568 1
228 724 1
228 749 1
228 750 1
229 240 1
229 263 1
229 303 1
229 351 1
229 401 1
229 535 1
229 581 1
229 652 1
229 728 1
230 363 1
230 517 1
231 355 1
231 439 1
231 560 1
231 972 1
232 380 1
232 523 1
233 314 1
233 388 1
233 395 1
233 665 1
233 705 1
233 748 1
234 280 1
235 312 1
235 353 1
235 603 1
235 617 1
236 242 1
236 246 1
236 344 1
236 351 1
236 372 1
236 386 1
236 405 1
236 478 1
236 510 1
236 635 1
236 834 1
237 987 1
238 458 1
238 606 1
239 260 1
239 408 1
239 657 1
239 666 1
239 743 1
240 749 1
240 955 1
241 313 1
241 433 1
241 462 1
241 507 1
241 744 1
242 401 1
243 265 1
243 380 1
243 493 1
243 566 1
243 590 1
243 817 1
243 855 1
243 953 1
244 294 1
244 352 1
244 520 1
244 616 1
244 946 1
245 466 1
245 692 1
246 344 1
247 282 1
247 308 1
247 318 1
247 353 1
247 360 1
247 409 1
247 485 1
247 550 1
247 551 1
247 599 1
247 693 1
248 316 1
248 950 1
249 393 1
249 492 1
249 601 1
249 947 1
250 610 1
251 296 1
251 329 1
251 441 1
251 619 1
252 346 1
252 488 1
252 927 1
253 570 1
253 644 1
253 726 1
254 272 1
254 277 1
254 356 1
254 535 1
254 690 1
254 733 1
254 792 1
254 849 1
254 914 1
254 962 1
254 963 1
255 468 1
255 500 1
255 715 1
256 339 1
256 656 1
256 729 1
256 946 1
257 258 1
257 667 1
258 415 1
258 557 1
258 696 1
259 365 1
260 422 1
260 627 1
260 659 1
260 768 1
260 794 1
260 966 1
260 976 1
260 996 1
260 1000 1
261 338 1
261 359 1
261 364 1
261 491 1
261 566 1
261 598 1
261 779 1
261 883 1
261 918 1
262 270 1
262 301 1
262 604 1
262 684 1
263 272 1
263 311 1
263 418 1
263 450 1
263 813 1
263 824 1
263 855 1
264 290 1
264 828 1
265 789 1
266 289 1
266 471 1
266 818 1
266 839 1
266 880 1
267 285 1
267 385 1
267 397 1
267 449 1
267 573 1
267 645 1
268 398 1
268 434 1
268 457 1
268 496 1
268 663 1
268 766 1
269 348 1
269 467 1
269 509 1
269 625 1
269 629 1
269 642 1
270 276 1
270 316 1
270 339 1
270 400 1
270 414 1
270 463 1
270 604 1
270 608 1
270 764 1
270 982 1
270 983 1
271 283 1
271 326 1
271 329 1
272 332 1
272 481 1
272 678 1
272 710 1
272 719 1
274 447 1
274 764 1
275 338 1
275 403 1
275 477 1
275 551 1
275 712 1
275 718 1
275 760 1
275 763 1
276 383 1
276 988 1
277 382 1
278 290 1
278 375 1
278 457 1
278 519 1
278 971 1
278 983 1
279 609 1
280 306 1
280 566 1
280 935 1
281 328 1
281 380 1
281 458 1
281 499 1
281 511 1
281 772 1
281 886 1
281 974 1
282 357 1
282 469 1
282 532 1
282 593 1
282 681 1
283 347 1
283 507 1
283 571 1
283 639 1
284 544 1
284 631 1
284 795 1
284 858 1
284 981 1
284 996 1
285 406 1
285 960 1
286 350 1
287 360 1
287 704 1
287 726 1
288 327 1
288 486 1
288 662 1
290 397 1
290 457 1
290 499 1
290 544 1
291 435 1
291 647 1
293 318 1
293 379 1
293 422 1
293 425 1
293 494 1
293 517 1
293 653 1
293 905 1
293 996 1
294 362 1
294 430 1
295 297 1
295 308 1
295 724 1
296 361 1
296 393 1
296 456 1
296 741 1
296 848 1
296 949 1
297 476 1
298 361 1
298 526 1
298 628 1
298 756 1
298 777 1
299 313 1
299 343 1
299 958 1
300 744 1
301 327 1
301 393 1
301 981 1
302 341 1
302 533 1
302 542 1
302 702 1
302 849 1
303 344 1
303 559 1
303 641 1
303 837 1
303 995 1
304 331 1
304 684 1
304 695 1
304 775 1
304 961 1
305 913 1
306 539 1
307 352 1
307 555 1
307 582 1
307 690 1
308 514 1
309 410 1
309 523 1
309 537 1
310 384 1
310 581 1
310 653 1
310 710 1
311 486 1
312 332 1
312 412 1
312 470 1
312 498 1
312 603 1
312 604 1
312 695 1
312 711 1
312 910 1
312 945 1
313 428 1
313 757 1
313 816 1
313 929 1
314 514 1
314 720 1
315 336 1
315 712 1
315 953 1
316 328 1
316 444 1
316 610 1
316 959 1
317 394 1
317 827 1
318 355 1
318 385 1
318 415 1
319 503 1
319 524 1
319 638 1
319 667 1
319 746 1
320 597 1
320 772 1
320 874 1
321 564 1
321 705 1
321 720 1
321 797 1
322 355 1
322 443 1
322 610 1
322 628 1
322 636 1
323 388 1
323 587 1
323 654 1
323 732 1
323 817 1
323 842 1
323 859 1
324 473 1
325 936 1
326 680 1
326 757 1
326 938 1
327 373 1
327 379 1
327 632 1
327 758 1
327 766 1
328 432 1
329 468 1
329 706 1
329 798 1
329 888 1
330 394 1
330 439 1
330 459 1
330 548 1
330 684 1
330 778 1
331 748 1
332 433 1
332 706 1
332 885 1
333 609 1
334 434 1
335 479 1
336 443 1
336 584 1
336 829 1
336 865 1
337 497 1
337 624 1
337 935 1
339 392 1
339 402 1
339 453 1
339 456 1
339 563 1
339 573 1
339 633 1
339 815 1
339 827 1
340 782 1
340 876 1
340 895 1
340 908 1
341 420 1
341 487 1
341 571 1
341 623 1
341 701 1
341 711 1
341 795 1
342 371 1
342 404 1
342 644 1
342 665 1
342 679 1
342 827 1
342 980 1
342 984 1
343 903 1
343 972 1
344 385 1
344 588 1
344 794 1
344 811 1
344 855 1
345 696 1
345 865 1
345 917 1
346 354 1
346 445 1
346 544 1
346 646 1
346 738 1
346 834 1
346 931 1
347 350 1
348 353 1
348 547 1
348 577 1
348 585 1
348 629 1
348 672 1
348 814 1
348 863 1
348 936 1
349 434 1
349 460 1
349 600 1
349 620 1
349 631 1
349 770 1
349 828 1
350 449 1
350 515 1
350 914 1
351 486 1
351 707 1
352 453 1
352 474 1
352 772 1
352 893 1
352 948 1
353 374 1
353 449 1
353 537 1
353 839 1
354 363 1
354 427 1
354 457 1
354 470 1
354 1000 1
355 384 1
355 587 1
355 757 1
356 383 1
356 431 1
356 500 1
356 716 1
356 789 1
357 534 1
357 593 1
357 616 1
357 937 1
357 947 1
358 487 1
358 997 1
359 487 1
359 607 1
359 650 1
359 837 1
360 838 1
361 468 1
361 572 1
361 578 1
361 766 1
361 988 1
362 547 1
362 607 1
362 629 1
362 640 1
362 671 1
362 808 1
362 813 1
362 868 1
363 521 1
363 609 1
363 759 1
364 493 1
364 546 1
364 700 1
365 382 1
365 472 1
365 570 1
365 592 1
365 840 1
365 929 1
365 959 1
366 850 1
366 904 1
368 372 1
368 666 1
368 670 1
368 952 1
369 523 1
370 382 1
370 511 1
370 520 1
370 549 1
370 785 1
370 949 1
370 969 1
371 668 1
372 744 1
372 889 1
373 652 1
374 589 1
374 622 1
374 626 1
374 702 1
375 421 1
375 540 1
376 504 1
376 545 1
376 568 1
376 899 1
377 431 1
377 616 1
377 635 1
377 840 1
378 405 1
378 560 1
378 573 1
378 833 1
378 918 1
379 519 1
379 647 1
379 664 1
379 886 1
380 722 1
380 793 1
381 436 1
381 580 1
382 550 1
382 735 1
383 488 1
383 515 1
384 553 1
384 656 1
384 819 1
384 843 1
384 962 1
385 455 1
385 658 1
385 822 1
385 834 1
385 881 1
386 412 1
387 391 1
387 569 1
387 954 1
388 437 1
388 640 1
388 846 1
389 422 1
389 630 1
389 932 1
390 584 1
391 458 1
392 442 1
392 583 1
392 708 1
392 848 1
393 417 1
393 423 1
393 431 1
393 534 1
393 542 1
393 563 1
393 647 1
393 655 1
393 830 1
394 831 1
394 842 1
395 727 1
396 423 1
396 490 1
396 535 1
396 810 1
397 777 1
397 853 1
397 912 1
398 440 1
398 569 1
398 625 1
399 413 1
399 475 1
399 664 1
399 700 1
400 623 1
400 648 1
400 682 1
400 891 1
401 919 1
402 404 1
402 458 1
402 549 1
402 557 1
402 618 1
402 626 1
402 703 1
402 778 1
402 817 1
403 665 1
404 528 1
404 577 1
404 581 1
404 593 1
404 627 1
404 637 1
404 694 1
404 713 1
404 911 1
405 979 1
406 464 1
406 639 1
406 746 1
406 861 1
406 863 1
406 950 1
407 471 1
407 874 1
407 982 1
408 602 1
409 677 1
409 731 1
409 797 1
410 702 1
411 542 1
411 554 1
411 902 1
411 960 1
412 430 1
412 524 1
412 529 1
412 611 1
412 687 1
412 747 1
412 843 1
413 513 1
413 517 1
413 562 1
413 567 1
413 590 1
413 903 1
413 974 1
414 449 1
414 460 1
414 501 1
414 769 1
414 938 1
415 512 1
415 631 1
416 663 1
416 816 1
416 973 1
417 486 1
417 564 1
418 573 1
418 958 1
419 494 1
419 642 1
420 429 1
420 456 1
420 495 1
420 577 1
421 476 1
421 486 1
421 733 1
421 906 1
421 965 1
423 773 1
424 575 1
424 640 1
424 701 1
424 787 1
424 988 1
425 462 1
425 686 1
425 713 1
425 993 1
426 429 1
426 538 1
426 563 1
426 646 1
426 678 1
426 770 1
426 876 1
428 596 1
430 512 1
430 581 1
431 689 1
431 767 1
432 474 1
432 661 1
432 699 1
432 716 1
432 718 1
432 773 1
432 918 1
433 438 1
433 599 1
433 733 1
433 933 1
434 687 1
436 495 1
436 721 1
436 726 1
437 510 1
437 606 1
437 740 1
438 446 1
438 456 1
438 533 1
438 737 1
438 924 1
438 963 1
439 471 1
439 582 1
439 905 1
441 556 1
441 633 1
441 798 1
443 582 1
443 672 1
444 471 1
444 853 1
444 960 1
446 454 1
446 634 1
446 836 1
446 997 1
447 774 1
448 554 1
448 804 1
448 893 1
449 532 1
449 659 1
449 880 1
450 618 1
451 487 1
452 832 1
453 502 1
453 820 1
453 867 1
453 904 1
453 989 1
454 767 1
454 988 1
455 592 1
455 955 1
457 519 1
457 574 1
458 901 1
459 519 1
460 472 1
460 725 1
461 473 1
461 685 1
461 846 1
462 610 1
462 738 1
462 808 1
463 741 1
465 587 1
466 986 1
467 709 1
467 967 1
468 645 1
468 832 1
469 489 1
469 682 1
469 783 1
469 887 1
470 896 1
472 710 1
473 598 1
473 758 1
473 857 1
474 518 1
475 749 1
476 496 1
478 502 1
479 907 1
479 984 1
481 548 1
481 637 1
481 679 1
481 728 1
481 772 1
481 903 1
482 759 1
484 508 1
486 890 1
489 592 1
489 753 1
490 644 1
491 756 1
491 891 1
491 900 1
492 545 1
492 617 1
492 803 1
492 809 1
492 992 1
493 661 1
493 753 1
493 848 1
494 539 1
494 544 1
494 664 1
494 853 1
495 539 1
495 548 1
496 712 1
496 781 1
496 990 1
497 798 1
498 551 1
499 541 1
500 557 1
501 519 1
501 630 1
501 639 1
501 678 1
501 714 1
501 739 1
501 821 1
501 876 1
501 882 1
501 986 1
502 674 1
502 698 1
502 712 1
503 979 1
504 524 1
504 649 1
504 663 1
504 824 1
504 870 1
504 901 1
505 572 1
505 697 1
505 848 1
505 855 1
505 883 1
505 974 1
506 588 1
506 981 1
507 509 1
507 546 1
507 683 1
507 729 1
507 731 1
507 769 1
507 832 1
507 878 1
507 889 1
508 556 1
508 592 1
508 646 1
509 536 1
509 766 1
510 624 1
510 658 1
510 978 1
511 725 1
513 767 1
513 777 1
513 818 1
513 885 1
513 953 1
514 536 1
514 682 1
514 736 1
514 811 1
514 829 1
514 848 1
515 630 1
516 583 1
517 901 1
517 902 1
518 527 1
518 528 1
518 878 1
519 664 1
520 749 1
521 594 1
521 634 1
521 656 1
521 705 1
521 736 1
521 787 1
521 798 1
521 948 1
522 733 1
522 841 1
522 942 1
523 525 1
525 536 1
525 662 1
525 765 1
525 820 1
526 907 1
526 940 1
527 976 1
528 917 1
529 583 1
529 677 1
529 730 1
530 830 1
531 725 1
532 883 1
533 844 1
534 670 1
535 566 1
535 620 1
535 906 1
535 944 1
536 574 1
536 595 1
536 606 1
536 658 1
536 911 1
537 690 1
537 739 1
537 842 1
538 634 1
538 749 1
538 771 1
538 956 1
539 975 1
540 614 1
541 594 1
541 999 1
542 773 1
542 776 1
543 922 1
544 558 1
544 627 1
544 680 1
545 775 1
545 831 1
546 547 1
546 791 1
546 870 1
547 922 1
548 825 1
548 897 1
548 931 1
549 711 1
550 556 1
550 734 1
551 805 1
551 872 1
553 722 1
554 992 1
554 996 1
555 702 1
556 624 1
556 736 1
556 862 1
556 887 1
557 774 1
560 750 1
562 605 1
562 687 1
562 882 1
563 624 1
563 717 1
563 916 1
565 791 1
566 615 1
566 635 1
566 676 1
566 687 1
566 707 1
566 807 1
567 718 1
567 784 1
568 644 1
569 895 1
570 959 1
571 710 1
571 724 1
571 755 1
571 873 1
572 972 1
575 762 1
578 586 1
578 821 1
579 701 1
579 974 1
580 619 1
580 747 1
580 958 1
581 920 1
582 588 1
583 770 1
584 605 1
584 689 1
584 860 1
584 897 1
585 802 1
585 892 1
586 887 1
586 962 1
587 729 1
587 872 1
588 600 1
588 911 1
589 877 1
589 997 1
591 792 1
592 617 1
592 685 1
592 812 1
592 902 1
592 978 1
593 726 1
597 614 1
597 673 1
597 719 1
597 829 1
598 859 1
598 922 1
601 888 1
601 898 1
601 899 1
601 909 1
602 931 1
603 649 1
603 667 1
603 683 1
603 826 1
603 894 1
603 999 1
607 783 1
608 730 1
608 751 1
610 638 1
611 723 1
611 837 1
612 659 1
612 918 1
615 892 1
615 902 1
616 682 1
616 803 1
616 830 1
616 833 1
616 880 1
617 864 1
617 916 1
618 799 1
619 634 1
619 925 1
620 800 1
622 680 1
622 998 1
624 978 1
625 648 1
625 753 1
625 922 1
627 788 1
627 800 1
627 828 1
627 890 1
627 913 1
628 879 1
629 739 1
629 762 1
630 632 1
630 668 1
630 735 1
630 745 1
630 830 1
630 941 1
631 685 1
632 909 1
633 813 1
634 755 1
634 802 1
634 995 1
635 946 1
637 805 1
637 927 1
638 692 1
638 889 1
638 925 1
639 651 1
639 853 1
639 893 1
640 899 1
641 686 1
642 785 1
642 881 1
642 885 1
642 949 1
644 722 1
644 977 1
646 927 1
646 970 1
650 660 1
650 821 1
652 764 1
652 982 1
654 666 1
654 740 1
655 704 1
656 875 1
656 895 1
656 962 1
657 973 1
659 674 1
660 718 1
660 742 1
660 799 1
660 898 1
661 977 1
663 698 1
663 923 1
665 806 1
666 682 1
668 725 1
668 756 1
669 993 1
670 972 1
671 722 1
671 854 1
673 930 1
673 985 1
674 715 1
674 838 1
674 918 1
675 676 1
675 689 1
676 747 1
678 884 1
678 917 1
681 721 1
682 811 1
683 708 1
683 772 1
683 831 1
683 872 1
685 978 1
686 699 1
686 816 1
686 870 1
686 945 1
689 866 1
690 781 1
690 792 1
691 695 1
691 999 1
692 743 1
692 972 1
693 728 1
693 818 1
693 822 1
696 756 1
696 876 1
697 821 1
698 761 1
698 784 1
699 956 1
700 701 1
700 871 1
703 717 1
703 882 1
703 929 1
704 780 1
704 916 1
705 890 1
706 879 1
707 819 1
710 838 1
711 765 1
713 921 1
716 879 1
717 837 1
718 823 1
719 926 1
721 796 1
721 998 1
722 750 1
725 968 1
725 970 1
726 921 1
726 977 1
727 933 1
728 746 1
729 757 1
729 983 1
730 779 1
732 975 1
733 940 1
734 741 1
736 993 1
737 763 1
737 869 1
738 788 1
738 942 1
740 769 1
745 846 1
746 885 1
746 915 1
747 990 1
749 914 1
749 947 1
756 912 1
756 1000 1
758 767 1
758 912 1
764 987 1
765 843 1
766 804 1
766 896 1
767 952 1
768 901 1
769 777 1
769 868 1
769 894 1
771 815 1
772 922 1
774 931 1
774 987 1
775 991 1
776 832 1
778 808 1
778 965 1
779 825 1
785 825 1
788 861 1
793 895 1
793 900 1
793 913 1
793 954 1
795 841 1
803 924 1
804 944 1
804 996 1
806 858 1
807 944 1
808 889 1
809 839 1
810 939 1
815 820 1
816 874 1
819 845 1
819 864 1
819 906 1
820 828 1
822 978 1
826 860 1
828 849 1
831 851 1
831 947 1
831 963 1
832 835 1
837 838 1
838 870 1
838 956 1
839 934 1
843 945 1
843 950 1
844 979 1
847 976 1
849 980 1
851 883 1
852 991 1
855 956 1
858 910 1
859 862 1
864 920 1
867 997 1
870 933 1
881 937 1
893 898 1
893 923 1
895 957 1
900 919 1
913 960 1
914 936 1
921 944 1
929 940 1
931 965 1
943 987 1
944 959 1
947 977 1
960 977 1
967 989 1
