1000 4975
1 2 1
1 3 1
1 4 1
1 5 1
1 6 1
1 7 1
1 8 1
1 9 1
1 10 1
1 11 1
1 12 1
1 15 1
1 16 1
1 22 1
1 25 1
1 28 1
1 33 1
1 35 1
1 36 1
1 50 1
1 53 1
1 58 1
1 61 1
1 62 1
1 68 1
1 86 1
1 97 1
1 99 1
1 104 1
1 106 1
1 109 1
1 122 1
1 124 1
1 129 1
1 131 1
1 158 1
1 165 1
1 167 1
1 169 1
1 189 1
1 190 1
1 199 1
1 210 1
1 230 1
1 239 1
1 247 1
1 258 1
1 271 1
1 306 1
1 324 1
1 330 1
1 350 1
1 361 1
1 362 1
1 374 1
1 375 1
1 387 1
1 455 1
1 470 1
1 471 1
1 473 1
1 475 1
1 477 1
1 497 1
1 498 1
1 544 1
1 547 1
1 554 1
1 560 1
1 567 1
1 578 1
1 604 1
1 605 1
1 640 1
1 643 1
1 746 1
1 763 1
1 799 1
1 817 1
1 836 1
1 898 1
1 916 1
1 922 1
1 928 1
1 947 1
1 951 1
1 980 1
2 9 1
2 13 1
2 14 1
2 26 1
2 27 1
2 32 1
2 43 1
2 72 1
2 81 1
2 89 1
2 100 1
2 110 1
2 133 1
2 170 1
2 174 1
2 191 1
2 194 1
2 216 1
2 224 1
2 226 1
2 241 1
2 274 1
2 277 1
2 284 1
2 292 1
2 320 1
2 362 1
2 363 1
2 385 1
2 445 1
2 447 1
2 478 1
2 504 1
2 511 1
2 587 1
2 655 1
2 676 1
2 689 1
2 728 1
2 743 1
2 766 1
2 782 1
2 814 1
2 819 1
2 899 1
2 909 1
2 912 1
2 955 1
3 7 1
3 8 1
3 9 1
3 10 1
3 11 1
3 12 1
3 13 1
3 14 1
3 16 1
3 17 1
3 18 1
3 22 1
3 31 1
3 36 1
3 49 1
3 52 1
3 55 1
3 69 1
3 91 1
3 151 1
3 163 1
3 166 1
3 173 1
3 192 1
3 202 1
3 206 1
3 215 1
3 241 1
3 275 1
3 284 1
3 285 1
3 296 1
3 298 1
3 309 1
3 329 1
3 334 1
3 338 1
3 366 1
3 381 1
3 400 1
3 410 1
3 414 1
3 453 1
3 460 1
3 466 1
3 499 1
3 509 1
3 547 1
3 558 1
3 575 1
3 613 1
3 629 1
3 652 1
3 655 1
3 676 1
3 687 1
3 689 1
3 693 1
3 694 1
3 735 1
3 743 1
3 756 1
3 769 1
3 788 1
3 793 1
3 796 1
3 808 1
3 841 1
3 860 1
3 882 1
3 920 1
3 935 1
3 961 1
3 966 1
4 7 1
4 8 1
4 10 1
4 15 1
4 19 1
4 21 1
4 22 1
4 27 1
4 28 1
4 41 1
4 43 1
4 44 1
4 45 1
4 49 1
4 50 1
4 52 1
4 66 1
4 68 1
4 80 1
4 82 1
4 101 1
4 121 1
4 124 1
4 152 1
4 166 1
4 184 1
4 210 1
4 218 1
4 225 1
4 231 1
4 243 1
4 264 1
4 325 1
4 327 1
4 388 1
4 395 1
4 397 1
4 404 1
4 486 1
4 500 1
4 510 1
4 514 1
4 546 1
4 567 1
4 573 1
4 636 1
4 645 1
4 672 1
4 684 1
4 706 1
4 736 1
4 737 1
4 774 1
4 778 1
4 787 1
4 792 1
4 809 1
4 815 1
4 818 1
4 841 1
4 852 1
4 883 1
4 890 1
4 907 1
4 946 1
4 987 1
5 7 1
5 8 1
5 9 1
5 11 1
5 12 1
5 13 1
5 14 1
5 17 1
5 21 1
5 24 1
5 32 1
5 37 1
5 39 1
5 40 1
5 48 1
5 54 1
5 56 1
5 90 1
5 92 1
5 109 1
5 130 1
5 137 1
5 149 1
5 174 1
5 192 1
5 219 1
5 259 1
5 288 1
5 328 1
5 357 1
5 368 1
5 443 1
5 452 1
5 455 1
5 463 1
5 485 1
5 490 1
5 493 1
5 509 1
5 539 1
5 544 1
5 646 1
5 660 1
5 668 1
5 822 1
5 823 1
6 7 1
6 9 1
6 12 1
6 18 1
6 20 1
6 26 1
6 57 1
6 66 1
6 120 1
6 126 1
6 211 1
6 228 1
6 231 1
6 263 1
6 278 1
6 324 1
6 357 1
6 388 1
6 432 1
6 486 1
6 504 1
6 505 1
6 567 1
6 625 1
6 676 1
6 695 1
6 783 1
6 787 1
7 8 1
7 10 1
7 13 1
7 14 1
7 17 1
7 20 1
7 22 1
7 23 1
7 24 1
7 30 1
7 31 1
7 34 1
7 35 1
7 37 1
7 38 1
7 40 1
7 42 1
7 45 1
7 47 1
7 51 1
7 53 1
7 55 1
7 64 1
7 74 1
7 77 1
7 83 1
7 87 1
7 88 1
7 89 1
7 90 1
7 94 1
7 95 1
7 101 1
7 103 1
7 105 1
7 110 1
7 123 1
7 125 1
7 132 1
7 138 1
7 148 1
7 149 1
7 152 1
7 162 1
7 172 1
7 176 1
7 182 1
7 183 1
7 200 1
7 203 1
7 210 1
7 211 1
7 214 1
7 217 1
7 220 1
7 241 1
7 245 1
7 249 1
7 252 1
7 267 1
7 270 1
7 286 1
7 292 1
7 294 1
7 299 1
7 300 1
7 321 1
7 337 1
7 340 1
7 346 1
7 348 1
7 360 1
7 361 1
7 373 1
7 383 1
7 387 1
7 389 1
7 396 1
7 401 1
7 410 1
7 420 1
7 428 1
7 445 1
7 456 1
7 481 1
7 490 1
7 503 1
7 514 1
7 528 1
7 559 1
7 560 1
7 572 1
7 593 1
7 595 1
7 598 1
7 633 1
7 652 1
7 665 1
7 678 1
7 679 1
7 683 1
7 692 1
7 706 1
7 728 1
7 739 1
7 754 1
7 777 1
7 784 1
7 828 1
7 844 1
7 845 1
7 865 1
7 879 1
7 892 1
7 896 1
7 906 1
7 908 1
7 910 1
7 923 1
7 939 1
7 958 1
7 975 1
7 978 1
7 981 1
7 1000 1
8 11 1
8 18 1
8 26 1
8 27 1
8 29 1
8 70 1
8 74 1
8 95 1
8 97 1
8 175 1
8 214 1
8 225 1
8 256 1
8 334 1
8 384 1
8 391 1
8 396 1
8 404 1
8 425 1
8 443 1
8 448 1
8 621 1
8 685 1
8 768 1
8 791 1
8 875 1
9 10 1
9 11 1
9 13 1
9 16 1
9 17 1
9 19 1
9 21 1
9 26 1
9 27 1
9 28 1
9 29 1
9 35 1
9 38 1
9 50 1
9 62 1
9 70 1
9 77 1
9 91 1
9 94 1
9 96 1
9 111 1
9 128 1
9 130 1
9 131 1
9 139 1
9 164 1
9 178 1
9 182 1
9 189 1
9 195 1
9 198 1
9 224 1
9 226 1
9 295 1
9 332 1
9 344 1
9 350 1
9 358 1
9 376 1
9 377 1
9 402 1
9 424 1
9 465 1
9 466 1
9 470 1
9 472 1
9 502 1
9 543 1
9 579 1
9 588 1
9 596 1
9 601 1
9 608 1
9 609 1
9 623 1
9 626 1
9 654 1
9 669 1
9 677 1
9 694 1
9 711 1
9 755 1
9 786 1
9 805 1
9 949 1
9 974 1
10 12 1
10 14 1
10 15 1
10 51 1
10 55 1
10 80 1
10 99 1
10 160 1
10 170 1
10 186 1
10 237 1
10 254 1
10 344 1
10 359 1
10 373 1
10 457 1
10 458 1
10 475 1
10 485 1
10 494 1
10 538 1
10 564 1
10 640 1
10 670 1
10 712 1
10 715 1
10 719 1
10 749 1
10 769 1
10 854 1
10 856 1
11 33 1
11 35 1
11 44 1
11 48 1
11 58 1
11 60 1
11 63 1
11 71 1
11 72 1
11 86 1
11 98 1
11 102 1
11 110 1
11 123 1
11 125 1
11 142 1
11 146 1
11 147 1
11 163 1
11 166 1
11 178 1
11 183 1
11 185 1
11 201 1
11 203 1
11 216 1
11 244 1
11 250 1
11 255 1
11 258 1
11 272 1
11 281 1
11 293 1
11 309 1
11 325 1
11 341 1
11 364 1
11 370 1
11 384 1
11 395 1
11 398 1
11 402 1
11 411 1
11 422 1
11 430 1
11 435 1
11 441 1
11 450 1
11 464 1
11 470 1
11 473 1
11 481 1
11 496 1
11 531 1
11 579 1
11 608 1
11 612 1
11 619 1
11 624 1
11 637 1
11 658 1
11 675 1
11 699 1
11 736 1
11 849 1
11 859 1
11 879 1
11 901 1
11 907 1
11 936 1
11 951 1
11 959 1
11 970 1
12 18 1
12 24 1
12 25 1
12 34 1
12 36 1
12 42 1
12 51 1
12 64 1
12 65 1
12 73 1
12 83 1
12 85 1
12 87 1
12 92 1
12 104 1
12 106 1
12 124 1
12 134 1
12 197 1
12 262 1
12 268 1
12 278 1
12 297 1
12 307 1
12 315 1
12 322 1
12 332 1
12 345 1
12 362 1
12 376 1
12 383 1
12 415 1
12 425 1
12 478 1
12 487 1
12 534 1
12 554 1
12 598 1
12 662 1
12 673 1
12 739 1
12 785 1
12 791 1
12 822 1
12 827 1
12 829 1
12 942 1
12 943 1
12 955 1
13 15 1
13 19 1
13 21 1
13 23 1
13 25 1
13 26 1
13 29 1
13 30 1
13 43 1
13 55 1
13 69 1
13 79 1
13 99 1
13 101 1
13 102 1
13 103 1
13 114 1
13 115 1
13 130 1
13 135 1
13 136 1
13 139 1
13 140 1
13 146 1
13 147 1
13 154 1
13 172 1
13 176 1
13 187 1
13 200 1
13 212 1
13 213 1
13 216 1
13 222 1
13 237 1
13 253 1
13 254 1
13 257 1
13 265 1
13 267 1
13 274 1
13 280 1
13 285 1
13 297 1
13 306 1
13 313 1
13 344 1
13 345 1
13 355 1
13 364 1
13 376 1
13 386 1
13 394 1
13 407 1
13 419 1
13 452 1
13 488 1
13 495 1
13 529 1
13 549 1
13 551 1
13 557 1
13 565 1
13 587 1
13 591 1
13 599 1
13 602 1
13 611 1
13 613 1
13 647 1
13 673 1
13 688 1
13 691 1
13 759 1
13 808 1
13 832 1
13 864 1
13 902 1
13 905 1
13 909 1
13 943 1
13 950 1
13 976 1
13 977 1
13 993 1
14 15 1
14 16 1
14 20 1
14 21 1
14 23 1
14 31 1
14 36 1
14 37 1
14 40 1
14 42 1
14 46 1
14 51 1
14 53 1
14 60 1
14 68 1
14 71 1
14 79 1
14 81 1
14 84 1
14 92 1
14 94 1
14 102 1
14 107 1
14 112 1
14 119 1
14 127 1
14 137 1
14 138 1
14 140 1
14 150 1
14 163 1
14 174 1
14 177 1
14 179 1
14 211 1
14 213 1
14 219 1
14 220 1
14 222 1
14 230 1
14 247 1
14 248 1
14 254 1
14 259 1
14 295 1
14 304 1
14 314 1
14 320 1
14 324 1
14 356 1
14 362 1
14 366 1
14 371 1
14 376 1
14 378 1
14 395 1
14 431 1
14 456 1
14 458 1
14 468 1
14 479 1
14 489 1
14 524 1
14 538 1
14 549 1
14 556 1
14 559 1
14 639 1
14 644 1
14 649 1
14 653 1
14 668 1
14 698 1
14 711 1
14 719 1
14 762 1
14 780 1
14 795 1
14 812 1
14 819 1
14 829 1
14 845 1
14 846 1
14 853 1
14 885 1
14 921 1
14 926 1
14 938 1
14 940 1
14 945 1
14 949 1
14 952 1
14 961 1
14 964 1
14 971 1
14 995 1
15 16 1
15 17 1
15 48 1
15 50 1
15 67 1
15 136 1
15 138 1
15 143 1
15 160 1
15 174 1
15 243 1
15 271 1
15 288 1
15 308 1
15 311 1
15 314 1
15 317 1
15 348 1
15 356 1
15 374 1
15 398 1
15 419 1
15 508 1
15 518 1
15 559 1
15 642 1
15 676 1
15 740 1
15 771 1
15 804 1
15 828 1
15 829 1
15 835 1
15 891 1
15 915 1
15 941 1
15 999 1
16 18 1
16 19 1
16 25 1
16 29 1
16 30 1
16 42 1
16 45 1
16 47 1
16 58 1
16 60 1
16 67 1
16 68 1
16 74 1
16 75 1
16 79 1
16 83 1
16 85 1
16 92 1
16 98 1
16 103 1
16 107 1
16 109 1
16 113 1
16 115 1
16 117 1
16 118 1
16 121 1
16 122 1
16 134 1
16 153 1
16 156 1
16 158 1
16 169 1
16 186 1
16 188 1
16 191 1
16 207 1
16 248 1
16 261 1
16 281 1
16 286 1
16 287 1
16 295 1
16 308 1
16 319 1
16 368 1
16 372 1
16 463 1
16 496 1
16 502 1
16 504 1
16 513 1
16 516 1
16 526 1
16 546 1
16 564 1
16 633 1
16 653 1
16 667 1
16 705 1
16 815 1
16 848 1
16 896 1
16 900 1
16 973 1
17 19 1
17 20 1
17 22 1
17 24 1
17 61 1
17 118 1
17 132 1
17 191 1
17 194 1
17 256 1
17 270 1
17 276 1
17 277 1
17 406 1
17 419 1
17 432 1
17 529 1
17 558 1
17 576 1
17 641 1
17 657 1
17 753 1
17 767 1
17 811 1
17 815 1
17 852 1
17 899 1
17 921 1
17 938 1
17 979 1
17 988 1
18 20 1
18 28 1
18 30 1
18 35 1
18 79 1
18 82 1
18 84 1
18 113 1
18 128 1
18 145 1
18 150 1
18 151 1
18 229 1
18 245 1
18 246 1
18 251 1
18 256 1
18 271 1
18 279 1
18 292 1
18 316 1
18 326 1
18 350 1
18 356 1
18 434 1
18 459 1
18 495 1
18 547 1
18 579 1
18 612 1
18 635 1
18 718 1
18 901 1
18 995 1
19 23 1
19 28 1
19 29 1
19 31 1
19 32 1
19 33 1
19 36 1
19 38 1
19 43 1
19 46 1
19 52 1
19 53 1
19 54 1
19 56 1
19 60 1
19 61 1
19 63 1
19 73 1
19 83 1
19 94 1
19 99 1
19 108 1
19 111 1
19 123 1
19 125 1
19 143 1
19 147 1
19 153 1
19 175 1
19 178 1
19 183 1
19 194 1
19 202 1
19 217 1
19 227 1
19 238 1
19 245 1
19 269 1
19 273 1
19 276 1
19 288 1
19 313 1
19 315 1
19 316 1
19 325 1
19 328 1
19 345 1
19 350 1
19 369 1
19 393 1
19 419 1
19 435 1
19 450 1
19 459 1
19 465 1
19 483 1
19 497 1
19 520 1
19 555 1
19 598 1
19 600 1
19 633 1
19 635 1
19 657 1
19 664 1
19 678 1
19 731 1
19 750 1
19 754 1
19 784 1
19 798 1
19 800 1
19 812 1
19 828 1
19 879 1
19 880 1
19 883 1
19 889 1
19 893 1
19 947 1
19 976 1
19 992 1
20 23 1
20 41 1
20 46 1
20 60 1
20 69 1
20 89 1
20 141 1
20 145 1
20 161 1
20 177 1
20 180 1
20 186 1
20 207 1
20 222 1
20 240 1
20 273 1
20 278 1
20 293 1
20 310 1
20 380 1
20 383 1
20 413 1
20 540 1
20 594 1
20 642 1
20 644 1
20 676 1
20 685 1
20 767 1
20 863 1
20 867 1
20 877 1
20 897 1
20 909 1
20 973 1
21 27 1
21 34 1
21 81 1
21 85 1
21 115 1
21 199 1
21 254 1
21 276 1
21 309 1
21 478 1
21 674 1
21 681 1
21 798 1
21 836 1
22 24 1
22 25 1
22 33 1
22 42 1
22 54 1
22 59 1
22 100 1
22 114 1
22 122 1
22 140 1
22 141 1
22 151 1
22 152 1
22 157 1
22 181 1
22 187 1
22 203 1
22 244 1
22 252 1
22 266 1
22 323 1
22 326 1
22 330 1
22 369 1
22 406 1
22 429 1
22 430 1
22 437 1
22 458 1
22 495 1
22 514 1
22 519 1
22 547 1
22 595 1
22 612 1
22 652 1
22 665 1
22 702 1
22 716 1
22 874 1
22 933 1
22 948 1
22 979 1
22 983 1
23 88 1
23 110 1
23 112 1
23 113 1
23 125 1
23 133 1
23 151 1
23 155 1
23 162 1
23 269 1
23 284 1
23 327 1
23 478 1
23 484 1
23 491 1
23 492 1
23 517 1
23 638 1
23 649 1
23 663 1
23 713 1
23 765 1
23 771 1
23 843 1
23 953 1
24 33 1
24 41 1
24 55 1
24 74 1
24 75 1
24 148 1
24 180 1
24 189 1
24 215 1
24 284 1
24 291 1
24 377 1
24 487 1
24 661 1
24 733 1
24 742 1
24 772 1
24 849 1
25 39 1
25 48 1
25 56 1
25 84 1
25 90 1
25 113 1
25 117 1
25 120 1
25 171 1
25 196 1
25 208 1
25 221 1
25 228 1
25 233 1
25 245 1
25 286 1
25 298 1
25 365 1
25 392 1
25 397 1
25 416 1
25 428 1
25 461 1
25 499 1
25 555 1
25 576 1
25 586 1
25 590 1
25 606 1
25 613 1
25 614 1
25 617 1
25 629 1
25 648 1
25 657 1
25 675 1
25 693 1
25 746 1
25 825 1
25 828 1
25 845 1
25 917 1
25 951 1
26 38 1
26 39 1
26 40 1
26 43 1
26 44 1
26 46 1
26 57 1
26 62 1
26 63 1
26 65 1
26 73 1
26 78 1
26 87 1
26 93 1
26 100 1
26 124 1
26 128 1
26 135 1
26 160 1
26 192 1
26 205 1
26 215 1
26 221 1
26 248 1
26 255 1
26 272 1
26 280 1
26 338 1
26 342 1
26 343 1
26 350 1
26 381 1
26 412 1
26 429 1
26 446 1
26 503 1
26 505 1
26 510 1
26 528 1
26 548 1
26 587 1
26 594 1
26 635 1
26 638 1
26 643 1
26 650 1
26 657 1
26 683 1
26 720 1
26 753 1
26 933 1
26 968 1
26 983 1
26 987 1
26 991 1
26 998 1
27 37 1
27 52 1
27 129 1
27 202 1
27 290 1
27 308 1
27 328 1
27 340 1
27 353 1
27 516 1
27 772 1
27 793 1
27 985 1
28 30 1
28 32 1
28 34 1
28 54 1
28 59 1
28 61 1
28 72 1
28 85 1
28 91 1
28 96 1
28 103 1
28 108 1
28 119 1
28 155 1
28 193 1
28 234 1
28 255 1
28 294 1
28 296 1
28 298 1
28 305 1
28 326 1
28 342 1
28 346 1
28 356 1
28 368 1
28 377 1
28 378 1
28 449 1
28 450 1
28 501 1
28 586 1
28 594 1
28 624 1
28 748 1
28 749 1
28 768 1
28 795 1
28 833 1
28 881 1
28 939 1
28 950 1
29 39 1
29 45 1
29 56 1
29 58 1
29 76 1
29 88 1
29 93 1
29 97 1
29 115 1
29 161 1
29 187 1
29 188 1
29 292 1
29 318 1
29 334 1
29 349 1
29 518 1
29 519 1
29 520 1
29 535 1
29 615 1
29 658 1
29 698 1
29 832 1
29 901 1
29 905 1
29 983 1
29 999 1
30 31 1
30 32 1
30 34 1
30 45 1
30 47 1
30 52 1
30 98 1
30 141 1
30 142 1
30 154 1
30 175 1
30 181 1
30 182 1
30 196 1
30 225 1
30 246 1
30 270 1
30 286 1
30 302 1
30 318 1
30 325 1
30 346 1
30 360 1
30 378 1
30 391 1
30 400 1
30 402 1
30 521 1
30 540 1
30 577 1
30 654 1
30 658 1
30 688 1
30 724 1
30 728 1
30 749 1
30 758 1
30 778 1
30 803 1
30 866 1
30 867 1
30 953 1
31 37 1
31 44 1
31 47 1
31 51 1
31 62 1
31 84 1
31 108 1
31 156 1
31 171 1
31 174 1
31 257 1
31 329 1
31 354 1
31 357 1
31 404 1
31 423 1
31 451 1
31 463 1
31 524 1
31 566 1
31 617 1
31 672 1
31 771 1
31 772 1
31 799 1
31 803 1
31 851 1
31 980 1
32 40 1
32 131 1
32 210 1
32 234 1
32 369 1
32 373 1
32 377 1
32 388 1
32 447 1
32 460 1
32 479 1
32 493 1
32 625 1
32 780 1
32 831 1
32 863 1
33 38 1
33 39 1
33 53 1
33 64 1
33 66 1
33 78 1
33 116 1
33 132 1
33 139 1
33 178 1
33 199 1
33 224 1
33 262 1
33 334 1
33 337 1
33 344 1
33 427 1
33 430 1
33 434 1
33 494 1
33 500 1
33 527 1
33 568 1
33 601 1
33 712 1
33 738 1
33 798 1
33 814 1
33 932 1
33 935 1
33 965 1
33 992 1
34 41 1
34 48 1
34 49 1
34 73 1
34 95 1
34 114 1
34 144 1
34 184 1
34 208 1
34 217 1
34 224 1
34 231 1
34 233 1
34 240 1
34 246 1
34 335 1
34 358 1
34 392 1
34 420 1
34 438 1
34 512 1
34 517 1
34 555 1
34 588 1
34 621 1
34 622 1
34 741 1
34 779 1
34 797 1
34 861 1
35 66 1
35 96 1
35 128 1
35 136 1
35 148 1
35 155 1
35 191 1
35 222 1
35 490 1
35 501 1
35 562 1
35 682 1
35 739 1
35 840 1
35 891 1
36 58 1
36 59 1
36 64 1
36 71 1
36 76 1
36 96 1
36 146 1
36 196 1
36 269 1
36 321 1
36 340 1
36 440 1
36 468 1
36 469 1
36 493 1
36 500 1
36 507 1
36 569 1
36 628 1
36 805 1
36 854 1
36 887 1
36 942 1
37 62 1
37 184 1
37 311 1
37 330 1
37 703 1
37 727 1
38 47 1
38 82 1
38 86 1
38 106 1
38 126 1
38 149 1
38 220 1
38 289 1
38 302 1
38 308 1
38 341 1
38 349 1
38 363 1
38 414 1
38 435 1
38 461 1
38 553 1
38 580 1
38 590 1
38 607 1
38 614 1
38 640 1
38 647 1
38 649 1
38 695 1
38 696 1
38 790 1
38 855 1
39 41 1
39 46 1
39 56 1
39 67 1
39 79 1
39 125 1
39 167 1
39 168 1
39 212 1
39 233 1
39 235 1
39 266 1
39 390 1
39 403 1
39 443 1
39 457 1
39 514 1
39 555 1
39 578 1
39 721 1
39 754 1
39 770 1
39 782 1
39 796 1
39 921 1
39 936 1
40 49 1
40 63 1
40 89 1
40 120 1
40 142 1
40 154 1
40 193 1
40 195 1
40 205 1
40 225 1
40 226 1
40 255 1
40 308 1
40 312 1
40 315 1
40 322 1
40 326 1
40 464 1
40 467 1
40 472 1
40 512 1
40 570 1
40 613 1
40 710 1
40 810 1
40 894 1
40 954 1
40 983 1
40 1000 1
41 57 1
41 74 1
41 102 1
41 133 1
41 153 1
41 303 1
41 340 1
41 493 1
41 697 1
41 789 1
41 849 1
42 152 1
42 199 1
42 204 1
42 212 1
42 239 1
42 267 1
42 282 1
42 301 1
42 343 1
42 346 1
42 466 1
42 538 1
42 694 1
42 745 1
42 802 1
42 877 1
42 928 1
43 44 1
43 54 1
43 59 1
43 134 1
43 173 1
43 204 1
43 313 1
43 496 1
43 542 1
43 579 1
43 673 1
43 805 1
43 838 1
43 929 1
43 959 1
44 57 1
44 67 1
44 117 1
44 119 1
44 132 1
44 133 1
44 137 1
44 173 1
44 186 1
44 342 1
44 386 1
44 414 1
44 612 1
44 696 1
44 707 1
44 727 1
44 730 1
44 832 1
44 868 1
44 872 1
44 937 1
45 49 1
45 65 1
45 66 1
45 139 1
45 291 1
45 413 1
45 738 1
45 955 1
46 61 1
46 109 1
46 118 1
46 135 1
46 138 1
46 162 1
46 239 1
46 261 1
46 281 1
46 316 1
46 383 1
46 410 1
46 450 1
46 477 1
46 546 1
46 632 1
46 684 1
46 763 1
46 797 1
46 830 1
46 884 1
46 909 1
46 963 1
46 969 1
47 122 1
47 253 1
47 480 1
47 614 1
47 647 1
47 835 1
47 985 1
48 50 1
48 59 1
48 69 1
48 78 1
48 88 1
48 98 1
48 101 1
48 135 1
48 143 1
48 151 1
48 164 1
48 179 1
48 247 1
48 251 1
48 313 1
48 353 1
48 393 1
48 421 1
48 446 1
48 476 1
48 496 1
48 513 1
48 518 1
48 561 1
48 585 1
48 620 1
48 682 1
48 718 1
48 734 1
48 867 1
48 914 1
48 944 1
49 77 1
49 78 1
49 115 1
49 130 1
49 153 1
49 159 1
49 291 1
49 307 1
49 335 1
49 420 1
49 510 1
49 541 1
49 570 1
49 785 1
49 871 1
49 880 1
49 894 1
49 988 1
50 103 1
50 105 1
50 137 1
50 170 1
50 282 1
50 403 1
50 631 1
50 663 1
50 682 1
50 736 1
50 774 1
50 786 1
50 903 1
50 953 1
51 57 1
51 80 1
51 145 1
51 272 1
51 302 1
51 321 1
51 421 1
51 428 1
51 453 1
51 466 1
51 585 1
51 631 1
51 645 1
51 659 1
51 681 1
51 702 1
51 831 1
51 896 1
52 68 1
52 69 1
52 70 1
52 71 1
52 75 1
52 76 1
52 86 1
52 92 1
52 97 1
52 113 1
52 123 1
52 126 1
52 129 1
52 134 1
52 156 1
52 179 1
52 180 1
52 194 1
52 207 1
52 213 1
52 233 1
52 243 1
52 264 1
52 274 1
52 275 1
52 278 1
52 283 1
52 318 1
52 359 1
52 415 1
52 440 1
52 459 1
52 517 1
52 535 1
52 588 1
52 603 1
52 615 1
52 638 1
52 648 1
52 674 1
52 708 1
52 737 1
52 777 1
52 782 1
52 787 1
52 791 1
52 855 1
52 883 1
52 931 1
52 955 1
52 999 1
53 72 1
53 102 1
53 116 1
53 159 1
53 262 1
53 370 1
53 424 1
53 449 1
53 649 1
53 928 1
54 131 1
54 188 1
54 193 1
54 206 1
54 218 1
54 394 1
54 499 1
54 516 1
54 680 1
54 709 1
54 801 1
54 939 1
55 85 1
55 93 1
55 105 1
55 108 1
55 175 1
55 221 1
55 352 1
55 375 1
55 433 1
55 464 1
55 513 1
55 525 1
55 585 1
55 603 1
55 770 1
55 791 1
55 803 1
55 907 1
55 922 1
56 64 1
56 142 1
56 161 1
56 189 1
56 374 1
56 393 1
56 409 1
56 463 1
56 536 1
56 674 1
56 698 1
56 837 1
56 873 1
56 973 1
57 65 1
57 70 1
57 71 1
57 90 1
57 93 1
57 177 1
57 185 1
57 232 1
57 264 1
57 287 1
57 310 1
57 369 1
57 424 1
57 442 1
57 533 1
57 602 1
57 657 1
57 671 1
57 686 1
57 727 1
57 788 1
57 817 1
57 881 1
57 981 1
58 72 1
58 75 1
58 116 1
58 159 1
58 603 1
58 672 1
58 830 1
58 862 1
58 870 1
58 963 1
59 142 1
59 188 1
59 195 1
59 258 1
59 354 1
59 364 1
59 495 1
59 751 1
59 804 1
59 871 1
60 63 1
60 76 1
60 77 1
60 114 1
60 132 1
60 165 1
60 222 1
60 231 1
60 460 1
60 665 1
60 717 1
60 724 1
60 746 1
60 903 1
61 65 1
61 76 1
61 82 1
61 107 1
61 156 1
61 202 1
61 209 1
61 249 1
61 268 1
61 291 1
61 341 1
61 397 1
61 423 1
61 936 1
62 81 1
62 87 1
62 123 1
62 129 1
62 140 1
62 162 1
62 185 1
62 301 1
62 317 1
62 353 1
62 358 1
62 380 1
62 392 1
62 474 1
62 482 1
62 510 1
62 566 1
62 608 1
62 665 1
62 731 1
62 972 1
63 70 1
63 90 1
63 100 1
63 144 1
63 171 1
63 172 1
63 180 1
63 187 1
63 219 1
63 252 1
63 262 1
63 270 1
63 305 1
63 371 1
63 409 1
63 439 1
63 483 1
63 491 1
63 550 1
63 627 1
63 638 1
63 750 1
63 820 1
63 894 1
63 944 1
64 88 1
64 91 1
64 114 1
64 168 1
64 179 1
64 206 1
64 228 1
64 390 1
64 396 1
64 557 1
64 839 1
64 992 1
65 112 1
65 282 1
65 393 1
65 407 1
65 416 1
65 452 1
65 484 1
65 531 1
65 624 1
65 770 1
65 913 1
65 930 1
66 67 1
66 86 1
66 96 1
66 100 1
66 116 1
66 143 1
66 152 1
66 158 1
66 169 1
66 173 1
66 201 1
66 221 1
66 260 1
66 279 1
66 327 1
66 331 1
66 334 1
66 358 1
66 365 1
66 412 1
66 422 1
66 483 1
66 498 1
66 516 1
66 553 1
66 565 1
66 606 1
66 632 1
66 691 1
66 704 1
66 729 1
66 797 1
66 806 1
66 811 1
66 824 1
66 844 1
66 959 1
66 961 1
67 168 1
67 220 1
67 269 1
67 286 1
67 347 1
67 408 1
67 741 1
67 832 1
67 888 1
67 982 1
68 108 1
68 210 1
68 281 1
68 301 1
68 523 1
68 534 1
68 623 1
68 654 1
68 692 1
68 731 1
68 801 1
68 802 1
68 813 1
68 851 1
68 852 1
68 860 1
68 882 1
68 919 1
68 940 1
69 111 1
69 384 1
69 394 1
69 437 1
69 512 1
69 520 1
69 584 1
69 586 1
69 633 1
69 650 1
69 888 1
70 73 1
70 83 1
70 184 1
70 197 1
70 303 1
70 425 1
70 449 1
70 474 1
70 706 1
70 842 1
71 75 1
71 112 1
71 202 1
71 229 1
71 262 1
71 300 1
71 329 1
71 354 1
71 442 1
71 454 1
71 543 1
71 617 1
71 631 1
71 811 1
71 947 1
72 78 1
72 80 1
72 81 1
72 153 1
72 164 1
72 200 1
72 243 1
72 282 1
72 360 1
72 362 1
72 411 1
72 537 1
72 569 1
72 574 1
72 607 1
72 708 1
72 755 1
72 855 1
72 858 1
72 890 1
72 895 1
72 919 1
72 920 1
73 82 1
73 101 1
73 121 1
73 131 1
73 198 1
73 214 1
73 241 1
73 248 1
73 317 1
73 370 1
73 484 1
73 582 1
73 717 1
73 902 1
74 143 1
74 177 1
74 251 1
74 290 1
74 343 1
74 418 1
74 429 1
74 623 1
74 679 1
74 886 1
74 902 1
74 979 1
74 993 1
75 323 1
75 339 1
76 77 1
76 80 1
76 98 1
76 99 1
76 107 1
76 127 1
76 187 1
76 224 1
76 345 1
76 371 1
76 445 1
76 610 1
76 643 1
76 659 1
76 696 1
76 738 1
76 915 1
76 968 1
76 981 1
76 984 1
77 170 1
77 487 1
77 703 1
77 771 1
77 792 1
78 324 1
78 366 1
78 583 1
78 691 1
78 747 1
79 315 1
79 402 1
79 504 1
79 709 1
80 89 1
80 168 1
80 207 1
80 386 1
80 414 1
80 418 1
80 459 1
80 489 1
80 575 1
80 593 1
80 925 1
80 964 1
81 259 1
81 265 1
81 283 1
81 329 1
81 427 1
81 434 1
81 482 1
81 587 1
81 727 1
81 930 1
81 958 1
81 976 1
82 84 1
82 91 1
82 94 1
82 106 1
82 122 1
82 126 1
82 169 1
82 185 1
82 190 1
82 238 1
82 271 1
82 293 1
82 332 1
82 385 1
82 396 1
82 426 1
82 435 1
82 440 1
82 505 1
82 521 1
82 533 1
82 563 1
82 577 1
82 648 1
82 665 1
82 699 1
82 732 1
82 734 1
82 746 1
82 830 1
82 895 1
82 915 1
83 167 1
83 219 1
83 225 1
83 341 1
83 508 1
83 574 1
84 106 1
84 111 1
84 117 1
84 145 1
84 150 1
84 221 1
84 287 1
84 371 1
84 382 1
84 391 1
84 451 1
84 519 1
84 693 1
84 694 1
84 768 1
84 825 1
85 87 1
85 95 1
85 121 1
85 181 1
85 190 1
85 230 1
85 233 1
85 240 1
85 260 1
85 272 1
85 303 1
85 324 1
85 328 1
85 359 1
85 399 1
85 401 1
85 413 1
85 446 1
85 488 1
85 503 1
85 566 1
85 700 1
85 775 1
85 778 1
85 795 1
85 806 1
85 851 1
85 884 1
85 914 1
85 967 1
85 971 1
86 339 1
86 561 1
86 564 1
86 857 1
87 263 1
87 367 1
87 488 1
87 811 1
87 922 1
88 105 1
88 109 1
88 141 1
88 154 1
88 162 1
88 172 1
88 297 1
88 525 1
88 602 1
88 957 1
89 111 1
89 127 1
89 137 1
89 164 1
89 172 1
89 175 1
89 214 1
89 289 1
89 363 1
89 433 1
89 483 1
89 499 1
89 509 1
89 558 1
89 584 1
89 623 1
89 639 1
89 642 1
89 693 1
89 773 1
89 789 1
89 794 1
89 804 1
89 809 1
89 873 1
89 886 1
89 972 1
90 93 1
90 97 1
90 203 1
90 408 1
90 497 1
90 685 1
90 722 1
90 840 1
91 95 1
91 104 1
91 119 1
91 120 1
91 126 1
91 275 1
91 289 1
91 323 1
91 329 1
91 348 1
91 432 1
91 581 1
91 609 1
91 653 1
91 660 1
91 667 1
91 697 1
91 888 1
92 178 1
92 180 1
92 209 1
92 214 1
92 259 1
92 261 1
92 283 1
92 333 1
92 424 1
92 452 1
92 472 1
92 501 1
92 532 1
92 569 1
92 677 1
92 752 1
92 778 1
92 990 1
93 105 1
93 136 1
93 148 1
93 164 1
93 176 1
93 268 1
93 287 1
93 363 1
93 374 1
93 470 1
93 474 1
93 489 1
93 524 1
93 564 1
93 583 1
93 584 1
93 670 1
93 681 1
93 686 1
93 700 1
93 744 1
93 807 1
93 881 1
93 969 1
93 995 1
94 104 1
94 110 1
94 116 1
94 150 1
94 190 1
94 229 1
94 249 1
94 276 1
94 347 1
94 358 1
94 399 1
94 418 1
94 435 1
94 480 1
94 541 1
94 715 1
94 824 1
94 997 1
95 104 1
95 118 1
95 146 1
95 157 1
95 181 1
95 219 1
95 251 1
95 319 1
95 361 1
95 400 1
95 658 1
95 725 1
95 781 1
96 165 1
96 168 1
96 184 1
96 231 1
96 296 1
96 299 1
96 393 1
96 437 1
96 527 1
96 573 1
96 622 1
96 635 1
96 646 1
96 672 1
96 821 1
96 829 1
96 960 1
97 107 1
97 138 1
97 139 1
97 234 1
97 242 1
97 322 1
97 508 1
97 515 1
97 569 1
97 661 1
97 715 1
97 817 1
97 913 1
98 313 1
98 479 1
98 573 1
98 607 1
98 650 1
98 880 1
99 135 1
99 223 1
99 305 1
99 310 1
99 394 1
99 408 1
99 531 1
99 895 1
99 901 1
100 119 1
100 136 1
100 200 1
100 312 1
100 337 1
100 395 1
100 453 1
100 648 1
100 807 1
100 815 1
100 866 1
101 247 1
101 620 1
101 760 1
101 805 1
102 112 1
102 134 1
102 148 1
102 252 1
102 457 1
102 535 1
102 602 1
102 618 1
102 707 1
103 159 1
103 247 1
103 260 1
103 382 1
103 439 1
103 528 1
103 646 1
103 762 1
103 928 1
104 127 1
104 185 1
104 280 1
104 295 1
104 392 1
104 470 1
104 496 1
104 752 1
104 771 1
104 929 1
104 956 1
104 1000 1
105 127 1
105 215 1
105 229 1
105 253 1
105 265 1
105 282 1
105 326 1
105 353 1
105 422 1
105 558 1
105 582 1
105 664 1
105 702 1
105 716 1
105 738 1
105 956 1
106 147 1
106 227 1
106 336 1
106 515 1
106 836 1
106 886 1
106 912 1
107 128 1
107 144 1
107 218 1
107 534 1
107 684 1
108 246 1
108 713 1
109 149 1
109 158 1
109 173 1
109 182 1
109 199 1
109 401 1
109 590 1
109 600 1
109 626 1
109 755 1
109 757 1
109 761 1
109 886 1
109 926 1
109 929 1
109 941 1
110 117 1
110 118 1
110 120 1
110 268 1
110 273 1
110 593 1
110 708 1
111 133 1
111 144 1
111 165 1
111 236 1
111 238 1
111 264 1
111 293 1
111 386 1
111 471 1
111 596 1
111 745 1
111 877 1
111 930 1
112 130 1
112 170 1
112 177 1
112 182 1
112 188 1
112 204 1
112 223 1
112 228 1
112 260 1
112 331 1
112 398 1
112 433 1
112 501 1
112 540 1
112 544 1
112 596 1
112 597 1
112 611 1
112 637 1
112 677 1
112 718 1
112 720 1
112 743 1
112 776 1
112 790 1
112 820 1
112 875 1
112 884 1
113 121 1
113 250 1
113 265 1
113 335 1
113 337 1
113 400 1
113 801 1
113 847 1
114 140 1
114 197 1
114 252 1
114 405 1
114 411 1
114 482 1
114 549 1
114 691 1
114 889 1
115 195 1
115 209 1
115 212 1
115 217 1
115 284 1
115 303 1
115 410 1
115 475 1
115 538 1
115 591 1
115 619 1
115 653 1
115 663 1
115 999 1
116 176 1
116 190 1
116 201 1
116 391 1
116 406 1
116 441 1
116 781 1
116 876 1
116 881 1
117 146 1
117 161 1
117 206 1
117 228 1
117 230 1
117 242 1
117 323 1
117 351 1
117 625 1
117 675 1
117 760 1
117 880 1
118 144 1
118 179 1
118 256 1
118 317 1
118 454 1
118 607 1
118 711 1
118 893 1
118 917 1
119 124 1
119 157 1
119 166 1
119 193 1
119 196 1
119 203 1
119 242 1
119 279 1
119 289 1
119 311 1
119 338 1
119 342 1
119 349 1
119 369 1
119 436 1
119 444 1
119 471 1
119 523 1
119 580 1
119 598 1
119 610 1
119 613 1
119 671 1
119 770 1
119 794 1
119 837 1
120 160 1
120 165 1
120 208 1
120 401 1
120 536 1
120 599 1
120 844 1
120 997 1
121 129 1
121 186 1
121 425 1
121 592 1
121 606 1
121 627 1
121 629 1
121 804 1
122 194 1
122 223 1
122 229 1
122 318 1
122 418 1
122 431 1
122 441 1
122 451 1
122 493 1
122 498 1
122 599 1
122 695 1
122 723 1
122 844 1
122 845 1
123 183 1
123 234 1
123 240 1
123 288 1
123 556 1
123 566 1
123 646 1
123 655 1
123 690 1
123 697 1
123 802 1
123 812 1
123 858 1
123 904 1
124 171 1
124 477 1
124 549 1
124 578 1
124 651 1
124 986 1
125 155 1
125 158 1
125 206 1
125 230 1
125 236 1
125 244 1
125 304 1
125 422 1
125 456 1
125 728 1
125 853 1
126 159 1
126 367 1
126 714 1
126 798 1
127 155 1
127 227 1
127 299 1
127 315 1
127 323 1
127 383 1
127 619 1
127 666 1
127 711 1
127 930 1
127 937 1
128 141 1
128 265 1
128 321 1
128 364 1
128 442 1
128 511 1
128 611 1
128 739 1
128 925 1
129 285 1
129 296 1
129 306 1
129 341 1
129 491 1
129 500 1
129 628 1
129 783 1
129 960 1
130 238 1
130 266 1
130 327 1
130 359 1
130 455 1
130 707 1
130 749 1
130 838 1
131 167 1
131 198 1
131 246 1
131 515 1
131 705 1
131 720 1
131 911 1
132 382 1
132 428 1
132 553 1
132 605 1
132 624 1
132 813 1
132 979 1
133 145 1
133 208 1
133 220 1
133 271 1
133 305 1
133 395 1
133 439 1
133 609 1
133 645 1
133 710 1
133 750 1
133 790 1
133 908 1
134 654 1
135 197 1
135 239 1
136 325 1
136 406 1
136 484 1
136 773 1
136 964 1
137 192 1
137 238 1
137 460 1
137 710 1
137 953 1
138 156 1
138 211 1
138 320 1
138 336 1
138 353 1
138 421 1
138 481 1
138 548 1
138 615 1
138 744 1
138 826 1
138 878 1
139 446 1
139 620 1
139 719 1
139 741 1
139 819 1
139 942 1
139 957 1
140 197 1
140 205 1
140 266 1
140 275 1
140 379 1
140 415 1
140 476 1
140 477 1
140 511 1
140 712 1
140 815 1
140 966 1
141 149 1
141 235 1
141 261 1
141 299 1
141 525 1
141 618 1
141 652 1
141 752 1
141 796 1
141 859 1
141 890 1
141 924 1
141 996 1
142 147 1
142 150 1
142 154 1
142 196 1
142 215 1
142 307 1
142 335 1
142 426 1
142 465 1
142 490 1
142 562 1
142 618 1
142 633 1
142 716 1
142 846 1
142 875 1
142 948 1
142 972 1
143 157 1
143 280 1
143 619 1
143 714 1
143 870 1
144 160 1
144 381 1
144 479 1
145 937 1
146 403 1
146 444 1
146 874 1
147 257 1
147 278 1
147 372 1
147 559 1
147 656 1
147 757 1
147 984 1
148 157 1
148 163 1
148 191 1
148 213 1
148 227 1
148 328 1
148 333 1
148 390 1
148 405 1
148 528 1
148 574 1
148 637 1
148 697 1
148 715 1
148 764 1
148 785 1
149 205 1
149 236 1
149 388 1
149 444 1
149 523 1
149 626 1
149 635 1
149 656 1
149 738 1
149 788 1
149 865 1
149 910 1
150 198 1
150 397 1
150 517 1
150 642 1
150 727 1
150 739 1
150 860 1
151 166 1
151 193 1
151 201 1
151 289 1
151 404 1
151 458 1
151 535 1
151 678 1
151 684 1
151 864 1
151 924 1
152 301 1
152 551 1
152 595 1
152 596 1
152 603 1
152 667 1
152 683 1
152 797 1
152 802 1
152 932 1
152 946 1
152 960 1
153 163 1
153 259 1
153 269 1
153 551 1
153 729 1
153 796 1
153 868 1
154 167 1
154 201 1
154 248 1
154 298 1
154 319 1
154 331 1
154 372 1
154 436 1
154 454 1
154 474 1
154 522 1
154 531 1
154 556 1
154 618 1
154 734 1
154 743 1
154 810 1
154 821 1
154 868 1
154 996 1
155 198 1
156 398 1
156 609 1
156 670 1
156 679 1
156 686 1
156 944 1
157 212 1
157 253 1
157 310 1
157 339 1
157 519 1
157 664 1
157 677 1
157 751 1
157 944 1
158 161 1
158 236 1
158 267 1
158 631 1
158 634 1
158 948 1
159 302 1
160 244 1
160 489 1
160 594 1
160 610 1
160 705 1
160 721 1
160 723 1
160 974 1
161 189 1
161 272 1
161 366 1
161 405 1
161 408 1
161 426 1
161 540 1
161 543 1
161 580 1
161 622 1
161 630 1
161 636 1
161 682 1
161 787 1
161 861 1
162 211 1
162 232 1
162 620 1
162 764 1
162 839 1
162 938 1
162 982 1
163 171 1
163 181 1
163 192 1
163 277 1
163 288 1
163 321 1
163 351 1
163 354 1
163 576 1
163 610 1
163 681 1
163 808 1
163 873 1
164 232 1
164 357 1
164 801 1
164 925 1
165 169 1
165 176 1
165 232 1
165 237 1
165 352 1
165 355 1
165 379 1
165 670 1
165 709 1
165 729 1
165 754 1
165 786 1
165 847 1
165 898 1
165 930 1
165 989 1
165 994 1
166 200 1
166 273 1
166 304 1
166 344 1
166 448 1
166 553 1
166 572 1
166 581 1
166 616 1
166 764 1
166 894 1
167 183 1
167 227 1
167 232 1
167 250 1
167 279 1
167 339 1
167 343 1
167 529 1
167 569 1
167 588 1
167 591 1
167 644 1
167 652 1
167 752 1
167 848 1
168 260 1
168 568 1
168 672 1
168 735 1
168 847 1
168 892 1
169 218 1
169 382 1
169 500 1
169 632 1
169 821 1
169 899 1
169 967 1
170 204 1
170 255 1
170 273 1
170 320 1
170 387 1
170 509 1
171 417 1
171 529 1
171 666 1
171 819 1
171 887 1
171 905 1
171 933 1
172 701 1
172 927 1
172 967 1
173 204 1
173 290 1
173 309 1
173 319 1
173 403 1
173 814 1
174 279 1
174 412 1
174 420 1
174 447 1
174 466 1
174 567 1
174 662 1
174 846 1
174 900 1
175 384 1
175 427 1
175 852 1
175 869 1
176 195 1
176 333 1
176 453 1
176 640 1
176 949 1
177 241 1
177 257 1
177 318 1
177 364 1
177 375 1
177 474 1
177 530 1
177 598 1
177 641 1
177 813 1
177 834 1
177 931 1
178 582 1
179 299 1
179 327 1
179 355 1
179 357 1
179 524 1
179 554 1
179 775 1
180 223 1
180 290 1
180 294 1
180 346 1
180 536 1
180 742 1
181 296 1
181 360 1
181 512 1
181 854 1
181 912 1
182 236 1
182 354 1
182 480 1
182 571 1
182 748 1
183 548 1
183 656 1
183 704 1
183 992 1
184 205 1
184 223 1
184 486 1
184 577 1
184 705 1
184 793 1
184 814 1
185 306 1
185 310 1
185 445 1
185 712 1
185 891 1
185 902 1
185 903 1
185 996 1
186 283 1
186 292 1
186 314 1
186 331 1
186 522 1
186 668 1
186 813 1
187 226 1
187 266 1
187 309 1
187 416 1
187 510 1
187 536 1
187 600 1
187 802 1
187 861 1
187 918 1
187 941 1
188 542 1
188 629 1
189 208 1
189 276 1
189 335 1
189 415 1
189 420 1
189 616 1
189 639 1
189 674 1
189 795 1
190 274 1
190 522 1
190 781 1
191 207 1
191 213 1
191 237 1
191 242 1
191 458 1
191 492 1
191 551 1
191 655 1
191 883 1
191 935 1
192 421 1
192 427 1
192 539 1
192 668 1
192 958 1
193 378 1
193 437 1
193 476 1
193 653 1
193 745 1
193 861 1
193 872 1
193 905 1
194 291 1
194 304 1
194 444 1
194 449 1
194 473 1
194 503 1
194 538 1
194 688 1
195 209 1
195 263 1
195 300 1
195 330 1
195 488 1
195 492 1
195 534 1
195 820 1
195 969 1
196 862 1
197 263 1
197 584 1
197 664 1
197 709 1
198 235 1
198 295 1
198 381 1
198 580 1
198 632 1
199 245 1
199 467 1
199 499 1
199 530 1
199 542 1
199 547 1
199 847 1
200 365 1
200 390 1
200 550 1
200 572 1
202 338 1
202 398 1
202 714 1
203 307 1
203 645 1
203 762 1
203 850 1
203 864 1
203 869 1
203 929 1
203 968 1
204 250 1
204 488 1
205 290 1
205 305 1
205 416 1
205 449 1
205 592 1
205 979 1
206 216 1
206 348 1
206 448 1
206 563 1
207 332 1
207 578 1
207 678 1
207 790 1
208 209 1
208 234 1
208 451 1
208 745 1
209 216 1
209 251 1
209 352 1
209 486 1
209 508 1
209 520 1
209 643 1
209 746 1
209 966 1
210 226 1
210 270 1
210 304 1
210 388 1
210 716 1
210 786 1
211 217 1
211 814 1
211 911 1
212 244 1
212 910 1
213 235 1
213 237 1
213 250 1
213 257 1
213 277 1
213 307 1
213 546 1
213 690 1
213 761 1
213 775 1
214 294 1
214 413 1
214 441 1
214 457 1
214 803 1
214 948 1
215 374 1
215 562 1
215 601 1
215 820 1
215 865 1
216 218 1
216 254 1
216 287 1
216 312 1
216 348 1
216 511 1
216 521 1
216 610 1
216 737 1
216 863 1
216 898 1
217 363 1
217 550 1
217 920 1
218 281 1
218 481 1
218 761 1
218 926 1
219 312 1
219 448 1
219 664 1
219 878 1
220 347 1
221 338 1
221 370 1
221 371 1
221 392 1
221 447 1
221 604 1
221 691 1
222 235 1
222 256 1
222 261 1
222 336 1
222 343 1
222 431 1
222 465 1
222 513 1
222 523 1
222 663 1
222 954 1
222 976 1
223 301 1
223 320 1
223 525 1
223 592 1
223 720 1
224 816 1
224 827 1
224 946 1
225 387 1
225 432 1
225 857 1
225 980 1
226 242 1
226 351 1
226 680 1
227 239 1
227 267 1
227 316 1
227 415 1
227 589 1
227 721 1
228 312 1
228 314 1
228 410 1
228 552 1
228 555 1
228 724 1
228 974 1
229 240 1
229 311 1
229 777 1
229 786 1
229 928 1
229 956 1
229 997 1
230 339 1
230 454 1
230 541 1
231 249 1
231 268 1
231 293 1
231 300 1
231 548 1
231 571 1
231 594 1
231 627 1
231 765 1
231 988 1
232 748 1
232 753 1
234 397 1
234 401 1
234 532 1
234 732 1
234 792 1
234 837 1
234 854 1
235 438 1
235 444 1
235 620 1
235 714 1
235 813 1
235 974 1
236 243 1
236 306 1
236 637 1
236 737 1
237 277 1
237 970 1
238 572 1
239 701 1
240 275 1
240 492 1
241 258 1
241 384 1
241 487 1
241 527 1
241 876 1
242 373 1
242 413 1
242 515 1
242 872 1
243 258 1
243 280 1
243 762 1
243 780 1
244 622 1
244 654 1
244 706 1
244 757 1
244 864 1
245 565 1
245 769 1
245 792 1
245 929 1
246 249 1
246 462 1
246 765 1
246 872 1
246 947 1
247 303 1
247 522 1
247 595 1
247 696 1
247 740 1
247 842 1
247 965 1
248 297 1
248 370 1
248 409 1
248 486 1
248 910 1
249 285 1
249 322 1
249 447 1
249 644 1
249 670 1
249 782 1
250 405 1
250 663 1
250 687 1
250 986 1
251 253 1
251 300 1
251 440 1
251 485 1
251 591 1
251 678 1
251 720 1
251 722 1
251 736 1
251 958 1
251 972 1
252 351 1
252 426 1
253 368 1
253 436 1
253 484 1
253 761 1
254 263 1
254 590 1
254 608 1
254 721 1
254 737 1
255 297 1
255 373 1
255 402 1
255 477 1
255 589 1
255 615 1
255 630 1
255 747 1
255 885 1
255 964 1
255 981 1
256 655 1
256 816 1
257 274 1
257 385 1
258 285 1
258 330 1
258 527 1
258 645 1
258 806 1
258 989 1
259 405 1
260 317 1
260 671 1
260 843 1
260 906 1
261 302 1
261 347 1
261 414 1
262 491 1
262 673 1
263 264 1
263 893 1
264 360 1
264 502 1
264 518 1
264 533 1
264 667 1
265 349 1
265 429 1
265 498 1
265 580 1
266 533 1
267 294 1
267 481 1
267 843 1
267 962 1
267 982 1
268 314 1
268 366 1
268 406 1
268 502 1
269 365 1
269 616 1
269 756 1
269 769 1
270 697 1
270 826 1
271 960 1
272 421 1
272 464 1
272 494 1
272 530 1
272 597 1
272 816 1
272 824 1
272 826 1
272 827 1
272 844 1
272 991 1
273 331 1
273 382 1
273 411 1
273 566 1
273 581 1
273 592 1
273 827 1
273 977 1
274 367 1
274 376 1
274 426 1
275 336 1
275 570 1
276 850 1
277 283 1
277 379 1
277 464 1
277 529 1
277 586 1
277 705 1
277 795 1
278 532 1
278 698 1
278 889 1
278 931 1
279 651 1
280 367 1
280 432 1
280 713 1
281 430 1
281 506 1
281 630 1
281 722 1
282 322 1
282 412 1
282 871 1
283 355 1
284 494 1
284 561 1
285 457 1
285 723 1
285 752 1
285 900 1
286 418 1
286 433 1
287 311 1
287 923 1
289 375 1
289 918 1
290 617 1
290 956 1
292 850 1
293 332 1
293 507 1
293 545 1
293 854 1
294 345 1
294 833 1
294 957 1
295 816 1
295 893 1
295 967 1
296 355 1
296 819 1
296 855 1
297 298 1
297 991 1
298 584 1
298 634 1
301 359 1
301 590 1
301 692 1
302 380 1
302 686 1
302 922 1
303 333 1
303 428 1
303 473 1
303 490 1
303 757 1
303 853 1
304 461 1
305 316 1
305 827 1
306 517 1
306 544 1
306 971 1
307 439 1
307 473 1
307 628 1
307 630 1
308 719 1
308 758 1
308 889 1
308 891 1
309 347 1
309 390 1
309 544 1
309 892 1
310 396 1
310 757 1
310 898 1
310 944 1
311 537 1
311 545 1
311 639 1
311 945 1
312 537 1
312 543 1
312 560 1
312 614 1
312 847 1
313 427 1
313 550 1
313 552 1
313 560 1
313 699 1
313 780 1
313 855 1
313 895 1
313 986 1
314 399 1
314 994 1
315 434 1
315 436 1
315 666 1
316 379 1
316 381 1
316 532 1
316 592 1
316 799 1
317 389 1
317 468 1
317 545 1
317 559 1
317 842 1
317 921 1
318 319 1
318 389 1
319 557 1
319 591 1
319 754 1
319 756 1
319 934 1
321 352 1
321 668 1
323 349 1
323 379 1
323 431 1
323 498 1
323 626 1
323 689 1
324 372 1
324 451 1
324 849 1
325 333 1
325 535 1
325 611 1
325 749 1
325 762 1
325 766 1
325 859 1
326 442 1
326 552 1
326 596 1
326 751 1
327 489 1
327 683 1
327 731 1
327 800 1
327 909 1
327 949 1
328 669 1
328 843 1
328 873 1
328 885 1
328 934 1
329 337 1
329 378 1
329 391 1
329 416 1
329 514 1
329 822 1
329 831 1
329 931 1
329 954 1
330 368 1
330 407 1
330 512 1
330 557 1
330 809 1
331 850 1
332 389 1
332 505 1
333 342 1
333 519 1
333 651 1
333 662 1
333 695 1
333 701 1
333 734 1
333 792 1
333 903 1
333 933 1
334 336 1
334 666 1
334 800 1
334 824 1
334 956 1
335 659 1
335 763 1
335 984 1
336 721 1
336 946 1
337 340 1
337 760 1
337 809 1
338 423 1
338 782 1
338 861 1
339 365 1
339 595 1
339 614 1
339 965 1
340 570 1
340 759 1
341 386 1
341 660 1
341 673 1
341 708 1
341 778 1
341 810 1
341 849 1
341 857 1
341 897 1
342 372 1
342 385 1
342 407 1
342 772 1
342 923 1
343 411 1
343 423 1
343 572 1
343 625 1
343 634 1
343 934 1
344 400 1
344 548 1
345 552 1
345 571 1
346 483 1
346 744 1
346 876 1
347 568 1
348 436 1
348 513 1
348 723 1
348 838 1
348 878 1
348 926 1
348 968 1
348 998 1
349 351 1
349 389 1
349 558 1
349 575 1
350 352 1
350 437 1
350 505 1
351 567 1
351 796 1
352 394 1
352 403 1
352 562 1
352 704 1
353 361 1
353 408 1
353 412 1
353 469 1
353 507 1
353 874 1
354 440 1
354 443 1
354 462 1
355 356 1
355 417 1
355 582 1
356 361 1
356 377 1
356 380 1
356 675 1
356 692 1
356 694 1
356 726 1
357 446 1
357 740 1
359 385 1
359 431 1
359 589 1
359 661 1
359 797 1
359 800 1
360 387 1
360 576 1
361 380 1
361 577 1
362 803 1
363 565 1
363 987 1
364 779 1
364 834 1
364 980 1
365 367 1
365 543 1
365 837 1
365 892 1
365 932 1
366 399 1
366 430 1
366 467 1
366 605 1
366 625 1
367 487 1
367 523 1
368 504 1
368 556 1
368 777 1
369 1000 1
370 526 1
370 605 1
370 700 1
370 728 1
371 375 1
371 607 1
371 649 1
371 732 1
371 733 1
371 810 1
372 409 1
373 825 1
374 445 1
374 644 1
375 409 1
375 433 1
375 497 1
375 784 1
375 801 1
375 863 1
375 879 1
375 899 1
377 533 1
377 600 1
377 636 1
377 690 1
377 883 1
378 429 1
378 482 1
378 540 1
378 719 1
378 784 1
378 973 1
379 932 1
380 539 1
380 634 1
381 465 1
382 546 1
382 587 1
382 870 1
382 937 1
383 938 1
384 399 1
385 462 1
385 632 1
385 773 1
386 434 1
386 485 1
386 735 1
386 781 1
386 924 1
386 975 1
387 577 1
387 837 1
388 404 1
388 425 1
388 439 1
389 502 1
390 419 1
390 585 1
390 666 1
390 712 1
391 438 1
391 454 1
391 497 1
391 549 1
391 758 1
391 987 1
392 604 1
393 417 1
394 456 1
394 467 1
394 628 1
394 707 1
394 760 1
394 857 1
394 875 1
395 506 1
395 583 1
395 617 1
395 684 1
395 687 1
395 744 1
395 775 1
397 417 1
397 703 1
397 706 1
397 725 1
397 767 1
397 904 1
398 471 1
398 476 1
398 636 1
398 680 1
398 702 1
398 763 1
399 417 1
399 492 1
399 927 1
399 977 1
399 978 1
400 461 1
400 468 1
400 554 1
400 557 1
400 621 1
400 962 1
401 467 1
401 831 1
401 884 1
402 472 1
402 480 1
403 659 1
403 836 1
405 407 1
405 438 1
405 525 1
405 541 1
405 561 1
405 747 1
405 839 1
405 887 1
406 424 1
406 583 1
406 707 1
406 710 1
406 818 1
406 983 1
406 984 1
407 571 1
407 573 1
408 441 1
408 506 1
408 553 1
408 568 1
408 818 1
409 491 1
409 503 1
409 507 1
409 604 1
409 685 1
409 810 1
410 511 1
410 521 1
410 735 1
411 422 1
411 636 1
412 602 1
412 704 1
412 920 1
412 951 1
412 995 1
412 999 1
414 579 1
414 661 1
414 703 1
414 914 1
415 583 1
416 966 1
417 448 1
417 450 1
417 452 1
417 574 1
417 794 1
417 954 1
418 423 1
418 715 1
418 747 1
418 975 1
419 597 1
419 679 1
420 462 1
420 468 1
420 711 1
421 453 1
421 530 1
421 825 1
422 506 1
423 873 1
424 702 1
425 463 1
425 471 1
425 506 1
425 518 1
425 542 1
425 562 1
425 593 1
425 611 1
425 731 1
425 824 1
425 977 1
426 462 1
426 881 1
427 455 1
427 459 1
427 475 1
427 501 1
427 520 1
427 561 1
427 576 1
427 794 1
427 826 1
427 842 1
428 951 1
429 479 1
429 526 1
429 550 1
429 766 1
429 868 1
430 460 1
430 480 1
430 933 1
431 638 1
431 767 1
431 829 1
431 964 1
432 442 1
432 606 1
433 527 1
433 570 1
433 641 1
433 733 1
433 740 1
433 774 1
433 840 1
433 859 1
433 874 1
433 890 1
434 582 1
434 908 1
435 476 1
435 794 1
436 573 1
436 834 1
437 438 1
437 631 1
438 575 1
438 656 1
439 972 1
440 443 1
440 507 1
440 531 1
440 622 1
440 647 1
440 648 1
440 669 1
440 729 1
440 766 1
440 869 1
440 982 1
440 988 1
441 461 1
441 775 1
441 950 1
441 959 1
442 812 1
443 472 1
443 581 1
443 848 1
443 882 1
444 641 1
445 578 1
445 601 1
445 759 1
445 823 1
445 914 1
446 662 1
446 808 1
446 936 1
447 469 1
447 537 1
448 896 1
449 475 1
449 478 1
450 469 1
450 539 1
451 485 1
451 571 1
451 693 1
452 862 1
453 455 1
453 688 1
454 482 1
454 718 1
454 857 1
454 858 1
454 913 1
455 456 1
455 542 1
455 623 1
455 946 1
456 551 1
456 767 1
457 494 1
457 733 1
458 560 1
458 597 1
458 756 1
458 758 1
458 917 1
459 760 1
459 915 1
459 952 1
460 835 1
462 522 1
462 554 1
462 628 1
463 469 1
463 537 1
463 621 1
463 742 1
463 774 1
463 779 1
463 965 1
463 993 1
467 940 1
468 545 1
468 641 1
468 687 1
468 882 1
469 932 1
470 897 1
471 698 1
471 742 1
471 947 1
474 495 1
474 581 1
474 615 1
474 669 1
475 563 1
475 732 1
475 949 1
476 586 1
476 730 1
476 807 1
476 913 1
476 943 1
476 961 1
477 508 1
477 659 1
477 926 1
478 643 1
479 624 1
480 619 1
480 660 1
481 515 1
482 545 1
482 568 1
482 935 1
485 524 1
485 773 1
486 634 1
486 856 1
487 683 1
487 695 1
488 722 1
489 556 1
489 957 1
490 893 1
491 925 1
492 574 1
493 662 1
493 685 1
493 886 1
493 900 1
494 718 1
494 934 1
496 575 1
496 783 1
497 717 1
497 897 1
498 532 1
498 862 1
498 913 1
498 937 1
499 606 1
499 647 1
499 817 1
499 823 1
500 564 1
500 916 1
500 920 1
501 912 1
501 985 1
502 765 1
503 509 1
504 729 1
505 530 1
505 565 1
505 589 1
505 646 1
505 725 1
506 616 1
506 741 1
506 816 1
506 867 1
507 563 1
508 692 1
508 791 1
508 895 1
509 768 1
510 516 1
510 627 1
510 629 1
510 642 1
511 534 1
511 753 1
512 709 1
514 593 1
514 858 1
515 677 1
515 690 1
515 736 1
516 526 1
516 528 1
516 783 1
516 942 1
517 563 1
517 669 1
517 679 1
517 689 1
517 699 1
517 769 1
517 839 1
517 957 1
518 521 1
518 621 1
519 939 1
520 724 1
520 898 1
520 950 1
520 990 1
523 985 1
523 995 1
524 681 1
524 927 1
525 526 1
525 599 1
525 793 1
525 840 1
525 852 1
527 918 1
528 536 1
528 541 1
528 751 1
528 835 1
528 940 1
529 753 1
529 870 1
530 910 1
531 864 1
532 651 1
533 589 1
535 766 1
535 776 1
536 724 1
536 939 1
537 539 1
537 616 1
537 878 1
538 603 1
538 783 1
538 806 1
538 862 1
538 863 1
539 605 1
539 671 1
541 600 1
541 747 1
543 955 1
544 661 1
545 696 1
545 785 1
546 626 1
546 722 1
546 725 1
546 770 1
546 889 1
547 588 1
547 743 1
548 748 1
550 612 1
550 751 1
550 755 1
550 805 1
550 987 1
551 552 1
552 750 1
552 838 1
552 869 1
552 906 1
556 717 1
557 686 1
558 959 1
560 765 1
561 597 1
561 601 1
561 717 1
563 713 1
564 841 1
564 991 1
566 608 1
567 714 1
567 875 1
568 688 1
569 701 1
569 970 1
570 656 1
571 640 1
571 687 1
571 823 1
573 630 1
573 776 1
573 877 1
574 799 1
575 945 1
576 651 1
576 777 1
577 650 1
577 885 1
577 948 1
578 961 1
579 599 1
580 585 1
580 725 1
580 809 1
581 637 1
581 826 1
582 627 1
585 830 1
586 807 1
586 841 1
587 918 1
587 924 1
588 894 1
588 938 1
590 604 1
590 779 1
591 740 1
592 774 1
592 787 1
593 998 1
594 639 1
596 962 1
599 833 1
599 973 1
601 674 1
602 609 1
602 772 1
602 848 1
603 764 1
604 716 1
604 730 1
604 851 1
604 917 1
604 962 1
605 981 1
607 735 1
607 779 1
610 820 1
612 680 1
614 734 1
614 838 1
614 856 1
615 618 1
615 671 1
615 675 1
617 996 1
618 708 1
620 967 1
621 952 1
623 866 1
625 785 1
625 906 1
626 833 1
627 798 1
629 667 1
630 682 1
632 704 1
632 865 1
635 871 1
636 650 1
636 764 1
636 874 1
636 900 1
637 726 1
637 834 1
637 860 1
638 985 1
639 823 1
639 945 1
639 990 1
640 690 1
640 788 1
640 989 1
641 934 1
642 660 1
642 853 1
642 904 1
643 868 1
645 901 1
646 658 1
646 730 1
649 925 1
650 742 1
650 822 1
654 836 1
655 700 1
655 756 1
656 713 1
656 748 1
656 915 1
657 701 1
657 828 1
657 916 1
658 759 1
658 978 1
659 892 1
659 991 1
660 710 1
661 806 1
661 822 1
661 846 1
661 853 1
662 730 1
662 780 1
662 788 1
662 830 1
662 888 1
662 919 1
662 977 1
663 834 1
663 877 1
665 726 1
665 744 1
666 726 1
668 945 1
670 680 1
673 996 1
675 812 1
676 856 1
677 919 1
678 689 1
678 700 1
678 703 1
678 776 1
678 841 1
678 878 1
679 781 1
679 817 1
679 993 1
682 750 1
682 804 1
682 871 1
682 891 1
682 911 1
683 699 1
684 773 1
686 887 1
687 799 1
687 835 1
687 842 1
687 911 1
690 903 1
692 768 1
694 726 1
694 733 1
695 755 1
697 723 1
697 858 1
697 904 1
699 869 1
700 732 1
700 741 1
700 918 1
700 978 1
702 962 1
704 876 1
705 993 1
708 859 1
711 916 1
712 789 1
714 776 1
714 935 1
715 818 1
719 745 1
719 879 1
724 793 1
724 850 1
729 807 1
730 763 1
732 761 1
732 998 1
733 851 1
733 992 1
734 953 1
737 784 1
737 941 1
738 800 1
739 758 1
740 969 1
741 759 1
741 789 1
745 821 1
746 990 1
748 884 1
751 978 1
752 923 1
752 966 1
752 970 1
755 867 1
755 908 1
756 818 1
757 902 1
757 963 1
757 990 1
758 831 1
758 907 1
760 825 1
762 789 1
762 845 1
769 872 1
770 811 1
772 790 1
772 916 1
775 843 1
776 997 1
778 968 1
780 856 1
780 870 1
781 876 1
781 887 1
781 896 1
781 952 1
784 919 1
786 840 1
788 941 1
789 922 1
789 974 1
792 832 1
793 808 1
794 924 1
794 943 1
794 965 1
796 927 1
796 986 1
797 908 1
798 839 1
800 890 1
802 984 1
805 936 1
805 986 1
807 911 1
808 846 1
808 907 1
809 888 1
812 865 1
813 833 1
814 912 1
816 960 1
818 821 1
821 848 1
822 860 1
823 866 1
823 882 1
825 866 1
825 988 1
827 904 1
827 940 1
829 1000 1
832 905 1
833 897 1
837 942 1
840 885 1
844 880 1
845 950 1
852 906 1
854 914 1
859 998 1
863 989 1
868 975 1
873 958 1
882 931 1
886 899 1
886 921 1
886 923 1
891 971 1
891 976 1
896 980 1
904 927 1
907 989 1
914 952 1
914 970 1
916 917 1
922 994 1
925 943 1
925 963 1
927 954 1
930 969 1
940 963 1
945 975 1
953 971 1
958 997 1
959 994 1
967 982 1
967 994 1
