1000 4975
1 2 1
1 3 1
1 4 1
1 5 1
1 6 1
1 7 1
1 8 1
1 9 1
1 10 1
1 11 1
1 12 1
1 14 1
1 16 1
1 17 1
1 18 1
1 19 1
1 22 1
1 25 1
1 27 1
1 30 1
1 33 1
1 35 1
1 46 1
1 48 1
1 54 1
1 55 1
1 57 1
1 59 1
1 66 1
1 67 1
1 69 1
1 76 1
1 81 1
1 83 1
1 85 1
1 86 1
1 89 1
1 105 1
1 127 1
1 134 1
1 136 1
1 141 1
1 161 1
1 165 1
1 174 1
1 186 1
1 200 1
1 203 1
1 208 1
1 230 1
1 233 1
1 264 1
1 292 1
1 320 1
1 322 1
1 328 1
1 339 1
1 357 1
1 387 1
1 392 1
1 400 1
1 414 1
1 441 1
1 448 1
1 488 1
1 568 1
1 576 1
1 583 1
1 592 1
1 596 1
1 599 1
1 605 1
1 614 1
1 616 1
1 617 1
1 653 1
1 654 1
1 655 1
1 661 1
1 745 1
1 790 1
1 795 1
1 845 1
1 887 1
1 894 1
1 918 1
1 936 1
1 948 1
1 958 1
1 991 1
2 7 1
2 8 1
2 9 1
2 10 1
2 11 1
2 12 1
2 13 1
2 14 1
2 15 1
2 17 1
2 18 1
2 19 1
2 20 1
2 21 1
2 24 1
2 27 1
2 30 1
2 32 1
2 35 1
2 40 1
2 41 1
2 52 1
2 54 1
2 58 1
2 61 1
2 63 1
2 64 1
2 65 1
2 68 1
2 69 1
2 78 1
2 82 1
2 84 1
2 86 1
2 88 1
2 89 1
2 94 1
2 99 1
2 106 1
2 113 1
2 119 1
2 128 1
2 137 1
2 140 1
2 173 1
2 177 1
2 185 1
2 195 1
2 206 1
2 212 1
2 219 1
2 230 1
2 239 1
2 243 1
2 245 1
2 252 1
2 256 1
2 259 1
2 266 1
2 269 1
2 275 1
2 298 1
2 310 1
2 337 1
2 340 1
2 364 1
2 374 1
2 381 1
2 383 1
2 400 1
2 405 1
2 406 1
2 408 1
2 420 1
2 443 1
2 450 1
2 481 1
2 503 1
2 505 1
2 525 1
2 547 1
2 560 1
2 564 1
2 574 1
2 581 1
2 589 1
2 600 1
2 601 1
2 627 1
2 653 1
2 654 1
2 659 1
2 670 1
2 708 1
2 731 1
2 736 1
2 739 1
2 786 1
2 788 1
2 792 1
2 801 1
2 821 1
2 826 1
2 845 1
2 851 1
2 868 1
2 889 1
2 901 1
2 913 1
2 940 1
2 943 1
2 949 1
2 954 1
2 973 1
2 985 1
2 988 1
3 7 1
3 8 1
3 9 1
3 10 1
3 11 1
3 13 1
3 19 1
3 25 1
3 31 1
3 34 1
3 40 1
3 44 1
3 45 1
3 46 1
3 71 1
3 73 1
3 74 1
3 76 1
3 84 1
3 93 1
3 98 1
3 100 1
3 102 1
3 108 1
3 121 1
3 132 1
3 145 1
3 152 1
3 167 1
3 228 1
3 237 1
3 264 1
3 267 1
3 290 1
3 366 1
3 394 1
3 398 1
3 469 1
3 500 1
3 514 1
3 549 1
3 579 1
3 613 1
3 626 1
3 658 1
3 676 1
3 696 1
3 699 1
3 705 1
3 744 1
3 760 1
3 781 1
3 810 1
3 841 1
3 903 1
3 932 1
3 935 1
4 8 1
4 10 1
4 34 1
4 71 1
4 144 1
4 171 1
4 186 1
4 276 1
4 390 1
4 421 1
4 706 1
4 719 1
4 728 1
4 970 1
5 7 1
5 15 1
5 128 1
5 182 1
5 192 1
5 529 1
5 596 1
5 612 1
5 639 1
5 786 1
6 7 1
6 8 1
6 9 1
6 10 1
6 15 1
6 20 1
6 25 1
6 35 1
6 42 1
6 47 1
6 56 1
6 80 1
6 92 1
6 96 1
6 101 1
6 113 1
6 138 1
6 140 1
6 154 1
6 167 1
6 171 1
6 197 1
6 229 1
6 252 1
6 311 1
6 321 1
6 333 1
6 335 1
6 345 1
6 361 1
6 392 1
6 430 1
6 459 1
6 480 1
6 494 1
6 498 1
6 503 1
6 538 1
6 579 1
6 580 1
6 623 1
6 687 1
6 723 1
6 773 1
6 798 1
6 803 1
6 924 1
7 9 1
7 11 1
7 12 1
7 13 1
7 15 1
7 20 1
7 22 1
7 27 1
7 39 1
7 56 1
7 68 1
7 85 1
7 124 1
7 130 1
7 136 1
7 149 1
7 183 1
7 241 1
7 261 1
7 284 1
7 287 1
7 309 1
7 323 1
7 337 1
7 399 1
7 429 1
7 453 1
7 524 1
7 545 1
7 578 1
7 584 1
7 685 1
7 813 1
7 814 1
7 827 1
7 841 1
7 933 1
7 943 1
7 997 1
8 16 1
8 22 1
8 26 1
8 29 1
8 33 1
8 37 1
8 40 1
8 57 1
8 103 1
8 111 1
8 135 1
8 145 1
8 146 1
8 193 1
8 270 1
8 291 1
8 329 1
8 355 1
8 452 1
8 475 1
8 498 1
8 528 1
8 535 1
8 620 1
8 731 1
8 760 1
8 767 1
8 851 1
8 902 1
8 952 1
8 989 1
9 11 1
9 12 1
9 14 1
9 17 1
9 19 1
9 20 1
9 21 1
9 24 1
9 30 1
9 38 1
9 39 1
9 42 1
9 43 1
9 62 1
9 64 1
9 78 1
9 80 1
9 86 1
9 104 1
9 107 1
9 109 1
9 123 1
9 129 1
9 142 1
9 143 1
9 150 1
9 164 1
9 169 1
9 180 1
9 192 1
9 197 1
9 199 1
9 204 1
9 207 1
9 217 1
9 233 1
9 243 1
9 247 1
9 271 1
9 290 1
9 295 1
9 305 1
9 316 1
9 326 1
9 328 1
9 339 1
9 347 1
9 349 1
9 386 1
9 405 1
9 418 1
9 429 1
9 440 1
9 467 1
9 493 1
9 505 1
9 519 1
9 531 1
9 560 1
9 564 1
9 570 1
9 583 1
9 604 1
9 607 1
9 642 1
9 643 1
9 658 1
9 665 1
9 668 1
9 711 1
9 717 1
9 734 1
9 769 1
9 788 1
9 809 1
9 835 1
9 846 1
9 864 1
9 865 1
9 893 1
9 899 1
9 906 1
9 908 1
9 948 1
9 957 1
9 982 1
9 990 1
10 13 1
10 16 1
10 18 1
10 23 1
10 24 1
10 43 1
10 44 1
10 58 1
10 59 1
10 81 1
10 91 1
10 100 1
10 114 1
10 134 1
10 140 1
10 145 1
10 147 1
10 158 1
10 187 1
10 197 1
10 217 1
10 226 1
10 228 1
10 237 1
10 250 1
10 262 1
10 268 1
10 294 1
10 333 1
10 349 1
10 352 1
10 381 1
10 393 1
10 411 1
10 427 1
10 431 1
10 446 1
10 472 1
10 509 1
10 512 1
10 515 1
10 567 1
10 573 1
10 605 1
10 613 1
10 625 1
10 646 1
10 688 1
10 714 1
10 767 1
10 771 1
10 773 1
10 781 1
10 827 1
10 831 1
10 840 1
10 913 1
10 941 1
10 961 1
10 989 1
11 12 1
11 13 1
11 14 1
11 18 1
11 29 1
11 58 1
11 64 1
11 80 1
11 87 1
11 93 1
11 95 1
11 148 1
11 157 1
11 161 1
11 191 1
11 206 1
11 262 1
11 325 1
11 352 1
11 447 1
11 459 1
11 546 1
11 552 1
11 617 1
11 630 1
11 647 1
11 669 1
11 726 1
11 747 1
11 895 1
11 922 1
12 15 1
12 23 1
12 26 1
12 33 1
12 35 1
12 41 1
12 46 1
12 62 1
12 79 1
12 90 1
12 96 1
12 101 1
12 107 1
12 155 1
12 196 1
12 222 1
12 244 1
12 247 1
12 258 1
12 289 1
12 352 1
12 358 1
12 395 1
12 433 1
12 451 1
12 453 1
12 487 1
12 502 1
12 675 1
12 736 1
12 755 1
12 768 1
12 785 1
12 905 1
13 14 1
13 16 1
13 43 1
13 44 1
13 51 1
13 52 1
13 55 1
13 62 1
13 70 1
13 77 1
13 103 1
13 108 1
13 110 1
13 123 1
13 128 1
13 148 1
13 157 1
13 158 1
13 172 1
13 192 1
13 224 1
13 230 1
13 241 1
13 283 1
13 301 1
13 320 1
13 380 1
13 396 1
13 510 1
13 524 1
13 535 1
13 557 1
13 569 1
13 591 1
13 610 1
13 641 1
13 655 1
13 674 1
13 686 1
13 698 1
13 716 1
13 728 1
13 778 1
13 793 1
13 878 1
13 908 1
13 917 1
13 920 1
13 944 1
13 947 1
13 965 1
13 972 1
14 16 1
14 17 1
14 21 1
14 27 1
14 29 1
14 30 1
14 31 1
14 33 1
14 36 1
14 50 1
14 70 1
14 76 1
14 77 1
14 82 1
14 88 1
14 103 1
14 115 1
14 116 1
14 137 1
14 156 1
14 171 1
14 188 1
14 201 1
14 223 1
14 229 1
14 242 1
14 250 1
14 254 1
14 275 1
14 281 1
14 295 1
14 343 1
14 351 1
14 353 1
14 366 1
14 372 1
14 381 1
14 384 1
14 405 1
14 435 1
14 465 1
14 491 1
14 499 1
14 531 1
14 536 1
14 567 1
14 612 1
14 639 1
14 671 1
14 672 1
14 683 1
14 691 1
14 696 1
14 705 1
14 722 1
14 730 1
14 798 1
14 854 1
14 862 1
14 891 1
14 898 1
14 906 1
14 953 1
14 978 1
14 979 1
15 19 1
15 22 1
15 26 1
15 33 1
15 36 1
15 37 1
15 42 1
15 47 1
15 48 1
15 61 1
15 80 1
15 89 1
15 90 1
15 105 1
15 117 1
15 137 1
15 148 1
15 151 1
15 153 1
15 175 1
15 185 1
15 203 1
15 208 1
15 210 1
15 219 1
15 224 1
15 236 1
15 262 1
15 276 1
15 307 1
15 311 1
15 446 1
15 503 1
15 523 1
15 526 1
15 617 1
15 643 1
15 663 1
15 777 1
15 792 1
15 830 1
15 836 1
15 874 1
15 946 1
15 963 1
16 17 1
16 20 1
16 21 1
16 23 1
16 25 1
16 26 1
16 27 1
16 28 1
16 32 1
16 34 1
16 36 1
16 41 1
16 42 1
16 47 1
16 48 1
16 51 1
16 69 1
16 78 1
16 92 1
16 107 1
16 111 1
16 124 1
16 138 1
16 145 1
16 159 1
16 174 1
16 176 1
16 201 1
16 207 1
16 209 1
16 226 1
16 250 1
16 255 1
16 260 1
16 281 1
16 300 1
16 303 1
16 309 1
16 332 1
16 342 1
16 355 1
16 378 1
16 388 1
16 395 1
16 412 1
16 417 1
16 437 1
16 438 1
16 442 1
16 444 1
16 450 1
16 454 1
16 483 1
16 485 1
16 487 1
16 533 1
16 553 1
16 604 1
16 606 1
16 630 1
16 664 1
16 665 1
16 666 1
16 667 1
16 729 1
16 756 1
16 780 1
16 784 1
16 791 1
16 795 1
16 825 1
16 832 1
16 852 1
16 872 1
16 982 1
17 18 1
17 26 1
17 28 1
17 29 1
17 32 1
17 44 1
17 45 1
17 49 1
17 50 1
17 67 1
17 72 1
17 78 1
17 81 1
17 110 1
17 160 1
17 162 1
17 185 1
17 195 1
17 231 1
17 238 1
17 240 1
17 252 1
17 267 1
17 277 1
17 292 1
17 331 1
17 346 1
17 363 1
17 430 1
17 433 1
17 471 1
17 478 1
17 516 1
17 537 1
17 550 1
17 579 1
17 582 1
17 645 1
17 681 1
17 696 1
17 703 1
17 710 1
17 715 1
17 732 1
17 780 1
17 847 1
17 883 1
17 907 1
17 920 1
17 926 1
18 21 1
18 24 1
18 28 1
18 53 1
18 60 1
18 79 1
18 89 1
18 142 1
18 165 1
18 187 1
18 218 1
18 248 1
18 272 1
18 307 1
18 376 1
18 431 1
18 507 1
18 522 1
18 556 1
18 562 1
18 582 1
18 607 1
18 773 1
18 775 1
18 778 1
18 804 1
18 999 1
19 25 1
19 39 1
19 41 1
19 53 1
19 84 1
19 104 1
19 120 1
19 152 1
19 166 1
19 201 1
19 208 1
19 219 1
19 258 1
19 291 1
19 516 1
19 615 1
19 656 1
19 689 1
19 730 1
19 936 1
19 959 1
19 966 1
20 22 1
20 23 1
20 45 1
20 49 1
20 53 1
20 61 1
20 62 1
20 93 1
20 102 1
20 122 1
20 132 1
20 170 1
20 177 1
20 190 1
20 219 1
20 220 1
20 221 1
20 316 1
20 323 1
20 355 1
20 377 1
20 386 1
20 389 1
20 418 1
20 432 1
20 451 1
20 464 1
20 468 1
20 478 1
20 529 1
20 549 1
20 577 1
20 602 1
20 674 1
20 700 1
20 701 1
20 717 1
20 795 1
20 820 1
20 841 1
20 844 1
20 904 1
20 950 1
21 23 1
21 32 1
21 37 1
21 49 1
21 57 1
21 60 1
21 67 1
21 87 1
21 91 1
21 114 1
21 118 1
21 132 1
21 133 1
21 146 1
21 160 1
21 194 1
21 227 1
21 242 1
21 265 1
21 284 1
21 286 1
21 342 1
21 375 1
21 380 1
21 382 1
21 425 1
21 446 1
21 469 1
21 476 1
21 483 1
21 492 1
21 556 1
21 599 1
21 672 1
21 744 1
21 749 1
21 752 1
21 764 1
22 24 1
22 60 1
22 63 1
22 64 1
22 107 1
22 120 1
22 197 1
22 243 1
22 245 1
22 300 1
22 325 1
22 406 1
22 519 1
22 697 1
23 31 1
23 38 1
23 40 1
23 55 1
23 66 1
23 87 1
23 93 1
23 97 1
23 104 1
23 121 1
23 122 1
23 123 1
23 196 1
23 251 1
23 257 1
23 264 1
23 311 1
23 335 1
23 347 1
23 378 1
23 380 1
23 404 1
23 406 1
23 420 1
23 457 1
23 463 1
23 467 1
23 498 1
23 521 1
23 585 1
23 651 1
23 664 1
23 688 1
23 752 1
23 761 1
23 797 1
23 860 1
23 900 1
23 916 1
23 971 1
24 28 1
24 34 1
24 38 1
24 40 1
24 55 1
24 85 1
24 91 1
24 98 1
24 156 1
24 179 1
24 193 1
24 194 1
24 196 1
24 204 1
24 314 1
24 323 1
24 477 1
24 517 1
24 633 1
24 635 1
24 687 1
24 753 1
24 787 1
24 790 1
24 858 1
24 868 1
24 873 1
24 925 1
24 932 1
24 937 1
24 954 1
25 28 1
25 36 1
25 44 1
25 49 1
25 83 1
25 259 1
25 311 1
25 474 1
25 477 1
25 513 1
25 522 1
25 590 1
25 818 1
25 891 1
25 939 1
26 29 1
26 30 1
26 31 1
26 37 1
26 38 1
26 42 1
26 48 1
26 49 1
26 58 1
26 59 1
26 67 1
26 73 1
26 82 1
26 83 1
26 86 1
26 94 1
26 102 1
26 105 1
26 113 1
26 154 1
26 160 1
26 166 1
26 172 1
26 178 1
26 181 1
26 195 1
26 196 1
26 198 1
26 202 1
26 205 1
26 223 1
26 227 1
26 244 1
26 253 1
26 259 1
26 264 1
26 268 1
26 280 1
26 285 1
26 315 1
26 317 1
26 322 1
26 324 1
26 334 1
26 343 1
26 345 1
26 362 1
26 373 1
26 380 1
26 384 1
26 399 1
26 427 1
26 429 1
26 453 1
26 468 1
26 469 1
26 473 1
26 521 1
26 525 1
26 544 1
26 574 1
26 590 1
26 597 1
26 631 1
26 635 1
26 638 1
26 678 1
26 684 1
26 686 1
26 704 1
26 711 1
26 720 1
26 729 1
26 805 1
26 828 1
26 857 1
26 860 1
26 862 1
26 946 1
26 950 1
26 955 1
26 960 1
26 966 1
26 990 1
27 47 1
27 53 1
27 56 1
27 74 1
27 77 1
27 82 1
27 106 1
27 117 1
27 125 1
27 175 1
27 217 1
27 256 1
27 272 1
27 302 1
27 334 1
27 350 1
27 393 1
27 406 1
27 430 1
27 432 1
27 461 1
27 463 1
27 501 1
27 512 1
27 548 1
27 558 1
27 563 1
27 592 1
27 621 1
27 634 1
27 676 1
27 693 1
27 710 1
27 749 1
27 783 1
27 806 1
27 816 1
27 836 1
27 880 1
27 894 1
27 905 1
27 921 1
28 31 1
28 51 1
28 52 1
28 57 1
28 60 1
28 71 1
28 73 1
28 97 1
28 98 1
28 100 1
28 103 1
28 119 1
28 121 1
28 139 1
28 167 1
28 168 1
28 171 1
28 181 1
28 182 1
28 188 1
28 190 1
28 191 1
28 193 1
28 215 1
28 217 1
28 221 1
28 243 1
28 245 1
28 258 1
28 265 1
28 314 1
28 345 1
28 367 1
28 370 1
28 379 1
28 435 1
28 441 1
28 450 1
28 462 1
28 463 1
28 480 1
28 504 1
28 543 1
28 568 1
28 595 1
28 619 1
28 622 1
28 623 1
28 635 1
28 684 1
28 725 1
28 755 1
28 775 1
28 809 1
28 817 1
28 884 1
28 912 1
28 943 1
28 998 1
29 32 1
29 39 1
29 46 1
29 98 1
29 107 1
29 109 1
29 360 1
29 429 1
29 471 1
29 565 1
29 618 1
29 791 1
29 809 1
29 844 1
29 910 1
30 34 1
30 35 1
30 36 1
30 48 1
30 54 1
30 63 1
30 72 1
30 76 1
30 94 1
30 121 1
30 144 1
30 156 1
30 157 1
30 183 1
30 222 1
30 246 1
30 258 1
30 260 1
30 261 1
30 271 1
30 295 1
30 312 1
30 314 1
30 351 1
30 356 1
30 417 1
30 517 1
30 546 1
30 550 1
30 555 1
30 650 1
30 689 1
30 709 1
30 721 1
30 751 1
30 804 1
30 876 1
30 993 1
31 37 1
31 50 1
31 63 1
31 68 1
31 75 1
31 99 1
31 112 1
31 116 1
31 135 1
31 155 1
31 183 1
31 232 1
31 365 1
31 382 1
31 502 1
31 657 1
31 670 1
31 721 1
31 811 1
31 962 1
32 72 1
32 149 1
32 153 1
32 155 1
32 246 1
32 280 1
32 317 1
32 425 1
32 484 1
32 489 1
32 604 1
32 676 1
32 735 1
32 741 1
32 826 1
32 837 1
32 870 1
32 930 1
32 981 1
33 68 1
33 75 1
33 163 1
33 283 1
33 324 1
33 375 1
33 389 1
33 390 1
33 414 1
33 422 1
33 740 1
33 762 1
33 897 1
33 945 1
33 963 1
33 978 1
33 986 1
34 63 1
34 75 1
34 76 1
34 79 1
34 85 1
34 97 1
34 106 1
34 149 1
34 151 1
34 176 1
34 232 1
34 239 1
34 242 1
34 285 1
34 305 1
34 321 1
34 397 1
34 440 1
34 522 1
34 548 1
34 591 1
34 630 1
34 666 1
34 729 1
34 825 1
34 924 1
34 952 1
34 953 1
35 38 1
35 39 1
35 52 1
35 55 1
35 58 1
35 65 1
35 78 1
35 88 1
35 97 1
35 108 1
35 115 1
35 160 1
35 167 1
35 210 1
35 211 1
35 212 1
35 263 1
35 283 1
35 381 1
35 394 1
35 459 1
35 533 1
35 600 1
35 655 1
35 796 1
35 827 1
35 852 1
35 914 1
35 922 1
35 941 1
36 66 1
36 87 1
36 97 1
36 112 1
36 151 1
36 159 1
36 170 1
36 178 1
36 233 1
36 329 1
36 330 1
36 341 1
36 389 1
36 392 1
36 441 1
36 974 1
36 998 1
37 43 1
37 46 1
37 47 1
37 51 1
37 57 1
37 79 1
37 87 1
37 99 1
37 106 1
37 114 1
37 118 1
37 119 1
37 124 1
37 135 1
37 177 1
37 180 1
37 202 1
37 214 1
37 216 1
37 245 1
37 249 1
37 256 1
37 263 1
37 289 1
37 328 1
37 343 1
37 348 1
37 407 1
37 593 1
37 642 1
37 708 1
37 717 1
37 742 1
37 840 1
37 850 1
37 898 1
37 944 1
37 954 1
38 51 1
38 52 1
38 186 1
38 211 1
38 219 1
38 254 1
38 265 1
38 276 1
38 277 1
38 324 1
38 360 1
38 396 1
38 403 1
38 404 1
38 407 1
38 425 1
38 517 1
38 584 1
38 593 1
38 603 1
38 649 1
38 675 1
38 683 1
38 886 1
38 900 1
38 921 1
38 967 1
39 41 1
39 65 1
39 130 1
39 180 1
39 231 1
39 297 1
39 514 1
39 534 1
39 562 1
39 626 1
39 867 1
39 886 1
40 45 1
40 59 1
40 68 1
40 129 1
40 130 1
40 205 1
40 237 1
40 270 1
40 308 1
40 314 1
40 342 1
40 436 1
40 511 1
40 526 1
40 835 1
40 836 1
41 50 1
41 61 1
41 69 1
41 71 1
41 75 1
41 95 1
41 115 1
41 125 1
41 188 1
41 212 1
41 213 1
41 217 1
41 225 1
41 240 1
41 246 1
41 286 1
41 287 1
41 344 1
41 346 1
41 359 1
41 367 1
41 439 1
41 524 1
41 559 1
41 618 1
41 736 1
41 787 1
41 864 1
41 905 1
42 43 1
42 50 1
42 53 1
42 65 1
42 66 1
42 75 1
42 102 1
42 110 1
42 126 1
42 127 1
42 139 1
42 152 1
42 177 1
42 190 1
42 202 1
42 207 1
42 213 1
42 239 1
42 256 1
42 257 1
42 301 1
42 324 1
42 360 1
42 373 1
42 407 1
42 419 1
42 449 1
42 461 1
42 486 1
42 497 1
42 555 1
42 571 1
42 572 1
42 662 1
42 673 1
42 707 1
42 721 1
42 758 1
42 765 1
42 800 1
42 807 1
42 837 1
42 860 1
42 866 1
42 935 1
42 949 1
42 981 1
43 212 1
43 262 1
43 271 1
43 278 1
43 290 1
43 511 1
43 557 1
43 641 1
43 677 1
43 734 1
43 779 1
43 892 1
44 45 1
44 65 1
44 92 1
44 105 1
44 152 1
44 231 1
44 272 1
44 293 1
44 303 1
44 392 1
44 415 1
44 505 1
44 591 1
44 636 1
44 802 1
44 808 1
44 931 1
45 131 1
45 136 1
45 187 1
45 290 1
45 301 1
45 321 1
45 365 1
45 368 1
45 369 1
45 458 1
45 483 1
45 491 1
45 546 1
45 631 1
45 741 1
45 773 1
45 823 1
45 852 1
45 947 1
46 259 1
46 367 1
46 557 1
47 59 1
47 66 1
47 74 1
47 105 1
47 108 1
47 132 1
47 138 1
47 232 1
47 287 1
47 302 1
47 336 1
47 348 1
47 487 1
47 553 1
47 558 1
47 603 1
47 621 1
47 737 1
47 740 1
47 796 1
48 77 1
48 191 1
48 234 1
48 331 1
48 354 1
48 869 1
48 907 1
49 73 1
49 280 1
49 282 1
49 332 1
49 427 1
49 498 1
49 545 1
49 601 1
49 621 1
49 688 1
49 769 1
49 804 1
49 830 1
49 906 1
49 930 1
49 975 1
49 986 1
50 54 1
50 62 1
50 69 1
50 115 1
50 120 1
50 133 1
50 154 1
50 211 1
50 241 1
50 339 1
50 346 1
50 417 1
50 418 1
50 594 1
50 595 1
50 620 1
50 693 1
50 719 1
50 788 1
50 803 1
50 805 1
50 816 1
50 839 1
51 125 1
51 129 1
51 150 1
51 165 1
51 220 1
51 233 1
51 257 1
51 269 1
51 482 1
51 543 1
51 844 1
51 850 1
51 871 1
51 969 1
52 54 1
52 64 1
52 131 1
52 132 1
52 141 1
52 179 1
52 231 1
52 257 1
52 278 1
52 280 1
52 347 1
52 428 1
52 466 1
52 653 1
52 720 1
52 759 1
52 770 1
52 781 1
52 788 1
52 857 1
52 917 1
53 56 1
53 91 1
53 120 1
53 169 1
53 175 1
53 234 1
53 272 1
53 274 1
53 279 1
53 288 1
53 308 1
53 369 1
53 385 1
53 479 1
53 528 1
53 679 1
53 682 1
53 713 1
53 771 1
53 793 1
53 843 1
53 894 1
53 923 1
54 112 1
54 140 1
54 164 1
54 528 1
54 674 1
54 812 1
54 833 1
54 843 1
55 56 1
55 133 1
55 138 1
55 172 1
55 376 1
55 382 1
55 475 1
55 486 1
55 560 1
55 640 1
55 658 1
55 803 1
55 929 1
55 932 1
55 958 1
56 155 1
56 176 1
56 263 1
56 274 1
56 278 1
56 309 1
56 385 1
56 444 1
56 507 1
56 609 1
56 613 1
56 688 1
56 697 1
56 702 1
56 709 1
56 722 1
56 751 1
56 775 1
56 807 1
57 83 1
57 101 1
57 116 1
57 173 1
57 209 1
57 229 1
57 260 1
57 265 1
57 334 1
57 362 1
57 413 1
57 417 1
57 606 1
57 639 1
57 649 1
57 653 1
57 674 1
57 932 1
57 938 1
57 985 1
58 122 1
58 189 1
58 195 1
58 351 1
58 502 1
58 691 1
59 60 1
59 67 1
59 73 1
59 79 1
59 84 1
59 114 1
59 160 1
59 168 1
59 226 1
59 299 1
59 311 1
59 315 1
59 445 1
59 452 1
59 461 1
59 480 1
59 614 1
59 690 1
59 713 1
59 859 1
60 61 1
60 70 1
60 74 1
60 85 1
60 112 1
60 129 1
60 130 1
60 141 1
60 147 1
60 181 1
60 187 1
60 278 1
60 305 1
60 331 1
60 345 1
60 361 1
60 428 1
60 442 1
60 451 1
60 472 1
60 517 1
60 532 1
60 573 1
60 602 1
60 640 1
60 755 1
60 779 1
60 786 1
60 810 1
60 873 1
60 952 1
61 71 1
61 80 1
61 83 1
61 96 1
61 126 1
61 162 1
61 169 1
61 178 1
61 249 1
61 289 1
61 349 1
61 412 1
61 491 1
61 496 1
61 615 1
61 657 1
62 70 1
62 96 1
62 101 1
62 122 1
62 134 1
62 260 1
62 297 1
62 433 1
62 707 1
62 969 1
63 70 1
63 94 1
63 100 1
63 109 1
63 127 1
63 129 1
63 144 1
63 149 1
63 183 1
63 190 1
63 236 1
63 257 1
63 281 1
63 317 1
63 338 1
63 343 1
63 477 1
63 490 1
63 508 1
63 520 1
63 530 1
63 643 1
63 684 1
63 701 1
63 762 1
63 767 1
63 807 1
63 818 1
63 877 1
63 887 1
63 951 1
63 962 1
63 967 1
64 93 1
64 110 1
64 164 1
64 180 1
64 353 1
64 422 1
64 754 1
64 811 1
64 874 1
64 895 1
65 109 1
65 127 1
65 434 1
65 560 1
65 689 1
65 776 1
65 923 1
66 72 1
66 95 1
66 113 1
66 137 1
66 145 1
66 149 1
66 159 1
66 162 1
66 185 1
66 188 1
66 198 1
66 199 1
66 220 1
66 224 1
66 254 1
66 293 1
66 312 1
66 330 1
66 354 1
66 357 1
66 371 1
66 384 1
66 421 1
66 447 1
66 497 1
66 501 1
66 528 1
66 616 1
66 620 1
66 663 1
66 669 1
66 708 1
66 852 1
66 934 1
66 1000 1
67 111 1
67 147 1
67 189 1
67 215 1
67 314 1
67 353 1
67 415 1
67 553 1
67 633 1
67 821 1
67 870 1
67 965 1
67 998 1
68 115 1
68 240 1
68 310 1
68 330 1
68 353 1
68 718 1
69 82 1
69 88 1
69 117 1
69 118 1
69 126 1
69 152 1
69 178 1
69 179 1
69 181 1
69 184 1
69 200 1
69 285 1
69 318 1
69 355 1
69 384 1
69 390 1
69 424 1
69 578 1
69 611 1
69 614 1
69 804 1
69 820 1
69 825 1
69 826 1
69 871 1
69 915 1
69 927 1
69 946 1
69 953 1
70 72 1
70 139 1
70 141 1
70 243 1
70 249 1
70 271 1
70 277 1
70 367 1
70 419 1
70 458 1
70 465 1
70 538 1
70 596 1
71 114 1
71 133 1
71 148 1
71 150 1
71 183 1
71 194 1
71 199 1
71 240 1
71 284 1
71 332 1
71 386 1
71 404 1
71 416 1
71 458 1
71 471 1
71 488 1
71 561 1
71 581 1
71 598 1
71 628 1
71 640 1
71 706 1
71 813 1
71 830 1
71 866 1
71 921 1
71 976 1
72 81 1
72 90 1
72 111 1
72 211 1
72 218 1
72 409 1
72 414 1
72 580 1
72 671 1
72 689 1
72 698 1
72 705 1
72 815 1
73 74 1
73 123 1
73 143 1
73 158 1
73 168 1
73 191 1
73 198 1
73 262 1
73 317 1
73 334 1
73 389 1
73 426 1
73 431 1
73 439 1
73 573 1
73 699 1
73 727 1
73 829 1
73 832 1
73 927 1
74 213 1
74 214 1
74 249 1
74 288 1
74 487 1
74 575 1
74 684 1
74 998 1
75 98 1
75 153 1
75 194 1
75 287 1
75 299 1
75 448 1
75 499 1
75 547 1
75 616 1
75 640 1
75 899 1
76 77 1
76 168 1
76 225 1
76 288 1
76 289 1
76 365 1
76 374 1
76 468 1
76 509 1
76 584 1
76 666 1
76 687 1
76 765 1
76 805 1
76 878 1
76 888 1
77 84 1
77 134 1
77 143 1
77 200 1
77 204 1
77 265 1
77 378 1
77 432 1
77 478 1
77 525 1
77 554 1
77 589 1
77 682 1
77 725 1
77 773 1
78 81 1
78 94 1
78 143 1
78 158 1
78 168 1
78 182 1
78 232 1
78 270 1
78 276 1
78 315 1
78 333 1
78 380 1
78 531 1
78 536 1
78 667 1
78 741 1
79 111 1
79 144 1
79 153 1
79 173 1
79 184 1
79 449 1
80 90 1
80 92 1
80 95 1
80 127 1
80 136 1
80 161 1
80 182 1
80 194 1
80 203 1
80 221 1
80 223 1
80 225 1
80 235 1
80 307 1
80 397 1
80 455 1
80 482 1
80 612 1
80 761 1
80 792 1
80 799 1
80 813 1
80 893 1
80 951 1
80 988 1
81 91 1
81 109 1
81 205 1
81 275 1
81 320 1
81 455 1
81 464 1
81 559 1
81 629 1
81 635 1
81 735 1
81 784 1
81 957 1
81 959 1
82 86 1
82 131 1
82 170 1
82 209 1
82 242 1
82 341 1
82 400 1
82 419 1
82 421 1
82 576 1
83 88 1
83 89 1
83 103 1
83 104 1
83 154 1
83 186 1
83 235 1
83 251 1
83 269 1
83 326 1
83 330 1
83 357 1
83 438 1
83 443 1
83 596 1
83 633 1
83 654 1
83 722 1
83 768 1
83 789 1
83 979 1
84 102 1
84 139 1
84 148 1
84 176 1
84 184 1
84 188 1
84 228 1
84 354 1
84 448 1
84 496 1
84 778 1
84 837 1
85 142 1
85 175 1
85 250 1
85 451 1
85 484 1
85 501 1
85 504 1
85 566 1
85 679 1
85 714 1
85 724 1
85 736 1
85 793 1
85 938 1
85 945 1
85 967 1
86 167 1
86 186 1
86 196 1
86 201 1
86 368 1
86 378 1
86 413 1
86 476 1
86 492 1
86 610 1
86 621 1
86 825 1
86 997 1
87 118 1
87 121 1
87 143 1
87 189 1
87 205 1
87 227 1
87 349 1
87 354 1
87 416 1
87 424 1
87 517 1
87 576 1
87 608 1
87 709 1
87 864 1
87 877 1
87 943 1
87 970 1
88 95 1
88 96 1
88 100 1
88 125 1
88 141 1
88 147 1
88 159 1
88 164 1
88 173 1
88 178 1
88 189 1
88 274 1
88 291 1
88 302 1
88 326 1
88 332 1
88 413 1
88 437 1
88 495 1
88 588 1
88 649 1
88 692 1
88 708 1
88 992 1
89 90 1
89 104 1
89 106 1
89 110 1
89 126 1
89 131 1
89 146 1
89 169 1
89 174 1
89 199 1
89 264 1
89 313 1
89 331 1
89 338 1
89 363 1
89 391 1
89 453 1
89 464 1
89 479 1
89 490 1
89 531 1
89 538 1
89 595 1
89 643 1
89 669 1
89 670 1
89 685 1
89 688 1
89 886 1
89 902 1
89 969 1
90 92 1
90 180 1
90 229 1
90 254 1
90 316 1
90 344 1
90 565 1
90 928 1
90 957 1
91 99 1
91 134 1
91 222 1
91 235 1
91 248 1
91 304 1
91 336 1
91 567 1
91 575 1
91 596 1
91 676 1
91 738 1
91 741 1
91 770 1
91 799 1
91 834 1
91 867 1
91 877 1
91 990 1
92 275 1
92 340 1
92 489 1
92 715 1
92 937 1
93 119 1
93 218 1
93 255 1
93 313 1
93 340 1
93 426 1
93 493 1
93 514 1
93 585 1
93 675 1
93 680 1
93 755 1
93 907 1
94 108 1
94 544 1
95 101 1
95 137 1
95 518 1
95 667 1
95 772 1
95 957 1
96 164 1
96 185 1
96 450 1
96 458 1
96 597 1
96 644 1
96 749 1
97 193 1
97 235 1
97 388 1
97 800 1
98 99 1
98 113 1
98 117 1
98 151 1
98 153 1
98 162 1
98 166 1
98 184 1
98 200 1
98 204 1
98 206 1
98 277 1
98 296 1
98 545 1
98 565 1
98 686 1
98 700 1
98 743 1
98 754 1
98 799 1
98 862 1
98 887 1
98 979 1
99 169 1
99 230 1
99 237 1
99 247 1
99 298 1
99 899 1
99 942 1
100 211 1
100 527 1
100 548 1
100 550 1
100 587 1
101 142 1
101 202 1
101 238 1
101 286 1
101 306 1
101 344 1
101 350 1
101 552 1
101 589 1
101 772 1
101 925 1
101 958 1
101 985 1
102 135 1
102 144 1
102 259 1
102 294 1
102 400 1
102 442 1
102 478 1
102 479 1
102 489 1
102 605 1
102 723 1
102 748 1
102 864 1
102 866 1
103 163 1
103 189 1
103 198 1
103 242 1
103 296 1
103 398 1
103 402 1
103 438 1
103 559 1
103 732 1
103 810 1
103 915 1
103 936 1
104 360 1
104 441 1
105 119 1
105 131 1
105 157 1
105 161 1
105 252 1
105 277 1
105 308 1
105 316 1
105 401 1
105 427 1
105 495 1
105 513 1
105 538 1
105 595 1
105 663 1
105 698 1
105 720 1
105 851 1
105 876 1
106 112 1
106 116 1
106 124 1
106 216 1
106 235 1
106 267 1
106 282 1
106 399 1
106 551 1
106 594 1
106 707 1
106 863 1
106 875 1
106 973 1
107 521 1
107 542 1
108 116 1
108 124 1
108 140 1
108 214 1
108 255 1
108 437 1
108 554 1
109 118 1
109 215 1
109 268 1
109 322 1
109 336 1
110 120 1
110 214 1
110 294 1
110 357 1
110 402 1
110 592 1
110 651 1
110 880 1
110 937 1
111 126 1
111 156 1
111 161 1
111 192 1
111 299 1
111 349 1
111 403 1
111 593 1
111 632 1
111 740 1
111 806 1
111 868 1
112 117 1
112 133 1
112 135 1
112 136 1
112 156 1
112 263 1
112 783 1
112 880 1
112 958 1
112 964 1
112 975 1
113 172 1
113 182 1
113 306 1
113 509 1
113 679 1
113 735 1
113 811 1
114 138 1
114 272 1
114 352 1
114 558 1
115 122 1
115 125 1
115 146 1
115 241 1
115 245 1
115 282 1
115 288 1
115 292 1
115 296 1
115 539 1
115 604 1
115 646 1
115 827 1
115 842 1
115 959 1
116 303 1
116 603 1
116 728 1
116 872 1
116 881 1
116 975 1
117 128 1
117 174 1
117 208 1
117 240 1
117 266 1
117 319 1
117 447 1
117 549 1
117 566 1
117 798 1
117 874 1
117 921 1
117 959 1
118 154 1
118 300 1
118 320 1
118 427 1
118 518 1
118 937 1
119 150 1
119 170 1
119 215 1
119 328 1
119 495 1
119 713 1
119 736 1
119 965 1
120 157 1
120 258 1
120 274 1
120 298 1
120 364 1
120 520 1
120 575 1
120 648 1
120 738 1
120 777 1
120 817 1
121 162 1
121 166 1
121 191 1
121 223 1
121 231 1
121 278 1
121 299 1
121 300 1
121 391 1
121 408 1
121 444 1
121 455 1
121 537 1
121 580 1
121 619 1
121 774 1
121 781 1
121 806 1
121 845 1
121 851 1
121 865 1
121 983 1
122 123 1
122 539 1
122 560 1
122 624 1
122 628 1
122 936 1
123 289 1
123 319 1
123 320 1
123 386 1
123 402 1
123 810 1
124 146 1
124 226 1
124 246 1
124 337 1
124 842 1
124 923 1
124 975 1
125 128 1
125 173 1
125 268 1
125 286 1
125 327 1
125 359 1
125 373 1
125 382 1
125 543 1
125 594 1
125 666 1
125 796 1
125 901 1
125 915 1
126 279 1
126 301 1
126 449 1
126 523 1
126 802 1
127 130 1
127 312 1
127 328 1
127 363 1
127 409 1
127 456 1
127 532 1
127 610 1
127 657 1
127 766 1
127 854 1
127 914 1
128 209 1
128 216 1
128 263 1
128 294 1
128 363 1
128 397 1
128 462 1
128 567 1
128 575 1
128 695 1
128 725 1
128 805 1
128 815 1
128 880 1
128 931 1
129 228 1
129 251 1
129 529 1
129 673 1
129 939 1
129 971 1
130 139 1
130 175 1
130 286 1
131 269 1
131 338 1
131 359 1
131 533 1
131 600 1
131 605 1
131 682 1
131 755 1
131 828 1
132 350 1
132 394 1
132 674 1
132 690 1
132 971 1
133 147 1
133 151 1
133 166 1
133 284 1
133 297 1
133 414 1
133 461 1
133 705 1
133 710 1
133 732 1
134 142 1
134 165 1
134 356 1
134 387 1
134 577 1
134 678 1
134 692 1
134 735 1
134 743 1
134 812 1
134 911 1
135 155 1
135 297 1
135 322 1
135 397 1
135 457 1
135 592 1
135 664 1
135 665 1
135 685 1
135 691 1
135 737 1
135 766 1
135 796 1
135 801 1
135 956 1
135 965 1
135 997 1
136 179 1
136 586 1
136 680 1
136 703 1
136 996 1
136 999 1
137 205 1
137 307 1
137 391 1
137 460 1
137 727 1
138 193 1
138 228 1
138 269 1
138 374 1
138 383 1
138 455 1
138 466 1
138 533 1
138 565 1
138 647 1
138 663 1
138 737 1
138 754 1
138 776 1
138 960 1
138 981 1
139 150 1
139 215 1
139 261 1
139 275 1
139 414 1
139 701 1
139 724 1
139 789 1
139 934 1
140 337 1
140 348 1
141 170 1
141 201 1
141 206 1
141 248 1
141 335 1
141 398 1
141 449 1
141 458 1
141 510 1
141 532 1
141 738 1
141 748 1
141 751 1
141 777 1
142 176 1
142 210 1
142 239 1
142 255 1
142 266 1
142 284 1
142 292 1
142 347 1
142 383 1
142 397 1
142 418 1
142 500 1
142 515 1
142 563 1
142 628 1
142 702 1
142 709 1
142 756 1
142 897 1
142 976 1
143 158 1
143 203 1
143 213 1
143 310 1
143 335 1
143 496 1
143 518 1
143 711 1
143 817 1
143 879 1
143 977 1
144 163 1
144 312 1
144 329 1
144 428 1
144 545 1
144 586 1
144 662 1
144 814 1
144 831 1
144 882 1
145 234 1
145 381 1
145 797 1
146 403 1
146 482 1
146 530 1
146 644 1
146 819 1
146 944 1
147 225 1
147 266 1
147 309 1
147 318 1
147 358 1
147 423 1
147 549 1
147 634 1
147 728 1
147 850 1
148 165 1
148 234 1
148 360 1
148 412 1
148 513 1
148 693 1
148 829 1
148 899 1
148 925 1
149 179 1
149 222 1
149 227 1
149 244 1
149 760 1
150 511 1
150 778 1
151 192 1
151 220 1
151 285 1
151 354 1
151 540 1
151 720 1
151 743 1
151 756 1
151 950 1
152 220 1
152 279 1
152 456 1
152 671 1
152 738 1
153 171 1
153 229 1
153 401 1
153 476 1
153 570 1
153 914 1
154 230 1
154 232 1
154 251 1
154 281 1
154 307 1
154 335 1
154 379 1
154 454 1
154 466 1
154 496 1
154 499 1
154 632 1
154 702 1
154 789 1
155 306 1
155 340 1
155 344 1
155 371 1
155 409 1
155 424 1
155 445 1
155 520 1
155 671 1
156 221 1
156 236 1
156 270 1
156 288 1
156 361 1
156 374 1
156 444 1
156 503 1
156 527 1
156 964 1
157 177 1
157 203 1
157 207 1
157 298 1
157 387 1
157 410 1
157 544 1
157 548 1
157 779 1
157 838 1
157 883 1
158 159 1
158 295 1
158 344 1
158 379 1
158 882 1
158 968 1
159 163 1
159 206 1
159 226 1
159 341 1
159 396 1
159 542 1
159 550 1
159 571 1
159 839 1
159 923 1
160 372 1
160 452 1
160 544 1
160 554 1
160 618 1
160 716 1
160 879 1
161 437 1
161 446 1
161 511 1
161 539 1
161 563 1
161 574 1
161 721 1
161 748 1
162 163 1
162 181 1
162 197 1
162 223 1
162 295 1
162 355 1
162 555 1
162 557 1
162 609 1
162 661 1
162 676 1
162 797 1
162 910 1
163 207 1
163 218 1
163 329 1
163 410 1
163 420 1
163 460 1
163 509 1
163 599 1
163 606 1
163 609 1
163 620 1
163 624 1
163 637 1
163 741 1
163 857 1
163 859 1
163 950 1
164 221 1
164 253 1
164 522 1
164 955 1
164 973 1
165 174 1
165 198 1
165 495 1
165 673 1
165 768 1
166 377 1
166 481 1
166 914 1
167 208 1
167 248 1
167 603 1
167 940 1
168 187 1
168 199 1
168 209 1
168 584 1
168 588 1
168 748 1
168 802 1
168 927 1
169 172 1
169 190 1
169 313 1
169 407 1
169 439 1
169 602 1
169 677 1
169 780 1
169 850 1
169 931 1
169 947 1
169 988 1
170 343 1
170 400 1
170 578 1
170 604 1
170 806 1
170 822 1
171 195 1
171 253 1
171 261 1
171 296 1
171 319 1
171 415 1
171 429 1
171 570 1
171 675 1
171 703 1
171 817 1
171 881 1
172 238 1
172 247 1
172 256 1
172 348 1
172 361 1
172 505 1
172 510 1
172 754 1
172 767 1
172 896 1
173 312 1
173 399 1
173 413 1
173 546 1
173 632 1
173 644 1
173 842 1
174 415 1
174 470 1
174 497 1
174 628 1
174 698 1
174 790 1
174 854 1
174 874 1
175 244 1
175 250 1
175 465 1
175 468 1
175 475 1
175 609 1
175 769 1
175 834 1
176 481 1
176 591 1
176 612 1
176 912 1
177 238 1
177 336 1
177 363 1
177 372 1
177 428 1
177 504 1
177 873 1
177 944 1
177 996 1
178 338 1
178 342 1
178 358 1
178 404 1
178 506 1
178 580 1
178 691 1
178 730 1
178 924 1
179 283 1
179 299 1
179 435 1
179 447 1
179 723 1
179 811 1
180 273 1
180 390 1
180 530 1
180 757 1
180 764 1
180 869 1
180 959 1
181 737 1
182 200 1
182 212 1
182 254 1
182 290 1
182 291 1
182 551 1
182 731 1
182 742 1
183 184 1
183 216 1
183 227 1
183 236 1
183 338 1
183 356 1
183 358 1
183 375 1
183 388 1
183 440 1
183 462 1
183 477 1
183 719 1
183 737 1
183 835 1
183 945 1
183 962 1
184 972 1
185 202 1
185 234 1
185 323 1
185 410 1
185 413 1
185 831 1
185 875 1
185 966 1
186 270 1
186 304 1
186 539 1
186 732 1
186 858 1
186 996 1
187 218 1
187 333 1
187 403 1
187 629 1
188 308 1
188 327 1
188 440 1
188 870 1
188 872 1
188 967 1
189 501 1
189 562 1
190 362 1
191 285 1
191 508 1
191 547 1
191 571 1
191 625 1
191 954 1
192 318 1
192 395 1
192 617 1
192 724 1
193 350 1
193 431 1
193 519 1
194 282 1
194 369 1
194 647 1
194 756 1
194 842 1
195 554 1
195 890 1
195 901 1
196 204 1
196 428 1
196 522 1
197 214 1
197 619 1
197 877 1
198 253 1
198 370 1
198 457 1
198 500 1
198 606 1
198 645 1
198 747 1
198 764 1
198 824 1
198 828 1
198 856 1
198 909 1
198 925 1
198 945 1
199 210 1
199 384 1
199 471 1
199 587 1
199 648 1
200 383 1
200 462 1
200 855 1
201 213 1
201 478 1
201 540 1
201 938 1
202 237 1
202 261 1
202 287 1
202 329 1
202 370 1
202 515 1
202 552 1
202 630 1
202 644 1
202 830 1
202 895 1
202 964 1
203 247 1
203 273 1
203 597 1
203 910 1
203 926 1
204 210 1
204 266 1
204 559 1
204 595 1
204 636 1
204 662 1
204 756 1
204 902 1
205 244 1
205 267 1
205 303 1
205 436 1
205 572 1
205 577 1
205 642 1
205 727 1
205 787 1
206 359 1
206 373 1
206 493 1
206 629 1
206 792 1
207 222 1
207 271 1
207 325 1
207 326 1
207 332 1
207 359 1
207 366 1
207 385 1
207 407 1
207 439 1
207 481 1
207 750 1
207 765 1
207 779 1
207 821 1
207 823 1
208 224 1
208 225 1
208 308 1
208 387 1
208 415 1
208 490 1
208 651 1
208 730 1
208 800 1
208 844 1
208 886 1
208 930 1
209 319 1
209 520 1
209 578 1
209 645 1
209 683 1
209 815 1
209 975 1
210 216 1
210 241 1
210 368 1
210 411 1
210 424 1
210 425 1
210 612 1
210 702 1
210 763 1
210 900 1
211 224 1
211 246 1
211 310 1
211 399 1
211 409 1
211 468 1
211 513 1
211 582 1
211 818 1
211 967 1
211 971 1
211 983 1
212 490 1
212 558 1
212 787 1
212 963 1
213 331 1
213 608 1
213 780 1
214 553 1
214 616 1
214 744 1
214 746 1
214 867 1
214 889 1
215 238 1
215 339 1
215 473 1
215 494 1
215 515 1
215 536 1
215 566 1
216 306 1
216 347 1
217 248 1
217 283 1
217 305 1
217 325 1
217 346 1
217 939 1
218 253 1
218 274 1
218 327 1
218 494 1
218 581 1
218 582 1
218 627 1
218 849 1
218 929 1
218 980 1
218 996 1
219 492 1
219 954 1
220 317 1
220 334 1
220 337 1
220 462 1
220 502 1
220 634 1
220 876 1
220 887 1
220 926 1
220 987 1
221 378 1
221 905 1
221 995 1
222 273 1
222 321 1
222 370 1
222 806 1
223 319 1
223 391 1
223 436 1
223 652 1
223 785 1
223 803 1
223 908 1
223 935 1
224 236 1
224 325 1
224 470 1
224 540 1
224 651 1
224 1000 1
225 233 1
225 324 1
225 410 1
225 425 1
225 590 1
225 668 1
225 762 1
225 765 1
225 776 1
225 897 1
226 420 1
226 746 1
226 824 1
226 866 1
227 315 1
227 375 1
227 392 1
227 471 1
227 653 1
227 712 1
227 753 1
227 865 1
228 251 1
228 411 1
228 485 1
228 611 1
228 724 1
228 972 1
229 239 1
229 483 1
229 643 1
229 673 1
229 794 1
229 918 1
230 249 1
230 268 1
230 302 1
230 364 1
230 367 1
230 455 1
230 567 1
230 662 1
230 746 1
231 313 1
231 438 1
232 281 1
232 296 1
232 376 1
232 501 1
232 970 1
233 255 1
234 734 1
235 310 1
235 733 1
236 341 1
236 424 1
236 871 1
236 879 1
236 887 1
237 252 1
237 260 1
237 273 1
237 302 1
237 362 1
237 401 1
237 423 1
237 482 1
237 626 1
237 652 1
237 656 1
237 659 1
237 697 1
237 758 1
237 782 1
238 808 1
238 818 1
239 282 1
239 304 1
239 610 1
239 767 1
240 530 1
240 707 1
240 982 1
240 999 1
241 292 1
241 304 1
241 330 1
241 364 1
241 373 1
241 561 1
241 611 1
241 656 1
241 733 1
241 791 1
242 393 1
242 491 1
242 557 1
242 853 1
243 276 1
243 598 1
243 677 1
244 279 1
244 494 1
244 661 1
244 731 1
244 845 1
244 870 1
244 892 1
245 712 1
245 719 1
245 891 1
246 418 1
247 466 1
247 602 1
247 622 1
247 667 1
247 811 1
247 813 1
247 930 1
248 298 1
248 632 1
248 694 1
248 861 1
250 306 1
250 493 1
250 647 1
251 327 1
251 365 1
251 369 1
251 649 1
251 687 1
251 726 1
251 826 1
251 840 1
252 386 1
252 622 1
252 664 1
252 751 1
252 803 1
252 846 1
253 267 1
253 452 1
253 475 1
253 484 1
253 514 1
253 552 1
253 627 1
253 631 1
253 692 1
253 764 1
254 376 1
254 521 1
254 990 1
255 273 1
256 280 1
256 304 1
256 352 1
256 372 1
256 436 1
256 453 1
256 499 1
256 541 1
256 648 1
256 677 1
256 699 1
256 902 1
256 962 1
257 579 1
257 658 1
257 695 1
257 850 1
258 293 1
258 301 1
258 351 1
258 396 1
258 498 1
258 594 1
258 851 1
258 948 1
258 1000 1
259 279 1
259 840 1
259 919 1
260 780 1
261 366 1
261 434 1
261 445 1
261 476 1
261 543 1
261 598 1
261 629 1
261 672 1
261 935 1
262 764 1
262 774 1
263 488 1
264 388 1
264 431 1
264 497 1
264 810 1
264 884 1
264 890 1
264 925 1
265 297 1
265 322 1
265 356 1
265 758 1
265 885 1
267 401 1
267 410 1
267 673 1
268 843 1
268 888 1
268 905 1
269 371 1
269 467 1
269 536 1
270 385 1
270 507 1
270 516 1
270 639 1
270 710 1
270 801 1
271 484 1
271 583 1
271 598 1
271 702 1
272 402 1
272 578 1
272 933 1
272 981 1
273 390 1
273 423 1
273 555 1
273 587 1
274 419 1
274 518 1
274 637 1
274 795 1
275 294 1
275 333 1
275 370 1
275 391 1
275 416 1
275 474 1
275 477 1
275 506 1
275 534 1
275 597 1
275 911 1
276 309 1
276 443 1
276 507 1
276 1000 1
277 393 1
277 464 1
277 520 1
277 618 1
277 625 1
277 988 1
278 313 1
278 394 1
278 627 1
278 684 1
278 814 1
278 834 1
279 293 1
279 339 1
279 350 1
279 686 1
279 839 1
280 315 1
280 497 1
280 511 1
280 541 1
280 561 1
280 573 1
280 642 1
280 727 1
280 972 1
281 465 1
281 485 1
281 540 1
282 303 1
282 316 1
282 351 1
282 408 1
282 459 1
282 493 1
282 718 1
282 914 1
283 300 1
283 523 1
283 690 1
283 854 1
284 293 1
284 364 1
284 377 1
284 421 1
284 467 1
284 569 1
284 577 1
284 664 1
284 716 1
284 949 1
284 956 1
286 365 1
286 463 1
286 559 1
286 771 1
286 863 1
287 872 1
288 348 1
288 474 1
288 488 1
289 321 1
289 394 1
289 419 1
289 515 1
289 824 1
290 291 1
290 542 1
290 546 1
290 614 1
290 795 1
291 698 1
292 583 1
292 599 1
292 782 1
293 412 1
293 526 1
293 638 1
293 726 1
293 848 1
293 956 1
293 973 1
293 994 1
294 444 1
294 514 1
294 543 1
294 749 1
295 357 1
295 812 1
296 470 1
296 542 1
297 341 1
297 368 1
297 569 1
297 666 1
298 305 1
298 611 1
298 983 1
299 393 1
299 395 1
299 480 1
299 697 1
299 709 1
299 805 1
299 892 1
299 904 1
299 968 1
300 326 1
300 336 1
300 346 1
300 541 1
300 659 1
300 703 1
301 470 1
301 568 1
301 641 1
302 361 1
302 432 1
302 625 1
302 677 1
302 832 1
303 774 1
304 327 1
304 485 1
304 715 1
304 740 1
304 868 1
305 377 1
305 423 1
305 463 1
305 618 1
305 723 1
306 995 1
307 377 1
307 422 1
307 448 1
307 461 1
307 562 1
307 593 1
307 847 1
307 926 1
308 556 1
308 592 1
308 793 1
308 984 1
309 323 1
309 446 1
309 499 1
309 981 1
310 345 1
310 353 1
310 495 1
310 574 1
310 586 1
310 644 1
310 739 1
310 983 1
311 608 1
311 927 1
312 342 1
312 405 1
313 502 1
313 837 1
314 318 1
314 383 1
314 506 1
314 508 1
314 548 1
314 828 1
314 966 1
315 318 1
315 340 1
315 433 1
315 454 1
315 473 1
315 663 1
315 680 1
315 715 1
315 719 1
315 968 1
315 989 1
316 434 1
316 858 1
316 859 1
316 977 1
317 691 1
317 712 1
317 790 1
318 456 1
318 558 1
318 735 1
318 873 1
319 356 1
319 437 1
319 563 1
319 607 1
319 631 1
319 637 1
319 694 1
319 869 1
319 928 1
319 951 1
320 483 1
320 539 1
320 569 1
320 652 1
320 940 1
320 942 1
321 473 1
321 512 1
321 685 1
321 788 1
321 994 1
323 445 1
323 456 1
324 789 1
324 814 1
324 828 1
325 460 1
325 504 1
326 408 1
326 417 1
326 426 1
326 551 1
326 700 1
327 405 1
327 420 1
327 823 1
328 519 1
328 638 1
328 863 1
328 963 1
329 379 1
329 465 1
329 485 1
329 711 1
329 993 1
330 385 1
330 440 1
330 442 1
330 519 1
330 524 1
330 647 1
330 665 1
330 686 1
330 690 1
330 693 1
330 889 1
330 896 1
331 366 1
331 433 1
332 496 1
332 808 1
333 411 1
333 601 1
333 775 1
333 895 1
334 376 1
334 480 1
335 628 1
335 776 1
335 897 1
336 454 1
336 849 1
337 564 1
337 823 1
337 947 1
338 430 1
338 554 1
340 472 1
340 537 1
340 919 1
341 456 1
341 883 1
341 941 1
342 508 1
342 523 1
342 588 1
342 658 1
342 713 1
342 837 1
342 843 1
342 901 1
342 987 1
343 371 1
343 398 1
343 441 1
343 475 1
344 504 1
344 757 1
345 426 1
346 571 1
346 605 1
346 670 1
346 816 1
346 844 1
346 911 1
346 987 1
347 379 1
347 833 1
349 411 1
349 617 1
349 745 1
349 770 1
349 916 1
350 500 1
350 535 1
350 580 1
350 631 1
350 733 1
350 956 1
351 423 1
351 615 1
351 645 1
351 824 1
352 457 1
352 489 1
352 700 1
353 358 1
353 387 1
353 450 1
353 482 1
353 530 1
353 556 1
353 568 1
353 582 1
353 776 1
353 928 1
354 374 1
354 816 1
354 876 1
354 946 1
354 952 1
354 991 1
355 784 1
355 817 1
355 819 1
355 979 1
355 987 1
356 613 1
357 587 1
357 635 1
357 794 1
358 479 1
358 563 1
358 564 1
358 590 1
358 622 1
358 784 1
359 532 1
359 718 1
360 470 1
360 489 1
360 551 1
360 594 1
360 820 1
361 362 1
361 438 1
361 533 1
361 585 1
361 665 1
361 904 1
362 714 1
362 739 1
363 388 1
363 422 1
363 544 1
363 675 1
363 742 1
363 873 1
363 919 1
364 766 1
365 371 1
365 825 1
366 368 1
366 486 1
366 494 1
366 597 1
366 657 1
366 880 1
366 881 1
366 957 1
366 991 1
367 372 1
367 406 1
367 454 1
367 459 1
367 460 1
367 680 1
367 695 1
367 900 1
367 970 1
368 369 1
369 375 1
369 784 1
369 818 1
369 857 1
369 911 1
370 395 1
370 422 1
370 436 1
370 439 1
370 681 1
370 829 1
371 467 1
371 624 1
371 783 1
371 834 1
372 572 1
372 745 1
372 894 1
373 434 1
373 484 1
373 679 1
374 382 1
374 396 1
374 402 1
374 435 1
374 474 1
374 645 1
374 668 1
374 748 1
374 883 1
374 940 1
375 416 1
375 572 1
375 619 1
377 389 1
377 774 1
377 853 1
377 980 1
378 435 1
378 733 1
378 745 1
379 626 1
379 629 1
379 724 1
380 510 1
380 590 1
380 672 1
380 941 1
381 442 1
381 656 1
381 744 1
381 863 1
382 527 1
382 848 1
382 977 1
383 443 1
383 671 1
384 500 1
384 783 1
384 896 1
385 479 1
385 855 1
385 893 1
386 401 1
386 555 1
386 572 1
386 654 1
386 694 1
386 746 1
386 749 1
386 768 1
386 771 1
387 434 1
388 398 1
388 408 1
388 416 1
388 730 1
388 857 1
388 881 1
389 601 1
389 904 1
389 961 1
389 969 1
390 403 1
390 694 1
390 956 1
391 695 1
391 704 1
391 744 1
391 763 1
391 849 1
391 864 1
392 490 1
392 526 1
392 535 1
392 627 1
392 725 1
392 751 1
392 794 1
392 831 1
392 838 1
393 525 1
393 763 1
395 409 1
395 601 1
396 460 1
396 516 1
396 565 1
396 633 1
397 432 1
397 472 1
397 636 1
397 757 1
397 898 1
397 909 1
398 421 1
398 512 1
399 404 1
400 934 1
401 861 1
402 652 1
402 912 1
403 577 1
403 634 1
403 770 1
403 966 1
404 660 1
404 678 1
405 457 1
406 491 1
406 750 1
407 531 1
407 860 1
408 412 1
408 449 1
408 524 1
408 550 1
408 769 1
409 752 1
409 911 1
410 753 1
410 933 1
411 727 1
411 988 1
412 510 1
412 714 1
412 774 1
413 632 1
413 742 1
414 846 1
414 953 1
415 586 1
416 636 1
416 739 1
416 745 1
416 838 1
416 996 1
417 445 1
417 549 1
417 615 1
417 814 1
418 761 1
419 648 1
419 731 1
419 885 1
419 924 1
419 934 1
419 949 1
419 986 1
420 534 1
420 564 1
421 430 1
422 757 1
423 426 1
423 443 1
423 451 1
423 537 1
423 636 1
423 660 1
423 800 1
423 813 1
423 836 1
423 984 1
424 713 1
424 722 1
424 791 1
424 822 1
425 642 1
426 473 1
426 633 1
426 726 1
427 538 1
427 570 1
427 574 1
427 575 1
427 685 1
427 819 1
427 994 1
428 481 1
429 561 1
429 714 1
430 521 1
431 452 1
431 611 1
431 625 1
431 705 1
431 750 1
432 729 1
433 487 1
433 646 1
433 728 1
433 753 1
433 882 1
433 896 1
433 976 1
435 608 1
435 692 1
435 812 1
436 888 1
437 486 1
437 527 1
437 541 1
437 571 1
437 598 1
437 879 1
437 902 1
437 931 1
438 474 1
438 786 1
438 854 1
438 951 1
438 977 1
439 448 1
440 759 1
441 532 1
441 621 1
441 888 1
443 447 1
443 552 1
444 472 1
444 542 1
444 752 1
444 799 1
445 859 1
445 909 1
445 984 1
445 985 1
446 681 1
447 506 1
447 829 1
448 534 1
448 562 1
448 794 1
448 935 1
449 603 1
449 699 1
449 929 1
450 655 1
451 938 1
452 488 1
453 529 1
453 600 1
453 833 1
454 579 1
454 672 1
455 556 1
455 974 1
456 469 1
456 541 1
456 866 1
456 924 1
457 466 1
457 525 1
457 553 1
458 486 1
458 683 1
458 712 1
458 871 1
459 859 1
459 961 1
460 469 1
460 545 1
460 588 1
460 808 1
460 904 1
461 513 1
461 640 1
461 656 1
461 706 1
461 766 1
461 903 1
462 506 1
462 528 1
462 964 1
462 978 1
463 464 1
463 476 1
463 846 1
463 919 1
464 512 1
464 561 1
464 740 1
465 615 1
465 638 1
465 869 1
466 507 1
466 585 1
466 678 1
466 759 1
466 815 1
468 619 1
470 505 1
470 743 1
471 516 1
472 759 1
472 997 1
473 492 1
473 772 1
473 778 1
473 945 1
474 508 1
474 623 1
475 960 1
477 637 1
477 641 1
478 503 1
478 540 1
478 693 1
479 526 1
479 529 1
479 706 1
480 492 1
480 583 1
481 569 1
481 624 1
481 696 1
481 720 1
481 747 1
481 907 1
482 832 1
482 952 1
483 587 1
483 707 1
483 908 1
485 584 1
485 827 1
486 732 1
487 712 1
487 878 1
488 785 1
489 869 1
489 941 1
490 607 1
490 772 1
490 786 1
490 797 1
490 929 1
491 518 1
491 793 1
492 634 1
492 639 1
492 710 1
492 763 1
494 683 1
494 833 1
494 845 1
494 974 1
495 527 1
495 742 1
495 838 1
497 681 1
497 835 1
497 892 1
498 973 1
499 785 1
499 815 1
499 819 1
500 681 1
502 723 1
502 766 1
503 689 1
503 862 1
504 547 1
504 614 1
504 716 1
504 752 1
504 942 1
505 926 1
506 847 1
507 509 1
507 534 1
507 637 1
507 729 1
507 758 1
508 581 1
508 589 1
508 669 1
509 651 1
510 971 1
511 536 1
511 746 1
511 765 1
512 694 1
513 523 1
513 535 1
513 586 1
515 886 1
517 613 1
518 576 1
518 630 1
518 716 1
518 860 1
518 878 1
520 589 1
520 809 1
520 965 1
521 588 1
521 704 1
521 808 1
521 888 1
522 606 1
522 646 1
522 781 1
522 783 1
522 798 1
523 566 1
523 772 1
523 855 1
523 861 1
523 992 1
525 802 1
525 821 1
527 547 1
527 761 1
527 785 1
527 794 1
527 823 1
527 890 1
527 970 1
528 608 1
529 622 1
529 750 1
530 593 1
530 700 1
530 816 1
531 961 1
531 991 1
532 568 1
532 704 1
532 750 1
532 820 1
532 931 1
533 881 1
534 807 1
535 599 1
536 537 1
536 585 1
536 670 1
537 570 1
538 566 1
538 661 1
538 829 1
540 591 1
540 649 1
540 761 1
540 962 1
540 968 1
542 976 1
544 912 1
545 974 1
546 610 1
546 660 1
547 616 1
549 551 1
549 867 1
550 652 1
550 734 1
550 884 1
551 917 1
551 955 1
553 659 1
553 660 1
554 982 1
554 986 1
555 882 1
556 933 1
557 581 1
557 921 1
558 984 1
560 787 1
560 862 1
561 706 1
561 916 1
562 898 1
562 910 1
562 934 1
562 949 1
563 576 1
563 648 1
563 885 1
566 573 1
566 669 1
566 891 1
567 641 1
567 668 1
567 960 1
569 747 1
570 638 1
570 775 1
571 708 1
571 913 1
572 867 1
572 953 1
573 690 1
575 623 1
575 820 1
575 840 1
575 951 1
578 662 1
578 678 1
578 753 1
578 920 1
580 650 1
581 961 1
582 856 1
582 916 1
583 738 1
584 600 1
584 692 1
586 836 1
588 661 1
588 842 1
588 928 1
590 602 1
590 711 1
592 834 1
593 789 1
594 650 1
594 697 1
596 620 1
596 722 1
601 726 1
601 910 1
601 980 1
603 624 1
603 657 1
603 777 1
605 655 1
606 607 1
606 609 1
606 832 1
607 679 1
608 807 1
609 885 1
612 626 1
612 782 1
613 861 1
614 758 1
614 882 1
615 821 1
615 865 1
617 668 1
617 771 1
617 948 1
619 623 1
620 858 1
621 855 1
621 917 1
622 646 1
622 855 1
622 984 1
624 759 1
626 734 1
626 777 1
628 861 1
628 892 1
629 650 1
629 801 1
632 650 1
632 770 1
632 983 1
634 933 1
637 718 1
639 660 1
639 667 1
640 964 1
641 654 1
641 687 1
641 922 1
643 878 1
646 843 1
647 701 1
647 721 1
650 696 1
651 682 1
652 849 1
652 969 1
653 768 1
654 993 1
655 802 1
656 659 1
656 922 1
657 682 1
657 920 1
658 779 1
658 999 1
659 695 1
660 718 1
661 833 1
663 977 1
663 989 1
665 717 1
665 733 1
665 841 1
666 847 1
667 874 1
668 791 1
669 715 1
671 701 1
672 703 1
672 797 1
673 999 1
674 903 1
674 937 1
675 853 1
675 884 1
675 1000 1
677 909 1
678 680 1
678 762 1
678 839 1
678 927 1
679 760 1
681 717 1
681 762 1
681 782 1
681 928 1
683 704 1
683 800 1
684 804 1
684 943 1
686 849 1
688 769 1
688 871 1
688 950 1
690 699 1
690 920 1
692 763 1
692 868 1
692 872 1
692 883 1
693 992 1
695 743 1
696 747 1
697 822 1
697 847 1
698 838 1
698 848 1
698 856 1
698 993 1
701 841 1
701 898 1
702 915 1
705 978 1
706 890 1
707 858 1
708 831 1
710 895 1
712 848 1
716 890 1
717 916 1
718 992 1
719 809 1
719 923 1
720 725 1
720 876 1
724 917 1
725 932 1
726 739 1
727 826 1
728 889 1
729 947 1
730 889 1
732 846 1
732 852 1
735 929 1
736 754 1
737 907 1
738 790 1
739 798 1
739 940 1
740 912 1
741 897 1
743 899 1
744 918 1
746 757 1
747 903 1
748 875 1
749 978 1
750 906 1
751 900 1
751 994 1
758 942 1
759 760 1
764 796 1
764 822 1
764 989 1
765 782 1
765 875 1
767 885 1
767 948 1
768 980 1
769 799 1
770 792 1
772 879 1
772 918 1
775 824 1
775 915 1
777 903 1
778 982 1
780 865 1
780 998 1
781 830 1
781 896 1
781 944 1
782 801 1
783 835 1
791 939 1
799 856 1
800 958 1
801 812 1
805 939 1
808 819 1
808 839 1
809 822 1
809 853 1
811 863 1
811 918 1
814 848 1
814 875 1
815 909 1
818 884 1
821 893 1
821 963 1
826 853 1
829 856 1
829 870 1
831 894 1
832 955 1
839 946 1
840 893 1
843 891 1
844 906 1
844 913 1
855 908 1
860 913 1
860 936 1
862 922 1
865 877 1
871 901 1
877 960 1
885 987 1
886 995 1
888 919 1
900 930 1
900 976 1
908 942 1
915 955 1
919 993 1
919 994 1
920 972 1
923 938 1
924 985 1
933 968 1
944 991 1
944 997 1
954 980 1
965 995 1
972 986 1
973 974 1
973 992 1
976 979 1
988 990 1
994 995 1
