1000 4975
1 2 1
1 3 1
1 4 1
1 5 1
1 6 1
1 7 1
1 8 1
1 9 1
1 10 1
1 13 1
1 14 1
1 16 1
1 17 1
1 19 1
1 20 1
1 23 1
1 24 1
1 25 1
1 26 1
1 28 1
1 32 1
1 34 1
1 38 1
1 44 1
1 51 1
1 55 1
1 57 1
1 63 1
1 66 1
1 77 1
1 78 1
1 93 1
1 99 1
1 100 1
1 101 1
1 104 1
1 114 1
1 126 1
1 127 1
1 129 1
1 144 1
1 156 1
1 171 1
1 173 1
1 177 1
1 193 1
1 200 1
1 206 1
1 215 1
1 216 1
1 242 1
1 252 1
1 256 1
1 272 1
1 296 1
1 313 1
1 319 1
1 326 1
1 343 1
1 348 1
1 349 1
1 352 1
1 365 1
1 384 1
1 399 1
1 428 1
1 445 1
1 448 1
1 453 1
1 457 1
1 465 1
1 478 1
1 489 1
1 491 1
1 505 1
1 519 1
1 524 1
1 537 1
1 546 1
1 557 1
1 573 1
1 576 1
1 588 1
1 617 1
1 622 1
1 639 1
1 643 1
1 652 1
1 664 1
1 666 1
1 734 1
1 776 1
1 801 1
1 852 1
1 942 1
1 988 1
2 7 1
2 9 1
2 10 1
2 12 1
2 15 1
2 18 1
2 19 1
2 21 1
2 22 1
2 31 1
2 33 1
2 35 1
2 41 1
2 46 1
2 50 1
2 52 1
2 60 1
2 72 1
2 75 1
2 85 1
2 87 1
2 89 1
2 90 1
2 91 1
2 94 1
2 95 1
2 98 1
2 105 1
2 107 1
2 108 1
2 111 1
2 112 1
2 115 1
2 119 1
2 123 1
2 125 1
2 126 1
2 137 1
2 143 1
2 173 1
2 176 1
2 178 1
2 179 1
2 190 1
2 202 1
2 204 1
2 241 1
2 249 1
2 277 1
2 283 1
2 285 1
2 287 1
2 333 1
2 334 1
2 336 1
2 375 1
2 394 1
2 405 1
2 433 1
2 443 1
2 475 1
2 514 1
2 523 1
2 531 1
2 533 1
2 629 1
2 655 1
2 711 1
2 718 1
2 754 1
2 758 1
2 791 1
2 831 1
2 882 1
2 883 1
2 886 1
2 894 1
2 902 1
2 922 1
2 939 1
2 944 1
2 963 1
2 977 1
3 11 1
3 15 1
3 17 1
3 60 1
3 104 1
3 160 1
3 306 1
3 477 1
3 763 1
3 867 1
3 886 1
4 7 1
4 8 1
4 9 1
4 10 1
4 12 1
4 13 1
4 19 1
4 29 1
4 31 1
4 42 1
4 46 1
4 53 1
4 66 1
4 68 1
4 76 1
4 159 1
4 167 1
4 171 1
4 204 1
4 209 1
4 218 1
4 224 1
4 240 1
4 245 1
4 281 1
4 310 1
4 318 1
4 319 1
4 321 1
4 333 1
4 348 1
4 351 1
4 360 1
4 370 1
4 387 1
4 480 1
4 484 1
4 520 1
4 523 1
4 533 1
4 541 1
4 631 1
4 698 1
4 765 1
4 777 1
4 800 1
4 935 1
4 967 1
4 987 1
4 990 1
5 7 1
5 8 1
5 9 1
5 11 1
5 13 1
5 14 1
5 16 1
5 17 1
5 19 1
5 26 1
5 29 1
5 30 1
5 33 1
5 39 1
5 42 1
5 53 1
5 56 1
5 64 1
5 65 1
5 69 1
5 72 1
5 79 1
5 84 1
5 85 1
5 88 1
5 91 1
5 93 1
5 96 1
5 104 1
5 111 1
5 116 1
5 147 1
5 189 1
5 214 1
5 215 1
5 236 1
5 256 1
5 260 1
5 263 1
5 266 1
5 287 1
5 305 1
5 324 1
5 325 1
5 338 1
5 343 1
5 345 1
5 353 1
5 355 1
5 362 1
5 364 1
5 367 1
5 371 1
5 375 1
5 386 1
5 388 1
5 437 1
5 459 1
5 461 1
5 476 1
5 482 1
5 492 1
5 525 1
5 535 1
5 544 1
5 547 1
5 561 1
5 613 1
5 621 1
5 625 1
5 628 1
5 648 1
5 676 1
5 706 1
5 720 1
5 738 1
5 755 1
5 764 1
5 804 1
5 870 1
5 884 1
5 894 1
5 954 1
5 960 1
5 975 1
5 977 1
6 7 1
6 8 1
6 15 1
6 16 1
6 18 1
6 21 1
6 36 1
6 38 1
6 39 1
6 47 1
6 58 1
6 73 1
6 81 1
6 94 1
6 109 1
6 116 1
6 140 1
6 146 1
6 163 1
6 164 1
6 174 1
6 199 1
6 206 1
6 224 1
6 272 1
6 305 1
6 362 1
6 373 1
6 399 1
6 420 1
6 428 1
6 439 1
6 445 1
6 464 1
6 466 1
6 515 1
6 528 1
6 639 1
6 655 1
6 691 1
6 761 1
6 791 1
6 802 1
6 970 1
7 8 1
7 10 1
7 12 1
7 14 1
7 16 1
7 18 1
7 22 1
7 23 1
7 24 1
7 25 1
7 26 1
7 32 1
7 60 1
7 62 1
7 65 1
7 85 1
7 109 1
7 112 1
7 132 1
7 169 1
7 183 1
7 186 1
7 191 1
7 196 1
7 275 1
7 307 1
7 323 1
7 338 1
7 365 1
7 382 1
7 389 1
7 398 1
7 418 1
7 421 1
7 443 1
7 454 1
7 476 1
7 517 1
7 570 1
7 578 1
7 585 1
7 629 1
7 634 1
7 703 1
7 705 1
7 706 1
7 712 1
7 724 1
7 750 1
7 773 1
7 912 1
7 924 1
7 971 1
7 983 1
8 9 1
8 11 1
8 26 1
8 27 1
8 29 1
8 35 1
8 43 1
8 45 1
8 61 1
8 64 1
8 66 1
8 68 1
8 115 1
8 138 1
8 143 1
8 153 1
8 160 1
8 169 1
8 190 1
8 197 1
8 213 1
8 220 1
8 224 1
8 236 1
8 257 1
8 262 1
8 275 1
8 278 1
8 400 1
8 446 1
8 527 1
8 530 1
8 538 1
8 548 1
8 553 1
8 556 1
8 569 1
8 600 1
8 779 1
8 830 1
8 897 1
9 10 1
9 11 1
9 12 1
9 14 1
9 25 1
9 27 1
9 28 1
9 32 1
9 36 1
9 37 1
9 38 1
9 43 1
9 48 1
9 56 1
9 59 1
9 62 1
9 68 1
9 71 1
9 74 1
9 76 1
9 78 1
9 79 1
9 92 1
9 98 1
9 100 1
9 107 1
9 127 1
9 153 1
9 159 1
9 160 1
9 161 1
9 163 1
9 179 1
9 180 1
9 186 1
9 191 1
9 193 1
9 200 1
9 201 1
9 202 1
9 224 1
9 260 1
9 275 1
9 279 1
9 282 1
9 283 1
9 288 1
9 301 1
9 308 1
9 320 1
9 336 1
9 361 1
9 411 1
9 425 1
9 427 1
9 468 1
9 469 1
9 488 1
9 489 1
9 495 1
9 501 1
9 509 1
9 512 1
9 540 1
9 566 1
9 602 1
9 636 1
9 654 1
9 661 1
9 668 1
9 672 1
9 673 1
9 714 1
9 719 1
9 732 1
9 785 1
9 806 1
9 810 1
9 817 1
9 898 1
9 904 1
9 914 1
9 935 1
9 965 1
9 978 1
9 998 1
10 11 1
10 12 1
10 13 1
10 15 1
10 22 1
10 43 1
10 44 1
10 45 1
10 52 1
10 57 1
10 71 1
10 72 1
10 74 1
10 82 1
10 103 1
10 108 1
10 113 1
10 114 1
10 151 1
10 231 1
10 288 1
10 289 1
10 294 1
10 312 1
10 316 1
10 323 1
10 415 1
10 421 1
10 439 1
10 470 1
10 481 1
10 508 1
10 552 1
10 596 1
10 598 1
10 606 1
10 608 1
10 639 1
10 701 1
10 871 1
10 939 1
10 941 1
11 13 1
11 14 1
11 20 1
11 21 1
11 23 1
11 25 1
11 30 1
11 31 1
11 33 1
11 34 1
11 35 1
11 37 1
11 47 1
11 48 1
11 49 1
11 51 1
11 65 1
11 68 1
11 93 1
11 103 1
11 107 1
11 114 1
11 118 1
11 123 1
11 143 1
11 178 1
11 193 1
11 208 1
11 210 1
11 212 1
11 229 1
11 263 1
11 268 1
11 271 1
11 288 1
11 289 1
11 304 1
11 311 1
11 312 1
11 314 1
11 321 1
11 335 1
11 337 1
11 363 1
11 389 1
11 400 1
11 408 1
11 418 1
11 422 1
11 436 1
11 473 1
11 511 1
11 526 1
11 549 1
11 571 1
11 577 1
11 593 1
11 623 1
11 637 1
11 662 1
11 680 1
11 687 1
11 734 1
11 735 1
11 790 1
11 812 1
11 817 1
11 846 1
11 872 1
11 917 1
11 990 1
12 15 1
12 17 1
12 20 1
12 25 1
12 27 1
12 28 1
12 31 1
12 34 1
12 40 1
12 46 1
12 47 1
12 49 1
12 51 1
12 53 1
12 54 1
12 55 1
12 79 1
12 92 1
12 95 1
12 104 1
12 123 1
12 124 1
12 133 1
12 145 1
12 156 1
12 163 1
12 166 1
12 169 1
12 170 1
12 204 1
12 207 1
12 249 1
12 276 1
12 282 1
12 291 1
12 296 1
12 307 1
12 312 1
12 314 1
12 332 1
12 337 1
12 346 1
12 365 1
12 420 1
12 423 1
12 433 1
12 441 1
12 460 1
12 491 1
12 528 1
12 546 1
12 559 1
12 571 1
12 601 1
12 617 1
12 630 1
12 658 1
12 680 1
12 693 1
12 717 1
12 732 1
12 759 1
12 789 1
12 807 1
12 837 1
12 840 1
12 882 1
12 885 1
12 912 1
12 913 1
12 981 1
13 18 1
13 28 1
13 39 1
13 46 1
13 57 1
13 75 1
13 88 1
13 133 1
13 137 1
13 152 1
13 153 1
13 161 1
13 185 1
13 196 1
13 208 1
13 269 1
13 272 1
13 288 1
13 317 1
13 374 1
13 386 1
13 387 1
13 497 1
13 555 1
13 571 1
13 657 1
13 719 1
13 743 1
13 782 1
13 858 1
13 874 1
13 949 1
13 984 1
14 28 1
14 30 1
14 36 1
14 41 1
14 42 1
14 50 1
14 61 1
14 67 1
14 75 1
14 78 1
14 97 1
14 112 1
14 117 1
14 121 1
14 131 1
14 135 1
14 138 1
14 143 1
14 157 1
14 175 1
14 208 1
14 248 1
14 261 1
14 299 1
14 307 1
14 312 1
14 313 1
14 331 1
14 359 1
14 396 1
14 401 1
14 441 1
14 495 1
14 572 1
14 589 1
14 592 1
14 652 1
14 653 1
14 656 1
14 685 1
14 704 1
14 718 1
14 730 1
14 742 1
14 782 1
14 810 1
14 841 1
14 844 1
14 903 1
14 919 1
14 930 1
14 946 1
14 947 1
14 951 1
15 16 1
15 17 1
15 18 1
15 20 1
15 21 1
15 22 1
15 23 1
15 33 1
15 36 1
15 41 1
15 47 1
15 61 1
15 72 1
15 73 1
15 77 1
15 81 1
15 96 1
15 98 1
15 116 1
15 136 1
15 162 1
15 163 1
15 170 1
15 179 1
15 180 1
15 181 1
15 182 1
15 187 1
15 197 1
15 203 1
15 216 1
15 217 1
15 229 1
15 231 1
15 233 1
15 235 1
15 242 1
15 244 1
15 256 1
15 259 1
15 264 1
15 299 1
15 328 1
15 330 1
15 336 1
15 347 1
15 355 1
15 395 1
15 405 1
15 412 1
15 424 1
15 432 1
15 467 1
15 502 1
15 505 1
15 509 1
15 564 1
15 574 1
15 583 1
15 666 1
15 692 1
15 697 1
15 702 1
15 724 1
15 730 1
15 743 1
15 769 1
15 772 1
15 892 1
15 896 1
15 900 1
15 920 1
15 957 1
15 969 1
15 991 1
15 999 1
16 24 1
16 53 1
16 69 1
16 110 1
16 121 1
16 131 1
16 169 1
16 190 1
16 197 1
16 207 1
16 225 1
16 294 1
16 300 1
16 341 1
16 364 1
16 373 1
16 439 1
16 536 1
16 551 1
16 650 1
16 682 1
16 708 1
17 19 1
17 22 1
17 26 1
17 27 1
17 37 1
17 43 1
17 48 1
17 58 1
17 59 1
17 61 1
17 68 1
17 87 1
17 112 1
17 139 1
17 173 1
17 210 1
17 223 1
17 235 1
17 317 1
17 325 1
17 347 1
17 350 1
17 353 1
17 375 1
17 451 1
17 455 1
17 557 1
17 613 1
17 690 1
17 730 1
17 764 1
17 885 1
17 972 1
17 992 1
18 20 1
18 29 1
18 32 1
18 38 1
18 48 1
18 55 1
18 76 1
18 98 1
18 136 1
18 149 1
18 158 1
18 184 1
18 381 1
18 385 1
18 417 1
18 443 1
18 482 1
18 516 1
18 532 1
18 591 1
18 606 1
18 635 1
18 646 1
18 681 1
18 735 1
18 778 1
18 782 1
18 787 1
18 796 1
18 814 1
18 908 1
18 928 1
18 936 1
19 21 1
19 24 1
19 37 1
19 64 1
19 67 1
19 69 1
19 73 1
19 86 1
19 87 1
19 88 1
19 115 1
19 121 1
19 153 1
19 167 1
19 174 1
19 284 1
19 286 1
19 298 1
19 307 1
19 310 1
19 435 1
19 446 1
19 466 1
19 472 1
19 492 1
19 499 1
19 526 1
19 541 1
19 550 1
19 582 1
19 614 1
19 641 1
19 671 1
19 691 1
19 702 1
19 741 1
19 864 1
19 913 1
19 929 1
19 960 1
19 984 1
20 23 1
20 46 1
20 54 1
20 56 1
20 80 1
20 87 1
20 117 1
20 119 1
20 143 1
20 146 1
20 147 1
20 152 1
20 171 1
20 172 1
20 212 1
20 238 1
20 294 1
20 304 1
20 321 1
20 327 1
20 346 1
20 378 1
20 392 1
20 422 1
20 448 1
20 485 1
20 490 1
20 530 1
20 532 1
20 581 1
20 587 1
20 607 1
20 629 1
20 704 1
20 717 1
20 722 1
20 796 1
20 932 1
20 956 1
20 996 1
21 32 1
21 39 1
21 96 1
21 122 1
21 201 1
21 205 1
21 215 1
21 219 1
21 273 1
21 331 1
21 342 1
21 355 1
21 401 1
21 415 1
21 544 1
21 645 1
21 707 1
21 758 1
21 817 1
21 827 1
21 853 1
21 865 1
21 949 1
21 992 1
22 24 1
22 27 1
22 29 1
22 30 1
22 34 1
22 36 1
22 50 1
22 54 1
22 57 1
22 70 1
22 76 1
22 87 1
22 95 1
22 101 1
22 106 1
22 107 1
22 114 1
22 125 1
22 127 1
22 130 1
22 139 1
22 144 1
22 149 1
22 165 1
22 168 1
22 173 1
22 203 1
22 213 1
22 230 1
22 240 1
22 253 1
22 273 1
22 291 1
22 324 1
22 334 1
22 339 1
22 404 1
22 498 1
22 543 1
22 563 1
22 572 1
22 591 1
22 683 1
22 739 1
22 747 1
22 825 1
22 845 1
22 854 1
22 856 1
22 866 1
22 943 1
22 996 1
23 216 1
23 267 1
23 446 1
23 538 1
23 719 1
23 882 1
23 938 1
24 33 1
24 40 1
24 42 1
24 51 1
24 97 1
24 126 1
24 130 1
24 134 1
24 135 1
24 154 1
24 165 1
24 190 1
24 214 1
24 221 1
24 227 1
24 273 1
24 279 1
24 290 1
24 301 1
24 310 1
24 371 1
24 383 1
24 386 1
24 398 1
24 455 1
24 473 1
24 558 1
24 591 1
24 799 1
24 887 1
24 936 1
24 942 1
24 974 1
24 985 1
25 40 1
25 41 1
25 50 1
25 55 1
25 56 1
25 69 1
25 77 1
25 110 1
25 131 1
25 133 1
25 173 1
25 183 1
25 218 1
25 244 1
25 246 1
25 254 1
25 327 1
25 341 1
25 424 1
25 436 1
25 471 1
25 498 1
25 635 1
25 644 1
25 834 1
25 938 1
25 941 1
26 30 1
26 99 1
26 131 1
26 141 1
26 164 1
26 201 1
26 235 1
26 239 1
26 246 1
26 363 1
26 458 1
26 461 1
26 516 1
26 607 1
26 719 1
26 783 1
27 31 1
27 63 1
27 114 1
27 232 1
27 244 1
27 260 1
27 270 1
27 277 1
27 291 1
27 302 1
27 309 1
27 322 1
27 392 1
27 428 1
27 430 1
27 498 1
27 506 1
27 510 1
27 529 1
27 668 1
27 683 1
27 744 1
27 785 1
27 903 1
27 937 1
27 943 1
27 953 1
27 970 1
27 985 1
28 44 1
28 45 1
28 53 1
28 63 1
28 80 1
28 83 1
28 97 1
28 110 1
28 124 1
28 148 1
28 168 1
28 187 1
28 281 1
28 284 1
28 296 1
28 332 1
28 343 1
28 359 1
28 381 1
28 428 1
28 429 1
28 447 1
28 459 1
28 466 1
28 601 1
28 615 1
28 689 1
28 775 1
28 819 1
28 903 1
28 909 1
28 913 1
28 931 1
28 948 1
28 964 1
28 996 1
29 40 1
29 52 1
29 65 1
29 71 1
29 82 1
29 96 1
29 100 1
29 127 1
29 140 1
29 157 1
29 160 1
29 167 1
29 194 1
29 253 1
29 314 1
29 320 1
29 431 1
29 438 1
29 518 1
29 538 1
29 647 1
29 839 1
29 892 1
30 35 1
30 43 1
30 48 1
30 49 1
30 59 1
30 79 1
30 83 1
30 91 1
30 106 1
30 111 1
30 149 1
30 152 1
30 174 1
30 183 1
30 206 1
30 222 1
30 360 1
30 410 1
30 471 1
30 472 1
30 541 1
30 550 1
30 574 1
30 631 1
30 653 1
30 695 1
30 712 1
30 728 1
30 757 1
30 772 1
30 780 1
30 809 1
30 815 1
30 840 1
30 847 1
30 954 1
30 959 1
31 34 1
31 37 1
31 40 1
31 63 1
31 70 1
31 84 1
31 85 1
31 89 1
31 95 1
31 97 1
31 120 1
31 134 1
31 138 1
31 142 1
31 231 1
31 309 1
31 329 1
31 345 1
31 457 1
31 481 1
31 494 1
31 510 1
31 532 1
31 563 1
31 567 1
31 584 1
31 588 1
31 599 1
31 640 1
31 723 1
31 749 1
31 908 1
31 931 1
31 987 1
32 45 1
32 66 1
32 93 1
32 142 1
32 185 1
32 187 1
32 232 1
32 277 1
32 707 1
32 874 1
32 887 1
32 906 1
32 919 1
33 38 1
33 54 1
33 58 1
33 80 1
33 124 1
33 140 1
33 148 1
33 150 1
33 181 1
33 230 1
33 239 1
33 246 1
33 257 1
33 259 1
33 284 1
33 315 1
33 521 1
33 545 1
33 602 1
33 631 1
33 675 1
33 878 1
33 896 1
33 920 1
33 923 1
33 955 1
34 35 1
34 44 1
34 45 1
34 49 1
34 59 1
34 64 1
34 70 1
34 95 1
34 133 1
34 140 1
34 146 1
34 162 1
34 198 1
34 225 1
34 297 1
34 317 1
34 318 1
34 394 1
34 414 1
34 441 1
34 464 1
34 503 1
34 553 1
34 562 1
34 568 1
34 573 1
34 620 1
34 633 1
34 655 1
34 659 1
34 690 1
34 691 1
34 759 1
34 942 1
35 44 1
35 65 1
35 73 1
35 116 1
35 117 1
35 158 1
35 160 1
35 166 1
35 217 1
35 255 1
35 258 1
35 275 1
35 297 1
35 316 1
35 348 1
35 367 1
35 374 1
35 384 1
35 453 1
35 513 1
35 525 1
35 632 1
35 671 1
35 785 1
35 835 1
35 912 1
35 934 1
35 961 1
36 39 1
36 47 1
36 62 1
36 67 1
36 71 1
36 108 1
36 128 1
36 171 1
36 177 1
36 505 1
36 560 1
36 565 1
36 574 1
36 612 1
36 711 1
36 716 1
36 917 1
36 963 1
36 986 1
37 82 1
37 85 1
37 130 1
37 139 1
37 154 1
37 199 1
37 222 1
37 225 1
37 228 1
37 251 1
37 351 1
37 356 1
37 413 1
37 434 1
37 439 1
37 456 1
37 560 1
37 565 1
37 621 1
37 692 1
37 703 1
37 759 1
37 767 1
37 768 1
37 838 1
37 891 1
37 926 1
37 974 1
37 993 1
38 52 1
38 74 1
38 88 1
38 89 1
38 96 1
38 105 1
38 118 1
38 141 1
38 231 1
38 236 1
38 271 1
38 361 1
38 480 1
38 564 1
38 589 1
38 709 1
38 780 1
38 814 1
38 835 1
38 838 1
39 42 1
39 51 1
39 52 1
39 59 1
39 70 1
39 86 1
39 94 1
39 158 1
39 172 1
39 221 1
39 240 1
39 257 1
39 259 1
39 265 1
39 282 1
39 300 1
39 325 1
39 514 1
39 527 1
39 615 1
39 636 1
39 750 1
39 788 1
39 871 1
39 883 1
39 905 1
39 922 1
39 945 1
40 41 1
40 49 1
40 74 1
40 120 1
40 141 1
40 142 1
40 145 1
40 197 1
40 222 1
40 250 1
40 259 1
40 306 1
40 350 1
40 421 1
40 431 1
40 438 1
40 440 1
40 635 1
40 742 1
40 758 1
40 1000 1
41 60 1
41 91 1
41 179 1
41 264 1
41 295 1
41 561 1
41 725 1
41 748 1
41 753 1
41 829 1
42 90 1
42 122 1
42 146 1
42 157 1
42 183 1
42 221 1
42 286 1
42 303 1
42 354 1
42 433 1
42 535 1
42 606 1
42 632 1
42 658 1
42 849 1
42 856 1
42 883 1
42 976 1
43 56 1
43 62 1
43 64 1
43 71 1
43 84 1
43 118 1
43 130 1
43 155 1
43 196 1
43 266 1
43 268 1
43 279 1
43 362 1
43 403 1
43 416 1
43 471 1
43 472 1
43 568 1
43 593 1
43 662 1
43 724 1
43 786 1
43 853 1
43 918 1
43 966 1
43 997 1
43 998 1
43 999 1
44 55 1
44 69 1
44 80 1
44 83 1
44 93 1
44 105 1
44 120 1
44 133 1
44 227 1
44 286 1
44 404 1
44 426 1
44 436 1
44 499 1
44 524 1
44 578 1
44 638 1
44 646 1
44 798 1
45 54 1
45 97 1
45 99 1
45 105 1
45 154 1
45 164 1
45 181 1
45 184 1
45 247 1
45 251 1
45 326 1
45 413 1
45 417 1
45 432 1
45 437 1
45 465 1
45 522 1
45 693 1
45 740 1
45 757 1
45 803 1
45 807 1
45 875 1
45 936 1
45 956 1
45 968 1
46 58 1
46 62 1
46 177 1
46 236 1
46 253 1
46 285 1
46 314 1
46 323 1
46 325 1
46 379 1
46 391 1
46 402 1
46 455 1
46 469 1
46 474 1
46 494 1
46 763 1
46 923 1
46 937 1
46 948 1
46 988 1
47 77 1
47 103 1
47 119 1
47 145 1
47 185 1
47 229 1
47 264 1
47 534 1
47 715 1
47 896 1
48 50 1
48 82 1
48 128 1
48 166 1
48 180 1
48 185 1
48 188 1
48 192 1
48 226 1
48 254 1
48 255 1
48 371 1
48 373 1
48 397 1
48 564 1
48 607 1
48 801 1
48 802 1
48 833 1
48 844 1
48 879 1
48 930 1
48 970 1
48 980 1
49 58 1
49 61 1
49 67 1
49 78 1
49 81 1
49 82 1
49 132 1
49 176 1
49 188 1
49 211 1
49 237 1
49 243 1
49 265 1
49 271 1
49 276 1
49 279 1
49 289 1
49 366 1
49 388 1
49 402 1
49 413 1
49 432 1
49 458 1
49 461 1
49 495 1
49 548 1
49 598 1
49 663 1
49 696 1
49 709 1
49 741 1
49 754 1
49 837 1
49 848 1
49 855 1
49 870 1
49 895 1
49 928 1
49 929 1
49 958 1
49 959 1
50 57 1
50 103 1
50 148 1
50 200 1
50 293 1
50 372 1
50 411 1
50 440 1
50 449 1
50 486 1
50 487 1
50 559 1
50 569 1
50 648 1
51 81 1
51 137 1
51 148 1
51 162 1
51 211 1
51 251 1
51 281 1
51 292 1
51 361 1
51 377 1
51 405 1
51 410 1
51 494 1
51 500 1
51 585 1
51 591 1
51 592 1
51 597 1
51 648 1
51 661 1
51 669 1
51 689 1
51 745 1
51 750 1
51 752 1
51 774 1
51 819 1
51 827 1
51 894 1
51 978 1
52 60 1
52 75 1
52 226 1
52 236 1
52 267 1
52 282 1
52 444 1
52 515 1
52 666 1
52 680 1
52 710 1
52 827 1
53 63 1
53 77 1
53 102 1
53 115 1
53 125 1
53 168 1
53 175 1
53 218 1
53 262 1
53 317 1
53 376 1
53 405 1
53 430 1
53 432 1
53 451 1
53 773 1
53 806 1
53 868 1
53 952 1
53 999 1
54 66 1
54 70 1
54 74 1
54 78 1
54 80 1
54 92 1
54 120 1
54 126 1
54 136 1
54 138 1
54 148 1
54 154 1
54 176 1
54 208 1
54 210 1
54 238 1
54 258 1
54 295 1
54 336 1
54 337 1
54 339 1
54 342 1
54 363 1
54 384 1
54 387 1
54 408 1
54 413 1
54 415 1
54 421 1
54 426 1
54 429 1
54 452 1
54 497 1
54 530 1
54 566 1
54 600 1
54 686 1
54 690 1
54 715 1
54 724 1
54 740 1
54 772 1
54 828 1
54 837 1
54 861 1
54 922 1
54 937 1
55 88 1
55 127 1
55 209 1
55 456 1
55 472 1
55 928 1
56 67 1
56 90 1
56 99 1
56 111 1
56 113 1
56 153 1
56 166 1
56 198 1
56 202 1
56 241 1
56 249 1
56 321 1
56 370 1
56 373 1
56 401 1
56 414 1
56 427 1
56 551 1
56 590 1
56 653 1
56 666 1
56 687 1
56 692 1
56 699 1
56 710 1
56 726 1
56 851 1
56 951 1
56 961 1
56 975 1
57 91 1
57 151 1
57 172 1
57 182 1
57 183 1
57 184 1
57 255 1
57 262 1
57 273 1
57 282 1
57 301 1
57 306 1
57 347 1
57 374 1
57 451 1
57 507 1
57 636 1
57 661 1
57 700 1
57 741 1
57 791 1
57 880 1
57 927 1
57 937 1
58 83 1
58 105 1
58 140 1
58 245 1
58 256 1
58 274 1
58 310 1
58 340 1
58 359 1
58 395 1
58 397 1
58 429 1
58 437 1
58 442 1
58 476 1
58 489 1
58 536 1
58 560 1
58 616 1
58 632 1
58 633 1
58 649 1
58 651 1
58 660 1
58 686 1
58 691 1
58 828 1
58 914 1
58 944 1
59 72 1
59 110 1
59 136 1
59 144 1
59 206 1
59 245 1
59 345 1
59 369 1
59 447 1
59 521 1
59 527 1
59 599 1
59 604 1
59 611 1
59 654 1
59 714 1
59 921 1
60 232 1
60 353 1
60 368 1
61 86 1
61 184 1
61 219 1
61 353 1
61 414 1
61 477 1
61 623 1
61 701 1
61 822 1
61 917 1
62 75 1
62 98 1
62 137 1
62 304 1
62 328 1
62 369 1
62 496 1
62 566 1
62 580 1
62 593 1
62 636 1
62 703 1
62 722 1
62 733 1
63 108 1
63 121 1
63 129 1
63 135 1
63 178 1
63 193 1
63 232 1
63 234 1
63 243 1
63 252 1
63 270 1
63 327 1
63 403 1
63 425 1
63 426 1
63 477 1
63 526 1
63 613 1
63 656 1
63 699 1
63 716 1
63 795 1
63 800 1
63 824 1
63 825 1
63 989 1
64 286 1
64 309 1
64 582 1
64 818 1
65 94 1
65 100 1
65 209 1
65 234 1
65 308 1
65 356 1
65 422 1
65 474 1
65 608 1
65 708 1
65 795 1
65 971 1
65 979 1
65 992 1
66 73 1
66 103 1
66 113 1
66 122 1
66 123 1
66 202 1
66 264 1
66 270 1
66 281 1
66 284 1
66 393 1
66 434 1
66 521 1
66 544 1
66 614 1
66 742 1
66 796 1
66 977 1
67 84 1
67 110 1
67 116 1
67 124 1
67 126 1
67 135 1
67 145 1
67 161 1
67 228 1
67 245 1
67 349 1
67 355 1
67 357 1
67 366 1
67 372 1
67 379 1
67 393 1
67 442 1
67 450 1
67 463 1
67 470 1
67 512 1
67 611 1
67 629 1
67 634 1
67 637 1
67 659 1
67 673 1
67 678 1
67 697 1
67 716 1
67 736 1
67 857 1
67 888 1
67 945 1
67 969 1
67 971 1
68 112 1
68 123 1
68 139 1
68 142 1
68 163 1
68 205 1
68 226 1
68 261 1
68 264 1
68 460 1
68 462 1
68 545 1
68 662 1
68 836 1
68 930 1
68 954 1
68 982 1
69 149 1
69 190 1
69 196 1
69 322 1
69 366 1
69 465 1
69 496 1
69 787 1
69 809 1
69 910 1
69 959 1
69 995 1
70 83 1
70 99 1
70 177 1
70 195 1
70 200 1
70 261 1
70 287 1
70 331 1
70 586 1
70 615 1
70 627 1
70 843 1
70 860 1
70 972 1
71 350 1
71 368 1
71 713 1
71 728 1
71 771 1
71 872 1
72 84 1
72 214 1
72 387 1
72 475 1
72 612 1
72 680 1
73 76 1
73 102 1
73 132 1
73 168 1
73 252 1
73 269 1
73 427 1
73 727 1
73 904 1
74 79 1
74 86 1
74 92 1
74 134 1
74 216 1
74 228 1
74 247 1
74 266 1
74 276 1
74 295 1
74 303 1
74 333 1
74 342 1
74 376 1
74 407 1
74 445 1
74 463 1
74 470 1
74 579 1
74 583 1
74 707 1
74 713 1
74 720 1
74 752 1
74 770 1
74 876 1
74 877 1
74 904 1
74 905 1
74 918 1
75 165 1
75 170 1
75 180 1
75 220 1
75 309 1
75 428 1
75 445 1
75 750 1
75 858 1
76 89 1
76 107 1
76 122 1
76 128 1
76 132 1
76 134 1
76 197 1
76 246 1
76 274 1
76 340 1
76 380 1
76 422 1
76 439 1
76 501 1
76 513 1
76 695 1
76 737 1
76 753 1
76 779 1
76 821 1
76 831 1
76 840 1
76 891 1
76 947 1
76 966 1
76 981 1
76 991 1
77 90 1
77 145 1
77 161 1
77 188 1
77 211 1
77 248 1
77 257 1
77 402 1
77 415 1
77 447 1
77 668 1
77 830 1
78 81 1
78 194 1
78 360 1
78 636 1
78 852 1
78 986 1
79 90 1
79 109 1
79 129 1
79 192 1
79 203 1
79 227 1
79 228 1
79 254 1
79 267 1
79 269 1
79 295 1
79 352 1
79 357 1
79 484 1
79 503 1
79 522 1
79 571 1
79 581 1
79 620 1
79 628 1
79 653 1
79 762 1
79 822 1
79 843 1
79 878 1
80 89 1
80 124 1
80 159 1
80 213 1
80 220 1
80 315 1
80 364 1
80 378 1
80 411 1
80 444 1
80 663 1
80 703 1
80 725 1
80 983 1
81 86 1
81 102 1
81 106 1
81 108 1
81 147 1
81 187 1
81 191 1
81 210 1
81 227 1
81 244 1
81 258 1
81 262 1
81 273 1
81 280 1
81 325 1
81 335 1
81 471 1
81 672 1
81 722 1
81 754 1
81 823 1
81 875 1
81 945 1
82 109 1
82 182 1
82 219 1
82 234 1
82 268 1
82 449 1
82 480 1
82 641 1
82 646 1
82 886 1
82 944 1
83 120 1
83 150 1
83 166 1
83 271 1
83 736 1
83 963 1
83 997 1
84 92 1
84 101 1
84 175 1
84 395 1
84 486 1
84 514 1
84 536 1
84 576 1
84 638 1
84 687 1
84 725 1
84 779 1
84 780 1
84 834 1
84 935 1
84 974 1
84 978 1
85 113 1
85 131 1
85 238 1
85 329 1
85 647 1
85 735 1
85 951 1
86 134 1
86 144 1
86 150 1
86 220 1
86 270 1
86 369 1
86 448 1
86 478 1
86 485 1
86 733 1
86 833 1
86 843 1
87 172 1
87 205 1
87 391 1
87 509 1
87 595 1
87 599 1
87 627 1
87 658 1
87 713 1
87 829 1
87 872 1
88 94 1
88 101 1
88 117 1
88 175 1
88 199 1
88 217 1
88 229 1
88 247 1
88 275 1
88 389 1
88 424 1
88 445 1
88 457 1
88 467 1
88 478 1
88 486 1
88 508 1
88 569 1
88 570 1
88 670 1
88 678 1
88 679 1
88 749 1
88 765 1
88 857 1
88 873 1
88 934 1
88 939 1
88 996 1
88 1000 1
89 150 1
89 475 1
89 521 1
89 659 1
89 678 1
89 711 1
89 951 1
90 104 1
90 147 1
90 302 1
91 101 1
91 141 1
91 225 1
91 377 1
91 395 1
91 458 1
91 620 1
91 828 1
91 937 1
92 157 1
92 192 1
92 218 1
92 245 1
92 263 1
92 287 1
92 293 1
92 296 1
92 311 1
92 342 1
92 353 1
92 431 1
92 813 1
92 815 1
93 113 1
93 152 1
93 159 1
93 167 1
93 179 1
93 233 1
93 265 1
93 299 1
93 321 1
93 346 1
93 385 1
93 530 1
93 609 1
93 744 1
93 849 1
93 850 1
93 866 1
93 894 1
93 955 1
94 319 1
94 341 1
94 365 1
94 381 1
94 514 1
94 640 1
94 757 1
94 897 1
95 106 1
95 125 1
95 175 1
95 191 1
95 214 1
95 233 1
95 234 1
95 285 1
95 301 1
95 394 1
95 429 1
95 444 1
95 450 1
95 501 1
95 518 1
95 561 1
95 671 1
95 684 1
95 707 1
95 797 1
96 174 1
96 188 1
96 442 1
96 487 1
96 531 1
96 583 1
96 603 1
96 692 1
96 708 1
96 814 1
96 825 1
96 832 1
96 964 1
96 981 1
97 102 1
97 122 1
97 257 1
97 280 1
97 330 1
97 333 1
97 406 1
97 457 1
97 490 1
97 545 1
97 581 1
97 609 1
97 666 1
97 678 1
97 781 1
97 813 1
97 929 1
97 961 1
98 511 1
99 100 1
99 102 1
99 106 1
99 129 1
99 172 1
99 196 1
99 237 1
99 274 1
99 425 1
99 431 1
99 435 1
99 460 1
99 520 1
99 525 1
99 554 1
99 577 1
99 584 1
99 587 1
99 619 1
99 660 1
99 870 1
99 955 1
100 125 1
100 136 1
100 138 1
100 139 1
100 226 1
100 235 1
100 302 1
100 329 1
100 483 1
100 787 1
100 901 1
101 115 1
101 215 1
101 237 1
101 409 1
101 468 1
101 554 1
101 598 1
101 656 1
101 684 1
101 794 1
101 832 1
101 987 1
102 214 1
102 315 1
102 368 1
102 491 1
102 557 1
102 704 1
102 749 1
103 176 1
103 241 1
103 250 1
103 306 1
103 412 1
103 519 1
103 525 1
103 530 1
103 552 1
103 911 1
104 128 1
104 144 1
104 350 1
104 432 1
104 475 1
104 686 1
104 746 1
104 860 1
105 117 1
105 119 1
105 141 1
105 155 1
105 159 1
105 168 1
105 218 1
105 287 1
105 324 1
105 332 1
105 349 1
105 377 1
105 542 1
105 565 1
105 692 1
105 792 1
105 841 1
106 324 1
106 384 1
106 397 1
106 458 1
106 519 1
106 620 1
106 623 1
106 753 1
106 762 1
106 869 1
106 890 1
106 933 1
106 940 1
107 111 1
107 118 1
107 121 1
107 299 1
107 311 1
107 326 1
107 365 1
107 454 1
107 578 1
107 584 1
107 599 1
107 628 1
107 884 1
107 988 1
108 109 1
108 119 1
108 128 1
108 233 1
108 285 1
108 296 1
108 298 1
108 299 1
108 372 1
108 379 1
108 397 1
108 411 1
108 454 1
108 559 1
108 657 1
108 683 1
108 695 1
108 764 1
108 787 1
108 877 1
108 902 1
109 152 1
109 194 1
109 238 1
109 241 1
109 778 1
109 821 1
110 149 1
110 180 1
110 185 1
110 189 1
110 237 1
110 243 1
110 271 1
110 280 1
110 309 1
110 383 1
110 449 1
110 899 1
111 187 1
111 234 1
111 345 1
111 400 1
111 402 1
111 500 1
111 540 1
111 667 1
111 729 1
111 802 1
111 862 1
111 916 1
112 118 1
112 135 1
112 155 1
112 176 1
112 182 1
112 186 1
112 252 1
112 280 1
112 284 1
112 286 1
112 303 1
112 320 1
112 322 1
112 402 1
112 497 1
112 616 1
112 625 1
112 647 1
112 749 1
112 798 1
112 909 1
113 368 1
114 384 1
114 390 1
114 955 1
115 129 1
115 987 1
116 169 1
116 207 1
116 223 1
116 280 1
116 398 1
116 401 1
116 462 1
116 481 1
116 533 1
116 558 1
116 592 1
116 601 1
116 702 1
117 174 1
117 314 1
117 328 1
117 477 1
117 529 1
117 674 1
117 766 1
117 811 1
117 829 1
117 842 1
117 902 1
117 938 1
118 207 1
118 222 1
118 382 1
118 479 1
118 652 1
118 984 1
119 137 1
119 158 1
119 407 1
119 500 1
119 631 1
119 698 1
119 963 1
120 201 1
120 300 1
120 319 1
120 375 1
120 382 1
120 454 1
120 511 1
120 630 1
120 660 1
120 665 1
120 682 1
120 704 1
120 709 1
120 732 1
120 748 1
120 761 1
120 769 1
120 851 1
120 865 1
121 215 1
121 370 1
121 649 1
122 195 1
122 248 1
122 388 1
122 586 1
122 980 1
123 132 1
123 154 1
123 157 1
123 278 1
123 336 1
123 351 1
123 632 1
123 750 1
123 823 1
124 130 1
124 189 1
124 422 1
124 455 1
124 513 1
124 648 1
125 151 1
125 224 1
125 328 1
125 346 1
125 438 1
125 497 1
125 596 1
125 781 1
126 165 1
126 192 1
126 477 1
126 494 1
126 518 1
126 572 1
126 757 1
126 924 1
127 155 1
127 158 1
127 424 1
127 598 1
127 811 1
128 199 1
128 290 1
128 358 1
128 524 1
128 684 1
128 773 1
128 775 1
128 823 1
129 156 1
129 220 1
129 310 1
129 356 1
129 486 1
129 871 1
130 142 1
130 162 1
130 192 1
130 203 1
130 212 1
130 240 1
130 291 1
130 294 1
130 392 1
130 459 1
130 467 1
130 604 1
130 629 1
130 715 1
130 804 1
130 880 1
132 188 1
132 307 1
132 459 1
132 480 1
132 844 1
132 858 1
133 418 1
133 443 1
133 596 1
134 161 1
134 170 1
134 298 1
134 334 1
134 542 1
134 798 1
134 823 1
134 890 1
135 223 1
135 255 1
135 357 1
135 456 1
135 560 1
135 938 1
136 170 1
136 335 1
136 413 1
137 189 1
137 195 1
137 289 1
137 320 1
137 450 1
138 146 1
138 226 1
138 536 1
138 558 1
138 654 1
139 198 1
139 222 1
139 238 1
139 297 1
139 344 1
139 434 1
139 778 1
139 793 1
139 940 1
140 242 1
140 572 1
141 164 1
141 570 1
141 816 1
142 778 1
142 839 1
143 147 1
143 151 1
143 156 1
143 186 1
143 200 1
143 217 1
143 233 1
143 250 1
143 263 1
143 293 1
143 342 1
143 356 1
143 392 1
143 393 1
143 444 1
143 507 1
143 553 1
143 564 1
143 602 1
143 855 1
143 869 1
143 886 1
143 911 1
143 983 1
143 1000 1
144 171 1
144 330 1
144 345 1
144 350 1
144 465 1
144 579 1
144 868 1
145 204 1
145 364 1
145 545 1
146 191 1
146 329 1
146 409 1
146 433 1
146 675 1
146 848 1
146 942 1
146 968 1
147 329 1
147 371 1
147 412 1
147 520 1
147 549 1
147 588 1
147 669 1
147 911 1
147 938 1
148 150 1
148 162 1
148 199 1
148 327 1
148 338 1
148 645 1
149 151 1
149 278 1
149 435 1
149 551 1
149 944 1
149 959 1
150 155 1
150 165 1
150 184 1
150 300 1
150 481 1
150 488 1
150 776 1
150 818 1
150 977 1
151 227 1
151 387 1
151 538 1
151 553 1
151 608 1
151 626 1
151 709 1
151 802 1
151 876 1
151 932 1
151 982 1
152 156 1
152 231 1
152 641 1
152 663 1
152 864 1
152 932 1
153 202 1
153 409 1
153 654 1
154 320 1
154 390 1
154 420 1
154 717 1
154 910 1
154 984 1
155 209 1
155 221 1
155 559 1
156 178 1
156 221 1
156 262 1
156 327 1
156 354 1
156 358 1
156 408 1
156 453 1
156 624 1
156 669 1
156 699 1
156 722 1
156 747 1
156 775 1
156 805 1
156 812 1
156 931 1
157 602 1
157 649 1
157 770 1
158 195 1
158 290 1
158 440 1
158 642 1
159 164 1
159 198 1
159 204 1
159 248 1
159 334 1
159 344 1
159 391 1
159 676 1
159 818 1
159 831 1
159 834 1
160 249 1
160 332 1
160 340 1
160 369 1
160 389 1
160 490 1
160 563 1
160 864 1
160 874 1
160 928 1
161 167 1
161 210 1
161 248 1
161 319 1
161 363 1
161 441 1
161 451 1
161 689 1
161 760 1
161 889 1
162 194 1
162 269 1
162 354 1
162 543 1
162 740 1
162 801 1
163 355 1
163 551 1
163 622 1
163 679 1
163 884 1
163 1000 1
164 205 1
164 219 1
164 278 1
164 344 1
164 369 1
164 479 1
164 487 1
164 689 1
164 760 1
164 893 1
164 996 1
165 186 1
165 189 1
165 229 1
165 283 1
165 328 1
165 657 1
165 775 1
165 851 1
166 391 1
166 409 1
166 551 1
166 609 1
166 651 1
166 658 1
166 765 1
166 841 1
166 889 1
166 910 1
166 949 1
167 181 1
167 334 1
167 804 1
167 862 1
168 206 1
168 209 1
168 412 1
168 621 1
168 761 1
168 791 1
168 923 1
169 240 1
169 592 1
169 694 1
169 974 1
170 207 1
170 213 1
170 515 1
170 537 1
170 737 1
170 746 1
170 767 1
170 832 1
171 211 1
171 253 1
171 267 1
171 338 1
171 457 1
171 507 1
171 510 1
171 681 1
171 739 1
171 774 1
171 851 1
171 932 1
172 211 1
172 523 1
172 970 1
173 243 1
173 311 1
173 378 1
173 458 1
173 493 1
173 577 1
174 195 1
174 198 1
174 249 1
174 304 1
174 430 1
174 449 1
174 536 1
174 637 1
174 979 1
175 988 1
176 177 1
176 178 1
176 230 1
176 281 1
176 339 1
176 393 1
176 507 1
176 589 1
176 688 1
176 710 1
176 717 1
176 731 1
176 880 1
177 181 1
177 182 1
177 263 1
177 285 1
177 290 1
177 302 1
177 308 1
177 339 1
177 356 1
177 472 1
177 577 1
177 657 1
177 726 1
177 804 1
178 290 1
178 396 1
178 456 1
178 549 1
178 688 1
178 807 1
179 203 1
179 212 1
179 268 1
179 352 1
180 274 1
180 372 1
181 194 1
181 820 1
181 973 1
182 225 1
182 297 1
182 347 1
182 370 1
182 388 1
182 440 1
182 578 1
182 586 1
182 751 1
182 790 1
183 315 1
183 453 1
183 520 1
183 562 1
183 752 1
183 838 1
184 212 1
184 242 1
184 250 1
184 265 1
184 293 1
184 378 1
184 410 1
184 449 1
184 501 1
184 772 1
184 952 1
185 228 1
185 235 1
185 394 1
185 607 1
185 754 1
186 352 1
186 739 1
187 386 1
187 409 1
187 867 1
188 337 1
188 468 1
188 535 1
188 580 1
188 820 1
188 914 1
188 918 1
189 193 1
189 201 1
189 367 1
189 537 1
189 577 1
189 914 1
189 969 1
190 696 1
190 745 1
190 878 1
191 232 1
191 253 1
191 254 1
191 460 1
191 529 1
191 679 1
191 784 1
191 915 1
192 348 1
192 414 1
192 429 1
192 436 1
192 488 1
192 625 1
192 745 1
192 821 1
192 950 1
193 260 1
193 343 1
193 394 1
194 219 1
194 418 1
194 480 1
194 484 1
194 485 1
194 517 1
194 567 1
194 600 1
194 612 1
194 682 1
194 849 1
194 883 1
194 897 1
194 943 1
196 205 1
196 247 1
196 277 1
196 305 1
196 518 1
196 728 1
197 208 1
197 424 1
197 479 1
197 547 1
197 778 1
197 940 1
198 243 1
198 246 1
198 652 1
198 780 1
198 795 1
198 875 1
199 237 1
199 426 1
199 463 1
199 493 1
199 504 1
199 583 1
199 645 1
199 924 1
199 964 1
200 213 1
200 292 1
200 308 1
200 322 1
200 335 1
200 376 1
200 385 1
200 408 1
200 591 1
200 618 1
200 729 1
201 256 1
201 482 1
201 534 1
201 768 1
201 830 1
201 864 1
202 261 1
202 375 1
202 474 1
203 223 1
203 267 1
203 268 1
203 317 1
203 614 1
203 830 1
203 943 1
203 998 1
204 442 1
204 496 1
204 500 1
204 755 1
204 788 1
205 289 1
205 583 1
205 652 1
205 813 1
205 882 1
206 217 1
206 230 1
206 313 1
206 341 1
206 372 1
206 406 1
206 504 1
206 901 1
206 948 1
206 966 1
206 973 1
207 258 1
207 293 1
207 544 1
207 564 1
207 582 1
207 612 1
207 627 1
207 674 1
207 953 1
208 279 1
208 462 1
208 611 1
208 651 1
208 668 1
208 677 1
208 745 1
209 288 1
209 590 1
209 721 1
209 873 1
210 239 1
210 492 1
210 587 1
210 856 1
210 936 1
211 216 1
211 260 1
211 298 1
211 358 1
211 512 1
211 776 1
212 230 1
212 278 1
212 470 1
212 630 1
212 768 1
213 385 1
213 595 1
213 601 1
213 789 1
213 806 1
214 241 1
214 537 1
214 694 1
214 904 1
215 292 1
215 300 1
215 446 1
215 491 1
215 512 1
215 533 1
216 270 1
216 344 1
216 383 1
216 605 1
216 819 1
216 974 1
217 223 1
217 771 1
217 816 1
218 557 1
218 905 1
219 400 1
219 548 1
219 965 1
220 305 1
220 598 1
220 618 1
220 801 1
220 924 1
221 258 1
221 259 1
221 272 1
221 304 1
221 437 1
221 454 1
221 491 1
221 546 1
221 617 1
221 792 1
221 892 1
222 244 1
222 255 1
222 298 1
222 539 1
222 540 1
222 797 1
222 863 1
222 881 1
223 330 1
223 534 1
224 239 1
224 252 1
224 266 1
224 362 1
224 406 1
224 433 1
224 484 1
224 665 1
224 756 1
224 767 1
224 965 1
225 380 1
225 569 1
226 301 1
226 416 1
226 542 1
226 644 1
227 305 1
227 727 1
227 982 1
228 351 1
228 836 1
228 860 1
229 250 1
229 331 1
229 718 1
229 957 1
230 398 1
230 444 1
230 790 1
230 846 1
231 239 1
231 251 1
231 311 1
231 315 1
231 359 1
231 675 1
231 683 1
232 247 1
232 251 1
232 367 1
232 425 1
232 677 1
232 878 1
233 283 1
233 414 1
233 595 1
233 716 1
233 781 1
233 989 1
234 303 1
234 392 1
234 620 1
234 647 1
234 759 1
235 344 1
235 419 1
235 431 1
235 833 1
236 254 1
236 340 1
236 367 1
236 368 1
236 731 1
236 760 1
236 866 1
236 895 1
236 949 1
236 964 1
237 242 1
237 423 1
237 908 1
238 385 1
238 504 1
238 876 1
239 560 1
240 341 1
241 266 1
241 419 1
241 493 1
241 570 1
241 585 1
241 640 1
241 643 1
241 737 1
242 354 1
242 399 1
242 442 1
242 733 1
243 303 1
243 346 1
243 468 1
243 502 1
243 726 1
243 741 1
243 761 1
244 272 1
244 377 1
244 379 1
244 380 1
244 435 1
244 505 1
244 597 1
244 782 1
244 824 1
245 265 1
245 357 1
245 452 1
245 640 1
245 751 1
245 867 1
245 962 1
246 261 1
246 349 1
246 517 1
246 604 1
246 680 1
246 714 1
246 724 1
246 792 1
246 874 1
246 931 1
246 955 1
247 404 1
248 370 1
249 335 1
250 687 1
251 283 1
251 347 1
251 382 1
251 905 1
251 907 1
251 990 1
252 517 1
253 269 1
253 493 1
253 510 1
253 663 1
254 312 1
254 371 1
254 390 1
255 292 1
255 403 1
255 405 1
255 555 1
255 566 1
255 575 1
255 585 1
255 608 1
255 655 1
255 721 1
255 799 1
255 846 1
255 861 1
255 901 1
255 989 1
256 363 1
256 549 1
256 575 1
256 645 1
256 794 1
256 840 1
257 374 1
257 403 1
257 418 1
257 483 1
257 516 1
257 607 1
257 621 1
257 663 1
257 684 1
257 756 1
257 766 1
257 925 1
257 952 1
258 308 1
258 316 1
258 447 1
258 539 1
258 619 1
258 966 1
259 531 1
259 633 1
259 907 1
259 941 1
260 603 1
260 616 1
260 727 1
260 797 1
262 302 1
262 502 1
262 682 1
262 889 1
263 276 1
263 338 1
263 466 1
263 762 1
264 471 1
264 540 1
264 677 1
265 291 1
265 386 1
265 391 1
265 419 1
265 478 1
265 766 1
265 852 1
265 934 1
265 966 1
266 358 1
266 483 1
266 523 1
266 537 1
266 562 1
266 640 1
266 650 1
266 775 1
266 837 1
266 957 1
267 274 1
267 306 1
267 493 1
267 789 1
267 947 1
268 725 1
269 360 1
269 393 1
269 456 1
269 487 1
269 497 1
269 811 1
269 843 1
269 901 1
270 464 1
270 506 1
270 527 1
270 835 1
271 452 1
271 517 1
271 691 1
271 712 1
271 765 1
271 781 1
272 377 1
272 388 1
272 476 1
272 541 1
272 605 1
272 701 1
272 715 1
272 742 1
272 950 1
273 276 1
273 295 1
273 322 1
273 340 1
273 464 1
273 563 1
273 596 1
273 660 1
273 743 1
273 769 1
273 801 1
273 947 1
274 313 1
274 565 1
274 584 1
274 617 1
274 672 1
274 785 1
274 915 1
274 930 1
275 508 1
275 574 1
275 626 1
275 707 1
276 277 1
276 443 1
276 673 1
277 294 1
277 408 1
277 419 1
277 469 1
277 518 1
277 594 1
277 638 1
277 694 1
277 697 1
277 766 1
277 770 1
277 841 1
277 906 1
278 479 1
278 757 1
279 507 1
279 628 1
279 632 1
279 650 1
279 665 1
279 941 1
279 983 1
280 333 1
280 383 1
280 655 1
280 700 1
282 297 1
282 318 1
282 593 1
282 610 1
282 993 1
283 292 1
283 318 1
283 361 1
283 531 1
283 542 1
283 664 1
283 729 1
283 746 1
283 767 1
283 812 1
283 816 1
283 904 1
283 915 1
283 925 1
283 948 1
284 665 1
284 790 1
284 806 1
285 771 1
285 847 1
285 954 1
286 406 1
286 485 1
286 543 1
286 667 1
286 671 1
286 805 1
287 553 1
287 831 1
288 366 1
288 400 1
288 505 1
288 777 1
288 854 1
289 650 1
289 727 1
289 814 1
290 473 1
290 506 1
290 566 1
290 587 1
290 890 1
291 699 1
291 867 1
291 876 1
292 330 1
292 362 1
292 492 1
292 571 1
292 582 1
292 626 1
292 747 1
293 349 1
293 535 1
294 406 1
294 430 1
294 440 1
294 494 1
295 411 1
295 806 1
296 316 1
296 354 1
296 381 1
296 423 1
296 485 1
296 533 1
296 543 1
296 654 1
296 696 1
296 710 1
296 712 1
296 735 1
296 861 1
296 976 1
297 425 1
297 556 1
297 700 1
298 513 1
298 884 1
298 914 1
299 608 1
299 657 1
299 667 1
299 809 1
299 912 1
300 502 1
300 554 1
300 927 1
301 323 1
301 324 1
301 396 1
301 466 1
301 587 1
301 619 1
301 739 1
301 783 1
301 972 1
302 809 1
302 916 1
302 999 1
304 703 1
306 323 1
306 396 1
306 401 1
306 828 1
306 855 1
307 318 1
307 558 1
307 568 1
307 609 1
308 360 1
308 379 1
308 412 1
308 420 1
308 427 1
308 496 1
308 540 1
308 573 1
308 641 1
308 685 1
308 793 1
308 808 1
308 826 1
309 313 1
309 423 1
309 435 1
309 473 1
309 503 1
309 676 1
309 939 1
309 973 1
310 316 1
310 419 1
310 437 1
310 531 1
310 698 1
310 832 1
310 882 1
310 980 1
311 824 1
312 361 1
312 376 1
312 461 1
312 644 1
312 711 1
312 768 1
312 847 1
312 911 1
313 534 1
313 841 1
313 887 1
314 389 1
314 436 1
314 482 1
314 528 1
314 580 1
314 656 1
314 681 1
314 768 1
314 861 1
314 967 1
315 332 1
315 427 1
315 525 1
315 697 1
315 699 1
315 762 1
315 817 1
315 984 1
316 702 1
316 818 1
316 998 1
317 398 1
317 467 1
317 478 1
317 586 1
317 656 1
317 850 1
318 339 1
318 461 1
318 519 1
318 619 1
318 630 1
318 774 1
318 975 1
319 521 1
319 547 1
319 898 1
319 967 1
319 976 1
320 407 1
320 470 1
320 489 1
320 546 1
320 588 1
320 624 1
320 671 1
320 698 1
320 902 1
320 928 1
321 326 1
321 605 1
321 667 1
321 744 1
322 326 1
322 450 1
322 644 1
322 803 1
323 448 1
323 539 1
323 547 1
323 685 1
323 695 1
324 896 1
325 548 1
325 811 1
325 863 1
326 487 1
327 331 1
327 337 1
327 358 1
327 380 1
327 520 1
327 676 1
327 726 1
327 745 1
327 910 1
328 469 1
328 826 1
328 830 1
329 661 1
329 793 1
329 907 1
330 378 1
330 528 1
330 731 1
330 875 1
330 981 1
331 376 1
331 383 1
331 415 1
331 446 1
331 469 1
331 693 1
331 853 1
331 866 1
331 881 1
331 960 1
331 975 1
332 373 1
332 423 1
332 490 1
332 526 1
332 552 1
332 906 1
332 918 1
333 438 1
333 877 1
333 896 1
334 348 1
334 486 1
334 590 1
334 615 1
334 889 1
335 452 1
335 473 1
335 800 1
336 357 1
336 651 1
336 763 1
336 787 1
336 886 1
336 970 1
337 681 1
337 848 1
337 899 1
338 476 1
338 504 1
338 686 1
338 788 1
338 859 1
339 499 1
339 575 1
339 814 1
339 979 1
340 949 1
340 971 1
340 995 1
341 359 1
341 417 1
341 579 1
341 588 1
341 694 1
341 784 1
341 982 1
342 343 1
342 352 1
342 643 1
342 769 1
342 799 1
342 861 1
344 399 1
344 404 1
344 616 1
344 619 1
344 725 1
344 953 1
345 618 1
345 758 1
346 351 1
346 364 1
346 399 1
346 462 1
346 638 1
346 712 1
346 771 1
347 395 1
347 582 1
347 594 1
347 627 1
347 705 1
347 748 1
349 374 1
349 643 1
349 752 1
351 390 1
351 407 1
351 434 1
351 862 1
351 916 1
352 562 1
352 605 1
352 660 1
352 777 1
352 783 1
352 924 1
352 999 1
353 403 1
353 740 1
354 580 1
354 599 1
354 805 1
355 547 1
355 550 1
355 744 1
355 819 1
355 906 1
356 631 1
356 863 1
357 381 1
357 633 1
357 921 1
358 503 1
358 868 1
358 926 1
358 982 1
359 366 1
359 646 1
359 734 1
359 843 1
360 467 1
360 557 1
360 872 1
361 667 1
361 720 1
362 407 1
362 474 1
362 555 1
362 573 1
362 624 1
362 696 1
362 721 1
362 783 1
362 953 1
363 508 1
363 556 1
363 681 1
363 779 1
363 810 1
363 824 1
364 404 1
364 410 1
364 576 1
364 597 1
364 649 1
364 709 1
364 777 1
364 881 1
366 755 1
366 849 1
366 862 1
366 952 1
367 579 1
369 642 1
370 396 1
370 397 1
370 481 1
370 483 1
370 508 1
370 762 1
371 498 1
371 511 1
371 626 1
371 737 1
371 881 1
372 450 1
372 625 1
372 668 1
372 826 1
372 854 1
372 870 1
373 567 1
373 610 1
373 816 1
373 822 1
374 474 1
375 380 1
375 382 1
375 390 1
375 475 1
375 690 1
375 810 1
375 888 1
375 893 1
375 925 1
375 964 1
376 739 1
376 860 1
377 496 1
377 499 1
377 909 1
377 969 1
378 614 1
378 723 1
378 747 1
378 807 1
378 827 1
378 873 1
380 416 1
380 479 1
380 792 1
380 804 1
380 940 1
381 417 1
381 534 1
381 556 1
381 570 1
381 716 1
381 878 1
381 985 1
382 576 1
382 605 1
382 890 1
382 958 1
382 991 1
384 763 1
384 786 1
385 529 1
385 794 1
386 501 1
387 539 1
387 770 1
387 901 1
388 794 1
388 986 1
390 546 1
391 516 1
391 544 1
391 635 1
391 753 1
391 820 1
391 857 1
392 416 1
393 417 1
393 578 1
393 610 1
393 834 1
394 714 1
394 793 1
394 810 1
394 821 1
396 441 1
396 559 1
396 604 1
396 650 1
396 793 1
397 677 1
397 685 1
397 797 1
397 990 1
398 430 1
398 511 1
398 623 1
398 687 1
398 755 1
398 859 1
399 434 1
399 581 1
399 590 1
399 720 1
399 980 1
400 542 1
400 554 1
400 561 1
400 562 1
400 688 1
400 829 1
400 842 1
400 864 1
401 642 1
402 410 1
402 522 1
402 635 1
402 706 1
402 979 1
403 506 1
403 510 1
403 515 1
403 549 1
403 590 1
403 723 1
404 484 1
404 717 1
404 733 1
405 416 1
405 426 1
405 600 1
407 504 1
408 626 1
408 705 1
409 509 1
409 516 1
409 614 1
409 820 1
409 915 1
410 421 1
410 489 1
410 589 1
410 731 1
410 786 1
410 992 1
411 468 1
411 594 1
411 956 1
412 459 1
412 464 1
413 495 1
413 736 1
413 870 1
413 877 1
414 498 1
414 828 1
415 616 1
415 723 1
416 420 1
416 674 1
417 594 1
418 888 1
419 539 1
419 788 1
420 879 1
421 488 1
421 973 1
423 448 1
423 465 1
423 586 1
423 611 1
423 738 1
424 453 1
425 447 1
425 700 1
425 991 1
427 463 1
427 581 1
427 593 1
427 753 1
427 909 1
428 500 1
428 556 1
428 702 1
428 846 1
428 958 1
429 962 1
430 548 1
430 919 1
431 734 1
431 786 1
432 729 1
433 821 1
434 669 1
434 670 1
434 797 1
435 438 1
435 451 1
435 509 1
435 524 1
435 847 1
436 503 1
436 627 1
436 688 1
436 846 1
437 514 1
437 528 1
437 899 1
437 926 1
438 575 1
438 845 1
438 855 1
438 968 1
438 988 1
439 512 1
440 522 1
440 529 1
440 771 1
440 927 1
440 968 1
442 731 1
442 888 1
442 917 1
442 935 1
443 460 1
443 601 1
443 644 1
443 678 1
443 865 1
443 950 1
444 483 1
444 596 1
444 662 1
444 859 1
444 997 1
445 495 1
446 488 1
447 682 1
448 552 1
448 713 1
448 730 1
448 808 1
448 920 1
449 462 1
449 887 1
449 905 1
450 452 1
450 658 1
450 808 1
450 983 1
451 455 1
451 574 1
452 602 1
452 880 1
453 856 1
455 977 1
458 580 1
458 848 1
459 506 1
459 726 1
459 838 1
459 854 1
460 747 1
460 785 1
460 881 1
461 463 1
461 779 1
462 579 1
462 822 1
462 902 1
462 965 1
463 492 1
464 981 1
468 532 1
469 945 1
470 550 1
471 541 1
471 604 1
471 700 1
471 891 1
471 940 1
472 584 1
472 670 1
472 993 1
473 535 1
473 603 1
473 706 1
473 848 1
474 519 1
474 612 1
474 773 1
474 805 1
474 826 1
474 833 1
474 921 1
476 618 1
476 689 1
476 933 1
477 621 1
477 721 1
478 573 1
478 647 1
478 659 1
479 482 1
479 513 1
479 554 1
479 698 1
479 837 1
479 945 1
480 592 1
480 853 1
481 659 1
482 532 1
482 646 1
482 711 1
484 522 1
485 502 1
486 857 1
487 490 1
487 515 1
487 649 1
487 714 1
487 777 1
487 847 1
488 957 1
489 523 1
489 524 1
489 543 1
489 695 1
489 733 1
489 799 1
489 885 1
490 499 1
490 526 1
490 624 1
490 679 1
490 706 1
490 850 1
490 920 1
493 589 1
493 664 1
494 697 1
496 685 1
497 674 1
497 883 1
498 527 1
499 826 1
500 538 1
500 645 1
501 603 1
501 835 1
501 979 1
503 585 1
503 721 1
503 759 1
504 773 1
505 916 1
506 720 1
507 561 1
508 921 1
509 555 1
509 576 1
509 670 1
509 710 1
509 751 1
509 760 1
509 845 1
509 865 1
509 963 1
510 567 1
510 962 1
511 978 1
513 606 1
513 634 1
513 887 1
513 941 1
514 555 1
514 633 1
514 842 1
514 987 1
516 766 1
516 868 1
517 825 1
517 845 1
518 617 1
518 634 1
518 858 1
520 661 1
521 558 1
521 796 1
521 816 1
521 967 1
522 754 1
523 950 1
524 545 1
524 565 1
524 791 1
524 976 1
525 610 1
527 642 1
527 704 1
528 732 1
528 889 1
529 552 1
529 615 1
530 732 1
530 994 1
531 737 1
531 926 1
531 989 1
532 569 1
532 677 1
532 836 1
533 563 1
533 611 1
533 868 1
534 630 1
534 705 1
534 708 1
535 863 1
536 618 1
536 718 1
536 829 1
537 595 1
537 686 1
538 879 1
538 898 1
539 568 1
539 597 1
539 921 1
540 879 1
541 550 1
541 639 1
541 648 1
541 910 1
542 950 1
545 603 1
545 756 1
547 575 1
547 738 1
547 812 1
548 675 1
550 568 1
551 609 1
552 792 1
553 613 1
553 622 1
553 688 1
553 708 1
553 900 1
554 862 1
555 623 1
555 665 1
556 595 1
556 808 1
557 735 1
557 873 1
559 651 1
559 705 1
559 796 1
559 976 1
560 622 1
560 642 1
561 850 1
562 917 1
563 567 1
563 694 1
563 719 1
564 634 1
567 624 1
567 923 1
569 572 1
569 637 1
569 799 1
569 820 1
570 664 1
570 728 1
571 809 1
573 597 1
574 606 1
574 839 1
576 673 1
576 684 1
576 860 1
577 594 1
578 610 1
579 628 1
579 876 1
580 693 1
582 728 1
582 931 1
583 795 1
583 832 1
584 613 1
584 625 1
584 784 1
584 790 1
585 673 1
585 900 1
586 600 1
587 638 1
588 749 1
589 722 1
589 871 1
590 641 1
590 780 1
592 742 1
593 776 1
593 822 1
595 751 1
597 760 1
598 736 1
599 637 1
599 643 1
599 672 1
599 869 1
599 919 1
600 933 1
601 662 1
601 674 1
602 784 1
606 774 1
607 675 1
607 746 1
608 622 1
608 738 1
612 885 1
612 986 1
613 994 1
615 815 1
616 743 1
617 798 1
618 670 1
620 743 1
620 948 1
621 958 1
623 701 1
625 669 1
626 664 1
627 729 1
627 962 1
628 891 1
628 971 1
630 839 1
630 907 1
630 975 1
631 880 1
632 786 1
633 772 1
634 679 1
635 738 1
637 639 1
637 676 1
637 690 1
637 865 1
640 852 1
642 895 1
643 978 1
643 991 1
645 748 1
645 925 1
647 696 1
647 789 1
647 838 1
647 947 1
648 960 1
650 758 1
651 953 1
651 994 1
652 653 1
652 794 1
653 723 1
653 767 1
653 855 1
654 744 1
657 986 1
658 715 1
659 672 1
659 764 1
659 900 1
661 890 1
662 730 1
662 872 1
663 839 1
664 683 1
664 927 1
665 858 1
665 927 1
667 972 1
668 693 1
668 922 1
672 877 1
673 859 1
673 956 1
673 980 1
674 748 1
674 897 1
678 701 1
680 875 1
682 840 1
682 951 1
683 781 1
684 734 1
684 824 1
684 985 1
686 783 1
686 808 1
686 942 1
689 920 1
691 939 1
694 756 1
694 835 1
694 842 1
695 803 1
695 807 1
697 756 1
698 845 1
700 800 1
700 857 1
700 973 1
701 713 1
703 784 1
703 989 1
705 741 1
705 818 1
705 926 1
705 946 1
706 718 1
706 763 1
706 997 1
707 831 1
707 871 1
707 888 1
708 891 1
709 788 1
709 885 1
712 755 1
713 869 1
714 736 1
715 800 1
715 802 1
715 995 1
716 903 1
716 919 1
716 930 1
718 765 1
718 798 1
719 727 1
720 994 1
722 782 1
722 962 1
722 994 1
723 751 1
723 899 1
725 817 1
725 933 1
727 740 1
729 869 1
731 932 1
732 812 1
733 850 1
733 907 1
734 805 1
734 912 1
735 815 1
736 967 1
737 834 1
739 746 1
740 842 1
741 849 1
744 913 1
745 898 1
747 752 1
747 769 1
747 795 1
748 761 1
749 764 1
750 894 1
750 969 1
750 990 1
751 995 1
753 915 1
756 923 1
757 776 1
758 836 1
759 934 1
761 813 1
761 893 1
762 852 1
762 873 1
762 900 1
762 934 1
763 770 1
763 789 1
765 774 1
767 943 1
767 946 1
768 856 1
768 863 1
768 906 1
771 854 1
772 803 1
772 859 1
773 899 1
781 851 1
784 874 1
784 965 1
785 895 1
785 993 1
786 803 1
788 898 1
788 935 1
789 836 1
790 844 1
793 954 1
795 961 1
797 944 1
797 997 1
798 960 1
800 811 1
804 903 1
806 879 1
810 813 1
811 815 1
814 866 1
814 892 1
815 844 1
816 825 1
817 823 1
818 819 1
818 913 1
819 925 1
821 993 1
823 827 1
824 833 1
826 909 1
830 957 1
830 985 1
835 893 1
836 908 1
839 867 1
845 952 1
850 853 1
851 946 1
852 893 1
856 961 1
856 968 1
860 929 1
862 897 1
867 884 1
868 918 1
871 958 1
873 892 1
874 929 1
874 933 1
877 936 1
880 908 1
884 922 1
884 992 1
891 895 1
891 916 1
893 1000 1
906 911 1
941 956 1
944 946 1
955 998 1
956 959 1
956 972 1
979 995 1
