1000 4975
1 2 1
1 3 1
1 4 1
1 5 1
1 6 1
1 7 1
1 9 1
1 10 1
1 11 1
1 12 1
1 14 1
1 16 1
1 17 1
1 18 1
1 19 1
1 20 1
1 27 1
1 28 1
1 31 1
1 33 1
1 37 1
1 43 1
1 51 1
1 53 1
1 54 1
1 58 1
1 60 1
1 66 1
1 68 1
1 85 1
1 88 1
1 92 1
1 93 1
1 95 1
1 103 1
1 107 1
1 111 1
1 124 1
1 142 1
1 143 1
1 146 1
1 163 1
1 168 1
1 170 1
1 194 1
1 198 1
1 200 1
1 201 1
1 202 1
1 203 1
1 223 1
1 230 1
1 231 1
1 233 1
1 237 1
1 243 1
1 248 1
1 249 1
1 278 1
1 280 1
1 289 1
1 290 1
1 292 1
1 315 1
1 321 1
1 327 1
1 332 1
1 337 1
1 350 1
1 358 1
1 375 1
1 386 1
1 402 1
1 403 1
1 405 1
1 424 1
1 427 1
1 441 1
1 447 1
1 455 1
1 456 1
1 463 1
1 484 1
1 536 1
1 538 1
1 552 1
1 564 1
1 567 1
1 580 1
1 611 1
1 625 1
1 628 1
1 629 1
1 639 1
1 643 1
1 646 1
1 647 1
1 662 1
1 699 1
1 704 1
1 708 1
1 711 1
1 736 1
1 748 1
1 749 1
1 765 1
1 768 1
1 810 1
1 816 1
1 819 1
1 823 1
1 827 1
1 836 1
1 860 1
1 877 1
1 880 1
1 896 1
1 909 1
1 921 1
1 946 1
1 949 1
1 962 1
1 964 1
1 988 1
1 999 1
2 7 1
2 8 1
2 10 1
2 11 1
2 14 1
2 15 1
2 18 1
2 19 1
2 21 1
2 25 1
2 26 1
2 29 1
2 44 1
2 48 1
2 55 1
2 56 1
2 72 1
2 85 1
2 95 1
2 99 1
2 112 1
2 113 1
2 128 1
2 132 1
2 135 1
2 166 1
2 197 1
2 199 1
2 208 1
2 218 1
2 224 1
2 226 1
2 246 1
2 271 1
2 295 1
2 373 1
2 393 1
2 398 1
2 411 1
2 418 1
2 419 1
2 422 1
2 440 1
2 498 1
2 504 1
2 572 1
2 580 1
2 583 1
2 601 1
2 614 1
2 637 1
2 676 1
2 680 1
2 685 1
2 689 1
2 720 1
2 724 1
2 727 1
2 773 1
2 782 1
2 787 1
2 804 1
2 853 1
2 878 1
2 881 1
2 936 1
2 943 1
2 953 1
2 981 1
2 984 1
3 8 1
3 28 1
3 31 1
3 38 1
3 47 1
3 82 1
3 88 1
3 94 1
3 133 1
3 149 1
3 190 1
3 196 1
3 216 1
3 233 1
3 235 1
3 268 1
3 303 1
3 325 1
3 343 1
3 355 1
3 369 1
3 436 1
3 525 1
3 571 1
3 655 1
3 675 1
3 682 1
3 964 1
4 7 1
4 8 1
4 11 1
4 13 1
4 34 1
4 43 1
4 129 1
4 149 1
4 158 1
4 178 1
4 187 1
4 223 1
4 228 1
4 271 1
4 287 1
4 323 1
4 387 1
4 416 1
4 547 1
4 561 1
4 582 1
4 596 1
4 608 1
4 629 1
4 642 1
4 654 1
4 684 1
4 741 1
4 787 1
4 791 1
4 869 1
4 949 1
5 7 1
5 8 1
5 9 1
5 11 1
5 12 1
5 15 1
5 16 1
5 17 1
5 19 1
5 20 1
5 21 1
5 22 1
5 23 1
5 25 1
5 33 1
5 36 1
5 37 1
5 39 1
5 42 1
5 46 1
5 50 1
5 52 1
5 54 1
5 59 1
5 68 1
5 71 1
5 78 1
5 86 1
5 91 1
5 94 1
5 99 1
5 100 1
5 104 1
5 109 1
5 111 1
5 116 1
5 118 1
5 121 1
5 127 1
5 131 1
5 138 1
5 141 1
5 142 1
5 149 1
5 151 1
5 159 1
5 169 1
5 171 1
5 176 1
5 207 1
5 208 1
5 220 1
5 231 1
5 234 1
5 239 1
5 256 1
5 309 1
5 312 1
5 333 1
5 335 1
5 338 1
5 342 1
5 352 1
5 392 1
5 393 1
5 407 1
5 424 1
5 425 1
5 459 1
5 472 1
5 482 1
5 485 1
5 489 1
5 490 1
5 501 1
5 502 1
5 529 1
5 561 1
5 602 1
5 652 1
5 712 1
5 714 1
5 738 1
5 740 1
5 807 1
5 840 1
5 851 1
5 854 1
5 882 1
5 902 1
5 917 1
5 918 1
5 937 1
5 967 1
5 994 1
6 7 1
6 9 1
6 10 1
6 14 1
6 32 1
6 45 1
6 49 1
6 57 1
6 82 1
6 86 1
6 88 1
6 93 1
6 109 1
6 120 1
6 140 1
6 182 1
6 209 1
6 239 1
6 247 1
6 279 1
6 281 1
6 292 1
6 299 1
6 359 1
6 373 1
6 419 1
6 420 1
6 454 1
6 484 1
6 490 1
6 700 1
6 722 1
6 749 1
6 751 1
6 761 1
6 775 1
6 901 1
6 954 1
7 8 1
7 9 1
7 12 1
7 13 1
7 17 1
7 19 1
7 20 1
7 23 1
7 27 1
7 35 1
7 37 1
7 45 1
7 48 1
7 58 1
7 60 1
7 69 1
7 71 1
7 75 1
7 91 1
7 95 1
7 96 1
7 108 1
7 110 1
7 116 1
7 117 1
7 121 1
7 134 1
7 138 1
7 139 1
7 148 1
7 151 1
7 164 1
7 166 1
7 171 1
7 176 1
7 198 1
7 204 1
7 211 1
7 223 1
7 229 1
7 234 1
7 236 1
7 249 1
7 264 1
7 272 1
7 281 1
7 285 1
7 314 1
7 317 1
7 340 1
7 345 1
7 415 1
7 420 1
7 431 1
7 469 1
7 497 1
7 498 1
7 514 1
7 548 1
7 573 1
7 614 1
7 622 1
7 664 1
7 665 1
7 688 1
7 691 1
7 693 1
7 719 1
7 750 1
7 793 1
7 824 1
7 836 1
7 843 1
7 844 1
7 885 1
7 942 1
7 947 1
8 9 1
8 10 1
8 14 1
8 15 1
8 16 1
8 19 1
8 20 1
8 21 1
8 26 1
8 27 1
8 29 1
8 30 1
8 33 1
8 34 1
8 36 1
8 42 1
8 43 1
8 45 1
8 46 1
8 47 1
8 49 1
8 54 1
8 60 1
8 62 1
8 73 1
8 77 1
8 80 1
8 82 1
8 93 1
8 94 1
8 122 1
8 126 1
8 128 1
8 129 1
8 133 1
8 136 1
8 140 1
8 152 1
8 155 1
8 156 1
8 157 1
8 167 1
8 180 1
8 181 1
8 183 1
8 194 1
8 195 1
8 221 1
8 230 1
8 240 1
8 253 1
8 266 1
8 268 1
8 284 1
8 285 1
8 288 1
8 291 1
8 305 1
8 323 1
8 324 1
8 357 1
8 362 1
8 364 1
8 365 1
8 397 1
8 398 1
8 399 1
8 413 1
8 418 1
8 440 1
8 457 1
8 465 1
8 467 1
8 470 1
8 505 1
8 506 1
8 513 1
8 539 1
8 545 1
8 552 1
8 553 1
8 567 1
8 568 1
8 584 1
8 595 1
8 600 1
8 617 1
8 654 1
8 665 1
8 696 1
8 697 1
8 713 1
8 718 1
8 722 1
8 726 1
8 760 1
8 763 1
8 792 1
8 799 1
8 801 1
8 839 1
8 843 1
8 844 1
8 853 1
8 898 1
8 907 1
8 913 1
8 922 1
8 975 1
8 985 1
9 10 1
9 12 1
9 13 1
9 22 1
9 25 1
9 28 1
9 32 1
9 41 1
9 49 1
9 51 1
9 53 1
9 55 1
9 56 1
9 61 1
9 62 1
9 65 1
9 66 1
9 69 1
9 73 1
9 74 1
9 75 1
9 83 1
9 97 1
9 107 1
9 114 1
9 146 1
9 148 1
9 252 1
9 254 1
9 331 1
9 342 1
9 348 1
9 353 1
9 370 1
9 392 1
9 420 1
9 460 1
9 475 1
9 505 1
9 554 1
9 626 1
9 629 1
9 649 1
9 660 1
9 665 1
9 753 1
9 757 1
9 770 1
9 854 1
9 902 1
9 933 1
10 11 1
10 12 1
10 13 1
10 14 1
10 18 1
10 22 1
10 25 1
10 32 1
10 39 1
10 43 1
10 60 1
10 69 1
10 75 1
10 78 1
10 84 1
10 92 1
10 96 1
10 97 1
10 99 1
10 102 1
10 115 1
10 127 1
10 136 1
10 141 1
10 165 1
10 178 1
10 181 1
10 189 1
10 220 1
10 225 1
10 236 1
10 241 1
10 288 1
10 295 1
10 303 1
10 310 1
10 315 1
10 330 1
10 334 1
10 343 1
10 355 1
10 394 1
10 395 1
10 446 1
10 480 1
10 513 1
10 540 1
10 588 1
10 635 1
10 704 1
10 725 1
10 729 1
10 785 1
10 791 1
10 797 1
10 823 1
10 837 1
10 848 1
10 853 1
10 873 1
10 880 1
10 889 1
10 938 1
10 961 1
11 13 1
11 24 1
11 35 1
11 39 1
11 42 1
11 50 1
11 61 1
11 71 1
11 84 1
11 93 1
11 94 1
11 101 1
11 110 1
11 133 1
11 137 1
11 141 1
11 157 1
11 172 1
11 173 1
11 187 1
11 194 1
11 198 1
11 222 1
11 244 1
11 409 1
11 469 1
11 479 1
11 488 1
11 498 1
11 516 1
11 559 1
11 579 1
11 623 1
11 626 1
11 644 1
11 668 1
11 670 1
11 678 1
11 707 1
11 717 1
11 729 1
11 739 1
11 751 1
11 814 1
11 891 1
11 921 1
11 936 1
11 949 1
12 15 1
12 17 1
12 18 1
12 36 1
12 37 1
12 42 1
12 59 1
12 67 1
12 81 1
12 84 1
12 108 1
12 144 1
12 186 1
12 238 1
12 297 1
12 317 1
12 325 1
12 439 1
12 479 1
12 520 1
12 560 1
12 583 1
12 599 1
12 643 1
12 655 1
12 662 1
12 668 1
12 720 1
12 851 1
12 893 1
12 934 1
12 948 1
12 969 1
13 16 1
13 18 1
13 24 1
13 26 1
13 28 1
13 30 1
13 31 1
13 41 1
13 45 1
13 61 1
13 63 1
13 65 1
13 82 1
13 93 1
13 96 1
13 97 1
13 117 1
13 144 1
13 147 1
13 155 1
13 162 1
13 197 1
13 201 1
13 216 1
13 234 1
13 235 1
13 237 1
13 256 1
13 265 1
13 291 1
13 348 1
13 353 1
13 400 1
13 410 1
13 452 1
13 470 1
13 475 1
13 500 1
13 531 1
13 538 1
13 630 1
13 666 1
13 676 1
13 772 1
13 808 1
13 814 1
13 838 1
13 848 1
13 851 1
13 865 1
13 867 1
13 898 1
13 940 1
13 981 1
14 15 1
14 16 1
14 25 1
14 41 1
14 58 1
14 136 1
14 184 1
14 218 1
14 222 1
14 267 1
14 268 1
14 289 1
14 311 1
14 327 1
14 365 1
14 539 1
14 705 1
14 945 1
15 24 1
15 28 1
15 30 1
15 36 1
15 44 1
15 46 1
15 48 1
15 61 1
15 66 1
15 78 1
15 79 1
15 117 1
15 122 1
15 131 1
15 137 1
15 143 1
15 146 1
15 153 1
15 203 1
15 206 1
15 212 1
15 262 1
15 270 1
15 311 1
15 345 1
15 347 1
15 368 1
15 384 1
15 423 1
15 449 1
15 455 1
15 463 1
15 494 1
15 508 1
15 526 1
15 531 1
15 568 1
15 578 1
15 584 1
15 626 1
15 657 1
15 720 1
15 764 1
15 771 1
15 779 1
15 815 1
15 872 1
15 881 1
15 884 1
15 899 1
15 928 1
15 959 1
15 964 1
16 17 1
16 21 1
16 22 1
16 23 1
16 32 1
16 34 1
16 38 1
16 39 1
16 41 1
16 44 1
16 48 1
16 57 1
16 66 1
16 67 1
16 76 1
16 154 1
16 157 1
16 160 1
16 211 1
16 214 1
16 224 1
16 232 1
16 238 1
16 245 1
16 256 1
16 287 1
16 289 1
16 294 1
16 328 1
16 389 1
16 399 1
16 404 1
16 421 1
16 470 1
16 507 1
16 542 1
16 573 1
16 606 1
16 620 1
16 627 1
16 649 1
16 684 1
16 756 1
16 790 1
16 812 1
16 850 1
16 895 1
16 928 1
17 20 1
17 29 1
17 38 1
17 44 1
17 65 1
17 71 1
17 78 1
17 112 1
17 115 1
17 118 1
17 134 1
17 138 1
17 183 1
17 203 1
17 253 1
17 328 1
17 385 1
17 412 1
17 416 1
17 506 1
17 519 1
17 577 1
17 606 1
17 662 1
17 689 1
17 742 1
17 744 1
17 746 1
17 866 1
17 941 1
18 27 1
18 29 1
18 31 1
18 38 1
18 44 1
18 46 1
18 55 1
18 62 1
18 68 1
18 81 1
18 99 1
18 143 1
18 146 1
18 165 1
18 198 1
18 205 1
18 227 1
18 235 1
18 346 1
18 356 1
18 357 1
18 370 1
18 458 1
18 476 1
18 505 1
18 524 1
18 565 1
18 644 1
18 653 1
18 714 1
18 768 1
18 895 1
18 933 1
18 971 1
18 996 1
19 22 1
19 26 1
19 56 1
19 119 1
19 130 1
19 136 1
19 140 1
19 199 1
19 341 1
19 370 1
19 511 1
19 519 1
19 521 1
19 603 1
19 615 1
19 745 1
19 748 1
19 766 1
19 798 1
19 820 1
19 891 1
20 21 1
20 23 1
20 24 1
20 38 1
20 42 1
20 45 1
20 50 1
20 52 1
20 67 1
20 74 1
20 96 1
20 105 1
20 116 1
20 119 1
20 121 1
20 125 1
20 133 1
20 140 1
20 142 1
20 144 1
20 147 1
20 153 1
20 162 1
20 175 1
20 179 1
20 184 1
20 191 1
20 204 1
20 215 1
20 222 1
20 227 1
20 289 1
20 322 1
20 364 1
20 455 1
20 478 1
20 510 1
20 545 1
20 569 1
20 686 1
20 698 1
20 712 1
20 723 1
20 734 1
20 737 1
20 772 1
20 786 1
20 812 1
20 814 1
20 833 1
20 845 1
20 861 1
20 863 1
20 907 1
20 968 1
21 26 1
21 33 1
21 40 1
21 47 1
21 67 1
21 72 1
21 73 1
21 75 1
21 76 1
21 87 1
21 101 1
21 104 1
21 108 1
21 113 1
21 135 1
21 161 1
21 169 1
21 178 1
21 193 1
21 227 1
21 239 1
21 256 1
21 257 1
21 275 1
21 280 1
21 325 1
21 326 1
21 327 1
21 347 1
21 373 1
21 379 1
21 439 1
21 446 1
21 484 1
21 545 1
21 549 1
21 569 1
21 575 1
21 601 1
21 603 1
21 652 1
21 654 1
21 741 1
21 746 1
21 768 1
21 778 1
21 779 1
21 783 1
21 801 1
21 806 1
21 816 1
21 858 1
21 870 1
21 893 1
21 912 1
21 922 1
21 950 1
21 954 1
21 980 1
22 23 1
22 27 1
22 30 1
22 35 1
22 50 1
22 130 1
22 196 1
22 205 1
22 252 1
22 266 1
22 304 1
22 406 1
22 429 1
22 434 1
22 466 1
22 760 1
22 936 1
23 24 1
23 31 1
23 33 1
23 34 1
23 37 1
23 39 1
23 41 1
23 43 1
23 48 1
23 53 1
23 63 1
23 86 1
23 90 1
23 100 1
23 109 1
23 114 1
23 127 1
23 128 1
23 137 1
23 153 1
23 173 1
23 176 1
23 211 1
23 219 1
23 224 1
23 227 1
23 252 1
23 254 1
23 263 1
23 273 1
23 286 1
23 338 1
23 368 1
23 373 1
23 386 1
23 390 1
23 408 1
23 442 1
23 445 1
23 451 1
23 474 1
23 501 1
23 584 1
23 615 1
23 627 1
23 670 1
23 684 1
23 690 1
23 692 1
23 715 1
23 722 1
23 724 1
23 738 1
23 764 1
23 770 1
23 825 1
23 828 1
23 860 1
23 865 1
23 886 1
23 893 1
23 963 1
23 974 1
23 977 1
23 994 1
24 29 1
24 30 1
24 32 1
24 40 1
24 46 1
24 50 1
24 52 1
24 62 1
24 63 1
24 72 1
24 80 1
24 86 1
24 90 1
24 102 1
24 142 1
24 153 1
24 164 1
24 174 1
24 178 1
24 181 1
24 201 1
24 216 1
24 231 1
24 236 1
24 255 1
24 265 1
24 307 1
24 308 1
24 317 1
24 325 1
24 332 1
24 348 1
24 380 1
24 382 1
24 383 1
24 428 1
24 474 1
24 491 1
24 496 1
24 553 1
24 595 1
24 612 1
24 649 1
24 663 1
24 671 1
24 726 1
24 737 1
24 780 1
24 842 1
24 940 1
24 962 1
25 40 1
25 79 1
25 103 1
25 113 1
25 123 1
25 131 1
25 176 1
25 250 1
25 251 1
25 263 1
25 277 1
25 300 1
25 319 1
25 332 1
25 358 1
25 411 1
25 453 1
25 459 1
25 511 1
25 536 1
25 555 1
25 601 1
25 802 1
25 843 1
25 861 1
25 870 1
25 877 1
25 889 1
25 950 1
25 966 1
25 979 1
25 993 1
25 997 1
26 64 1
26 69 1
26 130 1
26 131 1
26 187 1
26 213 1
26 219 1
26 305 1
26 350 1
26 477 1
26 478 1
26 482 1
26 483 1
26 504 1
26 537 1
26 549 1
26 557 1
26 673 1
26 688 1
26 902 1
26 906 1
27 40 1
27 59 1
27 69 1
27 154 1
27 166 1
27 218 1
27 226 1
27 240 1
27 255 1
27 280 1
27 387 1
27 406 1
27 452 1
27 491 1
27 497 1
27 648 1
27 730 1
27 745 1
27 751 1
27 755 1
27 760 1
27 794 1
27 812 1
28 34 1
28 72 1
28 105 1
28 120 1
28 130 1
28 217 1
28 296 1
28 340 1
28 383 1
28 391 1
28 460 1
28 515 1
28 699 1
28 747 1
28 755 1
28 805 1
28 941 1
28 966 1
29 51 1
29 72 1
29 100 1
29 119 1
29 425 1
29 486 1
29 591 1
30 53 1
30 65 1
30 103 1
30 107 1
30 167 1
30 172 1
30 193 1
30 207 1
30 213 1
30 221 1
30 261 1
30 335 1
30 410 1
30 421 1
30 465 1
30 466 1
30 469 1
30 605 1
30 660 1
30 685 1
30 717 1
30 731 1
30 805 1
31 47 1
31 151 1
31 175 1
31 191 1
31 218 1
31 334 1
31 372 1
31 467 1
31 749 1
31 782 1
31 815 1
31 850 1
31 910 1
31 948 1
31 991 1
31 995 1
32 35 1
32 40 1
32 54 1
32 73 1
32 76 1
32 92 1
32 112 1
32 134 1
32 160 1
32 163 1
32 173 1
32 174 1
32 186 1
32 213 1
32 251 1
32 264 1
32 299 1
32 311 1
32 320 1
32 380 1
32 455 1
32 478 1
32 501 1
32 545 1
32 567 1
32 631 1
32 708 1
32 775 1
32 798 1
33 70 1
33 76 1
33 85 1
33 104 1
33 300 1
33 344 1
33 428 1
33 503 1
33 542 1
33 552 1
33 640 1
33 649 1
34 35 1
34 139 1
34 179 1
34 299 1
34 388 1
34 395 1
34 561 1
34 589 1
34 592 1
34 687 1
34 819 1
34 863 1
35 36 1
35 62 1
35 65 1
35 86 1
35 90 1
35 91 1
35 92 1
35 107 1
35 202 1
35 275 1
35 307 1
35 310 1
35 381 1
35 389 1
35 406 1
35 424 1
35 521 1
35 544 1
35 617 1
35 633 1
35 639 1
35 736 1
35 780 1
35 822 1
35 873 1
35 916 1
35 921 1
36 47 1
36 57 1
36 71 1
36 77 1
36 79 1
36 87 1
36 121 1
36 137 1
36 162 1
36 172 1
36 176 1
36 184 1
36 185 1
36 220 1
36 221 1
36 250 1
36 272 1
36 282 1
36 284 1
36 297 1
36 339 1
36 351 1
36 370 1
36 387 1
36 406 1
36 445 1
36 446 1
36 448 1
36 489 1
36 494 1
36 499 1
36 545 1
36 556 1
36 579 1
36 591 1
36 596 1
36 609 1
36 663 1
36 812 1
36 842 1
36 862 1
36 906 1
36 928 1
36 960 1
37 53 1
37 145 1
37 249 1
37 254 1
37 498 1
37 526 1
37 585 1
37 691 1
37 700 1
37 985 1
38 55 1
38 58 1
38 59 1
38 64 1
38 89 1
38 102 1
38 108 1
38 112 1
38 123 1
38 159 1
38 160 1
38 168 1
38 181 1
38 209 1
38 214 1
38 238 1
38 444 1
38 462 1
38 607 1
38 622 1
38 625 1
38 699 1
38 788 1
38 794 1
38 831 1
38 962 1
39 56 1
39 85 1
39 92 1
39 102 1
39 116 1
39 118 1
39 120 1
39 159 1
39 205 1
39 213 1
39 219 1
39 339 1
39 375 1
39 487 1
39 727 1
39 890 1
39 897 1
40 49 1
40 63 1
40 70 1
40 132 1
40 144 1
40 198 1
40 243 1
40 329 1
40 423 1
40 563 1
40 580 1
40 645 1
40 703 1
40 705 1
40 707 1
40 712 1
40 907 1
40 932 1
41 68 1
41 78 1
41 88 1
41 432 1
41 438 1
41 605 1
41 619 1
41 670 1
41 689 1
41 775 1
41 833 1
41 842 1
42 82 1
42 90 1
42 121 1
42 170 1
42 313 1
42 323 1
42 547 1
42 638 1
42 679 1
42 701 1
43 51 1
43 67 1
43 83 1
43 95 1
43 115 1
43 143 1
43 256 1
43 290 1
43 302 1
43 367 1
43 384 1
43 394 1
43 423 1
43 426 1
43 429 1
43 474 1
43 528 1
43 559 1
43 581 1
43 588 1
43 595 1
43 599 1
43 606 1
43 660 1
43 669 1
43 826 1
43 996 1
44 57 1
44 89 1
44 145 1
44 150 1
44 169 1
44 307 1
44 336 1
44 350 1
44 377 1
44 448 1
44 463 1
44 464 1
44 518 1
44 536 1
44 581 1
44 609 1
44 730 1
44 892 1
44 908 1
44 911 1
44 939 1
44 951 1
45 49 1
45 52 1
45 61 1
45 63 1
45 83 1
45 89 1
45 98 1
45 156 1
45 178 1
45 242 1
45 293 1
45 337 1
45 338 1
45 383 1
45 393 1
45 404 1
45 426 1
45 530 1
45 553 1
45 559 1
45 674 1
45 716 1
45 761 1
45 813 1
45 925 1
45 927 1
45 950 1
46 54 1
46 56 1
46 83 1
46 89 1
46 105 1
46 134 1
46 146 1
46 168 1
46 186 1
46 210 1
46 269 1
46 283 1
46 295 1
46 296 1
46 399 1
46 468 1
46 484 1
46 489 1
46 511 1
46 539 1
46 572 1
46 585 1
46 719 1
46 731 1
46 767 1
46 773 1
46 780 1
46 934 1
47 51 1
47 81 1
47 87 1
47 103 1
47 126 1
47 188 1
47 286 1
47 308 1
47 324 1
47 328 1
47 345 1
47 471 1
47 673 1
47 767 1
47 896 1
47 914 1
47 965 1
48 52 1
48 77 1
48 98 1
48 100 1
48 105 1
48 120 1
48 131 1
48 132 1
48 145 1
48 151 1
48 169 1
48 173 1
48 188 1
48 189 1
48 194 1
48 212 1
48 226 1
48 274 1
48 279 1
48 297 1
48 378 1
48 477 1
48 487 1
48 512 1
48 529 1
48 533 1
48 559 1
48 597 1
48 646 1
48 831 1
48 835 1
48 899 1
48 900 1
48 915 1
48 949 1
48 967 1
49 70 1
49 98 1
49 118 1
49 138 1
49 237 1
49 341 1
49 455 1
49 615 1
49 797 1
49 977 1
50 55 1
50 106 1
50 122 1
50 155 1
50 158 1
50 219 1
50 280 1
50 377 1
50 456 1
50 687 1
50 722 1
51 58 1
51 184 1
51 190 1
51 215 1
52 70 1
52 74 1
52 97 1
52 203 1
52 268 1
52 269 1
52 306 1
52 399 1
52 739 1
52 865 1
52 919 1
52 929 1
52 963 1
53 59 1
53 64 1
53 98 1
53 279 1
53 326 1
53 388 1
53 427 1
53 624 1
53 666 1
53 801 1
54 124 1
54 135 1
54 443 1
54 453 1
54 897 1
55 60 1
55 66 1
55 70 1
55 77 1
55 81 1
55 89 1
55 169 1
55 174 1
55 175 1
55 192 1
55 200 1
55 210 1
55 225 1
55 226 1
55 251 1
55 259 1
55 284 1
55 312 1
55 363 1
55 392 1
55 415 1
55 419 1
55 499 1
55 503 1
55 530 1
55 562 1
55 568 1
55 577 1
55 694 1
55 727 1
55 779 1
55 783 1
55 785 1
55 829 1
55 896 1
55 926 1
55 976 1
56 57 1
56 106 1
56 148 1
56 312 1
56 347 1
56 446 1
56 506 1
56 529 1
56 642 1
56 717 1
56 771 1
57 64 1
57 110 1
57 111 1
57 163 1
57 184 1
57 197 1
57 214 1
57 216 1
57 222 1
57 301 1
57 314 1
57 534 1
57 563 1
57 565 1
57 667 1
57 692 1
57 701 1
57 718 1
57 728 1
57 738 1
58 106 1
58 139 1
58 145 1
58 185 1
58 222 1
58 305 1
58 391 1
58 505 1
58 571 1
58 651 1
58 804 1
58 944 1
59 95 1
59 119 1
59 156 1
59 260 1
59 923 1
60 64 1
60 76 1
60 122 1
60 161 1
60 213 1
60 237 1
60 245 1
60 277 1
60 294 1
60 338 1
60 344 1
60 348 1
60 361 1
60 400 1
60 418 1
60 445 1
60 497 1
60 628 1
60 650 1
60 659 1
60 673 1
60 711 1
60 729 1
60 733 1
60 772 1
60 823 1
60 846 1
60 874 1
60 919 1
60 955 1
60 994 1
61 90 1
61 94 1
61 104 1
61 109 1
61 124 1
61 125 1
61 140 1
61 152 1
61 155 1
61 165 1
61 244 1
61 258 1
61 276 1
61 283 1
61 350 1
61 354 1
61 380 1
61 409 1
61 420 1
61 448 1
61 451 1
61 458 1
61 490 1
61 646 1
61 742 1
61 880 1
62 83 1
62 125 1
62 160 1
62 237 1
62 241 1
62 254 1
62 346 1
62 357 1
62 479 1
62 514 1
62 526 1
62 574 1
62 650 1
62 896 1
62 993 1
63 81 1
63 87 1
63 96 1
63 108 1
63 109 1
63 124 1
63 129 1
63 147 1
63 157 1
63 158 1
63 164 1
63 189 1
63 199 1
63 231 1
63 285 1
63 288 1
63 291 1
63 363 1
63 405 1
63 431 1
63 492 1
63 538 1
63 576 1
63 628 1
63 633 1
63 738 1
63 925 1
63 997 1
64 84 1
64 148 1
64 177 1
64 195 1
64 288 1
64 309 1
64 518 1
64 541 1
65 68 1
65 126 1
65 183 1
65 232 1
65 253 1
65 310 1
65 384 1
65 496 1
65 632 1
65 633 1
65 709 1
65 734 1
65 813 1
65 830 1
65 837 1
66 73 1
66 74 1
66 79 1
66 88 1
66 114 1
66 123 1
66 132 1
66 136 1
66 208 1
66 236 1
66 248 1
66 268 1
66 272 1
66 298 1
66 319 1
66 408 1
66 423 1
66 456 1
66 462 1
66 520 1
66 558 1
66 572 1
66 604 1
66 692 1
66 754 1
66 851 1
66 939 1
66 947 1
66 995 1
67 75 1
67 77 1
67 80 1
67 91 1
67 111 1
67 129 1
67 144 1
67 159 1
67 174 1
67 177 1
67 196 1
67 199 1
67 201 1
67 207 1
67 239 1
67 312 1
67 372 1
67 414 1
67 437 1
67 570 1
67 573 1
67 616 1
67 706 1
67 754 1
67 826 1
67 852 1
67 875 1
67 882 1
67 900 1
67 959 1
67 967 1
68 101 1
68 126 1
68 197 1
68 216 1
68 439 1
68 467 1
68 639 1
68 882 1
69 87 1
69 105 1
69 107 1
69 114 1
69 138 1
69 152 1
69 154 1
69 158 1
69 190 1
69 192 1
69 208 1
69 212 1
69 223 1
69 247 1
69 284 1
69 302 1
69 313 1
69 335 1
69 395 1
69 416 1
69 449 1
69 594 1
69 619 1
69 710 1
69 739 1
69 784 1
69 850 1
69 855 1
69 879 1
70 124 1
70 149 1
70 199 1
70 250 1
70 273 1
70 325 1
70 347 1
70 541 1
70 651 1
70 817 1
70 854 1
70 966 1
71 119 1
71 141 1
71 159 1
71 189 1
71 205 1
71 465 1
71 528 1
71 612 1
71 635 1
71 679 1
72 106 1
72 209 1
72 214 1
72 277 1
72 431 1
72 450 1
72 769 1
72 820 1
72 905 1
72 998 1
73 74 1
73 152 1
73 217 1
73 254 1
73 306 1
73 377 1
73 436 1
73 540 1
73 634 1
73 696 1
73 883 1
73 998 1
74 80 1
74 98 1
74 236 1
74 298 1
74 311 1
74 362 1
74 382 1
74 409 1
74 424 1
74 433 1
74 460 1
74 461 1
74 533 1
74 556 1
74 604 1
74 622 1
74 737 1
74 811 1
74 906 1
74 929 1
74 982 1
75 242 1
75 271 1
75 306 1
75 310 1
75 351 1
75 359 1
75 408 1
75 553 1
75 659 1
75 743 1
75 799 1
75 840 1
75 934 1
75 970 1
76 111 1
76 180 1
76 200 1
76 273 1
76 354 1
76 361 1
76 407 1
76 488 1
76 519 1
76 558 1
76 718 1
76 733 1
76 767 1
76 886 1
76 901 1
76 903 1
76 956 1
77 79 1
77 80 1
77 114 1
77 118 1
77 137 1
77 170 1
77 193 1
77 306 1
77 308 1
77 352 1
77 371 1
77 493 1
77 497 1
77 566 1
77 592 1
77 600 1
77 667 1
77 809 1
77 917 1
77 921 1
78 103 1
78 127 1
78 168 1
78 180 1
78 316 1
78 513 1
78 892 1
78 993 1
79 112 1
79 122 1
79 126 1
79 139 1
79 174 1
79 238 1
79 246 1
79 258 1
79 309 1
79 367 1
79 368 1
79 402 1
79 471 1
79 586 1
79 591 1
79 665 1
79 688 1
79 712 1
79 752 1
79 763 1
79 972 1
79 978 1
79 986 1
80 97 1
80 309 1
80 493 1
80 565 1
80 781 1
80 823 1
80 943 1
80 985 1
81 115 1
81 150 1
81 154 1
81 259 1
81 486 1
81 696 1
81 876 1
81 972 1
82 106 1
82 143 1
82 150 1
82 162 1
82 225 1
82 263 1
82 285 1
83 84 1
83 117 1
83 173 1
83 177 1
83 180 1
83 240 1
83 250 1
83 264 1
83 277 1
83 349 1
83 402 1
83 428 1
83 432 1
83 466 1
83 468 1
83 505 1
83 610 1
83 611 1
83 612 1
83 641 1
83 650 1
83 656 1
83 669 1
83 708 1
83 736 1
83 743 1
83 786 1
83 910 1
83 913 1
83 947 1
83 965 1
83 979 1
84 85 1
84 99 1
84 125 1
84 130 1
84 158 1
84 195 1
84 196 1
84 221 1
84 297 1
84 312 1
84 352 1
84 480 1
84 608 1
84 624 1
84 641 1
84 797 1
84 807 1
84 809 1
84 858 1
84 892 1
84 927 1
85 253 1
85 358 1
85 405 1
85 459 1
85 830 1
86 101 1
86 123 1
86 135 1
86 182 1
86 224 1
86 228 1
86 245 1
86 261 1
86 396 1
86 422 1
86 450 1
86 462 1
86 671 1
86 696 1
86 708 1
86 727 1
86 760 1
86 808 1
86 957 1
86 965 1
86 968 1
87 116 1
87 117 1
87 147 1
87 229 1
87 255 1
87 267 1
87 269 1
87 309 1
87 320 1
87 407 1
87 440 1
87 518 1
87 606 1
87 616 1
87 677 1
87 695 1
87 771 1
87 824 1
87 841 1
88 102 1
88 157 1
88 165 1
88 215 1
88 263 1
88 294 1
88 393 1
88 403 1
88 419 1
88 551 1
88 663 1
88 895 1
88 945 1
88 968 1
88 990 1
89 154 1
89 165 1
89 195 1
89 206 1
89 252 1
89 311 1
89 360 1
89 394 1
89 434 1
89 441 1
89 473 1
89 482 1
89 686 1
89 702 1
89 735 1
89 969 1
90 91 1
90 141 1
90 179 1
90 369 1
90 400 1
90 578 1
90 753 1
90 773 1
90 813 1
90 868 1
91 156 1
91 567 1
91 647 1
91 830 1
92 115 1
92 299 1
92 923 1
93 168 1
93 221 1
93 269 1
93 357 1
93 369 1
93 374 1
93 433 1
93 533 1
93 555 1
93 774 1
93 851 1
93 902 1
93 930 1
94 259 1
94 262 1
94 510 1
94 552 1
94 601 1
94 610 1
94 731 1
95 100 1
95 128 1
95 155 1
95 230 1
95 303 1
95 339 1
95 360 1
95 371 1
95 385 1
95 401 1
95 417 1
95 426 1
95 470 1
95 532 1
95 692 1
95 725 1
95 777 1
95 891 1
95 961 1
95 973 1
95 987 1
96 101 1
96 152 1
96 260 1
96 418 1
97 104 1
97 190 1
97 208 1
97 211 1
97 240 1
97 241 1
97 247 1
97 270 1
97 324 1
97 331 1
97 333 1
97 337 1
97 346 1
97 375 1
97 566 1
97 595 1
97 840 1
97 879 1
98 135 1
98 217 1
98 307 1
98 457 1
98 458 1
98 499 1
98 502 1
98 519 1
98 538 1
98 563 1
98 648 1
98 820 1
98 982 1
99 110 1
99 365 1
99 678 1
100 161 1
100 177 1
100 205 1
100 206 1
100 243 1
100 248 1
100 351 1
100 372 1
100 378 1
100 753 1
100 764 1
101 166 1
101 167 1
101 233 1
101 240 1
101 257 1
101 258 1
101 298 1
101 302 1
101 363 1
101 546 1
101 585 1
101 590 1
101 759 1
101 769 1
101 791 1
101 814 1
101 910 1
102 128 1
102 170 1
102 228 1
102 233 1
102 290 1
102 562 1
102 894 1
102 979 1
103 127 1
103 192 1
103 210 1
103 245 1
103 278 1
103 296 1
103 302 1
103 345 1
103 387 1
103 403 1
103 408 1
103 430 1
103 476 1
103 554 1
103 644 1
103 716 1
103 774 1
103 915 1
103 943 1
104 147 1
104 167 1
104 186 1
104 281 1
104 374 1
104 413 1
104 588 1
104 611 1
104 883 1
105 177 1
105 234 1
105 262 1
105 464 1
105 507 1
105 543 1
105 576 1
105 661 1
105 691 1
105 752 1
106 113 1
106 191 1
106 207 1
106 355 1
106 357 1
106 359 1
106 600 1
106 610 1
106 693 1
106 711 1
107 120 1
107 185 1
107 206 1
107 322 1
107 482 1
107 554 1
107 740 1
107 796 1
107 829 1
107 1000 1
108 162 1
108 164 1
108 179 1
108 188 1
108 218 1
108 295 1
108 322 1
108 355 1
108 411 1
108 430 1
108 969 1
109 110 1
109 134 1
109 262 1
109 344 1
109 366 1
109 461 1
109 515 1
109 587 1
109 602 1
109 818 1
110 129 1
110 161 1
110 181 1
110 182 1
110 196 1
110 367 1
110 551 1
110 968 1
111 113 1
111 376 1
111 479 1
111 489 1
111 520 1
111 577 1
111 719 1
111 730 1
111 798 1
112 125 1
112 220 1
112 260 1
112 437 1
112 583 1
112 587 1
112 658 1
112 805 1
113 153 1
113 314 1
113 336 1
113 380 1
113 586 1
113 613 1
113 867 1
114 132 1
114 188 1
114 197 1
114 210 1
114 321 1
114 381 1
114 653 1
114 750 1
114 759 1
114 900 1
115 193 1
115 242 1
115 266 1
115 275 1
115 323 1
115 342 1
115 360 1
115 379 1
115 385 1
115 443 1
115 450 1
115 491 1
115 518 1
115 745 1
115 833 1
115 960 1
116 139 1
116 230 1
116 276 1
116 301 1
116 425 1
116 483 1
116 491 1
116 541 1
116 651 1
116 660 1
116 670 1
117 202 1
117 296 1
117 433 1
117 461 1
117 640 1
117 686 1
117 948 1
118 148 1
118 281 1
118 283 1
118 417 1
118 451 1
118 477 1
118 598 1
118 613 1
118 657 1
118 733 1
118 770 1
118 808 1
118 809 1
118 989 1
119 459 1
119 605 1
119 637 1
119 735 1
119 874 1
120 229 1
120 378 1
120 425 1
121 167 1
121 209 1
121 276 1
121 313 1
121 333 1
121 410 1
121 467 1
121 538 1
121 658 1
121 749 1
121 979 1
121 981 1
122 123 1
122 133 1
122 163 1
122 215 1
122 278 1
122 492 1
122 506 1
122 608 1
122 631 1
122 789 1
122 849 1
123 270 1
123 308 1
123 331 1
123 342 1
123 510 1
123 535 1
123 653 1
123 783 1
123 854 1
123 980 1
124 156 1
124 200 1
124 210 1
124 212 1
124 259 1
124 778 1
125 151 1
125 183 1
125 204 1
125 229 1
125 381 1
125 417 1
125 512 1
125 517 1
125 596 1
125 834 1
125 921 1
126 145 1
126 231 1
126 313 1
126 437 1
126 445 1
126 721 1
126 811 1
126 827 1
126 876 1
126 909 1
127 150 1
127 171 1
127 179 1
127 247 1
127 364 1
127 386 1
127 682 1
127 695 1
127 709 1
127 795 1
128 226 1
128 228 1
128 242 1
128 341 1
128 453 1
128 691 1
128 721 1
129 185 1
129 195 1
129 282 1
129 464 1
129 490 1
129 618 1
129 710 1
129 776 1
130 171 1
130 207 1
130 259 1
130 271 1
130 275 1
130 321 1
130 330 1
130 380 1
130 391 1
130 407 1
130 507 1
130 516 1
130 574 1
130 708 1
130 852 1
130 910 1
131 150 1
131 192 1
131 203 1
131 318 1
131 856 1
131 992 1
132 142 1
132 182 1
132 272 1
132 318 1
132 319 1
132 374 1
132 488 1
132 503 1
132 555 1
132 566 1
132 597 1
132 904 1
133 160 1
133 308 1
133 339 1
133 369 1
134 191 1
134 276 1
134 395 1
134 410 1
134 460 1
134 594 1
134 613 1
134 623 1
134 687 1
134 764 1
134 963 1
135 149 1
135 249 1
135 365 1
135 557 1
135 769 1
135 774 1
135 799 1
136 253 1
136 323 1
136 638 1
136 719 1
137 344 1
137 786 1
137 863 1
137 911 1
138 187 1
138 209 1
138 265 1
138 332 1
138 441 1
138 474 1
138 984 1
139 462 1
139 560 1
139 825 1
140 272 1
140 430 1
140 439 1
140 576 1
140 661 1
140 706 1
140 838 1
140 868 1
141 191 1
141 192 1
141 280 1
141 401 1
141 406 1
141 457 1
141 526 1
141 564 1
141 585 1
141 695 1
141 731 1
141 841 1
141 858 1
141 956 1
141 991 1
142 243 1
142 340 1
142 630 1
143 183 1
143 186 1
143 540 1
143 624 1
143 630 1
144 353 1
144 676 1
144 943 1
145 171 1
145 187 1
145 190 1
145 261 1
145 278 1
145 283 1
145 382 1
145 421 1
145 503 1
145 839 1
146 189 1
146 227 1
146 247 1
146 385 1
146 405 1
146 422 1
146 483 1
146 500 1
146 768 1
146 918 1
146 927 1
147 163 1
147 170 1
147 217 1
147 389 1
147 702 1
147 793 1
147 844 1
147 904 1
147 951 1
147 952 1
148 161 1
148 188 1
148 334 1
148 749 1
148 819 1
149 202 1
149 307 1
149 351 1
149 385 1
149 434 1
149 827 1
149 970 1
150 229 1
150 242 1
150 282 1
150 293 1
150 388 1
150 435 1
150 463 1
150 713 1
150 747 1
150 750 1
150 989 1
151 172 1
151 435 1
151 757 1
151 778 1
151 824 1
152 175 1
152 300 1
152 334 1
152 412 1
152 438 1
152 444 1
152 523 1
152 548 1
152 565 1
152 694 1
152 813 1
152 818 1
152 836 1
152 957 1
152 979 1
153 164 1
153 212 1
153 244 1
153 378 1
153 680 1
153 683 1
153 779 1
153 877 1
153 884 1
154 269 1
154 273 1
154 389 1
154 469 1
154 480 1
154 481 1
154 536 1
154 639 1
154 792 1
155 194 1
155 219 1
155 238 1
155 248 1
155 331 1
155 350 1
155 391 1
155 394 1
155 412 1
155 425 1
155 426 1
155 490 1
155 517 1
155 581 1
155 597 1
155 603 1
155 607 1
155 687 1
155 691 1
155 793 1
155 803 1
155 834 1
155 856 1
155 897 1
155 944 1
155 953 1
155 963 1
156 243 1
156 368 1
156 386 1
156 734 1
156 758 1
156 859 1
156 970 1
157 390 1
157 402 1
157 557 1
158 185 1
158 586 1
158 629 1
158 721 1
159 211 1
159 257 1
159 293 1
159 303 1
159 343 1
159 449 1
159 522 1
159 541 1
159 555 1
159 750 1
159 752 1
159 794 1
159 876 1
159 890 1
160 310 1
160 317 1
160 356 1
160 442 1
160 791 1
161 239 1
161 287 1
161 678 1
161 802 1
162 200 1
162 201 1
162 206 1
162 270 1
162 294 1
162 304 1
162 447 1
162 485 1
162 719 1
162 882 1
163 166 1
163 202 1
163 274 1
163 351 1
163 390 1
163 414 1
163 422 1
163 443 1
163 450 1
163 471 1
163 527 1
163 531 1
163 616 1
163 625 1
163 664 1
163 672 1
163 755 1
164 193 1
164 261 1
164 316 1
164 326 1
164 804 1
164 885 1
164 955 1
164 973 1
165 175 1
165 182 1
165 225 1
165 271 1
165 315 1
165 390 1
165 822 1
166 180 1
166 301 1
166 318 1
166 336 1
166 372 1
166 388 1
166 436 1
166 438 1
166 449 1
166 635 1
166 868 1
166 888 1
166 996 1
167 172 1
167 204 1
167 353 1
167 593 1
167 731 1
167 993 1
168 246 1
168 452 1
168 504 1
168 716 1
168 915 1
168 919 1
169 285 1
169 290 1
169 349 1
169 373 1
169 740 1
169 931 1
169 965 1
170 260 1
170 403 1
170 466 1
170 548 1
170 613 1
170 638 1
170 845 1
171 266 1
171 274 1
171 417 1
171 537 1
171 561 1
171 681 1
171 786 1
171 817 1
172 472 1
172 494 1
172 713 1
172 904 1
173 324 1
173 341 1
173 542 1
173 698 1
174 223 1
174 440 1
174 546 1
174 766 1
175 225 1
175 275 1
175 287 1
175 389 1
175 640 1
175 670 1
175 773 1
175 785 1
175 827 1
175 990 1
176 433 1
176 600 1
176 640 1
176 652 1
177 330 1
177 391 1
177 686 1
178 235 1
178 251 1
178 276 1
178 331 1
180 257 1
180 349 1
180 582 1
180 699 1
181 264 1
181 428 1
181 487 1
181 685 1
181 717 1
181 978 1
181 992 1
182 316 1
182 427 1
182 483 1
182 568 1
182 603 1
182 638 1
182 645 1
182 666 1
182 682 1
182 700 1
182 885 1
183 204 1
183 270 1
183 290 1
183 302 1
183 314 1
183 318 1
183 319 1
183 384 1
183 405 1
183 527 1
183 577 1
183 641 1
183 644 1
183 983 1
184 228 1
184 294 1
184 296 1
184 371 1
184 397 1
184 442 1
184 485 1
184 494 1
184 522 1
184 579 1
184 678 1
184 815 1
184 827 1
184 873 1
185 293 1
185 624 1
186 349 1
186 489 1
186 542 1
186 938 1
187 286 1
187 301 1
187 377 1
187 404 1
187 517 1
187 758 1
188 341 1
188 426 1
188 887 1
188 902 1
188 917 1
189 295 1
189 363 1
189 527 1
189 621 1
189 836 1
189 942 1
190 362 1
190 680 1
190 721 1
190 900 1
191 439 1
191 464 1
191 487 1
191 492 1
191 522 1
191 632 1
191 861 1
191 869 1
191 945 1
192 257 1
192 283 1
192 304 1
192 693 1
192 709 1
192 762 1
192 765 1
192 890 1
192 908 1
193 263 1
193 356 1
193 460 1
193 553 1
193 593 1
193 806 1
193 861 1
193 955 1
193 969 1
194 647 1
195 255 1
195 292 1
195 367 1
195 432 1
195 480 1
195 509 1
195 669 1
195 752 1
195 925 1
195 952 1
196 241 1
196 255 1
196 258 1
196 333 1
196 347 1
196 348 1
196 370 1
196 679 1
196 743 1
196 790 1
196 980 1
197 352 1
197 413 1
197 416 1
197 434 1
197 473 1
197 530 1
197 612 1
197 627 1
197 653 1
197 675 1
198 558 1
198 769 1
199 413 1
199 727 1
199 781 1
199 909 1
199 928 1
200 250 1
200 328 1
200 382 1
200 547 1
200 795 1
200 903 1
201 443 1
201 534 1
201 794 1
201 841 1
202 233 1
202 265 1
202 320 1
202 328 1
202 475 1
202 715 1
202 815 1
202 859 1
203 248 1
203 582 1
203 634 1
203 683 1
203 913 1
204 232 1
204 339 1
204 416 1
204 456 1
204 659 1
204 864 1
204 871 1
205 220 1
205 224 1
205 245 1
205 266 1
205 289 1
205 376 1
205 398 1
205 473 1
205 484 1
205 503 1
205 600 1
205 666 1
205 798 1
205 999 1
206 230 1
206 360 1
206 364 1
206 852 1
206 912 1
206 986 1
206 998 1
207 215 1
207 217 1
207 246 1
207 300 1
207 368 1
207 480 1
207 537 1
207 597 1
207 674 1
207 675 1
207 777 1
207 793 1
208 298 1
209 304 1
209 321 1
209 324 1
209 446 1
209 544 1
209 552 1
209 744 1
209 795 1
209 867 1
210 214 1
210 288 1
210 400 1
210 639 1
210 922 1
211 234 1
211 244 1
211 961 1
212 267 1
212 628 1
212 724 1
212 748 1
212 856 1
212 873 1
212 953 1
213 512 1
213 529 1
213 690 1
213 958 1
214 232 1
214 282 1
214 409 1
214 507 1
214 642 1
214 675 1
214 842 1
214 916 1
214 959 1
215 284 1
215 346 1
215 354 1
216 232 1
216 260 1
216 493 1
216 663 1
216 770 1
216 782 1
216 857 1
216 864 1
217 305 1
218 329 1
218 335 1
218 366 1
218 418 1
218 500 1
218 521 1
218 527 1
218 751 1
218 958 1
218 972 1
218 973 1
219 244 1
219 274 1
219 326 1
219 364 1
219 374 1
219 808 1
219 829 1
219 936 1
220 440 1
220 821 1
220 938 1
221 313 1
221 396 1
221 524 1
221 592 1
221 596 1
221 733 1
222 700 1
222 947 1
223 235 1
223 413 1
223 433 1
223 478 1
223 566 1
223 585 1
223 678 1
223 690 1
223 758 1
223 882 1
224 267 1
224 337 1
224 451 1
224 523 1
224 765 1
225 279 1
225 329 1
225 920 1
226 888 1
227 258 1
227 277 1
227 321 1
227 340 1
227 432 1
227 435 1
227 481 1
227 540 1
227 620 1
227 636 1
227 682 1
227 754 1
227 925 1
227 943 1
228 333 1
228 437 1
228 806 1
228 896 1
228 975 1
228 1000 1
229 435 1
229 602 1
229 988 1
230 343 1
230 836 1
230 847 1
231 252 1
231 795 1
231 813 1
232 241 1
232 246 1
232 264 1
232 286 1
232 291 1
232 320 1
232 329 1
232 379 1
232 381 1
232 438 1
232 525 1
232 652 1
232 771 1
232 776 1
232 792 1
232 820 1
232 866 1
232 895 1
232 977 1
234 317 1
234 403 1
234 488 1
234 501 1
234 508 1
234 685 1
234 704 1
234 747 1
234 829 1
235 249 1
235 430 1
235 488 1
235 564 1
235 683 1
235 742 1
236 363 1
236 800 1
237 396 1
237 500 1
237 593 1
237 636 1
237 810 1
237 907 1
237 911 1
238 535 1
238 580 1
238 634 1
239 456 1
239 789 1
239 932 1
240 251 1
240 278 1
240 578 1
240 887 1
240 893 1
240 972 1
241 437 1
241 476 1
241 493 1
241 592 1
241 604 1
241 646 1
241 895 1
242 486 1
242 655 1
242 748 1
242 758 1
242 777 1
242 926 1
242 958 1
243 509 1
243 648 1
243 661 1
243 890 1
243 961 1
243 988 1
244 273 1
244 291 1
244 359 1
244 492 1
244 581 1
244 786 1
244 906 1
244 931 1
245 262 1
245 472 1
245 589 1
245 976 1
246 265 1
246 779 1
246 888 1
247 282 1
247 298 1
247 365 1
247 371 1
247 386 1
247 421 1
247 472 1
247 479 1
247 502 1
247 729 1
247 761 1
247 762 1
247 822 1
247 884 1
247 885 1
247 964 1
247 970 1
248 274 1
248 359 1
248 516 1
248 570 1
249 292 1
249 809 1
249 837 1
249 950 1
250 336 1
250 714 1
250 774 1
251 362 1
251 400 1
251 468 1
251 502 1
251 741 1
251 972 1
252 267 1
252 287 1
252 767 1
252 942 1
252 971 1
253 304 1
253 326 1
253 429 1
253 468 1
253 607 1
253 822 1
254 261 1
254 315 1
254 322 1
254 410 1
254 486 1
254 582 1
254 768 1
254 801 1
254 920 1
255 335 1
255 571 1
255 703 1
255 966 1
256 314 1
256 457 1
256 548 1
256 637 1
256 694 1
257 342 1
257 356 1
257 384 1
257 532 1
257 547 1
257 578 1
257 741 1
258 337 1
258 377 1
258 427 1
258 540 1
258 603 1
258 974 1
258 991 1
259 281 1
259 483 1
259 504 1
259 619 1
259 641 1
259 697 1
259 857 1
259 879 1
259 982 1
260 327 1
260 587 1
261 279 1
261 518 1
262 494 1
262 508 1
262 516 1
262 550 1
262 594 1
262 715 1
262 785 1
262 889 1
263 305 1
263 546 1
263 677 1
263 874 1
263 887 1
263 952 1
264 318 1
264 643 1
264 756 1
264 773 1
264 784 1
264 844 1
265 303 1
265 531 1
266 301 1
266 537 1
266 570 1
266 590 1
267 315 1
267 338 1
267 362 1
267 372 1
267 547 1
267 573 1
267 663 1
267 812 1
268 491 1
268 558 1
268 636 1
268 671 1
268 899 1
268 977 1
269 444 1
269 465 1
270 533 1
270 613 1
271 316 1
271 352 1
271 591 1
271 621 1
271 627 1
271 666 1
271 736 1
271 929 1
272 397 1
272 632 1
272 644 1
273 590 1
273 668 1
274 293 1
274 330 1
274 427 1
274 435 1
274 543 1
274 648 1
274 935 1
274 953 1
275 292 1
275 344 1
275 458 1
275 474 1
275 509 1
275 587 1
275 637 1
275 677 1
275 735 1
275 751 1
275 857 1
276 471 1
276 683 1
276 796 1
276 845 1
277 286 1
277 511 1
277 859 1
278 327 1
278 401 1
279 345 1
279 497 1
279 709 1
280 306 1
280 329 1
280 564 1
280 802 1
280 857 1
280 956 1
281 366 1
281 436 1
281 515 1
281 711 1
282 431 1
282 477 1
282 509 1
282 546 1
282 566 1
283 334 1
283 397 1
283 761 1
283 875 1
284 611 1
284 826 1
285 432 1
285 524 1
285 787 1
285 819 1
285 955 1
286 431 1
286 496 1
286 513 1
286 959 1
287 354 1
287 395 1
287 415 1
287 550 1
287 628 1
288 299 1
288 356 1
288 506 1
288 640 1
288 733 1
289 353 1
289 620 1
289 893 1
290 319 1
290 346 1
290 396 1
290 399 1
290 562 1
291 571 1
291 593 1
291 619 1
291 621 1
291 903 1
292 340 1
292 660 1
292 790 1
292 913 1
292 998 1
293 297 1
293 300 1
293 527 1
293 668 1
293 677 1
293 690 1
293 742 1
293 832 1
293 839 1
293 869 1
293 871 1
294 495 1
294 549 1
294 630 1
295 519 1
295 689 1
295 778 1
296 349 1
296 355 1
296 775 1
296 965 1
296 999 1
297 411 1
297 525 1
297 635 1
297 707 1
297 732 1
298 358 1
298 590 1
298 620 1
298 798 1
299 512 1
299 661 1
299 682 1
299 703 1
299 729 1
300 535 1
300 621 1
300 766 1
300 800 1
301 320 1
301 454 1
301 464 1
301 619 1
301 669 1
302 374 1
302 393 1
302 414 1
302 429 1
302 499 1
302 523 1
302 642 1
302 871 1
302 937 1
303 549 1
304 366 1
304 454 1
304 515 1
304 756 1
305 442 1
305 478 1
305 496 1
305 667 1
305 695 1
305 924 1
306 513 1
306 580 1
306 631 1
306 702 1
306 788 1
306 960 1
306 999 1
307 316 1
307 383 1
307 407 1
307 444 1
307 468 1
307 514 1
307 636 1
307 723 1
307 743 1
307 843 1
307 874 1
308 738 1
309 476 1
310 419 1
310 422 1
310 524 1
310 607 1
310 778 1
311 343 1
311 679 1
312 330 1
312 428 1
312 526 1
312 657 1
312 763 1
313 402 1
313 477 1
313 608 1
313 683 1
313 750 1
313 916 1
313 924 1
314 376 1
314 476 1
314 564 1
314 596 1
314 599 1
314 624 1
314 722 1
314 847 1
314 930 1
314 983 1
315 415 1
316 361 1
316 411 1
316 424 1
316 521 1
316 753 1
317 917 1
318 583 1
318 697 1
319 617 1
319 969 1
320 462 1
320 543 1
320 563 1
320 759 1
320 784 1
320 862 1
320 883 1
321 322 1
321 390 1
321 458 1
322 421 1
322 438 1
322 461 1
322 616 1
322 685 1
322 705 1
322 832 1
323 442 1
323 690 1
324 396 1
324 676 1
325 376 1
325 415 1
325 520 1
325 635 1
325 935 1
325 977 1
325 983 1
326 358 1
326 360 1
326 409 1
326 493 1
326 495 1
326 512 1
326 532 1
326 841 1
326 983 1
327 667 1
327 918 1
328 914 1
329 412 1
329 550 1
329 686 1
329 714 1
329 799 1
329 807 1
329 825 1
329 914 1
330 381 1
330 962 1
331 332 1
331 383 1
331 556 1
331 625 1
331 834 1
332 387 1
332 588 1
332 622 1
333 461 1
333 510 1
333 571 1
333 656 1
333 672 1
333 730 1
333 818 1
333 858 1
333 986 1
334 336 1
334 376 1
334 394 1
335 454 1
337 369 1
337 623 1
337 704 1
337 756 1
337 924 1
337 1000 1
338 420 1
338 441 1
338 542 1
338 569 1
338 950 1
339 453 1
339 695 1
339 811 1
339 984 1
340 770 1
340 970 1
341 508 1
341 671 1
341 693 1
342 379 1
342 448 1
342 581 1
342 698 1
343 366 1
343 367 1
343 632 1
343 659 1
343 898 1
344 392 1
344 444 1
344 550 1
344 591 1
344 762 1
344 811 1
345 423 1
345 448 1
345 529 1
345 544 1
345 574 1
345 667 1
346 447 1
346 502 1
346 570 1
346 611 1
346 744 1
347 397 1
347 546 1
347 614 1
347 645 1
348 354 1
348 471 1
348 615 1
348 962 1
349 430 1
349 485 1
349 492 1
349 496 1
350 794 1
350 850 1
350 863 1
351 379 1
351 398 1
351 486 1
351 500 1
351 621 1
351 658 1
352 361 1
352 481 1
352 528 1
352 584 1
352 795 1
352 866 1
352 931 1
353 434 1
353 532 1
353 637 1
355 889 1
356 558 1
356 853 1
356 908 1
357 361 1
357 457 1
357 549 1
357 737 1
357 920 1
358 408 1
358 617 1
358 634 1
358 725 1
358 774 1
359 508 1
360 459 1
361 826 1
363 539 1
363 679 1
363 730 1
363 762 1
363 847 1
364 371 1
364 382 1
364 655 1
364 740 1
364 832 1
364 942 1
364 989 1
365 499 1
365 560 1
365 563 1
365 575 1
365 643 1
365 766 1
365 842 1
367 523 1
367 532 1
367 560 1
367 642 1
367 716 1
367 787 1
367 834 1
368 450 1
368 557 1
368 775 1
370 469 1
370 572 1
370 711 1
370 811 1
370 887 1
371 452 1
371 841 1
372 375 1
372 378 1
372 800 1
372 916 1
372 999 1
373 443 1
373 465 1
373 575 1
373 634 1
373 991 1
374 375 1
374 933 1
374 991 1
375 849 1
376 392 1
376 398 1
377 588 1
377 646 1
377 872 1
377 934 1
378 485 1
378 498 1
378 855 1
378 857 1
379 675 1
379 735 1
380 638 1
380 653 1
380 673 1
380 803 1
380 905 1
381 560 1
381 997 1
382 525 1
383 417 1
383 447 1
383 463 1
383 599 1
384 404 1
384 522 1
384 562 1
384 620 1
385 515 1
385 677 1
385 754 1
385 769 1
386 388 1
386 570 1
387 475 1
387 575 1
387 672 1
387 697 1
387 771 1
387 853 1
388 803 1
389 475 1
389 528 1
389 856 1
390 557 1
390 645 1
390 788 1
390 919 1
390 978 1
391 534 1
392 404 1
393 401 1
393 554 1
393 885 1
394 401 1
394 516 1
394 609 1
395 543 1
395 655 1
395 703 1
395 830 1
395 932 1
395 968 1
397 507 1
397 539 1
397 544 1
397 617 1
397 680 1
397 710 1
397 789 1
397 849 1
397 945 1
398 412 1
398 632 1
399 744 1
399 990 1
400 414 1
400 447 1
400 589 1
400 707 1
400 847 1
400 865 1
401 441 1
401 849 1
402 931 1
403 734 1
403 788 1
404 626 1
404 855 1
406 927 1
407 470 1
407 511 1
407 535 1
407 556 1
407 606 1
407 633 1
407 658 1
407 871 1
407 884 1
408 414 1
408 618 1
408 884 1
411 429 1
411 765 1
412 651 1
412 702 1
412 715 1
414 776 1
414 825 1
414 866 1
414 912 1
415 453 1
415 495 1
415 543 1
415 568 1
415 609 1
415 754 1
415 828 1
416 767 1
418 472 1
418 610 1
418 954 1
420 654 1
420 860 1
421 633 1
422 614 1
422 831 1
422 892 1
422 907 1
422 939 1
423 449 1
423 664 1
423 961 1
424 535 1
425 451 1
426 594 1
426 656 1
426 783 1
426 870 1
426 923 1
426 960 1
427 514 1
427 517 1
427 728 1
428 994 1
429 517 1
430 454 1
430 473 1
430 586 1
430 698 1
430 792 1
430 824 1
430 954 1
431 799 1
431 838 1
432 609 1
432 712 1
433 467 1
433 534 1
433 589 1
433 863 1
434 618 1
434 630 1
434 680 1
434 762 1
434 874 1
434 956 1
435 436 1
435 524 1
435 781 1
435 848 1
435 877 1
436 504 1
436 684 1
436 728 1
436 763 1
436 803 1
436 881 1
436 992 1
437 650 1
437 833 1
438 452 1
438 616 1
438 681 1
438 814 1
438 832 1
438 862 1
439 757 1
439 776 1
439 807 1
440 466 1
440 510 1
440 523 1
440 583 1
440 622 1
440 875 1
440 912 1
440 924 1
442 551 1
442 612 1
442 832 1
442 860 1
442 894 1
443 445 1
443 764 1
443 918 1
445 487 1
445 605 1
446 586 1
446 802 1
446 817 1
446 975 1
447 899 1
448 604 1
449 941 1
450 584 1
450 967 1
451 522 1
451 565 1
452 525 1
452 530 1
452 531 1
452 576 1
452 990 1
453 592 1
453 626 1
453 936 1
453 951 1
454 615 1
455 599 1
456 533 1
456 605 1
456 760 1
456 860 1
456 878 1
457 481 1
457 576 1
457 654 1
457 881 1
457 903 1
458 732 1
458 937 1
459 530 1
459 934 1
459 938 1
460 777 1
460 886 1
461 574 1
461 800 1
461 864 1
461 887 1
462 473 1
463 707 1
463 806 1
463 831 1
466 817 1
466 996 1
467 534 1
467 567 1
467 810 1
467 935 1
468 481 1
468 659 1
469 514 1
469 590 1
469 697 1
469 846 1
469 858 1
470 482 1
470 709 1
470 876 1
470 905 1
470 919 1
471 509 1
472 579 1
473 732 1
474 625 1
474 662 1
475 759 1
476 781 1
476 821 1
477 825 1
478 598 1
479 495 1
479 602 1
481 495 1
481 724 1
481 747 1
481 755 1
481 796 1
481 797 1
481 901 1
483 875 1
483 913 1
483 937 1
484 536 1
484 577 1
484 598 1
485 782 1
487 702 1
487 713 1
487 765 1
487 888 1
491 602 1
491 869 1
491 916 1
493 573 1
494 743 1
494 870 1
495 781 1
495 818 1
496 501 1
497 598 1
497 909 1
498 618 1
498 992 1
499 748 1
499 824 1
499 930 1
500 726 1
501 556 1
501 572 1
501 650 1
501 871 1
501 903 1
502 648 1
504 647 1
504 664 1
504 723 1
504 776 1
504 870 1
504 964 1
505 569 1
505 574 1
506 664 1
506 897 1
506 901 1
507 673 1
507 755 1
507 816 1
508 521 1
508 739 1
508 828 1
508 914 1
509 537 1
509 593 1
509 681 1
509 901 1
509 974 1
510 742 1
510 746 1
510 880 1
511 548 1
512 706 1
513 618 1
513 706 1
513 753 1
513 917 1
513 941 1
514 904 1
514 926 1
515 859 1
515 946 1
515 967 1
516 817 1
517 840 1
518 520 1
518 575 1
518 636 1
518 821 1
520 657 1
522 705 1
522 847 1
523 737 1
523 981 1
524 992 1
525 587 1
526 988 1
527 528 1
527 614 1
527 658 1
527 792 1
527 796 1
529 757 1
529 926 1
530 589 1
530 684 1
531 544 1
531 550 1
533 647 1
533 669 1
533 803 1
533 821 1
533 942 1
533 987 1
533 1000 1
534 561 1
534 674 1
534 810 1
535 555 1
535 716 1
536 607 1
536 681 1
536 888 1
536 957 1
537 957 1
538 541 1
538 844 1
540 894 1
540 935 1
542 852 1
543 604 1
543 909 1
545 551 1
545 559 1
545 595 1
545 672 1
545 726 1
545 772 1
547 706 1
547 973 1
547 976 1
548 837 1
549 551 1
549 554 1
549 594 1
549 651 1
549 656 1
549 723 1
551 838 1
552 688 1
552 1000 1
554 562 1
554 598 1
554 806 1
555 578 1
555 579 1
555 629 1
555 681 1
557 601 1
557 886 1
557 951 1
558 704 1
558 721 1
559 569 1
559 995 1
561 610 1
561 838 1
562 627 1
562 668 1
562 728 1
562 744 1
562 976 1
562 993 1
563 582 1
564 674 1
565 944 1
567 623 1
567 868 1
567 953 1
567 989 1
568 623 1
568 688 1
568 701 1
568 741 1
568 763 1
568 790 1
568 929 1
569 927 1
570 703 1
571 785 1
571 995 1
572 802 1
573 996 1
574 665 1
574 758 1
576 816 1
578 694 1
578 930 1
578 944 1
580 597 1
580 780 1
580 804 1
580 926 1
580 984 1
581 846 1
582 807 1
582 846 1
582 854 1
584 830 1
584 906 1
584 922 1
585 608 1
588 995 1
589 631 1
589 872 1
590 631 1
592 652 1
594 671 1
594 872 1
594 960 1
595 672 1
595 772 1
595 818 1
595 823 1
596 864 1
596 894 1
596 933 1
596 971 1
599 643 1
602 656 1
604 809 1
604 898 1
605 757 1
606 662 1
606 698 1
606 725 1
606 784 1
606 822 1
606 905 1
606 946 1
609 855 1
611 728 1
611 736 1
612 886 1
612 897 1
613 657 1
613 957 1
614 881 1
614 954 1
614 989 1
616 924 1
617 641 1
617 717 1
617 788 1
617 994 1
620 645 1
622 787 1
622 923 1
622 945 1
624 710 1
624 845 1
626 861 1
627 839 1
628 791 1
632 875 1
634 649 1
634 692 1
634 940 1
635 946 1
638 710 1
639 693 1
640 745 1
640 908 1
643 714 1
644 958 1
644 971 1
645 661 1
646 701 1
646 820 1
647 735 1
648 801 1
651 713 1
653 745 1
653 800 1
655 700 1
655 880 1
655 959 1
656 674 1
656 872 1
657 705 1
658 804 1
659 849 1
659 894 1
660 699 1
660 759 1
663 892 1
664 739 1
664 828 1
664 932 1
665 687 1
665 689 1
667 694 1
667 848 1
668 724 1
670 676 1
670 718 1
670 826 1
670 878 1
671 720 1
675 782 1
675 933 1
677 951 1
679 696 1
679 819 1
679 883 1
682 946 1
683 720 1
683 839 1
684 923 1
685 766 1
685 867 1
686 998 1
687 878 1
688 715 1
690 740 1
690 840 1
691 723 1
692 732 1
693 790 1
694 829 1
694 948 1
697 833 1
699 867 1
700 701 1
701 734 1
701 859 1
701 891 1
703 975 1
705 835 1
706 726 1
706 780 1
707 831 1
708 725 1
708 986 1
709 929 1
709 940 1
710 855 1
710 865 1
710 877 1
711 732 1
711 752 1
711 843 1
711 932 1
711 939 1
711 963 1
712 718 1
712 869 1
712 940 1
712 985 1
712 986 1
714 761 1
715 922 1
716 746 1
719 747 1
719 834 1
719 952 1
720 883 1
721 816 1
721 947 1
721 948 1
722 756 1
722 981 1
724 815 1
727 879 1
730 862 1
734 796 1
734 889 1
738 746 1
739 866 1
739 899 1
741 805 1
741 837 1
746 783 1
748 808 1
751 793 1
751 856 1
753 988 1
755 862 1
755 873 1
756 835 1
757 777 1
757 984 1
759 910 1
759 987 1
760 982 1
761 797 1
762 789 1
764 805 1
764 850 1
767 905 1
775 935 1
778 828 1
778 937 1
779 918 1
780 789 1
782 845 1
783 784 1
783 915 1
787 956 1
789 911 1
792 848 1
794 810 1
799 835 1
803 821 1
806 846 1
807 976 1
809 944 1
809 980 1
813 912 1
831 904 1
832 852 1
834 835 1
838 930 1
838 973 1
843 890 1
843 952 1
843 985 1
844 868 1
845 911 1
845 974 1
846 876 1
847 987 1
850 983 1
852 939 1
853 879 1
853 898 1
853 987 1
855 878 1
856 864 1
862 949 1
864 928 1
872 974 1
877 891 1
880 900 1
882 908 1
885 997 1
891 925 1
893 920 1
893 941 1
897 958 1
902 915 1
902 997 1
907 914 1
910 931 1
915 938 1
917 920 1
921 955 1
925 978 1
941 978 1
952 971 1
952 975 1
952 980 1
964 966 1
972 982 1
980 990 1
