1000 4975
1 2 1
1 3 1
1 4 1
1 5 1
1 6 1
1 7 1
1 8 1
1 9 1
1 14 1
1 16 1
1 19 1
1 20 1
1 21 1
1 22 1
1 27 1
1 28 1
1 29 1
1 30 1
1 31 1
1 33 1
1 35 1
1 37 1
1 39 1
1 44 1
1 46 1
1 50 1
1 52 1
1 58 1
1 64 1
1 65 1
1 66 1
1 68 1
1 72 1
1 77 1
1 81 1
1 85 1
1 86 1
1 100 1
1 101 1
1 109 1
1 110 1
1 114 1
1 117 1
1 121 1
1 124 1
1 125 1
1 128 1
1 132 1
1 133 1
1 142 1
1 146 1
1 148 1
1 151 1
1 155 1
1 171 1
1 179 1
1 193 1
1 198 1
1 205 1
1 206 1
1 222 1
1 228 1
1 258 1
1 266 1
1 270 1
1 278 1
1 288 1
1 290 1
1 296 1
1 305 1
1 340 1
1 351 1
1 375 1
1 379 1
1 393 1
1 395 1
1 402 1
1 403 1
1 407 1
1 408 1
1 420 1
1 423 1
1 426 1
1 430 1
1 435 1
1 467 1
1 468 1
1 494 1
1 500 1
1 514 1
1 528 1
1 531 1
1 536 1
1 564 1
1 571 1
1 572 1
1 596 1
1 610 1
1 622 1
1 633 1
1 661 1
1 675 1
1 693 1
1 704 1
1 716 1
1 726 1
1 728 1
1 732 1
1 753 1
1 775 1
1 793 1
1 810 1
1 818 1
1 821 1
1 859 1
1 867 1
1 869 1
1 884 1
1 907 1
1 976 1
1 986 1
2 7 1
2 8 1
2 20 1
2 24 1
2 27 1
2 29 1
2 36 1
2 116 1
2 120 1
2 162 1
2 186 1
2 189 1
2 260 1
2 339 1
2 381 1
2 390 1
2 412 1
2 556 1
2 662 1
2 689 1
2 781 1
2 823 1
2 840 1
2 847 1
3 7 1
3 8 1
3 9 1
3 10 1
3 12 1
3 13 1
3 16 1
3 17 1
3 18 1
3 21 1
3 28 1
3 34 1
3 35 1
3 47 1
3 48 1
3 49 1
3 57 1
3 58 1
3 61 1
3 65 1
3 72 1
3 91 1
3 92 1
3 109 1
3 111 1
3 113 1
3 135 1
3 143 1
3 162 1
3 171 1
3 188 1
3 219 1
3 231 1
3 250 1
3 264 1
3 276 1
3 278 1
3 303 1
3 340 1
3 341 1
3 347 1
3 354 1
3 391 1
3 392 1
3 405 1
3 457 1
3 527 1
3 543 1
3 577 1
3 595 1
3 607 1
3 626 1
3 641 1
3 653 1
3 666 1
3 697 1
3 723 1
3 727 1
3 805 1
3 861 1
3 879 1
3 932 1
3 944 1
3 981 1
3 996 1
4 7 1
4 8 1
4 10 1
4 11 1
4 12 1
4 13 1
4 14 1
4 15 1
4 16 1
4 18 1
4 22 1
4 25 1
4 26 1
4 30 1
4 31 1
4 33 1
4 34 1
4 35 1
4 36 1
4 41 1
4 44 1
4 45 1
4 46 1
4 47 1
4 49 1
4 51 1
4 53 1
4 56 1
4 63 1
4 64 1
4 70 1
4 72 1
4 77 1
4 78 1
4 83 1
4 88 1
4 96 1
4 101 1
4 102 1
4 103 1
4 106 1
4 114 1
4 122 1
4 126 1
4 140 1
4 144 1
4 145 1
4 154 1
4 169 1
4 179 1
4 193 1
4 197 1
4 198 1
4 212 1
4 221 1
4 223 1
4 224 1
4 229 1
4 233 1
4 237 1
4 239 1
4 241 1
4 256 1
4 261 1
4 274 1
4 280 1
4 283 1
4 285 1
4 295 1
4 298 1
4 325 1
4 327 1
4 330 1
4 353 1
4 356 1
4 368 1
4 369 1
4 381 1
4 383 1
4 386 1
4 388 1
4 392 1
4 394 1
4 397 1
4 413 1
4 415 1
4 417 1
4 420 1
4 430 1
4 431 1
4 433 1
4 436 1
4 441 1
4 453 1
4 473 1
4 477 1
4 479 1
4 501 1
4 512 1
4 520 1
4 522 1
4 525 1
4 533 1
4 550 1
4 595 1
4 598 1
4 612 1
4 641 1
4 656 1
4 663 1
4 684 1
4 691 1
4 701 1
4 730 1
4 732 1
4 745 1
4 746 1
4 748 1
4 751 1
4 770 1
4 787 1
4 801 1
4 807 1
4 813 1
4 814 1
4 830 1
4 836 1
4 837 1
4 839 1
4 845 1
4 846 1
4 853 1
4 858 1
4 866 1
4 882 1
4 883 1
4 902 1
4 942 1
4 976 1
4 994 1
4 995 1
4 996 1
4 1000 1
5 7 1
5 23 1
5 28 1
5 41 1
5 51 1
5 65 1
5 81 1
5 102 1
5 107 1
5 121 1
5 123 1
5 128 1
5 167 1
5 178 1
5 218 1
5 223 1
5 244 1
5 269 1
5 276 1
5 289 1
5 404 1
5 409 1
5 427 1
5 584 1
5 601 1
5 615 1
5 618 1
5 653 1
5 688 1
5 713 1
5 740 1
5 768 1
5 780 1
5 832 1
5 854 1
5 879 1
5 974 1
6 9 1
6 18 1
6 24 1
6 46 1
6 54 1
6 64 1
6 71 1
6 75 1
6 137 1
6 145 1
6 232 1
6 268 1
6 381 1
6 428 1
6 555 1
6 621 1
6 671 1
6 784 1
6 914 1
6 945 1
7 8 1
7 9 1
7 10 1
7 11 1
7 12 1
7 13 1
7 14 1
7 17 1
7 19 1
7 20 1
7 21 1
7 23 1
7 26 1
7 28 1
7 29 1
7 30 1
7 32 1
7 36 1
7 41 1
7 49 1
7 51 1
7 52 1
7 54 1
7 56 1
7 67 1
7 68 1
7 71 1
7 78 1
7 79 1
7 80 1
7 82 1
7 87 1
7 88 1
7 93 1
7 115 1
7 118 1
7 121 1
7 123 1
7 126 1
7 150 1
7 151 1
7 156 1
7 159 1
7 164 1
7 165 1
7 172 1
7 177 1
7 180 1
7 185 1
7 188 1
7 191 1
7 200 1
7 207 1
7 208 1
7 223 1
7 225 1
7 229 1
7 230 1
7 231 1
7 236 1
7 239 1
7 240 1
7 242 1
7 248 1
7 253 1
7 258 1
7 260 1
7 263 1
7 266 1
7 268 1
7 270 1
7 274 1
7 277 1
7 284 1
7 295 1
7 305 1
7 308 1
7 316 1
7 325 1
7 331 1
7 343 1
7 346 1
7 358 1
7 373 1
7 374 1
7 384 1
7 386 1
7 395 1
7 404 1
7 405 1
7 437 1
7 442 1
7 455 1
7 457 1
7 470 1
7 476 1
7 498 1
7 502 1
7 517 1
7 520 1
7 521 1
7 532 1
7 551 1
7 574 1
7 585 1
7 590 1
7 607 1
7 637 1
7 638 1
7 650 1
7 667 1
7 676 1
7 689 1
7 699 1
7 701 1
7 704 1
7 707 1
7 720 1
7 753 1
7 754 1
7 766 1
7 772 1
7 784 1
7 794 1
7 805 1
7 812 1
7 814 1
7 815 1
7 827 1
7 834 1
7 868 1
7 870 1
7 881 1
7 889 1
7 891 1
7 894 1
7 904 1
7 908 1
7 929 1
7 942 1
7 943 1
7 968 1
7 970 1
7 971 1
7 977 1
7 986 1
7 992 1
8 9 1
8 10 1
8 11 1
8 12 1
8 17 1
8 21 1
8 24 1
8 27 1
8 39 1
8 40 1
8 44 1
8 45 1
8 49 1
8 53 1
8 58 1
8 60 1
8 63 1
8 65 1
8 69 1
8 84 1
8 90 1
8 103 1
8 108 1
8 115 1
8 124 1
8 130 1
8 148 1
8 159 1
8 160 1
8 162 1
8 184 1
8 185 1
8 210 1
8 219 1
8 227 1
8 228 1
8 281 1
8 326 1
8 330 1
8 331 1
8 360 1
8 374 1
8 388 1
8 391 1
8 400 1
8 423 1
8 429 1
8 494 1
8 499 1
8 540 1
8 553 1
8 582 1
8 663 1
8 664 1
8 665 1
8 667 1
8 669 1
8 671 1
8 672 1
8 696 1
8 706 1
8 716 1
8 747 1
8 749 1
8 764 1
8 802 1
8 824 1
8 831 1
8 849 1
8 855 1
8 863 1
8 872 1
8 921 1
8 943 1
8 996 1
9 10 1
9 11 1
9 12 1
9 13 1
9 14 1
9 15 1
9 16 1
9 19 1
9 23 1
9 24 1
9 28 1
9 33 1
9 34 1
9 37 1
9 47 1
9 61 1
9 69 1
9 73 1
9 77 1
9 79 1
9 80 1
9 85 1
9 89 1
9 104 1
9 106 1
9 117 1
9 123 1
9 131 1
9 143 1
9 147 1
9 150 1
9 163 1
9 168 1
9 171 1
9 179 1
9 182 1
9 189 1
9 194 1
9 215 1
9 216 1
9 226 1
9 232 1
9 261 1
9 264 1
9 265 1
9 272 1
9 275 1
9 279 1
9 297 1
9 301 1
9 312 1
9 314 1
9 341 1
9 345 1
9 359 1
9 367 1
9 379 1
9 387 1
9 388 1
9 392 1
9 393 1
9 394 1
9 404 1
9 420 1
9 445 1
9 458 1
9 472 1
9 491 1
9 503 1
9 517 1
9 544 1
9 548 1
9 549 1
9 554 1
9 556 1
9 558 1
9 565 1
9 575 1
9 577 1
9 587 1
9 614 1
9 646 1
9 688 1
9 710 1
9 715 1
9 727 1
9 745 1
9 752 1
9 762 1
9 769 1
9 770 1
9 773 1
9 800 1
9 812 1
9 827 1
9 841 1
9 843 1
9 886 1
9 895 1
9 904 1
9 913 1
9 918 1
9 924 1
9 941 1
9 958 1
10 11 1
10 15 1
10 18 1
10 25 1
10 30 1
10 31 1
10 32 1
10 34 1
10 38 1
10 39 1
10 41 1
10 43 1
10 48 1
10 50 1
10 52 1
10 54 1
10 62 1
10 66 1
10 77 1
10 80 1
10 82 1
10 92 1
10 112 1
10 117 1
10 125 1
10 133 1
10 138 1
10 144 1
10 154 1
10 171 1
10 188 1
10 193 1
10 213 1
10 242 1
10 245 1
10 248 1
10 255 1
10 271 1
10 273 1
10 280 1
10 282 1
10 297 1
10 300 1
10 304 1
10 312 1
10 317 1
10 320 1
10 328 1
10 332 1
10 336 1
10 362 1
10 367 1
10 396 1
10 426 1
10 432 1
10 443 1
10 462 1
10 477 1
10 486 1
10 536 1
10 552 1
10 573 1
10 579 1
10 600 1
10 620 1
10 622 1
10 624 1
10 634 1
10 676 1
10 703 1
10 708 1
10 724 1
10 729 1
10 733 1
10 736 1
10 744 1
10 776 1
10 781 1
10 796 1
10 844 1
10 870 1
10 871 1
10 888 1
10 904 1
10 916 1
10 928 1
10 933 1
10 953 1
10 972 1
10 989 1
10 994 1
11 20 1
11 22 1
11 32 1
11 35 1
11 43 1
11 52 1
11 54 1
11 58 1
11 62 1
11 94 1
11 131 1
11 157 1
11 180 1
11 233 1
11 249 1
11 279 1
11 311 1
11 313 1
11 329 1
11 336 1
11 349 1
11 358 1
11 403 1
11 419 1
11 435 1
11 454 1
11 550 1
11 556 1
11 588 1
11 593 1
11 605 1
11 608 1
11 633 1
11 643 1
11 703 1
11 705 1
11 731 1
11 802 1
11 864 1
11 873 1
11 892 1
11 908 1
11 922 1
12 13 1
12 14 1
12 15 1
12 17 1
12 40 1
12 57 1
12 67 1
12 83 1
12 87 1
12 94 1
12 118 1
12 132 1
12 153 1
12 165 1
12 166 1
12 177 1
12 181 1
12 212 1
12 216 1
12 218 1
12 236 1
12 239 1
12 245 1
12 246 1
12 264 1
12 293 1
12 316 1
12 333 1
12 417 1
12 430 1
12 436 1
12 471 1
12 472 1
12 483 1
12 561 1
12 720 1
12 790 1
12 874 1
12 980 1
13 21 1
13 29 1
13 32 1
13 35 1
13 36 1
13 50 1
13 55 1
13 62 1
13 67 1
13 81 1
13 98 1
13 99 1
13 100 1
13 105 1
13 110 1
13 197 1
13 209 1
13 213 1
13 215 1
13 229 1
13 247 1
13 252 1
13 261 1
13 277 1
13 332 1
13 337 1
13 353 1
13 512 1
13 623 1
13 639 1
13 643 1
13 665 1
13 704 1
13 812 1
14 15 1
14 19 1
14 23 1
14 25 1
14 29 1
14 32 1
14 33 1
14 40 1
14 55 1
14 58 1
14 59 1
14 60 1
14 61 1
14 66 1
14 68 1
14 73 1
14 75 1
14 91 1
14 98 1
14 101 1
14 107 1
14 109 1
14 112 1
14 119 1
14 122 1
14 140 1
14 141 1
14 142 1
14 144 1
14 150 1
14 167 1
14 173 1
14 191 1
14 205 1
14 217 1
14 218 1
14 230 1
14 238 1
14 247 1
14 249 1
14 251 1
14 255 1
14 256 1
14 273 1
14 274 1
14 283 1
14 302 1
14 328 1
14 354 1
14 373 1
14 375 1
14 379 1
14 381 1
14 383 1
14 446 1
14 447 1
14 490 1
14 492 1
14 501 1
14 545 1
14 559 1
14 593 1
14 628 1
14 632 1
14 637 1
14 641 1
14 660 1
14 665 1
14 680 1
14 718 1
14 782 1
14 788 1
14 810 1
14 811 1
14 815 1
14 826 1
14 830 1
14 831 1
14 837 1
14 859 1
14 868 1
14 923 1
14 951 1
14 955 1
14 964 1
14 974 1
15 16 1
15 17 1
15 19 1
15 22 1
15 25 1
15 39 1
15 51 1
15 93 1
15 106 1
15 120 1
15 126 1
15 133 1
15 134 1
15 139 1
15 180 1
15 194 1
15 205 1
15 214 1
15 228 1
15 356 1
15 359 1
15 388 1
15 391 1
15 404 1
15 408 1
15 410 1
15 497 1
15 503 1
15 507 1
15 519 1
15 527 1
15 532 1
15 603 1
15 611 1
15 619 1
15 631 1
15 650 1
15 655 1
15 670 1
15 675 1
15 703 1
15 728 1
15 745 1
15 808 1
15 825 1
15 876 1
16 26 1
16 36 1
16 60 1
16 73 1
16 74 1
16 84 1
16 86 1
16 202 1
16 235 1
16 294 1
16 378 1
16 382 1
16 405 1
16 422 1
16 450 1
16 462 1
16 490 1
16 539 1
16 813 1
16 864 1
16 867 1
16 905 1
16 920 1
16 948 1
17 18 1
17 33 1
17 42 1
17 70 1
17 107 1
17 111 1
17 128 1
17 137 1
17 201 1
17 375 1
17 383 1
17 403 1
17 406 1
17 473 1
17 525 1
17 561 1
17 659 1
17 762 1
17 842 1
17 953 1
17 985 1
18 24 1
18 43 1
18 44 1
18 45 1
18 63 1
18 64 1
18 66 1
18 93 1
18 97 1
18 155 1
18 165 1
18 167 1
18 170 1
18 190 1
18 364 1
18 443 1
18 464 1
18 467 1
18 511 1
18 516 1
18 615 1
18 681 1
18 757 1
18 773 1
18 786 1
18 945 1
18 973 1
19 20 1
19 22 1
19 23 1
19 26 1
19 27 1
19 38 1
19 48 1
19 55 1
19 57 1
19 72 1
19 79 1
19 89 1
19 98 1
19 101 1
19 108 1
19 126 1
19 135 1
19 169 1
19 175 1
19 179 1
19 201 1
19 206 1
19 214 1
19 225 1
19 226 1
19 259 1
19 261 1
19 262 1
19 265 1
19 268 1
19 286 1
19 290 1
19 300 1
19 306 1
19 310 1
19 311 1
19 330 1
19 334 1
19 362 1
19 380 1
19 419 1
19 465 1
19 482 1
19 514 1
19 558 1
19 560 1
19 589 1
19 646 1
19 735 1
19 847 1
19 856 1
19 887 1
19 896 1
19 931 1
19 932 1
19 979 1
20 39 1
20 46 1
20 81 1
20 111 1
20 153 1
20 157 1
20 199 1
20 240 1
20 284 1
20 407 1
20 616 1
20 741 1
20 827 1
20 835 1
20 977 1
21 26 1
21 27 1
21 30 1
21 44 1
21 70 1
21 75 1
21 76 1
21 85 1
21 88 1
21 90 1
21 91 1
21 95 1
21 100 1
21 112 1
21 115 1
21 149 1
21 152 1
21 162 1
21 184 1
21 186 1
21 202 1
21 214 1
21 217 1
21 257 1
21 258 1
21 320 1
21 405 1
21 418 1
21 446 1
21 472 1
21 475 1
21 525 1
21 530 1
21 532 1
21 541 1
21 549 1
21 557 1
21 559 1
21 562 1
21 568 1
21 587 1
21 593 1
21 639 1
21 651 1
21 698 1
21 728 1
21 771 1
21 907 1
21 947 1
21 962 1
22 37 1
22 38 1
22 42 1
22 45 1
22 47 1
22 78 1
22 116 1
22 143 1
22 148 1
22 152 1
22 163 1
22 174 1
22 180 1
22 207 1
22 223 1
22 226 1
22 231 1
22 238 1
22 285 1
22 293 1
22 300 1
22 319 1
22 325 1
22 329 1
22 343 1
22 385 1
22 463 1
22 505 1
22 545 1
22 622 1
22 654 1
22 702 1
22 770 1
22 817 1
22 833 1
22 861 1
22 888 1
22 973 1
22 994 1
23 65 1
23 79 1
23 93 1
23 96 1
23 117 1
23 120 1
23 185 1
23 223 1
23 270 1
23 290 1
23 298 1
23 307 1
23 313 1
23 416 1
23 438 1
23 478 1
23 520 1
23 569 1
23 941 1
23 968 1
23 980 1
23 982 1
24 25 1
24 37 1
24 38 1
24 40 1
24 73 1
24 99 1
24 114 1
24 127 1
24 140 1
24 160 1
24 164 1
24 178 1
24 200 1
24 254 1
24 266 1
24 273 1
24 276 1
24 309 1
24 348 1
24 365 1
24 377 1
24 389 1
24 403 1
24 412 1
24 413 1
24 421 1
24 422 1
24 447 1
24 493 1
24 518 1
24 521 1
24 556 1
24 560 1
24 583 1
24 586 1
24 656 1
24 671 1
24 850 1
24 907 1
25 43 1
25 47 1
25 53 1
25 84 1
25 90 1
25 95 1
25 182 1
25 209 1
25 246 1
25 277 1
25 317 1
25 433 1
25 463 1
25 469 1
25 481 1
25 614 1
25 631 1
25 635 1
25 660 1
25 760 1
25 773 1
25 776 1
25 853 1
25 869 1
25 899 1
25 906 1
25 979 1
25 993 1
26 40 1
26 41 1
26 49 1
26 57 1
26 75 1
26 82 1
26 127 1
26 142 1
26 147 1
26 183 1
26 213 1
26 253 1
26 306 1
26 343 1
26 348 1
26 369 1
26 372 1
26 407 1
26 565 1
26 566 1
26 609 1
26 720 1
26 828 1
26 849 1
26 851 1
26 895 1
26 907 1
26 957 1
26 991 1
26 999 1
27 31 1
27 50 1
27 102 1
27 119 1
27 275 1
27 331 1
27 338 1
27 371 1
27 476 1
27 606 1
27 737 1
27 826 1
27 843 1
27 853 1
27 930 1
27 946 1
27 994 1
28 31 1
28 61 1
28 69 1
28 82 1
28 86 1
28 103 1
28 104 1
28 130 1
28 163 1
28 255 1
28 260 1
28 269 1
28 289 1
28 291 1
28 329 1
28 331 1
28 441 1
28 498 1
28 526 1
28 597 1
28 649 1
28 691 1
28 715 1
28 821 1
28 889 1
28 918 1
28 960 1
28 974 1
29 38 1
29 48 1
29 59 1
29 124 1
29 151 1
29 242 1
29 271 1
29 274 1
29 498 1
29 783 1
29 815 1
29 937 1
29 952 1
29 966 1
30 42 1
30 71 1
30 76 1
30 80 1
30 138 1
30 158 1
30 200 1
30 204 1
30 283 1
30 295 1
30 297 1
30 381 1
30 431 1
30 439 1
30 444 1
30 506 1
30 538 1
30 553 1
30 772 1
30 817 1
30 836 1
30 847 1
30 876 1
30 878 1
30 890 1
30 893 1
30 985 1
31 43 1
31 85 1
31 99 1
31 106 1
31 145 1
31 230 1
31 264 1
31 403 1
31 421 1
31 628 1
31 709 1
31 854 1
31 861 1
31 921 1
32 34 1
32 42 1
32 62 1
32 63 1
32 83 1
32 89 1
32 94 1
32 110 1
32 133 1
32 134 1
32 158 1
32 198 1
32 202 1
32 256 1
32 259 1
32 262 1
32 287 1
32 376 1
32 385 1
32 400 1
32 425 1
32 470 1
32 482 1
32 789 1
32 823 1
32 848 1
32 949 1
32 953 1
33 59 1
33 107 1
33 188 1
33 204 1
33 244 1
33 276 1
33 294 1
33 299 1
33 301 1
33 307 1
33 310 1
33 346 1
33 357 1
33 399 1
33 436 1
33 666 1
33 703 1
33 744 1
33 902 1
34 50 1
34 68 1
34 96 1
34 116 1
34 121 1
34 130 1
34 136 1
34 174 1
34 186 1
34 191 1
34 237 1
34 241 1
34 264 1
34 270 1
34 273 1
34 290 1
34 308 1
34 324 1
34 341 1
34 344 1
34 345 1
34 365 1
34 376 1
34 438 1
34 460 1
34 488 1
34 586 1
34 642 1
34 653 1
34 707 1
34 716 1
34 735 1
34 791 1
34 801 1
34 808 1
34 811 1
34 828 1
34 865 1
34 950 1
34 989 1
34 990 1
35 42 1
35 71 1
35 83 1
35 86 1
35 87 1
35 93 1
35 130 1
35 146 1
35 222 1
35 277 1
35 353 1
35 374 1
35 389 1
35 407 1
35 463 1
35 471 1
35 495 1
35 503 1
35 539 1
35 585 1
35 603 1
35 685 1
35 687 1
35 865 1
35 968 1
35 984 1
36 37 1
36 67 1
36 74 1
36 113 1
36 127 1
36 137 1
36 165 1
36 227 1
36 286 1
36 325 1
36 334 1
36 363 1
36 364 1
36 396 1
36 456 1
36 459 1
36 503 1
36 517 1
36 526 1
36 564 1
36 756 1
36 761 1
36 765 1
36 993 1
37 80 1
37 131 1
37 137 1
37 161 1
37 224 1
37 227 1
37 244 1
37 254 1
37 262 1
37 285 1
37 324 1
37 351 1
37 352 1
37 372 1
37 382 1
37 392 1
37 445 1
37 511 1
37 572 1
37 592 1
37 719 1
37 725 1
37 733 1
37 866 1
37 897 1
37 925 1
38 95 1
38 107 1
38 136 1
38 155 1
38 164 1
38 170 1
38 191 1
38 207 1
38 219 1
38 230 1
38 246 1
38 292 1
38 350 1
38 449 1
38 455 1
38 527 1
38 616 1
38 646 1
38 663 1
38 698 1
38 787 1
38 790 1
38 844 1
38 848 1
38 872 1
39 48 1
39 68 1
39 100 1
39 158 1
39 176 1
39 212 1
39 305 1
39 322 1
39 453 1
39 544 1
40 46 1
40 60 1
40 71 1
40 137 1
40 189 1
40 194 1
40 199 1
40 211 1
40 244 1
40 253 1
40 274 1
40 296 1
40 308 1
40 315 1
40 332 1
40 333 1
40 340 1
40 387 1
40 424 1
40 431 1
40 451 1
40 493 1
40 528 1
40 536 1
40 570 1
40 576 1
40 635 1
40 679 1
40 680 1
40 799 1
40 803 1
40 810 1
40 830 1
40 906 1
41 175 1
41 177 1
41 309 1
41 378 1
41 435 1
41 446 1
41 512 1
41 632 1
41 829 1
41 917 1
41 988 1
42 45 1
42 60 1
42 64 1
42 74 1
42 91 1
42 103 1
42 144 1
42 161 1
42 168 1
42 203 1
42 216 1
42 224 1
42 269 1
42 280 1
42 305 1
42 334 1
42 337 1
42 338 1
42 374 1
42 382 1
42 385 1
42 420 1
42 543 1
42 555 1
42 608 1
42 617 1
42 636 1
42 675 1
42 776 1
42 845 1
43 53 1
43 54 1
43 55 1
43 63 1
43 76 1
43 78 1
43 83 1
43 87 1
43 89 1
43 114 1
43 120 1
43 144 1
43 157 1
43 160 1
43 192 1
43 245 1
43 265 1
43 267 1
43 289 1
43 336 1
43 376 1
43 380 1
43 426 1
43 428 1
43 436 1
43 466 1
43 475 1
43 502 1
43 504 1
43 606 1
43 707 1
43 709 1
43 712 1
43 875 1
43 896 1
44 53 1
44 74 1
44 99 1
44 121 1
44 248 1
44 390 1
44 495 1
44 703 1
44 901 1
44 948 1
45 141 1
45 234 1
45 389 1
45 459 1
45 460 1
45 481 1
45 717 1
45 910 1
45 925 1
45 932 1
46 56 1
46 109 1
46 112 1
46 140 1
46 225 1
46 242 1
46 279 1
46 401 1
46 469 1
46 528 1
46 530 1
46 631 1
46 641 1
46 658 1
46 742 1
46 855 1
47 52 1
47 88 1
47 97 1
47 122 1
47 155 1
47 172 1
47 180 1
47 249 1
47 458 1
47 574 1
47 621 1
47 702 1
47 766 1
47 929 1
48 51 1
48 70 1
48 75 1
48 76 1
48 92 1
48 111 1
48 146 1
48 179 1
48 242 1
48 249 1
48 361 1
48 420 1
48 486 1
48 617 1
48 669 1
48 724 1
49 69 1
49 79 1
49 105 1
49 152 1
49 267 1
49 331 1
49 402 1
49 520 1
49 835 1
49 997 1
50 154 1
50 163 1
50 166 1
50 196 1
50 226 1
50 272 1
50 319 1
50 408 1
50 529 1
50 753 1
51 59 1
51 72 1
51 172 1
51 219 1
51 233 1
51 317 1
51 327 1
51 365 1
51 375 1
51 389 1
51 410 1
51 411 1
51 448 1
51 507 1
51 537 1
51 598 1
51 847 1
51 874 1
51 947 1
51 971 1
52 55 1
52 56 1
52 82 1
52 101 1
52 153 1
52 158 1
52 166 1
52 217 1
52 399 1
52 441 1
52 458 1
52 505 1
52 558 1
52 632 1
52 685 1
52 692 1
52 844 1
53 59 1
53 92 1
53 96 1
53 124 1
53 183 1
53 196 1
53 199 1
53 203 1
53 229 1
53 307 1
53 321 1
53 397 1
53 419 1
53 472 1
53 476 1
53 678 1
53 730 1
54 56 1
54 57 1
54 78 1
54 90 1
54 102 1
54 106 1
54 126 1
54 156 1
54 167 1
54 170 1
54 173 1
54 211 1
54 215 1
54 234 1
54 287 1
54 489 1
54 523 1
54 553 1
54 690 1
54 736 1
54 751 1
54 908 1
54 909 1
54 915 1
55 103 1
55 142 1
55 173 1
55 178 1
55 351 1
55 542 1
55 654 1
55 857 1
56 62 1
56 98 1
56 117 1
56 122 1
56 124 1
56 129 1
56 139 1
56 154 1
56 156 1
56 210 1
56 263 1
56 273 1
56 300 1
56 304 1
56 393 1
56 396 1
56 498 1
56 518 1
56 601 1
56 639 1
56 775 1
56 845 1
56 977 1
57 73 1
57 116 1
57 138 1
57 163 1
57 199 1
57 218 1
57 327 1
57 371 1
57 478 1
57 662 1
57 803 1
57 808 1
57 827 1
58 94 1
58 118 1
58 131 1
58 135 1
58 148 1
58 168 1
58 248 1
58 261 1
58 269 1
58 275 1
58 382 1
58 470 1
58 521 1
58 633 1
58 642 1
58 701 1
58 799 1
58 820 1
58 860 1
58 972 1
59 61 1
59 69 1
59 120 1
59 125 1
59 196 1
59 214 1
59 226 1
59 238 1
59 292 1
59 315 1
59 461 1
59 468 1
59 567 1
59 592 1
59 596 1
59 677 1
59 753 1
59 781 1
59 889 1
60 94 1
60 95 1
60 136 1
60 159 1
60 174 1
60 185 1
60 204 1
60 228 1
60 279 1
60 302 1
60 337 1
60 370 1
60 391 1
60 437 1
60 483 1
60 484 1
60 519 1
60 579 1
60 602 1
60 647 1
60 793 1
60 838 1
60 876 1
60 898 1
60 911 1
61 139 1
61 187 1
61 227 1
61 284 1
61 526 1
61 633 1
62 189 1
62 190 1
62 209 1
62 220 1
62 255 1
62 292 1
62 303 1
62 317 1
62 374 1
62 450 1
62 515 1
62 537 1
62 540 1
62 702 1
62 728 1
62 759 1
62 769 1
63 67 1
63 192 1
63 217 1
63 236 1
63 319 1
63 320 1
63 554 1
63 589 1
63 670 1
63 802 1
63 871 1
63 987 1
64 66 1
64 84 1
64 115 1
64 132 1
64 157 1
64 187 1
64 268 1
64 281 1
64 303 1
64 378 1
64 545 1
64 568 1
64 683 1
64 950 1
64 975 1
65 134 1
65 205 1
65 299 1
65 308 1
65 320 1
65 335 1
65 346 1
65 406 1
65 411 1
65 463 1
65 572 1
65 664 1
65 679 1
65 759 1
65 796 1
65 816 1
65 831 1
66 74 1
66 97 1
66 105 1
66 130 1
66 182 1
66 207 1
66 209 1
66 290 1
66 298 1
66 299 1
66 302 1
66 358 1
66 477 1
66 552 1
66 585 1
66 595 1
66 646 1
66 647 1
66 694 1
66 791 1
66 880 1
66 888 1
67 70 1
67 81 1
67 86 1
67 95 1
67 109 1
67 152 1
67 205 1
67 210 1
67 254 1
67 393 1
67 434 1
67 523 1
67 592 1
67 599 1
67 682 1
67 692 1
67 794 1
67 933 1
67 987 1
67 1000 1
68 76 1
68 84 1
68 97 1
68 104 1
68 119 1
68 177 1
68 181 1
68 196 1
68 202 1
68 247 1
68 288 1
68 299 1
68 309 1
68 326 1
68 360 1
68 377 1
68 399 1
68 452 1
68 454 1
68 558 1
68 577 1
68 619 1
68 645 1
68 669 1
68 674 1
68 855 1
68 951 1
68 954 1
68 960 1
69 97 1
69 105 1
69 149 1
69 196 1
69 214 1
69 233 1
69 237 1
69 257 1
69 282 1
69 294 1
69 414 1
69 453 1
69 713 1
69 737 1
69 774 1
69 889 1
69 890 1
69 903 1
69 905 1
70 104 1
70 114 1
70 138 1
70 161 1
70 175 1
70 187 1
70 358 1
70 373 1
70 429 1
70 661 1
70 937 1
71 323 1
71 433 1
71 689 1
71 828 1
72 87 1
72 88 1
72 113 1
72 151 1
72 197 1
72 212 1
72 232 1
72 277 1
72 434 1
72 499 1
72 597 1
72 811 1
72 901 1
73 77 1
73 328 1
73 790 1
73 992 1
74 141 1
74 416 1
74 947 1
74 966 1
75 145 1
75 159 1
75 240 1
75 321 1
75 357 1
75 376 1
75 596 1
75 809 1
76 125 1
76 169 1
76 186 1
76 568 1
76 579 1
76 602 1
76 767 1
76 884 1
76 956 1
77 149 1
77 164 1
77 185 1
77 211 1
77 234 1
77 262 1
77 263 1
77 289 1
77 355 1
77 395 1
77 414 1
77 519 1
77 523 1
77 550 1
77 561 1
77 562 1
77 596 1
77 609 1
77 637 1
77 662 1
77 741 1
77 759 1
77 819 1
77 823 1
77 832 1
77 885 1
77 893 1
77 905 1
77 936 1
77 967 1
78 85 1
78 90 1
78 96 1
78 199 1
78 203 1
78 206 1
78 224 1
78 239 1
78 282 1
78 310 1
78 338 1
78 370 1
78 371 1
78 383 1
78 417 1
78 436 1
78 490 1
78 511 1
78 600 1
78 756 1
78 757 1
78 970 1
78 997 1
79 195 1
79 200 1
79 215 1
79 218 1
79 249 1
79 301 1
79 316 1
79 337 1
79 421 1
79 554 1
79 630 1
79 642 1
79 662 1
79 672 1
79 674 1
79 684 1
79 788 1
79 799 1
79 859 1
80 198 1
80 326 1
80 638 1
81 105 1
81 118 1
81 222 1
81 254 1
81 318 1
81 497 1
81 581 1
81 760 1
81 834 1
82 108 1
82 113 1
82 133 1
82 146 1
82 186 1
82 187 1
82 206 1
82 237 1
82 306 1
82 334 1
82 348 1
82 362 1
82 363 1
82 364 1
82 375 1
82 380 1
82 445 1
82 479 1
82 487 1
82 513 1
82 516 1
82 564 1
82 584 1
82 683 1
82 704 1
82 713 1
82 834 1
82 850 1
82 940 1
83 98 1
83 132 1
83 423 1
83 893 1
84 100 1
84 176 1
84 291 1
84 352 1
84 368 1
84 390 1
84 582 1
84 733 1
84 961 1
85 91 1
85 92 1
85 160 1
85 169 1
85 194 1
85 227 1
85 318 1
85 351 1
85 997 1
86 89 1
86 113 1
86 128 1
86 174 1
86 211 1
86 232 1
86 259 1
86 335 1
86 341 1
86 422 1
86 473 1
86 560 1
86 604 1
86 909 1
86 923 1
87 129 1
87 138 1
87 139 1
87 275 1
87 312 1
87 351 1
87 377 1
87 479 1
87 501 1
87 563 1
87 595 1
87 597 1
87 611 1
87 810 1
87 817 1
87 920 1
87 998 1
88 135 1
88 355 1
88 763 1
88 954 1
88 985 1
89 110 1
89 142 1
89 150 1
89 176 1
89 191 1
89 194 1
89 213 1
89 238 1
89 410 1
89 565 1
89 838 1
90 139 1
90 155 1
90 243 1
90 307 1
90 359 1
90 451 1
90 695 1
90 705 1
90 737 1
90 765 1
91 99 1
91 175 1
91 247 1
91 263 1
91 291 1
91 301 1
91 344 1
91 350 1
91 410 1
91 418 1
91 480 1
91 529 1
91 589 1
91 683 1
91 716 1
91 730 1
91 778 1
91 884 1
91 965 1
92 147 1
92 195 1
92 248 1
92 322 1
92 439 1
92 982 1
93 118 1
93 286 1
94 164 1
94 328 1
94 337 1
94 835 1
94 871 1
94 898 1
94 971 1
95 134 1
95 175 1
95 271 1
95 304 1
95 329 1
95 344 1
95 354 1
95 469 1
95 646 1
95 740 1
95 774 1
95 949 1
96 176 1
96 259 1
96 285 1
96 288 1
96 367 1
96 425 1
96 482 1
96 513 1
96 606 1
96 620 1
96 701 1
96 718 1
96 753 1
96 897 1
97 102 1
97 119 1
97 125 1
97 171 1
97 178 1
97 283 1
97 286 1
97 287 1
97 297 1
97 335 1
97 396 1
97 458 1
97 461 1
97 546 1
97 563 1
97 719 1
97 729 1
97 745 1
97 839 1
97 944 1
97 977 1
98 129 1
98 250 1
98 335 1
98 348 1
98 353 1
98 409 1
98 496 1
98 581 1
98 586 1
98 653 1
98 681 1
98 860 1
98 881 1
98 894 1
99 122 1
99 131 1
99 148 1
99 197 1
99 210 1
99 233 1
99 333 1
99 456 1
99 567 1
99 593 1
99 616 1
99 958 1
100 108 1
100 123 1
100 243 1
100 367 1
100 665 1
100 831 1
100 875 1
100 956 1
100 983 1
101 111 1
101 119 1
101 145 1
101 236 1
101 296 1
101 311 1
101 340 1
101 474 1
101 531 1
101 553 1
101 632 1
101 658 1
101 692 1
101 747 1
101 870 1
101 963 1
102 193 1
102 330 1
102 483 1
102 644 1
102 900 1
103 104 1
103 116 1
103 127 1
103 159 1
103 210 1
103 217 1
103 269 1
103 354 1
103 445 1
103 534 1
103 569 1
103 576 1
103 613 1
103 622 1
103 636 1
103 709 1
103 777 1
103 838 1
103 919 1
104 110 1
104 162 1
104 512 1
104 541 1
104 587 1
104 593 1
104 595 1
104 705 1
104 746 1
104 806 1
104 850 1
104 895 1
104 960 1
105 108 1
105 522 1
105 722 1
105 725 1
105 897 1
105 989 1
106 129 1
106 156 1
106 170 1
106 246 1
106 362 1
106 472 1
106 519 1
106 786 1
106 802 1
106 851 1
106 970 1
107 136 1
107 141 1
107 147 1
107 230 1
107 234 1
107 298 1
107 537 1
107 981 1
108 112 1
108 123 1
108 129 1
108 224 1
108 339 1
108 424 1
108 575 1
108 854 1
108 894 1
109 132 1
109 150 1
109 213 1
109 252 1
109 260 1
109 346 1
109 361 1
109 377 1
109 450 1
109 491 1
109 495 1
109 530 1
109 534 1
109 601 1
109 713 1
109 963 1
110 345 1
111 149 1
111 153 1
111 258 1
111 321 1
111 396 1
111 406 1
111 454 1
111 485 1
111 486 1
111 523 1
111 524 1
111 585 1
111 651 1
111 768 1
112 115 1
112 135 1
112 173 1
112 282 1
112 371 1
112 378 1
112 411 1
112 457 1
112 488 1
112 559 1
112 610 1
112 657 1
112 715 1
112 719 1
112 764 1
112 917 1
113 208 1
113 241 1
113 295 1
113 308 1
113 347 1
113 349 1
113 366 1
113 452 1
113 725 1
114 415 1
114 512 1
114 617 1
114 952 1
115 134 1
115 141 1
115 153 1
115 279 1
115 399 1
115 474 1
115 516 1
115 538 1
115 549 1
115 555 1
115 574 1
115 620 1
115 676 1
115 797 1
116 157 1
116 160 1
116 211 1
116 254 1
116 276 1
116 356 1
116 548 1
116 615 1
116 714 1
116 850 1
116 875 1
117 421 1
117 640 1
117 676 1
117 814 1
117 819 1
117 846 1
118 146 1
118 250 1
119 140 1
119 143 1
119 193 1
119 201 1
119 324 1
119 357 1
119 407 1
119 414 1
119 448 1
119 513 1
120 181 1
120 231 1
120 257 1
120 271 1
120 281 1
120 339 1
120 348 1
120 393 1
120 432 1
120 484 1
120 486 1
120 576 1
120 611 1
120 655 1
120 693 1
120 779 1
120 798 1
120 809 1
120 822 1
120 918 1
121 149 1
121 207 1
121 241 1
121 313 1
121 369 1
121 474 1
121 490 1
121 627 1
121 742 1
121 748 1
121 757 1
121 814 1
121 940 1
122 136 1
122 201 1
122 366 1
122 442 1
122 489 1
122 573 1
122 649 1
122 841 1
122 879 1
123 156 1
123 181 1
123 317 1
123 473 1
124 165 1
124 172 1
124 221 1
124 234 1
124 304 1
124 369 1
124 387 1
124 552 1
124 606 1
124 618 1
124 936 1
124 943 1
124 978 1
125 183 1
125 270 1
125 314 1
125 425 1
125 656 1
125 763 1
125 826 1
125 852 1
125 964 1
126 127 1
126 182 1
126 488 1
126 528 1
126 984 1
126 990 1
127 128 1
127 143 1
127 272 1
127 534 1
127 547 1
127 608 1
127 616 1
127 922 1
127 968 1
128 201 1
128 334 1
128 468 1
128 584 1
128 683 1
128 723 1
128 813 1
129 154 1
129 545 1
129 872 1
129 912 1
129 995 1
130 449 1
130 589 1
130 628 1
130 921 1
131 509 1
132 501 1
132 576 1
132 609 1
132 792 1
133 220 1
133 231 1
133 266 1
133 321 1
133 401 1
133 444 1
133 458 1
133 461 1
133 534 1
133 644 1
133 767 1
133 884 1
133 901 1
133 914 1
133 942 1
133 957 1
133 963 1
134 190 1
134 195 1
134 250 1
134 324 1
134 370 1
134 412 1
134 479 1
134 583 1
134 794 1
134 795 1
135 158 1
135 174 1
135 240 1
135 312 1
135 335 1
135 547 1
135 634 1
135 792 1
136 204 1
136 272 1
136 275 1
136 397 1
136 505 1
136 541 1
136 569 1
136 644 1
136 712 1
136 785 1
136 821 1
137 243 1
137 255 1
137 339 1
137 746 1
137 772 1
137 971 1
138 168 1
138 184 1
138 203 1
138 283 1
138 395 1
138 413 1
138 485 1
138 500 1
138 548 1
138 550 1
138 555 1
138 658 1
139 183 1
139 216 1
139 404 1
139 428 1
139 467 1
139 664 1
139 693 1
140 152 1
140 166 1
140 315 1
140 333 1
140 342 1
140 495 1
140 801 1
141 509 1
141 665 1
141 687 1
142 147 1
142 293 1
142 296 1
142 452 1
142 492 1
142 522 1
142 688 1
142 727 1
142 729 1
142 751 1
142 757 1
142 802 1
142 960 1
142 975 1
143 161 1
143 178 1
143 216 1
143 253 1
143 291 1
143 371 1
143 951 1
144 505 1
145 235 1
145 315 1
145 342 1
145 389 1
145 448 1
145 554 1
145 586 1
145 629 1
145 712 1
145 946 1
145 976 1
146 176 1
146 245 1
146 295 1
146 346 1
146 583 1
147 173 1
147 204 1
147 247 1
147 267 1
147 377 1
147 402 1
147 442 1
147 468 1
148 167 1
148 575 1
149 151 1
149 220 1
149 514 1
149 619 1
149 671 1
149 739 1
149 812 1
150 510 1
150 679 1
150 840 1
151 184 1
151 190 1
151 246 1
151 350 1
151 361 1
151 415 1
152 198 1
152 342 1
152 413 1
152 644 1
152 657 1
152 706 1
152 711 1
152 781 1
153 235 1
153 251 1
153 259 1
153 366 1
153 385 1
153 387 1
153 464 1
153 515 1
153 517 1
153 545 1
153 582 1
153 591 1
153 669 1
153 681 1
153 865 1
153 886 1
153 961 1
154 252 1
154 400 1
154 423 1
154 956 1
155 172 1
155 272 1
155 369 1
155 421 1
155 544 1
155 555 1
155 612 1
155 692 1
155 722 1
155 805 1
155 940 1
156 177 1
156 319 1
156 332 1
156 340 1
157 182 1
157 414 1
157 614 1
157 707 1
157 890 1
158 380 1
158 632 1
159 501 1
159 540 1
159 625 1
159 652 1
160 161 1
160 166 1
160 168 1
160 190 1
160 195 1
160 243 1
160 330 1
160 344 1
160 355 1
160 462 1
160 463 1
160 569 1
160 605 1
160 640 1
160 673 1
160 700 1
160 705 1
160 743 1
160 836 1
160 846 1
160 865 1
160 913 1
161 208 1
161 402 1
161 808 1
161 903 1
162 170 1
162 208 1
162 221 1
162 257 1
162 278 1
162 437 1
162 531 1
162 611 1
162 691 1
162 772 1
162 855 1
162 999 1
163 240 1
163 487 1
163 492 1
163 602 1
163 785 1
163 964 1
163 965 1
163 992 1
164 423 1
165 202 1
165 250 1
165 353 1
165 370 1
165 380 1
165 412 1
165 514 1
165 588 1
165 684 1
165 899 1
166 278 1
166 301 1
166 475 1
167 345 1
167 741 1
167 758 1
168 169 1
168 641 1
168 750 1
168 792 1
168 966 1
169 235 1
169 316 1
169 515 1
169 628 1
169 638 1
169 670 1
169 698 1
169 782 1
169 813 1
170 229 1
170 427 1
170 764 1
171 221 1
171 241 1
171 245 1
171 294 1
171 299 1
171 625 1
172 225 1
172 256 1
172 292 1
172 321 1
172 360 1
172 502 1
172 544 1
172 673 1
172 829 1
173 268 1
173 284 1
173 418 1
173 554 1
173 636 1
173 924 1
174 287 1
174 341 1
174 355 1
174 364 1
174 379 1
174 418 1
174 440 1
174 453 1
174 493 1
174 546 1
174 923 1
174 950 1
175 181 1
175 183 1
175 260 1
175 265 1
175 300 1
175 322 1
175 372 1
175 455 1
175 470 1
175 571 1
175 600 1
175 726 1
175 818 1
176 184 1
176 195 1
176 252 1
176 297 1
176 305 1
176 534 1
176 617 1
176 737 1
176 754 1
176 842 1
176 852 1
176 884 1
176 917 1
177 206 1
177 837 1
178 188 1
178 189 1
178 197 1
178 400 1
178 452 1
178 471 1
178 519 1
178 586 1
178 588 1
178 601 1
178 901 1
179 187 1
179 209 1
179 222 1
179 257 1
179 310 1
179 786 1
179 935 1
179 939 1
180 208 1
180 349 1
180 408 1
180 429 1
180 672 1
180 720 1
180 872 1
181 192 1
181 215 1
181 387 1
181 477 1
181 542 1
181 759 1
181 857 1
182 559 1
182 564 1
182 822 1
183 263 1
183 311 1
183 313 1
183 431 1
183 539 1
183 567 1
183 582 1
183 607 1
183 629 1
183 755 1
183 800 1
183 816 1
183 945 1
184 203 1
184 222 1
184 490 1
184 735 1
184 941 1
185 235 1
185 312 1
185 327 1
185 360 1
185 440 1
185 451 1
185 473 1
185 487 1
185 701 1
185 739 1
185 756 1
185 778 1
185 944 1
186 221 1
186 225 1
186 323 1
186 386 1
186 401 1
186 507 1
186 565 1
186 579 1
186 580 1
186 717 1
186 805 1
186 856 1
186 886 1
186 927 1
187 288 1
187 329 1
187 803 1
187 874 1
187 895 1
188 468 1
188 551 1
188 750 1
188 980 1
189 192 1
189 239 1
189 347 1
189 440 1
189 972 1
190 192 1
190 267 1
190 347 1
190 438 1
190 461 1
190 575 1
190 614 1
190 866 1
190 870 1
191 219 1
191 645 1
192 325 1
192 363 1
192 398 1
192 471 1
192 485 1
192 536 1
192 546 1
192 562 1
192 578 1
192 685 1
193 200 1
193 444 1
193 456 1
193 700 1
193 853 1
193 857 1
193 966 1
194 237 1
194 289 1
194 350 1
195 385 1
195 832 1
195 915 1
196 338 1
196 349 1
196 434 1
196 532 1
196 546 1
196 671 1
196 688 1
196 911 1
196 922 1
197 302 1
197 359 1
197 462 1
197 506 1
197 525 1
197 598 1
197 620 1
197 660 1
197 757 1
197 776 1
197 909 1
198 491 1
198 710 1
198 833 1
199 251 1
199 285 1
199 342 1
199 539 1
199 899 1
199 919 1
200 471 1
200 489 1
200 573 1
200 590 1
200 787 1
200 797 1
200 920 1
201 343 1
201 357 1
201 494 1
201 570 1
201 618 1
201 811 1
201 814 1
201 886 1
202 363 1
202 516 1
202 527 1
202 830 1
202 880 1
202 943 1
202 973 1
203 228 1
203 252 1
203 413 1
203 429 1
203 613 1
203 651 1
203 710 1
203 778 1
204 459 1
204 765 1
204 871 1
205 318 1
205 454 1
205 470 1
205 508 1
205 714 1
206 339 1
206 480 1
206 504 1
206 583 1
206 955 1
207 298 1
207 352 1
207 783 1
207 891 1
207 915 1
208 258 1
209 212 1
209 251 1
209 352 1
209 543 1
209 573 1
209 661 1
209 673 1
209 783 1
209 928 1
211 372 1
211 613 1
212 278 1
212 651 1
212 780 1
212 878 1
212 942 1
212 972 1
213 244 1
213 311 1
213 322 1
213 394 1
213 453 1
213 494 1
213 882 1
213 902 1
213 910 1
213 973 1
213 982 1
214 271 1
214 450 1
215 220 1
215 236 1
215 292 1
215 356 1
215 441 1
215 508 1
215 513 1
215 645 1
215 864 1
215 892 1
216 284 1
216 296 1
216 319 1
216 440 1
216 765 1
216 795 1
216 887 1
216 962 1
217 266 1
217 425 1
217 426 1
217 694 1
218 220 1
218 243 1
218 294 1
218 323 1
218 566 1
218 743 1
218 926 1
219 238 1
219 428 1
219 478 1
219 630 1
219 706 1
219 800 1
219 852 1
219 932 1
220 504 1
220 657 1
220 696 1
220 806 1
220 868 1
221 288 1
221 304 1
221 347 1
221 398 1
221 426 1
221 476 1
221 498 1
221 681 1
221 722 1
221 793 1
221 824 1
221 888 1
221 917 1
221 969 1
222 921 1
223 460 1
224 232 1
224 474 1
224 542 1
224 927 1
225 358 1
225 726 1
225 797 1
226 804 1
227 256 1
227 402 1
227 925 1
227 1000 1
228 827 1
228 849 1
228 858 1
229 443 1
229 529 1
229 567 1
229 668 1
230 287 1
230 382 1
230 409 1
230 652 1
230 679 1
230 771 1
230 801 1
231 520 1
231 622 1
231 731 1
231 734 1
231 755 1
231 768 1
231 965 1
232 262 1
232 267 1
232 428 1
232 773 1
232 794 1
232 876 1
233 775 1
233 795 1
233 961 1
234 302 1
234 674 1
235 320 1
235 721 1
235 912 1
235 918 1
235 993 1
235 1000 1
236 253 1
236 668 1
236 712 1
236 887 1
238 314 1
238 322 1
238 409 1
238 464 1
238 580 1
238 660 1
238 853 1
238 859 1
238 911 1
239 251 1
239 887 1
239 904 1
239 979 1
240 384 1
240 476 1
240 500 1
240 528 1
240 600 1
240 986 1
241 336 1
241 467 1
241 496 1
241 535 1
241 854 1
241 885 1
241 988 1
242 394 1
242 400 1
242 406 1
242 417 1
242 443 1
242 448 1
242 462 1
242 517 1
242 566 1
242 608 1
242 813 1
243 451 1
243 508 1
243 536 1
243 537 1
243 693 1
243 721 1
243 743 1
243 748 1
243 873 1
243 906 1
243 954 1
243 998 1
243 999 1
244 521 1
244 594 1
244 634 1
245 796 1
246 344 1
246 411 1
246 500 1
246 798 1
247 309 1
247 398 1
247 620 1
247 688 1
247 752 1
247 984 1
248 432 1
248 588 1
248 589 1
249 892 1
249 912 1
250 539 1
250 747 1
251 338 1
251 507 1
251 634 1
252 303 1
252 349 1
252 350 1
252 386 1
252 449 1
252 459 1
252 561 1
252 581 1
252 631 1
252 700 1
253 485 1
253 626 1
253 838 1
254 547 1
254 699 1
254 711 1
255 280 1
255 460 1
255 480 1
255 482 1
255 607 1
255 750 1
255 843 1
256 424 1
256 563 1
256 625 1
256 723 1
256 783 1
257 605 1
257 710 1
258 265 1
258 323 1
258 333 1
258 366 1
258 556 1
258 584 1
258 590 1
258 696 1
258 782 1
258 959 1
259 492 1
259 563 1
259 636 1
259 816 1
259 820 1
259 981 1
260 493 1
260 518 1
260 543 1
260 709 1
260 789 1
261 307 1
261 313 1
261 840 1
262 336 1
262 480 1
263 585 1
264 281 1
264 434 1
264 489 1
264 799 1
265 306 1
265 610 1
265 908 1
266 370 1
266 405 1
266 439 1
266 522 1
266 524 1
266 791 1
266 900 1
267 623 1
267 825 1
268 562 1
268 623 1
268 656 1
268 794 1
268 976 1
269 316 1
269 318 1
269 323 1
269 372 1
269 459 1
269 603 1
269 775 1
269 869 1
269 964 1
270 328 1
270 723 1
270 829 1
270 899 1
270 940 1
271 310 1
271 368 1
271 373 1
271 376 1
271 499 1
271 544 1
271 617 1
271 670 1
271 695 1
271 773 1
271 881 1
271 883 1
272 332 1
272 401 1
272 734 1
272 963 1
273 365 1
273 368 1
273 563 1
273 845 1
274 280 1
275 790 1
276 286 1
276 496 1
276 571 1
276 602 1
276 667 1
276 792 1
277 282 1
277 293 1
277 509 1
277 566 1
277 570 1
277 666 1
277 801 1
278 293 1
278 604 1
278 609 1
278 694 1
278 952 1
278 962 1
278 998 1
278 999 1
279 281 1
279 342 1
279 477 1
279 504 1
279 583 1
279 618 1
279 755 1
279 857 1
280 303 1
280 306 1
280 640 1
280 689 1
280 763 1
280 878 1
280 932 1
281 603 1
281 926 1
281 941 1
282 574 1
282 678 1
282 696 1
282 875 1
283 291 1
283 443 1
283 457 1
283 974 1
283 986 1
285 397 1
285 614 1
285 733 1
286 309 1
286 497 1
286 514 1
286 708 1
288 315 1
288 447 1
289 412 1
289 526 1
289 905 1
290 480 1
290 869 1
291 365 1
291 677 1
292 652 1
292 682 1
292 699 1
292 957 1
293 408 1
293 410 1
293 427 1
293 464 1
293 601 1
293 702 1
293 719 1
293 818 1
293 858 1
293 916 1
294 406 1
294 432 1
294 481 1
294 505 1
294 576 1
294 631 1
294 717 1
294 751 1
294 856 1
294 907 1
294 934 1
294 938 1
294 996 1
295 533 1
295 591 1
295 795 1
295 862 1
295 944 1
296 368 1
296 930 1
297 438 1
297 484 1
297 487 1
298 361 1
298 961 1
299 362 1
299 427 1
299 432 1
299 747 1
299 807 1
300 314 1
300 326 1
300 770 1
300 830 1
300 997 1
301 345 1
301 425 1
301 523 1
301 731 1
302 558 1
302 559 1
303 360 1
303 431 1
303 509 1
303 530 1
303 548 1
303 680 1
303 779 1
304 491 1
304 740 1
304 931 1
305 409 1
305 447 1
305 483 1
305 557 1
305 608 1
305 915 1
306 361 1
306 439 1
306 591 1
306 695 1
306 798 1
307 324 1
307 373 1
307 435 1
307 580 1
307 652 1
308 343 1
308 364 1
308 655 1
309 327 1
309 386 1
309 440 1
309 444 1
309 571 1
309 600 1
309 645 1
309 875 1
310 318 1
310 355 1
310 398 1
310 667 1
310 767 1
311 422 1
311 437 1
311 862 1
312 384 1
312 527 1
312 638 1
312 640 1
313 314 1
313 469 1
313 481 1
313 506 1
313 533 1
313 535 1
313 577 1
313 673 1
313 720 1
313 803 1
313 989 1
314 538 1
314 546 1
314 982 1
315 354 1
315 686 1
315 722 1
315 747 1
315 860 1
316 448 1
316 975 1
317 326 1
317 697 1
317 716 1
317 739 1
318 820 1
318 892 1
318 930 1
318 950 1
318 984 1
319 518 1
319 739 1
319 955 1
320 487 1
320 675 1
320 677 1
320 734 1
320 774 1
320 953 1
321 504 1
321 592 1
321 724 1
321 766 1
321 818 1
321 819 1
321 824 1
321 852 1
322 383 1
322 435 1
322 685 1
322 686 1
323 598 1
323 624 1
324 356 1
324 367 1
324 496 1
324 507 1
324 993 1
324 998 1
325 669 1
326 439 1
326 771 1
326 774 1
327 352 1
327 486 1
327 515 1
327 532 1
327 591 1
327 761 1
327 822 1
327 825 1
327 863 1
327 978 1
328 414 1
328 509 1
328 531 1
328 578 1
328 591 1
328 846 1
328 885 1
328 955 1
329 981 1
330 988 1
331 430 1
331 451 1
331 510 1
331 629 1
332 434 1
332 928 1
332 963 1
333 416 1
333 455 1
333 684 1
333 993 1
334 515 1
335 604 1
335 795 1
335 833 1
336 397 1
336 483 1
336 712 1
336 766 1
336 936 1
337 399 1
337 417 1
337 598 1
337 621 1
338 450 1
338 573 1
338 695 1
338 848 1
338 885 1
339 416 1
339 719 1
339 844 1
339 934 1
340 357 1
340 484 1
340 658 1
340 752 1
340 886 1
341 548 1
341 624 1
341 706 1
341 743 1
341 756 1
341 824 1
341 999 1
342 384 1
342 392 1
342 457 1
342 511 1
342 531 1
342 575 1
342 750 1
342 793 1
342 903 1
343 636 1
343 769 1
344 842 1
344 897 1
345 806 1
346 424 1
346 817 1
346 883 1
347 537 1
347 738 1
347 917 1
349 851 1
350 359 1
350 390 1
350 488 1
350 489 1
350 529 1
350 547 1
350 638 1
350 690 1
350 948 1
350 977 1
350 990 1
351 427 1
351 502 1
351 609 1
352 415 1
352 465 1
352 666 1
352 711 1
353 438 1
353 742 1
354 388 1
354 819 1
355 363 1
355 366 1
357 694 1
357 700 1
357 749 1
357 787 1
357 863 1
357 957 1
358 475 1
358 746 1
358 879 1
358 939 1
359 693 1
360 378 1
360 391 1
360 837 1
361 508 1
361 568 1
361 664 1
361 724 1
362 610 1
362 653 1
363 729 1
363 862 1
364 493 1
364 526 1
365 627 1
365 860 1
366 624 1
367 415 1
367 469 1
367 599 1
367 626 1
367 933 1
368 495 1
369 433 1
369 455 1
369 494 1
369 734 1
369 903 1
369 964 1
370 916 1
371 401 1
371 746 1
372 465 1
372 466 1
372 704 1
372 714 1
372 723 1
372 876 1
373 465 1
373 478 1
373 549 1
374 552 1
374 667 1
374 780 1
374 819 1
374 862 1
375 419 1
375 829 1
376 379 1
376 394 1
376 429 1
376 456 1
376 647 1
376 682 1
376 738 1
377 503 1
377 883 1
377 946 1
378 650 1
378 925 1
379 533 1
379 670 1
379 834 1
380 384 1
380 416 1
380 610 1
381 521 1
381 524 1
381 530 1
381 788 1
381 800 1
381 909 1
382 456 1
382 535 1
382 649 1
382 777 1
383 398 1
383 446 1
383 481 1
383 500 1
383 714 1
383 760 1
383 874 1
383 880 1
383 937 1
385 390 1
385 418 1
385 422 1
385 445 1
385 533 1
385 612 1
385 877 1
385 958 1
386 649 1
386 823 1
387 395 1
387 482 1
387 597 1
387 621 1
387 839 1
387 890 1
387 936 1
387 966 1
388 540 1
388 611 1
388 750 1
389 547 1
389 562 1
389 674 1
390 447 1
390 613 1
390 690 1
390 862 1
390 902 1
391 647 1
392 783 1
392 832 1
393 510 1
393 684 1
394 640 1
395 535 1
395 542 1
395 572 1
396 925 1
397 775 1
398 623 1
399 648 1
399 780 1
400 524 1
400 732 1
401 587 1
401 642 1
401 887 1
401 965 1
403 411 1
403 465 1
403 466 1
403 697 1
403 715 1
403 725 1
405 590 1
405 780 1
406 564 1
406 859 1
407 430 1
407 538 1
407 612 1
407 718 1
407 789 1
408 524 1
408 841 1
409 724 1
409 968 1
409 982 1
410 424 1
410 508 1
410 927 1
411 807 1
411 825 1
412 648 1
412 852 1
413 442 1
413 444 1
413 488 1
413 538 1
413 655 1
413 742 1
413 771 1
413 916 1
414 442 1
414 464 1
414 478 1
414 629 1
414 758 1
414 791 1
414 847 1
414 912 1
415 629 1
415 659 1
415 826 1
416 906 1
417 419 1
418 995 1
421 474 1
421 560 1
421 731 1
421 758 1
421 950 1
422 460 1
424 496 1
424 624 1
424 741 1
424 926 1
425 437 1
425 452 1
425 639 1
425 683 1
425 758 1
425 909 1
426 529 1
426 643 1
426 658 1
426 763 1
426 769 1
426 954 1
427 985 1
428 446 1
428 492 1
428 535 1
428 689 1
428 740 1
428 807 1
429 433 1
429 479 1
429 855 1
430 466 1
430 782 1
430 867 1
430 891 1
431 557 1
431 580 1
431 861 1
431 891 1
432 774 1
432 939 1
433 454 1
433 619 1
433 877 1
434 513 1
434 594 1
434 702 1
434 749 1
435 449 1
435 648 1
436 678 1
436 699 1
436 768 1
436 935 1
436 949 1
437 578 1
437 605 1
437 738 1
438 449 1
438 551 1
438 571 1
438 651 1
438 663 1
438 784 1
439 441 1
439 604 1
439 914 1
440 510 1
440 672 1
440 736 1
441 518 1
441 605 1
442 484 1
442 715 1
442 730 1
442 748 1
442 809 1
442 882 1
442 905 1
442 948 1
443 613 1
443 627 1
443 868 1
444 707 1
444 743 1
445 652 1
445 735 1
446 778 1
447 475 1
447 485 1
447 612 1
447 635 1
447 672 1
447 736 1
450 594 1
450 645 1
450 941 1
450 945 1
451 654 1
452 841 1
453 549 1
453 628 1
453 668 1
453 738 1
453 744 1
454 566 1
454 648 1
454 939 1
455 767 1
456 654 1
456 686 1
457 633 1
457 820 1
457 864 1
458 467 1
458 569 1
458 625 1
458 626 1
458 785 1
458 790 1
458 833 1
458 965 1
459 461 1
459 540 1
459 560 1
459 590 1
459 661 1
459 706 1
459 752 1
459 799 1
459 809 1
459 834 1
460 599 1
460 606 1
460 656 1
461 761 1
461 803 1
462 788 1
464 755 1
465 466 1
465 768 1
466 741 1
466 839 1
467 510 1
467 525 1
467 777 1
467 796 1
468 627 1
468 634 1
468 644 1
468 661 1
468 900 1
469 604 1
470 502 1
470 686 1
470 942 1
471 499 1
471 778 1
472 849 1
473 499 1
473 592 1
473 615 1
473 841 1
474 557 1
474 756 1
474 878 1
474 898 1
474 900 1
475 749 1
475 835 1
477 522 1
477 677 1
477 807 1
477 881 1
477 981 1
478 697 1
479 491 1
479 541 1
479 698 1
479 722 1
479 742 1
479 828 1
480 565 1
480 637 1
480 657 1
480 865 1
481 588 1
481 811 1
482 660 1
482 694 1
482 929 1
482 949 1
483 677 1
484 543 1
484 551 1
484 582 1
484 647 1
484 735 1
484 911 1
484 943 1
485 497 1
485 579 1
486 497 1
486 577 1
486 602 1
487 906 1
488 708 1
490 736 1
490 926 1
493 511 1
493 648 1
494 937 1
495 816 1
495 860 1
495 894 1
497 713 1
498 516 1
498 690 1
498 854 1
499 506 1
499 607 1
499 657 1
499 666 1
499 821 1
499 953 1
499 954 1
500 506 1
502 812 1
503 681 1
503 695 1
503 888 1
504 615 1
504 806 1
505 599 1
505 659 1
505 727 1
505 815 1
507 626 1
507 914 1
508 552 1
511 896 1
512 630 1
512 726 1
513 619 1
513 760 1
514 597 1
514 625 1
514 659 1
514 792 1
514 991 1
515 975 1
516 541 1
516 675 1
516 726 1
517 557 1
517 739 1
517 938 1
517 991 1
518 542 1
518 587 1
518 901 1
519 779 1
519 863 1
519 937 1
521 570 1
521 866 1
522 663 1
522 829 1
522 838 1
523 893 1
523 984 1
524 567 1
524 572 1
526 764 1
526 779 1
526 846 1
526 988 1
526 992 1
527 630 1
527 820 1
528 805 1
530 581 1
530 705 1
530 939 1
531 740 1
531 798 1
532 668 1
533 621 1
534 599 1
534 725 1
537 551 1
537 749 1
537 765 1
537 883 1
537 920 1
538 550 1
540 895 1
541 759 1
542 915 1
543 581 1
543 627 1
543 762 1
544 603 1
544 700 1
545 642 1
545 674 1
545 754 1
546 578 1
546 623 1
546 922 1
547 680 1
547 734 1
547 879 1
548 618 1
548 752 1
550 637 1
551 673 1
551 709 1
552 553 1
553 682 1
553 856 1
555 831 1
555 866 1
555 934 1
556 788 1
556 793 1
556 898 1
556 956 1
556 980 1
558 561 1
558 574 1
558 650 1
559 594 1
559 969 1
560 568 1
560 808 1
562 727 1
562 744 1
563 578 1
564 570 1
564 650 1
564 764 1
564 770 1
567 686 1
567 921 1
568 580 1
568 691 1
568 837 1
569 821 1
570 596 1
570 682 1
570 711 1
570 882 1
570 969 1
570 987 1
572 745 1
573 766 1
573 913 1
574 960 1
575 732 1
575 894 1
575 962 1
576 678 1
576 733 1
576 762 1
576 767 1
577 635 1
577 781 1
578 668 1
578 836 1
579 717 1
579 863 1
579 952 1
579 970 1
580 643 1
580 896 1
581 584 1
581 785 1
581 873 1
581 878 1
582 828 1
583 594 1
583 816 1
583 916 1
584 649 1
584 718 1
584 818 1
584 869 1
584 897 1
584 902 1
584 924 1
585 938 1
586 850 1
587 616 1
587 662 1
587 991 1
590 822 1
591 776 1
592 696 1
593 760 1
595 676 1
597 655 1
597 784 1
597 936 1
597 961 1
601 737 1
601 738 1
601 789 1
601 796 1
603 919 1
603 975 1
603 987 1
603 996 1
604 908 1
604 947 1
605 823 1
607 910 1
608 777 1
609 643 1
609 654 1
609 967 1
610 664 1
611 891 1
611 946 1
612 635 1
612 848 1
612 919 1
614 630 1
614 659 1
614 708 1
614 899 1
617 892 1
617 959 1
618 687 1
622 639 1
622 748 1
624 771 1
625 698 1
625 710 1
626 680 1
626 699 1
626 849 1
626 882 1
626 933 1
627 839 1
627 931 1
628 721 1
630 685 1
630 690 1
630 867 1
631 708 1
633 687 1
633 691 1
633 777 1
634 721 1
635 769 1
636 804 1
640 842 1
641 844 1
641 893 1
641 929 1
642 762 1
642 979 1
644 923 1
646 969 1
647 729 1
647 935 1
647 956 1
648 983 1
649 857 1
649 978 1
650 962 1
650 987 1
650 992 1
652 697 1
653 679 1
653 721 1
654 804 1
655 800 1
655 919 1
659 825 1
660 871 1
660 903 1
661 843 1
662 948 1
663 877 1
663 889 1
664 678 1
664 786 1
666 732 1
667 761 1
670 896 1
670 998 1
671 692 1
671 798 1
673 858 1
673 890 1
675 822 1
675 930 1
677 714 1
677 836 1
681 687 1
681 758 1
681 797 1
681 930 1
682 731 1
682 991 1
685 840 1
685 959 1
685 967 1
686 754 1
686 782 1
686 957 1
687 835 1
688 755 1
689 931 1
690 840 1
691 711 1
692 730 1
692 958 1
694 851 1
699 751 1
699 761 1
699 955 1
700 789 1
701 969 1
705 772 1
705 848 1
706 718 1
707 717 1
712 728 1
713 744 1
713 779 1
715 754 1
715 763 1
715 933 1
715 959 1
715 978 1
720 900 1
720 946 1
723 958 1
724 885 1
728 804 1
728 858 1
730 806 1
731 791 1
731 810 1
732 924 1
732 976 1
735 786 1
736 934 1
736 986 1
738 880 1
740 959 1
744 856 1
744 940 1
746 787 1
746 949 1
747 928 1
747 970 1
748 804 1
750 809 1
750 868 1
750 928 1
752 785 1
754 947 1
757 927 1
758 824 1
762 833 1
762 951 1
763 911 1
764 817 1
764 832 1
765 826 1
772 910 1
772 918 1
780 784 1
785 873 1
786 797 1
788 931 1
788 1000 1
790 920 1
792 842 1
793 904 1
793 926 1
794 873 1
796 972 1
803 815 1
803 851 1
806 845 1
807 997 1
808 923 1
809 867 1
811 914 1
813 870 1
814 938 1
815 967 1
818 874 1
818 983 1
819 872 1
822 843 1
823 861 1
830 924 1
831 912 1
833 952 1
837 880 1
837 913 1
840 978 1
848 877 1
848 944 1
849 971 1
862 877 1
863 864 1
863 881 1
863 929 1
867 995 1
871 913 1
874 898 1
874 938 1
874 990 1
875 988 1
876 995 1
877 910 1
878 935 1
879 983 1
884 927 1
884 985 1
889 990 1
892 967 1
896 922 1
897 979 1
900 934 1
901 951 1
903 935 1
915 945 1
917 994 1
922 973 1
924 989 1
925 974 1
933 980 1
951 983 1
