1000 4975
1 2 1
1 3 1
1 4 1
1 5 1
1 6 1
1 7 1
1 8 1
1 9 1
1 10 1
1 11 1
1 12 1
1 13 1
1 17 1
1 20 1
1 21 1
1 22 1
1 24 1
1 25 1
1 26 1
1 27 1
1 30 1
1 32 1
1 34 1
1 36 1
1 37 1
1 47 1
1 51 1
1 59 1
1 64 1
1 66 1
1 69 1
1 70 1
1 71 1
1 76 1
1 81 1
1 84 1
1 89 1
1 94 1
1 101 1
1 105 1
1 107 1
1 108 1
1 110 1
1 111 1
1 119 1
1 121 1
1 127 1
1 133 1
1 135 1
1 141 1
1 145 1
1 165 1
1 170 1
1 176 1
1 211 1
1 213 1
1 240 1
1 243 1
1 244 1
1 251 1
1 270 1
1 273 1
1 279 1
1 290 1
1 299 1
1 301 1
1 319 1
1 337 1
1 342 1
1 360 1
1 367 1
1 384 1
1 397 1
1 428 1
1 453 1
1 464 1
1 473 1
1 481 1
1 489 1
1 501 1
1 530 1
1 532 1
1 540 1
1 547 1
1 558 1
1 645 1
1 666 1
1 681 1
1 690 1
1 693 1
1 694 1
1 698 1
1 711 1
1 713 1
1 735 1
1 736 1
1 744 1
1 776 1
1 796 1
1 806 1
1 822 1
1 829 1
1 855 1
1 896 1
1 903 1
1 905 1
1 911 1
1 931 1
1 961 1
1 1000 1
2 7 1
2 8 1
2 11 1
2 15 1
2 18 1
2 22 1
2 37 1
2 42 1
2 46 1
2 50 1
2 54 1
2 57 1
2 69 1
2 84 1
2 90 1
2 106 1
2 108 1
2 111 1
2 117 1
2 129 1
2 132 1
2 137 1
2 138 1
2 141 1
2 147 1
2 153 1
2 155 1
2 160 1
2 162 1
2 168 1
2 173 1
2 212 1
2 230 1
2 231 1
2 237 1
2 238 1
2 257 1
2 258 1
2 278 1
2 279 1
2 293 1
2 311 1
2 321 1
2 353 1
2 354 1
2 355 1
2 359 1
2 365 1
2 379 1
2 463 1
2 487 1
2 497 1
2 499 1
2 512 1
2 515 1
2 526 1
2 532 1
2 546 1
2 555 1
2 562 1
2 570 1
2 588 1
2 595 1
2 597 1
2 602 1
2 636 1
2 656 1
2 683 1
2 764 1
2 784 1
2 799 1
2 809 1
2 919 1
2 934 1
2 936 1
2 967 1
3 7 1
3 9 1
3 10 1
3 12 1
3 14 1
3 17 1
3 25 1
3 36 1
3 40 1
3 44 1
3 48 1
3 55 1
3 74 1
3 92 1
3 97 1
3 142 1
3 176 1
3 202 1
3 264 1
3 350 1
3 463 1
3 509 1
3 525 1
3 528 1
3 532 1
3 552 1
3 555 1
3 578 1
3 582 1
3 620 1
3 680 1
3 681 1
3 739 1
3 826 1
3 847 1
3 867 1
4 7 1
4 8 1
4 9 1
4 11 1
4 12 1
4 13 1
4 15 1
4 16 1
4 19 1
4 21 1
4 26 1
4 27 1
4 28 1
4 29 1
4 30 1
4 32 1
4 40 1
4 46 1
4 52 1
4 54 1
4 55 1
4 58 1
4 59 1
4 64 1
4 73 1
4 79 1
4 81 1
4 85 1
4 92 1
4 95 1
4 99 1
4 104 1
4 110 1
4 112 1
4 115 1
4 137 1
4 150 1
4 152 1
4 177 1
4 196 1
4 202 1
4 208 1
4 224 1
4 233 1
4 246 1
4 251 1
4 256 1
4 266 1
4 267 1
4 299 1
4 309 1
4 323 1
4 326 1
4 328 1
4 351 1
4 357 1
4 362 1
4 373 1
4 376 1
4 386 1
4 430 1
4 451 1
4 480 1
4 517 1
4 530 1
4 531 1
4 571 1
4 573 1
4 579 1
4 601 1
4 609 1
4 635 1
4 639 1
4 692 1
4 709 1
4 716 1
4 721 1
4 728 1
4 744 1
4 774 1
4 815 1
4 838 1
4 843 1
4 850 1
4 882 1
4 892 1
4 916 1
4 952 1
5 76 1
5 132 1
5 159 1
5 238 1
5 362 1
5 602 1
5 689 1
5 898 1
6 7 1
6 8 1
6 9 1
6 10 1
6 13 1
6 15 1
6 17 1
6 18 1
6 23 1
6 26 1
6 28 1
6 31 1
6 35 1
6 40 1
6 45 1
6 56 1
6 60 1
6 62 1
6 70 1
6 76 1
6 93 1
6 99 1
6 145 1
6 148 1
6 150 1
6 184 1
6 194 1
6 240 1
6 245 1
6 304 1
6 369 1
6 387 1
6 408 1
6 429 1
6 492 1
6 513 1
6 528 1
6 548 1
6 570 1
6 618 1
6 622 1
6 624 1
6 637 1
6 669 1
6 718 1
6 739 1
6 799 1
6 893 1
6 912 1
6 926 1
6 928 1
6 945 1
6 994 1
7 8 1
7 9 1
7 11 1
7 12 1
7 13 1
7 14 1
7 15 1
7 17 1
7 18 1
7 19 1
7 20 1
7 21 1
7 23 1
7 27 1
7 29 1
7 31 1
7 38 1
7 39 1
7 43 1
7 44 1
7 47 1
7 53 1
7 56 1
7 61 1
7 66 1
7 71 1
7 75 1
7 77 1
7 81 1
7 82 1
7 88 1
7 90 1
7 91 1
7 97 1
7 107 1
7 111 1
7 118 1
7 119 1
7 124 1
7 128 1
7 149 1
7 169 1
7 173 1
7 174 1
7 178 1
7 186 1
7 189 1
7 195 1
7 196 1
7 198 1
7 200 1
7 213 1
7 214 1
7 228 1
7 231 1
7 253 1
7 256 1
7 289 1
7 317 1
7 319 1
7 331 1
7 334 1
7 336 1
7 342 1
7 354 1
7 356 1
7 357 1
7 375 1
7 380 1
7 388 1
7 402 1
7 408 1
7 417 1
7 422 1
7 426 1
7 447 1
7 473 1
7 479 1
7 510 1
7 511 1
7 547 1
7 552 1
7 557 1
7 580 1
7 594 1
7 601 1
7 618 1
7 620 1
7 626 1
7 648 1
7 658 1
7 666 1
7 682 1
7 690 1
7 696 1
7 707 1
7 729 1
7 766 1
7 788 1
7 853 1
7 912 1
7 919 1
7 966 1
7 979 1
7 983 1
7 993 1
7 994 1
7 997 1
8 10 1
8 11 1
8 13 1
8 14 1
8 15 1
8 20 1
8 23 1
8 25 1
8 26 1
8 28 1
8 29 1
8 30 1
8 31 1
8 32 1
8 33 1
8 34 1
8 35 1
8 36 1
8 44 1
8 46 1
8 52 1
8 54 1
8 69 1
8 70 1
8 72 1
8 77 1
8 79 1
8 86 1
8 87 1
8 88 1
8 97 1
8 99 1
8 102 1
8 132 1
8 136 1
8 139 1
8 145 1
8 146 1
8 150 1
8 151 1
8 158 1
8 165 1
8 167 1
8 171 1
8 181 1
8 200 1
8 203 1
8 207 1
8 216 1
8 223 1
8 226 1
8 229 1
8 234 1
8 240 1
8 249 1
8 250 1
8 262 1
8 265 1
8 277 1
8 283 1
8 285 1
8 293 1
8 310 1
8 319 1
8 343 1
8 347 1
8 358 1
8 365 1
8 413 1
8 421 1
8 428 1
8 429 1
8 460 1
8 466 1
8 472 1
8 475 1
8 523 1
8 531 1
8 541 1
8 552 1
8 564 1
8 566 1
8 591 1
8 602 1
8 613 1
8 614 1
8 618 1
8 627 1
8 632 1
8 639 1
8 662 1
8 671 1
8 703 1
8 739 1
8 756 1
8 772 1
8 821 1
8 827 1
8 838 1
8 849 1
8 879 1
8 885 1
8 917 1
8 919 1
8 936 1
8 942 1
8 950 1
8 952 1
8 954 1
8 978 1
8 996 1
9 10 1
9 14 1
9 16 1
9 21 1
9 22 1
9 23 1
9 24 1
9 30 1
9 49 1
9 56 1
9 57 1
9 58 1
9 60 1
9 63 1
9 65 1
9 68 1
9 72 1
9 73 1
9 76 1
9 84 1
9 87 1
9 96 1
9 101 1
9 103 1
9 112 1
9 113 1
9 115 1
9 116 1
9 122 1
9 131 1
9 143 1
9 155 1
9 193 1
9 195 1
9 221 1
9 260 1
9 274 1
9 302 1
9 303 1
9 310 1
9 318 1
9 334 1
9 365 1
9 410 1
9 420 1
9 485 1
9 545 1
9 547 1
9 560 1
9 561 1
9 594 1
9 603 1
9 605 1
9 611 1
9 613 1
9 620 1
9 677 1
9 679 1
9 729 1
9 733 1
9 746 1
9 785 1
9 787 1
9 865 1
9 880 1
9 896 1
9 957 1
9 976 1
9 979 1
9 998 1
10 24 1
10 29 1
10 47 1
10 48 1
10 54 1
10 68 1
10 69 1
10 72 1
10 83 1
10 90 1
10 100 1
10 109 1
10 112 1
10 114 1
10 138 1
10 155 1
10 166 1
10 197 1
10 201 1
10 207 1
10 214 1
10 244 1
10 261 1
10 264 1
10 290 1
10 318 1
10 337 1
10 397 1
10 413 1
10 422 1
10 426 1
10 485 1
10 490 1
10 491 1
10 492 1
10 498 1
10 518 1
10 599 1
10 634 1
10 637 1
10 663 1
10 697 1
10 723 1
10 736 1
10 775 1
10 796 1
10 846 1
10 854 1
10 859 1
10 874 1
10 895 1
10 938 1
10 946 1
10 987 1
10 996 1
11 12 1
11 14 1
11 16 1
11 18 1
11 25 1
11 33 1
11 35 1
11 39 1
11 41 1
11 42 1
11 51 1
11 77 1
11 80 1
11 83 1
11 88 1
11 91 1
11 100 1
11 114 1
11 126 1
11 132 1
11 163 1
11 195 1
11 206 1
11 221 1
11 223 1
11 231 1
11 279 1
11 281 1
11 292 1
11 303 1
11 307 1
11 319 1
11 340 1
11 345 1
11 351 1
11 368 1
11 392 1
11 424 1
11 429 1
11 433 1
11 444 1
11 468 1
11 472 1
11 495 1
11 521 1
11 597 1
11 598 1
11 607 1
11 608 1
11 637 1
11 688 1
11 771 1
11 827 1
11 863 1
11 875 1
11 928 1
11 972 1
11 981 1
12 16 1
12 17 1
12 20 1
12 30 1
12 35 1
12 39 1
12 44 1
12 48 1
12 53 1
12 64 1
12 74 1
12 78 1
12 80 1
12 93 1
12 123 1
12 135 1
12 161 1
12 162 1
12 175 1
12 179 1
12 184 1
12 185 1
12 236 1
12 267 1
12 269 1
12 282 1
12 319 1
12 343 1
12 370 1
12 412 1
12 568 1
12 669 1
12 722 1
12 723 1
12 743 1
12 754 1
12 809 1
12 830 1
12 868 1
12 927 1
12 958 1
13 18 1
13 24 1
13 39 1
13 43 1
13 50 1
13 54 1
13 62 1
13 68 1
13 77 1
13 80 1
13 81 1
13 95 1
13 99 1
13 109 1
13 110 1
13 125 1
13 147 1
13 208 1
13 223 1
13 234 1
13 257 1
13 303 1
13 325 1
13 327 1
13 382 1
13 418 1
13 513 1
13 540 1
13 670 1
13 723 1
13 775 1
13 795 1
13 956 1
13 989 1
13 992 1
14 16 1
14 19 1
14 20 1
14 32 1
14 35 1
14 45 1
14 108 1
14 152 1
14 161 1
14 193 1
14 204 1
14 234 1
14 239 1
14 259 1
14 286 1
14 297 1
14 301 1
14 311 1
14 314 1
14 324 1
14 326 1
14 339 1
14 500 1
14 503 1
14 520 1
14 522 1
14 562 1
14 628 1
14 630 1
14 639 1
14 665 1
14 683 1
14 715 1
14 741 1
14 767 1
14 784 1
14 798 1
14 892 1
14 911 1
14 958 1
15 25 1
15 31 1
15 42 1
15 45 1
15 47 1
15 49 1
15 57 1
15 64 1
15 65 1
15 78 1
15 83 1
15 89 1
15 97 1
15 100 1
15 130 1
15 134 1
15 140 1
15 191 1
15 198 1
15 225 1
15 246 1
15 268 1
15 270 1
15 273 1
15 280 1
15 285 1
15 324 1
15 332 1
15 378 1
15 408 1
15 427 1
15 434 1
15 478 1
15 567 1
15 597 1
15 600 1
15 628 1
15 656 1
15 718 1
15 720 1
15 735 1
15 749 1
15 807 1
15 811 1
15 865 1
15 902 1
15 920 1
15 949 1
15 985 1
16 19 1
16 31 1
16 34 1
16 39 1
16 41 1
16 47 1
16 55 1
16 63 1
16 77 1
16 79 1
16 84 1
16 86 1
16 94 1
16 139 1
16 141 1
16 142 1
16 170 1
16 183 1
16 184 1
16 190 1
16 198 1
16 242 1
16 276 1
16 286 1
16 288 1
16 306 1
16 307 1
16 312 1
16 329 1
16 351 1
16 379 1
16 409 1
16 446 1
16 516 1
16 518 1
16 519 1
16 534 1
16 536 1
16 542 1
16 546 1
16 555 1
16 566 1
16 593 1
16 606 1
16 663 1
16 670 1
16 689 1
16 696 1
16 702 1
16 759 1
16 847 1
16 857 1
16 889 1
16 890 1
16 962 1
17 19 1
17 22 1
17 28 1
17 33 1
17 36 1
17 40 1
17 44 1
17 49 1
17 52 1
17 63 1
17 66 1
17 71 1
17 72 1
17 74 1
17 85 1
17 89 1
17 102 1
17 109 1
17 128 1
17 130 1
17 135 1
17 141 1
17 166 1
17 201 1
17 204 1
17 216 1
17 218 1
17 232 1
17 239 1
17 241 1
17 248 1
17 255 1
17 256 1
17 258 1
17 269 1
17 278 1
17 306 1
17 322 1
17 352 1
17 374 1
17 377 1
17 381 1
17 399 1
17 427 1
17 441 1
17 468 1
17 510 1
17 589 1
17 622 1
17 641 1
17 646 1
17 650 1
17 655 1
17 661 1
17 800 1
17 835 1
17 953 1
18 21 1
18 22 1
18 23 1
18 24 1
18 26 1
18 43 1
18 46 1
18 82 1
18 148 1
18 156 1
18 168 1
18 189 1
18 196 1
18 220 1
18 237 1
18 249 1
18 258 1
18 296 1
18 304 1
18 343 1
18 348 1
18 359 1
18 399 1
18 401 1
18 407 1
18 416 1
18 433 1
18 441 1
18 457 1
18 505 1
18 541 1
18 543 1
18 560 1
18 584 1
18 649 1
18 676 1
18 693 1
18 701 1
18 716 1
18 780 1
18 818 1
18 827 1
18 839 1
18 854 1
18 894 1
18 900 1
18 938 1
19 29 1
19 46 1
19 58 1
19 61 1
19 63 1
19 92 1
19 103 1
19 137 1
19 143 1
19 150 1
19 187 1
19 190 1
19 201 1
19 247 1
19 263 1
19 313 1
19 341 1
19 410 1
19 496 1
19 503 1
19 505 1
19 537 1
19 612 1
19 615 1
19 616 1
19 652 1
19 656 1
19 657 1
19 684 1
19 724 1
19 790 1
19 825 1
19 836 1
19 854 1
19 866 1
19 901 1
19 960 1
19 977 1
19 978 1
20 33 1
20 34 1
20 51 1
20 60 1
20 61 1
20 72 1
20 73 1
20 94 1
20 97 1
20 104 1
20 113 1
20 118 1
20 154 1
20 159 1
20 172 1
20 203 1
20 263 1
20 295 1
20 384 1
20 458 1
20 461 1
20 539 1
20 561 1
20 572 1
20 579 1
20 610 1
20 642 1
20 677 1
20 750 1
20 889 1
20 902 1
21 27 1
21 36 1
21 37 1
21 65 1
21 67 1
21 71 1
21 73 1
21 75 1
21 82 1
21 90 1
21 91 1
21 150 1
21 157 1
21 163 1
21 165 1
21 170 1
21 187 1
21 190 1
21 205 1
21 236 1
21 283 1
21 315 1
21 321 1
21 375 1
21 454 1
21 459 1
21 462 1
21 463 1
21 530 1
21 532 1
21 570 1
21 610 1
21 612 1
21 614 1
21 618 1
21 800 1
21 816 1
21 837 1
21 867 1
21 983 1
22 28 1
22 41 1
22 53 1
22 107 1
22 180 1
22 228 1
22 252 1
22 399 1
22 405 1
22 410 1
22 480 1
22 482 1
22 485 1
22 506 1
22 529 1
22 575 1
22 641 1
22 659 1
22 688 1
22 819 1
22 901 1
22 954 1
23 34 1
23 45 1
23 48 1
23 79 1
23 82 1
23 124 1
23 143 1
23 175 1
23 182 1
23 230 1
23 248 1
23 365 1
23 423 1
23 466 1
23 491 1
23 601 1
23 628 1
23 643 1
23 665 1
23 876 1
23 935 1
23 950 1
24 27 1
24 37 1
24 38 1
24 49 1
24 96 1
24 98 1
24 266 1
24 435 1
24 442 1
24 508 1
24 557 1
24 596 1
24 630 1
24 631 1
24 702 1
24 908 1
24 956 1
25 56 1
25 74 1
25 85 1
25 91 1
25 128 1
25 173 1
25 448 1
25 578 1
25 662 1
25 672 1
25 732 1
25 860 1
25 922 1
26 42 1
26 80 1
26 99 1
26 116 1
26 162 1
26 163 1
26 171 1
26 190 1
26 223 1
26 241 1
26 252 1
26 268 1
26 269 1
26 287 1
26 317 1
26 337 1
26 338 1
26 366 1
26 370 1
26 416 1
26 435 1
26 452 1
26 494 1
26 527 1
26 544 1
26 546 1
26 561 1
26 581 1
26 641 1
26 659 1
26 694 1
26 741 1
26 755 1
26 798 1
27 32 1
27 55 1
27 69 1
27 98 1
27 108 1
27 113 1
27 121 1
27 129 1
27 172 1
27 180 1
27 192 1
27 194 1
27 224 1
27 252 1
27 257 1
27 272 1
27 374 1
27 422 1
27 468 1
27 482 1
27 499 1
27 510 1
27 525 1
27 671 1
27 699 1
27 711 1
27 728 1
27 763 1
27 797 1
27 808 1
27 819 1
27 875 1
27 915 1
27 924 1
27 964 1
28 33 1
28 38 1
28 40 1
28 41 1
28 42 1
28 43 1
28 50 1
28 58 1
28 62 1
28 65 1
28 83 1
28 88 1
28 89 1
28 120 1
28 126 1
28 147 1
28 186 1
28 219 1
28 238 1
28 284 1
28 289 1
28 301 1
28 324 1
28 343 1
28 373 1
28 378 1
28 394 1
28 418 1
28 446 1
28 483 1
28 515 1
28 538 1
28 539 1
28 548 1
28 550 1
28 553 1
28 569 1
28 577 1
28 582 1
28 602 1
28 607 1
28 611 1
28 620 1
28 676 1
28 726 1
28 737 1
28 749 1
28 752 1
28 765 1
28 828 1
28 846 1
28 856 1
28 882 1
28 893 1
28 929 1
28 990 1
29 41 1
29 66 1
29 92 1
29 95 1
29 112 1
29 123 1
29 130 1
29 133 1
29 139 1
29 234 1
29 329 1
29 360 1
29 382 1
29 407 1
29 439 1
29 604 1
29 616 1
29 640 1
29 686 1
29 699 1
29 774 1
29 785 1
29 924 1
30 45 1
30 86 1
30 108 1
30 117 1
30 138 1
30 170 1
30 177 1
30 226 1
30 278 1
30 330 1
30 368 1
30 571 1
30 589 1
30 609 1
30 647 1
30 825 1
30 863 1
30 864 1
31 37 1
31 81 1
31 101 1
31 102 1
31 111 1
31 140 1
31 154 1
31 168 1
31 183 1
31 192 1
31 232 1
31 248 1
31 254 1
31 284 1
31 306 1
31 386 1
31 418 1
31 512 1
31 526 1
31 528 1
31 580 1
31 686 1
31 777 1
31 806 1
31 841 1
31 860 1
31 921 1
31 991 1
31 992 1
32 55 1
32 60 1
32 106 1
32 125 1
32 136 1
32 310 1
32 326 1
32 373 1
32 432 1
32 584 1
32 624 1
32 745 1
32 852 1
32 969 1
33 88 1
33 308 1
33 394 1
33 519 1
33 623 1
33 643 1
33 654 1
34 52 1
34 56 1
34 67 1
34 199 1
34 248 1
34 309 1
34 341 1
34 378 1
34 431 1
34 435 1
34 486 1
34 499 1
34 502 1
34 527 1
34 571 1
34 587 1
34 592 1
34 610 1
34 767 1
34 792 1
34 836 1
34 999 1
35 43 1
35 50 1
35 61 1
35 66 1
35 68 1
35 106 1
35 160 1
35 161 1
35 191 1
35 211 1
35 217 1
35 221 1
35 512 1
35 538 1
35 551 1
35 593 1
35 598 1
35 687 1
35 725 1
35 881 1
35 911 1
35 989 1
36 38 1
36 59 1
36 96 1
36 105 1
36 121 1
36 128 1
36 148 1
36 168 1
36 181 1
36 242 1
36 338 1
36 452 1
36 474 1
36 522 1
36 543 1
36 561 1
36 603 1
36 634 1
36 660 1
36 762 1
36 804 1
36 935 1
36 952 1
37 38 1
37 51 1
37 73 1
37 74 1
37 188 1
37 210 1
37 224 1
37 280 1
37 390 1
37 516 1
37 558 1
37 560 1
37 583 1
37 717 1
37 746 1
37 754 1
37 803 1
37 894 1
38 126 1
38 147 1
38 168 1
38 171 1
38 230 1
38 249 1
38 291 1
38 333 1
38 348 1
38 414 1
38 532 1
38 554 1
38 813 1
38 816 1
38 859 1
38 964 1
39 50 1
39 51 1
39 211 1
39 383 1
39 434 1
39 624 1
39 704 1
39 747 1
39 849 1
39 902 1
40 75 1
40 114 1
40 121 1
40 125 1
40 261 1
40 388 1
40 396 1
40 461 1
40 563 1
40 643 1
40 738 1
40 787 1
40 797 1
40 984 1
41 327 1
41 449 1
41 659 1
41 882 1
42 59 1
42 80 1
42 85 1
42 90 1
42 91 1
42 120 1
42 130 1
42 178 1
42 186 1
42 197 1
42 276 1
42 295 1
42 316 1
42 328 1
42 333 1
42 358 1
42 360 1
42 456 1
42 459 1
42 509 1
42 533 1
42 544 1
42 574 1
42 580 1
42 620 1
42 623 1
42 648 1
42 858 1
42 909 1
42 994 1
43 62 1
43 67 1
43 68 1
43 98 1
43 119 1
43 157 1
43 166 1
43 193 1
43 250 1
43 261 1
43 313 1
43 329 1
43 364 1
43 384 1
43 387 1
43 408 1
43 413 1
43 425 1
43 438 1
43 483 1
43 531 1
43 591 1
43 791 1
43 908 1
43 934 1
43 948 1
44 48 1
44 49 1
44 53 1
44 75 1
44 92 1
44 105 1
44 113 1
44 118 1
44 124 1
44 148 1
44 176 1
44 218 1
44 252 1
44 258 1
44 267 1
44 280 1
44 281 1
44 385 1
44 389 1
44 456 1
44 457 1
44 491 1
44 517 1
44 530 1
44 556 1
44 562 1
44 570 1
44 606 1
44 632 1
44 670 1
44 724 1
44 808 1
44 855 1
44 872 1
44 888 1
44 901 1
44 904 1
44 941 1
44 992 1
45 662 1
46 63 1
46 79 1
46 96 1
46 101 1
46 104 1
46 120 1
46 138 1
46 214 1
46 241 1
46 265 1
46 271 1
46 297 1
46 359 1
46 367 1
46 416 1
46 420 1
46 430 1
46 498 1
46 529 1
46 538 1
46 558 1
46 565 1
46 586 1
46 635 1
46 652 1
46 685 1
46 703 1
46 724 1
46 848 1
46 952 1
46 977 1
46 982 1
47 52 1
47 322 1
47 583 1
47 604 1
47 710 1
48 53 1
48 57 1
48 70 1
48 115 1
48 151 1
48 161 1
48 176 1
48 193 1
48 203 1
48 233 1
48 257 1
48 300 1
48 304 1
48 417 1
48 466 1
48 477 1
48 516 1
48 554 1
48 658 1
48 709 1
48 730 1
48 763 1
48 821 1
49 114 1
49 122 1
49 127 1
49 279 1
49 287 1
49 354 1
49 390 1
49 426 1
49 429 1
49 488 1
49 562 1
49 585 1
49 629 1
49 778 1
49 833 1
49 921 1
50 102 1
50 109 1
50 178 1
50 181 1
50 182 1
50 247 1
50 266 1
50 345 1
50 368 1
50 398 1
50 421 1
50 449 1
50 460 1
50 571 1
50 594 1
50 602 1
50 629 1
50 645 1
50 668 1
50 801 1
50 878 1
50 988 1
51 57 1
51 78 1
51 93 1
51 143 1
51 146 1
51 158 1
51 160 1
51 165 1
51 184 1
51 204 1
51 205 1
51 236 1
51 281 1
51 313 1
51 316 1
51 367 1
51 369 1
51 413 1
51 422 1
51 497 1
51 501 1
51 513 1
51 549 1
51 614 1
51 617 1
51 656 1
51 683 1
51 706 1
51 839 1
51 862 1
51 942 1
51 953 1
51 958 1
51 964 1
51 979 1
51 998 1
52 64 1
52 107 1
52 120 1
52 157 1
52 173 1
52 180 1
52 295 1
52 325 1
52 349 1
52 391 1
52 406 1
52 508 1
52 522 1
52 536 1
52 630 1
52 672 1
52 691 1
52 732 1
52 802 1
52 830 1
52 832 1
52 848 1
52 858 1
52 947 1
52 950 1
53 58 1
53 59 1
53 61 1
53 83 1
53 87 1
53 104 1
53 105 1
53 164 1
53 181 1
53 187 1
53 201 1
53 220 1
53 244 1
53 340 1
53 367 1
53 409 1
53 442 1
53 479 1
53 495 1
53 496 1
53 545 1
53 631 1
53 655 1
53 664 1
53 666 1
53 703 1
53 757 1
53 813 1
53 885 1
53 914 1
53 918 1
53 946 1
53 961 1
54 86 1
54 149 1
54 151 1
54 163 1
54 192 1
54 193 1
54 195 1
54 220 1
54 235 1
54 250 1
54 320 1
54 387 1
54 397 1
54 399 1
54 474 1
54 591 1
54 593 1
54 599 1
54 890 1
55 78 1
55 104 1
55 118 1
55 135 1
55 174 1
55 215 1
55 252 1
55 274 1
55 278 1
55 294 1
55 372 1
55 467 1
55 518 1
55 729 1
55 951 1
55 984 1
56 71 1
56 115 1
56 136 1
56 141 1
56 158 1
56 301 1
56 311 1
56 427 1
56 440 1
56 651 1
56 771 1
56 777 1
56 835 1
56 944 1
56 988 1
56 999 1
57 228 1
57 450 1
57 696 1
57 726 1
57 729 1
58 62 1
58 106 1
58 110 1
58 117 1
58 139 1
58 224 1
58 312 1
58 379 1
58 395 1
58 412 1
58 445 1
58 466 1
58 500 1
58 586 1
58 595 1
58 627 1
58 644 1
58 714 1
58 929 1
58 955 1
59 60 1
59 67 1
59 93 1
59 103 1
59 121 1
59 199 1
59 266 1
59 443 1
59 471 1
59 553 1
59 643 1
59 665 1
59 700 1
59 868 1
59 896 1
59 926 1
59 982 1
60 65 1
60 76 1
60 85 1
60 93 1
60 124 1
60 140 1
60 177 1
60 249 1
60 251 1
60 339 1
60 388 1
60 415 1
60 481 1
60 527 1
60 565 1
60 589 1
60 611 1
60 688 1
60 726 1
60 809 1
60 865 1
60 945 1
61 158 1
61 242 1
61 396 1
61 403 1
61 460 1
61 785 1
61 942 1
62 70 1
62 87 1
62 151 1
62 212 1
62 231 1
62 305 1
62 312 1
62 330 1
62 366 1
62 376 1
62 381 1
62 424 1
62 476 1
62 484 1
62 520 1
62 523 1
62 524 1
62 558 1
62 579 1
62 618 1
62 660 1
62 695 1
62 737 1
62 749 1
62 761 1
62 825 1
62 923 1
62 994 1
63 127 1
63 152 1
63 196 1
63 270 1
63 374 1
63 404 1
63 503 1
63 534 1
63 635 1
63 688 1
63 701 1
63 771 1
63 976 1
64 67 1
64 111 1
64 136 1
64 156 1
64 175 1
64 196 1
64 214 1
64 250 1
64 263 1
64 457 1
64 528 1
65 82 1
65 95 1
65 557 1
66 228 1
66 229 1
66 332 1
66 369 1
66 405 1
66 576 1
66 578 1
66 619 1
66 703 1
66 799 1
66 813 1
66 900 1
66 965 1
66 974 1
67 75 1
67 191 1
67 207 1
67 450 1
67 456 1
67 464 1
67 534 1
67 646 1
67 919 1
68 96 1
68 102 1
68 105 1
68 122 1
68 136 1
68 147 1
68 202 1
68 232 1
68 243 1
68 272 1
68 282 1
68 380 1
68 420 1
68 497 1
68 549 1
68 622 1
68 711 1
68 733 1
68 802 1
68 822 1
68 861 1
68 883 1
68 891 1
68 911 1
68 969 1
68 997 1
68 999 1
69 119 1
69 122 1
69 153 1
69 177 1
69 183 1
69 214 1
69 239 1
69 255 1
69 334 1
69 481 1
69 500 1
69 508 1
69 634 1
70 84 1
70 137 1
70 197 1
70 199 1
70 299 1
70 303 1
70 346 1
70 363 1
70 439 1
70 559 1
70 563 1
70 599 1
70 679 1
70 739 1
70 789 1
70 836 1
70 851 1
70 981 1
71 163 1
71 242 1
71 267 1
71 302 1
72 87 1
72 94 1
72 100 1
72 103 1
72 125 1
72 304 1
72 310 1
72 314 1
72 370 1
72 393 1
72 398 1
72 484 1
72 521 1
72 539 1
72 588 1
72 641 1
72 692 1
72 705 1
72 744 1
72 760 1
72 815 1
73 78 1
73 101 1
73 158 1
73 227 1
73 308 1
73 484 1
73 895 1
73 939 1
73 980 1
74 103 1
74 120 1
74 218 1
74 322 1
74 409 1
74 447 1
74 525 1
75 156 1
75 169 1
75 232 1
75 320 1
75 943 1
76 138 1
76 140 1
76 216 1
76 223 1
76 409 1
76 476 1
76 687 1
76 768 1
76 926 1
76 941 1
77 94 1
77 98 1
77 122 1
77 131 1
77 157 1
77 235 1
77 242 1
77 269 1
77 350 1
77 465 1
77 503 1
77 504 1
77 508 1
77 518 1
77 929 1
78 86 1
78 98 1
78 129 1
78 167 1
78 182 1
78 187 1
78 200 1
78 218 1
78 255 1
78 347 1
78 361 1
78 393 1
78 411 1
78 483 1
78 506 1
78 538 1
78 815 1
78 871 1
78 959 1
79 95 1
79 154 1
79 212 1
79 225 1
79 274 1
79 607 1
79 647 1
79 711 1
79 719 1
79 820 1
79 887 1
80 144 1
80 161 1
80 192 1
80 208 1
80 235 1
80 287 1
80 502 1
80 505 1
80 594 1
80 857 1
80 918 1
81 140 1
81 184 1
81 222 1
81 292 1
81 306 1
81 311 1
81 348 1
81 431 1
81 434 1
81 479 1
81 649 1
81 807 1
81 813 1
81 845 1
82 165 1
82 185 1
82 309 1
82 435 1
82 510 1
82 543 1
82 597 1
82 625 1
82 771 1
82 773 1
82 824 1
82 846 1
83 117 1
83 123 1
83 179 1
83 289 1
83 382 1
83 401 1
83 496 1
83 715 1
83 762 1
83 768 1
83 770 1
83 795 1
83 920 1
84 187 1
84 212 1
84 408 1
84 855 1
84 883 1
85 123 1
85 149 1
85 211 1
85 262 1
85 293 1
85 339 1
85 462 1
85 484 1
85 514 1
85 592 1
85 704 1
85 831 1
85 832 1
86 89 1
86 107 1
86 112 1
86 116 1
86 123 1
86 127 1
86 131 1
86 155 1
86 159 1
86 167 1
86 169 1
86 179 1
86 183 1
86 199 1
86 205 1
86 221 1
86 226 1
86 289 1
86 292 1
86 370 1
86 383 1
86 460 1
86 469 1
86 491 1
86 549 1
86 550 1
86 572 1
86 579 1
86 647 1
86 685 1
86 695 1
86 711 1
86 727 1
86 763 1
86 817 1
86 841 1
86 851 1
86 927 1
86 965 1
86 974 1
87 148 1
87 186 1
87 233 1
87 243 1
87 262 1
87 275 1
87 282 1
87 364 1
87 383 1
87 414 1
87 506 1
87 565 1
87 590 1
87 609 1
87 701 1
87 733 1
87 776 1
87 814 1
87 821 1
87 843 1
88 142 1
88 162 1
88 258 1
88 275 1
88 297 1
88 452 1
88 518 1
88 612 1
88 897 1
88 995 1
89 100 1
89 116 1
89 126 1
89 313 1
89 406 1
89 413 1
89 425 1
89 448 1
89 492 1
89 495 1
89 520 1
89 587 1
89 641 1
89 870 1
89 875 1
89 956 1
89 962 1
89 963 1
89 986 1
90 230 1
90 363 1
90 725 1
90 818 1
90 968 1
91 117 1
91 134 1
91 188 1
91 229 1
91 273 1
91 288 1
91 444 1
91 545 1
91 574 1
91 611 1
91 686 1
91 692 1
91 708 1
91 725 1
91 790 1
91 888 1
91 988 1
92 160 1
92 169 1
92 207 1
92 291 1
92 341 1
92 379 1
92 389 1
92 397 1
92 400 1
92 421 1
92 637 1
92 640 1
92 709 1
92 735 1
92 818 1
92 838 1
92 858 1
92 915 1
93 114 1
93 125 1
93 144 1
93 177 1
93 180 1
93 200 1
93 282 1
93 288 1
93 331 1
93 387 1
93 391 1
93 471 1
93 480 1
93 548 1
93 754 1
93 791 1
93 797 1
93 894 1
93 903 1
94 154 1
94 197 1
94 215 1
94 219 1
94 235 1
94 255 1
94 256 1
94 341 1
94 349 1
94 474 1
94 577 1
94 850 1
94 946 1
95 175 1
95 215 1
95 222 1
95 440 1
95 633 1
95 652 1
95 679 1
95 738 1
95 747 1
95 775 1
95 864 1
95 905 1
95 971 1
95 988 1
96 110 1
96 213 1
96 219 1
96 377 1
96 472 1
96 559 1
96 563 1
96 568 1
96 757 1
96 857 1
96 921 1
97 149 1
97 164 1
97 339 1
97 449 1
97 507 1
97 599 1
97 930 1
98 116 1
98 224 1
98 245 1
98 333 1
98 372 1
98 373 1
98 385 1
98 459 1
98 464 1
98 559 1
98 599 1
98 899 1
98 984 1
98 986 1
99 189 1
99 227 1
99 323 1
99 457 1
99 544 1
99 716 1
99 731 1
99 907 1
99 973 1
100 134 1
100 146 1
100 172 1
100 182 1
100 203 1
100 274 1
100 290 1
100 345 1
100 424 1
100 442 1
100 581 1
100 769 1
100 816 1
100 859 1
100 935 1
100 995 1
101 106 1
101 133 1
101 167 1
101 208 1
101 209 1
101 233 1
101 281 1
101 318 1
101 333 1
101 335 1
101 346 1
101 351 1
101 402 1
101 410 1
101 510 1
101 651 1
101 727 1
101 789 1
101 818 1
101 820 1
101 846 1
102 222 1
102 231 1
102 277 1
102 404 1
102 405 1
102 449 1
102 450 1
102 496 1
102 682 1
102 728 1
102 800 1
102 855 1
103 142 1
103 217 1
103 232 1
103 234 1
103 296 1
103 333 1
103 339 1
103 369 1
103 414 1
103 425 1
103 469 1
103 537 1
103 556 1
103 657 1
103 680 1
103 756 1
103 772 1
103 782 1
103 828 1
103 884 1
104 109 1
104 145 1
104 162 1
104 201 1
104 245 1
104 296 1
104 458 1
104 465 1
104 470 1
104 482 1
104 487 1
104 535 1
104 631 1
104 650 1
104 678 1
104 684 1
104 700 1
104 862 1
105 129 1
105 164 1
105 179 1
105 235 1
105 263 1
105 275 1
105 291 1
105 297 1
105 391 1
105 445 1
105 932 1
105 961 1
106 118 1
106 124 1
106 139 1
106 151 1
106 156 1
106 217 1
106 262 1
106 318 1
106 324 1
106 353 1
106 430 1
106 467 1
106 486 1
106 587 1
106 675 1
106 682 1
106 709 1
106 721 1
106 884 1
106 888 1
106 903 1
106 923 1
106 944 1
106 983 1
107 128 1
107 152 1
107 176 1
107 188 1
107 219 1
107 227 1
107 241 1
107 244 1
107 325 1
107 438 1
107 449 1
107 476 1
107 494 1
107 754 1
107 910 1
108 113 1
108 133 1
108 142 1
108 171 1
108 205 1
108 206 1
108 267 1
108 279 1
108 280 1
108 284 1
108 455 1
108 470 1
108 481 1
108 524 1
108 537 1
108 544 1
108 619 1
108 652 1
109 127 1
109 135 1
109 203 1
109 204 1
109 230 1
109 291 1
109 302 1
109 316 1
109 327 1
109 386 1
109 407 1
109 493 1
109 514 1
109 583 1
109 640 1
109 699 1
109 712 1
109 830 1
110 132 1
110 134 1
110 153 1
110 156 1
110 260 1
110 359 1
110 397 1
110 583 1
110 663 1
110 712 1
110 808 1
110 830 1
111 493 1
111 551 1
111 580 1
111 802 1
112 152 1
112 225 1
112 331 1
112 381 1
112 418 1
112 589 1
112 616 1
112 658 1
113 115 1
113 160 1
113 182 1
113 191 1
113 198 1
113 200 1
113 253 1
113 298 1
113 303 1
113 328 1
113 345 1
113 458 1
113 475 1
113 481 1
113 526 1
113 554 1
113 564 1
113 591 1
113 633 1
113 664 1
113 686 1
113 727 1
113 826 1
113 932 1
113 937 1
113 970 1
113 988 1
114 646 1
114 684 1
115 129 1
115 412 1
115 454 1
115 460 1
116 154 1
116 315 1
116 317 1
116 344 1
116 440 1
116 463 1
116 535 1
116 625 1
117 126 1
117 146 1
117 208 1
117 219 1
117 228 1
117 260 1
117 270 1
117 294 1
117 357 1
117 483 1
117 519 1
117 671 1
117 903 1
117 915 1
117 949 1
118 119 1
118 130 1
118 133 1
118 236 1
118 315 1
118 317 1
118 423 1
118 486 1
118 504 1
118 545 1
118 554 1
118 592 1
118 719 1
118 762 1
118 854 1
119 181 1
119 238 1
119 808 1
120 146 1
120 185 1
120 210 1
120 237 1
120 290 1
120 423 1
120 427 1
120 521 1
120 625 1
120 638 1
120 732 1
120 842 1
121 143 1
121 153 1
121 269 1
121 404 1
121 601 1
121 605 1
121 696 1
121 706 1
121 753 1
121 784 1
121 807 1
122 144 1
122 173 1
122 229 1
122 241 1
122 248 1
122 394 1
122 520 1
122 587 1
122 695 1
122 833 1
122 889 1
123 183 1
123 357 1
123 374 1
123 376 1
123 382 1
123 411 1
123 588 1
123 596 1
123 748 1
124 131 1
124 137 1
124 194 1
124 358 1
124 437 1
124 493 1
124 708 1
124 720 1
124 727 1
125 225 1
125 271 1
125 594 1
125 858 1
125 892 1
126 159 1
126 180 1
126 215 1
126 308 1
126 377 1
126 424 1
126 487 1
126 541 1
126 544 1
126 582 1
126 728 1
126 732 1
126 867 1
126 871 1
126 996 1
127 202 1
127 213 1
127 225 1
127 322 1
127 489 1
127 504 1
127 547 1
127 553 1
127 577 1
127 794 1
127 890 1
127 961 1
127 985 1
129 131 1
129 134 1
129 144 1
129 195 1
129 266 1
129 383 1
129 401 1
129 515 1
129 621 1
129 755 1
130 210 1
130 246 1
130 305 1
130 338 1
130 498 1
130 548 1
130 568 1
130 574 1
130 642 1
131 144 1
131 159 1
131 378 1
131 470 1
131 662 1
132 166 1
132 237 1
132 372 1
132 625 1
132 702 1
132 741 1
133 347 1
133 392 1
133 436 1
133 490 1
133 617 1
133 948 1
134 250 1
134 261 1
134 316 1
134 349 1
134 475 1
134 533 1
134 581 1
134 674 1
134 773 1
134 837 1
134 848 1
134 863 1
134 945 1
134 960 1
135 164 1
135 174 1
135 328 1
135 331 1
135 344 1
135 350 1
135 523 1
135 980 1
136 175 1
136 261 1
137 220 1
137 567 1
137 737 1
137 969 1
137 996 1
138 170 1
138 209 1
138 268 1
138 645 1
139 779 1
139 829 1
139 866 1
139 933 1
140 153 1
140 209 1
140 216 1
140 227 1
140 394 1
140 448 1
140 502 1
140 619 1
140 654 1
140 759 1
140 853 1
141 155 1
141 171 1
141 222 1
141 237 1
141 293 1
141 314 1
141 379 1
141 455 1
141 531 1
141 556 1
141 593 1
141 653 1
141 719 1
141 782 1
141 795 1
141 799 1
141 877 1
141 933 1
141 952 1
142 305 1
142 494 1
142 572 1
142 576 1
142 638 1
142 766 1
142 833 1
142 939 1
142 940 1
143 145 1
143 188 1
143 204 1
143 205 1
143 283 1
143 321 1
143 445 1
143 511 1
143 542 1
143 608 1
143 668 1
143 938 1
144 149 1
144 164 1
144 375 1
144 482 1
144 549 1
144 592 1
144 696 1
144 765 1
144 963 1
145 189 1
145 202 1
145 293 1
145 358 1
145 381 1
145 483 1
145 612 1
145 705 1
145 809 1
145 839 1
146 172 1
146 407 1
146 437 1
146 683 1
146 790 1
146 898 1
146 905 1
147 227 1
147 240 1
147 273 1
147 368 1
147 387 1
147 390 1
147 434 1
147 480 1
147 650 1
147 728 1
147 736 1
147 852 1
147 904 1
147 913 1
147 933 1
147 985 1
148 157 1
148 174 1
148 185 1
148 210 1
148 247 1
148 361 1
148 363 1
148 396 1
148 415 1
148 431 1
148 458 1
148 521 1
148 604 1
148 626 1
148 745 1
148 780 1
149 243 1
149 247 1
149 287 1
149 320 1
150 167 1
150 364 1
151 469 1
151 546 1
151 581 1
151 644 1
151 658 1
151 924 1
152 179 1
152 188 1
152 381 1
153 326 1
153 472 1
153 667 1
153 709 1
153 900 1
154 298 1
154 536 1
154 796 1
154 828 1
155 412 1
155 595 1
155 642 1
155 781 1
155 917 1
156 174 1
156 194 1
156 217 1
156 245 1
156 338 1
156 353 1
156 445 1
156 487 1
156 717 1
156 731 1
156 963 1
157 190 1
157 229 1
157 265 1
157 383 1
157 819 1
157 966 1
158 197 1
158 272 1
158 433 1
158 695 1
158 772 1
159 283 1
159 311 1
159 438 1
159 451 1
159 585 1
159 680 1
159 828 1
159 886 1
160 191 1
160 260 1
160 328 1
160 330 1
160 419 1
160 576 1
160 646 1
160 719 1
160 744 1
160 788 1
161 239 1
161 321 1
161 394 1
161 514 1
161 628 1
161 632 1
161 701 1
161 974 1
162 166 1
162 286 1
162 298 1
162 314 1
162 405 1
162 492 1
162 503 1
162 573 1
162 685 1
162 740 1
162 847 1
162 936 1
162 984 1
163 172 1
163 178 1
163 192 1
163 493 1
163 792 1
163 823 1
165 169 1
165 178 1
165 222 1
165 226 1
165 271 1
165 280 1
165 282 1
165 321 1
165 371 1
165 655 1
165 719 1
166 211 1
166 836 1
167 307 1
167 422 1
167 546 1
167 677 1
167 783 1
167 831 1
167 914 1
168 217 1
168 277 1
168 300 1
168 347 1
168 417 1
168 437 1
168 458 1
168 536 1
168 617 1
168 742 1
168 758 1
168 780 1
168 887 1
168 889 1
168 931 1
168 940 1
169 254 1
169 271 1
169 272 1
169 335 1
169 346 1
169 356 1
169 360 1
169 363 1
169 414 1
169 433 1
169 494 1
169 677 1
169 691 1
169 787 1
169 882 1
169 898 1
169 925 1
169 978 1
169 990 1
170 216 1
170 265 1
170 278 1
170 285 1
170 313 1
170 352 1
170 461 1
170 529 1
170 659 1
170 959 1
171 185 1
171 236 1
171 300 1
171 613 1
171 695 1
171 841 1
171 911 1
171 943 1
172 186 1
173 251 1
173 441 1
173 777 1
173 876 1
173 930 1
174 713 1
174 845 1
175 240 1
175 276 1
175 353 1
175 356 1
175 464 1
175 924 1
176 198 1
176 489 1
176 573 1
176 586 1
176 616 1
176 622 1
176 765 1
176 770 1
176 796 1
177 209 1
177 340 1
177 437 1
177 760 1
178 189 1
178 194 1
178 206 1
178 249 1
178 265 1
178 276 1
178 774 1
178 783 1
178 860 1
178 913 1
178 965 1
179 340 1
179 471 1
179 488 1
179 683 1
179 979 1
180 209 1
180 393 1
180 416 1
180 478 1
180 611 1
180 767 1
180 769 1
180 884 1
180 921 1
181 243 1
181 247 1
181 254 1
181 257 1
181 336 1
181 343 1
181 465 1
181 469 1
181 470 1
181 718 1
181 724 1
181 793 1
181 880 1
181 917 1
181 932 1
182 206 1
182 262 1
182 630 1
182 673 1
182 810 1
182 881 1
182 908 1
183 215 1
183 253 1
184 312 1
184 325 1
184 392 1
184 943 1
185 239 1
185 254 1
185 477 1
185 488 1
185 672 1
185 673 1
185 731 1
185 953 1
186 206 1
186 238 1
186 355 1
186 464 1
186 467 1
186 478 1
186 517 1
186 534 1
186 607 1
186 621 1
186 671 1
186 860 1
186 928 1
187 572 1
187 591 1
187 593 1
187 877 1
187 888 1
187 905 1
188 259 1
188 326 1
188 329 1
188 352 1
188 388 1
188 678 1
188 708 1
189 852 1
190 285 1
190 441 1
190 467 1
190 776 1
191 356 1
191 360 1
191 980 1
192 307 1
192 336 1
192 840 1
193 264 1
193 962 1
194 244 1
194 277 1
194 334 1
194 524 1
194 549 1
194 586 1
194 706 1
194 849 1
194 927 1
195 212 1
195 246 1
195 316 1
195 354 1
195 443 1
195 586 1
195 587 1
195 822 1
195 957 1
196 993 1
197 255 1
197 273 1
197 287 1
197 289 1
197 320 1
197 346 1
197 364 1
197 478 1
197 659 1
198 199 1
198 268 1
198 329 1
198 473 1
198 694 1
199 256 1
199 665 1
199 671 1
199 811 1
200 305 1
200 371 1
200 389 1
200 512 1
200 613 1
200 820 1
201 207 1
201 391 1
201 543 1
201 573 1
201 700 1
201 991 1
202 430 1
202 757 1
203 220 1
203 221 1
203 264 1
203 361 1
203 619 1
203 794 1
203 800 1
203 875 1
203 893 1
203 917 1
203 972 1
204 342 1
205 286 1
205 294 1
205 451 1
205 454 1
205 654 1
205 736 1
205 915 1
206 213 1
206 338 1
206 352 1
206 392 1
206 687 1
206 970 1
207 393 1
207 495 1
207 498 1
207 636 1
207 824 1
207 869 1
208 368 1
208 461 1
208 523 1
208 645 1
208 834 1
209 210 1
209 218 1
209 251 1
209 253 1
209 385 1
209 643 1
209 877 1
209 879 1
209 891 1
209 900 1
210 270 1
210 568 1
210 758 1
211 292 1
211 486 1
211 647 1
211 693 1
211 897 1
212 226 1
212 366 1
212 373 1
212 376 1
212 384 1
212 446 1
212 516 1
212 745 1
212 856 1
212 868 1
213 377 1
213 401 1
213 448 1
213 722 1
213 740 1
213 875 1
213 997 1
214 275 1
214 344 1
214 580 1
214 722 1
214 794 1
214 966 1
215 259 1
215 443 1
215 666 1
215 673 1
215 872 1
215 891 1
215 899 1
215 976 1
216 309 1
216 356 1
216 402 1
216 418 1
217 246 1
217 348 1
217 409 1
217 436 1
217 507 1
218 284 1
218 400 1
218 541 1
218 584 1
218 687 1
218 724 1
219 260 1
219 309 1
219 354 1
219 453 1
219 467 1
219 598 1
219 605 1
219 609 1
219 657 1
219 868 1
219 887 1
220 386 1
220 469 1
220 487 1
221 275 1
221 398 1
221 437 1
221 447 1
221 456 1
221 498 1
221 558 1
221 590 1
221 741 1
221 764 1
222 308 1
222 440 1
222 706 1
223 253 1
223 320 1
223 323 1
223 419 1
223 435 1
223 470 1
223 554 1
223 715 1
223 906 1
223 923 1
224 334 1
224 335 1
225 233 1
225 268 1
225 271 1
225 344 1
225 411 1
225 530 1
225 566 1
225 700 1
225 937 1
225 975 1
227 281 1
228 245 1
228 263 1
228 557 1
228 655 1
228 922 1
228 950 1
229 284 1
229 537 1
229 619 1
229 713 1
229 775 1
229 797 1
229 937 1
230 497 1
230 545 1
230 963 1
231 296 1
231 399 1
231 623 1
231 673 1
231 820 1
232 340 1
232 526 1
232 632 1
232 704 1
232 868 1
232 913 1
233 443 1
233 590 1
233 974 1
234 308 1
234 389 1
234 631 1
234 878 1
235 417 1
235 420 1
235 507 1
235 588 1
235 668 1
235 873 1
235 943 1
235 959 1
236 276 1
236 358 1
236 454 1
236 536 1
236 537 1
236 578 1
236 691 1
236 723 1
236 753 1
236 986 1
237 299 1
237 314 1
237 351 1
237 365 1
237 511 1
237 605 1
237 610 1
238 579 1
238 664 1
238 871 1
239 254 1
239 274 1
239 286 1
239 322 1
239 411 1
239 474 1
239 489 1
239 512 1
239 872 1
239 918 1
239 957 1
240 569 1
241 438 1
241 923 1
242 436 1
243 337 1
243 572 1
243 763 1
243 833 1
244 367 1
244 441 1
244 475 1
244 515 1
244 524 1
244 573 1
245 298 1
245 355 1
245 439 1
245 500 1
245 698 1
245 865 1
246 272 1
246 395 1
246 627 1
246 886 1
247 403 1
247 793 1
247 817 1
247 897 1
247 987 1
248 297 1
248 304 1
248 361 1
248 403 1
248 450 1
248 501 1
248 548 1
248 604 1
248 657 1
248 870 1
248 895 1
249 575 1
249 600 1
249 669 1
249 956 1
249 967 1
250 344 1
250 346 1
250 405 1
250 412 1
250 482 1
250 600 1
250 642 1
250 987 1
251 302 1
251 332 1
251 476 1
251 479 1
251 542 1
251 560 1
251 648 1
251 814 1
251 887 1
252 259 1
252 283 1
252 307 1
252 362 1
252 404 1
252 430 1
252 575 1
252 600 1
252 740 1
252 892 1
252 925 1
252 954 1
252 960 1
253 259 1
253 288 1
253 298 1
253 416 1
253 535 1
253 700 1
253 840 1
254 529 1
254 564 1
254 795 1
255 359 1
255 424 1
255 428 1
255 472 1
255 490 1
255 734 1
255 879 1
255 931 1
255 970 1
256 395 1
256 402 1
256 748 1
256 898 1
257 312 1
257 630 1
257 826 1
257 835 1
258 590 1
258 600 1
258 811 1
258 962 1
259 582 1
259 816 1
259 834 1
259 886 1
260 264 1
260 285 1
260 349 1
260 352 1
260 459 1
260 513 1
260 726 1
261 290 1
261 773 1
262 332 1
262 377 1
262 427 1
262 767 1
263 294 1
263 565 1
263 963 1
264 327 1
264 752 1
264 801 1
264 835 1
265 294 1
265 442 1
265 465 1
265 504 1
265 755 1
265 768 1
265 778 1
265 785 1
266 288 1
266 432 1
266 904 1
266 977 1
267 372 1
267 504 1
267 649 1
267 669 1
267 694 1
268 682 1
268 714 1
268 840 1
268 869 1
269 406 1
269 955 1
270 323 1
271 324 1
271 341 1
271 428 1
271 847 1
272 277 1
272 335 1
272 606 1
273 300 1
273 331 1
273 485 1
273 493 1
273 506 1
274 295 1
274 306 1
274 371 1
274 463 1
274 664 1
274 998 1
275 477 1
275 489 1
275 699 1
275 842 1
275 877 1
276 401 1
276 403 1
276 691 1
276 771 1
276 872 1
276 967 1
276 982 1
277 363 1
277 792 1
278 291 1
278 299 1
278 371 1
278 390 1
278 484 1
278 805 1
278 836 1
278 926 1
279 350 1
279 443 1
279 542 1
279 565 1
279 636 1
279 663 1
279 984 1
280 420 1
280 647 1
280 702 1
280 730 1
281 969 1
282 533 1
282 542 1
282 706 1
282 989 1
283 310 1
283 348 1
283 423 1
283 480 1
283 826 1
283 915 1
284 305 1
284 330 1
284 350 1
284 502 1
284 644 1
284 664 1
284 788 1
285 385 1
285 661 1
285 673 1
285 721 1
285 810 1
285 865 1
285 972 1
286 651 1
286 989 1
287 374 1
287 380 1
287 404 1
287 561 1
287 574 1
287 608 1
287 636 1
287 802 1
287 968 1
288 315 1
288 391 1
288 597 1
289 382 1
289 388 1
289 606 1
289 612 1
289 693 1
289 779 1
289 982 1
290 301 1
290 378 1
290 522 1
290 605 1
290 929 1
291 292 1
291 364 1
292 295 1
292 300 1
292 336 1
292 731 1
292 873 1
293 431 1
293 445 1
293 622 1
293 636 1
293 870 1
293 878 1
293 896 1
294 678 1
294 845 1
294 855 1
294 925 1
294 931 1
295 296 1
295 419 1
295 440 1
295 682 1
295 730 1
295 822 1
299 302 1
299 323 1
299 337 1
299 414 1
299 415 1
299 663 1
299 922 1
300 318 1
300 347 1
300 403 1
300 423 1
300 569 1
300 800 1
300 824 1
301 335 1
301 345 1
301 353 1
301 425 1
301 553 1
301 768 1
301 774 1
301 798 1
301 907 1
301 981 1
302 336 1
302 406 1
302 505 1
302 615 1
302 783 1
302 927 1
302 986 1
303 829 1
304 590 1
305 317 1
305 330 1
305 357 1
305 376 1
305 444 1
305 511 1
305 534 1
305 563 1
305 615 1
306 457 1
307 697 1
308 432 1
308 748 1
308 783 1
308 832 1
309 631 1
309 640 1
309 770 1
309 854 1
309 874 1
310 315 1
310 638 1
310 909 1
311 349 1
312 432 1
312 485 1
312 604 1
313 386 1
313 415 1
313 598 1
313 634 1
314 500 1
314 517 1
314 552 1
314 626 1
314 717 1
314 948 1
315 325 1
315 342 1
315 370 1
315 585 1
315 687 1
315 701 1
315 805 1
315 921 1
316 614 1
316 667 1
317 804 1
317 831 1
317 850 1
318 327 1
318 375 1
318 406 1
318 477 1
318 575 1
318 595 1
318 626 1
318 662 1
318 689 1
318 717 1
318 748 1
319 425 1
319 552 1
319 674 1
319 747 1
319 818 1
319 910 1
320 402 1
320 551 1
320 742 1
320 804 1
321 633 1
321 899 1
322 372 1
322 692 1
323 366 1
323 411 1
323 455 1
323 494 1
323 499 1
323 576 1
323 656 1
323 672 1
323 674 1
323 867 1
323 948 1
324 392 1
324 448 1
324 812 1
324 902 1
325 332 1
325 522 1
325 633 1
325 778 1
325 923 1
325 924 1
326 355 1
326 362 1
326 456 1
326 616 1
326 648 1
326 725 1
326 726 1
326 781 1
327 396 1
327 446 1
327 501 1
327 585 1
327 660 1
327 679 1
327 710 1
327 720 1
327 721 1
327 786 1
327 805 1
327 814 1
327 906 1
327 933 1
327 953 1
327 994 1
328 513 1
328 603 1
328 847 1
329 446 1
329 451 1
329 473 1
329 638 1
329 812 1
329 917 1
330 438 1
330 569 1
330 741 1
330 804 1
330 806 1
330 830 1
330 987 1
331 757 1
331 761 1
331 872 1
331 934 1
331 980 1
332 342 1
332 389 1
332 419 1
332 527 1
332 806 1
333 595 1
333 707 1
333 823 1
334 426 1
334 603 1
334 629 1
334 739 1
335 527 1
335 737 1
336 417 1
336 880 1
337 584 1
338 834 1
339 507 1
339 608 1
339 690 1
339 968 1
339 969 1
340 362 1
340 395 1
340 407 1
340 450 1
340 910 1
341 839 1
342 400 1
342 722 1
342 759 1
342 938 1
343 753 1
343 876 1
344 361 1
344 468 1
344 477 1
344 623 1
344 813 1
344 895 1
344 967 1
344 977 1
345 380 1
345 419 1
345 465 1
345 745 1
345 763 1
345 777 1
345 922 1
346 965 1
347 569 1
347 660 1
349 451 1
350 369 1
350 444 1
350 582 1
350 666 1
350 708 1
350 790 1
350 823 1
350 828 1
350 996 1
351 505 1
351 639 1
351 927 1
352 355 1
352 375 1
352 936 1
353 638 1
353 884 1
353 960 1
354 608 1
354 609 1
354 951 1
355 661 1
355 720 1
355 819 1
355 832 1
355 886 1
355 944 1
355 950 1
356 366 1
356 431 1
356 453 1
356 462 1
356 551 1
356 698 1
356 738 1
357 384 1
357 455 1
357 560 1
357 672 1
357 676 1
357 734 1
357 751 1
357 829 1
357 838 1
357 942 1
357 968 1
358 421 1
358 509 1
358 628 1
358 651 1
358 758 1
359 371 1
359 393 1
359 471 1
359 502 1
359 514 1
359 649 1
359 668 1
359 691 1
359 798 1
360 490 1
360 713 1
361 396 1
361 678 1
361 688 1
361 720 1
362 466 1
362 907 1
364 398 1
364 415 1
364 596 1
366 452 1
366 476 1
366 529 1
366 639 1
366 715 1
366 736 1
366 776 1
366 904 1
368 436 1
369 380 1
369 398 1
369 564 1
369 748 1
369 766 1
369 941 1
370 550 1
370 676 1
370 681 1
371 410 1
371 488 1
371 601 1
371 985 1
372 488 1
372 540 1
372 699 1
372 802 1
373 531 1
375 648 1
375 693 1
375 840 1
375 975 1
376 462 1
377 571 1
377 755 1
377 844 1
378 428 1
378 540 1
378 801 1
379 632 1
379 947 1
380 453 1
380 653 1
380 675 1
380 733 1
380 815 1
380 817 1
380 852 1
381 400 1
381 474 1
382 782 1
384 385 1
384 447 1
384 514 1
384 757 1
385 698 1
385 765 1
385 781 1
385 843 1
385 876 1
386 433 1
386 675 1
386 752 1
386 856 1
389 390 1
389 712 1
389 789 1
389 861 1
389 989 1
390 478 1
390 956 1
391 447 1
392 421 1
392 439 1
392 665 1
393 528 1
393 862 1
394 395 1
394 444 1
394 491 1
394 555 1
394 914 1
396 786 1
396 909 1
397 426 1
397 436 1
397 475 1
397 585 1
397 860 1
398 758 1
399 400 1
399 553 1
399 556 1
399 596 1
399 627 1
399 776 1
400 439 1
400 567 1
400 578 1
400 646 1
400 762 1
400 781 1
401 644 1
401 920 1
402 486 1
402 714 1
402 738 1
403 705 1
403 901 1
404 455 1
404 734 1
404 919 1
406 497 1
406 509 1
407 459 1
407 471 1
407 525 1
407 566 1
407 633 1
407 751 1
407 824 1
407 975 1
408 507 1
409 635 1
409 705 1
409 842 1
409 844 1
409 857 1
409 874 1
410 519 1
410 773 1
410 781 1
410 841 1
411 725 1
411 913 1
412 916 1
413 523 1
413 775 1
414 621 1
415 452 1
415 596 1
415 708 1
415 716 1
415 838 1
416 615 1
418 658 1
418 820 1
418 894 1
419 817 1
420 432 1
420 442 1
420 508 1
420 645 1
421 461 1
421 519 1
421 794 1
421 914 1
422 468 1
422 793 1
422 883 1
422 990 1
423 524 1
423 766 1
423 951 1
424 429 1
424 434 1
424 550 1
424 551 1
424 837 1
425 746 1
426 473 1
426 490 1
427 492 1
427 533 1
427 555 1
427 1000 1
428 462 1
428 704 1
428 749 1
429 642 1
430 557 1
430 621 1
430 686 1
431 669 1
431 684 1
431 907 1
432 787 1
432 841 1
432 883 1
433 454 1
434 769 1
435 453 1
435 533 1
435 547 1
435 623 1
435 624 1
435 778 1
435 861 1
436 575 1
436 774 1
437 543 1
438 479 1
439 661 1
439 684 1
439 810 1
439 916 1
440 564 1
440 651 1
440 735 1
440 811 1
441 559 1
442 660 1
442 784 1
443 535 1
444 925 1
445 574 1
445 707 1
445 729 1
447 626 1
447 821 1
448 538 1
449 506 1
449 516 1
449 890 1
449 993 1
450 562 1
451 634 1
451 894 1
454 588 1
454 764 1
454 932 1
455 670 1
456 650 1
456 900 1
457 550 1
457 734 1
457 743 1
457 814 1
458 826 1
458 861 1
459 705 1
459 760 1
460 496 1
460 667 1
460 946 1
461 617 1
461 718 1
461 910 1
462 501 1
462 839 1
462 980 1
463 592 1
463 733 1
463 914 1
464 499 1
464 515 1
464 790 1
464 863 1
464 912 1
465 751 1
465 756 1
466 714 1
467 617 1
467 738 1
467 858 1
467 891 1
468 584 1
468 845 1
468 892 1
469 629 1
470 541 1
471 520 1
472 517 1
472 539 1
472 540 1
472 869 1
474 835 1
475 685 1
476 577 1
476 786 1
476 805 1
478 526 1
478 566 1
478 880 1
480 625 1
480 1000 1
481 535 1
482 697 1
482 721 1
482 823 1
482 831 1
482 843 1
484 654 1
484 753 1
484 832 1
484 857 1
484 873 1
484 907 1
484 934 1
484 973 1
485 521 1
485 559 1
485 674 1
485 751 1
485 756 1
485 939 1
486 495 1
486 784 1
486 933 1
487 607 1
487 650 1
487 668 1
487 789 1
487 844 1
489 676 1
489 877 1
490 525 1
491 655 1
491 713 1
491 849 1
491 958 1
492 692 1
493 511 1
493 793 1
494 603 1
494 677 1
495 767 1
495 882 1
497 866 1
498 657 1
498 772 1
499 583 1
499 681 1
499 853 1
500 577 1
501 789 1
501 824 1
502 768 1
503 568 1
503 772 1
503 842 1
504 606 1
504 780 1
506 570 1
506 759 1
506 937 1
506 940 1
507 539 1
507 610 1
507 947 1
508 509 1
508 567 1
508 714 1
509 811 1
511 556 1
512 661 1
512 681 1
512 793 1
512 851 1
512 853 1
512 863 1
512 943 1
513 697 1
513 846 1
513 936 1
513 979 1
514 690 1
514 697 1
514 750 1
516 752 1
516 873 1
517 694 1
517 778 1
517 926 1
517 944 1
519 792 1
519 794 1
519 799 1
519 825 1
520 816 1
520 899 1
521 761 1
521 889 1
521 944 1
522 760 1
522 815 1
522 852 1
524 567 1
524 576 1
524 825 1
524 850 1
525 652 1
526 563 1
526 598 1
527 788 1
528 941 1
530 743 1
530 958 1
531 703 1
532 753 1
532 883 1
533 730 1
534 735 1
534 756 1
534 918 1
535 689 1
535 787 1
535 862 1
536 970 1
540 690 1
541 680 1
542 727 1
543 715 1
544 770 1
544 786 1
544 812 1
544 842 1
544 843 1
544 885 1
545 935 1
547 627 1
548 637 1
549 805 1
549 947 1
550 947 1
551 737 1
552 782 1
552 880 1
552 930 1
553 674 1
553 761 1
554 723 1
554 742 1
556 654 1
556 884 1
556 906 1
557 881 1
558 644 1
558 653 1
559 581 1
559 890 1
561 613 1
564 971 1
565 712 1
565 806 1
565 901 1
566 589 1
566 742 1
566 873 1
566 925 1
569 770 1
570 710 1
571 798 1
572 712 1
572 844 1
572 939 1
572 953 1
573 704 1
573 859 1
573 945 1
574 675 1
574 905 1
576 999 1
577 745 1
577 788 1
577 991 1
578 649 1
578 951 1
580 621 1
580 750 1
580 769 1
580 822 1
580 888 1
580 938 1
581 962 1
583 998 1
584 740 1
584 754 1
584 968 1
585 615 1
585 635 1
585 710 1
585 747 1
585 791 1
585 803 1
585 804 1
585 920 1
586 629 1
586 807 1
586 928 1
587 707 1
587 803 1
587 807 1
587 840 1
589 929 1
590 675 1
590 823 1
592 614 1
592 812 1
593 837 1
596 640 1
596 678 1
597 689 1
597 732 1
597 869 1
598 718 1
598 827 1
602 995 1
603 782 1
604 899 1
605 881 1
605 972 1
608 679 1
608 821 1
608 848 1
609 740 1
610 698 1
610 743 1
610 760 1
610 856 1
610 885 1
611 653 1
611 779 1
612 991 1
613 653 1
613 795 1
614 670 1
618 752 1
618 801 1
619 971 1
620 667 1
621 920 1
621 955 1
621 985 1
622 624 1
622 685 1
622 731 1
623 885 1
624 707 1
624 803 1
625 766 1
627 934 1
628 881 1
628 965 1
629 759 1
630 978 1
631 710 1
632 895 1
633 791 1
634 750 1
634 765 1
635 939 1
635 945 1
637 769 1
640 746 1
642 1000 1
643 990 1
646 764 1
646 796 1
647 780 1
648 667 1
648 809 1
648 812 1
648 975 1
650 730 1
650 879 1
650 937 1
651 906 1
654 755 1
654 874 1
656 786 1
656 844 1
656 848 1
659 964 1
660 680 1
660 814 1
660 864 1
661 749 1
661 955 1
662 862 1
663 876 1
663 983 1
664 893 1
668 827 1
668 957 1
670 870 1
670 918 1
674 742 1
675 837 1
678 949 1
680 761 1
682 850 1
686 834 1
687 717 1
687 751 1
688 785 1
690 722 1
691 762 1
691 948 1
692 970 1
693 866 1
697 803 1
698 702 1
702 819 1
702 886 1
703 916 1
705 817 1
706 791 1
707 734 1
707 908 1
709 716 1
709 744 1
710 747 1
710 867 1
715 746 1
715 764 1
715 801 1
720 743 1
720 912 1
722 853 1
725 897 1
726 966 1
727 976 1
729 810 1
730 750 1
730 904 1
732 797 1
732 869 1
733 997 1
734 878 1
734 906 1
738 935 1
739 959 1
739 975 1
740 903 1
743 773 1
745 864 1
746 922 1
746 930 1
747 779 1
748 940 1
749 783 1
751 978 1
753 758 1
753 833 1
753 864 1
753 983 1
754 777 1
758 871 1
759 856 1
766 909 1
768 964 1
769 893 1
770 954 1
770 995 1
771 891 1
771 931 1
771 942 1
772 987 1
773 992 1
774 976 1
774 993 1
778 779 1
778 831 1
778 851 1
778 898 1
779 897 1
783 792 1
784 913 1
784 981 1
790 808 1
791 960 1
792 851 1
794 930 1
794 986 1
798 829 1
798 834 1
798 878 1
799 909 1
800 849 1
803 861 1
808 810 1
808 999 1
810 902 1
811 859 1
811 871 1
816 973 1
817 951 1
822 974 1
824 912 1
826 928 1
829 845 1
829 879 1
831 946 1
831 973 1
842 1000 1
846 998 1
848 874 1
852 887 1
853 870 1
853 981 1
854 997 1
857 993 1
858 866 1
868 995 1
870 991 1
877 971 1
879 896 1
882 959 1
882 992 1
884 940 1
884 955 1
884 982 1
888 908 1
888 977 1
896 971 1
897 949 1
898 910 1
910 972 1
911 916 1
911 941 1
916 932 1
918 961 1
919 949 1
925 973 1
937 954 1
944 967 1
945 966 1
947 957 1
964 990 1
