1000 4975
1 2 1
1 3 1
1 4 1
1 5 1
1 6 1
1 7 1
1 8 1
1 9 1
1 10 1
1 11 1
1 12 1
1 13 1
1 14 1
1 16 1
1 17 1
1 19 1
1 20 1
1 22 1
1 27 1
1 28 1
1 30 1
1 36 1
1 41 1
1 47 1
1 48 1
1 55 1
1 61 1
1 66 1
1 68 1
1 79 1
1 81 1
1 82 1
1 83 1
1 92 1
1 95 1
1 106 1
1 107 1
1 112 1
1 115 1
1 119 1
1 120 1
1 128 1
1 129 1
1 135 1
1 137 1
1 143 1
1 145 1
1 150 1
1 153 1
1 158 1
1 169 1
1 175 1
1 177 1
1 183 1
1 192 1
1 194 1
1 200 1
1 212 1
1 219 1
1 232 1
1 237 1
1 239 1
1 245 1
1 253 1
1 265 1
1 269 1
1 271 1
1 276 1
1 279 1
1 283 1
1 287 1
1 304 1
1 310 1
1 313 1
1 325 1
1 326 1
1 327 1
1 335 1
1 347 1
1 387 1
1 403 1
1 417 1
1 418 1
1 448 1
1 465 1
1 469 1
1 477 1
1 481 1
1 495 1
1 511 1
1 553 1
1 563 1
1 591 1
1 605 1
1 635 1
1 666 1
1 674 1
1 678 1
1 691 1
1 715 1
1 718 1
1 728 1
1 732 1
1 733 1
1 749 1
1 751 1
1 755 1
1 765 1
1 783 1
1 788 1
1 836 1
1 846 1
1 854 1
1 870 1
1 878 1
1 895 1
1 896 1
1 904 1
1 934 1
1 935 1
1 944 1
1 955 1
1 957 1
1 980 1
1 993 1
2 8 1
2 11 1
2 31 1
2 102 1
2 122 1
2 130 1
2 134 1
2 152 1
2 192 1
2 301 1
2 342 1
2 618 1
2 739 1
2 881 1
2 954 1
3 7 1
3 8 1
3 9 1
3 11 1
3 12 1
3 17 1
3 18 1
3 27 1
3 28 1
3 43 1
3 72 1
3 73 1
3 80 1
3 110 1
3 111 1
3 120 1
3 132 1
3 152 1
3 177 1
3 180 1
3 203 1
3 206 1
3 225 1
3 234 1
3 250 1
3 262 1
3 270 1
3 272 1
3 273 1
3 313 1
3 333 1
3 349 1
3 352 1
3 375 1
3 452 1
3 458 1
3 472 1
3 490 1
3 505 1
3 513 1
3 527 1
3 532 1
3 536 1
3 542 1
3 547 1
3 559 1
3 570 1
3 577 1
3 588 1
3 589 1
3 612 1
3 653 1
3 684 1
3 708 1
3 709 1
3 723 1
3 772 1
3 799 1
3 811 1
3 908 1
3 924 1
3 940 1
3 963 1
3 983 1
3 991 1
3 994 1
4 7 1
4 11 1
4 17 1
4 19 1
4 30 1
4 33 1
4 39 1
4 42 1
4 46 1
4 47 1
4 49 1
4 58 1
4 60 1
4 70 1
4 92 1
4 101 1
4 109 1
4 113 1
4 114 1
4 123 1
4 159 1
4 171 1
4 189 1
4 210 1
4 235 1
4 247 1
4 250 1
4 260 1
4 279 1
4 289 1
4 456 1
4 536 1
4 588 1
4 598 1
4 612 1
4 614 1
4 717 1
4 769 1
4 823 1
4 966 1
5 7 1
5 8 1
5 9 1
5 10 1
5 12 1
5 13 1
5 15 1
5 18 1
5 22 1
5 26 1
5 30 1
5 32 1
5 42 1
5 54 1
5 55 1
5 56 1
5 62 1
5 64 1
5 67 1
5 80 1
5 82 1
5 90 1
5 97 1
5 109 1
5 120 1
5 121 1
5 127 1
5 138 1
5 164 1
5 178 1
5 212 1
5 252 1
5 270 1
5 292 1
5 300 1
5 334 1
5 367 1
5 396 1
5 405 1
5 415 1
5 416 1
5 419 1
5 450 1
5 463 1
5 468 1
5 480 1
5 495 1
5 516 1
5 538 1
5 579 1
5 690 1
5 701 1
5 702 1
5 710 1
5 720 1
5 732 1
5 741 1
5 742 1
5 744 1
5 753 1
5 760 1
5 784 1
5 808 1
5 957 1
5 965 1
5 985 1
5 992 1
6 7 1
6 12 1
6 19 1
6 24 1
6 26 1
6 55 1
6 93 1
6 182 1
6 247 1
6 383 1
6 407 1
6 556 1
6 894 1
6 915 1
6 916 1
6 929 1
6 965 1
6 969 1
6 985 1
7 8 1
7 9 1
7 10 1
7 11 1
7 15 1
7 16 1
7 19 1
7 20 1
7 32 1
7 36 1
7 42 1
7 50 1
7 52 1
7 80 1
7 84 1
7 94 1
7 133 1
7 140 1
7 144 1
7 147 1
7 150 1
7 161 1
7 167 1
7 170 1
7 190 1
7 205 1
7 207 1
7 213 1
7 216 1
7 221 1
7 242 1
7 248 1
7 271 1
7 286 1
7 321 1
7 330 1
7 332 1
7 340 1
7 346 1
7 360 1
7 363 1
7 380 1
7 393 1
7 415 1
7 453 1
7 455 1
7 474 1
7 485 1
7 495 1
7 508 1
7 512 1
7 532 1
7 598 1
7 603 1
7 671 1
7 701 1
7 707 1
7 723 1
7 766 1
7 775 1
7 832 1
7 835 1
7 837 1
7 844 1
7 857 1
7 867 1
7 873 1
7 888 1
7 936 1
7 948 1
7 952 1
7 953 1
7 964 1
8 9 1
8 10 1
8 12 1
8 14 1
8 18 1
8 22 1
8 30 1
8 35 1
8 104 1
8 108 1
8 119 1
8 132 1
8 134 1
8 160 1
8 181 1
8 314 1
8 339 1
8 360 1
8 367 1
8 412 1
8 509 1
8 616 1
8 627 1
8 647 1
8 690 1
8 722 1
8 764 1
8 797 1
8 810 1
8 814 1
8 815 1
8 823 1
8 870 1
8 917 1
9 10 1
9 13 1
9 15 1
9 19 1
9 21 1
9 23 1
9 27 1
9 29 1
9 32 1
9 38 1
9 39 1
9 44 1
9 46 1
9 50 1
9 59 1
9 62 1
9 68 1
9 69 1
9 70 1
9 71 1
9 74 1
9 78 1
9 81 1
9 86 1
9 89 1
9 113 1
9 152 1
9 167 1
9 191 1
9 197 1
9 201 1
9 209 1
9 212 1
9 215 1
9 216 1
9 228 1
9 236 1
9 257 1
9 267 1
9 281 1
9 350 1
9 358 1
9 394 1
9 395 1
9 404 1
9 414 1
9 508 1
9 510 1
9 557 1
9 583 1
9 643 1
9 657 1
9 673 1
9 714 1
9 776 1
9 794 1
9 807 1
9 812 1
9 833 1
9 848 1
9 861 1
10 35 1
10 70 1
10 84 1
10 86 1
10 125 1
10 173 1
10 183 1
10 202 1
10 240 1
10 278 1
10 285 1
10 299 1
10 370 1
10 412 1
10 444 1
10 842 1
10 921 1
10 943 1
11 13 1
11 14 1
11 15 1
11 16 1
11 20 1
11 21 1
11 23 1
11 25 1
11 31 1
11 32 1
11 35 1
11 40 1
11 44 1
11 45 1
11 46 1
11 47 1
11 51 1
11 52 1
11 54 1
11 57 1
11 71 1
11 73 1
11 77 1
11 85 1
11 87 1
11 98 1
11 100 1
11 101 1
11 105 1
11 113 1
11 115 1
11 121 1
11 122 1
11 124 1
11 133 1
11 135 1
11 139 1
11 145 1
11 148 1
11 155 1
11 159 1
11 187 1
11 201 1
11 206 1
11 207 1
11 216 1
11 221 1
11 228 1
11 230 1
11 235 1
11 237 1
11 238 1
11 240 1
11 248 1
11 263 1
11 265 1
11 267 1
11 277 1
11 281 1
11 283 1
11 316 1
11 317 1
11 322 1
11 326 1
11 338 1
11 351 1
11 365 1
11 382 1
11 383 1
11 392 1
11 408 1
11 413 1
11 417 1
11 424 1
11 429 1
11 442 1
11 452 1
11 458 1
11 476 1
11 494 1
11 500 1
11 532 1
11 543 1
11 544 1
11 559 1
11 574 1
11 576 1
11 591 1
11 595 1
11 607 1
11 615 1
11 667 1
11 670 1
11 683 1
11 687 1
11 692 1
11 694 1
11 754 1
11 764 1
11 767 1
11 783 1
11 789 1
11 809 1
11 819 1
11 822 1
11 828 1
11 863 1
11 889 1
11 902 1
11 904 1
11 912 1
11 921 1
11 935 1
11 948 1
11 955 1
11 959 1
11 960 1
11 962 1
11 964 1
11 974 1
11 978 1
11 980 1
12 13 1
12 14 1
12 16 1
12 17 1
12 20 1
12 23 1
12 26 1
12 29 1
12 36 1
12 45 1
12 83 1
12 87 1
12 107 1
12 143 1
12 161 1
12 173 1
12 188 1
12 193 1
12 201 1
12 213 1
12 225 1
12 242 1
12 273 1
12 284 1
12 285 1
12 298 1
12 300 1
12 329 1
12 336 1
12 354 1
12 359 1
12 371 1
12 383 1
12 388 1
12 424 1
12 476 1
12 545 1
12 558 1
12 563 1
12 567 1
12 582 1
12 593 1
12 594 1
12 599 1
12 644 1
12 680 1
12 716 1
12 721 1
12 751 1
12 898 1
12 923 1
13 14 1
13 23 1
13 26 1
13 30 1
13 34 1
13 45 1
13 50 1
13 63 1
13 68 1
13 72 1
13 77 1
13 78 1
13 103 1
13 119 1
13 128 1
13 131 1
13 143 1
13 144 1
13 147 1
13 170 1
13 179 1
13 190 1
13 204 1
13 232 1
13 260 1
13 299 1
13 343 1
13 366 1
13 374 1
13 387 1
13 402 1
13 453 1
13 526 1
13 552 1
13 585 1
13 593 1
13 612 1
13 638 1
13 639 1
13 807 1
13 859 1
13 869 1
13 908 1
13 940 1
13 981 1
14 15 1
14 17 1
14 23 1
14 34 1
14 35 1
14 43 1
14 52 1
14 68 1
14 75 1
14 92 1
14 96 1
14 99 1
14 130 1
14 136 1
14 156 1
14 159 1
14 187 1
14 191 1
14 202 1
14 210 1
14 216 1
14 218 1
14 244 1
14 246 1
14 284 1
14 290 1
14 302 1
14 354 1
14 386 1
14 458 1
14 475 1
14 540 1
14 552 1
14 558 1
14 560 1
14 603 1
14 615 1
14 758 1
14 771 1
14 810 1
14 883 1
14 927 1
15 16 1
15 18 1
15 21 1
15 25 1
15 29 1
15 38 1
15 41 1
15 46 1
15 48 1
15 49 1
15 59 1
15 60 1
15 61 1
15 63 1
15 76 1
15 109 1
15 114 1
15 126 1
15 167 1
15 187 1
15 191 1
15 197 1
15 222 1
15 250 1
15 252 1
15 263 1
15 267 1
15 295 1
15 392 1
15 398 1
15 475 1
15 482 1
15 483 1
15 487 1
15 489 1
15 531 1
15 543 1
15 566 1
15 610 1
15 644 1
15 661 1
15 676 1
15 677 1
15 720 1
15 814 1
15 861 1
15 867 1
15 901 1
15 908 1
15 913 1
15 936 1
15 967 1
15 970 1
15 995 1
15 997 1
16 21 1
16 22 1
16 27 1
16 57 1
16 64 1
16 67 1
16 75 1
16 98 1
16 102 1
16 123 1
16 158 1
16 185 1
16 211 1
16 246 1
16 249 1
16 254 1
16 270 1
16 280 1
16 286 1
16 300 1
16 310 1
16 325 1
16 335 1
16 354 1
16 362 1
16 378 1
16 397 1
16 402 1
16 404 1
16 481 1
16 504 1
16 632 1
16 649 1
16 663 1
16 686 1
16 688 1
16 711 1
16 721 1
16 726 1
16 740 1
16 745 1
16 778 1
16 866 1
16 896 1
16 924 1
16 968 1
17 18 1
17 20 1
17 24 1
17 31 1
17 33 1
17 37 1
17 43 1
17 63 1
17 64 1
17 67 1
17 70 1
17 78 1
17 82 1
17 124 1
17 138 1
17 149 1
17 160 1
17 162 1
17 174 1
17 188 1
17 209 1
17 231 1
17 275 1
17 309 1
17 321 1
17 336 1
17 384 1
17 403 1
17 425 1
17 437 1
17 439 1
17 482 1
17 488 1
17 502 1
17 520 1
17 527 1
17 561 1
17 566 1
17 593 1
17 608 1
17 633 1
17 638 1
17 642 1
17 659 1
17 669 1
17 739 1
17 746 1
17 807 1
17 871 1
17 929 1
17 972 1
17 999 1
18 41 1
18 45 1
18 67 1
18 108 1
18 142 1
18 148 1
18 179 1
18 180 1
18 219 1
18 244 1
18 253 1
18 264 1
18 306 1
18 312 1
18 315 1
18 347 1
18 353 1
18 379 1
18 380 1
18 505 1
18 544 1
18 600 1
18 620 1
18 630 1
18 637 1
18 645 1
18 660 1
18 708 1
18 717 1
18 745 1
18 779 1
18 809 1
18 846 1
18 887 1
19 24 1
19 31 1
19 33 1
19 39 1
19 40 1
19 47 1
19 72 1
19 76 1
19 81 1
19 147 1
19 311 1
19 318 1
19 319 1
19 349 1
19 421 1
19 439 1
19 541 1
19 549 1
19 554 1
19 596 1
19 600 1
19 601 1
19 672 1
19 873 1
20 21 1
20 22 1
20 28 1
20 29 1
20 33 1
20 35 1
20 36 1
20 39 1
20 50 1
20 55 1
20 58 1
20 62 1
20 63 1
20 64 1
20 73 1
20 86 1
20 88 1
20 90 1
20 96 1
20 111 1
20 112 1
20 118 1
20 125 1
20 129 1
20 151 1
20 157 1
20 163 1
20 165 1
20 177 1
20 184 1
20 203 1
20 206 1
20 241 1
20 242 1
20 257 1
20 268 1
20 271 1
20 292 1
20 296 1
20 303 1
20 331 1
20 353 1
20 362 1
20 372 1
20 406 1
20 447 1
20 493 1
20 510 1
20 521 1
20 529 1
20 546 1
20 557 1
20 578 1
20 641 1
20 649 1
20 652 1
20 693 1
20 696 1
20 724 1
20 727 1
20 752 1
20 760 1
20 770 1
20 800 1
20 898 1
20 905 1
20 928 1
20 978 1
20 992 1
21 25 1
21 28 1
21 34 1
21 36 1
21 41 1
21 42 1
21 44 1
21 45 1
21 54 1
21 55 1
21 57 1
21 60 1
21 66 1
21 68 1
21 69 1
21 80 1
21 84 1
21 87 1
21 89 1
21 90 1
21 91 1
21 92 1
21 100 1
21 103 1
21 115 1
21 119 1
21 137 1
21 138 1
21 147 1
21 150 1
21 152 1
21 160 1
21 163 1
21 173 1
21 175 1
21 189 1
21 196 1
21 223 1
21 227 1
21 232 1
21 234 1
21 260 1
21 269 1
21 297 1
21 302 1
21 307 1
21 327 1
21 329 1
21 335 1
21 369 1
21 376 1
21 381 1
21 400 1
21 420 1
21 426 1
21 436 1
21 439 1
21 443 1
21 447 1
21 456 1
21 460 1
21 467 1
21 481 1
21 487 1
21 502 1
21 507 1
21 519 1
21 521 1
21 534 1
21 536 1
21 568 1
21 599 1
21 624 1
21 636 1
21 641 1
21 667 1
21 673 1
21 678 1
21 692 1
21 702 1
21 704 1
21 710 1
21 721 1
21 724 1
21 743 1
21 785 1
21 787 1
21 790 1
21 797 1
21 806 1
21 812 1
21 815 1
21 823 1
21 836 1
21 851 1
21 889 1
21 890 1
21 911 1
21 971 1
21 993 1
21 1000 1
22 24 1
22 38 1
22 44 1
22 79 1
22 85 1
22 87 1
22 104 1
22 108 1
22 125 1
22 157 1
22 160 1
22 206 1
22 217 1
22 340 1
22 366 1
22 371 1
22 382 1
22 390 1
22 513 1
22 805 1
22 837 1
22 864 1
22 953 1
23 24 1
23 25 1
23 26 1
23 27 1
23 37 1
23 38 1
23 47 1
23 49 1
23 56 1
23 57 1
23 58 1
23 61 1
23 65 1
23 76 1
23 83 1
23 85 1
23 86 1
23 91 1
23 97 1
23 100 1
23 108 1
23 110 1
23 116 1
23 117 1
23 125 1
23 137 1
23 141 1
23 145 1
23 149 1
23 153 1
23 154 1
23 161 1
23 168 1
23 184 1
23 188 1
23 194 1
23 195 1
23 196 1
23 198 1
23 203 1
23 211 1
23 241 1
23 242 1
23 292 1
23 303 1
23 309 1
23 337 1
23 369 1
23 379 1
23 384 1
23 410 1
23 427 1
23 433 1
23 441 1
23 444 1
23 451 1
23 455 1
23 474 1
23 494 1
23 501 1
23 518 1
23 521 1
23 522 1
23 528 1
23 538 1
23 553 1
23 569 1
23 578 1
23 582 1
23 598 1
23 602 1
23 650 1
23 651 1
23 654 1
23 659 1
23 665 1
23 666 1
23 678 1
23 707 1
23 724 1
23 730 1
23 756 1
23 782 1
23 818 1
23 821 1
23 831 1
23 847 1
23 858 1
23 872 1
23 874 1
23 877 1
23 905 1
23 976 1
23 999 1
24 25 1
24 29 1
24 31 1
24 41 1
24 48 1
24 50 1
24 53 1
24 117 1
24 149 1
24 158 1
24 176 1
24 269 1
24 277 1
24 284 1
24 310 1
24 328 1
24 356 1
24 373 1
24 460 1
24 500 1
24 695 1
24 753 1
24 820 1
24 955 1
25 28 1
25 37 1
25 39 1
25 74 1
25 81 1
25 92 1
25 117 1
25 126 1
25 141 1
25 164 1
25 193 1
25 226 1
25 231 1
25 278 1
25 283 1
25 300 1
25 342 1
25 362 1
25 369 1
25 377 1
25 398 1
25 426 1
25 445 1
25 531 1
25 581 1
25 627 1
25 704 1
25 752 1
25 776 1
25 906 1
25 913 1
26 66 1
26 72 1
26 107 1
26 176 1
26 204 1
26 277 1
26 301 1
26 333 1
26 417 1
26 642 1
26 681 1
26 726 1
26 766 1
26 798 1
26 990 1
27 49 1
27 56 1
27 115 1
27 128 1
27 141 1
27 159 1
27 273 1
27 278 1
27 326 1
27 343 1
27 372 1
27 447 1
27 532 1
27 537 1
27 604 1
27 618 1
27 622 1
27 696 1
27 776 1
27 801 1
27 818 1
27 996 1
28 33 1
28 37 1
28 40 1
28 43 1
28 48 1
28 54 1
28 78 1
28 84 1
28 96 1
28 101 1
28 104 1
28 118 1
28 121 1
28 123 1
28 124 1
28 129 1
28 149 1
28 150 1
28 163 1
28 200 1
28 201 1
28 205 1
28 214 1
28 215 1
28 247 1
28 291 1
28 294 1
28 307 1
28 322 1
28 355 1
28 361 1
28 382 1
28 406 1
28 413 1
28 418 1
28 450 1
28 467 1
28 469 1
28 493 1
28 514 1
28 569 1
28 668 1
28 686 1
28 722 1
28 725 1
28 741 1
28 813 1
28 838 1
28 848 1
28 934 1
28 971 1
29 40 1
29 74 1
29 95 1
29 190 1
29 192 1
29 219 1
29 332 1
29 404 1
29 444 1
29 519 1
29 765 1
29 834 1
29 871 1
29 923 1
30 93 1
30 99 1
30 177 1
30 210 1
30 216 1
30 260 1
30 266 1
30 365 1
30 440 1
30 461 1
30 654 1
30 801 1
30 841 1
30 863 1
30 973 1
31 32 1
31 34 1
31 37 1
31 52 1
31 65 1
31 71 1
31 78 1
31 90 1
31 91 1
31 162 1
31 208 1
31 217 1
31 243 1
31 266 1
31 360 1
31 383 1
31 397 1
31 405 1
31 410 1
31 420 1
31 463 1
31 613 1
31 892 1
31 917 1
31 946 1
32 34 1
32 38 1
32 43 1
32 139 1
32 164 1
32 167 1
32 195 1
32 209 1
32 220 1
32 241 1
32 251 1
32 265 1
32 386 1
32 582 1
32 686 1
32 726 1
32 933 1
32 967 1
33 66 1
33 74 1
33 79 1
33 118 1
33 133 1
33 182 1
33 185 1
33 189 1
33 214 1
33 223 1
33 235 1
33 263 1
33 270 1
33 314 1
33 343 1
33 355 1
33 378 1
33 428 1
33 586 1
33 661 1
33 674 1
33 816 1
33 899 1
33 962 1
34 48 1
34 53 1
34 75 1
34 190 1
34 199 1
34 213 1
34 214 1
34 487 1
34 580 1
34 586 1
34 614 1
34 698 1
34 759 1
35 62 1
35 105 1
35 106 1
35 132 1
35 204 1
35 226 1
35 274 1
35 281 1
35 379 1
35 479 1
35 525 1
35 545 1
35 566 1
35 609 1
35 642 1
35 683 1
35 832 1
35 848 1
35 902 1
36 40 1
36 44 1
36 51 1
36 59 1
36 60 1
36 67 1
36 73 1
36 74 1
36 75 1
36 77 1
36 79 1
36 85 1
36 128 1
36 140 1
36 169 1
36 175 1
36 208 1
36 217 1
36 234 1
36 254 1
36 285 1
36 290 1
36 344 1
36 385 1
36 422 1
36 424 1
36 515 1
36 516 1
36 563 1
36 575 1
36 578 1
36 626 1
36 632 1
36 659 1
36 719 1
36 780 1
36 830 1
36 888 1
36 897 1
36 928 1
36 947 1
37 53 1
37 81 1
37 82 1
37 88 1
37 94 1
37 115 1
37 127 1
37 131 1
37 154 1
37 203 1
37 258 1
37 261 1
37 278 1
37 286 1
37 324 1
37 387 1
37 394 1
37 441 1
37 514 1
37 568 1
37 632 1
37 699 1
37 705 1
37 750 1
37 774 1
37 851 1
37 906 1
38 65 1
38 66 1
38 82 1
38 88 1
38 93 1
38 107 1
38 122 1
38 136 1
38 200 1
38 260 1
38 280 1
38 295 1
38 299 1
38 321 1
38 361 1
38 409 1
38 449 1
38 591 1
38 622 1
38 629 1
38 646 1
38 651 1
38 685 1
38 691 1
38 703 1
38 772 1
38 796 1
38 852 1
38 950 1
38 955 1
38 965 1
39 42 1
39 51 1
39 58 1
39 62 1
39 89 1
39 94 1
39 125 1
39 138 1
39 197 1
39 296 1
39 332 1
39 373 1
39 374 1
39 420 1
39 424 1
39 433 1
39 483 1
39 605 1
39 622 1
39 623 1
39 676 1
39 805 1
39 959 1
40 199 1
40 302 1
40 306 1
40 339 1
40 353 1
40 410 1
40 488 1
40 574 1
40 685 1
40 810 1
40 856 1
40 894 1
40 998 1
41 49 1
41 51 1
41 54 1
41 76 1
41 87 1
41 90 1
41 102 1
41 112 1
41 113 1
41 172 1
41 207 1
41 214 1
41 244 1
41 258 1
41 351 1
41 375 1
41 391 1
41 399 1
41 428 1
41 435 1
41 462 1
41 521 1
41 528 1
41 613 1
41 628 1
41 713 1
41 714 1
41 797 1
41 817 1
41 862 1
41 896 1
41 957 1
41 987 1
42 46 1
42 65 1
42 96 1
42 97 1
42 106 1
42 118 1
42 160 1
42 196 1
42 227 1
42 231 1
42 282 1
42 296 1
42 316 1
42 340 1
42 371 1
42 438 1
42 450 1
42 494 1
42 595 1
42 607 1
42 626 1
42 653 1
42 745 1
42 757 1
42 777 1
42 779 1
42 797 1
42 822 1
43 112 1
43 114 1
43 116 1
43 164 1
43 234 1
43 275 1
43 381 1
43 427 1
43 451 1
43 499 1
43 561 1
43 630 1
43 721 1
43 761 1
43 768 1
43 803 1
43 862 1
44 86 1
44 94 1
44 98 1
44 129 1
44 249 1
44 545 1
44 696 1
44 871 1
44 951 1
45 72 1
45 101 1
45 192 1
45 222 1
45 272 1
45 320 1
45 469 1
45 493 1
45 694 1
45 706 1
45 979 1
46 59 1
46 61 1
46 97 1
46 151 1
46 175 1
46 228 1
46 244 1
46 259 1
46 280 1
46 301 1
46 349 1
46 397 1
46 411 1
46 575 1
46 577 1
46 771 1
46 913 1
46 938 1
47 51 1
47 52 1
47 61 1
47 76 1
47 77 1
47 95 1
47 151 1
47 170 1
47 174 1
47 178 1
47 208 1
47 227 1
47 236 1
47 245 1
47 256 1
47 326 1
47 363 1
47 370 1
47 431 1
47 450 1
47 460 1
47 486 1
47 489 1
47 500 1
47 506 1
47 531 1
47 541 1
47 608 1
47 613 1
47 625 1
47 673 1
47 734 1
47 741 1
47 745 1
47 819 1
47 860 1
47 897 1
47 926 1
47 977 1
48 53 1
48 56 1
48 69 1
48 75 1
48 89 1
48 126 1
48 144 1
48 145 1
48 153 1
48 170 1
48 211 1
48 238 1
48 254 1
48 263 1
48 316 1
48 400 1
48 402 1
48 452 1
48 454 1
48 505 1
48 509 1
48 513 1
48 543 1
48 547 1
48 556 1
48 564 1
48 586 1
48 786 1
48 787 1
48 833 1
48 868 1
48 893 1
48 937 1
49 53 1
49 104 1
49 150 1
49 180 1
49 265 1
49 266 1
49 267 1
49 309 1
49 445 1
49 453 1
49 515 1
49 619 1
49 762 1
49 807 1
50 146 1
50 166 1
50 197 1
50 226 1
50 316 1
50 322 1
50 336 1
50 674 1
50 962 1
51 56 1
51 58 1
51 69 1
51 84 1
51 91 1
51 94 1
51 99 1
51 114 1
51 132 1
51 142 1
51 149 1
51 157 1
51 170 1
51 186 1
51 223 1
51 256 1
51 265 1
51 288 1
51 301 1
51 309 1
51 318 1
51 323 1
51 327 1
51 367 1
51 371 1
51 412 1
51 421 1
51 454 1
51 457 1
51 464 1
51 483 1
51 503 1
51 632 1
51 661 1
51 703 1
51 705 1
51 741 1
51 772 1
51 886 1
51 889 1
51 907 1
51 920 1
51 925 1
51 940 1
51 946 1
51 981 1
52 77 1
52 79 1
52 105 1
52 124 1
52 153 1
52 154 1
52 184 1
52 245 1
52 297 1
52 323 1
52 338 1
52 340 1
52 341 1
52 344 1
52 399 1
52 492 1
52 514 1
52 535 1
52 571 1
52 580 1
52 604 1
52 617 1
52 623 1
52 682 1
52 698 1
52 754 1
52 802 1
52 834 1
53 88 1
53 117 1
53 233 1
53 237 1
53 255 1
53 268 1
53 483 1
53 542 1
53 596 1
53 835 1
53 896 1
53 937 1
53 995 1
54 59 1
54 63 1
54 69 1
54 85 1
54 91 1
54 135 1
54 168 1
54 206 1
54 218 1
54 229 1
54 243 1
54 256 1
54 290 1
54 308 1
54 331 1
54 416 1
54 534 1
54 560 1
54 628 1
54 719 1
54 803 1
54 816 1
54 834 1
54 856 1
54 863 1
55 64 1
55 73 1
55 93 1
55 95 1
55 106 1
55 110 1
55 111 1
55 171 1
55 181 1
55 183 1
55 187 1
55 278 1
55 334 1
55 338 1
55 361 1
55 377 1
55 401 1
55 490 1
55 499 1
55 511 1
55 526 1
55 542 1
55 579 1
55 604 1
55 683 1
55 714 1
55 825 1
55 883 1
55 885 1
56 57 1
56 60 1
56 83 1
56 104 1
56 107 1
56 111 1
56 172 1
56 188 1
56 256 1
56 264 1
56 274 1
56 311 1
56 393 1
56 434 1
56 580 1
56 626 1
56 683 1
56 770 1
56 776 1
56 898 1
56 934 1
57 185 1
57 329 1
57 656 1
57 698 1
57 1000 1
58 70 1
58 71 1
58 98 1
58 103 1
58 106 1
58 127 1
58 157 1
58 197 1
58 268 1
58 271 1
58 331 1
58 394 1
58 435 1
58 527 1
58 571 1
58 679 1
58 692 1
58 786 1
58 798 1
58 811 1
58 863 1
58 943 1
58 971 1
59 141 1
59 144 1
59 154 1
59 172 1
59 195 1
59 322 1
59 365 1
59 442 1
59 469 1
59 524 1
59 703 1
59 715 1
59 731 1
59 900 1
59 970 1
60 71 1
60 120 1
60 122 1
60 230 1
60 593 1
60 594 1
60 609 1
60 910 1
60 950 1
61 130 1
61 135 1
61 293 1
61 330 1
61 332 1
61 347 1
61 522 1
61 561 1
61 566 1
61 620 1
61 650 1
61 805 1
61 950 1
62 139 1
62 298 1
62 398 1
62 415 1
62 418 1
62 460 1
62 885 1
63 95 1
63 126 1
63 169 1
63 193 1
63 224 1
63 258 1
63 298 1
63 305 1
63 329 1
63 380 1
63 426 1
63 530 1
63 601 1
63 621 1
63 691 1
63 759 1
63 997 1
64 65 1
64 287 1
64 474 1
64 611 1
64 740 1
64 811 1
64 878 1
64 906 1
64 972 1
65 98 1
65 116 1
65 136 1
65 143 1
65 165 1
65 207 1
65 218 1
65 222 1
65 252 1
65 488 1
65 536 1
65 540 1
65 550 1
65 748 1
65 769 1
65 804 1
66 136 1
66 141 1
66 148 1
66 183 1
66 194 1
66 227 1
66 236 1
66 272 1
66 295 1
66 346 1
66 387 1
66 504 1
66 552 1
66 747 1
66 833 1
66 975 1
67 83 1
67 108 1
67 199 1
67 353 1
67 423 1
67 517 1
67 671 1
67 751 1
67 792 1
68 100 1
68 112 1
68 130 1
68 131 1
68 151 1
68 196 1
68 205 1
68 225 1
68 262 1
68 266 1
68 273 1
68 366 1
68 377 1
68 385 1
68 400 1
68 403 1
68 439 1
68 441 1
68 461 1
68 478 1
68 486 1
68 498 1
68 516 1
68 621 1
68 637 1
68 641 1
68 729 1
68 790 1
69 225 1
69 317 1
69 409 1
69 493 1
69 505 1
69 523 1
69 690 1
69 713 1
69 829 1
69 833 1
69 852 1
69 872 1
69 888 1
69 934 1
69 938 1
69 975 1
70 80 1
70 103 1
70 147 1
70 158 1
70 177 1
70 220 1
70 225 1
70 315 1
70 335 1
70 375 1
70 379 1
70 397 1
70 402 1
70 430 1
70 471 1
70 478 1
70 499 1
70 547 1
70 590 1
70 628 1
70 663 1
70 681 1
70 702 1
70 732 1
70 749 1
70 767 1
70 780 1
70 800 1
70 850 1
70 858 1
70 927 1
70 942 1
71 97 1
71 105 1
71 240 1
71 251 1
71 305 1
71 311 1
71 345 1
71 408 1
71 487 1
71 517 1
71 534 1
71 580 1
71 583 1
71 599 1
71 648 1
71 662 1
71 734 1
71 777 1
71 993 1
71 1000 1
72 96 1
72 113 1
72 127 1
72 134 1
72 144 1
72 162 1
72 194 1
72 215 1
72 217 1
72 238 1
72 246 1
72 249 1
72 279 1
72 288 1
72 330 1
72 336 1
72 343 1
72 379 1
72 401 1
72 448 1
72 526 1
72 658 1
72 693 1
72 706 1
72 792 1
72 839 1
72 877 1
72 898 1
72 907 1
73 88 1
73 116 1
73 120 1
73 133 1
73 146 1
73 163 1
73 186 1
73 209 1
73 230 1
73 258 1
73 298 1
73 306 1
73 324 1
73 348 1
73 401 1
73 436 1
73 506 1
73 575 1
73 581 1
73 637 1
73 661 1
73 752 1
73 770 1
73 793 1
73 812 1
73 826 1
73 890 1
73 919 1
74 245 1
74 438 1
74 511 1
74 609 1
74 785 1
75 93 1
75 118 1
75 134 1
75 142 1
75 180 1
75 287 1
75 519 1
75 655 1
75 672 1
75 676 1
75 735 1
75 853 1
75 968 1
75 982 1
76 192 1
76 215 1
76 346 1
76 350 1
76 425 1
76 752 1
77 231 1
77 288 1
77 289 1
77 562 1
77 585 1
77 849 1
78 89 1
78 131 1
78 137 1
78 370 1
78 377 1
78 517 1
78 522 1
78 548 1
78 549 1
78 606 1
78 616 1
78 767 1
78 772 1
78 845 1
78 861 1
78 886 1
78 964 1
79 195 1
79 269 1
79 286 1
79 315 1
79 339 1
79 421 1
79 562 1
79 587 1
80 100 1
80 103 1
80 122 1
80 123 1
80 315 1
80 330 1
80 336 1
80 363 1
80 364 1
80 453 1
80 454 1
80 581 1
80 646 1
80 650 1
80 668 1
80 699 1
80 840 1
80 881 1
80 976 1
81 102 1
81 110 1
81 240 1
81 573 1
82 101 1
82 161 1
82 172 1
82 188 1
82 223 1
82 315 1
82 389 1
82 417 1
82 463 1
82 501 1
82 533 1
82 603 1
82 605 1
82 697 1
82 779 1
82 920 1
82 991 1
82 992 1
83 114 1
83 148 1
83 156 1
83 220 1
83 252 1
83 262 1
83 267 1
83 296 1
83 317 1
83 399 1
83 411 1
83 431 1
83 444 1
83 511 1
83 565 1
83 601 1
83 658 1
83 662 1
83 683 1
83 775 1
83 813 1
83 830 1
83 849 1
83 884 1
83 981 1
83 989 1
84 109 1
84 127 1
84 134 1
84 166 1
84 179 1
84 238 1
84 247 1
84 307 1
84 454 1
84 503 1
84 510 1
84 512 1
84 519 1
84 652 1
84 723 1
84 729 1
84 941 1
85 176 1
85 195 1
85 214 1
85 224 1
85 619 1
85 781 1
85 845 1
85 867 1
86 116 1
86 186 1
86 313 1
86 385 1
86 391 1
86 431 1
86 612 1
86 665 1
86 694 1
86 791 1
86 893 1
87 157 1
87 168 1
87 186 1
87 247 1
87 261 1
87 436 1
88 99 1
88 135 1
88 257 1
88 333 1
88 352 1
88 441 1
88 562 1
88 625 1
88 627 1
88 653 1
88 685 1
88 766 1
88 903 1
88 998 1
89 159 1
89 202 1
89 224 1
89 264 1
89 356 1
89 416 1
89 478 1
89 491 1
89 728 1
89 754 1
89 770 1
89 868 1
89 893 1
89 909 1
89 910 1
90 186 1
90 372 1
90 396 1
90 464 1
90 520 1
90 606 1
90 622 1
90 691 1
90 697 1
90 701 1
91 165 1
91 173 1
92 148 1
92 153 1
92 231 1
92 250 1
92 389 1
92 402 1
92 430 1
92 443 1
92 687 1
92 988 1
93 105 1
93 164 1
93 179 1
93 184 1
93 189 1
93 211 1
93 228 1
93 413 1
93 437 1
93 471 1
93 639 1
93 726 1
93 744 1
93 771 1
93 782 1
93 789 1
93 913 1
93 938 1
94 295 1
94 318 1
94 403 1
94 426 1
94 628 1
94 631 1
94 698 1
94 968 1
95 121 1
95 140 1
95 253 1
95 422 1
95 431 1
95 604 1
95 644 1
95 841 1
96 99 1
96 110 1
96 146 1
96 168 1
96 262 1
96 296 1
96 302 1
96 374 1
96 390 1
96 480 1
96 530 1
96 555 1
96 695 1
96 841 1
97 102 1
97 117 1
97 136 1
97 166 1
97 171 1
97 173 1
97 179 1
97 181 1
97 187 1
97 220 1
97 283 1
97 289 1
97 322 1
97 334 1
97 473 1
97 478 1
97 498 1
97 647 1
97 685 1
97 766 1
97 793 1
97 831 1
97 903 1
97 947 1
98 109 1
98 328 1
98 497 1
98 527 1
99 167 1
99 224 1
99 308 1
99 660 1
100 126 1
100 152 1
100 156 1
100 182 1
100 270 1
100 389 1
100 446 1
100 711 1
100 773 1
100 909 1
100 953 1
101 217 1
101 346 1
101 432 1
102 140 1
102 145 1
102 259 1
102 293 1
102 307 1
102 350 1
102 408 1
102 480 1
102 936 1
103 258 1
103 279 1
103 443 1
103 549 1
103 639 1
103 642 1
103 731 1
103 872 1
103 940 1
104 142 1
104 236 1
104 268 1
104 304 1
104 325 1
104 583 1
104 619 1
104 678 1
104 763 1
104 806 1
105 123 1
105 124 1
105 174 1
105 288 1
105 321 1
105 345 1
105 407 1
105 423 1
105 426 1
105 457 1
105 479 1
105 671 1
105 773 1
105 806 1
105 864 1
105 899 1
105 936 1
106 111 1
106 200 1
106 288 1
106 302 1
106 331 1
106 916 1
107 139 1
107 320 1
107 428 1
107 496 1
107 550 1
107 607 1
107 642 1
107 735 1
107 919 1
107 990 1
108 129 1
108 213 1
108 428 1
108 434 1
108 624 1
108 740 1
108 921 1
109 303 1
109 662 1
109 885 1
110 162 1
110 293 1
110 444 1
110 458 1
110 611 1
110 728 1
110 881 1
110 949 1
110 952 1
110 962 1
111 119 1
111 178 1
111 208 1
111 337 1
111 366 1
111 369 1
111 413 1
111 800 1
111 821 1
111 829 1
112 143 1
112 198 1
112 230 1
112 323 1
112 388 1
112 410 1
112 595 1
112 692 1
113 162 1
113 198 1
113 235 1
113 239 1
113 291 1
113 341 1
113 404 1
113 410 1
113 437 1
113 438 1
113 491 1
113 796 1
113 885 1
113 939 1
113 961 1
113 980 1
113 998 1
114 205 1
114 621 1
114 781 1
114 809 1
115 130 1
115 142 1
115 166 1
115 291 1
115 306 1
115 394 1
115 529 1
115 684 1
116 211 1
116 215 1
116 245 1
116 353 1
116 427 1
116 503 1
116 879 1
116 945 1
117 151 1
117 210 1
117 219 1
117 246 1
117 312 1
117 332 1
117 407 1
117 619 1
117 657 1
117 735 1
117 802 1
117 864 1
117 884 1
117 912 1
118 171 1
118 182 1
118 298 1
118 317 1
118 457 1
118 472 1
118 554 1
118 816 1
118 873 1
119 163 1
119 282 1
119 291 1
119 357 1
119 418 1
119 435 1
119 539 1
119 576 1
119 786 1
120 121 1
120 199 1
120 221 1
120 222 1
120 246 1
120 316 1
120 330 1
120 486 1
120 669 1
120 672 1
120 679 1
120 680 1
120 810 1
120 836 1
120 865 1
120 890 1
120 900 1
121 191 1
121 198 1
121 248 1
121 418 1
121 573 1
121 660 1
121 729 1
121 736 1
122 131 1
122 165 1
122 169 1
122 233 1
122 242 1
122 432 1
122 465 1
122 525 1
122 564 1
122 597 1
122 606 1
122 651 1
122 655 1
122 706 1
122 726 1
122 739 1
122 817 1
122 933 1
122 983 1
122 984 1
123 146 1
123 155 1
123 313 1
123 317 1
123 320 1
123 432 1
123 472 1
123 575 1
123 655 1
123 692 1
123 739 1
123 757 1
123 855 1
123 876 1
123 973 1
124 133 1
124 425 1
124 462 1
124 467 1
124 528 1
124 645 1
124 785 1
125 154 1
125 155 1
125 204 1
125 299 1
125 326 1
125 354 1
125 365 1
125 574 1
125 857 1
125 878 1
126 199 1
126 442 1
126 470 1
127 128 1
127 414 1
127 508 1
127 517 1
127 571 1
127 572 1
127 650 1
127 767 1
127 773 1
127 793 1
127 957 1
127 960 1
128 138 1
128 191 1
128 234 1
128 606 1
128 746 1
128 967 1
129 180 1
129 360 1
129 452 1
129 457 1
129 468 1
129 509 1
129 725 1
130 132 1
130 137 1
130 139 1
130 436 1
130 494 1
130 694 1
130 715 1
130 930 1
130 934 1
131 156 1
131 700 1
131 721 1
131 810 1
131 828 1
132 175 1
132 251 1
132 372 1
132 563 1
132 600 1
133 205 1
133 358 1
133 359 1
133 627 1
133 958 1
134 140 1
134 146 1
134 169 1
134 171 1
134 249 1
134 264 1
134 276 1
134 297 1
134 308 1
134 324 1
134 325 1
134 369 1
134 491 1
134 494 1
134 505 1
134 573 1
134 648 1
134 676 1
134 795 1
134 855 1
135 305 1
135 550 1
136 174 1
136 184 1
136 243 1
136 274 1
136 359 1
136 362 1
136 434 1
136 497 1
136 558 1
136 631 1
136 754 1
136 820 1
136 906 1
136 977 1
137 237 1
137 432 1
137 719 1
137 795 1
137 827 1
137 838 1
137 851 1
138 222 1
138 229 1
138 237 1
138 434 1
138 688 1
138 738 1
139 240 1
139 378 1
139 381 1
139 849 1
139 854 1
140 223 1
140 241 1
140 438 1
140 761 1
141 337 1
141 545 1
141 996 1
142 194 1
142 314 1
142 477 1
142 495 1
142 646 1
142 978 1
142 979 1
143 272 1
143 348 1
143 479 1
143 538 1
143 626 1
143 747 1
144 190 1
144 352 1
144 428 1
144 497 1
144 501 1
144 837 1
144 869 1
144 985 1
145 228 1
145 251 1
145 282 1
145 284 1
145 610 1
145 617 1
145 728 1
145 829 1
145 840 1
145 911 1
145 923 1
146 158 1
146 253 1
146 276 1
146 378 1
146 398 1
146 993 1
147 212 1
147 340 1
147 387 1
147 391 1
147 515 1
147 584 1
147 598 1
147 669 1
147 702 1
147 799 1
147 936 1
148 232 1
148 475 1
148 831 1
148 877 1
149 156 1
149 236 1
149 389 1
149 686 1
149 914 1
150 161 1
150 178 1
150 208 1
150 358 1
150 462 1
150 682 1
150 699 1
150 856 1
150 926 1
151 155 1
151 517 1
151 579 1
151 606 1
152 181 1
152 362 1
152 366 1
152 427 1
152 648 1
152 713 1
152 861 1
152 973 1
153 155 1
153 565 1
153 656 1
153 712 1
153 723 1
153 909 1
153 945 1
154 176 1
154 207 1
154 285 1
154 384 1
154 523 1
154 571 1
154 670 1
154 708 1
154 727 1
154 784 1
154 868 1
154 937 1
154 964 1
155 165 1
155 166 1
155 263 1
155 275 1
155 346 1
155 352 1
155 401 1
155 446 1
155 679 1
155 741 1
155 777 1
155 827 1
156 174 1
156 462 1
156 534 1
156 652 1
156 680 1
157 221 1
157 243 1
157 257 1
157 363 1
157 421 1
157 496 1
157 507 1
157 622 1
157 708 1
157 798 1
157 898 1
157 989 1
158 479 1
158 544 1
158 752 1
158 850 1
159 176 1
159 218 1
159 256 1
159 342 1
159 430 1
159 464 1
159 540 1
159 664 1
159 689 1
159 869 1
160 212 1
160 235 1
160 318 1
160 333 1
160 345 1
160 414 1
160 445 1
160 782 1
160 858 1
161 193 1
161 493 1
161 831 1
162 168 1
162 181 1
162 204 1
162 286 1
162 309 1
162 388 1
162 401 1
162 419 1
162 535 1
162 555 1
162 602 1
162 615 1
162 783 1
162 796 1
162 975 1
162 990 1
163 633 1
163 717 1
163 777 1
164 172 1
164 189 1
164 261 1
164 475 1
164 607 1
164 664 1
164 729 1
164 736 1
164 774 1
164 868 1
164 967 1
165 341 1
165 368 1
165 434 1
165 475 1
165 859 1
166 224 1
166 255 1
166 395 1
166 411 1
166 415 1
166 479 1
166 731 1
166 763 1
167 368 1
167 375 1
167 814 1
167 917 1
168 310 1
168 351 1
168 412 1
168 819 1
168 845 1
169 182 1
169 183 1
169 259 1
169 280 1
169 392 1
169 439 1
169 507 1
169 519 1
169 523 1
169 699 1
169 778 1
169 882 1
169 969 1
170 289 1
170 306 1
170 415 1
170 584 1
170 599 1
170 609 1
170 689 1
170 768 1
170 775 1
170 870 1
170 890 1
170 923 1
171 249 1
171 355 1
171 386 1
171 731 1
171 918 1
172 218 1
172 282 1
172 382 1
172 403 1
172 452 1
172 496 1
172 551 1
172 602 1
172 689 1
172 701 1
172 762 1
172 824 1
172 948 1
172 966 1
173 178 1
173 248 1
173 358 1
173 400 1
173 515 1
173 579 1
173 999 1
174 185 1
174 227 1
174 374 1
174 420 1
174 756 1
174 769 1
174 778 1
175 232 1
175 319 1
175 356 1
175 408 1
175 506 1
175 790 1
175 803 1
175 809 1
175 883 1
175 905 1
175 972 1
176 196 1
176 304 1
176 438 1
176 468 1
176 504 1
176 510 1
176 629 1
176 664 1
176 681 1
176 793 1
176 877 1
176 904 1
177 202 1
177 210 1
177 239 1
177 269 1
177 283 1
177 382 1
177 405 1
177 453 1
177 538 1
177 547 1
177 588 1
177 591 1
177 616 1
177 842 1
177 974 1
178 292 1
178 305 1
178 327 1
178 405 1
178 463 1
178 587 1
178 589 1
178 658 1
178 706 1
178 843 1
178 853 1
178 931 1
179 264 1
179 304 1
179 344 1
179 348 1
179 378 1
179 641 1
179 879 1
180 239 1
180 560 1
180 649 1
180 927 1
181 193 1
181 219 1
181 233 1
181 301 1
181 307 1
181 328 1
181 364 1
181 367 1
181 375 1
181 506 1
181 573 1
181 787 1
181 792 1
181 950 1
181 988 1
182 209 1
182 303 1
182 451 1
182 486 1
182 542 1
182 712 1
182 803 1
183 213 1
183 314 1
183 626 1
183 860 1
184 185 1
184 239 1
184 373 1
184 407 1
184 499 1
184 614 1
184 709 1
184 862 1
184 870 1
184 993 1
185 394 1
185 539 1
185 592 1
185 989 1
186 220 1
186 266 1
186 287 1
186 308 1
186 324 1
186 467 1
186 471 1
186 557 1
186 607 1
186 649 1
186 665 1
186 716 1
187 305 1
187 323 1
187 429 1
187 675 1
188 442 1
188 448 1
188 717 1
188 886 1
188 922 1
189 229 1
189 388 1
189 587 1
189 713 1
189 796 1
189 802 1
189 821 1
189 928 1
190 294 1
191 365 1
191 529 1
191 611 1
191 684 1
192 198 1
192 200 1
192 201 1
192 202 1
192 203 1
192 221 1
192 289 1
192 347 1
192 528 1
192 714 1
192 784 1
192 935 1
193 255 1
193 271 1
193 389 1
193 433 1
193 435 1
193 786 1
194 254 1
194 259 1
194 274 1
194 277 1
194 287 1
194 294 1
194 319 1
194 406 1
194 423 1
194 429 1
194 477 1
194 484 1
194 687 1
194 701 1
195 408 1
195 484 1
195 513 1
195 550 1
195 560 1
196 406 1
196 482 1
196 504 1
196 552 1
196 732 1
196 840 1
197 238 1
198 740 1
199 226 1
199 313 1
199 368 1
199 762 1
199 771 1
199 914 1
199 982 1
200 570 1
200 585 1
200 663 1
200 802 1
201 357 1
201 512 1
201 551 1
201 623 1
201 646 1
202 275 1
202 323 1
202 433 1
202 502 1
202 620 1
202 724 1
202 872 1
203 388 1
203 917 1
203 955 1
204 233 1
204 318 1
204 359 1
204 436 1
204 440 1
204 620 1
204 917 1
204 965 1
205 251 1
205 425 1
205 613 1
205 880 1
205 893 1
205 927 1
206 241 1
206 277 1
206 464 1
206 541 1
206 780 1
206 891 1
206 946 1
207 295 1
207 390 1
207 395 1
207 772 1
207 784 1
207 887 1
208 281 1
208 949 1
209 229 1
209 381 1
209 396 1
209 610 1
209 656 1
209 901 1
210 297 1
210 409 1
210 411 1
210 727 1
210 748 1
210 953 1
211 282 1
211 391 1
211 459 1
211 743 1
211 990 1
212 229 1
212 518 1
212 553 1
212 617 1
213 252 1
213 339 1
213 380 1
213 465 1
213 820 1
214 377 1
214 412 1
214 578 1
214 675 1
214 742 1
215 294 1
215 331 1
215 417 1
215 461 1
215 805 1
215 819 1
216 244 1
216 303 1
216 537 1
217 966 1
218 312 1
218 565 1
218 827 1
218 891 1
218 977 1
218 992 1
219 254 1
219 587 1
219 697 1
219 984 1
220 226 1
220 351 1
220 356 1
220 507 1
220 647 1
220 948 1
221 294 1
221 304 1
221 310 1
221 339 1
221 400 1
221 462 1
221 555 1
221 665 1
221 811 1
222 281 1
222 293 1
222 337 1
222 391 1
222 457 1
222 510 1
222 535 1
222 600 1
222 688 1
222 716 1
222 744 1
222 754 1
222 873 1
222 983 1
223 556 1
223 696 1
224 371 1
224 971 1
225 342 1
225 356 1
225 364 1
225 528 1
225 534 1
225 677 1
225 719 1
226 230 1
226 518 1
226 538 1
226 572 1
226 838 1
226 902 1
226 930 1
227 466 1
228 261 1
228 431 1
228 466 1
229 324 1
229 396 1
229 425 1
229 572 1
229 743 1
229 756 1
229 883 1
230 273 1
230 478 1
230 522 1
230 623 1
230 640 1
230 695 1
230 959 1
231 319 1
231 357 1
231 430 1
231 567 1
231 595 1
231 624 1
231 697 1
231 747 1
231 829 1
232 233 1
232 276 1
232 314 1
232 329 1
233 637 1
234 255 1
234 350 1
234 414 1
234 470 1
234 480 1
234 489 1
234 514 1
234 523 1
234 704 1
234 848 1
234 851 1
235 429 1
235 634 1
235 660 1
236 285 1
236 325 1
236 333 1
236 367 1
236 374 1
236 502 1
236 546 1
236 641 1
236 667 1
237 243 1
237 261 1
237 321 1
237 648 1
237 915 1
238 416 1
238 537 1
238 597 1
238 653 1
238 820 1
238 935 1
239 276 1
239 463 1
239 490 1
239 506 1
239 513 1
239 705 1
239 742 1
239 757 1
239 824 1
239 979 1
240 272 1
240 429 1
240 460 1
240 664 1
240 708 1
240 825 1
240 874 1
240 977 1
241 262 1
241 386 1
241 497 1
241 541 1
243 250 1
243 328 1
243 603 1
243 755 1
243 901 1
243 944 1
244 248 1
244 386 1
244 446 1
244 812 1
244 929 1
244 932 1
245 299 1
245 335 1
245 912 1
245 956 1
246 253 1
246 476 1
246 625 1
246 647 1
247 255 1
247 334 1
247 348 1
247 468 1
247 473 1
247 480 1
247 618 1
247 823 1
247 983 1
248 586 1
249 259 1
249 427 1
249 443 1
249 491 1
249 533 1
249 636 1
249 788 1
249 876 1
249 885 1
250 292 1
250 568 1
250 597 1
250 902 1
251 486 1
251 921 1
252 416 1
252 623 1
252 886 1
252 900 1
252 909 1
253 472 1
253 514 1
253 617 1
253 645 1
254 958 1
255 350 1
255 476 1
255 565 1
255 719 1
255 763 1
255 989 1
256 257 1
256 535 1
256 633 1
256 970 1
257 363 1
257 467 1
257 688 1
257 733 1
257 770 1
257 808 1
257 854 1
257 899 1
258 268 1
258 461 1
258 856 1
258 962 1
259 300 1
259 404 1
259 951 1
260 337 1
260 345 1
260 390 1
260 472 1
260 549 1
260 824 1
260 826 1
261 348 1
262 344 1
263 498 1
263 543 1
263 555 1
263 589 1
263 592 1
264 284 1
264 634 1
264 651 1
264 663 1
264 669 1
264 700 1
264 730 1
265 583 1
266 645 1
266 671 1
266 712 1
266 728 1
266 758 1
267 290 1
267 311 1
267 422 1
267 456 1
267 470 1
267 536 1
267 590 1
267 722 1
267 725 1
267 843 1
267 844 1
267 857 1
267 995 1
268 630 1
268 891 1
269 384 1
269 548 1
269 558 1
269 574 1
269 666 1
269 781 1
269 966 1
269 999 1
270 274 1
270 393 1
270 407 1
270 430 1
270 602 1
270 680 1
271 450 1
271 636 1
272 275 1
272 311 1
272 357 1
272 372 1
272 440 1
272 487 1
272 588 1
272 597 1
272 640 1
272 839 1
272 918 1
272 939 1
272 940 1
272 989 1
273 297 1
273 308 1
273 355 1
273 492 1
273 501 1
273 520 1
273 875 1
273 945 1
273 978 1
274 280 1
274 338 1
274 341 1
274 384 1
274 395 1
274 503 1
274 516 1
274 746 1
274 892 1
274 906 1
274 922 1
274 929 1
275 341 1
275 381 1
275 939 1
275 958 1
276 291 1
276 347 1
276 603 1
276 653 1
276 866 1
276 871 1
277 279 1
277 492 1
277 596 1
277 611 1
277 644 1
277 795 1
278 290 1
278 822 1
278 920 1
279 441 1
279 466 1
279 470 1
279 473 1
279 702 1
279 952 1
280 351 1
280 360 1
280 399 1
280 409 1
280 449 1
280 996 1
281 548 1
281 671 1
281 791 1
282 616 1
282 711 1
282 853 1
283 447 1
283 465 1
283 496 1
283 750 1
284 342 1
284 461 1
284 473 1
284 558 1
284 908 1
285 345 1
285 414 1
285 575 1
286 576 1
286 647 1
287 338 1
287 395 1
287 497 1
287 511 1
287 524 1
287 577 1
287 932 1
288 364 1
288 458 1
289 312 1
289 397 1
289 840 1
290 293 1
290 565 1
290 654 1
290 707 1
291 396 1
292 562 1
292 720 1
292 794 1
293 344 1
293 354 1
293 361 1
293 556 1
293 635 1
293 643 1
293 693 1
293 722 1
293 877 1
294 349 1
294 358 1
294 662 1
294 768 1
294 831 1
294 907 1
294 932 1
295 423 1
295 449 1
295 503 1
295 533 1
295 614 1
295 804 1
295 943 1
296 597 1
296 631 1
297 451 1
297 474 1
297 639 1
297 663 1
297 738 1
297 912 1
299 485 1
300 320 1
300 442 1
300 640 1
300 761 1
300 850 1
301 422 1
301 446 1
301 584 1
301 725 1
302 455 1
302 477 1
302 484 1
302 544 1
302 638 1
302 766 1
302 961 1
303 357 1
303 800 1
303 827 1
304 670 1
304 892 1
304 937 1
305 455 1
305 621 1
305 803 1
306 445 1
306 502 1
306 931 1
306 969 1
307 383 1
307 839 1
308 364 1
308 435 1
308 445 1
308 451 1
308 524 1
308 665 1
308 689 1
308 947 1
309 312 1
309 328 1
309 376 1
309 697 1
310 320 1
310 839 1
312 477 1
312 639 1
313 385 1
313 524 1
313 550 1
313 919 1
314 334 1
314 876 1
315 385 1
315 640 1
316 828 1
317 376 1
317 684 1
318 319 1
318 355 1
318 488 1
318 525 1
318 537 1
318 570 1
318 583 1
318 677 1
318 774 1
319 498 1
319 609 1
319 805 1
320 380 1
320 748 1
320 921 1
321 555 1
321 646 1
322 559 1
323 421 1
323 459 1
323 714 1
323 747 1
323 975 1
324 409 1
324 589 1
324 602 1
324 991 1
325 327 1
325 516 1
325 762 1
325 994 1
327 551 1
327 853 1
327 896 1
328 437 1
328 455 1
328 540 1
328 864 1
329 789 1
329 942 1
331 585 1
331 801 1
331 954 1
332 361 1
332 456 1
332 599 1
332 833 1
332 861 1
333 419 1
334 542 1
334 582 1
334 592 1
334 956 1
334 974 1
335 489 1
335 515 1
335 924 1
336 530 1
336 633 1
336 644 1
336 888 1
336 901 1
337 446 1
338 343 1
338 537 1
338 568 1
338 654 1
338 828 1
338 909 1
338 922 1
338 998 1
339 454 1
339 499 1
339 595 1
339 631 1
339 736 1
339 842 1
339 997 1
340 352 1
340 370 1
340 464 1
340 632 1
341 349 1
341 443 1
341 498 1
341 570 1
341 658 1
342 440 1
342 482 1
342 574 1
342 638 1
342 667 1
342 826 1
343 406 1
344 652 1
345 645 1
345 710 1
347 705 1
347 837 1
348 359 1
348 544 1
348 581 1
348 590 1
348 593 1
348 672 1
348 677 1
348 840 1
348 946 1
349 553 1
349 730 1
349 850 1
349 915 1
350 448 1
350 625 1
351 398 1
351 399 1
351 423 1
351 668 1
351 690 1
352 373 1
352 484 1
352 543 1
353 376 1
354 405 1
354 413 1
354 654 1
354 662 1
354 794 1
354 880 1
354 882 1
354 927 1
355 424 1
355 569 1
355 635 1
355 727 1
356 368 1
356 473 1
356 566 1
356 608 1
356 753 1
356 764 1
357 411 1
357 577 1
357 806 1
357 930 1
358 576 1
359 368 1
359 373 1
359 459 1
359 679 1
359 897 1
360 466 1
360 655 1
360 730 1
360 966 1
361 933 1
361 958 1
362 501 1
363 440 1
363 590 1
363 843 1
363 973 1
363 983 1
364 456 1
364 518 1
364 608 1
364 733 1
365 376 1
365 392 1
367 433 1
367 559 1
367 577 1
367 617 1
368 370 1
368 604 1
369 485 1
369 717 1
369 758 1
369 787 1
369 809 1
370 634 1
370 963 1
371 678 1
371 734 1
371 997 1
372 490 1
372 526 1
372 908 1
372 914 1
373 476 1
374 539 1
374 548 1
374 598 1
374 836 1
375 540 1
375 625 1
377 649 1
377 825 1
378 613 1
378 685 1
378 844 1
379 481 1
379 785 1
380 390 1
380 466 1
380 518 1
380 532 1
381 547 1
382 393 1
382 492 1
382 579 1
382 668 1
382 922 1
382 969 1
383 512 1
383 763 1
383 880 1
384 561 1
385 631 1
385 687 1
386 392 1
386 564 1
386 673 1
386 680 1
386 835 1
387 393 1
387 419 1
387 749 1
388 420 1
389 449 1
389 801 1
390 582 1
391 459 1
391 615 1
391 773 1
391 863 1
391 952 1
394 482 1
394 546 1
394 581 1
394 620 1
395 554 1
395 709 1
395 737 1
395 836 1
395 838 1
395 987 1
396 422 1
396 437 1
397 557 1
397 630 1
397 763 1
397 853 1
397 979 1
398 533 1
398 689 1
399 419 1
399 520 1
399 672 1
399 910 1
399 964 1
400 500 1
401 504 1
401 925 1
402 926 1
403 512 1
403 643 1
403 695 1
403 771 1
404 586 1
404 789 1
406 471 1
406 759 1
407 844 1
407 990 1
409 484 1
409 941 1
410 448 1
411 507 1
411 826 1
411 911 1
411 916 1
411 933 1
411 942 1
412 835 1
414 508 1
414 674 1
414 737 1
414 756 1
414 924 1
416 527 1
418 449 1
418 585 1
418 592 1
418 746 1
419 432 1
420 693 1
420 704 1
420 808 1
421 858 1
422 447 1
422 459 1
422 490 1
422 868 1
422 880 1
422 882 1
422 975 1
422 995 1
423 554 1
424 635 1
424 677 1
424 900 1
425 562 1
427 468 1
427 545 1
427 636 1
427 648 1
427 661 1
427 795 1
428 676 1
428 808 1
429 643 1
429 783 1
430 895 1
431 576 1
431 722 1
433 753 1
433 845 1
434 561 1
434 567 1
434 590 1
434 610 1
434 666 1
436 485 1
436 715 1
436 992 1
437 492 1
437 495 1
437 605 1
437 779 1
437 874 1
439 569 1
439 768 1
439 827 1
439 835 1
439 846 1
439 965 1
439 981 1
440 592 1
440 994 1
441 842 1
442 485 1
442 529 1
444 709 1
444 798 1
445 520 1
445 588 1
445 627 1
445 666 1
445 842 1
446 760 1
446 778 1
446 832 1
448 531 1
448 804 1
449 470 1
450 624 1
450 860 1
451 469 1
451 584 1
451 643 1
451 724 1
451 806 1
451 813 1
451 874 1
451 919 1
453 628 1
453 635 1
453 710 1
453 738 1
453 778 1
453 904 1
453 984 1
454 489 1
454 496 1
454 549 1
454 706 1
454 758 1
454 938 1
454 944 1
454 987 1
455 630 1
456 500 1
457 634 1
457 700 1
457 824 1
458 474 1
458 860 1
459 471 1
459 614 1
460 526 1
460 564 1
461 465 1
461 508 1
461 951 1
462 509 1
462 522 1
462 531 1
462 709 1
462 878 1
463 552 1
463 578 1
463 996 1
464 750 1
464 844 1
465 529 1
465 788 1
466 523 1
467 600 1
467 693 1
468 491 1
468 548 1
468 638 1
468 924 1
468 928 1
469 594 1
469 608 1
469 615 1
469 616 1
469 657 1
469 682 1
469 703 1
471 557 1
471 757 1
471 864 1
471 891 1
472 675 1
472 751 1
472 765 1
472 769 1
473 483 1
473 541 1
473 564 1
473 605 1
473 634 1
473 757 1
473 758 1
473 818 1
473 849 1
473 982 1
474 660 1
474 703 1
474 973 1
475 720 1
476 481 1
476 659 1
476 681 1
476 682 1
476 750 1
476 859 1
478 568 1
478 822 1
478 826 1
478 943 1
480 533 1
480 563 1
480 781 1
481 804 1
482 636 1
483 596 1
483 629 1
483 712 1
483 784 1
483 818 1
483 986 1
484 594 1
484 621 1
484 779 1
485 572 1
485 834 1
486 799 1
486 899 1
487 488 1
487 539 1
487 601 1
488 509 1
488 764 1
489 867 1
489 932 1
490 899 1
491 832 1
492 720 1
493 521 1
493 765 1
493 892 1
494 539 1
494 618 1
494 931 1
495 624 1
495 746 1
495 848 1
495 858 1
496 718 1
496 735 1
496 986 1
497 567 1
498 970 1
499 554 1
499 670 1
499 748 1
499 759 1
500 567 1
500 817 1
500 888 1
501 530 1
501 718 1
502 698 1
502 971 1
503 668 1
504 711 1
504 891 1
505 798 1
506 750 1
508 733 1
508 777 1
508 780 1
509 551 1
509 688 1
509 872 1
510 524 1
510 682 1
510 846 1
511 657 1
511 670 1
511 713 1
512 530 1
513 525 1
513 684 1
513 690 1
514 780 1
514 951 1
515 551 1
515 572 1
515 902 1
516 716 1
516 822 1
518 629 1
518 774 1
518 791 1
519 525 1
520 759 1
521 546 1
521 560 1
521 610 1
521 658 1
521 745 1
521 976 1
522 591 1
522 659 1
523 794 1
524 795 1
526 619 1
526 691 1
526 718 1
526 736 1
526 865 1
526 881 1
526 968 1
527 587 1
527 669 1
527 935 1
529 535 1
529 736 1
529 760 1
530 755 1
530 776 1
531 782 1
531 799 1
532 889 1
533 846 1
534 737 1
534 857 1
534 958 1
535 749 1
535 903 1
536 559 1
538 612 1
538 949 1
539 675 1
539 894 1
539 963 1
540 546 1
540 573 1
540 589 1
540 762 1
541 571 1
541 790 1
543 556 1
543 951 1
544 723 1
545 949 1
547 569 1
547 981 1
548 788 1
548 916 1
550 553 1
550 611 1
550 637 1
550 976 1
550 988 1
551 816 1
551 825 1
551 932 1
552 792 1
553 673 1
553 887 1
554 594 1
554 786 1
554 802 1
554 828 1
554 919 1
554 979 1
556 775 1
556 943 1
557 737 1
557 854 1
558 716 1
558 941 1
559 686 1
559 954 1
559 961 1
560 694 1
560 808 1
560 852 1
560 984 1
561 804 1
561 923 1
563 651 1
563 790 1
563 988 1
564 633 1
564 767 1
564 775 1
564 890 1
565 749 1
565 907 1
566 674 1
566 928 1
566 997 1
568 570 1
568 618 1
568 897 1
570 580 1
570 584 1
570 656 1
570 664 1
570 727 1
570 793 1
571 629 1
572 601 1
572 696 1
572 859 1
572 865 1
575 942 1
576 783 1
576 813 1
577 792 1
577 807 1
577 855 1
577 976 1
578 764 1
578 994 1
579 675 1
579 742 1
581 744 1
582 887 1
582 996 1
583 650 1
583 866 1
583 873 1
584 838 1
584 986 1
585 799 1
585 852 1
586 700 1
587 667 1
587 734 1
587 832 1
588 852 1
588 879 1
590 781 1
590 912 1
590 931 1
590 937 1
591 656 1
591 817 1
591 847 1
591 865 1
592 596 1
592 748 1
592 768 1
592 895 1
593 640 1
593 791 1
593 862 1
593 904 1
598 895 1
602 742 1
602 800 1
602 933 1
603 657 1
605 734 1
606 704 1
606 879 1
607 679 1
607 695 1
607 705 1
607 751 1
607 956 1
608 886 1
609 791 1
610 995 1
611 883 1
612 707 1
613 700 1
613 731 1
613 801 1
618 729 1
621 707 1
623 773 1
624 813 1
625 824 1
627 655 1
628 925 1
629 978 1
630 925 1
631 699 1
631 821 1
631 830 1
631 843 1
631 880 1
632 761 1
635 998 1
637 710 1
637 866 1
638 782 1
638 850 1
640 875 1
642 743 1
642 817 1
643 733 1
643 994 1
644 652 1
644 903 1
647 814 1
648 681 1
650 820 1
650 860 1
650 956 1
651 740 1
652 857 1
653 982 1
655 870 1
657 865 1
658 738 1
658 939 1
658 988 1
661 761 1
665 743 1
665 987 1
666 715 1
669 756 1
670 711 1
670 970 1
670 1000 1
671 834 1
672 879 1
672 941 1
675 730 1
677 755 1
678 847 1
679 687 1
679 739 1
682 830 1
682 866 1
682 867 1
682 892 1
683 774 1
684 815 1
684 945 1
685 815 1
685 985 1
687 718 1
689 744 1
690 910 1
690 913 1
690 914 1
691 875 1
692 712 1
694 920 1
694 960 1
696 755 1
697 974 1
700 837 1
701 959 1
702 789 1
702 845 1
702 967 1
703 732 1
703 931 1
707 760 1
709 735 1
709 765 1
709 972 1
710 819 1
710 841 1
710 847 1
712 738 1
712 769 1
712 887 1
712 930 1
713 815 1
716 725 1
719 823 1
719 926 1
720 747 1
720 797 1
720 875 1
720 980 1
721 889 1
722 854 1
723 737 1
724 788 1
726 881 1
726 991 1
727 839 1
727 847 1
727 910 1
727 947 1
729 950 1
731 894 1
735 811 1
735 818 1
740 753 1
743 796 1
743 829 1
744 878 1
747 785 1
749 882 1
749 911 1
751 960 1
756 849 1
756 911 1
756 945 1
759 900 1
760 961 1
761 794 1
761 814 1
764 982 1
770 862 1
772 816 1
772 974 1
774 901 1
775 884 1
776 812 1
776 920 1
776 929 1
778 869 1
778 916 1
779 787 1
779 869 1
782 851 1
782 882 1
784 954 1
788 918 1
788 960 1
789 871 1
797 926 1
798 874 1
799 893 1
800 941 1
801 855 1
801 980 1
802 876 1
803 922 1
803 944 1
804 915 1
805 876 1
807 894 1
808 918 1
810 918 1
812 947 1
813 855 1
814 821 1
814 830 1
814 953 1
820 825 1
825 903 1
825 987 1
826 859 1
826 915 1
826 986 1
827 969 1
828 905 1
828 957 1
830 897 1
832 884 1
833 968 1
838 841 1
838 843 1
839 930 1
839 961 1
841 963 1
842 875 1
843 942 1
846 856 1
846 884 1
854 944 1
857 952 1
859 895 1
861 907 1
873 949 1
876 939 1
886 991 1
892 925 1
892 972 1
894 938 1
895 959 1
896 905 1
897 914 1
920 1000 1
924 946 1
931 954 1
935 963 1
940 948 1
942 956 1
955 977 1
955 985 1
973 999 1
977 986 1
981 984 1
