1000 4975
1 2 1
1 3 1
1 4 1
1 5 1
1 6 1
1 7 1
1 8 1
1 9 1
1 10 1
1 11 1
1 12 1
1 13 1
1 14 1
1 22 1
1 27 1
1 29 1
1 34 1
1 35 1
1 51 1
1 58 1
1 59 1
1 62 1
1 67 1
1 68 1
1 69 1
1 72 1
1 75 1
1 81 1
1 95 1
1 96 1
1 98 1
1 109 1
1 118 1
1 141 1
1 142 1
1 143 1
1 152 1
1 197 1
1 214 1
1 226 1
1 240 1
1 244 1
1 254 1
1 277 1
1 296 1
1 336 1
1 354 1
1 362 1
1 366 1
1 368 1
1 385 1
1 395 1
1 414 1
1 417 1
1 456 1
1 461 1
1 463 1
1 468 1
1 498 1
1 499 1
1 501 1
1 508 1
1 515 1
1 526 1
1 533 1
1 570 1
1 633 1
1 663 1
1 708 1
1 714 1
1 719 1
1 724 1
1 738 1
1 752 1
1 753 1
1 756 1
1 811 1
1 859 1
1 871 1
1 885 1
1 896 1
1 908 1
1 950 1
1 960 1
1 962 1
1 969 1
1 998 1
2 8 1
2 45 1
2 63 1
2 79 1
2 83 1
2 86 1
2 98 1
2 114 1
2 147 1
2 150 1
2 205 1
2 208 1
2 217 1
2 313 1
2 368 1
2 725 1
2 932 1
2 953 1
3 7 1
3 12 1
3 14 1
3 16 1
3 19 1
3 23 1
3 26 1
3 28 1
3 38 1
3 44 1
3 45 1
3 46 1
3 60 1
3 90 1
3 97 1
3 161 1
3 170 1
3 191 1
3 244 1
3 269 1
3 354 1
3 405 1
3 429 1
3 593 1
3 621 1
3 629 1
3 692 1
3 709 1
3 710 1
3 743 1
3 748 1
3 830 1
4 7 1
4 8 1
4 9 1
4 10 1
4 11 1
4 12 1
4 13 1
4 14 1
4 15 1
4 17 1
4 18 1
4 19 1
4 21 1
4 23 1
4 24 1
4 25 1
4 31 1
4 32 1
4 33 1
4 37 1
4 41 1
4 43 1
4 56 1
4 62 1
4 75 1
4 77 1
4 81 1
4 85 1
4 88 1
4 91 1
4 92 1
4 103 1
4 107 1
4 109 1
4 115 1
4 126 1
4 133 1
4 148 1
4 153 1
4 156 1
4 163 1
4 172 1
4 189 1
4 197 1
4 207 1
4 216 1
4 229 1
4 243 1
4 246 1
4 279 1
4 293 1
4 297 1
4 316 1
4 318 1
4 331 1
4 333 1
4 357 1
4 383 1
4 401 1
4 421 1
4 430 1
4 463 1
4 474 1
4 495 1
4 507 1
4 512 1
4 529 1
4 547 1
4 578 1
4 580 1
4 581 1
4 583 1
4 588 1
4 590 1
4 606 1
4 607 1
4 617 1
4 625 1
4 628 1
4 682 1
4 686 1
4 719 1
4 737 1
4 754 1
4 777 1
4 783 1
4 809 1
4 829 1
4 863 1
4 881 1
4 884 1
4 953 1
5 7 1
5 9 1
5 10 1
5 12 1
5 16 1
5 17 1
5 20 1
5 22 1
5 23 1
5 27 1
5 29 1
5 31 1
5 36 1
5 37 1
5 42 1
5 46 1
5 48 1
5 52 1
5 53 1
5 64 1
5 76 1
5 99 1
5 118 1
5 127 1
5 130 1
5 141 1
5 143 1
5 150 1
5 151 1
5 155 1
5 156 1
5 161 1
5 162 1
5 165 1
5 169 1
5 180 1
5 187 1
5 196 1
5 200 1
5 201 1
5 216 1
5 234 1
5 238 1
5 264 1
5 269 1
5 312 1
5 317 1
5 328 1
5 351 1
5 355 1
5 381 1
5 397 1
5 402 1
5 405 1
5 417 1
5 419 1
5 446 1
5 469 1
5 471 1
5 472 1
5 476 1
5 504 1
5 516 1
5 519 1
5 525 1
5 549 1
5 584 1
5 585 1
5 586 1
5 595 1
5 598 1
5 611 1
5 621 1
5 663 1
5 696 1
5 706 1
5 713 1
5 757 1
5 775 1
5 793 1
5 815 1
5 838 1
5 843 1
5 882 1
5 886 1
5 888 1
5 894 1
5 941 1
5 944 1
5 946 1
5 951 1
5 961 1
6 7 1
6 8 1
6 9 1
6 16 1
6 17 1
6 20 1
6 21 1
6 23 1
6 33 1
6 35 1
6 36 1
6 41 1
6 42 1
6 76 1
6 90 1
6 104 1
6 110 1
6 111 1
6 121 1
6 135 1
6 147 1
6 166 1
6 189 1
6 202 1
6 217 1
6 261 1
6 269 1
6 282 1
6 300 1
6 309 1
6 329 1
6 344 1
6 362 1
6 402 1
6 426 1
6 427 1
6 449 1
6 498 1
6 500 1
6 555 1
6 594 1
6 599 1
6 616 1
6 647 1
6 657 1
6 685 1
6 706 1
6 708 1
6 709 1
6 742 1
6 745 1
6 761 1
6 773 1
6 819 1
6 857 1
6 868 1
6 955 1
7 8 1
7 9 1
7 10 1
7 11 1
7 13 1
7 17 1
7 18 1
7 20 1
7 21 1
7 22 1
7 24 1
7 28 1
7 30 1
7 32 1
7 33 1
7 39 1
7 40 1
7 48 1
7 64 1
7 66 1
7 85 1
7 87 1
7 95 1
7 100 1
7 102 1
7 104 1
7 119 1
7 123 1
7 124 1
7 128 1
7 137 1
7 143 1
7 157 1
7 159 1
7 168 1
7 175 1
7 182 1
7 188 1
7 201 1
7 225 1
7 231 1
7 234 1
7 235 1
7 239 1
7 244 1
7 247 1
7 266 1
7 300 1
7 304 1
7 325 1
7 326 1
7 335 1
7 337 1
7 338 1
7 376 1
7 389 1
7 401 1
7 409 1
7 414 1
7 447 1
7 448 1
7 458 1
7 483 1
7 494 1
7 511 1
7 521 1
7 597 1
7 621 1
7 654 1
7 723 1
7 733 1
7 763 1
7 780 1
7 784 1
7 788 1
7 790 1
7 816 1
7 819 1
7 839 1
7 842 1
7 906 1
7 907 1
7 934 1
7 942 1
8 11 1
8 15 1
8 18 1
8 24 1
8 27 1
8 33 1
8 35 1
8 37 1
8 53 1
8 60 1
8 61 1
8 66 1
8 75 1
8 87 1
8 93 1
8 116 1
8 120 1
8 136 1
8 146 1
8 173 1
8 177 1
8 189 1
8 207 1
8 220 1
8 227 1
8 256 1
8 266 1
8 272 1
8 294 1
8 321 1
8 344 1
8 378 1
8 388 1
8 438 1
8 449 1
8 459 1
8 464 1
8 492 1
8 497 1
8 505 1
8 506 1
8 512 1
8 519 1
8 530 1
8 625 1
8 645 1
8 752 1
8 767 1
8 887 1
8 945 1
8 948 1
8 949 1
9 10 1
9 11 1
9 12 1
9 13 1
9 14 1
9 15 1
9 17 1
9 18 1
9 19 1
9 20 1
9 21 1
9 26 1
9 30 1
9 35 1
9 40 1
9 42 1
9 43 1
9 49 1
9 50 1
9 51 1
9 53 1
9 57 1
9 61 1
9 63 1
9 64 1
9 68 1
9 69 1
9 73 1
9 75 1
9 76 1
9 79 1
9 86 1
9 94 1
9 99 1
9 115 1
9 119 1
9 129 1
9 132 1
9 134 1
9 136 1
9 150 1
9 152 1
9 161 1
9 170 1
9 171 1
9 172 1
9 176 1
9 180 1
9 187 1
9 188 1
9 192 1
9 213 1
9 220 1
9 222 1
9 229 1
9 232 1
9 239 1
9 249 1
9 259 1
9 271 1
9 273 1
9 276 1
9 278 1
9 281 1
9 285 1
9 287 1
9 316 1
9 318 1
9 320 1
9 324 1
9 333 1
9 334 1
9 358 1
9 371 1
9 378 1
9 383 1
9 388 1
9 402 1
9 407 1
9 423 1
9 469 1
9 480 1
9 493 1
9 534 1
9 538 1
9 557 1
9 610 1
9 616 1
9 663 1
9 686 1
9 697 1
9 703 1
9 731 1
9 769 1
9 787 1
9 799 1
9 813 1
9 828 1
9 842 1
9 851 1
9 897 1
9 899 1
9 916 1
9 935 1
9 947 1
9 976 1
9 996 1
9 999 1
9 1000 1
10 22 1
10 23 1
10 24 1
10 34 1
10 38 1
10 60 1
10 84 1
10 89 1
10 102 1
10 159 1
10 175 1
10 194 1
10 204 1
10 209 1
10 213 1
10 231 1
10 250 1
10 356 1
10 378 1
10 413 1
10 419 1
10 439 1
10 440 1
10 465 1
10 466 1
10 514 1
10 557 1
10 566 1
10 592 1
10 623 1
10 633 1
10 661 1
10 721 1
10 789 1
10 879 1
10 990 1
11 15 1
11 16 1
11 19 1
11 38 1
11 40 1
11 44 1
11 51 1
11 54 1
11 59 1
11 63 1
11 65 1
11 69 1
11 79 1
11 80 1
11 94 1
11 101 1
11 104 1
11 107 1
11 128 1
11 131 1
11 137 1
11 146 1
11 151 1
11 152 1
11 181 1
11 190 1
11 195 1
11 215 1
11 217 1
11 225 1
11 242 1
11 275 1
11 323 1
11 330 1
11 347 1
11 352 1
11 367 1
11 385 1
11 415 1
11 428 1
11 445 1
11 458 1
11 487 1
11 490 1
11 499 1
11 510 1
11 511 1
11 541 1
11 575 1
11 603 1
11 613 1
11 648 1
11 649 1
11 664 1
11 670 1
11 672 1
11 676 1
11 699 1
11 716 1
11 736 1
11 739 1
11 750 1
11 775 1
11 786 1
11 800 1
11 818 1
11 854 1
11 873 1
12 13 1
12 15 1
12 18 1
12 29 1
12 38 1
12 64 1
12 70 1
12 94 1
12 97 1
12 150 1
12 155 1
12 183 1
12 202 1
12 205 1
12 218 1
12 257 1
12 262 1
12 265 1
12 290 1
12 298 1
12 309 1
12 338 1
12 346 1
12 356 1
12 407 1
12 420 1
12 549 1
12 556 1
12 584 1
12 590 1
12 608 1
12 650 1
12 657 1
12 705 1
12 747 1
12 965 1
13 14 1
13 26 1
13 27 1
13 30 1
13 32 1
13 34 1
13 35 1
13 40 1
13 50 1
13 66 1
13 70 1
13 73 1
13 92 1
13 95 1
13 111 1
13 116 1
13 132 1
13 145 1
13 155 1
13 168 1
13 203 1
13 215 1
13 218 1
13 227 1
13 234 1
13 238 1
13 242 1
13 246 1
13 258 1
13 276 1
13 286 1
13 302 1
13 311 1
13 321 1
13 324 1
13 329 1
13 330 1
13 333 1
13 386 1
13 388 1
13 393 1
13 398 1
13 482 1
13 488 1
13 497 1
13 525 1
13 562 1
13 619 1
13 687 1
13 734 1
13 741 1
13 783 1
13 797 1
13 801 1
13 808 1
13 821 1
13 882 1
13 897 1
13 900 1
13 921 1
13 939 1
13 975 1
14 16 1
14 19 1
14 22 1
14 39 1
14 44 1
14 47 1
14 54 1
14 78 1
14 98 1
14 111 1
14 128 1
14 133 1
14 158 1
14 236 1
14 240 1
14 246 1
14 293 1
14 405 1
14 415 1
14 419 1
14 488 1
14 530 1
14 532 1
14 533 1
14 550 1
14 577 1
14 597 1
14 605 1
14 664 1
14 758 1
14 785 1
14 859 1
14 870 1
14 938 1
14 984 1
14 993 1
15 25 1
15 26 1
15 28 1
15 29 1
15 32 1
15 34 1
15 43 1
15 47 1
15 53 1
15 58 1
15 63 1
15 74 1
15 87 1
15 101 1
15 105 1
15 113 1
15 118 1
15 177 1
15 207 1
15 251 1
15 261 1
15 272 1
15 289 1
15 373 1
15 400 1
15 437 1
15 457 1
15 491 1
15 506 1
15 540 1
15 600 1
15 615 1
15 636 1
15 639 1
15 670 1
15 672 1
15 721 1
15 758 1
15 763 1
15 811 1
15 879 1
15 885 1
15 987 1
16 21 1
16 26 1
16 44 1
16 83 1
16 119 1
16 121 1
16 130 1
16 145 1
16 175 1
16 182 1
16 221 1
16 259 1
16 279 1
16 283 1
16 375 1
16 485 1
16 487 1
16 614 1
16 629 1
16 639 1
16 699 1
16 745 1
16 805 1
16 848 1
16 883 1
16 924 1
16 966 1
16 984 1
17 20 1
17 37 1
17 50 1
17 55 1
17 56 1
17 57 1
17 66 1
17 87 1
17 96 1
17 98 1
17 101 1
17 103 1
17 143 1
17 152 1
17 164 1
17 169 1
17 180 1
17 188 1
17 211 1
17 264 1
17 274 1
17 285 1
17 295 1
17 315 1
17 345 1
17 351 1
17 384 1
17 505 1
17 535 1
17 564 1
17 586 1
17 609 1
17 673 1
17 684 1
17 696 1
17 782 1
17 974 1
17 975 1
18 30 1
18 34 1
18 42 1
18 45 1
18 46 1
18 47 1
18 78 1
18 88 1
18 120 1
18 151 1
18 155 1
18 162 1
18 263 1
18 276 1
18 310 1
18 364 1
18 367 1
18 387 1
18 418 1
18 492 1
18 500 1
18 515 1
18 545 1
18 596 1
18 616 1
18 618 1
18 631 1
18 658 1
18 663 1
18 765 1
18 781 1
18 804 1
18 806 1
18 807 1
18 851 1
18 922 1
18 928 1
18 957 1
18 963 1
18 982 1
19 38 1
19 92 1
19 168 1
19 266 1
19 305 1
19 485 1
19 500 1
19 714 1
19 716 1
19 730 1
19 758 1
19 777 1
20 25 1
20 32 1
20 33 1
20 52 1
20 61 1
20 62 1
20 67 1
20 68 1
20 70 1
20 80 1
20 81 1
20 83 1
20 84 1
20 89 1
20 94 1
20 97 1
20 101 1
20 112 1
20 115 1
20 117 1
20 136 1
20 141 1
20 147 1
20 200 1
20 204 1
20 210 1
20 211 1
20 222 1
20 232 1
20 262 1
20 304 1
20 306 1
20 325 1
20 331 1
20 346 1
20 347 1
20 363 1
20 390 1
20 393 1
20 407 1
20 410 1
20 428 1
20 465 1
20 507 1
20 508 1
20 509 1
20 523 1
20 526 1
20 629 1
20 649 1
20 667 1
20 695 1
20 705 1
20 765 1
20 767 1
20 778 1
20 797 1
20 844 1
20 866 1
20 946 1
21 24 1
21 25 1
21 28 1
21 41 1
21 48 1
21 49 1
21 57 1
21 58 1
21 60 1
21 62 1
21 63 1
21 71 1
21 76 1
21 80 1
21 82 1
21 105 1
21 135 1
21 166 1
21 181 1
21 183 1
21 190 1
21 204 1
21 233 1
21 256 1
21 257 1
21 279 1
21 280 1
21 282 1
21 305 1
21 320 1
21 326 1
21 327 1
21 351 1
21 376 1
21 431 1
21 447 1
21 467 1
21 474 1
21 481 1
21 538 1
21 548 1
21 568 1
21 575 1
21 607 1
21 661 1
21 665 1
21 715 1
21 806 1
21 833 1
21 912 1
21 959 1
22 25 1
22 27 1
22 49 1
22 55 1
22 56 1
22 66 1
22 67 1
22 84 1
22 85 1
22 100 1
22 114 1
22 121 1
22 134 1
22 144 1
22 160 1
22 174 1
22 199 1
22 203 1
22 227 1
22 284 1
22 314 1
22 367 1
22 415 1
22 434 1
22 452 1
22 469 1
22 483 1
22 489 1
22 540 1
22 554 1
22 573 1
22 608 1
22 648 1
22 695 1
22 696 1
22 707 1
22 737 1
22 778 1
22 925 1
22 937 1
22 938 1
22 946 1
22 952 1
23 28 1
23 29 1
23 31 1
23 50 1
23 84 1
23 91 1
23 167 1
23 219 1
23 220 1
23 229 1
23 304 1
23 330 1
23 363 1
23 379 1
23 382 1
23 423 1
23 577 1
23 599 1
23 681 1
23 729 1
23 770 1
23 808 1
23 933 1
23 954 1
23 959 1
24 39 1
24 137 1
24 140 1
24 178 1
24 193 1
24 208 1
24 224 1
24 225 1
24 233 1
24 258 1
24 277 1
24 283 1
24 310 1
24 328 1
24 363 1
24 370 1
24 385 1
24 393 1
24 435 1
24 471 1
24 581 1
24 610 1
24 615 1
24 632 1
24 676 1
24 780 1
24 796 1
24 831 1
24 865 1
24 895 1
24 939 1
25 122 1
25 143 1
25 191 1
25 193 1
25 199 1
25 495 1
25 909 1
26 31 1
26 36 1
26 51 1
26 81 1
26 85 1
26 100 1
26 157 1
26 228 1
26 244 1
26 330 1
26 385 1
26 398 1
26 432 1
26 447 1
26 934 1
27 39 1
27 89 1
27 117 1
27 126 1
27 138 1
27 151 1
27 158 1
27 179 1
27 186 1
27 199 1
27 219 1
27 317 1
27 323 1
27 366 1
27 368 1
27 409 1
27 544 1
27 558 1
27 608 1
27 624 1
27 642 1
27 670 1
27 800 1
27 914 1
27 918 1
28 39 1
28 40 1
28 250 1
28 286 1
28 289 1
28 486 1
28 539 1
28 618 1
28 629 1
29 30 1
29 31 1
29 36 1
29 43 1
29 44 1
29 59 1
29 61 1
29 92 1
29 99 1
29 106 1
29 119 1
29 132 1
29 162 1
29 201 1
29 207 1
29 216 1
29 304 1
29 380 1
29 471 1
29 482 1
29 533 1
29 649 1
29 665 1
29 802 1
30 48 1
30 49 1
30 75 1
30 100 1
30 112 1
30 129 1
30 158 1
30 184 1
30 223 1
30 404 1
30 535 1
30 616 1
30 627 1
30 645 1
30 889 1
30 966 1
30 980 1
31 57 1
31 71 1
31 226 1
31 243 1
31 267 1
31 274 1
31 309 1
31 419 1
31 520 1
31 621 1
31 691 1
32 36 1
32 47 1
32 50 1
32 69 1
32 72 1
32 84 1
32 109 1
32 120 1
32 125 1
32 156 1
32 163 1
32 165 1
32 167 1
32 182 1
32 208 1
32 212 1
32 217 1
32 247 1
32 291 1
32 361 1
32 395 1
32 449 1
32 455 1
32 501 1
32 564 1
32 568 1
32 688 1
32 689 1
32 699 1
32 764 1
32 784 1
32 811 1
32 857 1
32 877 1
32 971 1
33 41 1
33 65 1
33 72 1
33 77 1
33 91 1
33 106 1
33 120 1
33 123 1
33 130 1
33 137 1
33 142 1
33 144 1
33 149 1
33 184 1
33 222 1
33 223 1
33 227 1
33 230 1
33 239 1
33 248 1
33 262 1
33 275 1
33 288 1
33 289 1
33 296 1
33 301 1
33 343 1
33 348 1
33 365 1
33 391 1
33 454 1
33 467 1
33 470 1
33 473 1
33 477 1
33 491 1
33 498 1
33 502 1
33 504 1
33 510 1
33 520 1
33 523 1
33 580 1
33 641 1
33 667 1
33 697 1
33 699 1
33 711 1
33 717 1
33 730 1
33 767 1
33 768 1
33 811 1
33 846 1
33 848 1
33 962 1
34 42 1
34 47 1
34 52 1
34 54 1
34 86 1
34 110 1
34 127 1
34 138 1
34 140 1
34 176 1
34 183 1
34 205 1
34 212 1
34 290 1
34 306 1
34 307 1
34 320 1
34 322 1
34 335 1
34 381 1
34 746 1
34 866 1
34 969 1
35 37 1
35 55 1
35 60 1
35 74 1
35 97 1
35 113 1
35 153 1
35 154 1
35 193 1
35 282 1
35 312 1
35 348 1
35 349 1
35 350 1
35 353 1
35 415 1
35 503 1
35 555 1
35 567 1
35 580 1
35 672 1
36 72 1
36 77 1
36 95 1
36 105 1
36 119 1
36 299 1
36 359 1
36 419 1
36 448 1
36 470 1
36 547 1
36 887 1
36 918 1
37 45 1
37 82 1
37 103 1
37 105 1
37 130 1
37 135 1
37 263 1
37 345 1
37 365 1
37 612 1
37 640 1
37 658 1
37 773 1
37 911 1
38 41 1
38 43 1
38 55 1
38 71 1
38 78 1
38 83 1
38 89 1
38 106 1
38 133 1
38 136 1
38 138 1
38 139 1
38 142 1
38 144 1
38 152 1
38 157 1
38 159 1
38 179 1
38 193 1
38 196 1
38 205 1
38 209 1
38 231 1
38 245 1
38 253 1
38 261 1
38 308 1
38 327 1
38 360 1
38 397 1
38 409 1
38 553 1
38 587 1
38 600 1
38 607 1
38 679 1
38 738 1
38 749 1
38 755 1
38 763 1
38 811 1
38 833 1
39 52 1
39 71 1
39 110 1
39 146 1
39 171 1
39 211 1
39 230 1
39 260 1
39 295 1
39 367 1
39 369 1
39 423 1
39 455 1
39 467 1
39 488 1
39 560 1
39 574 1
39 597 1
39 644 1
39 656 1
39 684 1
39 698 1
39 871 1
39 896 1
39 915 1
39 952 1
40 51 1
40 74 1
40 91 1
40 191 1
40 199 1
40 209 1
40 319 1
40 394 1
40 403 1
40 608 1
40 892 1
40 927 1
40 973 1
41 54 1
41 77 1
41 96 1
41 106 1
41 156 1
41 189 1
41 214 1
41 374 1
41 559 1
41 632 1
41 664 1
41 687 1
41 820 1
41 858 1
42 46 1
42 48 1
42 58 1
42 64 1
42 65 1
42 89 1
42 94 1
42 98 1
42 112 1
42 113 1
42 146 1
42 165 1
42 171 1
42 174 1
42 176 1
42 190 1
42 192 1
42 212 1
42 260 1
42 270 1
42 277 1
42 283 1
42 294 1
42 305 1
42 334 1
42 337 1
42 369 1
42 403 1
42 424 1
42 462 1
42 507 1
42 551 1
42 552 1
42 576 1
42 617 1
42 632 1
42 635 1
42 669 1
42 709 1
42 734 1
42 818 1
42 876 1
42 904 1
42 922 1
42 963 1
42 989 1
43 45 1
43 54 1
43 55 1
43 116 1
43 129 1
43 161 1
43 166 1
43 183 1
43 232 1
43 252 1
43 257 1
43 276 1
43 288 1
43 337 1
43 342 1
43 354 1
43 359 1
43 374 1
43 375 1
43 412 1
43 450 1
43 715 1
43 723 1
43 726 1
43 845 1
43 875 1
43 928 1
43 930 1
44 52 1
44 65 1
44 69 1
44 72 1
44 195 1
44 241 1
44 243 1
44 280 1
44 347 1
44 425 1
44 439 1
44 532 1
44 573 1
44 614 1
44 640 1
44 676 1
44 724 1
44 734 1
44 746 1
44 765 1
44 777 1
44 994 1
45 46 1
45 73 1
45 112 1
45 128 1
45 186 1
45 218 1
45 393 1
45 400 1
45 451 1
45 588 1
45 677 1
45 701 1
45 715 1
45 826 1
45 836 1
45 906 1
45 927 1
45 937 1
46 53 1
46 101 1
46 123 1
46 134 1
46 154 1
46 197 1
46 212 1
46 252 1
46 366 1
46 372 1
46 568 1
46 622 1
46 654 1
46 678 1
46 898 1
46 899 1
47 56 1
47 62 1
47 82 1
47 86 1
47 104 1
47 121 1
47 125 1
47 146 1
47 202 1
47 210 1
47 229 1
47 242 1
47 313 1
47 423 1
47 442 1
47 466 1
47 488 1
47 515 1
47 552 1
47 560 1
47 641 1
47 688 1
47 904 1
47 952 1
48 49 1
48 67 1
48 99 1
48 353 1
48 356 1
48 716 1
48 836 1
49 61 1
49 67 1
49 68 1
49 82 1
49 100 1
49 108 1
49 186 1
49 195 1
49 200 1
49 235 1
49 238 1
49 311 1
49 336 1
49 349 1
49 357 1
49 381 1
49 382 1
49 396 1
49 464 1
49 475 1
49 478 1
49 517 1
49 535 1
49 831 1
49 833 1
49 862 1
49 909 1
50 56 1
50 103 1
50 123 1
50 180 1
50 225 1
50 268 1
50 321 1
50 341 1
50 342 1
50 378 1
50 474 1
50 486 1
50 489 1
50 525 1
50 549 1
50 707 1
50 734 1
50 779 1
50 781 1
50 801 1
51 58 1
51 59 1
51 68 1
51 111 1
51 134 1
51 149 1
51 164 1
51 168 1
51 184 1
51 264 1
51 318 1
51 325 1
51 364 1
51 376 1
51 416 1
51 417 1
51 571 1
51 599 1
51 652 1
51 728 1
51 779 1
51 793 1
51 816 1
51 852 1
51 854 1
51 924 1
52 85 1
52 114 1
52 165 1
52 170 1
52 232 1
52 273 1
52 314 1
52 340 1
52 341 1
52 345 1
52 386 1
52 456 1
52 498 1
52 735 1
52 883 1
52 988 1
53 91 1
53 581 1
53 702 1
53 846 1
53 945 1
53 956 1
53 980 1
54 154 1
54 159 1
54 197 1
54 294 1
54 394 1
54 456 1
54 538 1
54 630 1
54 651 1
54 794 1
54 814 1
54 963 1
55 57 1
55 65 1
55 70 1
55 71 1
55 83 1
55 90 1
55 108 1
55 109 1
55 115 1
55 122 1
55 131 1
55 148 1
55 157 1
55 201 1
55 206 1
55 237 1
55 269 1
55 278 1
55 280 1
55 281 1
55 284 1
55 285 1
55 317 1
55 335 1
55 339 1
55 355 1
55 373 1
55 445 1
55 456 1
55 483 1
55 503 1
55 534 1
55 563 1
55 576 1
55 583 1
55 594 1
55 611 1
55 682 1
55 707 1
55 709 1
55 728 1
55 781 1
55 792 1
55 798 1
55 807 1
55 841 1
55 901 1
56 73 1
56 77 1
56 88 1
56 164 1
56 169 1
56 187 1
56 209 1
56 249 1
56 272 1
56 305 1
56 306 1
56 352 1
56 425 1
56 597 1
56 653 1
56 673 1
56 678 1
56 682 1
56 794 1
56 834 1
56 850 1
56 881 1
56 890 1
57 59 1
57 78 1
57 88 1
57 125 1
57 174 1
57 185 1
57 253 1
57 298 1
57 402 1
57 580 1
57 590 1
57 642 1
57 693 1
58 74 1
58 96 1
58 107 1
58 154 1
58 160 1
58 165 1
58 185 1
58 194 1
58 242 1
58 307 1
58 390 1
58 500 1
58 518 1
58 531 1
58 548 1
58 788 1
58 821 1
58 826 1
58 871 1
58 904 1
59 87 1
59 254 1
59 399 1
59 438 1
59 477 1
59 644 1
59 702 1
59 989 1
60 78 1
60 144 1
60 171 1
60 301 1
60 334 1
60 619 1
60 683 1
60 749 1
60 859 1
61 79 1
61 81 1
61 102 1
61 190 1
61 239 1
61 313 1
61 343 1
61 522 1
61 744 1
61 795 1
61 957 1
62 122 1
62 125 1
62 181 1
62 265 1
62 296 1
62 298 1
62 300 1
62 341 1
62 373 1
62 438 1
62 441 1
62 507 1
62 556 1
62 587 1
62 645 1
62 731 1
62 735 1
62 806 1
62 857 1
62 947 1
63 102 1
63 111 1
63 114 1
63 124 1
63 210 1
63 259 1
63 304 1
63 308 1
63 343 1
63 384 1
63 392 1
63 410 1
63 474 1
63 513 1
63 675 1
63 678 1
63 739 1
63 812 1
63 828 1
63 840 1
64 73 1
64 117 1
64 137 1
64 139 1
64 158 1
64 180 1
64 194 1
64 247 1
64 251 1
64 290 1
64 296 1
64 316 1
64 348 1
64 366 1
64 404 1
64 412 1
64 467 1
64 517 1
64 584 1
64 694 1
64 712 1
64 731 1
64 799 1
64 825 1
65 602 1
66 93 1
66 240 1
66 443 1
66 753 1
66 822 1
66 903 1
66 946 1
67 90 1
67 93 1
67 95 1
67 112 1
67 120 1
67 126 1
67 147 1
67 153 1
67 167 1
67 202 1
67 220 1
67 237 1
67 263 1
67 274 1
67 275 1
67 287 1
67 338 1
67 407 1
67 461 1
67 497 1
67 542 1
67 543 1
67 645 1
67 704 1
67 750 1
68 160 1
68 236 1
68 292 1
68 303 1
68 327 1
68 367 1
68 521 1
68 525 1
68 579 1
68 659 1
68 706 1
68 891 1
69 70 1
69 74 1
69 80 1
69 86 1
69 108 1
69 121 1
69 130 1
69 198 1
69 224 1
69 339 1
69 365 1
69 374 1
69 432 1
69 461 1
69 491 1
69 520 1
69 826 1
69 866 1
69 882 1
69 906 1
69 929 1
69 933 1
69 942 1
69 944 1
70 79 1
70 432 1
70 494 1
70 514 1
71 109 1
71 126 1
71 232 1
71 276 1
71 344 1
71 518 1
71 609 1
71 631 1
71 718 1
71 762 1
71 974 1
71 990 1
71 991 1
72 113 1
72 192 1
72 223 1
73 76 1
73 80 1
73 117 1
73 156 1
73 162 1
73 175 1
73 177 1
73 218 1
73 235 1
73 254 1
73 255 1
73 256 1
73 294 1
73 396 1
73 403 1
73 421 1
73 422 1
73 433 1
73 477 1
73 480 1
73 524 1
73 532 1
73 572 1
73 613 1
73 634 1
73 667 1
73 686 1
73 727 1
73 784 1
73 812 1
73 875 1
73 889 1
73 915 1
73 932 1
73 933 1
73 992 1
74 187 1
74 198 1
74 227 1
74 270 1
74 273 1
74 489 1
74 528 1
74 840 1
74 847 1
74 894 1
74 913 1
74 967 1
75 90 1
75 97 1
75 179 1
75 612 1
75 627 1
75 817 1
75 986 1
76 185 1
76 189 1
76 334 1
76 344 1
76 771 1
76 782 1
77 107 1
77 117 1
77 139 1
77 173 1
77 314 1
77 375 1
77 480 1
77 656 1
77 714 1
77 751 1
77 958 1
78 93 1
78 108 1
78 140 1
78 271 1
78 325 1
78 377 1
78 534 1
78 561 1
78 827 1
78 981 1
79 107 1
79 170 1
79 226 1
79 252 1
79 273 1
79 277 1
79 283 1
79 313 1
79 327 1
79 329 1
79 380 1
79 387 1
79 421 1
79 430 1
79 491 1
79 527 1
79 564 1
79 578 1
79 635 1
79 948 1
79 978 1
80 204 1
80 286 1
80 444 1
80 701 1
80 802 1
81 82 1
81 129 1
81 150 1
81 280 1
81 745 1
81 880 1
82 106 1
82 253 1
82 255 1
82 371 1
82 386 1
82 481 1
82 543 1
82 550 1
82 669 1
82 716 1
82 736 1
82 824 1
82 873 1
83 139 1
83 154 1
83 211 1
83 233 1
83 266 1
83 390 1
83 462 1
83 564 1
83 572 1
83 604 1
83 997 1
84 99 1
84 125 1
84 132 1
84 138 1
84 141 1
84 163 1
84 270 1
84 372 1
84 429 1
84 650 1
84 807 1
84 890 1
84 932 1
85 108 1
85 116 1
85 148 1
85 210 1
85 307 1
85 476 1
85 689 1
85 708 1
85 782 1
85 786 1
86 93 1
86 96 1
86 103 1
86 145 1
86 149 1
86 191 1
86 206 1
86 248 1
86 267 1
86 282 1
86 298 1
86 332 1
86 382 1
86 395 1
86 448 1
86 466 1
86 539 1
86 689 1
86 712 1
86 808 1
86 814 1
87 88 1
87 110 1
87 291 1
87 326 1
87 385 1
87 427 1
87 596 1
87 674 1
87 812 1
88 115 1
88 122 1
88 133 1
88 248 1
88 268 1
88 305 1
88 362 1
88 382 1
88 435 1
88 546 1
88 818 1
88 893 1
88 919 1
89 228 1
89 292 1
89 466 1
89 489 1
89 516 1
89 600 1
89 731 1
90 92 1
90 265 1
90 358 1
90 418 1
90 504 1
90 754 1
91 205 1
91 369 1
91 377 1
91 585 1
91 798 1
91 800 1
91 850 1
92 131 1
92 136 1
92 306 1
92 435 1
93 104 1
93 145 1
93 472 1
94 129 1
94 142 1
94 168 1
94 198 1
94 226 1
94 309 1
94 620 1
94 715 1
94 749 1
94 789 1
94 860 1
94 881 1
94 893 1
94 962 1
94 973 1
95 123 1
95 124 1
95 138 1
95 153 1
95 236 1
95 245 1
95 493 1
95 666 1
95 804 1
95 854 1
95 862 1
95 997 1
96 127 1
96 140 1
96 155 1
96 320 1
96 346 1
96 364 1
96 412 1
96 916 1
96 926 1
96 949 1
97 102 1
97 174 1
97 358 1
97 482 1
97 486 1
97 686 1
97 961 1
98 105 1
98 283 1
98 355 1
98 475 1
98 601 1
98 657 1
98 957 1
99 131 1
99 148 1
99 237 1
99 290 1
99 345 1
99 418 1
99 468 1
99 475 1
99 521 1
99 558 1
99 561 1
99 642 1
99 650 1
100 113 1
100 149 1
100 151 1
100 240 1
100 243 1
100 248 1
100 366 1
100 449 1
100 533 1
100 755 1
100 772 1
100 920 1
101 141 1
101 147 1
101 206 1
101 229 1
101 435 1
101 450 1
101 484 1
101 496 1
101 518 1
101 617 1
101 680 1
101 832 1
102 268 1
102 440 1
102 445 1
102 464 1
102 515 1
102 527 1
102 541 1
102 542 1
102 554 1
102 586 1
102 589 1
102 610 1
102 756 1
102 763 1
102 795 1
102 801 1
102 846 1
102 876 1
103 179 1
103 182 1
103 195 1
103 196 1
103 264 1
103 267 1
103 312 1
103 337 1
103 426 1
103 462 1
103 652 1
103 684 1
103 751 1
103 813 1
103 829 1
104 131 1
104 132 1
104 163 1
104 196 1
104 220 1
104 261 1
104 270 1
104 360 1
104 558 1
104 586 1
104 706 1
104 743 1
104 991 1
105 110 1
105 114 1
105 126 1
105 160 1
105 167 1
105 201 1
105 221 1
105 390 1
105 418 1
105 438 1
105 444 1
105 560 1
105 600 1
105 854 1
105 857 1
105 976 1
106 153 1
106 172 1
106 265 1
106 303 1
106 342 1
106 374 1
106 432 1
106 593 1
106 609 1
106 742 1
106 744 1
106 756 1
106 820 1
106 969 1
107 157 1
107 183 1
107 185 1
107 188 1
107 196 1
107 208 1
107 221 1
107 261 1
107 287 1
107 349 1
107 542 1
107 565 1
107 890 1
107 928 1
108 127 1
108 140 1
108 222 1
108 373 1
108 388 1
108 481 1
108 711 1
108 767 1
108 799 1
109 116 1
109 127 1
109 134 1
109 173 1
109 255 1
109 361 1
109 370 1
109 389 1
109 515 1
109 722 1
109 875 1
109 926 1
110 203 1
110 209 1
110 262 1
110 392 1
110 479 1
110 521 1
110 531 1
110 598 1
110 726 1
111 133 1
111 319 1
111 362 1
111 424 1
111 490 1
111 511 1
111 691 1
111 733 1
111 809 1
111 886 1
111 921 1
111 944 1
111 948 1
112 122 1
112 124 1
112 128 1
112 149 1
112 173 1
112 214 1
112 238 1
112 452 1
112 596 1
112 681 1
112 693 1
112 800 1
112 916 1
112 938 1
112 951 1
113 118 1
113 124 1
113 181 1
113 251 1
113 310 1
113 359 1
113 512 1
113 576 1
113 710 1
113 961 1
113 985 1
113 988 1
114 274 1
114 379 1
114 383 1
114 493 1
114 562 1
114 754 1
115 221 1
115 253 1
115 351 1
115 377 1
115 409 1
115 451 1
115 499 1
115 545 1
115 626 1
115 710 1
115 766 1
115 889 1
116 158 1
116 174 1
116 237 1
116 287 1
116 473 1
116 477 1
116 505 1
116 562 1
116 571 1
116 737 1
116 773 1
116 785 1
116 845 1
117 118 1
117 161 1
117 202 1
117 208 1
117 259 1
117 291 1
117 296 1
117 324 1
117 567 1
117 599 1
117 730 1
117 772 1
117 773 1
117 886 1
117 891 1
118 142 1
118 248 1
118 277 1
118 381 1
118 394 1
118 485 1
118 574 1
118 586 1
118 602 1
118 673 1
118 740 1
118 765 1
118 915 1
119 206 1
119 207 1
119 222 1
119 247 1
119 257 1
119 263 1
119 282 1
119 381 1
119 398 1
119 437 1
119 443 1
119 455 1
119 470 1
119 495 1
119 517 1
119 568 1
119 587 1
119 750 1
119 978 1
119 994 1
120 170 1
120 172 1
120 178 1
120 198 1
120 247 1
120 251 1
120 328 1
120 331 1
120 380 1
120 431 1
120 467 1
120 561 1
120 654 1
120 702 1
120 704 1
120 903 1
121 166 1
121 214 1
121 837 1
121 854 1
122 169 1
122 228 1
122 280 1
122 288 1
122 290 1
122 340 1
122 399 1
122 411 1
122 441 1
122 541 1
122 659 1
122 698 1
122 727 1
122 773 1
122 899 1
123 250 1
123 293 1
123 478 1
123 545 1
123 601 1
123 617 1
123 619 1
123 675 1
123 739 1
123 823 1
123 835 1
123 861 1
124 234 1
124 428 1
124 471 1
124 479 1
124 481 1
124 505 1
124 762 1
124 865 1
124 966 1
125 135 1
125 167 1
125 241 1
125 286 1
125 307 1
125 335 1
125 354 1
125 361 1
125 375 1
125 924 1
125 972 1
125 978 1
125 996 1
126 192 1
126 262 1
126 735 1
127 172 1
127 181 1
127 233 1
127 348 1
127 413 1
127 425 1
127 506 1
127 513 1
127 692 1
127 835 1
127 837 1
127 849 1
127 936 1
127 981 1
128 551 1
128 639 1
128 720 1
128 832 1
128 842 1
129 164 1
129 228 1
129 250 1
129 455 1
129 536 1
129 630 1
129 825 1
129 955 1
130 135 1
130 160 1
130 240 1
130 258 1
130 293 1
130 311 1
130 417 1
130 459 1
130 526 1
130 768 1
130 818 1
130 876 1
130 915 1
131 184 1
131 223 1
131 316 1
131 322 1
131 418 1
131 429 1
131 444 1
131 492 1
131 605 1
131 628 1
131 679 1
131 685 1
131 986 1
132 177 1
132 200 1
132 230 1
132 241 1
132 245 1
132 389 1
132 416 1
132 420 1
132 484 1
132 523 1
132 539 1
132 590 1
132 600 1
132 786 1
133 176 1
133 178 1
133 219 1
133 437 1
133 739 1
133 864 1
133 870 1
133 880 1
133 921 1
134 256 1
134 260 1
134 579 1
134 740 1
135 144 1
135 317 1
135 528 1
135 745 1
135 810 1
135 843 1
136 217 1
136 223 1
136 284 1
136 309 1
136 498 1
136 805 1
136 829 1
136 862 1
137 163 1
137 177 1
137 198 1
137 306 1
137 612 1
137 690 1
137 975 1
138 139 1
138 194 1
138 246 1
138 281 1
138 301 1
138 387 1
138 502 1
138 540 1
138 560 1
138 744 1
138 783 1
138 795 1
138 823 1
138 839 1
138 929 1
138 983 1
139 145 1
139 171 1
139 195 1
139 323 1
139 338 1
139 760 1
139 772 1
139 802 1
140 211 1
140 274 1
140 318 1
140 323 1
140 326 1
140 522 1
140 529 1
140 658 1
140 812 1
141 372 1
141 459 1
141 496 1
141 665 1
141 764 1
141 777 1
142 162 1
142 186 1
142 285 1
142 320 1
142 336 1
142 352 1
142 364 1
142 365 1
142 399 1
142 400 1
142 422 1
142 534 1
142 636 1
142 738 1
142 770 1
142 779 1
142 782 1
142 878 1
142 912 1
142 927 1
142 936 1
142 958 1
142 980 1
143 148 1
143 348 1
143 508 1
143 677 1
143 719 1
143 733 1
143 768 1
143 798 1
143 799 1
144 363 1
144 387 1
144 435 1
144 527 1
144 841 1
144 992 1
145 169 1
145 258 1
145 457 1
145 557 1
145 668 1
146 249 1
146 252 1
146 353 1
146 675 1
146 713 1
146 829 1
146 956 1
146 976 1
147 179 1
147 235 1
147 371 1
147 487 1
147 530 1
147 726 1
147 879 1
148 190 1
148 244 1
148 250 1
148 288 1
148 318 1
148 343 1
148 556 1
148 577 1
148 617 1
148 666 1
148 842 1
148 876 1
148 973 1
149 302 1
149 331 1
149 698 1
150 341 1
150 494 1
151 213 1
151 332 1
151 454 1
151 496 1
151 497 1
151 565 1
151 757 1
151 827 1
151 851 1
152 176 1
152 210 1
152 231 1
152 336 1
152 470 1
152 549 1
152 595 1
152 620 1
152 641 1
152 983 1
153 215 1
153 390 1
153 452 1
153 484 1
153 637 1
153 751 1
154 322 1
154 372 1
154 589 1
154 655 1
154 851 1
154 925 1
155 184 1
155 193 1
155 206 1
155 235 1
155 614 1
155 654 1
155 659 1
155 728 1
155 786 1
155 867 1
156 297 1
156 300 1
156 370 1
156 416 1
156 497 1
156 662 1
156 680 1
156 681 1
156 683 1
156 803 1
156 815 1
157 166 1
157 219 1
157 238 1
157 332 1
157 420 1
157 480 1
157 523 1
157 608 1
157 669 1
157 714 1
157 882 1
157 931 1
157 939 1
158 159 1
158 224 1
158 357 1
158 478 1
158 502 1
158 535 1
158 548 1
158 729 1
158 776 1
159 164 1
159 316 1
159 330 1
159 374 1
159 413 1
159 426 1
159 458 1
159 510 1
159 611 1
159 671 1
159 823 1
159 875 1
160 355 1
160 377 1
160 536 1
160 569 1
161 329 1
161 342 1
161 377 1
161 606 1
161 637 1
161 717 1
161 816 1
161 866 1
162 175 1
162 218 1
162 355 1
162 369 1
162 430 1
162 440 1
162 721 1
162 977 1
163 188 1
163 269 1
163 321 1
163 332 1
163 384 1
163 413 1
163 427 1
163 759 1
163 986 1
164 182 1
164 301 1
164 360 1
164 528 1
164 695 1
164 778 1
164 864 1
164 895 1
164 898 1
165 234 1
165 370 1
165 524 1
165 577 1
165 694 1
165 878 1
166 200 1
166 215 1
166 272 1
166 279 1
166 295 1
166 299 1
166 319 1
166 350 1
166 383 1
166 468 1
166 650 1
166 873 1
166 883 1
166 918 1
166 990 1
167 178 1
167 260 1
167 293 1
167 311 1
167 379 1
167 594 1
167 610 1
167 680 1
167 746 1
167 793 1
168 340 1
168 528 1
169 173 1
169 178 1
169 253 1
169 258 1
169 511 1
169 544 1
169 622 1
169 642 1
169 711 1
169 999 1
170 254 1
170 453 1
170 492 1
170 506 1
170 731 1
170 998 1
171 268 1
171 789 1
172 187 1
172 213 1
172 226 1
172 589 1
172 593 1
172 672 1
172 676 1
172 691 1
173 346 1
173 453 1
173 551 1
174 221 1
174 245 1
174 308 1
174 415 1
174 537 1
175 712 1
175 810 1
176 185 1
176 239 1
176 273 1
176 303 1
176 322 1
176 733 1
176 741 1
177 759 1
178 216 1
178 308 1
178 434 1
178 469 1
178 920 1
179 230 1
179 392 1
179 429 1
179 527 1
179 634 1
179 646 1
179 813 1
179 937 1
179 974 1
180 192 1
180 194 1
180 303 1
180 369 1
180 399 1
180 454 1
180 584 1
180 597 1
180 803 1
180 919 1
181 186 1
181 203 1
181 216 1
181 388 1
181 405 1
181 530 1
181 537 1
181 725 1
181 732 1
181 887 1
182 249 1
182 314 1
182 510 1
183 204 1
183 224 1
183 257 1
183 278 1
183 291 1
183 340 1
183 452 1
183 453 1
183 661 1
183 692 1
184 233 1
184 499 1
184 728 1
185 462 1
186 297 1
186 321 1
186 408 1
186 445 1
186 662 1
186 664 1
186 781 1
186 805 1
187 299 1
187 308 1
187 378 1
187 662 1
187 918 1
187 931 1
188 191 1
188 399 1
188 428 1
189 438 1
189 589 1
189 733 1
190 199 1
190 475 1
190 591 1
190 668 1
190 824 1
190 838 1
190 864 1
191 352 1
191 353 1
191 628 1
191 672 1
191 677 1
191 802 1
192 197 1
192 252 1
192 404 1
192 703 1
192 769 1
192 865 1
192 945 1
193 339 1
193 359 1
193 439 1
193 453 1
193 470 1
193 506 1
193 742 1
193 853 1
193 867 1
193 905 1
193 972 1
193 986 1
194 241 1
194 246 1
194 329 1
194 425 1
194 443 1
194 446 1
194 494 1
194 717 1
195 398 1
195 403 1
195 443 1
195 633 1
196 255 1
196 507 1
196 662 1
196 744 1
196 771 1
197 212 1
197 934 1
198 445 1
198 696 1
198 757 1
199 219 1
199 285 1
199 602 1
199 638 1
199 698 1
199 994 1
200 203 1
200 272 1
200 295 1
200 341 1
200 349 1
200 476 1
200 536 1
200 848 1
200 943 1
201 255 1
201 256 1
201 267 1
201 362 1
201 606 1
201 656 1
201 776 1
201 916 1
201 920 1
201 937 1
202 236 1
202 588 1
202 669 1
202 675 1
202 974 1
203 265 1
203 284 1
203 302 1
203 324 1
203 455 1
203 509 1
203 516 1
203 988 1
204 225 1
204 259 1
204 440 1
204 551 1
204 809 1
205 313 1
205 339 1
205 357 1
205 428 1
205 529 1
205 543 1
205 665 1
205 727 1
206 213 1
206 297 1
206 430 1
206 732 1
206 949 1
206 970 1
207 215 1
207 271 1
207 281 1
207 331 1
207 404 1
207 410 1
207 631 1
207 659 1
207 671 1
207 742 1
207 847 1
207 892 1
208 396 1
208 523 1
208 689 1
208 874 1
209 254 1
209 281 1
209 292 1
209 361 1
209 457 1
209 520 1
209 533 1
209 536 1
209 540 1
209 659 1
209 737 1
209 815 1
209 950 1
209 953 1
210 263 1
211 228 1
211 236 1
211 405 1
211 442 1
211 640 1
211 741 1
211 856 1
212 214 1
212 300 1
212 358 1
212 391 1
212 411 1
212 433 1
212 517 1
212 550 1
212 570 1
212 683 1
212 769 1
212 819 1
212 823 1
212 827 1
212 844 1
212 940 1
213 230 1
213 231 1
213 271 1
213 368 1
213 411 1
213 681 1
213 918 1
214 251 1
214 291 1
214 495 1
214 591 1
214 960 1
215 270 1
215 278 1
215 294 1
215 343 1
215 412 1
215 451 1
215 492 1
215 849 1
215 859 1
215 874 1
216 302 1
216 478 1
216 539 1
216 561 1
216 965 1
217 237 1
217 333 1
217 420 1
217 431 1
217 576 1
217 724 1
217 910 1
217 921 1
217 968 1
218 241 1
218 287 1
218 292 1
218 350 1
218 402 1
218 414 1
218 448 1
218 596 1
218 701 1
218 750 1
218 770 1
218 989 1
219 289 1
219 295 1
219 511 1
219 649 1
219 671 1
219 774 1
219 957 1
219 993 1
219 999 1
220 315 1
220 328 1
220 427 1
220 808 1
221 224 1
221 622 1
221 755 1
222 410 1
222 441 1
222 667 1
222 726 1
222 784 1
222 787 1
222 941 1
223 432 1
223 680 1
223 836 1
223 908 1
223 910 1
224 567 1
224 573 1
224 607 1
224 754 1
224 872 1
224 950 1
224 954 1
225 317 1
225 408 1
225 434 1
225 451 1
225 547 1
225 688 1
225 718 1
225 791 1
225 807 1
225 849 1
225 878 1
225 892 1
225 930 1
226 301 1
226 359 1
226 594 1
226 679 1
227 350 1
227 741 1
227 750 1
228 310 1
228 558 1
228 757 1
228 804 1
228 860 1
228 900 1
229 243 1
229 509 1
229 559 1
229 932 1
230 527 1
230 983 1
231 249 1
231 319 1
231 447 1
231 582 1
231 838 1
231 973 1
231 977 1
232 312 1
232 632 1
232 795 1
232 819 1
232 888 1
233 245 1
233 275 1
233 376 1
233 928 1
234 666 1
234 927 1
235 242 1
235 349 1
235 396 1
235 518 1
235 566 1
235 739 1
235 809 1
235 907 1
235 971 1
236 409 1
236 794 1
236 996 1
237 267 1
237 319 1
237 361 1
237 604 1
237 615 1
237 655 1
237 732 1
238 384 1
238 565 1
238 618 1
238 866 1
238 903 1
238 924 1
239 303 1
239 380 1
239 406 1
239 454 1
239 592 1
239 655 1
239 775 1
239 791 1
239 826 1
239 988 1
240 456 1
240 585 1
240 770 1
240 776 1
240 909 1
241 347 1
241 416 1
241 442 1
241 606 1
241 860 1
241 954 1
242 342 1
242 373 1
242 386 1
242 756 1
243 336 1
243 496 1
243 637 1
243 643 1
243 652 1
243 834 1
244 264 1
244 531 1
244 569 1
244 673 1
244 902 1
246 824 1
246 972 1
247 315 1
247 490 1
247 571 1
247 588 1
248 266 1
249 260 1
249 919 1
249 987 1
250 279 1
250 353 1
250 574 1
250 692 1
250 771 1
251 420 1
251 433 1
251 513 1
251 532 1
251 578 1
251 660 1
251 803 1
251 996 1
252 406 1
252 551 1
252 566 1
252 684 1
252 853 1
252 869 1
252 884 1
252 1000 1
253 356 1
253 479 1
253 512 1
253 627 1
253 690 1
253 843 1
253 973 1
254 284 1
254 299 1
254 302 1
254 376 1
254 431 1
254 469 1
254 549 1
254 643 1
254 674 1
254 873 1
255 514 1
255 516 1
255 702 1
256 268 1
256 412 1
256 439 1
256 604 1
256 660 1
256 690 1
256 775 1
256 813 1
256 923 1
257 327 1
257 424 1
257 911 1
258 271 1
258 292 1
258 307 1
258 326 1
258 401 1
258 424 1
258 562 1
258 583 1
258 790 1
259 275 1
259 609 1
259 636 1
259 878 1
260 298 1
260 459 1
260 535 1
260 579 1
260 583 1
260 619 1
260 844 1
260 990 1
261 473 1
261 641 1
261 667 1
261 727 1
261 999 1
262 322 1
262 406 1
262 624 1
262 651 1
262 690 1
262 702 1
262 801 1
262 822 1
262 913 1
262 976 1
263 371 1
263 798 1
263 855 1
264 360 1
264 569 1
264 654 1
264 688 1
264 884 1
264 906 1
264 960 1
265 278 1
266 380 1
266 465 1
266 584 1
266 700 1
267 434 1
268 853 1
269 364 1
269 417 1
269 442 1
269 545 1
269 685 1
269 725 1
269 738 1
269 868 1
269 961 1
269 998 1
270 401 1
270 408 1
270 482 1
270 493 1
270 799 1
271 425 1
271 602 1
271 671 1
272 396 1
272 414 1
272 560 1
272 565 1
272 855 1
273 379 1
274 575 1
274 905 1
275 548 1
275 732 1
275 738 1
276 767 1
277 820 1
277 986 1
278 393 1
278 668 1
278 684 1
278 741 1
279 475 1
279 588 1
279 732 1
279 751 1
279 923 1
280 340 1
280 404 1
280 531 1
280 541 1
280 693 1
280 730 1
280 815 1
280 825 1
281 354 1
281 638 1
281 646 1
281 959 1
282 289 1
282 360 1
282 411 1
282 444 1
282 495 1
282 592 1
282 620 1
282 685 1
282 710 1
282 908 1
282 967 1
283 791 1
284 286 1
284 288 1
284 375 1
284 436 1
284 558 1
284 574 1
284 604 1
284 704 1
284 714 1
285 482 1
285 676 1
285 745 1
285 831 1
285 897 1
285 917 1
286 400 1
286 670 1
286 761 1
286 834 1
287 987 1
288 299 1
288 421 1
288 529 1
288 573 1
288 827 1
288 890 1
288 925 1
288 982 1
289 297 1
289 345 1
289 542 1
289 656 1
289 861 1
289 945 1
289 976 1
290 440 1
290 635 1
290 758 1
291 756 1
291 981 1
292 543 1
294 310 1
294 406 1
294 479 1
294 516 1
294 652 1
294 683 1
294 717 1
294 734 1
294 751 1
294 832 1
294 959 1
295 431 1
295 460 1
296 347 1
296 371 1
296 422 1
296 504 1
296 513 1
296 709 1
296 749 1
296 934 1
297 368 1
297 395 1
297 433 1
297 460 1
297 481 1
297 614 1
297 747 1
297 979 1
298 351 1
298 626 1
298 974 1
299 314 1
299 648 1
300 323 1
300 335 1
300 352 1
300 389 1
300 611 1
300 641 1
300 646 1
301 324 1
301 394 1
301 547 1
301 894 1
302 414 1
302 522 1
302 850 1
303 626 1
303 966 1
304 311 1
304 315 1
304 337 1
304 344 1
304 392 1
304 461 1
304 519 1
304 562 1
304 726 1
304 754 1
304 764 1
304 955 1
305 312 1
305 389 1
305 626 1
305 932 1
306 363 1
306 422 1
306 711 1
306 736 1
306 841 1
307 315 1
307 328 1
307 333 1
307 392 1
307 529 1
307 860 1
307 917 1
307 941 1
308 443 1
308 587 1
308 855 1
308 868 1
309 357 1
309 450 1
309 510 1
309 541 1
309 563 1
310 334 1
310 384 1
310 391 1
310 408 1
310 520 1
310 537 1
310 538 1
310 594 1
310 622 1
310 778 1
310 837 1
310 852 1
310 902 1
311 370 1
311 503 1
311 519 1
311 561 1
311 856 1
312 472 1
312 595 1
313 407 1
313 645 1
313 962 1
313 968 1
314 332 1
314 449 1
314 473 1
314 524 1
314 553 1
314 603 1
314 668 1
314 706 1
314 844 1
315 596 1
316 504 1
316 536 1
316 577 1
316 609 1
316 838 1
317 339 1
317 436 1
317 484 1
317 525 1
317 556 1
317 569 1
317 572 1
317 625 1
317 761 1
317 852 1
317 916 1
318 983 1
319 387 1
319 580 1
319 644 1
319 851 1
319 876 1
319 951 1
319 953 1
320 568 1
321 325 1
321 397 1
321 453 1
321 474 1
321 834 1
321 905 1
322 439 1
322 486 1
322 538 1
322 574 1
322 703 1
322 800 1
322 946 1
323 460 1
324 490 1
324 801 1
324 902 1
325 472 1
325 478 1
325 660 1
326 338 1
326 437 1
326 462 1
326 863 1
327 578 1
327 651 1
327 828 1
327 874 1
327 902 1
327 929 1
327 953 1
328 356 1
328 423 1
328 614 1
328 696 1
328 708 1
329 830 1
330 358 1
331 346 1
331 391 1
331 424 1
331 433 1
331 447 1
331 461 1
331 722 1
331 807 1
331 931 1
332 446 1
332 598 1
332 720 1
332 956 1
333 350 1
333 546 1
333 587 1
333 784 1
333 950 1
335 403 1
335 508 1
335 553 1
335 567 1
335 571 1
335 895 1
336 903 1
337 694 1
338 787 1
338 904 1
339 640 1
339 892 1
340 365 1
341 517 1
342 464 1
342 644 1
343 436 1
343 451 1
343 466 1
343 494 1
343 950 1
343 980 1
344 382 1
344 426 1
344 490 1
344 736 1
345 942 1
347 421 1
347 436 1
347 463 1
347 793 1
347 835 1
348 397 1
348 408 1
348 458 1
348 526 1
348 559 1
348 565 1
348 642 1
348 652 1
348 722 1
349 631 1
349 764 1
349 959 1
349 965 1
350 372 1
350 471 1
350 524 1
350 736 1
350 926 1
351 776 1
351 796 1
351 864 1
352 501 1
352 787 1
353 411 1
353 446 1
353 570 1
353 769 1
353 836 1
354 552 1
354 653 1
354 861 1
354 872 1
354 964 1
355 413 1
355 446 1
355 638 1
355 887 1
356 563 1
356 582 1
356 633 1
356 697 1
357 785 1
358 448 1
358 636 1
359 386 1
359 613 1
359 687 1
359 691 1
359 723 1
360 434 1
360 718 1
360 782 1
361 700 1
361 843 1
361 929 1
362 383 1
362 526 1
363 601 1
364 473 1
365 379 1
365 489 1
367 610 1
367 827 1
367 987 1
368 487 1
368 554 1
369 459 1
369 550 1
369 909 1
370 493 1
370 559 1
370 592 1
371 855 1
372 436 1
372 679 1
372 951 1
373 686 1
373 790 1
374 476 1
374 503 1
374 509 1
374 522 1
374 638 1
374 646 1
374 699 1
374 771 1
374 837 1
374 849 1
374 923 1
375 940 1
375 965 1
376 578 1
376 868 1
376 943 1
377 391 1
377 400 1
377 727 1
377 796 1
377 947 1
377 979 1
378 410 1
378 590 1
378 810 1
378 846 1
379 430 1
380 755 1
380 907 1
381 477 1
381 579 1
381 643 1
381 956 1
382 460 1
382 468 1
382 501 1
382 530 1
383 457 1
383 503 1
383 528 1
383 602 1
384 496 1
384 546 1
384 553 1
384 554 1
384 722 1
384 777 1
385 513 1
385 514 1
385 603 1
385 768 1
385 845 1
386 406 1
386 491 1
387 401 1
387 502 1
387 623 1
387 829 1
387 831 1
388 422 1
388 512 1
388 521 1
388 720 1
388 879 1
389 395 1
389 397 1
389 463 1
389 531 1
389 623 1
389 661 1
389 812 1
390 463 1
390 472 1
390 539 1
390 743 1
390 747 1
390 774 1
390 935 1
390 971 1
391 653 1
391 687 1
391 704 1
391 748 1
391 982 1
391 998 1
392 612 1
392 638 1
393 394 1
393 616 1
393 649 1
393 871 1
393 910 1
393 914 1
394 465 1
394 805 1
394 885 1
394 960 1
395 605 1
395 765 1
395 927 1
396 398 1
396 719 1
396 759 1
396 761 1
396 779 1
396 923 1
397 458 1
397 563 1
397 564 1
397 691 1
397 772 1
397 821 1
398 476 1
399 605 1
399 718 1
400 552 1
400 620 1
400 628 1
400 972 1
401 522 1
401 546 1
401 576 1
401 629 1
401 792 1
401 933 1
401 979 1
403 911 1
403 995 1
404 572 1
404 573 1
404 707 1
404 887 1
405 723 1
405 898 1
407 441 1
407 885 1
407 905 1
408 444 1
408 485 1
408 694 1
410 416 1
410 437 1
410 579 1
410 660 1
410 774 1
410 921 1
412 537 1
412 722 1
412 848 1
413 483 1
414 483 1
414 660 1
414 689 1
414 768 1
414 797 1
414 850 1
414 861 1
415 712 1
415 870 1
416 442 1
416 514 1
416 669 1
416 721 1
416 879 1
417 460 1
417 640 1
417 992 1
418 720 1
418 913 1
418 954 1
419 981 1
421 627 1
421 737 1
422 534 1
422 647 1
423 427 1
423 457 1
423 508 1
424 426 1
424 465 1
424 705 1
424 786 1
424 904 1
425 939 1
425 1000 1
426 429 1
426 532 1
426 647 1
426 781 1
426 845 1
426 907 1
427 743 1
428 488 1
428 540 1
428 582 1
428 906 1
428 926 1
428 990 1
429 441 1
429 480 1
429 913 1
431 454 1
431 625 1
431 678 1
431 780 1
432 509 1
434 501 1
434 698 1
435 486 1
435 695 1
435 749 1
435 891 1
435 900 1
436 452 1
436 643 1
436 746 1
436 977 1
437 450 1
437 479 1
437 657 1
437 708 1
437 759 1
437 822 1
438 502 1
438 615 1
438 822 1
439 544 1
439 555 1
439 563 1
439 623 1
439 693 1
439 724 1
439 864 1
439 877 1
441 547 1
441 914 1
441 958 1
442 468 1
442 658 1
442 710 1
443 500 1
444 450 1
444 662 1
445 487 1
445 839 1
446 544 1
446 701 1
446 721 1
446 766 1
447 464 1
447 884 1
447 900 1
448 835 1
449 555 1
449 716 1
449 899 1
449 964 1
449 995 1
450 656 1
450 919 1
450 945 1
451 570 1
451 595 1
451 805 1
452 485 1
452 598 1
452 637 1
452 877 1
453 613 1
454 556 1
454 570 1
454 717 1
454 935 1
455 555 1
455 694 1
456 897 1
456 971 1
457 969 1
458 613 1
459 505 1
459 548 1
459 690 1
459 703 1
459 960 1
460 632 1
460 663 1
460 713 1
460 995 1
461 524 1
461 575 1
461 907 1
461 958 1
462 828 1
464 557 1
464 713 1
464 893 1
465 601 1
466 740 1
467 620 1
467 674 1
467 713 1
467 725 1
467 818 1
467 858 1
467 934 1
467 970 1
468 671 1
468 674 1
469 607 1
469 685 1
470 583 1
470 898 1
471 653 1
471 972 1
472 553 1
472 630 1
473 785 1
474 559 1
474 657 1
475 788 1
475 909 1
475 967 1
477 653 1
477 760 1
477 847 1
478 598 1
478 655 1
478 748 1
478 983 1
479 752 1
480 865 1
480 910 1
481 557 1
481 643 1
481 792 1
482 683 1
482 823 1
483 484 1
483 622 1
483 816 1
484 605 1
484 674 1
484 695 1
484 947 1
486 591 1
486 744 1
486 877 1
486 933 1
487 908 1
488 554 1
488 591 1
488 623 1
488 637 1
488 677 1
488 849 1
489 776 1
490 664 1
491 593 1
491 639 1
491 991 1
492 760 1
493 860 1
494 631 1
494 895 1
495 544 1
495 591 1
495 634 1
495 936 1
495 949 1
496 518 1
496 824 1
496 917 1
497 499 1
497 624 1
497 647 1
497 758 1
497 797 1
497 817 1
499 692 1
500 543 1
501 552 1
501 939 1
502 546 1
502 603 1
502 847 1
502 924 1
503 519 1
503 626 1
503 742 1
503 746 1
503 774 1
503 992 1
504 630 1
504 880 1
504 955 1
505 585 1
505 817 1
505 831 1
506 779 1
506 790 1
506 943 1
506 995 1
507 567 1
507 675 1
509 790 1
510 729 1
511 618 1
511 839 1
512 740 1
512 769 1
512 856 1
513 705 1
513 891 1
514 571 1
514 930 1
515 537 1
515 582 1
515 628 1
515 867 1
516 840 1
516 857 1
516 872 1
516 964 1
518 545 1
518 621 1
518 680 1
518 875 1
519 688 1
519 901 1
520 604 1
520 612 1
520 693 1
520 806 1
521 627 1
521 893 1
521 911 1
522 630 1
523 880 1
524 581 1
524 757 1
524 901 1
524 902 1
525 701 1
525 962 1
526 852 1
527 542 1
527 581 1
527 648 1
530 903 1
531 550 1
531 665 1
531 989 1
531 992 1
532 673 1
532 958 1
533 891 1
534 679 1
535 808 1
536 711 1
537 569 1
537 996 1
538 729 1
540 668 1
540 867 1
541 572 1
542 748 1
542 794 1
542 809 1
542 883 1
542 886 1
543 836 1
544 761 1
545 611 1
546 658 1
547 575 1
547 872 1
548 810 1
548 825 1
549 977 1
550 646 1
550 748 1
550 985 1
551 759 1
551 942 1
552 593 1
552 814 1
552 841 1
553 848 1
555 566 1
555 618 1
555 791 1
555 881 1
556 661 1
557 766 1
557 814 1
559 687 1
559 912 1
560 890 1
561 651 1
562 994 1
563 566 1
563 639 1
563 724 1
565 589 1
567 778 1
567 803 1
567 858 1
568 700 1
568 905 1
569 585 1
570 635 1
570 793 1
570 834 1
570 840 1
570 886 1
572 582 1
572 615 1
572 735 1
573 682 1
574 592 1
574 821 1
575 603 1
575 772 1
576 957 1
577 595 1
577 815 1
579 619 1
580 729 1
580 975 1
582 606 1
583 804 1
583 888 1
584 636 1
584 648 1
584 666 1
584 897 1
584 908 1
584 999 1
585 599 1
585 704 1
585 775 1
585 951 1
585 967 1
585 993 1
586 655 1
587 644 1
587 700 1
587 926 1
588 822 1
589 682 1
594 601 1
594 624 1
594 833 1
594 845 1
594 895 1
594 900 1
595 752 1
595 770 1
597 705 1
597 783 1
599 697 1
599 816 1
599 817 1
600 723 1
600 844 1
602 712 1
602 771 1
602 788 1
605 633 1
605 889 1
606 789 1
608 625 1
608 635 1
608 764 1
608 922 1
609 792 1
610 967 1
611 624 1
611 780 1
611 914 1
611 1000 1
616 634 1
616 766 1
617 762 1
617 944 1
619 753 1
619 760 1
621 647 1
621 720 1
621 981 1
622 889 1
622 941 1
623 753 1
626 700 1
626 719 1
628 634 1
629 820 1
630 666 1
631 703 1
631 797 1
631 824 1
631 863 1
633 697 1
633 780 1
634 792 1
636 882 1
637 785 1
639 651 1
639 728 1
639 858 1
639 966 1
641 670 1
641 725 1
641 795 1
644 883 1
645 896 1
645 968 1
646 938 1
647 760 1
647 949 1
648 820 1
649 650 1
649 715 1
649 718 1
649 856 1
649 868 1
649 948 1
649 995 1
651 872 1
651 878 1
651 968 1
652 740 1
653 817 1
653 884 1
657 678 1
657 752 1
658 796 1
660 830 1
664 915 1
664 931 1
664 956 1
664 975 1
665 677 1
666 681 1
667 753 1
668 825 1
668 914 1
669 810 1
672 763 1
672 929 1
673 791 1
673 988 1
674 833 1
674 881 1
675 965 1
677 766 1
677 819 1
678 774 1
682 843 1
685 707 1
688 859 1
688 920 1
688 935 1
689 762 1
691 930 1
692 804 1
692 989 1
696 922 1
697 863 1
698 747 1
700 867 1
706 747 1
706 858 1
706 931 1
707 963 1
708 952 1
709 730 1
709 847 1
709 925 1
710 796 1
711 941 1
711 964 1
713 877 1
717 755 1
717 828 1
717 940 1
720 894 1
721 869 1
722 789 1
722 802 1
723 837 1
723 841 1
723 912 1
726 735 1
727 806 1
729 762 1
729 985 1
730 852 1
730 855 1
731 885 1
734 874 1
736 743 1
737 821 1
737 971 1
738 794 1
738 835 1
739 910 1
739 943 1
741 842 1
741 898 1
742 846 1
743 787 1
748 838 1
749 901 1
749 911 1
751 813 1
751 865 1
753 923 1
753 977 1
755 870 1
756 985 1
756 1000 1
757 896 1
757 936 1
759 925 1
759 961 1
763 856 1
763 984 1
764 922 1
765 788 1
767 920 1
768 853 1
769 783 1
770 830 1
772 798 1
772 861 1
772 943 1
775 893 1
779 970 1
781 871 1
782 938 1
782 987 1
785 978 1
785 994 1
786 832 1
786 869 1
788 832 1
789 862 1
789 970 1
790 979 1
791 869 1
793 863 1
797 839 1
799 850 1
799 984 1
800 803 1
801 982 1
805 814 1
805 830 1
806 997 1
810 826 1
811 912 1
811 964 1
817 869 1
817 870 1
817 874 1
817 892 1
818 853 1
819 899 1
824 888 1
824 917 1
825 970 1
827 880 1
827 928 1
827 997 1
831 993 1
832 937 1
835 840 1
837 919 1
838 873 1
854 963 1
859 935 1
859 979 1
860 862 1
860 896 1
860 997 1
864 942 1
864 948 1
868 888 1
870 991 1
876 913 1
882 944 1
884 894 1
885 917 1
891 952 1
892 901 1
896 980 1
901 940 1
907 930 1
911 940 1
917 954 1
921 936 1
925 978 1
929 955 1
929 984 1
931 969 1
931 993 1
932 982 1
937 991 1
944 947 1
949 985 1
966 968 1
976 998 1
