1000 4975
1 2 1
1 3 1
1 4 1
1 5 1
1 6 1
1 7 1
1 8 1
1 9 1
1 11 1
1 12 1
1 13 1
1 14 1
1 15 1
1 16 1
1 18 1
1 19 1
1 21 1
1 25 1
1 26 1
1 27 1
1 31 1
1 33 1
1 41 1
1 45 1
1 61 1
1 66 1
1 69 1
1 70 1
1 72 1
1 81 1
1 82 1
1 86 1
1 90 1
1 95 1
1 101 1
1 106 1
1 117 1
1 122 1
1 125 1
1 131 1
1 137 1
1 141 1
1 169 1
1 173 1
1 187 1
1 200 1
1 205 1
1 216 1
1 235 1
1 238 1
1 245 1
1 247 1
1 248 1
1 263 1
1 266 1
1 276 1
1 277 1
1 281 1
1 283 1
1 286 1
1 291 1
1 299 1
1 311 1
1 317 1
1 321 1
1 336 1
1 355 1
1 366 1
1 372 1
1 384 1
1 386 1
1 387 1
1 395 1
1 396 1
1 398 1
1 404 1
1 407 1
1 413 1
1 424 1
1 439 1
1 443 1
1 477 1
1 482 1
1 483 1
1 484 1
1 488 1
1 495 1
1 499 1
1 501 1
1 503 1
1 505 1
1 507 1
1 516 1
1 531 1
1 533 1
1 544 1
1 553 1
1 554 1
1 568 1
1 583 1
1 587 1
1 590 1
1 597 1
1 600 1
1 615 1
1 619 1
1 620 1
1 638 1
1 651 1
1 668 1
1 699 1
1 718 1
1 720 1
1 721 1
1 732 1
1 739 1
1 748 1
1 755 1
1 760 1
1 763 1
1 765 1
1 767 1
1 795 1
1 810 1
1 815 1
1 833 1
1 844 1
1 849 1
1 858 1
1 865 1
1 866 1
1 868 1
1 877 1
1 903 1
1 921 1
1 952 1
1 958 1
1 990 1
2 7 1
2 8 1
2 9 1
2 10 1
2 12 1
2 13 1
2 14 1
2 17 1
2 21 1
2 23 1
2 34 1
2 44 1
2 48 1
2 63 1
2 73 1
2 80 1
2 92 1
2 103 1
2 110 1
2 146 1
2 165 1
2 172 1
2 178 1
2 180 1
2 187 1
2 237 1
2 271 1
2 272 1
2 282 1
2 462 1
2 475 1
2 479 1
2 499 1
2 558 1
2 575 1
2 670 1
2 724 1
2 752 1
2 852 1
2 871 1
2 896 1
2 925 1
2 967 1
2 995 1
3 7 1
3 9 1
3 10 1
3 12 1
3 14 1
3 39 1
3 49 1
3 74 1
3 77 1
3 84 1
3 85 1
3 99 1
3 109 1
3 136 1
3 140 1
3 149 1
3 156 1
3 183 1
3 189 1
3 212 1
3 233 1
3 234 1
3 288 1
3 305 1
3 314 1
3 352 1
3 419 1
3 436 1
3 473 1
3 486 1
3 520 1
3 535 1
3 556 1
3 593 1
3 628 1
3 646 1
3 693 1
3 776 1
3 794 1
3 834 1
3 887 1
3 890 1
3 896 1
3 905 1
3 938 1
3 946 1
3 947 1
3 971 1
4 7 1
4 8 1
4 11 1
4 15 1
4 17 1
4 18 1
4 24 1
4 27 1
4 28 1
4 36 1
4 39 1
4 43 1
4 48 1
4 55 1
4 56 1
4 57 1
4 86 1
4 98 1
4 121 1
4 144 1
4 200 1
4 222 1
4 250 1
4 292 1
4 328 1
4 379 1
4 408 1
4 483 1
4 555 1
4 608 1
4 674 1
4 706 1
4 746 1
4 761 1
4 774 1
4 800 1
4 812 1
4 879 1
5 13 1
5 14 1
5 20 1
5 49 1
5 53 1
5 71 1
5 116 1
5 181 1
5 188 1
5 194 1
5 199 1
5 215 1
5 266 1
5 285 1
5 312 1
5 329 1
5 358 1
5 394 1
5 430 1
5 435 1
5 463 1
5 492 1
5 498 1
5 594 1
5 700 1
5 711 1
5 771 1
5 866 1
6 7 1
6 8 1
6 9 1
6 10 1
6 15 1
6 26 1
6 27 1
6 56 1
6 186 1
6 216 1
6 223 1
6 229 1
6 257 1
6 956 1
6 968 1
7 8 1
7 10 1
7 17 1
7 19 1
7 25 1
7 28 1
7 37 1
7 63 1
7 69 1
7 72 1
7 123 1
7 130 1
7 152 1
7 207 1
7 208 1
7 214 1
7 298 1
7 320 1
7 335 1
7 380 1
7 448 1
7 454 1
7 599 1
7 603 1
7 660 1
7 677 1
7 699 1
7 854 1
8 9 1
8 11 1
8 20 1
8 21 1
8 35 1
8 40 1
8 49 1
8 74 1
8 77 1
8 89 1
8 98 1
8 113 1
8 126 1
8 133 1
8 137 1
8 139 1
8 193 1
8 199 1
8 200 1
8 212 1
8 230 1
8 273 1
8 280 1
8 302 1
8 371 1
8 432 1
8 454 1
8 463 1
8 492 1
8 496 1
8 549 1
8 550 1
8 574 1
8 579 1
8 592 1
8 611 1
8 612 1
8 621 1
8 626 1
8 640 1
8 680 1
8 795 1
8 805 1
8 808 1
8 828 1
8 895 1
8 899 1
8 924 1
8 933 1
8 936 1
8 967 1
8 996 1
9 10 1
9 11 1
9 23 1
9 29 1
9 32 1
9 37 1
9 46 1
9 55 1
9 58 1
9 92 1
9 107 1
9 111 1
9 122 1
9 126 1
9 130 1
9 132 1
9 133 1
9 135 1
9 150 1
9 154 1
9 162 1
9 167 1
9 168 1
9 201 1
9 296 1
9 303 1
9 329 1
9 351 1
9 352 1
9 358 1
9 359 1
9 374 1
9 386 1
9 387 1
9 444 1
9 468 1
9 481 1
9 491 1
9 492 1
9 501 1
9 585 1
9 586 1
9 601 1
9 606 1
9 622 1
9 641 1
9 649 1
9 659 1
9 679 1
9 709 1
9 715 1
9 752 1
9 827 1
9 851 1
9 933 1
9 937 1
9 977 1
10 11 1
10 12 1
10 13 1
10 14 1
10 15 1
10 16 1
10 17 1
10 20 1
10 21 1
10 22 1
10 23 1
10 24 1
10 35 1
10 36 1
10 38 1
10 39 1
10 40 1
10 51 1
10 54 1
10 57 1
10 60 1
10 71 1
10 76 1
10 77 1
10 78 1
10 79 1
10 81 1
10 82 1
10 83 1
10 87 1
10 88 1
10 90 1
10 115 1
10 124 1
10 131 1
10 132 1
10 138 1
10 142 1
10 145 1
10 157 1
10 158 1
10 163 1
10 168 1
10 175 1
10 177 1
10 184 1
10 187 1
10 204 1
10 220 1
10 225 1
10 232 1
10 239 1
10 246 1
10 247 1
10 264 1
10 273 1
10 283 1
10 287 1
10 315 1
10 343 1
10 372 1
10 376 1
10 377 1
10 397 1
10 407 1
10 410 1
10 425 1
10 428 1
10 434 1
10 451 1
10 464 1
10 474 1
10 479 1
10 537 1
10 554 1
10 555 1
10 592 1
10 595 1
10 666 1
10 674 1
10 686 1
10 697 1
10 727 1
10 728 1
10 738 1
10 764 1
10 773 1
10 778 1
10 800 1
10 820 1
10 869 1
10 871 1
10 895 1
10 911 1
10 932 1
10 948 1
10 953 1
10 963 1
10 964 1
10 979 1
10 984 1
10 999 1
11 12 1
11 16 1
11 17 1
11 22 1
11 23 1
11 25 1
11 29 1
11 30 1
11 31 1
11 32 1
11 35 1
11 36 1
11 38 1
11 40 1
11 41 1
11 45 1
11 47 1
11 48 1
11 50 1
11 51 1
11 52 1
11 59 1
11 61 1
11 63 1
11 64 1
11 66 1
11 67 1
11 68 1
11 74 1
11 76 1
11 77 1
11 78 1
11 81 1
11 89 1
11 101 1
11 104 1
11 115 1
11 118 1
11 120 1
11 126 1
11 128 1
11 129 1
11 136 1
11 138 1
11 139 1
11 146 1
11 147 1
11 159 1
11 171 1
11 172 1
11 175 1
11 181 1
11 193 1
11 208 1
11 209 1
11 211 1
11 228 1
11 235 1
11 245 1
11 249 1
11 251 1
11 260 1
11 265 1
11 271 1
11 278 1
11 279 1
11 283 1
11 284 1
11 287 1
11 294 1
11 295 1
11 296 1
11 298 1
11 323 1
11 337 1
11 365 1
11 381 1
11 394 1
11 406 1
11 410 1
11 447 1
11 460 1
11 465 1
11 493 1
11 502 1
11 505 1
11 518 1
11 525 1
11 531 1
11 539 1
11 555 1
11 556 1
11 567 1
11 571 1
11 574 1
11 616 1
11 618 1
11 639 1
11 649 1
11 654 1
11 686 1
11 693 1
11 698 1
11 702 1
11 730 1
11 743 1
11 749 1
11 767 1
11 768 1
11 772 1
11 773 1
11 779 1
11 789 1
11 798 1
11 805 1
11 827 1
11 862 1
11 865 1
11 868 1
11 876 1
11 891 1
11 918 1
11 925 1
11 931 1
11 941 1
11 947 1
11 966 1
12 13 1
12 15 1
12 16 1
12 18 1
12 19 1
12 20 1
12 21 1
12 30 1
12 31 1
12 32 1
12 38 1
12 47 1
12 51 1
12 55 1
12 57 1
12 60 1
12 65 1
12 69 1
12 82 1
12 86 1
12 97 1
12 103 1
12 105 1
12 111 1
12 117 1
12 137 1
12 140 1
12 143 1
12 146 1
12 168 1
12 184 1
12 225 1
12 234 1
12 240 1
12 245 1
12 252 1
12 254 1
12 259 1
12 282 1
12 290 1
12 291 1
12 315 1
12 335 1
12 341 1
12 366 1
12 371 1
12 385 1
12 402 1
12 418 1
12 433 1
12 438 1
12 461 1
12 479 1
12 485 1
12 502 1
12 503 1
12 533 1
12 551 1
12 587 1
12 590 1
12 593 1
12 621 1
12 630 1
12 687 1
12 697 1
12 703 1
12 725 1
12 756 1
12 781 1
12 806 1
12 832 1
12 841 1
12 852 1
12 870 1
12 930 1
12 956 1
12 965 1
13 34 1
13 62 1
13 86 1
13 104 1
13 111 1
13 152 1
13 160 1
13 166 1
13 186 1
13 217 1
13 251 1
13 319 1
13 353 1
13 404 1
13 405 1
13 504 1
13 526 1
13 665 1
13 670 1
13 673 1
13 683 1
13 777 1
13 792 1
13 806 1
13 935 1
14 18 1
14 59 1
14 89 1
14 123 1
14 157 1
14 211 1
14 231 1
14 269 1
14 354 1
14 366 1
14 444 1
14 454 1
14 455 1
14 460 1
14 557 1
14 630 1
14 701 1
14 720 1
14 750 1
14 757 1
14 808 1
14 918 1
14 932 1
15 16 1
15 18 1
15 22 1
15 25 1
15 26 1
15 44 1
15 52 1
15 55 1
15 62 1
15 65 1
15 68 1
15 70 1
15 83 1
15 91 1
15 97 1
15 99 1
15 100 1
15 105 1
15 117 1
15 135 1
15 140 1
15 145 1
15 154 1
15 174 1
15 177 1
15 178 1
15 192 1
15 204 1
15 211 1
15 224 1
15 252 1
15 256 1
15 258 1
15 318 1
15 365 1
15 375 1
15 376 1
15 409 1
15 419 1
15 429 1
15 430 1
15 491 1
15 494 1
15 497 1
15 529 1
15 570 1
15 604 1
15 608 1
15 609 1
15 617 1
15 646 1
15 651 1
15 669 1
15 704 1
15 743 1
15 760 1
15 786 1
15 928 1
15 946 1
15 949 1
15 996 1
16 19 1
16 24 1
16 28 1
16 32 1
16 38 1
16 39 1
16 43 1
16 44 1
16 47 1
16 54 1
16 59 1
16 70 1
16 71 1
16 80 1
16 85 1
16 87 1
16 92 1
16 94 1
16 95 1
16 103 1
16 107 1
16 113 1
16 114 1
16 116 1
16 137 1
16 140 1
16 148 1
16 150 1
16 155 1
16 156 1
16 159 1
16 164 1
16 173 1
16 176 1
16 179 1
16 184 1
16 194 1
16 216 1
16 224 1
16 231 1
16 268 1
16 273 1
16 316 1
16 321 1
16 335 1
16 344 1
16 349 1
16 370 1
16 372 1
16 379 1
16 422 1
16 427 1
16 435 1
16 443 1
16 450 1
16 461 1
16 475 1
16 490 1
16 521 1
16 565 1
16 572 1
16 596 1
16 622 1
16 641 1
16 656 1
16 658 1
16 659 1
16 662 1
16 676 1
16 687 1
16 695 1
16 699 1
16 712 1
16 736 1
16 748 1
16 759 1
16 761 1
16 782 1
16 790 1
16 804 1
16 825 1
16 842 1
16 857 1
16 862 1
16 922 1
16 925 1
16 935 1
16 941 1
16 981 1
16 995 1
16 996 1
17 19 1
17 26 1
17 27 1
17 28 1
17 37 1
17 40 1
17 41 1
17 45 1
17 54 1
17 58 1
17 64 1
17 65 1
17 73 1
17 74 1
17 94 1
17 110 1
17 112 1
17 119 1
17 173 1
17 175 1
17 179 1
17 180 1
17 193 1
17 206 1
17 207 1
17 215 1
17 222 1
17 241 1
17 248 1
17 259 1
17 284 1
17 300 1
17 352 1
17 353 1
17 357 1
17 369 1
17 382 1
17 385 1
17 393 1
17 398 1
17 402 1
17 441 1
17 448 1
17 475 1
17 482 1
17 525 1
17 557 1
17 563 1
17 580 1
17 582 1
17 593 1
17 628 1
17 680 1
17 717 1
17 727 1
17 733 1
17 769 1
17 868 1
17 881 1
17 907 1
17 929 1
17 937 1
17 949 1
17 959 1
17 983 1
17 990 1
18 24 1
18 30 1
18 34 1
18 42 1
18 43 1
18 58 1
18 78 1
18 84 1
18 87 1
18 97 1
18 106 1
18 121 1
18 125 1
18 126 1
18 145 1
18 151 1
18 153 1
18 154 1
18 164 1
18 166 1
18 183 1
18 200 1
18 226 1
18 243 1
18 269 1
18 274 1
18 286 1
18 328 1
18 332 1
18 362 1
18 405 1
18 414 1
18 468 1
18 515 1
18 535 1
18 567 1
18 606 1
18 635 1
18 644 1
18 650 1
18 652 1
18 658 1
18 662 1
18 688 1
18 723 1
18 755 1
18 813 1
18 814 1
18 817 1
18 859 1
18 882 1
18 970 1
19 20 1
19 23 1
19 24 1
19 27 1
19 31 1
19 34 1
19 35 1
19 42 1
19 43 1
19 44 1
19 45 1
19 47 1
19 48 1
19 50 1
19 60 1
19 61 1
19 64 1
19 69 1
19 75 1
19 99 1
19 102 1
19 113 1
19 115 1
19 118 1
19 127 1
19 128 1
19 152 1
19 153 1
19 158 1
19 164 1
19 172 1
19 173 1
19 184 1
19 191 1
19 196 1
19 199 1
19 206 1
19 217 1
19 219 1
19 223 1
19 227 1
19 239 1
19 243 1
19 244 1
19 256 1
19 274 1
19 275 1
19 293 1
19 322 1
19 328 1
19 345 1
19 369 1
19 377 1
19 393 1
19 400 1
19 404 1
19 406 1
19 447 1
19 465 1
19 470 1
19 488 1
19 533 1
19 545 1
19 547 1
19 553 1
19 557 1
19 567 1
19 569 1
19 580 1
19 582 1
19 585 1
19 602 1
19 647 1
19 655 1
19 697 1
19 705 1
19 754 1
19 757 1
19 758 1
19 768 1
19 798 1
19 875 1
19 884 1
19 898 1
19 905 1
19 909 1
19 916 1
19 919 1
19 985 1
20 22 1
20 28 1
20 37 1
20 46 1
20 59 1
20 94 1
20 112 1
20 118 1
20 129 1
20 167 1
20 176 1
20 178 1
20 203 1
20 208 1
20 224 1
20 245 1
20 249 1
20 269 1
20 313 1
20 316 1
20 345 1
20 443 1
20 559 1
20 566 1
20 567 1
20 581 1
20 587 1
20 618 1
20 621 1
20 634 1
20 658 1
20 667 1
20 690 1
20 729 1
20 744 1
20 823 1
20 829 1
20 837 1
20 853 1
20 854 1
20 880 1
20 889 1
20 903 1
20 904 1
20 956 1
21 22 1
21 29 1
21 33 1
21 44 1
21 62 1
21 71 1
21 73 1
21 85 1
21 93 1
21 101 1
21 103 1
21 116 1
21 119 1
21 125 1
21 146 1
21 159 1
21 171 1
21 175 1
21 181 1
21 189 1
21 194 1
21 195 1
21 197 1
21 203 1
21 208 1
21 220 1
21 221 1
21 253 1
21 258 1
21 320 1
21 327 1
21 331 1
21 338 1
21 341 1
21 352 1
21 414 1
21 441 1
21 445 1
21 446 1
21 460 1
21 470 1
21 484 1
21 486 1
21 491 1
21 500 1
21 503 1
21 508 1
21 521 1
21 526 1
21 528 1
21 566 1
21 568 1
21 573 1
21 591 1
21 606 1
21 648 1
21 692 1
21 707 1
21 733 1
21 740 1
21 742 1
21 749 1
21 761 1
21 768 1
21 787 1
21 788 1
21 810 1
21 871 1
21 939 1
21 940 1
21 952 1
21 957 1
21 968 1
21 989 1
21 1000 1
22 30 1
22 46 1
22 53 1
22 58 1
22 64 1
22 93 1
22 96 1
22 148 1
22 166 1
22 218 1
22 380 1
22 497 1
22 632 1
22 636 1
22 662 1
22 665 1
22 709 1
23 25 1
23 26 1
23 43 1
23 50 1
23 79 1
23 213 1
23 219 1
23 220 1
23 227 1
23 257 1
23 284 1
23 422 1
23 433 1
23 476 1
23 518 1
23 523 1
23 615 1
23 632 1
23 804 1
23 808 1
23 969 1
24 29 1
24 33 1
24 49 1
24 56 1
24 80 1
24 98 1
24 104 1
24 240 1
24 255 1
24 261 1
24 285 1
24 307 1
24 368 1
24 431 1
24 458 1
24 477 1
24 505 1
24 516 1
24 523 1
24 565 1
24 651 1
24 666 1
24 671 1
24 690 1
24 722 1
24 723 1
24 746 1
24 778 1
25 35 1
25 197 1
25 356 1
25 480 1
25 777 1
25 909 1
26 29 1
26 30 1
26 33 1
26 36 1
26 40 1
26 41 1
26 83 1
26 109 1
26 110 1
26 139 1
26 162 1
26 192 1
26 236 1
26 259 1
26 265 1
26 294 1
26 334 1
26 350 1
26 378 1
26 417 1
26 429 1
26 448 1
26 514 1
26 578 1
26 692 1
26 702 1
26 716 1
26 777 1
26 786 1
26 796 1
27 39 1
27 56 1
27 76 1
27 161 1
27 196 1
27 212 1
27 272 1
27 315 1
27 370 1
27 376 1
27 409 1
27 614 1
27 650 1
27 655 1
27 672 1
27 807 1
27 810 1
27 865 1
27 869 1
27 885 1
27 966 1
28 36 1
28 50 1
28 51 1
28 63 1
28 111 1
28 112 1
28 127 1
28 149 1
28 158 1
28 194 1
28 198 1
28 223 1
28 268 1
28 318 1
28 323 1
28 409 1
28 412 1
28 421 1
28 424 1
28 461 1
28 489 1
28 504 1
28 570 1
28 612 1
28 667 1
28 682 1
28 746 1
28 846 1
28 946 1
28 960 1
29 31 1
29 32 1
29 33 1
29 66 1
29 75 1
29 89 1
29 101 1
29 192 1
29 304 1
29 306 1
29 325 1
29 372 1
29 401 1
29 448 1
29 471 1
29 477 1
29 479 1
29 497 1
29 584 1
29 588 1
29 604 1
29 655 1
29 694 1
29 754 1
29 766 1
29 821 1
29 843 1
29 910 1
30 42 1
30 46 1
30 48 1
30 52 1
30 54 1
30 77 1
30 91 1
30 107 1
30 122 1
30 174 1
30 228 1
30 243 1
30 253 1
30 274 1
30 276 1
30 349 1
30 398 1
30 400 1
30 460 1
30 479 1
30 481 1
30 509 1
30 526 1
30 600 1
30 623 1
30 678 1
30 679 1
30 691 1
30 718 1
30 863 1
30 887 1
30 899 1
30 945 1
30 974 1
30 995 1
31 46 1
31 76 1
31 145 1
31 147 1
31 160 1
31 210 1
31 214 1
31 231 1
31 237 1
31 263 1
31 334 1
31 344 1
31 445 1
31 447 1
31 558 1
31 640 1
31 824 1
31 987 1
32 75 1
32 86 1
32 133 1
32 190 1
32 191 1
32 204 1
32 250 1
32 306 1
32 312 1
32 501 1
32 540 1
32 568 1
32 722 1
32 728 1
32 811 1
32 839 1
32 942 1
33 34 1
33 42 1
33 59 1
33 60 1
33 80 1
33 108 1
33 116 1
33 134 1
33 168 1
33 174 1
33 203 1
33 229 1
33 278 1
33 281 1
33 316 1
33 338 1
33 341 1
33 360 1
33 407 1
33 417 1
33 418 1
33 426 1
33 467 1
33 530 1
33 569 1
33 910 1
34 91 1
34 95 1
34 105 1
34 114 1
34 124 1
34 141 1
34 156 1
34 180 1
34 215 1
34 220 1
34 271 1
34 313 1
34 346 1
34 361 1
34 425 1
34 439 1
34 483 1
34 546 1
34 664 1
34 784 1
34 802 1
34 849 1
34 926 1
35 106 1
35 149 1
35 151 1
35 177 1
35 184 1
35 238 1
35 247 1
35 249 1
35 267 1
35 277 1
35 292 1
35 302 1
35 321 1
35 345 1
35 350 1
35 403 1
35 404 1
35 412 1
35 439 1
35 503 1
35 657 1
35 678 1
35 762 1
35 766 1
36 37 1
36 52 1
36 53 1
36 60 1
36 67 1
36 78 1
36 116 1
36 142 1
36 146 1
36 168 1
36 171 1
36 192 1
36 209 1
36 236 1
36 299 1
36 378 1
36 442 1
36 453 1
36 520 1
36 544 1
36 587 1
36 677 1
36 679 1
36 697 1
36 728 1
36 742 1
36 798 1
36 833 1
36 880 1
36 935 1
37 38 1
37 69 1
37 70 1
37 72 1
37 95 1
37 115 1
37 121 1
37 129 1
37 132 1
37 144 1
37 152 1
37 170 1
37 224 1
37 228 1
37 350 1
37 388 1
37 395 1
37 412 1
37 517 1
37 560 1
37 564 1
37 611 1
37 661 1
37 672 1
37 676 1
37 883 1
38 42 1
38 57 1
38 79 1
38 165 1
38 169 1
38 178 1
38 196 1
38 197 1
38 198 1
38 218 1
38 253 1
38 272 1
38 285 1
38 340 1
38 347 1
38 391 1
38 406 1
38 415 1
38 439 1
38 498 1
38 500 1
38 588 1
38 597 1
38 601 1
38 690 1
38 705 1
38 740 1
38 879 1
38 886 1
38 893 1
38 923 1
38 970 1
39 45 1
39 62 1
39 67 1
39 95 1
39 119 1
39 123 1
39 128 1
39 137 1
39 180 1
39 195 1
39 216 1
39 230 1
39 260 1
39 266 1
39 283 1
39 299 1
39 307 1
39 345 1
39 400 1
39 412 1
39 434 1
39 463 1
39 469 1
39 482 1
39 733 1
39 972 1
40 41 1
40 157 1
40 186 1
40 284 1
40 304 1
40 375 1
40 751 1
40 793 1
40 796 1
40 799 1
41 52 1
41 76 1
41 102 1
41 222 1
41 493 1
41 508 1
41 530 1
41 675 1
41 685 1
41 765 1
41 798 1
41 860 1
42 72 1
42 93 1
42 99 1
42 110 1
42 163 1
42 179 1
42 218 1
42 324 1
42 372 1
42 380 1
42 485 1
42 560 1
42 579 1
42 601 1
42 636 1
42 922 1
42 955 1
43 50 1
43 51 1
43 64 1
43 97 1
43 131 1
43 197 1
43 215 1
43 228 1
43 236 1
43 254 1
43 288 1
43 290 1
43 404 1
43 420 1
43 461 1
43 508 1
43 522 1
43 575 1
43 608 1
43 724 1
43 753 1
43 783 1
43 785 1
43 846 1
43 847 1
43 888 1
43 959 1
44 53 1
44 55 1
44 63 1
44 81 1
44 88 1
44 124 1
44 134 1
44 136 1
44 181 1
44 262 1
44 269 1
44 308 1
44 391 1
44 400 1
44 515 1
44 524 1
44 543 1
44 551 1
44 842 1
44 894 1
45 57 1
45 92 1
45 101 1
45 118 1
45 135 1
45 156 1
45 164 1
45 263 1
45 281 1
45 283 1
45 292 1
45 309 1
45 341 1
45 374 1
45 434 1
45 442 1
45 478 1
45 506 1
45 508 1
45 572 1
45 598 1
45 616 1
45 662 1
45 681 1
45 743 1
45 759 1
45 775 1
45 894 1
46 47 1
46 75 1
46 78 1
46 82 1
46 87 1
46 91 1
46 104 1
46 117 1
46 124 1
46 171 1
46 195 1
46 267 1
46 278 1
46 287 1
46 302 1
46 313 1
46 396 1
46 441 1
46 468 1
46 505 1
46 524 1
46 551 1
46 555 1
46 570 1
46 723 1
46 838 1
46 947 1
46 975 1
47 54 1
47 73 1
47 124 1
47 179 1
47 187 1
47 334 1
47 356 1
47 360 1
47 371 1
47 465 1
47 509 1
47 510 1
47 591 1
47 740 1
47 844 1
47 845 1
48 49 1
48 61 1
48 102 1
48 109 1
48 135 1
48 142 1
48 157 1
48 165 1
48 176 1
48 191 1
48 201 1
48 276 1
48 324 1
48 333 1
48 411 1
48 494 1
48 499 1
48 687 1
48 732 1
48 745 1
48 760 1
48 763 1
48 840 1
48 875 1
48 901 1
49 62 1
49 66 1
49 68 1
49 96 1
49 98 1
49 100 1
49 148 1
49 164 1
49 191 1
49 205 1
49 267 1
49 270 1
49 297 1
49 303 1
49 369 1
49 383 1
49 449 1
49 672 1
49 707 1
49 801 1
49 903 1
49 959 1
50 58 1
50 65 1
50 66 1
50 67 1
50 75 1
50 80 1
50 83 1
50 94 1
50 109 1
50 113 1
50 138 1
50 151 1
50 174 1
50 232 1
50 237 1
50 270 1
50 298 1
50 319 1
50 327 1
50 436 1
50 445 1
50 451 1
50 459 1
50 469 1
50 512 1
50 573 1
50 600 1
50 626 1
50 717 1
50 724 1
50 730 1
50 861 1
50 887 1
50 890 1
50 937 1
51 53 1
51 61 1
51 68 1
51 83 1
51 199 1
51 257 1
51 300 1
51 351 1
51 355 1
51 358 1
51 458 1
51 469 1
51 534 1
51 606 1
51 613 1
51 698 1
51 817 1
51 905 1
51 974 1
51 991 1
52 138 1
52 161 1
52 174 1
52 224 1
52 336 1
52 507 1
52 604 1
52 715 1
52 920 1
53 68 1
53 71 1
53 312 1
53 553 1
53 617 1
53 901 1
53 922 1
54 56 1
54 65 1
54 81 1
54 121 1
54 122 1
54 126 1
54 189 1
54 221 1
54 262 1
54 264 1
54 272 1
54 300 1
54 349 1
54 452 1
54 472 1
54 562 1
54 663 1
54 684 1
54 694 1
54 769 1
54 832 1
55 91 1
55 105 1
55 189 1
55 195 1
55 280 1
55 310 1
55 342 1
55 413 1
55 420 1
55 440 1
55 601 1
55 703 1
55 812 1
55 985 1
56 170 1
56 191 1
56 595 1
56 601 1
56 683 1
57 74 1
57 102 1
57 141 1
57 154 1
57 182 1
57 217 1
57 324 1
57 374 1
57 594 1
57 642 1
57 705 1
57 780 1
57 800 1
58 67 1
58 105 1
58 225 1
58 235 1
58 256 1
58 347 1
58 420 1
58 437 1
58 445 1
58 488 1
58 731 1
58 767 1
58 851 1
58 859 1
58 861 1
58 883 1
58 904 1
59 88 1
59 96 1
59 112 1
59 167 1
59 219 1
59 227 1
59 251 1
59 294 1
59 298 1
59 319 1
59 337 1
59 396 1
59 429 1
59 436 1
59 730 1
59 767 1
59 825 1
60 212 1
60 538 1
61 72 1
61 149 1
61 205 1
61 227 1
61 253 1
61 274 1
61 362 1
61 394 1
61 398 1
61 399 1
61 455 1
61 602 1
61 673 1
61 677 1
61 871 1
61 954 1
61 999 1
62 73 1
62 84 1
62 115 1
62 133 1
62 150 1
62 512 1
62 661 1
62 815 1
62 870 1
63 100 1
63 111 1
63 274 1
63 282 1
63 291 1
63 393 1
63 418 1
63 424 1
63 493 1
63 562 1
63 567 1
63 586 1
63 730 1
63 749 1
63 841 1
63 845 1
63 848 1
63 878 1
63 897 1
63 910 1
63 939 1
63 969 1
63 985 1
63 999 1
64 112 1
64 114 1
64 132 1
64 134 1
64 162 1
64 163 1
64 188 1
64 276 1
64 292 1
64 348 1
64 356 1
64 517 1
64 591 1
64 642 1
64 751 1
64 863 1
64 883 1
65 129 1
65 226 1
65 284 1
65 368 1
65 394 1
65 853 1
66 103 1
66 119 1
66 120 1
66 123 1
66 205 1
66 230 1
66 275 1
66 399 1
66 525 1
66 536 1
66 537 1
66 552 1
66 664 1
66 683 1
66 971 1
67 70 1
67 79 1
67 85 1
67 161 1
67 175 1
67 214 1
67 254 1
67 286 1
67 340 1
67 408 1
67 415 1
67 444 1
67 494 1
67 495 1
67 516 1
67 578 1
67 618 1
67 917 1
68 79 1
68 84 1
68 102 1
68 203 1
68 243 1
68 285 1
68 320 1
68 361 1
68 370 1
68 374 1
68 444 1
68 506 1
68 547 1
68 622 1
68 631 1
68 639 1
68 661 1
68 694 1
68 700 1
69 737 1
70 88 1
70 99 1
70 108 1
70 109 1
70 110 1
70 176 1
70 188 1
70 247 1
70 248 1
70 296 1
70 368 1
70 396 1
70 437 1
70 449 1
70 453 1
70 588 1
70 652 1
70 713 1
70 758 1
70 874 1
70 924 1
70 941 1
70 945 1
71 85 1
71 104 1
71 107 1
71 155 1
71 170 1
71 173 1
71 219 1
71 265 1
71 279 1
71 309 1
71 318 1
71 431 1
71 506 1
71 612 1
71 796 1
72 92 1
72 264 1
72 341 1
72 513 1
73 148 1
73 308 1
73 314 1
73 359 1
73 361 1
73 373 1
73 384 1
73 429 1
73 441 1
73 446 1
73 453 1
73 619 1
73 620 1
73 643 1
73 645 1
73 741 1
73 746 1
73 755 1
73 780 1
73 788 1
73 813 1
73 823 1
73 882 1
73 898 1
73 982 1
73 986 1
73 997 1
74 87 1
74 118 1
74 149 1
74 177 1
74 226 1
74 230 1
74 238 1
74 240 1
74 297 1
74 323 1
74 362 1
74 387 1
74 388 1
74 401 1
74 427 1
74 436 1
74 451 1
74 459 1
74 478 1
74 480 1
74 491 1
74 516 1
74 528 1
74 654 1
74 694 1
74 718 1
74 755 1
74 828 1
74 839 1
74 864 1
74 912 1
75 84 1
75 89 1
75 169 1
75 193 1
75 289 1
75 304 1
75 495 1
75 762 1
75 779 1
75 839 1
75 853 1
75 958 1
76 122 1
76 123 1
76 155 1
76 186 1
76 194 1
76 350 1
76 430 1
76 490 1
76 510 1
76 518 1
76 569 1
76 644 1
76 895 1
77 88 1
77 90 1
77 125 1
77 143 1
77 166 1
77 199 1
77 240 1
77 244 1
77 261 1
77 355 1
77 468 1
77 542 1
77 586 1
77 599 1
77 637 1
77 742 1
77 781 1
77 847 1
77 877 1
77 888 1
77 984 1
78 151 1
78 242 1
78 322 1
78 343 1
78 375 1
78 489 1
78 504 1
78 668 1
78 926 1
78 997 1
79 106 1
79 159 1
79 179 1
79 370 1
79 405 1
79 421 1
79 470 1
79 478 1
79 646 1
79 844 1
80 96 1
80 254 1
80 288 1
80 289 1
80 301 1
80 306 1
80 310 1
80 319 1
80 322 1
80 367 1
80 401 1
80 420 1
80 465 1
80 545 1
80 577 1
80 579 1
80 591 1
80 598 1
80 710 1
80 821 1
80 824 1
80 855 1
80 951 1
80 974 1
81 82 1
81 93 1
81 127 1
81 128 1
81 207 1
81 388 1
81 490 1
81 516 1
81 543 1
81 583 1
81 717 1
81 741 1
82 100 1
82 108 1
82 119 1
82 202 1
82 351 1
82 368 1
82 390 1
82 483 1
82 609 1
82 625 1
82 636 1
82 700 1
82 710 1
82 831 1
83 90 1
83 96 1
83 133 1
83 151 1
83 153 1
83 206 1
83 254 1
83 285 1
83 401 1
83 532 1
83 549 1
83 587 1
83 644 1
83 659 1
83 673 1
83 893 1
83 921 1
84 624 1
85 139 1
85 143 1
85 264 1
85 303 1
85 442 1
85 482 1
85 523 1
85 652 1
85 682 1
85 759 1
85 812 1
86 90 1
86 108 1
86 145 1
86 207 1
86 210 1
86 235 1
86 241 1
86 280 1
86 289 1
86 414 1
86 526 1
86 597 1
86 782 1
86 920 1
86 998 1
87 130 1
87 180 1
87 201 1
87 220 1
87 231 1
87 282 1
87 471 1
87 542 1
87 667 1
87 747 1
87 803 1
87 949 1
88 106 1
88 120 1
88 128 1
88 153 1
88 172 1
88 190 1
88 255 1
88 309 1
88 351 1
88 377 1
88 387 1
88 634 1
88 739 1
88 826 1
88 832 1
88 845 1
88 884 1
89 94 1
89 108 1
89 113 1
89 117 1
89 120 1
89 121 1
89 134 1
89 188 1
89 190 1
89 210 1
89 219 1
89 221 1
89 236 1
89 258 1
89 332 1
89 384 1
89 500 1
89 540 1
89 595 1
89 609 1
89 614 1
89 653 1
89 693 1
89 724 1
89 735 1
89 742 1
89 884 1
89 930 1
89 933 1
89 966 1
89 968 1
90 292 1
90 356 1
90 531 1
90 774 1
90 954 1
90 962 1
91 93 1
91 97 1
91 132 1
91 143 1
91 233 1
91 338 1
91 459 1
91 513 1
91 861 1
92 147 1
92 167 1
92 208 1
92 293 1
92 339 1
92 492 1
92 554 1
92 561 1
92 609 1
92 808 1
92 900 1
93 100 1
93 127 1
93 130 1
93 157 1
93 162 1
93 185 1
93 189 1
93 195 1
93 212 1
93 277 1
93 325 1
93 443 1
93 450 1
93 531 1
93 671 1
93 797 1
93 846 1
93 878 1
93 930 1
94 136 1
94 373 1
94 721 1
95 178 1
95 261 1
95 264 1
95 416 1
95 452 1
95 546 1
95 628 1
95 663 1
95 973 1
96 107 1
96 225 1
96 295 1
96 350 1
96 450 1
96 544 1
97 98 1
97 131 1
97 147 1
97 160 1
97 237 1
97 252 1
97 300 1
97 324 1
97 419 1
97 457 1
97 464 1
97 467 1
97 469 1
97 519 1
97 631 1
97 880 1
97 944 1
98 153 1
98 225 1
98 262 1
98 523 1
98 525 1
98 539 1
98 577 1
98 580 1
98 613 1
98 625 1
98 629 1
98 814 1
98 830 1
99 210 1
99 294 1
99 297 1
99 357 1
99 428 1
99 547 1
99 613 1
99 633 1
99 686 1
99 902 1
99 969 1
99 975 1
100 160 1
100 334 1
100 518 1
100 537 1
100 561 1
101 239 1
101 358 1
101 447 1
101 453 1
101 493 1
101 564 1
101 700 1
101 744 1
101 860 1
101 879 1
101 917 1
102 252 1
102 347 1
102 456 1
103 114 1
103 177 1
103 185 1
103 277 1
103 393 1
103 428 1
103 666 1
103 816 1
104 229 1
104 337 1
104 505 1
104 631 1
104 678 1
104 705 1
104 826 1
104 877 1
105 513 1
105 640 1
105 662 1
106 141 1
106 144 1
106 148 1
106 206 1
106 421 1
106 511 1
106 709 1
106 712 1
106 714 1
106 757 1
106 898 1
106 935 1
107 135 1
107 159 1
107 379 1
107 490 1
107 722 1
107 819 1
107 997 1
108 158 1
108 213 1
108 249 1
108 339 1
108 363 1
108 484 1
108 515 1
108 573 1
108 602 1
108 617 1
108 635 1
108 653 1
108 791 1
108 794 1
108 843 1
108 914 1
109 354 1
109 392 1
109 400 1
109 594 1
109 619 1
109 664 1
109 669 1
109 675 1
109 780 1
110 211 1
110 231 1
110 250 1
110 266 1
110 305 1
110 308 1
110 427 1
110 565 1
111 250 1
111 257 1
111 648 1
112 142 1
112 172 1
112 210 1
112 216 1
112 248 1
112 299 1
112 332 1
112 766 1
113 114 1
113 182 1
113 306 1
113 469 1
113 599 1
113 718 1
113 852 1
113 971 1
114 130 1
114 206 1
114 282 1
114 289 1
114 367 1
114 438 1
114 619 1
114 769 1
114 835 1
114 880 1
114 911 1
115 131 1
115 141 1
115 147 1
115 182 1
115 183 1
115 355 1
115 388 1
115 487 1
115 613 1
115 711 1
115 713 1
115 975 1
116 196 1
116 259 1
116 278 1
116 330 1
116 395 1
116 423 1
116 451 1
116 584 1
116 714 1
116 783 1
116 792 1
117 134 1
117 293 1
117 384 1
117 395 1
117 397 1
117 540 1
117 541 1
117 582 1
117 627 1
117 805 1
118 129 1
118 190 1
118 233 1
118 234 1
118 260 1
118 307 1
118 325 1
118 407 1
118 440 1
118 572 1
118 639 1
118 776 1
118 796 1
118 873 1
118 922 1
118 929 1
119 120 1
119 155 1
119 170 1
119 202 1
119 211 1
119 246 1
119 316 1
119 318 1
119 391 1
119 466 1
119 519 1
119 549 1
119 653 1
119 656 1
119 670 1
119 688 1
119 722 1
119 847 1
120 166 1
120 514 1
120 565 1
120 993 1
121 127 1
121 142 1
121 232 1
121 364 1
121 389 1
121 596 1
121 801 1
121 815 1
121 838 1
121 993 1
122 125 1
122 234 1
122 252 1
122 260 1
122 287 1
122 288 1
122 314 1
122 376 1
122 383 1
122 452 1
122 467 1
122 471 1
122 522 1
122 574 1
122 599 1
122 631 1
122 714 1
122 735 1
122 785 1
122 859 1
122 878 1
122 908 1
122 978 1
122 987 1
123 156 1
123 167 1
123 223 1
123 232 1
123 268 1
123 276 1
123 339 1
123 342 1
123 421 1
123 508 1
123 583 1
123 607 1
123 917 1
124 139 1
124 154 1
124 162 1
124 192 1
124 202 1
124 205 1
124 246 1
124 349 1
124 381 1
124 431 1
124 475 1
124 511 1
124 514 1
124 541 1
124 579 1
124 649 1
124 719 1
124 829 1
124 865 1
125 217 1
125 275 1
125 354 1
125 450 1
125 497 1
125 552 1
125 766 1
125 803 1
125 961 1
126 138 1
126 226 1
126 270 1
126 329 1
126 506 1
126 629 1
126 695 1
126 815 1
126 863 1
126 949 1
126 967 1
127 163 1
127 353 1
127 726 1
127 976 1
127 982 1
128 158 1
128 317 1
128 696 1
128 858 1
128 956 1
128 986 1
129 301 1
129 329 1
130 309 1
130 581 1
130 621 1
131 150 1
131 286 1
131 291 1
131 304 1
131 749 1
131 905 1
132 143 1
132 144 1
132 185 1
132 196 1
132 218 1
132 293 1
132 305 1
132 496 1
132 514 1
132 519 1
132 602 1
132 631 1
132 641 1
132 750 1
132 797 1
132 857 1
132 885 1
133 190 1
133 202 1
133 251 1
133 257 1
133 290 1
133 302 1
133 310 1
133 311 1
133 406 1
133 414 1
133 436 1
133 487 1
133 529 1
133 561 1
133 623 1
133 819 1
134 136 1
134 144 1
134 165 1
134 185 1
134 202 1
134 213 1
134 221 1
134 245 1
134 268 1
134 271 1
134 311 1
134 326 1
134 360 1
134 361 1
134 381 1
134 387 1
134 422 1
134 459 1
134 486 1
134 500 1
134 532 1
134 545 1
134 588 1
134 606 1
134 675 1
134 729 1
134 731 1
134 743 1
134 762 1
134 775 1
134 864 1
134 891 1
134 915 1
134 983 1
135 160 1
135 198 1
135 327 1
135 336 1
135 415 1
135 703 1
135 757 1
135 813 1
135 822 1
135 908 1
136 140 1
136 152 1
136 161 1
136 176 1
136 247 1
136 405 1
136 480 1
136 481 1
136 540 1
136 794 1
137 161 1
137 193 1
137 330 1
137 423 1
137 774 1
137 789 1
137 820 1
137 898 1
138 214 1
138 233 1
138 322 1
138 674 1
138 992 1
139 155 1
139 197 1
139 237 1
139 275 1
139 359 1
139 408 1
139 614 1
139 729 1
139 830 1
139 850 1
139 950 1
139 963 1
140 207 1
140 242 1
140 425 1
140 592 1
140 627 1
140 738 1
140 758 1
141 511 1
142 242 1
142 875 1
142 957 1
143 169 1
143 373 1
143 461 1
143 530 1
143 576 1
143 595 1
144 464 1
144 603 1
144 676 1
145 358 1
146 238 1
146 357 1
146 569 1
146 989 1
147 203 1
147 304 1
147 378 1
147 409 1
147 518 1
147 519 1
147 563 1
147 629 1
147 651 1
147 678 1
147 900 1
148 319 1
148 321 1
148 392 1
148 639 1
148 843 1
148 994 1
149 150 1
149 169 1
149 233 1
149 323 1
149 980 1
149 981 1
150 182 1
150 183 1
150 214 1
150 342 1
150 367 1
150 423 1
150 591 1
150 656 1
150 726 1
150 737 1
150 973 1
151 222 1
151 362 1
151 364 1
151 432 1
151 446 1
151 607 1
151 764 1
151 769 1
151 908 1
151 919 1
152 242 1
152 287 1
152 308 1
152 452 1
152 548 1
152 754 1
152 856 1
153 250 1
153 407 1
153 719 1
153 822 1
153 825 1
154 165 1
154 249 1
154 258 1
154 286 1
154 527 1
154 701 1
154 925 1
155 170 1
155 218 1
155 288 1
155 291 1
155 313 1
155 379 1
155 415 1
155 466 1
155 598 1
155 641 1
155 644 1
155 666 1
155 696 1
155 732 1
155 746 1
155 799 1
155 811 1
155 993 1
156 187 1
156 198 1
156 279 1
156 296 1
156 315 1
156 413 1
156 533 1
156 586 1
156 628 1
156 680 1
156 732 1
156 736 1
156 775 1
156 818 1
156 877 1
156 901 1
156 910 1
157 186 1
157 248 1
157 296 1
157 637 1
157 846 1
158 171 1
158 209 1
158 278 1
158 390 1
158 429 1
158 500 1
158 610 1
158 936 1
159 343 1
160 308 1
160 359 1
160 612 1
160 647 1
160 659 1
160 982 1
160 988 1
161 163 1
161 507 1
161 761 1
162 340 1
162 521 1
163 238 1
163 413 1
164 265 1
164 299 1
164 333 1
164 380 1
164 403 1
164 412 1
164 449 1
164 517 1
164 542 1
164 812 1
164 892 1
164 911 1
164 980 1
165 201 1
165 263 1
165 265 1
165 410 1
165 541 1
165 625 1
165 663 1
165 671 1
165 873 1
166 305 1
166 353 1
166 672 1
166 689 1
166 868 1
166 911 1
166 942 1
167 204 1
167 273 1
167 377 1
167 428 1
167 693 1
168 181 1
168 213 1
168 229 1
168 253 1
168 255 1
168 261 1
168 302 1
168 487 1
168 514 1
168 538 1
168 858 1
168 920 1
168 983 1
169 331 1
169 581 1
170 397 1
170 624 1
171 183 1
171 215 1
171 244 1
171 318 1
171 330 1
171 361 1
171 362 1
171 392 1
171 457 1
171 558 1
171 731 1
171 772 1
171 802 1
171 811 1
171 935 1
171 984 1
172 383 1
172 416 1
172 471 1
172 502 1
172 896 1
173 363 1
173 474 1
173 532 1
173 722 1
173 738 1
173 776 1
173 870 1
173 873 1
173 925 1
173 948 1
174 346 1
174 458 1
175 542 1
176 204 1
176 969 1
177 198 1
177 295 1
177 312 1
177 365 1
177 366 1
177 403 1
177 648 1
177 704 1
177 793 1
177 795 1
177 797 1
177 928 1
177 976 1
178 232 1
178 246 1
178 525 1
178 670 1
178 734 1
178 969 1
179 277 1
179 449 1
179 609 1
179 645 1
180 182 1
180 188 1
180 235 1
180 236 1
180 301 1
180 315 1
180 330 1
180 335 1
180 374 1
180 446 1
180 460 1
180 466 1
180 615 1
180 616 1
180 620 1
180 645 1
180 678 1
180 701 1
180 707 1
180 817 1
180 848 1
180 936 1
180 953 1
181 234 1
181 340 1
181 378 1
181 548 1
181 649 1
181 831 1
181 873 1
182 240 1
182 408 1
182 498 1
182 522 1
182 643 1
182 729 1
182 786 1
182 818 1
182 826 1
183 185 1
183 241 1
183 279 1
183 338 1
183 393 1
183 777 1
183 868 1
184 357 1
184 419 1
184 486 1
184 527 1
184 575 1
184 824 1
185 200 1
185 201 1
185 242 1
185 268 1
185 271 1
185 273 1
185 348 1
185 422 1
185 817 1
185 848 1
185 970 1
186 325 1
186 517 1
186 549 1
186 756 1
186 916 1
187 270 1
188 301 1
188 633 1
188 878 1
188 921 1
189 307 1
189 317 1
189 805 1
189 875 1
190 297 1
190 316 1
190 320 1
190 485 1
190 536 1
190 725 1
190 745 1
190 797 1
190 858 1
190 889 1
190 951 1
191 221 1
191 356 1
191 580 1
191 628 1
191 713 1
192 259 1
192 309 1
192 998 1
193 223 1
193 322 1
193 380 1
193 476 1
193 509 1
193 526 1
193 668 1
193 765 1
193 854 1
194 246 1
194 346 1
194 377 1
194 464 1
194 489 1
194 585 1
194 680 1
194 685 1
194 719 1
194 810 1
195 365 1
195 559 1
195 617 1
195 842 1
196 477 1
196 571 1
196 576 1
196 951 1
197 801 1
197 902 1
197 919 1
199 346 1
199 832 1
200 325 1
200 528 1
200 571 1
200 770 1
200 924 1
201 344 1
201 626 1
202 324 1
202 391 1
202 810 1
202 965 1
202 985 1
203 213 1
203 226 1
203 267 1
203 389 1
203 551 1
203 596 1
204 539 1
204 610 1
204 750 1
204 795 1
205 239 1
205 560 1
205 992 1
206 209 1
206 227 1
206 228 1
206 441 1
206 527 1
206 633 1
206 646 1
206 655 1
206 701 1
206 808 1
207 244 1
207 303 1
207 317 1
207 337 1
207 386 1
207 417 1
207 424 1
207 426 1
207 456 1
207 462 1
207 493 1
207 581 1
207 633 1
207 638 1
207 728 1
207 774 1
207 804 1
207 954 1
208 209 1
208 258 1
208 551 1
208 700 1
208 943 1
209 229 1
209 451 1
209 455 1
209 557 1
209 867 1
210 269 1
210 386 1
210 568 1
210 671 1
211 217 1
211 256 1
211 260 1
211 378 1
211 416 1
211 421 1
211 582 1
211 660 1
211 689 1
211 971 1
211 981 1
211 988 1
212 486 1
213 321 1
213 384 1
213 426 1
213 437 1
213 463 1
213 484 1
213 572 1
213 575 1
213 721 1
213 909 1
214 222 1
214 824 1
214 943 1
214 955 1
215 280 1
215 570 1
215 581 1
216 842 1
217 425 1
217 577 1
217 793 1
217 960 1
218 241 1
218 399 1
218 427 1
218 434 1
218 779 1
218 897 1
218 940 1
218 945 1
219 348 1
219 388 1
219 538 1
219 623 1
219 653 1
220 306 1
220 314 1
220 401 1
220 473 1
220 673 1
220 819 1
221 449 1
221 806 1
221 825 1
222 255 1
222 343 1
223 230 1
223 262 1
223 279 1
223 720 1
223 762 1
223 785 1
223 807 1
224 620 1
224 658 1
224 888 1
224 978 1
225 266 1
225 635 1
225 706 1
225 709 1
225 717 1
226 326 1
226 327 1
226 405 1
226 489 1
226 556 1
226 740 1
226 855 1
226 965 1
226 995 1
227 251 1
227 256 1
227 275 1
227 359 1
227 410 1
227 793 1
227 922 1
228 375 1
228 465 1
228 699 1
228 931 1
228 977 1
230 342 1
230 983 1
231 420 1
231 566 1
231 800 1
232 241 1
232 243 1
232 462 1
232 726 1
233 239 1
233 563 1
233 952 1
234 431 1
234 731 1
234 837 1
234 853 1
234 921 1
235 355 1
235 381 1
235 476 1
235 752 1
235 756 1
235 991 1
236 267 1
236 270 1
236 339 1
236 423 1
236 478 1
236 506 1
236 558 1
237 297 1
237 357 1
237 435 1
237 502 1
237 757 1
237 900 1
238 244 1
238 255 1
238 364 1
238 646 1
238 663 1
238 902 1
238 907 1
239 344 1
239 363 1
239 632 1
240 530 1
240 548 1
241 840 1
242 354 1
242 605 1
243 320 1
243 333 1
243 432 1
243 472 1
243 594 1
243 611 1
243 627 1
243 633 1
243 634 1
243 876 1
243 942 1
243 984 1
244 263 1
244 272 1
244 360 1
244 363 1
244 403 1
244 439 1
244 495 1
244 517 1
244 524 1
244 583 1
245 510 1
245 912 1
246 311 1
246 323 1
246 503 1
246 727 1
246 799 1
246 933 1
246 990 1
247 261 1
247 385 1
247 473 1
247 584 1
247 624 1
247 640 1
247 819 1
247 881 1
248 443 1
248 445 1
248 675 1
248 882 1
248 957 1
249 337 1
249 415 1
249 885 1
250 367 1
250 369 1
250 411 1
250 786 1
250 909 1
250 911 1
250 955 1
251 295 1
251 331 1
251 484 1
251 515 1
251 696 1
251 870 1
251 971 1
252 305 1
252 312 1
252 332 1
252 371 1
252 422 1
252 433 1
252 472 1
252 480 1
252 495 1
252 648 1
252 704 1
252 713 1
252 782 1
252 950 1
253 382 1
253 385 1
253 389 1
253 453 1
253 599 1
253 657 1
253 771 1
253 820 1
254 262 1
254 390 1
254 944 1
255 293 1
255 314 1
255 364 1
255 446 1
255 557 1
255 592 1
256 281 1
256 536 1
256 617 1
256 821 1
257 504 1
257 624 1
257 638 1
257 640 1
257 758 1
257 830 1
257 902 1
258 280 1
258 342 1
258 627 1
258 649 1
259 301 1
259 336 1
259 466 1
259 550 1
259 593 1
259 791 1
259 809 1
259 878 1
259 956 1
260 307 1
260 328 1
260 333 1
260 354 1
260 574 1
260 704 1
260 904 1
261 537 1
261 734 1
261 747 1
262 290 1
262 310 1
262 470 1
262 748 1
262 751 1
263 490 1
263 527 1
263 556 1
263 575 1
263 627 1
263 647 1
263 789 1
263 876 1
263 914 1
264 530 1
264 841 1
264 869 1
264 946 1
265 289 1
265 311 1
265 491 1
265 780 1
265 814 1
266 310 1
266 333 1
266 596 1
266 669 1
267 367 1
267 402 1
267 425 1
267 480 1
267 610 1
267 781 1
267 923 1
268 290 1
268 294 1
268 368 1
268 432 1
268 494 1
268 666 1
268 709 1
268 798 1
268 834 1
268 864 1
271 281 1
271 298 1
271 300 1
271 738 1
272 762 1
273 370 1
273 411 1
273 806 1
273 901 1
273 983 1
274 339 1
274 452 1
274 560 1
275 371 1
275 467 1
275 590 1
275 902 1
276 344 1
276 654 1
276 657 1
276 912 1
277 524 1
278 365 1
278 396 1
278 547 1
278 553 1
278 643 1
278 691 1
278 766 1
279 602 1
279 665 1
279 840 1
280 327 1
280 385 1
280 434 1
280 642 1
280 867 1
281 456 1
281 544 1
281 546 1
281 554 1
281 862 1
282 417 1
282 598 1
282 980 1
283 537 1
283 563 1
283 750 1
284 496 1
284 498 1
284 610 1
284 616 1
284 681 1
284 734 1
284 816 1
284 829 1
284 864 1
284 981 1
285 317 1
285 600 1
285 625 1
286 295 1
286 326 1
286 373 1
286 397 1
286 474 1
286 698 1
286 797 1
286 919 1
286 981 1
286 982 1
286 987 1
287 395 1
287 509 1
287 778 1
287 838 1
288 478 1
288 547 1
288 919 1
289 313 1
289 822 1
290 348 1
290 501 1
290 625 1
290 889 1
292 346 1
292 550 1
292 561 1
293 351 1
294 701 1
295 487 1
295 741 1
297 534 1
297 597 1
297 866 1
298 347 1
298 382 1
298 512 1
298 659 1
298 708 1
298 739 1
298 845 1
299 326 1
299 381 1
299 423 1
299 471 1
299 488 1
299 496 1
299 522 1
299 616 1
299 642 1
299 675 1
299 689 1
300 338 1
300 382 1
300 475 1
300 632 1
300 634 1
302 303 1
302 331 1
302 543 1
302 727 1
303 349 1
303 360 1
303 363 1
303 379 1
303 402 1
303 548 1
303 623 1
303 637 1
303 772 1
303 807 1
303 828 1
303 847 1
303 850 1
303 867 1
303 931 1
304 332 1
304 413 1
304 489 1
304 578 1
304 736 1
304 927 1
305 566 1
305 863 1
305 961 1
306 366 1
306 382 1
306 437 1
306 456 1
306 543 1
306 645 1
306 670 1
306 790 1
306 913 1
306 918 1
307 408 1
307 769 1
307 773 1
308 454 1
308 839 1
309 440 1
309 734 1
310 406 1
310 438 1
310 524 1
310 529 1
310 532 1
310 737 1
310 758 1
310 851 1
310 915 1
310 916 1
313 476 1
313 770 1
314 991 1
315 827 1
315 850 1
315 978 1
316 958 1
317 329 1
317 331 1
318 456 1
318 611 1
318 872 1
319 787 1
319 800 1
320 600 1
321 330 1
321 334 1
321 353 1
321 749 1
321 791 1
322 375 1
322 392 1
322 656 1
322 684 1
322 714 1
322 777 1
323 326 1
323 498 1
323 534 1
323 652 1
323 855 1
324 431 1
324 440 1
324 916 1
325 335 1
325 521 1
325 571 1
325 835 1
325 942 1
326 472 1
326 608 1
327 328 1
327 364 1
327 373 1
327 386 1
327 411 1
327 427 1
327 512 1
327 811 1
327 833 1
327 923 1
327 927 1
327 963 1
327 986 1
328 336 1
328 383 1
328 494 1
329 399 1
329 411 1
329 450 1
329 536 1
329 691 1
329 735 1
330 340 1
330 389 1
330 504 1
330 745 1
330 781 1
331 347 1
331 348 1
331 352 1
331 409 1
331 426 1
331 564 1
331 706 1
331 736 1
331 745 1
331 791 1
332 410 1
332 435 1
334 426 1
335 345 1
335 978 1
336 748 1
336 894 1
337 391 1
337 918 1
338 416 1
338 643 1
339 874 1
340 369 1
340 442 1
340 783 1
340 862 1
341 343 1
341 414 1
341 527 1
341 536 1
341 859 1
341 883 1
341 964 1
342 433 1
342 790 1
342 823 1
342 862 1
343 442 1
343 483 1
343 507 1
343 579 1
343 650 1
343 727 1
343 901 1
343 960 1
344 455 1
344 510 1
344 719 1
344 747 1
344 929 1
345 574 1
345 972 1
346 634 1
346 660 1
347 904 1
349 435 1
349 564 1
349 831 1
349 900 1
349 937 1
350 482 1
350 792 1
350 906 1
351 512 1
352 584 1
352 986 1
353 459 1
353 578 1
353 826 1
353 938 1
354 653 1
354 664 1
354 682 1
354 685 1
354 912 1
354 932 1
354 934 1
355 779 1
356 532 1
356 582 1
356 589 1
356 660 1
356 768 1
356 785 1
356 987 1
357 398 1
357 418 1
357 438 1
357 533 1
357 665 1
357 751 1
357 814 1
358 402 1
358 419 1
358 550 1
358 573 1
358 598 1
358 644 1
358 795 1
358 876 1
359 394 1
359 502 1
359 989 1
360 390 1
360 476 1
360 689 1
360 816 1
360 896 1
361 438 1
361 507 1
361 991 1
362 485 1
362 542 1
362 805 1
362 965 1
364 430 1
364 848 1
364 945 1
365 630 1
365 643 1
366 474 1
366 548 1
366 635 1
366 852 1
367 499 1
367 566 1
367 872 1
367 955 1
368 390 1
368 784 1
368 809 1
369 376 1
369 392 1
369 558 1
369 714 1
369 764 1
369 771 1
369 783 1
369 835 1
369 920 1
370 585 1
370 847 1
370 967 1
371 383 1
371 648 1
371 834 1
371 944 1
371 987 1
372 403 1
372 430 1
372 458 1
372 571 1
372 626 1
372 803 1
373 428 1
373 474 1
373 496 1
373 565 1
373 715 1
373 992 1
373 997 1
374 399 1
374 624 1
374 891 1
375 929 1
375 959 1
376 629 1
377 690 1
377 735 1
378 632 1
378 889 1
379 990 1
380 447 1
380 501 1
380 604 1
381 455 1
381 540 1
381 726 1
382 674 1
382 721 1
382 896 1
382 943 1
383 389 1
383 923 1
384 462 1
384 521 1
384 710 1
384 716 1
384 900 1
385 657 1
385 870 1
387 715 1
387 760 1
387 761 1
388 437 1
388 552 1
388 589 1
389 416 1
389 668 1
389 781 1
389 895 1
389 954 1
390 511 1
390 562 1
390 590 1
390 708 1
391 687 1
391 818 1
391 893 1
392 440 1
392 561 1
392 576 1
393 397 1
393 432 1
393 472 1
393 562 1
394 556 1
394 623 1
394 958 1
395 466 1
395 960 1
397 597 1
397 815 1
397 821 1
397 909 1
400 589 1
400 829 1
402 454 1
402 487 1
402 535 1
402 604 1
402 618 1
402 710 1
402 881 1
402 946 1
403 481 1
403 515 1
403 641 1
403 756 1
404 509 1
405 473 1
405 528 1
405 651 1
405 943 1
406 457 1
406 462 1
406 607 1
406 747 1
406 754 1
408 417 1
408 620 1
408 840 1
408 851 1
408 989 1
409 589 1
409 760 1
410 596 1
410 765 1
410 841 1
410 888 1
410 923 1
411 418 1
411 477 1
411 499 1
411 511 1
411 562 1
411 618 1
411 683 1
411 736 1
411 754 1
411 774 1
411 899 1
412 433 1
412 592 1
412 681 1
412 726 1
412 807 1
413 488 1
413 943 1
414 688 1
415 424 1
415 448 1
415 470 1
415 827 1
415 938 1
416 485 1
416 719 1
416 731 1
417 733 1
417 759 1
418 457 1
418 588 1
418 605 1
419 568 1
419 569 1
419 615 1
419 680 1
419 742 1
419 928 1
421 554 1
421 720 1
421 735 1
421 950 1
422 857 1
423 543 1
423 603 1
425 764 1
425 765 1
425 970 1
426 603 1
427 538 1
428 593 1
428 744 1
429 584 1
430 444 1
430 657 1
430 961 1
430 989 1
431 457 1
431 464 1
431 520 1
431 799 1
431 947 1
431 963 1
432 520 1
433 612 1
433 772 1
433 874 1
434 535 1
435 544 1
435 744 1
435 750 1
435 833 1
435 927 1
435 948 1
436 513 1
436 564 1
436 804 1
437 686 1
437 887 1
437 940 1
439 468 1
439 510 1
439 570 1
439 997 1
439 1000 1
440 776 1
441 744 1
443 861 1
443 897 1
444 803 1
447 594 1
447 595 1
447 738 1
448 753 1
448 793 1
449 458 1
449 708 1
450 463 1
450 747 1
450 869 1
451 684 1
451 685 1
452 724 1
452 778 1
452 786 1
452 895 1
452 907 1
452 934 1
453 553 1
453 712 1
454 772 1
455 698 1
455 703 1
455 910 1
455 936 1
455 957 1
456 802 1
457 549 1
457 552 1
457 577 1
457 879 1
457 964 1
458 856 1
459 539 1
459 876 1
459 927 1
460 712 1
460 741 1
463 519 1
463 907 1
463 979 1
464 467 1
464 576 1
464 723 1
465 528 1
465 775 1
466 560 1
466 654 1
466 767 1
467 713 1
468 639 1
468 661 1
468 776 1
468 784 1
468 966 1
468 974 1
469 481 1
469 843 1
469 979 1
470 473 1
471 652 1
471 773 1
472 539 1
473 555 1
473 939 1
474 637 1
474 718 1
474 771 1
474 785 1
475 559 1
475 613 1
475 638 1
475 656 1
475 734 1
475 739 1
475 753 1
475 887 1
475 976 1
476 590 1
476 619 1
476 828 1
478 492 1
478 693 1
478 850 1
478 962 1
478 991 1
479 529 1
479 535 1
479 691 1
479 708 1
480 898 1
480 999 1
481 529 1
481 534 1
481 836 1
483 559 1
483 661 1
483 702 1
483 743 1
483 763 1
483 874 1
484 975 1
485 523 1
485 622 1
486 886 1
486 972 1
487 552 1
487 768 1
489 913 1
489 979 1
491 586 1
492 497 1
493 814 1
493 838 1
494 576 1
495 589 1
495 707 1
495 716 1
495 964 1
496 572 1
496 583 1
498 688 1
498 859 1
498 885 1
498 932 1
499 520 1
500 546 1
500 622 1
500 696 1
500 856 1
501 663 1
502 563 1
502 614 1
502 710 1
502 926 1
504 541 1
504 605 1
504 707 1
504 806 1
504 891 1
505 668 1
505 720 1
505 783 1
505 893 1
506 531 1
506 605 1
506 645 1
507 513 1
507 559 1
508 647 1
508 788 1
509 607 1
509 665 1
509 807 1
510 545 1
510 695 1
510 952 1
511 541 1
512 538 1
512 545 1
512 960 1
513 522 1
513 636 1
513 691 1
515 711 1
518 546 1
518 577 1
518 992 1
520 690 1
520 881 1
520 952 1
522 739 1
522 741 1
523 614 1
523 857 1
524 827 1
524 948 1
525 824 1
526 844 1
527 658 1
527 712 1
527 834 1
529 534 1
529 684 1
529 908 1
529 998 1
530 650 1
531 945 1
532 775 1
533 689 1
533 886 1
534 894 1
535 681 1
535 740 1
535 789 1
536 855 1
536 926 1
539 650 1
539 728 1
539 733 1
539 755 1
539 836 1
539 860 1
540 607 1
540 838 1
541 694 1
541 884 1
541 953 1
542 667 1
542 858 1
544 550 1
544 585 1
544 706 1
545 782 1
546 603 1
546 611 1
547 697 1
547 729 1
547 820 1
548 679 1
548 753 1
548 826 1
549 664 1
549 676 1
549 804 1
550 580 1
550 716 1
550 849 1
550 951 1
551 677 1
551 820 1
552 626 1
554 660 1
554 818 1
558 948 1
559 615 1
559 850 1
560 608 1
560 682 1
560 818 1
560 920 1
561 994 1
562 716 1
563 918 1
563 953 1
564 837 1
564 899 1
566 692 1
566 879 1
566 926 1
567 763 1
568 573 1
569 578 1
569 705 1
569 711 1
569 836 1
569 884 1
569 961 1
569 994 1
571 642 1
573 996 1
574 684 1
574 916 1
577 825 1
578 629 1
579 816 1
579 977 1
580 688 1
580 853 1
581 681 1
581 788 1
583 703 1
583 822 1
583 872 1
583 906 1
584 647 1
584 677 1
584 915 1
584 979 1
587 630 1
587 752 1
588 605 1
588 610 1
588 745 1
588 773 1
588 930 1
589 708 1
590 811 1
590 832 1
590 864 1
591 621 1
591 654 1
591 830 1
591 856 1
591 972 1
594 636 1
596 789 1
597 672 1
597 692 1
597 927 1
598 787 1
598 893 1
601 711 1
602 730 1
602 813 1
602 931 1
604 801 1
606 655 1
606 837 1
607 890 1
608 802 1
608 940 1
608 962 1
609 706 1
609 978 1
610 638 1
610 699 1
611 698 1
611 792 1
611 977 1
612 837 1
614 635 1
615 787 1
616 888 1
616 984 1
617 917 1
618 669 1
619 671 1
619 891 1
619 994 1
619 996 1
621 856 1
623 637 1
623 831 1
624 790 1
625 972 1
626 763 1
626 812 1
626 992 1
627 753 1
628 630 1
628 872 1
628 965 1
632 682 1
632 857 1
634 695 1
634 715 1
634 842 1
634 988 1
635 669 1
635 866 1
635 968 1
636 843 1
637 866 1
639 867 1
639 944 1
640 737 1
641 939 1
643 676 1
643 908 1
643 939 1
644 906 1
645 673 1
645 840 1
646 667 1
646 687 1
646 784 1
647 851 1
649 721 1
651 692 1
651 886 1
652 717 1
654 679 1
654 794 1
656 685 1
657 683 1
657 723 1
658 822 1
659 702 1
659 872 1
662 823 1
662 976 1
662 995 1
663 696 1
663 737 1
663 778 1
663 787 1
664 674 1
665 686 1
665 725 1
669 725 1
669 883 1
670 794 1
671 771 1
671 865 1
673 704 1
675 791 1
676 770 1
676 894 1
678 934 1
680 802 1
680 833 1
680 841 1
681 931 1
681 1000 1
682 942 1
684 830 1
685 756 1
686 770 1
686 881 1
689 695 1
689 702 1
689 944 1
689 985 1
690 846 1
692 874 1
692 921 1
694 809 1
695 780 1
695 938 1
697 801 1
697 928 1
697 998 1
698 917 1
699 817 1
699 861 1
700 849 1
701 725 1
702 829 1
702 877 1
703 845 1
703 1000 1
704 968 1
704 977 1
705 849 1
706 770 1
706 924 1
708 839 1
708 928 1
708 950 1
710 796 1
710 835 1
711 860 1
711 937 1
713 947 1
713 999 1
714 950 1
715 836 1
715 906 1
716 779 1
716 790 1
717 816 1
717 871 1
720 788 1
721 831 1
722 748 1
722 885 1
722 941 1
723 732 1
723 799 1
726 860 1
728 848 1
728 973 1
728 982 1
729 751 1
730 875 1
731 752 1
731 936 1
732 803 1
732 852 1
733 764 1
733 892 1
733 993 1
733 998 1
738 863 1
738 869 1
740 897 1
740 966 1
741 792 1
741 954 1
741 973 1
743 782 1
743 784 1
745 964 1
748 828 1
749 890 1
752 854 1
756 813 1
756 932 1
756 934 1
756 990 1
758 759 1
758 809 1
762 940 1
762 967 1
770 854 1
771 867 1
771 962 1
772 882 1
774 941 1
779 933 1
781 821 1
782 899 1
785 809 1
787 915 1
789 823 1
791 835 1
792 819 1
792 892 1
793 915 1
795 913 1
797 993 1
813 988 1
819 957 1
821 955 1
824 855 1
824 889 1
828 905 1
832 834 1
833 836 1
834 906 1
836 844 1
837 949 1
841 890 1
841 958 1
841 976 1
842 903 1
846 988 1
847 880 1
850 914 1
852 903 1
857 892 1
857 907 1
858 886 1
858 994 1
859 873 1
860 904 1
860 914 1
861 882 1
863 934 1
864 892 1
864 924 1
867 953 1
870 973 1
873 930 1
874 912 1
878 951 1
880 914 1
881 897 1
881 913 1
889 938 1
901 980 1
905 974 1
908 913 1
926 963 1
927 986 1
928 929 1
933 975 1
943 980 1
949 959 1
949 962 1
950 961 1
950 970 1
955 1000 1
