1000 4975
1 2 1
1 3 1
1 4 1
1 5 1
1 6 1
1 7 1
1 8 1
1 9 1
1 10 1
1 12 1
1 13 1
1 17 1
1 23 1
1 25 1
1 26 1
1 31 1
1 33 1
1 34 1
1 41 1
1 44 1
1 45 1
1 47 1
1 53 1
1 58 1
1 61 1
1 64 1
1 67 1
1 68 1
1 71 1
1 72 1
1 75 1
1 82 1
1 87 1
1 93 1
1 96 1
1 99 1
1 102 1
1 109 1
1 111 1
1 115 1
1 118 1
1 120 1
1 127 1
1 137 1
1 165 1
1 198 1
1 213 1
1 220 1
1 233 1
1 238 1
1 245 1
1 259 1
1 260 1
1 265 1
1 302 1
1 307 1
1 310 1
1 315 1
1 330 1
1 338 1
1 339 1
1 365 1
1 372 1
1 385 1
1 458 1
1 490 1
1 503 1
1 511 1
1 538 1
1 576 1
1 594 1
1 610 1
1 612 1
1 616 1
1 618 1
1 623 1
1 650 1
1 677 1
1 717 1
1 771 1
1 786 1
1 857 1
1 870 1
1 886 1
1 914 1
1 979 1
1 986 1
1 992 1
2 7 1
2 9 1
2 12 1
2 37 1
2 38 1
2 40 1
2 43 1
2 46 1
2 51 1
2 65 1
2 66 1
2 89 1
2 128 1
2 130 1
2 135 1
2 140 1
2 146 1
2 154 1
2 203 1
2 207 1
2 217 1
2 220 1
2 265 1
2 271 1
2 314 1
2 330 1
2 403 1
2 452 1
2 458 1
2 552 1
2 564 1
2 652 1
2 702 1
2 736 1
2 822 1
2 834 1
2 875 1
2 976 1
3 7 1
3 8 1
3 12 1
3 14 1
3 15 1
3 16 1
3 17 1
3 22 1
3 29 1
3 36 1
3 58 1
3 76 1
3 80 1
3 81 1
3 88 1
3 107 1
3 136 1
3 167 1
3 170 1
3 197 1
3 230 1
3 233 1
3 239 1
3 257 1
3 267 1
3 271 1
3 284 1
3 288 1
3 295 1
3 297 1
3 302 1
3 373 1
3 402 1
3 428 1
3 450 1
3 455 1
3 493 1
3 531 1
3 578 1
3 579 1
3 593 1
3 598 1
3 627 1
3 651 1
3 676 1
3 748 1
3 754 1
3 784 1
3 794 1
3 817 1
3 927 1
3 998 1
4 7 1
4 8 1
4 9 1
4 11 1
4 15 1
4 28 1
4 35 1
4 36 1
4 38 1
4 50 1
4 69 1
4 101 1
4 105 1
4 120 1
4 134 1
4 150 1
4 166 1
4 252 1
4 306 1
4 362 1
4 386 1
4 431 1
4 583 1
4 633 1
4 719 1
4 941 1
5 10 1
5 12 1
5 13 1
5 14 1
5 18 1
5 21 1
5 26 1
5 32 1
5 33 1
5 41 1
5 47 1
5 49 1
5 52 1
5 70 1
5 108 1
5 135 1
5 136 1
5 137 1
5 143 1
5 156 1
5 171 1
5 175 1
5 193 1
5 194 1
5 202 1
5 204 1
5 209 1
5 266 1
5 289 1
5 321 1
5 324 1
5 332 1
5 377 1
5 390 1
5 408 1
5 448 1
5 451 1
5 554 1
5 574 1
5 716 1
5 786 1
5 788 1
5 812 1
5 819 1
5 832 1
5 868 1
5 948 1
5 957 1
6 7 1
6 8 1
6 9 1
6 10 1
6 14 1
6 16 1
6 24 1
6 35 1
6 40 1
6 41 1
6 46 1
6 51 1
6 65 1
6 74 1
6 77 1
6 79 1
6 80 1
6 84 1
6 88 1
6 93 1
6 98 1
6 100 1
6 108 1
6 117 1
6 128 1
6 147 1
6 156 1
6 158 1
6 186 1
6 190 1
6 195 1
6 200 1
6 208 1
6 218 1
6 220 1
6 275 1
6 284 1
6 288 1
6 347 1
6 349 1
6 361 1
6 369 1
6 384 1
6 413 1
6 434 1
6 565 1
6 579 1
6 604 1
6 607 1
6 649 1
6 654 1
6 656 1
6 665 1
6 691 1
6 700 1
6 730 1
6 736 1
6 740 1
6 748 1
6 821 1
6 823 1
6 827 1
6 854 1
6 856 1
6 882 1
6 910 1
6 920 1
6 976 1
6 986 1
7 8 1
7 11 1
7 12 1
7 16 1
7 19 1
7 20 1
7 23 1
7 35 1
7 42 1
7 54 1
7 57 1
7 62 1
7 68 1
7 73 1
7 100 1
7 109 1
7 126 1
7 134 1
7 136 1
7 143 1
7 160 1
7 169 1
7 183 1
7 186 1
7 241 1
7 250 1
7 251 1
7 256 1
7 277 1
7 279 1
7 281 1
7 286 1
7 323 1
7 331 1
7 334 1
7 340 1
7 342 1
7 353 1
7 354 1
7 363 1
7 404 1
7 433 1
7 454 1
7 479 1
7 480 1
7 526 1
7 560 1
7 713 1
7 742 1
7 848 1
7 889 1
7 900 1
7 926 1
7 994 1
7 997 1
8 9 1
8 10 1
8 11 1
8 13 1
8 14 1
8 18 1
8 19 1
8 20 1
8 21 1
8 23 1
8 25 1
8 26 1
8 27 1
8 31 1
8 36 1
8 37 1
8 42 1
8 45 1
8 47 1
8 48 1
8 52 1
8 54 1
8 56 1
8 59 1
8 66 1
8 67 1
8 72 1
8 74 1
8 76 1
8 79 1
8 92 1
8 94 1
8 132 1
8 134 1
8 139 1
8 142 1
8 157 1
8 165 1
8 174 1
8 175 1
8 177 1
8 189 1
8 200 1
8 214 1
8 223 1
8 241 1
8 292 1
8 293 1
8 304 1
8 326 1
8 340 1
8 380 1
8 407 1
8 418 1
8 425 1
8 439 1
8 447 1
8 449 1
8 454 1
8 462 1
8 475 1
8 481 1
8 494 1
8 503 1
8 512 1
8 526 1
8 547 1
8 587 1
8 590 1
8 615 1
8 638 1
8 655 1
8 668 1
8 679 1
8 718 1
8 721 1
8 740 1
8 744 1
8 762 1
8 767 1
8 821 1
8 865 1
8 877 1
8 891 1
8 900 1
8 901 1
8 917 1
8 935 1
8 937 1
8 950 1
8 958 1
8 979 1
8 997 1
9 10 1
9 11 1
9 13 1
9 14 1
9 15 1
9 18 1
9 19 1
9 21 1
9 22 1
9 23 1
9 24 1
9 27 1
9 30 1
9 31 1
9 34 1
9 35 1
9 42 1
9 43 1
9 44 1
9 45 1
9 47 1
9 48 1
9 49 1
9 58 1
9 63 1
9 64 1
9 65 1
9 75 1
9 76 1
9 80 1
9 81 1
9 85 1
9 88 1
9 89 1
9 90 1
9 101 1
9 103 1
9 106 1
9 109 1
9 110 1
9 115 1
9 119 1
9 122 1
9 129 1
9 150 1
9 151 1
9 163 1
9 173 1
9 182 1
9 187 1
9 197 1
9 198 1
9 202 1
9 206 1
9 212 1
9 216 1
9 217 1
9 232 1
9 241 1
9 251 1
9 273 1
9 274 1
9 278 1
9 279 1
9 288 1
9 294 1
9 308 1
9 311 1
9 312 1
9 313 1
9 326 1
9 339 1
9 361 1
9 364 1
9 388 1
9 390 1
9 395 1
9 402 1
9 403 1
9 407 1
9 410 1
9 413 1
9 416 1
9 437 1
9 439 1
9 448 1
9 469 1
9 477 1
9 487 1
9 498 1
9 500 1
9 517 1
9 519 1
9 522 1
9 552 1
9 569 1
9 573 1
9 581 1
9 583 1
9 605 1
9 607 1
9 632 1
9 634 1
9 646 1
9 666 1
9 670 1
9 680 1
9 697 1
9 768 1
9 780 1
9 858 1
9 876 1
9 896 1
9 898 1
9 915 1
9 921 1
9 965 1
9 972 1
9 986 1
10 11 1
10 13 1
10 15 1
10 27 1
10 53 1
10 61 1
10 83 1
10 98 1
10 110 1
10 115 1
10 120 1
10 135 1
10 147 1
10 176 1
10 178 1
10 191 1
10 198 1
10 213 1
10 240 1
10 250 1
10 281 1
10 325 1
10 330 1
10 332 1
10 369 1
10 387 1
10 398 1
10 551 1
10 569 1
10 640 1
10 672 1
10 820 1
10 821 1
10 859 1
10 866 1
10 879 1
11 17 1
11 18 1
11 29 1
11 30 1
11 32 1
11 34 1
11 46 1
11 47 1
11 49 1
11 61 1
11 69 1
11 85 1
11 96 1
11 102 1
11 120 1
11 125 1
11 162 1
11 179 1
11 200 1
11 208 1
11 211 1
11 224 1
11 229 1
11 231 1
11 253 1
11 263 1
11 267 1
11 274 1
11 275 1
11 286 1
11 304 1
11 366 1
11 383 1
11 386 1
11 389 1
11 391 1
11 406 1
11 410 1
11 411 1
11 421 1
11 424 1
11 438 1
11 454 1
11 460 1
11 475 1
11 516 1
11 532 1
11 533 1
11 622 1
11 626 1
11 651 1
11 662 1
11 675 1
11 755 1
11 777 1
11 781 1
11 804 1
11 831 1
11 894 1
11 942 1
11 951 1
11 962 1
11 990 1
11 1000 1
12 15 1
12 16 1
12 22 1
12 39 1
12 43 1
12 55 1
12 137 1
12 144 1
12 151 1
12 163 1
12 195 1
12 209 1
12 254 1
12 271 1
12 298 1
12 350 1
12 367 1
12 370 1
12 510 1
12 571 1
12 653 1
12 659 1
12 694 1
12 789 1
12 909 1
12 918 1
12 921 1
12 928 1
13 16 1
13 17 1
13 19 1
13 21 1
13 22 1
13 27 1
13 28 1
13 30 1
13 33 1
13 34 1
13 42 1
13 44 1
13 45 1
13 50 1
13 59 1
13 63 1
13 64 1
13 88 1
13 90 1
13 102 1
13 107 1
13 114 1
13 116 1
13 122 1
13 129 1
13 140 1
13 152 1
13 161 1
13 164 1
13 196 1
13 202 1
13 232 1
13 237 1
13 255 1
13 283 1
13 314 1
13 319 1
13 332 1
13 342 1
13 368 1
13 376 1
13 381 1
13 395 1
13 401 1
13 404 1
13 413 1
13 440 1
13 450 1
13 478 1
13 479 1
13 489 1
13 490 1
13 491 1
13 503 1
13 516 1
13 519 1
13 529 1
13 543 1
13 545 1
13 552 1
13 572 1
13 629 1
13 635 1
13 651 1
13 666 1
13 667 1
13 675 1
13 684 1
13 706 1
13 727 1
13 733 1
13 746 1
13 752 1
13 757 1
13 763 1
13 770 1
13 777 1
13 785 1
13 804 1
13 833 1
13 863 1
13 866 1
13 875 1
13 910 1
13 930 1
13 955 1
13 967 1
13 968 1
14 17 1
14 20 1
14 29 1
14 35 1
14 50 1
14 77 1
14 119 1
14 122 1
14 125 1
14 145 1
14 149 1
14 180 1
14 214 1
14 219 1
14 262 1
14 280 1
14 313 1
14 592 1
14 652 1
15 18 1
15 19 1
15 20 1
15 25 1
15 40 1
15 53 1
15 74 1
15 76 1
15 83 1
15 94 1
15 95 1
15 98 1
15 101 1
15 109 1
15 133 1
15 184 1
15 187 1
15 191 1
15 193 1
15 227 1
15 259 1
15 261 1
15 264 1
15 285 1
15 305 1
15 334 1
15 337 1
15 343 1
15 354 1
15 375 1
15 425 1
15 434 1
15 469 1
15 474 1
15 476 1
15 491 1
15 500 1
15 528 1
15 542 1
15 555 1
15 688 1
15 708 1
15 735 1
15 744 1
15 753 1
15 798 1
15 808 1
15 835 1
15 921 1
15 954 1
16 28 1
16 30 1
16 33 1
16 34 1
16 62 1
16 73 1
16 86 1
16 121 1
16 123 1
16 146 1
16 151 1
16 166 1
16 174 1
16 187 1
16 188 1
16 190 1
16 195 1
16 210 1
16 247 1
16 276 1
16 282 1
16 309 1
16 312 1
16 359 1
16 426 1
16 479 1
16 497 1
16 551 1
16 557 1
16 596 1
16 606 1
16 637 1
16 708 1
16 790 1
16 826 1
16 876 1
16 915 1
16 930 1
16 950 1
16 958 1
16 966 1
16 979 1
17 24 1
17 25 1
17 26 1
17 28 1
17 30 1
17 31 1
17 32 1
17 38 1
17 53 1
17 65 1
17 77 1
17 89 1
17 94 1
17 103 1
17 118 1
17 132 1
17 138 1
17 147 1
17 155 1
17 159 1
17 181 1
17 185 1
17 192 1
17 225 1
17 229 1
17 265 1
17 281 1
17 288 1
17 296 1
17 302 1
17 303 1
17 318 1
17 322 1
17 340 1
17 354 1
17 362 1
17 389 1
17 396 1
17 406 1
17 411 1
17 436 1
17 494 1
17 497 1
17 593 1
17 608 1
17 620 1
17 633 1
17 683 1
17 731 1
17 742 1
17 764 1
17 792 1
17 813 1
17 817 1
17 835 1
17 879 1
17 902 1
17 971 1
17 978 1
17 982 1
17 997 1
18 20 1
18 21 1
18 22 1
18 28 1
18 29 1
18 39 1
18 40 1
18 50 1
18 57 1
18 59 1
18 64 1
18 69 1
18 75 1
18 93 1
18 104 1
18 107 1
18 113 1
18 141 1
18 145 1
18 147 1
18 182 1
18 184 1
18 203 1
18 209 1
18 215 1
18 224 1
18 226 1
18 227 1
18 271 1
18 285 1
18 287 1
18 323 1
18 343 1
18 394 1
18 428 1
18 444 1
18 461 1
18 498 1
18 511 1
18 550 1
18 557 1
18 606 1
18 618 1
18 638 1
18 669 1
18 671 1
18 674 1
18 739 1
18 759 1
18 761 1
18 767 1
18 771 1
18 775 1
18 789 1
18 836 1
18 847 1
18 862 1
18 866 1
18 901 1
18 930 1
18 963 1
19 36 1
19 38 1
19 41 1
19 55 1
19 56 1
19 67 1
19 73 1
19 78 1
19 84 1
19 87 1
19 90 1
19 96 1
19 118 1
19 125 1
19 138 1
19 182 1
19 183 1
19 239 1
19 273 1
19 290 1
19 297 1
19 337 1
19 366 1
19 436 1
19 452 1
19 458 1
19 460 1
19 474 1
19 480 1
19 484 1
19 562 1
19 577 1
19 598 1
19 714 1
19 750 1
19 780 1
19 783 1
19 881 1
19 953 1
19 965 1
20 37 1
20 38 1
20 54 1
20 69 1
20 70 1
20 90 1
20 100 1
20 102 1
20 124 1
20 174 1
20 181 1
20 184 1
20 198 1
20 297 1
20 339 1
20 356 1
20 470 1
20 476 1
20 505 1
20 618 1
20 763 1
20 862 1
20 999 1
21 72 1
21 113 1
21 136 1
21 211 1
21 273 1
21 280 1
21 330 1
21 355 1
21 405 1
21 459 1
21 697 1
21 758 1
21 791 1
21 873 1
22 23 1
22 24 1
22 25 1
22 26 1
22 48 1
22 60 1
22 106 1
22 116 1
22 122 1
22 143 1
22 153 1
22 168 1
22 204 1
22 246 1
22 248 1
22 250 1
22 276 1
22 348 1
22 372 1
22 412 1
22 427 1
22 430 1
22 486 1
22 496 1
22 508 1
22 527 1
22 540 1
22 606 1
22 611 1
22 647 1
22 655 1
22 712 1
22 835 1
22 934 1
22 991 1
23 24 1
23 27 1
23 57 1
23 59 1
23 62 1
23 65 1
23 67 1
23 92 1
23 111 1
23 114 1
23 150 1
23 164 1
23 177 1
23 220 1
23 232 1
23 234 1
23 237 1
23 243 1
23 245 1
23 247 1
23 249 1
23 253 1
23 279 1
23 303 1
23 315 1
23 338 1
23 357 1
23 364 1
23 370 1
23 423 1
23 438 1
23 460 1
23 517 1
23 539 1
23 548 1
23 568 1
23 570 1
23 658 1
23 660 1
23 723 1
23 772 1
23 803 1
23 813 1
23 900 1
23 951 1
23 960 1
24 32 1
24 33 1
24 91 1
24 101 1
24 108 1
24 151 1
24 155 1
24 183 1
24 229 1
24 248 1
24 266 1
24 300 1
24 305 1
24 344 1
24 355 1
24 358 1
24 393 1
24 399 1
24 556 1
24 592 1
24 627 1
24 644 1
24 731 1
24 867 1
25 49 1
25 52 1
25 69 1
25 83 1
25 85 1
25 104 1
25 127 1
25 160 1
25 197 1
25 238 1
25 240 1
25 312 1
25 348 1
25 376 1
25 422 1
25 442 1
25 446 1
25 453 1
25 504 1
25 572 1
25 688 1
25 711 1
25 751 1
25 769 1
25 816 1
26 32 1
26 37 1
26 52 1
26 80 1
26 97 1
26 126 1
26 143 1
26 148 1
26 208 1
26 267 1
26 281 1
26 367 1
26 383 1
26 417 1
26 452 1
26 461 1
26 488 1
26 502 1
26 563 1
26 614 1
26 639 1
26 641 1
26 716 1
26 726 1
26 729 1
26 768 1
26 800 1
27 29 1
27 39 1
27 43 1
27 53 1
27 56 1
27 87 1
27 94 1
27 103 1
27 113 1
27 156 1
27 159 1
27 162 1
27 194 1
27 196 1
27 270 1
27 293 1
27 305 1
27 314 1
27 318 1
27 325 1
27 326 1
27 348 1
27 370 1
27 491 1
27 502 1
27 648 1
27 653 1
27 704 1
27 886 1
28 36 1
28 40 1
28 60 1
28 74 1
28 79 1
28 92 1
28 95 1
28 108 1
28 110 1
28 112 1
28 121 1
28 144 1
28 176 1
28 205 1
28 216 1
28 238 1
28 261 1
28 325 1
28 617 1
28 624 1
28 700 1
28 748 1
28 893 1
28 919 1
29 37 1
29 41 1
29 54 1
29 79 1
29 106 1
29 112 1
29 129 1
29 136 1
29 152 1
29 176 1
29 177 1
29 180 1
29 235 1
29 258 1
29 289 1
29 309 1
29 450 1
29 471 1
29 528 1
29 563 1
29 571 1
29 757 1
29 825 1
29 871 1
29 914 1
29 916 1
29 936 1
29 947 1
30 31 1
30 48 1
30 62 1
30 72 1
30 86 1
30 108 1
30 227 1
30 272 1
30 280 1
30 308 1
30 730 1
30 757 1
30 828 1
30 848 1
30 849 1
30 933 1
31 39 1
31 54 1
31 61 1
31 97 1
31 117 1
31 139 1
31 158 1
31 249 1
31 267 1
31 380 1
31 383 1
31 390 1
31 404 1
31 428 1
31 432 1
31 445 1
31 512 1
31 539 1
31 541 1
31 565 1
31 575 1
31 583 1
31 604 1
31 630 1
31 677 1
31 683 1
31 687 1
31 740 1
31 882 1
32 43 1
32 52 1
32 60 1
32 71 1
32 167 1
32 193 1
32 216 1
32 248 1
32 256 1
32 299 1
32 304 1
32 444 1
32 463 1
32 564 1
32 732 1
32 906 1
32 908 1
33 74 1
33 96 1
33 192 1
33 213 1
33 263 1
33 416 1
33 421 1
33 516 1
33 567 1
33 605 1
33 659 1
33 688 1
33 696 1
33 881 1
33 943 1
33 949 1
34 46 1
34 149 1
34 253 1
34 386 1
34 387 1
34 496 1
34 868 1
35 63 1
35 68 1
35 84 1
35 157 1
35 317 1
35 322 1
35 443 1
35 456 1
35 622 1
35 624 1
35 751 1
35 878 1
35 955 1
36 55 1
36 89 1
36 99 1
36 103 1
36 109 1
36 119 1
36 121 1
36 130 1
36 132 1
36 169 1
36 172 1
36 193 1
36 282 1
36 289 1
36 310 1
36 350 1
36 354 1
36 369 1
36 419 1
36 441 1
36 462 1
36 555 1
36 586 1
36 593 1
36 645 1
36 714 1
36 740 1
36 770 1
36 789 1
36 812 1
36 871 1
36 968 1
37 51 1
37 64 1
37 95 1
37 156 1
37 272 1
37 285 1
37 300 1
37 328 1
37 333 1
37 440 1
37 442 1
37 446 1
37 494 1
37 533 1
37 558 1
37 576 1
37 580 1
37 619 1
37 980 1
38 39 1
38 44 1
38 57 1
38 59 1
38 75 1
38 92 1
38 95 1
38 111 1
38 119 1
38 131 1
38 160 1
38 164 1
38 171 1
38 179 1
38 195 1
38 212 1
38 240 1
38 248 1
38 251 1
38 262 1
38 294 1
38 320 1
38 342 1
38 346 1
38 380 1
38 502 1
38 507 1
38 527 1
38 580 1
38 722 1
38 724 1
38 758 1
38 759 1
38 827 1
38 837 1
38 845 1
38 865 1
38 930 1
38 951 1
39 44 1
39 49 1
39 50 1
39 66 1
39 81 1
39 125 1
39 141 1
39 142 1
39 143 1
39 159 1
39 163 1
39 165 1
39 234 1
39 288 1
39 306 1
39 373 1
39 393 1
39 411 1
39 433 1
39 462 1
39 506 1
39 525 1
39 551 1
39 566 1
39 572 1
39 584 1
39 597 1
39 702 1
39 779 1
39 818 1
39 823 1
39 914 1
39 953 1
40 51 1
40 95 1
40 99 1
40 130 1
40 154 1
40 157 1
40 161 1
40 163 1
40 190 1
40 221 1
40 263 1
40 397 1
40 399 1
40 407 1
40 437 1
40 463 1
40 589 1
40 610 1
40 643 1
40 719 1
40 724 1
40 747 1
40 907 1
41 42 1
41 67 1
41 85 1
41 102 1
41 119 1
41 121 1
41 123 1
41 139 1
41 155 1
41 168 1
41 202 1
41 225 1
41 228 1
41 289 1
41 348 1
41 397 1
41 412 1
41 474 1
41 486 1
41 519 1
41 523 1
41 626 1
41 683 1
41 707 1
41 721 1
41 736 1
41 744 1
41 772 1
41 783 1
41 865 1
41 902 1
41 952 1
42 58 1
42 71 1
42 118 1
42 133 1
42 135 1
42 138 1
42 165 1
42 169 1
42 173 1
42 181 1
42 201 1
42 249 1
42 252 1
42 284 1
42 322 1
42 396 1
42 427 1
42 456 1
42 487 1
42 523 1
42 544 1
42 573 1
42 616 1
42 724 1
42 798 1
42 845 1
42 881 1
42 897 1
42 918 1
42 959 1
42 992 1
43 45 1
43 48 1
43 51 1
43 68 1
43 70 1
43 71 1
43 78 1
43 86 1
43 104 1
43 105 1
43 124 1
43 128 1
43 184 1
43 185 1
43 188 1
43 189 1
43 201 1
43 212 1
43 231 1
43 238 1
43 241 1
43 257 1
43 272 1
43 283 1
43 297 1
43 347 1
43 356 1
43 373 1
43 432 1
43 507 1
43 513 1
43 543 1
43 576 1
43 632 1
43 663 1
43 709 1
43 760 1
43 829 1
43 881 1
43 916 1
43 944 1
43 969 1
43 970 1
44 63 1
44 77 1
44 81 1
44 116 1
44 117 1
44 125 1
44 141 1
44 142 1
44 146 1
44 153 1
44 180 1
44 223 1
44 226 1
44 304 1
44 320 1
44 356 1
44 394 1
44 403 1
44 452 1
44 472 1
44 511 1
44 513 1
44 605 1
44 684 1
44 690 1
44 707 1
44 733 1
44 814 1
44 880 1
44 886 1
44 901 1
44 904 1
44 955 1
44 963 1
45 46 1
45 55 1
45 56 1
45 60 1
45 62 1
45 100 1
45 104 1
45 112 1
45 124 1
45 162 1
45 190 1
45 207 1
45 222 1
45 234 1
45 249 1
45 258 1
45 262 1
45 319 1
45 414 1
45 425 1
45 430 1
45 443 1
45 453 1
45 518 1
45 535 1
45 678 1
45 680 1
45 750 1
45 833 1
45 864 1
45 871 1
45 872 1
45 887 1
45 891 1
45 923 1
45 931 1
45 937 1
45 946 1
46 73 1
46 144 1
46 145 1
46 260 1
46 329 1
46 398 1
46 447 1
46 888 1
47 66 1
47 70 1
47 72 1
47 99 1
47 110 1
47 120 1
47 135 1
47 139 1
47 178 1
47 203 1
47 218 1
47 281 1
47 427 1
47 429 1
47 431 1
47 610 1
47 647 1
47 735 1
47 793 1
47 878 1
47 935 1
47 989 1
48 71 1
48 92 1
48 105 1
48 199 1
48 305 1
48 341 1
48 363 1
48 466 1
48 553 1
48 609 1
48 688 1
48 786 1
48 815 1
48 846 1
48 888 1
48 899 1
48 906 1
48 973 1
49 68 1
49 85 1
49 89 1
49 117 1
49 123 1
49 178 1
49 206 1
49 241 1
49 257 1
49 261 1
49 299 1
49 315 1
49 347 1
49 349 1
49 371 1
49 395 1
49 402 1
49 425 1
49 456 1
49 460 1
49 462 1
49 473 1
49 497 1
49 513 1
49 518 1
49 526 1
49 600 1
49 613 1
49 696 1
49 716 1
49 870 1
49 917 1
49 977 1
50 56 1
50 78 1
50 90 1
50 91 1
50 146 1
50 149 1
50 160 1
50 227 1
50 239 1
50 355 1
50 375 1
50 423 1
50 542 1
50 566 1
50 568 1
50 853 1
50 868 1
50 936 1
50 952 1
50 1000 1
51 82 1
51 98 1
51 111 1
51 134 1
51 140 1
51 141 1
51 164 1
51 255 1
51 326 1
51 327 1
51 335 1
51 351 1
51 355 1
51 443 1
51 486 1
51 584 1
51 617 1
51 649 1
51 663 1
51 694 1
51 723 1
51 782 1
51 877 1
51 897 1
52 55 1
52 57 1
52 61 1
52 91 1
52 126 1
52 153 1
52 183 1
52 272 1
52 285 1
52 307 1
52 331 1
52 368 1
52 374 1
52 464 1
52 467 1
52 523 1
52 588 1
52 596 1
52 690 1
52 693 1
52 729 1
52 740 1
52 753 1
52 849 1
52 945 1
53 83 1
53 84 1
53 112 1
53 114 1
53 133 1
53 154 1
53 185 1
53 219 1
53 433 1
53 435 1
53 591 1
53 677 1
53 717 1
53 764 1
53 873 1
53 923 1
54 58 1
54 97 1
54 168 1
54 194 1
54 233 1
54 427 1
54 438 1
54 446 1
54 520 1
54 521 1
54 578 1
54 666 1
54 683 1
54 720 1
54 834 1
54 885 1
55 73 1
55 76 1
55 82 1
55 91 1
55 93 1
55 94 1
55 150 1
55 153 1
55 174 1
55 204 1
55 222 1
55 224 1
55 225 1
55 226 1
55 254 1
55 256 1
55 263 1
55 309 1
55 317 1
55 351 1
55 358 1
55 383 1
55 406 1
55 450 1
55 509 1
55 522 1
55 539 1
55 573 1
55 604 1
55 642 1
55 710 1
55 746 1
55 801 1
55 860 1
55 928 1
55 984 1
56 79 1
56 91 1
56 98 1
56 131 1
56 173 1
56 244 1
56 268 1
56 270 1
56 285 1
56 347 1
56 353 1
56 368 1
56 378 1
56 392 1
56 402 1
56 426 1
56 471 1
56 498 1
56 524 1
56 525 1
56 535 1
56 600 1
56 602 1
56 611 1
56 654 1
56 671 1
56 730 1
56 816 1
56 898 1
56 976 1
56 999 1
57 60 1
57 166 1
57 177 1
57 320 1
57 562 1
57 594 1
57 637 1
57 668 1
57 749 1
57 843 1
57 905 1
57 913 1
57 967 1
58 121 1
58 126 1
58 234 1
58 350 1
58 392 1
58 402 1
58 457 1
58 706 1
58 851 1
58 998 1
59 99 1
59 170 1
59 187 1
59 203 1
59 207 1
59 215 1
59 228 1
59 283 1
59 602 1
59 606 1
59 622 1
59 653 1
59 656 1
59 687 1
59 690 1
59 833 1
59 944 1
60 66 1
60 78 1
60 116 1
60 127 1
60 161 1
60 167 1
60 180 1
60 215 1
60 279 1
60 290 1
60 294 1
60 307 1
60 382 1
60 422 1
60 428 1
60 434 1
60 479 1
60 520 1
60 585 1
60 622 1
60 631 1
60 635 1
60 739 1
60 750 1
60 786 1
60 817 1
60 897 1
60 900 1
60 912 1
61 138 1
61 212 1
61 224 1
61 326 1
61 360 1
61 398 1
61 681 1
61 844 1
62 63 1
62 80 1
62 118 1
62 191 1
62 235 1
62 312 1
62 322 1
62 391 1
62 457 1
62 523 1
62 537 1
62 553 1
62 616 1
62 635 1
62 660 1
62 701 1
62 825 1
62 874 1
62 889 1
62 919 1
63 84 1
63 103 1
63 161 1
63 222 1
63 227 1
63 345 1
63 444 1
63 489 1
63 596 1
63 737 1
63 903 1
64 78 1
64 148 1
64 218 1
64 258 1
64 289 1
64 300 1
64 367 1
64 384 1
64 492 1
64 538 1
64 597 1
64 758 1
64 774 1
64 931 1
65 96 1
65 201 1
65 546 1
65 567 1
66 111 1
66 148 1
66 170 1
66 179 1
66 180 1
66 192 1
66 225 1
66 248 1
66 301 1
66 345 1
66 404 1
66 441 1
66 492 1
66 590 1
66 673 1
66 686 1
66 703 1
66 796 1
67 70 1
67 82 1
67 107 1
67 112 1
67 142 1
67 150 1
67 211 1
67 223 1
67 238 1
67 291 1
67 315 1
67 323 1
67 396 1
67 397 1
67 430 1
67 444 1
67 458 1
67 539 1
67 598 1
67 600 1
67 640 1
67 668 1
67 681 1
67 691 1
67 698 1
67 752 1
67 769 1
67 883 1
68 77 1
68 129 1
68 178 1
68 185 1
68 203 1
68 225 1
68 430 1
68 433 1
68 434 1
68 546 1
68 623 1
68 652 1
68 666 1
68 733 1
68 754 1
68 755 1
68 780 1
68 799 1
68 934 1
69 224 1
69 337 1
69 550 1
69 640 1
69 672 1
69 819 1
69 855 1
69 861 1
69 964 1
70 86 1
70 93 1
70 107 1
70 146 1
70 151 1
70 189 1
70 217 1
70 220 1
70 254 1
70 255 1
70 290 1
70 303 1
70 741 1
70 752 1
70 801 1
70 841 1
70 853 1
71 207 1
71 246 1
71 344 1
71 359 1
71 660 1
71 710 1
71 768 1
71 881 1
71 898 1
71 908 1
71 952 1
72 75 1
72 88 1
72 97 1
72 101 1
72 106 1
72 130 1
72 132 1
72 152 1
72 162 1
72 171 1
72 206 1
72 217 1
72 291 1
72 293 1
72 313 1
72 360 1
72 366 1
72 389 1
72 411 1
72 508 1
72 532 1
72 580 1
72 589 1
72 652 1
72 732 1
72 827 1
72 832 1
72 926 1
72 927 1
72 928 1
72 959 1
73 168 1
73 853 1
74 81 1
74 87 1
74 113 1
74 114 1
74 115 1
74 117 1
74 145 1
74 163 1
74 182 1
74 346 1
74 488 1
74 494 1
74 557 1
74 600 1
74 601 1
74 686 1
74 739 1
74 785 1
74 802 1
74 998 1
75 105 1
75 141 1
75 181 1
75 185 1
75 190 1
75 200 1
75 211 1
75 214 1
75 237 1
75 470 1
75 499 1
75 554 1
75 563 1
75 595 1
75 643 1
75 657 1
75 729 1
75 840 1
75 938 1
75 939 1
76 86 1
76 123 1
76 132 1
76 191 1
76 196 1
76 233 1
76 235 1
76 321 1
76 327 1
76 416 1
76 448 1
76 506 1
76 524 1
76 528 1
76 529 1
76 612 1
76 633 1
76 789 1
76 808 1
77 138 1
77 153 1
77 158 1
77 210 1
77 257 1
77 304 1
77 383 1
77 446 1
77 581 1
77 663 1
77 717 1
77 810 1
77 925 1
78 87 1
78 148 1
78 158 1
78 182 1
78 382 1
78 421 1
78 434 1
78 483 1
78 871 1
78 966 1
78 980 1
79 82 1
79 155 1
79 405 1
79 442 1
79 459 1
79 547 1
79 691 1
79 821 1
79 823 1
80 83 1
80 123 1
80 130 1
80 155 1
80 157 1
80 172 1
80 188 1
80 189 1
80 212 1
80 243 1
80 246 1
80 327 1
80 360 1
80 394 1
80 417 1
80 471 1
80 494 1
80 549 1
80 699 1
80 841 1
80 856 1
80 864 1
81 126 1
81 128 1
81 148 1
81 530 1
81 708 1
81 799 1
81 978 1
81 986 1
82 312 1
82 658 1
82 705 1
82 714 1
83 177 1
83 205 1
83 299 1
84 313 1
84 377 1
84 429 1
84 476 1
84 625 1
84 912 1
85 97 1
85 110 1
85 219 1
85 351 1
85 409 1
85 558 1
85 600 1
85 645 1
85 825 1
85 908 1
86 202 1
86 250 1
86 298 1
86 358 1
86 468 1
86 493 1
86 878 1
86 953 1
87 124 1
87 206 1
87 293 1
87 334 1
87 403 1
87 481 1
87 638 1
87 656 1
87 946 1
88 116 1
88 222 1
88 259 1
88 269 1
88 270 1
88 346 1
88 380 1
88 482 1
88 485 1
88 537 1
88 609 1
88 816 1
88 885 1
88 959 1
89 595 1
89 815 1
89 937 1
90 184 1
90 242 1
90 372 1
90 377 1
90 508 1
90 593 1
90 750 1
91 204 1
91 529 1
91 612 1
91 755 1
91 781 1
91 828 1
91 834 1
92 236 1
92 269 1
92 306 1
92 352 1
92 421 1
92 554 1
92 693 1
92 705 1
92 777 1
92 801 1
92 826 1
92 850 1
93 104 1
93 127 1
93 175 1
93 677 1
93 738 1
93 924 1
93 972 1
94 183 1
94 186 1
94 243 1
94 254 1
94 259 1
94 262 1
94 284 1
94 319 1
94 350 1
94 394 1
94 431 1
94 490 1
94 660 1
94 779 1
94 809 1
94 813 1
94 856 1
94 976 1
95 100 1
95 197 1
95 207 1
95 209 1
95 223 1
95 347 1
95 407 1
95 577 1
95 613 1
95 809 1
95 895 1
96 154 1
96 175 1
96 196 1
96 252 1
96 372 1
96 527 1
96 590 1
96 625 1
96 676 1
96 737 1
96 800 1
96 857 1
96 869 1
96 887 1
96 995 1
97 173 1
97 268 1
97 301 1
97 397 1
97 412 1
97 448 1
97 641 1
97 858 1
97 891 1
97 974 1
98 106 1
98 208 1
98 277 1
98 466 1
98 498 1
98 579 1
98 649 1
98 674 1
98 872 1
98 946 1
99 172 1
99 198 1
99 236 1
99 246 1
99 247 1
99 265 1
99 277 1
99 328 1
99 342 1
99 413 1
99 430 1
99 482 1
99 570 1
99 591 1
99 830 1
100 115 1
100 124 1
100 145 1
100 157 1
100 186 1
100 215 1
100 255 1
100 332 1
100 534 1
100 589 1
100 662 1
100 778 1
100 834 1
100 946 1
100 970 1
100 977 1
100 980 1
101 229 1
101 836 1
101 886 1
101 965 1
102 197 1
102 334 1
102 379 1
102 480 1
102 520 1
102 590 1
102 713 1
102 735 1
102 738 1
103 105 1
103 113 1
103 114 1
103 164 1
103 167 1
103 210 1
103 215 1
103 219 1
103 221 1
103 256 1
103 270 1
103 295 1
103 298 1
103 316 1
103 339 1
103 341 1
103 393 1
103 470 1
103 524 1
103 604 1
103 723 1
103 753 1
103 800 1
103 808 1
103 878 1
103 942 1
104 133 1
104 166 1
104 453 1
104 477 1
104 619 1
104 669 1
104 790 1
104 804 1
104 982 1
105 127 1
105 129 1
105 188 1
105 194 1
105 245 1
105 422 1
105 424 1
105 436 1
105 460 1
105 501 1
105 556 1
105 563 1
105 609 1
105 635 1
105 677 1
105 698 1
105 776 1
105 796 1
105 849 1
105 1000 1
106 168 1
106 272 1
106 411 1
106 510 1
106 664 1
106 725 1
106 807 1
106 861 1
106 910 1
106 956 1
107 175 1
107 201 1
107 495 1
107 778 1
107 780 1
107 800 1
107 956 1
107 971 1
108 161 1
108 210 1
108 213 1
108 357 1
108 364 1
108 544 1
108 566 1
108 611 1
108 620 1
108 723 1
108 839 1
109 172 1
109 179 1
109 317 1
109 337 1
109 361 1
109 511 1
109 559 1
109 596 1
109 659 1
109 680 1
109 713 1
109 848 1
109 899 1
110 244 1
110 424 1
110 440 1
110 445 1
110 528 1
110 536 1
110 543 1
110 617 1
110 628 1
110 761 1
110 925 1
111 152 1
111 296 1
111 387 1
111 574 1
111 749 1
112 218 1
112 319 1
112 496 1
112 512 1
112 713 1
113 243 1
113 292 1
113 374 1
113 388 1
113 771 1
113 807 1
113 895 1
114 299 1
114 823 1
114 863 1
114 995 1
115 149 1
115 244 1
115 337 1
115 682 1
115 797 1
115 911 1
116 128 1
116 214 1
116 230 1
116 283 1
116 292 1
116 400 1
116 843 1
117 140 1
117 170 1
117 282 1
117 517 1
117 602 1
117 719 1
117 747 1
117 765 1
117 805 1
117 895 1
118 251 1
118 293 1
118 335 1
119 154 1
119 276 1
119 365 1
119 372 1
119 503 1
119 562 1
119 925 1
120 144 1
120 199 1
120 213 1
120 467 1
120 619 1
120 648 1
120 679 1
120 763 1
120 884 1
121 122 1
121 139 1
121 142 1
121 167 1
121 174 1
121 199 1
121 228 1
121 231 1
121 244 1
121 261 1
121 384 1
121 422 1
121 500 1
121 561 1
121 661 1
121 675 1
121 679 1
121 697 1
121 741 1
121 902 1
121 912 1
122 134 1
122 178 1
122 189 1
122 344 1
122 368 1
122 548 1
122 729 1
122 851 1
123 131 1
123 472 1
123 899 1
124 131 1
124 160 1
124 169 1
124 176 1
124 373 1
124 381 1
124 760 1
125 131 1
125 144 1
125 156 1
125 159 1
125 231 1
125 374 1
125 395 1
125 415 1
125 429 1
125 459 1
125 466 1
125 480 1
125 546 1
125 549 1
125 585 1
125 611 1
125 621 1
125 650 1
125 704 1
125 727 1
125 816 1
125 902 1
126 230 1
126 314 1
126 389 1
126 509 1
126 749 1
127 158 1
127 159 1
127 162 1
127 196 1
127 254 1
127 274 1
127 320 1
127 343 1
127 533 1
127 545 1
127 861 1
127 911 1
128 140 1
128 152 1
128 193 1
128 330 1
128 426 1
128 442 1
128 455 1
128 477 1
128 689 1
128 843 1
128 958 1
129 137 1
129 205 1
129 252 1
129 515 1
129 639 1
129 642 1
129 706 1
129 939 1
129 1000 1
130 133 1
130 195 1
130 377 1
130 478 1
130 543 1
131 176 1
131 206 1
131 344 1
131 409 1
131 414 1
131 419 1
131 526 1
131 564 1
131 731 1
131 845 1
131 854 1
131 941 1
132 149 1
132 171 1
132 295 1
132 301 1
132 308 1
132 310 1
132 325 1
132 555 1
132 685 1
132 783 1
132 844 1
132 931 1
133 516 1
133 544 1
134 137 1
134 169 1
134 186 1
134 228 1
134 232 1
134 239 1
134 260 1
134 299 1
134 309 1
134 321 1
134 362 1
134 420 1
134 433 1
134 443 1
134 450 1
134 579 1
134 630 1
134 657 1
134 693 1
134 751 1
134 759 1
134 978 1
135 412 1
135 621 1
135 698 1
136 338 1
136 423 1
136 483 1
136 492 1
136 565 1
136 603 1
136 653 1
136 736 1
136 749 1
136 847 1
136 993 1
137 309 1
138 173 1
138 223 1
138 277 1
138 360 1
138 414 1
138 440 1
138 489 1
138 616 1
138 812 1
138 894 1
138 961 1
139 181 1
139 199 1
139 256 1
139 258 1
139 286 1
139 352 1
139 358 1
139 370 1
139 410 1
139 487 1
139 632 1
139 766 1
139 840 1
139 880 1
139 996 1
140 192 1
140 208 1
140 211 1
140 269 1
140 375 1
140 388 1
140 398 1
140 487 1
140 506 1
140 588 1
140 645 1
140 747 1
140 786 1
140 933 1
140 977 1
141 251 1
141 385 1
141 389 1
141 594 1
141 613 1
141 745 1
141 917 1
142 166 1
142 431 1
142 501 1
142 720 1
142 778 1
142 989 1
142 996 1
143 147 1
143 209 1
143 258 1
143 626 1
143 716 1
143 839 1
143 877 1
143 957 1
143 970 1
144 307 1
144 399 1
144 473 1
144 624 1
144 899 1
144 988 1
144 990 1
145 170 1
145 205 1
145 242 1
145 365 1
145 506 1
145 612 1
145 621 1
145 725 1
145 761 1
145 783 1
145 858 1
145 908 1
146 375 1
146 609 1
146 643 1
146 721 1
146 990 1
147 226 1
147 228 1
147 273 1
148 319 1
148 654 1
148 700 1
148 864 1
148 872 1
149 274 1
149 300 1
149 522 1
149 634 1
149 663 1
149 717 1
149 722 1
149 779 1
150 205 1
150 242 1
150 260 1
150 278 1
150 280 1
150 332 1
150 384 1
150 401 1
150 418 1
150 455 1
150 486 1
150 514 1
150 535 1
150 628 1
150 743 1
150 773 1
150 836 1
150 921 1
150 943 1
150 977 1
151 187 1
151 244 1
151 306 1
151 353 1
151 477 1
151 581 1
151 618 1
151 948 1
152 218 1
152 369 1
152 728 1
153 431 1
153 647 1
153 916 1
154 245 1
154 408 1
154 722 1
154 752 1
154 940 1
154 983 1
155 295 1
155 409 1
155 463 1
155 470 1
155 518 1
155 717 1
155 820 1
155 908 1
156 264 1
156 459 1
156 689 1
156 723 1
156 963 1
157 276 1
157 466 1
157 539 1
158 165 1
158 204 1
158 269 1
158 277 1
158 472 1
158 488 1
158 676 1
159 200 1
159 239 1
159 252 1
159 513 1
159 549 1
159 559 1
159 804 1
159 845 1
160 216 1
160 242 1
160 316 1
160 352 1
160 418 1
160 714 1
160 961 1
161 264 1
161 278 1
161 341 1
161 359 1
161 540 1
161 553 1
161 577 1
161 664 1
162 192 1
162 226 1
162 237 1
162 458 1
162 489 1
162 548 1
162 558 1
162 615 1
162 630 1
162 667 1
162 882 1
162 883 1
162 906 1
163 282 1
163 287 1
163 291 1
163 343 1
163 478 1
163 598 1
163 832 1
163 898 1
163 906 1
164 199 1
164 814 1
165 233 1
165 237 1
165 253 1
165 467 1
165 521 1
165 733 1
165 776 1
165 989 1
166 236 1
166 245 1
166 352 1
166 415 1
166 437 1
166 464 1
166 510 1
166 562 1
166 601 1
166 842 1
167 282 1
167 286 1
167 349 1
167 391 1
167 544 1
167 728 1
167 840 1
167 856 1
167 862 1
167 925 1
168 194 1
168 247 1
168 291 1
168 306 1
168 409 1
168 483 1
168 582 1
168 636 1
168 822 1
168 898 1
168 909 1
168 985 1
169 171 1
169 172 1
169 179 1
169 201 1
169 230 1
169 236 1
169 242 1
169 249 1
169 271 1
169 346 1
169 432 1
169 474 1
169 507 1
169 514 1
169 628 1
169 657 1
169 756 1
169 824 1
169 1000 1
170 221 1
170 361 1
170 419 1
170 427 1
170 649 1
170 787 1
170 796 1
171 188 1
171 294 1
171 324 1
171 328 1
171 331 1
171 533 1
171 657 1
171 714 1
171 945 1
172 415 1
172 443 1
172 483 1
172 518 1
172 552 1
172 641 1
172 776 1
172 797 1
172 818 1
172 873 1
172 887 1
172 992 1
173 305 1
173 325 1
173 338 1
173 366 1
173 438 1
173 497 1
173 625 1
173 762 1
173 833 1
174 371 1
174 420 1
174 621 1
174 822 1
175 229 1
175 686 1
175 950 1
176 368 1
176 369 1
176 561 1
176 835 1
177 246 1
177 382 1
177 495 1
177 504 1
177 536 1
177 671 1
177 842 1
178 214 1
178 307 1
178 364 1
178 418 1
178 594 1
178 646 1
178 734 1
178 743 1
178 978 1
179 262 1
179 429 1
179 764 1
179 927 1
180 571 1
181 236 1
181 240 1
181 259 1
181 260 1
181 273 1
181 301 1
181 303 1
181 643 1
181 669 1
181 692 1
181 710 1
181 748 1
181 890 1
181 931 1
182 322 1
182 333 1
182 381 1
182 399 1
182 415 1
182 860 1
183 329 1
183 360 1
183 445 1
183 718 1
183 854 1
184 191 1
184 240 1
184 318 1
184 814 1
184 867 1
185 290 1
186 562 1
187 308 1
187 580 1
187 673 1
187 935 1
188 250 1
188 255 1
188 336 1
188 371 1
188 505 1
188 647 1
189 765 1
190 560 1
191 363 1
191 468 1
191 803 1
191 819 1
192 377 1
192 420 1
192 421 1
193 266 1
193 379 1
193 391 1
193 463 1
193 660 1
193 732 1
193 996 1
194 329 1
194 364 1
194 376 1
194 449 1
194 493 1
194 517 1
194 658 1
194 702 1
194 726 1
194 821 1
195 269 1
195 275 1
195 287 1
195 313 1
195 379 1
195 457 1
195 587 1
195 630 1
195 631 1
195 641 1
195 760 1
195 857 1
195 889 1
196 221 1
196 333 1
196 343 1
196 525 1
196 836 1
197 257 1
197 531 1
197 672 1
197 737 1
197 791 1
197 860 1
198 234 1
198 310 1
198 357 1
198 521 1
198 546 1
198 844 1
198 960 1
199 534 1
199 611 1
199 895 1
199 923 1
199 973 1
200 838 1
200 967 1
201 371 1
202 261 1
202 275 1
202 279 1
202 301 1
202 328 1
202 345 1
202 585 1
202 614 1
202 920 1
202 923 1
203 359 1
203 401 1
203 760 1
203 879 1
203 968 1
203 971 1
204 235 1
204 247 1
204 459 1
204 491 1
204 683 1
204 897 1
204 985 1
205 268 1
205 317 1
205 324 1
205 340 1
205 358 1
205 365 1
205 379 1
205 432 1
205 484 1
205 556 1
205 608 1
205 768 1
205 794 1
205 809 1
205 904 1
205 970 1
206 230 1
206 278 1
206 328 1
206 345 1
206 351 1
206 439 1
206 747 1
207 221 1
207 315 1
208 210 1
208 243 1
208 357 1
208 441 1
208 482 1
208 617 1
208 839 1
208 927 1
209 268 1
209 342 1
209 465 1
209 514 1
209 570 1
209 665 1
209 843 1
209 973 1
210 596 1
210 607 1
210 620 1
211 253 1
211 302 1
211 644 1
211 651 1
211 690 1
212 217 1
212 333 1
212 381 1
212 386 1
212 398 1
212 408 1
212 417 1
212 545 1
212 582 1
212 661 1
212 691 1
212 712 1
212 729 1
212 784 1
212 807 1
212 935 1
212 936 1
212 997 1
213 216 1
213 219 1
213 274 1
213 769 1
214 296 1
214 327 1
214 336 1
214 520 1
214 872 1
214 888 1
215 419 1
215 492 1
215 566 1
215 783 1
215 842 1
216 222 1
216 266 1
216 387 1
216 638 1
216 663 1
216 820 1
216 971 1
217 280 1
217 294 1
217 296 1
217 311 1
217 323 1
217 349 1
217 478 1
217 532 1
217 548 1
217 551 1
217 659 1
217 680 1
217 711 1
217 726 1
217 855 1
218 275 1
218 334 1
218 408 1
218 469 1
219 232 1
219 516 1
219 581 1
219 971 1
220 999 1
221 670 1
222 363 1
222 413 1
222 577 1
222 703 1
222 916 1
222 933 1
222 983 1
223 318 1
223 414 1
223 628 1
223 702 1
223 716 1
223 850 1
224 378 1
224 429 1
224 860 1
224 944 1
225 268 1
225 335 1
225 473 1
225 524 1
225 695 1
225 829 1
225 831 1
225 924 1
226 231 1
226 264 1
226 311 1
226 576 1
226 731 1
227 263 1
227 476 1
227 493 1
227 879 1
228 267 1
228 378 1
228 397 1
228 423 1
228 446 1
228 471 1
228 485 1
228 492 1
228 510 1
228 620 1
228 639 1
228 741 1
228 746 1
228 802 1
229 235 1
229 270 1
229 316 1
229 324 1
229 449 1
229 734 1
229 867 1
230 283 1
230 609 1
230 960 1
231 318 1
231 439 1
231 536 1
231 568 1
231 593 1
231 614 1
231 710 1
231 765 1
231 805 1
231 818 1
231 876 1
231 895 1
231 911 1
232 323 1
232 484 1
233 348 1
233 586 1
233 612 1
233 636 1
233 667 1
233 670 1
233 705 1
233 718 1
233 793 1
233 953 1
234 475 1
234 787 1
234 903 1
235 265 1
235 287 1
235 393 1
235 399 1
235 468 1
235 483 1
236 409 1
236 687 1
236 784 1
236 831 1
236 996 1
237 426 1
237 442 1
237 527 1
237 530 1
237 540 1
237 695 1
237 707 1
237 712 1
237 880 1
237 937 1
237 981 1
238 344 1
238 367 1
238 532 1
238 855 1
238 989 1
239 758 1
240 264 1
240 327 1
240 370 1
240 598 1
240 846 1
242 331 1
242 345 1
242 385 1
242 416 1
242 515 1
242 712 1
242 772 1
243 488 1
243 546 1
244 822 1
245 351 1
245 457 1
245 595 1
246 311 1
246 320 1
246 346 1
246 362 1
246 490 1
246 495 1
246 499 1
246 504 1
246 771 1
246 913 1
246 954 1
246 956 1
246 961 1
247 266 1
247 567 1
248 287 1
248 335 1
248 400 1
249 295 1
249 353 1
249 549 1
249 852 1
250 292 1
250 385 1
250 416 1
250 444 1
250 476 1
250 533 1
250 630 1
250 962 1
251 311 1
251 583 1
251 671 1
251 756 1
251 893 1
251 955 1
252 374 1
252 506 1
252 519 1
252 602 1
252 789 1
253 440 1
253 501 1
253 570 1
253 715 1
253 746 1
253 947 1
253 949 1
253 972 1
253 989 1
254 336 1
254 673 1
254 732 1
254 817 1
254 875 1
255 388 1
255 738 1
255 969 1
256 276 1
256 303 1
256 371 1
256 380 1
256 410 1
256 454 1
256 525 1
256 606 1
256 650 1
256 676 1
256 737 1
256 855 1
256 918 1
256 936 1
256 943 1
257 284 1
257 522 1
257 918 1
257 919 1
257 944 1
258 456 1
258 773 1
259 575 1
259 645 1
259 758 1
259 759 1
259 803 1
259 834 1
259 854 1
259 893 1
260 278 1
260 310 1
260 465 1
260 629 1
260 981 1
261 292 1
261 436 1
261 599 1
261 984 1
262 357 1
262 892 1
263 308 1
263 324 1
263 529 1
263 849 1
263 993 1
264 441 1
264 489 1
264 559 1
265 658 1
265 734 1
265 739 1
265 776 1
265 811 1
266 286 1
266 354 1
266 379 1
266 537 1
266 554 1
266 565 1
266 743 1
266 795 1
267 422 1
267 597 1
268 298 1
268 418 1
268 755 1
268 910 1
268 962 1
269 321 1
269 392 1
269 456 1
269 580 1
269 657 1
269 685 1
269 889 1
270 336 1
270 374 1
270 405 1
270 655 1
271 296 1
271 331 1
271 365 1
271 382 1
271 384 1
271 394 1
271 467 1
271 575 1
271 842 1
271 941 1
271 987 1
273 359 1
273 929 1
274 474 1
274 634 1
274 678 1
275 435 1
275 457 1
275 698 1
275 710 1
275 794 1
275 799 1
276 298 1
276 316 1
276 485 1
276 538 1
276 800 1
276 801 1
276 880 1
276 884 1
276 904 1
277 388 1
277 406 1
277 931 1
277 999 1
278 452 1
278 537 1
278 775 1
279 417 1
280 712 1
281 640 1
282 464 1
282 475 1
282 720 1
283 441 1
283 613 1
284 335 1
284 490 1
284 601 1
284 867 1
284 925 1
284 975 1
285 290 1
285 302 1
285 405 1
285 994 1
286 291 1
286 316 1
286 355 1
286 464 1
286 655 1
286 661 1
286 888 1
286 922 1
286 945 1
287 336 1
287 338 1
287 341 1
287 408 1
287 499 1
287 542 1
287 586 1
287 682 1
287 754 1
288 462 1
288 696 1
288 844 1
289 366 1
289 520 1
289 554 1
289 940 1
290 423 1
290 449 1
290 828 1
291 375 1
291 405 1
291 774 1
293 297 1
293 329 1
293 361 1
293 373 1
293 528 1
293 732 1
293 903 1
294 339 1
294 420 1
294 605 1
295 367 1
295 508 1
295 587 1
295 802 1
295 912 1
296 350 1
296 425 1
296 567 1
296 617 1
296 684 1
296 743 1
296 782 1
296 798 1
296 863 1
297 300 1
297 437 1
297 515 1
297 540 1
297 564 1
297 818 1
297 843 1
300 560 1
300 680 1
300 794 1
301 675 1
302 587 1
302 984 1
303 340 1
303 385 1
303 511 1
303 745 1
304 317 1
304 352 1
304 356 1
304 461 1
304 601 1
304 687 1
305 314 1
305 353 1
305 685 1
305 837 1
305 869 1
305 886 1
305 941 1
305 985 1
306 497 1
306 509 1
306 588 1
306 715 1
306 767 1
307 349 1
307 473 1
307 535 1
307 860 1
307 890 1
308 461 1
308 463 1
308 864 1
309 381 1
309 401 1
309 447 1
309 557 1
310 321 1
310 466 1
310 502 1
310 572 1
310 588 1
310 637 1
311 629 1
311 876 1
312 382 1
312 407 1
312 414 1
312 439 1
312 774 1
312 775 1
313 329 1
313 390 1
313 485 1
313 488 1
313 500 1
313 556 1
313 626 1
313 664 1
313 700 1
314 604 1
314 974 1
315 333 1
315 341 1
315 428 1
315 471 1
315 498 1
315 525 1
315 574 1
315 576 1
315 599 1
315 614 1
315 627 1
315 722 1
315 811 1
315 873 1
316 561 1
316 730 1
317 817 1
317 861 1
318 780 1
321 378 1
321 572 1
321 832 1
323 412 1
323 728 1
324 608 1
324 636 1
324 695 1
324 727 1
325 478 1
325 493 1
325 962 1
326 557 1
326 561 1
326 589 1
326 692 1
326 725 1
326 820 1
326 948 1
327 424 1
327 775 1
328 521 1
328 838 1
328 969 1
329 363 1
330 451 1
331 575 1
331 754 1
331 960 1
332 403 1
332 529 1
332 552 1
332 624 1
332 726 1
332 749 1
332 948 1
333 390 1
333 392 1
333 426 1
333 481 1
333 615 1
333 628 1
333 695 1
333 793 1
333 857 1
333 916 1
334 595 1
335 356 1
335 400 1
336 692 1
337 699 1
338 556 1
338 694 1
339 487 1
339 509 1
339 608 1
339 753 1
339 781 1
339 797 1
340 563 1
340 851 1
341 396 1
341 592 1
341 762 1
341 917 1
342 742 1
343 578 1
343 728 1
343 752 1
343 928 1
344 438 1
344 447 1
344 707 1
344 713 1
344 777 1
344 819 1
345 518 1
345 531 1
345 961 1
346 504 1
348 532 1
348 756 1
348 812 1
348 827 1
348 836 1
349 565 1
349 721 1
349 954 1
349 990 1
350 840 1
352 505 1
353 362 1
353 396 1
353 465 1
353 477 1
353 756 1
353 791 1
353 872 1
353 922 1
354 542 1
355 504 1
355 745 1
355 747 1
355 764 1
355 939 1
355 942 1
355 979 1
356 534 1
356 555 1
356 665 1
356 929 1
357 547 1
357 578 1
357 824 1
357 914 1
357 956 1
358 395 1
358 648 1
358 906 1
359 938 1
359 982 1
360 417 1
360 453 1
360 461 1
360 560 1
361 547 1
361 549 1
361 642 1
361 874 1
362 619 1
362 891 1
363 378 1
363 420 1
363 445 1
363 468 1
363 507 1
363 584 1
363 802 1
364 376 1
364 829 1
364 957 1
366 400 1
366 851 1
366 922 1
367 436 1
368 400 1
368 455 1
368 541 1
368 711 1
370 751 1
371 376 1
371 464 1
371 505 1
371 535 1
371 632 1
371 682 1
371 730 1
371 773 1
371 954 1
373 480 1
373 523 1
373 824 1
373 980 1
374 482 1
374 581 1
374 735 1
374 952 1
374 981 1
375 386 1
375 435 1
375 514 1
375 561 1
375 601 1
375 678 1
375 751 1
375 753 1
375 814 1
376 401 1
376 410 1
376 432 1
376 465 1
376 509 1
376 555 1
376 569 1
376 703 1
376 718 1
376 762 1
377 481 1
377 699 1
377 799 1
378 391 1
378 392 1
380 387 1
380 455 1
380 586 1
380 820 1
381 393 1
381 591 1
381 646 1
382 447 1
382 510 1
382 707 1
383 435 1
383 636 1
383 649 1
383 692 1
384 451 1
384 610 1
384 664 1
384 877 1
385 571 1
385 659 1
385 693 1
385 756 1
385 852 1
385 919 1
387 415 1
387 435 1
387 545 1
387 634 1
387 738 1
388 404 1
388 406 1
388 473 1
388 579 1
388 584 1
388 696 1
388 848 1
389 602 1
389 721 1
389 806 1
389 909 1
390 448 1
390 901 1
390 987 1
391 470 1
391 475 1
391 852 1
391 995 1
392 496 1
392 570 1
392 614 1
392 798 1
393 496 1
393 879 1
394 678 1
394 750 1
395 515 1
395 560 1
395 589 1
395 607 1
395 825 1
396 531 1
396 691 1
396 715 1
397 603 1
397 924 1
398 513 1
399 491 1
399 542 1
399 605 1
399 905 1
400 534 1
400 870 1
401 469 1
403 668 1
403 795 1
403 806 1
404 472 1
404 591 1
404 597 1
404 681 1
404 795 1
404 837 1
404 890 1
405 543 1
405 558 1
405 573 1
405 905 1
406 512 1
406 550 1
406 708 1
406 805 1
406 961 1
407 419 1
407 501 1
407 694 1
407 866 1
407 991 1
408 508 1
409 629 1
409 759 1
409 964 1
410 484 1
410 515 1
410 524 1
410 741 1
411 569 1
411 762 1
411 766 1
411 807 1
411 919 1
411 963 1
412 499 1
412 541 1
412 564 1
412 662 1
412 767 1
413 547 1
413 642 1
413 828 1
414 650 1
414 662 1
415 741 1
415 841 1
417 684 1
418 983 1
419 777 1
420 482 1
420 621 1
421 665 1
421 951 1
422 437 1
422 445 1
422 534 1
422 627 1
422 639 1
422 839 1
423 424 1
423 868 1
424 531 1
424 544 1
425 796 1
426 853 1
427 615 1
427 829 1
428 451 1
428 781 1
429 507 1
429 638 1
429 650 1
429 761 1
429 779 1
429 993 1
430 454 1
431 698 1
432 583 1
432 978 1
433 536 1
433 574 1
433 688 1
434 743 1
435 468 1
436 584 1
436 774 1
437 568 1
437 920 1
439 559 1
439 623 1
439 643 1
439 719 1
439 738 1
439 757 1
439 837 1
439 954 1
440 521 1
440 652 1
440 907 1
441 567 1
441 599 1
441 765 1
441 782 1
442 568 1
442 578 1
442 682 1
442 831 1
443 485 1
443 944 1
444 704 1
445 901 1
446 551 1
446 701 1
446 905 1
447 530 1
447 558 1
447 674 1
447 884 1
448 449 1
448 526 1
448 705 1
448 810 1
448 824 1
448 941 1
449 501 1
449 619 1
449 785 1
449 790 1
449 795 1
449 939 1
450 451 1
450 622 1
450 711 1
451 453 1
451 545 1
451 661 1
451 704 1
451 790 1
451 913 1
451 947 1
452 486 1
452 667 1
452 966 1
452 987 1
453 467 1
453 553 1
453 616 1
453 796 1
454 481 1
455 465 1
455 502 1
455 505 1
455 538 1
455 540 1
455 588 1
455 644 1
455 646 1
455 673 1
455 685 1
455 761 1
455 792 1
455 865 1
455 969 1
456 654 1
456 709 1
456 980 1
458 668 1
458 779 1
458 907 1
458 922 1
459 706 1
460 597 1
460 648 1
461 522 1
461 633 1
461 996 1
462 469 1
462 744 1
464 514 1
464 527 1
464 536 1
464 770 1
464 892 1
464 905 1
464 913 1
464 964 1
465 512 1
466 647 1
467 484 1
467 631 1
467 644 1
467 795 1
469 519 1
469 591 1
469 929 1
470 472 1
470 599 1
471 537 1
471 623 1
471 627 1
471 929 1
472 592 1
472 633 1
472 703 1
472 757 1
472 791 1
473 637 1
473 826 1
473 915 1
474 495 1
474 805 1
475 495 1
475 503 1
475 654 1
475 810 1
476 479 1
476 587 1
476 988 1
477 706 1
477 770 1
478 838 1
478 932 1
482 538 1
482 582 1
482 715 1
482 771 1
482 975 1
483 541 1
483 787 1
483 839 1
484 500 1
484 559 1
484 645 1
485 499 1
485 623 1
485 869 1
486 792 1
486 911 1
486 972 1
486 994 1
487 666 1
488 541 1
488 746 1
489 577 1
489 585 1
489 959 1
490 675 1
492 946 1
492 964 1
493 592 1
493 690 1
493 725 1
493 787 1
493 814 1
494 967 1
495 644 1
495 874 1
497 530 1
497 725 1
500 595 1
500 726 1
500 745 1
500 871 1
500 938 1
501 603 1
502 684 1
503 573 1
503 742 1
503 831 1
503 907 1
503 939 1
504 797 1
506 704 1
507 927 1
507 956 1
508 952 1
509 517 1
509 566 1
509 949 1
509 988 1
509 995 1
510 812 1
510 824 1
511 585 1
511 651 1
511 785 1
511 806 1
511 999 1
512 610 1
513 639 1
513 806 1
514 838 1
515 845 1
516 671 1
516 813 1
518 594 1
518 737 1
518 766 1
518 773 1
519 553 1
520 530 1
520 548 1
520 574 1
520 582 1
520 832 1
520 891 1
520 924 1
521 689 1
521 778 1
521 918 1
522 702 1
522 848 1
523 624 1
523 637 1
523 681 1
523 703 1
525 679 1
525 701 1
525 830 1
525 900 1
527 847 1
529 575 1
529 674 1
530 748 1
530 767 1
530 987 1
530 994 1
531 687 1
532 682 1
532 819 1
533 693 1
534 754 1
534 940 1
535 790 1
537 550 1
537 590 1
537 784 1
538 636 1
539 550 1
539 720 1
539 768 1
539 769 1
539 782 1
539 882 1
539 920 1
540 618 1
541 586 1
541 948 1
541 985 1
542 571 1
543 631 1
543 709 1
543 877 1
544 696 1
544 870 1
545 708 1
546 603 1
546 858 1
546 883 1
547 569 1
547 727 1
549 603 1
549 608 1
549 701 1
549 782 1
549 837 1
549 964 1
551 744 1
551 797 1
551 938 1
552 736 1
553 631 1
554 803 1
554 809 1
554 859 1
555 892 1
555 936 1
556 656 1
556 874 1
556 896 1
556 928 1
558 582 1
558 620 1
558 635 1
558 988 1
559 763 1
559 811 1
560 975 1
561 774 1
562 733 1
563 745 1
565 613 1
565 632 1
566 664 1
566 700 1
566 815 1
567 656 1
567 787 1
568 626 1
568 808 1
570 966 1
571 641 1
571 793 1
572 699 1
573 665 1
573 689 1
573 770 1
574 599 1
574 625 1
574 794 1
574 932 1
575 805 1
575 829 1
576 615 1
576 692 1
576 926 1
577 625 1
577 934 1
578 882 1
579 685 1
579 887 1
580 670 1
581 773 1
582 775 1
582 890 1
583 629 1
584 937 1
586 674 1
586 806 1
586 813 1
586 942 1
587 828 1
588 695 1
589 607 1
589 949 1
590 715 1
590 850 1
592 778 1
593 709 1
593 876 1
593 975 1
594 772 1
595 929 1
597 727 1
598 734 1
599 686 1
599 699 1
599 788 1
601 642 1
601 991 1
602 640 1
603 983 1
604 718 1
604 724 1
604 885 1
604 894 1
604 958 1
605 646 1
605 689 1
606 855 1
606 933 1
606 943 1
607 653 1
607 811 1
607 897 1
611 701 1
611 785 1
611 802 1
611 922 1
612 697 1
612 893 1
612 987 1
613 739 1
613 760 1
616 950 1
619 686 1
620 788 1
621 705 1
622 815 1
625 667 1
625 776 1
626 678 1
626 863 1
626 875 1
628 634 1
628 885 1
628 951 1
630 658 1
631 679 1
631 728 1
631 815 1
632 669 1
632 681 1
633 672 1
633 887 1
634 655 1
634 669 1
634 709 1
635 930 1
636 662 1
636 841 1
636 957 1
638 648 1
638 673 1
639 854 1
639 947 1
640 816 1
641 661 1
641 735 1
641 801 1
641 874 1
645 807 1
647 764 1
648 969 1
649 766 1
649 830 1
650 826 1
650 873 1
652 932 1
652 933 1
652 991 1
653 862 1
654 970 1
656 672 1
656 914 1
658 694 1
661 670 1
661 766 1
661 945 1
662 846 1
664 859 1
666 850 1
668 781 1
669 719 1
670 720 1
672 742 1
674 826 1
675 676 1
677 915 1
678 849 1
678 958 1
679 830 1
679 981 1
680 904 1
681 803 1
681 868 1
682 973 1
683 942 1
684 763 1
684 788 1
685 912 1
687 711 1
687 935 1
688 875 1
689 697 1
689 722 1
689 899 1
691 947 1
693 841 1
694 893 1
696 867 1
696 923 1
698 798 1
699 851 1
699 888 1
701 890 1
704 920 1
708 724 1
708 792 1
710 909 1
711 734 1
713 731 1
714 910 1
722 822 1
722 982 1
724 859 1
725 985 1
726 997 1
727 810 1
730 830 1
731 998 1
732 791 1
733 810 1
733 835 1
733 852 1
733 938 1
734 846 1
735 917 1
736 864 1
738 755 1
738 909 1
740 765 1
740 809 1
741 825 1
742 861 1
743 772 1
743 833 1
743 974 1
744 793 1
744 799 1
747 808 1
749 973 1
750 804 1
753 842 1
755 884 1
756 960 1
756 975 1
757 883 1
759 792 1
759 966 1
760 859 1
762 988 1
763 894 1
764 788 1
764 924 1
765 856 1
767 769 1
768 962 1
769 869 1
769 932 1
769 984 1
770 784 1
772 818 1
772 880 1
772 983 1
773 857 1
773 977 1
774 863 1
777 847 1
777 943 1
778 976 1
780 858 1
780 892 1
781 850 1
782 992 1
783 838 1
783 847 1
784 889 1
786 844 1
787 896 1
792 884 1
794 862 1
795 853 1
796 979 1
797 865 1
801 811 1
803 823 1
809 885 1
809 896 1
812 846 1
812 926 1
814 840 1
815 926 1
818 991 1
820 992 1
821 827 1
824 878 1
825 940 1
827 904 1
828 883 1
828 967 1
828 993 1
832 869 1
838 852 1
838 998 1
839 903 1
840 894 1
843 892 1
847 957 1
849 932 1
851 896 1
853 902 1
853 903 1
855 972 1
858 974 1
865 866 1
865 870 1
865 968 1
869 921 1
869 934 1
871 949 1
886 940 1
887 907 1
888 995 1
891 934 1
893 968 1
897 913 1
901 981 1
902 993 1
906 994 1
908 915 1
909 911 1
911 965 1
913 984 1
927 953 1
927 959 1
932 974 1
933 945 1
938 986 1
940 950 1
945 955 1
947 965 1
950 963 1
959 982 1
981 990 1
