1000 4975
1 2 1
1 3 1
1 4 1
1 5 1
1 6 1
1 7 1
1 8 1
1 9 1
1 10 1
1 11 1
1 12 1
1 13 1
1 14 1
1 15 1
1 16 1
1 18 1
1 19 1
1 20 1
1 22 1
1 26 1
1 34 1
1 36 1
1 37 1
1 38 1
1 46 1
1 49 1
1 53 1
1 68 1
1 72 1
1 75 1
1 76 1
1 78 1
1 88 1
1 94 1
1 114 1
1 121 1
1 124 1
1 139 1
1 140 1
1 150 1
1 181 1
1 183 1
1 199 1
1 213 1
1 242 1
1 249 1
1 261 1
1 264 1
1 272 1
1 308 1
1 316 1
1 317 1
1 320 1
1 325 1
1 407 1
1 411 1
1 445 1
1 478 1
1 489 1
1 511 1
1 527 1
1 528 1
1 543 1
1 576 1
1 581 1
1 584 1
1 595 1
1 597 1
1 621 1
1 625 1
1 626 1
1 629 1
1 660 1
1 713 1
1 720 1
1 724 1
1 726 1
1 730 1
1 740 1
1 761 1
1 772 1
1 775 1
1 805 1
1 833 1
1 850 1
1 899 1
1 904 1
1 928 1
1 937 1
1 941 1
1 947 1
1 969 1
2 7 1
2 8 1
2 11 1
2 13 1
2 14 1
2 17 1
2 23 1
2 27 1
2 33 1
2 34 1
2 36 1
2 41 1
2 45 1
2 58 1
2 59 1
2 63 1
2 67 1
2 68 1
2 71 1
2 81 1
2 91 1
2 97 1
2 101 1
2 102 1
2 103 1
2 107 1
2 111 1
2 117 1
2 130 1
2 134 1
2 135 1
2 146 1
2 149 1
2 166 1
2 169 1
2 172 1
2 177 1
2 181 1
2 198 1
2 200 1
2 216 1
2 220 1
2 230 1
2 233 1
2 278 1
2 282 1
2 286 1
2 300 1
2 322 1
2 324 1
2 329 1
2 331 1
2 351 1
2 355 1
2 363 1
2 375 1
2 377 1
2 385 1
2 452 1
2 474 1
2 477 1
2 487 1
2 501 1
2 504 1
2 534 1
2 605 1
2 619 1
2 649 1
2 697 1
2 700 1
2 739 1
2 741 1
2 745 1
2 748 1
2 754 1
2 759 1
2 774 1
2 813 1
2 821 1
2 842 1
2 881 1
2 883 1
2 898 1
2 906 1
2 911 1
2 953 1
2 972 1
2 982 1
3 9 1
3 10 1
3 13 1
3 15 1
3 16 1
3 17 1
3 23 1
3 54 1
3 61 1
3 108 1
3 114 1
3 136 1
3 145 1
3 155 1
3 176 1
3 184 1
3 203 1
3 229 1
3 260 1
3 298 1
3 309 1
3 318 1
3 335 1
3 342 1
3 353 1
3 372 1
3 385 1
3 447 1
3 512 1
3 523 1
3 551 1
3 679 1
3 689 1
3 706 1
3 794 1
3 909 1
3 913 1
3 920 1
3 998 1
4 7 1
4 8 1
4 9 1
4 12 1
4 22 1
4 41 1
4 50 1
4 75 1
4 85 1
4 87 1
4 112 1
4 120 1
4 177 1
4 178 1
4 203 1
4 215 1
4 243 1
4 279 1
4 350 1
4 360 1
4 414 1
4 415 1
4 426 1
4 432 1
4 559 1
4 568 1
4 574 1
4 640 1
4 662 1
4 695 1
4 751 1
4 764 1
4 822 1
4 880 1
4 898 1
4 907 1
4 911 1
4 929 1
5 7 1
5 14 1
5 20 1
5 21 1
5 22 1
5 46 1
5 71 1
5 76 1
5 77 1
5 96 1
5 106 1
5 130 1
5 131 1
5 138 1
5 168 1
5 195 1
5 201 1
5 209 1
5 222 1
5 232 1
5 252 1
5 309 1
5 321 1
5 338 1
5 365 1
5 397 1
5 431 1
5 515 1
5 743 1
5 793 1
5 803 1
5 829 1
5 852 1
5 993 1
6 7 1
6 8 1
6 9 1
6 11 1
6 12 1
6 24 1
6 27 1
6 52 1
6 54 1
6 55 1
6 67 1
6 95 1
6 109 1
6 128 1
6 157 1
6 170 1
6 187 1
6 195 1
6 225 1
6 236 1
6 277 1
6 281 1
6 359 1
6 368 1
6 380 1
6 414 1
6 419 1
6 569 1
6 629 1
6 650 1
6 701 1
6 711 1
6 725 1
6 727 1
6 801 1
6 820 1
6 823 1
6 831 1
6 869 1
6 903 1
6 922 1
6 923 1
7 8 1
7 9 1
7 10 1
7 11 1
7 14 1
7 15 1
7 17 1
7 18 1
7 21 1
7 22 1
7 23 1
7 26 1
7 27 1
7 33 1
7 35 1
7 36 1
7 40 1
7 45 1
7 51 1
7 54 1
7 56 1
7 61 1
7 67 1
7 73 1
7 88 1
7 89 1
7 90 1
7 97 1
7 104 1
7 110 1
7 114 1
7 119 1
7 122 1
7 129 1
7 135 1
7 139 1
7 142 1
7 145 1
7 148 1
7 149 1
7 157 1
7 168 1
7 180 1
7 202 1
7 207 1
7 208 1
7 219 1
7 229 1
7 240 1
7 250 1
7 257 1
7 263 1
7 271 1
7 273 1
7 281 1
7 286 1
7 325 1
7 366 1
7 391 1
7 411 1
7 424 1
7 442 1
7 452 1
7 453 1
7 462 1
7 473 1
7 481 1
7 497 1
7 514 1
7 542 1
7 544 1
7 586 1
7 590 1
7 616 1
7 646 1
7 654 1
7 688 1
7 705 1
7 706 1
7 707 1
7 711 1
7 751 1
7 760 1
7 768 1
7 777 1
7 799 1
7 803 1
7 814 1
7 868 1
7 889 1
7 928 1
7 972 1
7 976 1
8 10 1
8 12 1
8 13 1
8 26 1
8 39 1
8 44 1
8 45 1
8 50 1
8 51 1
8 60 1
8 64 1
8 79 1
8 83 1
8 87 1
8 91 1
8 92 1
8 100 1
8 119 1
8 133 1
8 134 1
8 145 1
8 151 1
8 156 1
8 191 1
8 197 1
8 243 1
8 272 1
8 296 1
8 338 1
8 379 1
8 423 1
8 449 1
8 519 1
8 555 1
8 589 1
8 595 1
8 663 1
8 691 1
8 693 1
8 717 1
8 736 1
8 737 1
8 751 1
8 793 1
8 825 1
8 971 1
8 1000 1
9 10 1
9 15 1
9 18 1
9 19 1
9 22 1
9 29 1
9 32 1
9 38 1
9 40 1
9 46 1
9 52 1
9 54 1
9 69 1
9 77 1
9 83 1
9 119 1
9 157 1
9 165 1
9 176 1
9 205 1
9 223 1
9 231 1
9 250 1
9 260 1
9 270 1
9 271 1
9 306 1
9 319 1
9 346 1
9 396 1
9 402 1
9 421 1
9 497 1
9 564 1
9 599 1
9 600 1
9 645 1
9 665 1
9 683 1
9 722 1
9 770 1
9 772 1
9 797 1
9 852 1
9 854 1
9 875 1
9 885 1
9 896 1
9 962 1
10 11 1
10 14 1
10 20 1
10 23 1
10 24 1
10 28 1
10 31 1
10 41 1
10 45 1
10 58 1
10 60 1
10 67 1
10 94 1
10 96 1
10 102 1
10 103 1
10 124 1
10 129 1
10 147 1
10 153 1
10 160 1
10 175 1
10 178 1
10 193 1
10 227 1
10 253 1
10 254 1
10 264 1
10 267 1
10 277 1
10 279 1
10 303 1
10 310 1
10 311 1
10 322 1
10 342 1
10 356 1
10 359 1
10 377 1
10 428 1
10 438 1
10 462 1
10 487 1
10 493 1
10 505 1
10 506 1
10 539 1
10 581 1
10 589 1
10 669 1
10 691 1
10 708 1
10 716 1
10 781 1
10 782 1
10 784 1
10 848 1
10 851 1
10 891 1
10 894 1
10 960 1
11 12 1
11 13 1
11 16 1
11 17 1
11 21 1
11 23 1
11 26 1
11 30 1
11 31 1
11 32 1
11 54 1
11 58 1
11 59 1
11 64 1
11 70 1
11 76 1
11 78 1
11 82 1
11 99 1
11 143 1
11 150 1
11 151 1
11 165 1
11 169 1
11 170 1
11 173 1
11 183 1
11 184 1
11 185 1
11 186 1
11 190 1
11 196 1
11 211 1
11 232 1
11 237 1
11 272 1
11 275 1
11 276 1
11 279 1
11 298 1
11 304 1
11 315 1
11 358 1
11 366 1
11 459 1
11 521 1
11 524 1
11 527 1
11 549 1
11 570 1
11 577 1
11 600 1
11 624 1
11 647 1
11 662 1
11 711 1
11 728 1
11 732 1
11 763 1
11 780 1
11 795 1
11 819 1
11 862 1
11 896 1
11 925 1
11 943 1
11 954 1
12 15 1
12 16 1
12 18 1
12 19 1
12 20 1
12 27 1
12 28 1
12 32 1
12 38 1
12 39 1
12 42 1
12 47 1
12 49 1
12 53 1
12 55 1
12 57 1
12 76 1
12 78 1
12 84 1
12 98 1
12 101 1
12 102 1
12 118 1
12 120 1
12 135 1
12 141 1
12 148 1
12 155 1
12 156 1
12 179 1
12 186 1
12 189 1
12 196 1
12 197 1
12 209 1
12 210 1
12 233 1
12 254 1
12 289 1
12 302 1
12 305 1
12 311 1
12 325 1
12 328 1
12 333 1
12 357 1
12 363 1
12 377 1
12 406 1
12 409 1
12 415 1
12 416 1
12 417 1
12 426 1
12 442 1
12 454 1
12 455 1
12 469 1
12 472 1
12 480 1
12 483 1
12 484 1
12 496 1
12 524 1
12 575 1
12 580 1
12 620 1
12 627 1
12 631 1
12 644 1
12 671 1
12 681 1
12 690 1
12 725 1
12 731 1
12 790 1
12 796 1
12 818 1
12 847 1
12 857 1
12 863 1
12 917 1
12 920 1
12 971 1
13 16 1
13 17 1
13 24 1
13 28 1
13 32 1
13 33 1
13 34 1
13 38 1
13 56 1
13 66 1
13 73 1
13 93 1
13 96 1
13 99 1
13 140 1
13 144 1
13 167 1
13 185 1
13 220 1
13 228 1
13 257 1
13 292 1
13 323 1
13 439 1
13 440 1
13 463 1
13 488 1
13 500 1
13 520 1
13 569 1
13 609 1
13 617 1
13 682 1
13 719 1
13 807 1
13 926 1
14 19 1
14 20 1
14 25 1
14 35 1
14 43 1
14 69 1
14 77 1
14 94 1
14 97 1
14 112 1
14 131 1
14 141 1
14 147 1
14 163 1
14 174 1
14 202 1
14 203 1
14 223 1
14 247 1
14 279 1
14 291 1
14 292 1
14 299 1
14 308 1
14 326 1
14 332 1
14 347 1
14 388 1
14 404 1
14 409 1
14 434 1
14 435 1
14 437 1
14 445 1
14 475 1
14 508 1
14 513 1
14 520 1
14 541 1
14 546 1
14 568 1
14 573 1
14 682 1
14 709 1
14 775 1
14 806 1
14 819 1
14 826 1
14 828 1
14 841 1
14 859 1
14 875 1
14 889 1
14 932 1
14 970 1
15 19 1
15 26 1
15 51 1
15 64 1
15 89 1
15 90 1
15 93 1
15 111 1
15 117 1
15 121 1
15 132 1
15 161 1
15 170 1
15 184 1
15 217 1
15 238 1
15 274 1
15 275 1
15 282 1
15 314 1
15 338 1
15 349 1
15 352 1
15 354 1
15 355 1
15 376 1
15 393 1
15 410 1
15 446 1
15 496 1
15 528 1
15 567 1
15 616 1
15 654 1
15 783 1
15 883 1
15 932 1
15 946 1
15 984 1
16 25 1
16 30 1
16 33 1
16 40 1
16 41 1
16 44 1
16 62 1
16 69 1
16 75 1
16 79 1
16 112 1
16 122 1
16 134 1
16 136 1
16 149 1
16 155 1
16 169 1
16 181 1
16 208 1
16 217 1
16 223 1
16 235 1
16 242 1
16 346 1
16 363 1
16 375 1
16 391 1
16 405 1
16 425 1
16 485 1
16 515 1
16 516 1
16 518 1
16 551 1
16 582 1
16 597 1
16 613 1
16 622 1
16 661 1
16 784 1
16 866 1
16 874 1
16 937 1
17 18 1
17 21 1
17 29 1
17 31 1
17 36 1
17 40 1
17 45 1
17 48 1
17 61 1
17 63 1
17 65 1
17 85 1
17 96 1
17 113 1
17 118 1
17 124 1
17 125 1
17 129 1
17 149 1
17 155 1
17 158 1
17 162 1
17 163 1
17 204 1
17 214 1
17 232 1
17 242 1
17 244 1
17 289 1
17 295 1
17 297 1
17 300 1
17 321 1
17 341 1
17 347 1
17 352 1
17 353 1
17 384 1
17 386 1
17 390 1
17 422 1
17 437 1
17 513 1
17 543 1
17 551 1
17 572 1
17 598 1
17 601 1
17 603 1
17 624 1
17 648 1
17 672 1
17 691 1
17 752 1
17 849 1
17 905 1
17 936 1
17 942 1
17 981 1
17 994 1
18 24 1
18 25 1
18 53 1
18 104 1
18 136 1
18 156 1
18 205 1
18 234 1
18 280 1
18 328 1
18 393 1
18 444 1
18 456 1
18 503 1
18 504 1
18 649 1
18 673 1
18 780 1
18 815 1
18 857 1
18 924 1
18 952 1
18 975 1
19 21 1
19 29 1
19 31 1
19 57 1
19 60 1
19 66 1
19 74 1
19 82 1
19 86 1
19 94 1
19 123 1
19 142 1
19 188 1
19 193 1
19 237 1
19 302 1
19 323 1
19 340 1
19 354 1
19 384 1
19 408 1
19 478 1
19 505 1
19 541 1
19 555 1
19 583 1
19 658 1
19 661 1
19 695 1
19 705 1
19 740 1
19 754 1
19 768 1
19 792 1
19 800 1
19 817 1
19 845 1
19 870 1
19 875 1
19 882 1
19 972 1
19 978 1
19 986 1
20 28 1
20 29 1
20 30 1
20 43 1
20 49 1
20 55 1
20 72 1
20 81 1
20 105 1
20 115 1
20 151 1
20 164 1
20 172 1
20 188 1
20 201 1
20 250 1
20 256 1
20 262 1
20 299 1
20 305 1
20 316 1
20 319 1
20 360 1
20 367 1
20 411 1
20 436 1
20 479 1
20 484 1
20 560 1
20 565 1
20 592 1
20 621 1
20 622 1
20 674 1
20 675 1
20 680 1
20 728 1
20 734 1
20 752 1
20 776 1
20 793 1
20 840 1
20 860 1
20 861 1
20 999 1
21 25 1
21 39 1
21 52 1
21 70 1
21 110 1
21 117 1
21 137 1
21 140 1
21 144 1
21 160 1
21 211 1
21 270 1
21 275 1
21 293 1
21 374 1
21 381 1
21 386 1
21 395 1
21 437 1
21 478 1
21 481 1
21 509 1
21 553 1
21 608 1
21 663 1
21 735 1
21 748 1
21 901 1
22 30 1
22 35 1
22 42 1
22 52 1
22 67 1
22 92 1
22 95 1
22 103 1
22 123 1
22 125 1
22 128 1
22 159 1
22 161 1
22 166 1
22 183 1
22 190 1
22 212 1
22 230 1
22 243 1
22 245 1
22 248 1
22 254 1
22 270 1
22 273 1
22 282 1
22 283 1
22 363 1
22 388 1
22 411 1
22 416 1
22 456 1
22 487 1
22 518 1
22 646 1
22 664 1
22 684 1
22 689 1
22 716 1
22 753 1
22 834 1
22 858 1
22 876 1
22 981 1
22 985 1
23 24 1
23 27 1
23 29 1
23 30 1
23 39 1
23 40 1
23 56 1
23 57 1
23 79 1
23 92 1
23 95 1
23 104 1
23 131 1
23 140 1
23 147 1
23 153 1
23 164 1
23 170 1
23 175 1
23 176 1
23 194 1
23 222 1
23 228 1
23 255 1
23 259 1
23 290 1
23 300 1
23 339 1
23 340 1
23 381 1
23 389 1
23 395 1
23 403 1
23 408 1
23 429 1
23 439 1
23 466 1
23 468 1
23 530 1
23 569 1
23 599 1
23 630 1
23 631 1
23 650 1
23 680 1
23 691 1
23 715 1
23 844 1
23 856 1
23 892 1
23 916 1
23 950 1
24 25 1
24 36 1
24 64 1
24 65 1
24 70 1
24 81 1
24 87 1
24 122 1
24 137 1
24 161 1
24 162 1
24 185 1
24 189 1
24 204 1
24 238 1
24 239 1
24 246 1
24 290 1
24 352 1
24 355 1
24 375 1
24 453 1
24 471 1
24 501 1
24 523 1
24 531 1
24 655 1
24 678 1
24 685 1
24 687 1
24 738 1
24 745 1
24 863 1
25 28 1
25 34 1
25 37 1
25 72 1
25 217 1
25 234 1
25 241 1
25 265 1
25 305 1
25 318 1
25 334 1
25 345 1
25 362 1
25 369 1
25 425 1
25 464 1
25 527 1
25 569 1
25 608 1
25 694 1
25 711 1
25 721 1
25 759 1
25 765 1
25 807 1
25 862 1
25 918 1
25 937 1
26 41 1
26 42 1
26 49 1
26 68 1
26 70 1
26 71 1
26 73 1
26 75 1
26 109 1
26 116 1
26 138 1
26 182 1
26 198 1
26 217 1
26 253 1
26 323 1
26 392 1
26 427 1
26 429 1
26 439 1
26 484 1
26 567 1
26 587 1
26 620 1
26 694 1
26 719 1
26 760 1
26 861 1
26 898 1
26 947 1
26 997 1
27 31 1
27 62 1
27 95 1
27 108 1
27 191 1
27 193 1
27 215 1
27 332 1
27 422 1
27 572 1
27 688 1
27 888 1
28 35 1
28 48 1
28 50 1
28 58 1
28 83 1
28 109 1
28 124 1
28 125 1
28 142 1
28 144 1
28 150 1
28 151 1
28 152 1
28 158 1
28 160 1
28 189 1
28 211 1
28 231 1
28 283 1
28 343 1
28 370 1
28 378 1
28 470 1
28 475 1
28 526 1
28 529 1
28 533 1
28 534 1
28 580 1
28 601 1
28 620 1
28 648 1
28 651 1
28 665 1
28 677 1
28 740 1
28 748 1
28 758 1
28 783 1
28 805 1
28 816 1
28 830 1
28 843 1
28 885 1
28 890 1
28 945 1
29 34 1
29 35 1
29 37 1
29 47 1
29 56 1
29 70 1
29 81 1
29 88 1
29 98 1
29 101 1
29 105 1
29 107 1
29 112 1
29 125 1
29 138 1
29 139 1
29 141 1
29 160 1
29 162 1
29 181 1
29 187 1
29 201 1
29 209 1
29 212 1
29 233 1
29 240 1
29 242 1
29 246 1
29 251 1
29 273 1
29 288 1
29 317 1
29 329 1
29 330 1
29 347 1
29 348 1
29 349 1
29 367 1
29 464 1
29 502 1
29 506 1
29 518 1
29 543 1
29 544 1
29 561 1
29 629 1
29 632 1
29 653 1
29 723 1
29 887 1
29 946 1
29 953 1
29 978 1
30 43 1
30 65 1
30 80 1
30 84 1
30 88 1
30 103 1
30 126 1
30 147 1
30 159 1
30 180 1
30 183 1
30 221 1
30 222 1
30 228 1
30 232 1
30 236 1
30 241 1
30 255 1
30 277 1
30 298 1
30 301 1
30 324 1
30 348 1
30 410 1
30 448 1
30 460 1
30 483 1
30 494 1
30 504 1
30 568 1
30 633 1
30 663 1
30 683 1
30 695 1
30 744 1
30 841 1
30 902 1
30 951 1
30 984 1
31 32 1
31 33 1
31 37 1
31 44 1
31 53 1
31 55 1
31 62 1
31 65 1
31 71 1
31 81 1
31 92 1
31 97 1
31 100 1
31 123 1
31 135 1
31 146 1
31 156 1
31 166 1
31 167 1
31 174 1
31 186 1
31 218 1
31 230 1
31 234 1
31 261 1
31 262 1
31 265 1
31 288 1
31 291 1
31 307 1
31 348 1
31 394 1
31 397 1
31 402 1
31 440 1
31 496 1
31 538 1
31 545 1
31 561 1
31 564 1
31 580 1
31 605 1
31 729 1
31 745 1
31 749 1
31 911 1
31 936 1
32 37 1
32 42 1
32 43 1
32 59 1
32 62 1
32 91 1
32 93 1
32 98 1
32 126 1
32 131 1
32 155 1
32 173 1
32 207 1
32 267 1
32 285 1
32 308 1
32 310 1
32 342 1
32 389 1
32 396 1
32 408 1
32 448 1
32 486 1
32 488 1
32 514 1
32 647 1
32 648 1
32 837 1
32 906 1
32 947 1
32 950 1
33 38 1
33 44 1
33 85 1
33 100 1
33 110 1
33 115 1
33 134 1
33 181 1
33 199 1
33 210 1
33 258 1
33 271 1
33 282 1
33 307 1
33 331 1
33 347 1
33 413 1
33 430 1
33 480 1
33 490 1
33 493 1
33 572 1
33 638 1
33 700 1
33 727 1
33 783 1
33 864 1
33 876 1
34 39 1
34 48 1
34 51 1
34 63 1
34 68 1
34 105 1
34 143 1
34 150 1
34 171 1
34 202 1
34 235 1
34 236 1
34 237 1
34 241 1
34 259 1
34 283 1
34 286 1
34 287 1
34 345 1
34 517 1
34 536 1
34 537 1
34 548 1
34 554 1
34 581 1
34 592 1
34 753 1
34 942 1
34 965 1
34 987 1
34 993 1
35 42 1
35 44 1
35 94 1
35 115 1
35 179 1
35 213 1
35 252 1
35 268 1
35 285 1
35 297 1
35 306 1
35 338 1
35 436 1
35 498 1
35 505 1
35 550 1
35 560 1
35 582 1
35 593 1
35 635 1
35 687 1
35 701 1
35 776 1
35 843 1
35 879 1
36 43 1
36 46 1
36 62 1
36 69 1
36 75 1
36 82 1
36 99 1
36 116 1
36 143 1
36 152 1
36 161 1
36 182 1
36 198 1
36 291 1
36 295 1
36 305 1
36 307 1
36 331 1
36 361 1
36 380 1
36 489 1
36 492 1
36 502 1
36 507 1
36 519 1
36 549 1
36 609 1
36 625 1
36 638 1
36 664 1
36 666 1
36 668 1
36 698 1
36 778 1
36 779 1
36 787 1
36 792 1
36 916 1
36 988 1
37 47 1
37 420 1
37 916 1
38 49 1
38 64 1
38 68 1
38 92 1
38 116 1
38 143 1
38 179 1
38 186 1
38 238 1
38 257 1
38 291 1
38 313 1
38 363 1
38 371 1
38 592 1
38 614 1
38 708 1
38 833 1
38 837 1
38 885 1
38 923 1
38 975 1
39 77 1
39 80 1
39 82 1
39 97 1
39 133 1
39 216 1
39 346 1
39 441 1
39 611 1
39 628 1
39 733 1
39 785 1
39 826 1
39 879 1
39 896 1
39 927 1
40 61 1
40 66 1
40 87 1
40 100 1
40 109 1
40 117 1
40 126 1
40 159 1
40 206 1
40 214 1
40 233 1
40 245 1
40 254 1
40 353 1
40 450 1
40 471 1
40 477 1
40 485 1
40 517 1
40 563 1
40 582 1
40 618 1
40 619 1
40 635 1
40 643 1
40 672 1
40 677 1
40 719 1
40 734 1
40 746 1
40 786 1
40 870 1
40 975 1
40 980 1
41 53 1
41 59 1
41 60 1
41 79 1
41 132 1
41 137 1
41 145 1
41 166 1
41 177 1
41 207 1
41 306 1
41 329 1
41 334 1
41 405 1
41 491 1
41 499 1
41 680 1
41 732 1
41 765 1
41 779 1
41 801 1
41 835 1
41 836 1
41 877 1
41 924 1
41 996 1
42 74 1
42 85 1
42 115 1
42 119 1
42 237 1
42 261 1
42 288 1
42 475 1
42 809 1
42 908 1
42 981 1
43 46 1
43 48 1
43 58 1
43 60 1
43 71 1
43 86 1
43 107 1
43 125 1
43 159 1
43 239 1
43 244 1
43 288 1
43 296 1
43 330 1
43 341 1
43 458 1
43 473 1
43 532 1
43 585 1
43 662 1
43 779 1
43 812 1
43 825 1
43 846 1
43 957 1
44 47 1
44 52 1
44 88 1
44 120 1
44 232 1
44 272 1
44 292 1
44 316 1
44 330 1
44 344 1
44 354 1
44 421 1
44 431 1
44 441 1
44 516 1
44 519 1
44 653 1
44 786 1
44 912 1
44 941 1
44 985 1
45 47 1
45 50 1
45 57 1
45 66 1
45 77 1
45 83 1
45 169 1
45 256 1
45 395 1
45 433 1
45 481 1
45 484 1
45 619 1
45 638 1
45 646 1
45 719 1
45 757 1
45 780 1
45 851 1
45 990 1
46 48 1
46 63 1
46 167 1
46 173 1
46 195 1
46 219 1
46 344 1
46 372 1
46 390 1
46 401 1
46 427 1
46 430 1
46 595 1
46 602 1
46 796 1
46 815 1
47 76 1
47 168 1
47 195 1
47 199 1
47 259 1
47 278 1
47 359 1
47 388 1
47 457 1
47 476 1
47 512 1
47 685 1
47 714 1
47 759 1
47 862 1
47 901 1
47 919 1
47 945 1
48 55 1
48 102 1
48 112 1
48 122 1
48 138 1
48 153 1
48 160 1
48 194 1
48 199 1
48 236 1
48 241 1
48 247 1
48 294 1
48 302 1
48 313 1
48 320 1
48 370 1
48 377 1
48 391 1
48 399 1
48 466 1
48 507 1
48 534 1
48 590 1
48 627 1
48 677 1
48 681 1
48 690 1
48 750 1
48 784 1
48 925 1
49 50 1
49 56 1
49 80 1
49 82 1
49 108 1
49 194 1
49 388 1
49 535 1
49 558 1
49 651 1
49 913 1
50 51 1
50 59 1
50 89 1
50 102 1
50 144 1
50 162 1
50 182 1
50 249 1
50 284 1
50 361 1
50 406 1
50 429 1
50 442 1
50 466 1
50 590 1
50 790 1
50 802 1
50 803 1
50 818 1
50 867 1
50 915 1
50 993 1
50 996 1
51 63 1
51 69 1
51 78 1
51 128 1
51 178 1
51 206 1
51 221 1
51 227 1
51 250 1
51 267 1
51 308 1
51 309 1
51 317 1
51 326 1
51 434 1
51 449 1
51 498 1
51 536 1
51 541 1
51 598 1
51 624 1
51 733 1
51 772 1
51 816 1
51 821 1
51 929 1
51 944 1
52 96 1
52 101 1
52 178 1
52 300 1
52 707 1
52 729 1
52 739 1
52 826 1
52 933 1
53 120 1
53 166 1
53 252 1
53 284 1
53 317 1
53 350 1
53 355 1
53 356 1
53 381 1
53 385 1
53 424 1
53 432 1
53 471 1
53 508 1
53 516 1
53 550 1
53 553 1
53 603 1
53 611 1
53 615 1
53 622 1
53 628 1
53 741 1
53 746 1
53 839 1
53 878 1
53 925 1
53 936 1
53 990 1
54 57 1
54 66 1
54 78 1
54 103 1
54 108 1
54 171 1
54 223 1
54 278 1
54 368 1
54 408 1
54 416 1
54 474 1
54 522 1
54 594 1
54 621 1
54 629 1
54 642 1
54 652 1
54 682 1
54 724 1
54 795 1
54 828 1
54 930 1
54 949 1
55 61 1
55 65 1
55 90 1
55 113 1
55 132 1
55 210 1
55 224 1
55 274 1
55 360 1
55 455 1
55 472 1
55 540 1
55 561 1
55 567 1
55 818 1
55 834 1
55 921 1
56 84 1
56 95 1
56 99 1
56 105 1
56 111 1
56 167 1
56 364 1
56 366 1
56 371 1
56 546 1
56 554 1
56 683 1
56 897 1
57 80 1
57 131 1
57 154 1
57 159 1
57 201 1
57 241 1
57 256 1
57 357 1
57 548 1
57 659 1
57 662 1
57 721 1
57 758 1
57 771 1
57 792 1
57 908 1
57 982 1
58 117 1
58 251 1
58 361 1
58 387 1
58 589 1
58 627 1
58 996 1
59 87 1
59 137 1
59 156 1
59 163 1
59 164 1
59 184 1
59 259 1
59 278 1
59 318 1
59 402 1
59 443 1
59 501 1
59 673 1
59 709 1
59 713 1
59 714 1
59 765 1
59 871 1
59 934 1
60 93 1
60 98 1
60 100 1
60 171 1
60 187 1
60 207 1
60 215 1
60 322 1
60 331 1
60 354 1
60 459 1
60 471 1
60 503 1
60 569 1
60 741 1
60 761 1
60 786 1
60 961 1
61 73 1
61 79 1
61 84 1
61 177 1
61 339 1
61 349 1
61 354 1
61 482 1
61 575 1
61 606 1
61 681 1
61 750 1
62 80 1
62 130 1
62 278 1
62 364 1
62 422 1
62 505 1
62 555 1
62 583 1
62 725 1
62 736 1
62 813 1
63 74 1
63 174 1
63 180 1
63 196 1
63 327 1
63 522 1
63 560 1
64 84 1
64 86 1
64 91 1
64 104 1
64 105 1
64 237 1
64 283 1
64 431 1
64 525 1
64 628 1
64 630 1
64 647 1
64 817 1
64 917 1
65 72 1
65 121 1
65 143 1
65 157 1
65 238 1
65 279 1
65 383 1
65 554 1
66 118 1
66 171 1
66 202 1
66 225 1
66 379 1
66 531 1
66 679 1
66 763 1
66 850 1
66 853 1
66 873 1
67 90 1
67 113 1
67 437 1
67 631 1
67 943 1
68 106 1
68 182 1
68 312 1
68 374 1
68 423 1
68 806 1
68 895 1
68 899 1
69 192 1
69 221 1
69 226 1
69 325 1
69 435 1
69 835 1
70 73 1
70 74 1
70 86 1
70 126 1
70 220 1
70 295 1
70 368 1
70 516 1
70 517 1
70 663 1
70 665 1
70 709 1
70 790 1
70 938 1
71 72 1
71 74 1
71 89 1
71 172 1
71 179 1
71 211 1
71 222 1
71 293 1
71 385 1
71 403 1
71 497 1
71 669 1
71 874 1
71 886 1
72 106 1
72 161 1
72 303 1
72 364 1
72 435 1
72 588 1
72 791 1
72 858 1
72 918 1
73 91 1
73 101 1
73 286 1
73 328 1
73 450 1
73 454 1
73 557 1
73 725 1
74 86 1
74 139 1
74 168 1
74 245 1
74 264 1
74 283 1
74 293 1
74 304 1
74 383 1
74 398 1
74 436 1
74 448 1
74 545 1
74 610 1
74 655 1
75 114 1
75 127 1
75 335 1
75 370 1
75 762 1
75 989 1
76 93 1
76 115 1
76 177 1
76 275 1
76 289 1
76 397 1
76 447 1
76 604 1
76 626 1
76 658 1
76 670 1
76 699 1
76 743 1
76 751 1
76 795 1
76 855 1
77 124 1
77 167 1
77 192 1
77 251 1
77 732 1
77 752 1
77 859 1
77 890 1
77 973 1
78 120 1
78 130 1
78 140 1
78 258 1
78 523 1
78 559 1
78 807 1
78 843 1
78 920 1
79 110 1
79 127 1
79 138 1
79 154 1
79 172 1
79 188 1
79 207 1
79 219 1
79 264 1
79 391 1
79 794 1
79 914 1
80 111 1
80 114 1
80 121 1
80 164 1
80 175 1
80 282 1
80 317 1
80 359 1
80 389 1
80 394 1
80 539 1
80 611 1
80 977 1
81 85 1
81 90 1
81 104 1
81 128 1
81 142 1
81 151 1
81 169 1
81 256 1
81 262 1
81 320 1
81 367 1
81 394 1
81 446 1
81 460 1
81 509 1
81 547 1
81 562 1
81 600 1
81 706 1
81 715 1
81 770 1
81 853 1
81 941 1
81 964 1
82 83 1
82 107 1
82 113 1
82 158 1
82 216 1
82 218 1
82 245 1
82 309 1
82 370 1
82 495 1
82 860 1
82 909 1
82 916 1
82 946 1
82 984 1
83 106 1
83 136 1
83 152 1
83 196 1
83 340 1
83 425 1
83 449 1
83 486 1
83 598 1
83 795 1
83 838 1
83 842 1
83 892 1
84 293 1
84 420 1
84 653 1
84 709 1
85 197 1
85 210 1
85 249 1
85 463 1
85 478 1
85 641 1
85 781 1
85 886 1
85 995 1
86 192 1
86 212 1
86 269 1
86 277 1
86 343 1
86 583 1
86 651 1
86 854 1
87 89 1
87 130 1
87 136 1
87 310 1
87 414 1
87 458 1
87 511 1
87 521 1
87 702 1
87 727 1
87 902 1
88 248 1
88 540 1
88 764 1
88 833 1
89 170 1
89 494 1
89 831 1
90 146 1
90 248 1
90 286 1
90 295 1
90 324 1
90 326 1
90 361 1
90 371 1
90 375 1
90 393 1
90 453 1
90 508 1
90 572 1
90 578 1
90 684 1
90 809 1
91 133 1
91 176 1
91 205 1
91 257 1
91 291 1
91 367 1
91 406 1
91 451 1
91 490 1
91 747 1
91 760 1
91 771 1
91 838 1
92 108 1
92 235 1
92 271 1
92 584 1
93 110 1
93 248 1
93 373 1
93 399 1
93 401 1
93 407 1
93 524 1
93 526 1
93 606 1
93 637 1
93 710 1
93 967 1
94 109 1
94 119 1
94 252 1
94 401 1
94 597 1
94 991 1
95 231 1
95 336 1
96 99 1
96 113 1
96 118 1
96 127 1
96 188 1
96 285 1
96 334 1
96 351 1
96 387 1
96 445 1
96 467 1
96 477 1
96 640 1
97 98 1
97 121 1
97 137 1
97 139 1
97 172 1
97 180 1
97 194 1
97 200 1
97 218 1
97 226 1
97 238 1
97 244 1
97 257 1
97 293 1
97 412 1
97 633 1
97 820 1
97 905 1
97 944 1
97 953 1
98 107 1
98 116 1
98 129 1
98 321 1
98 334 1
98 666 1
98 893 1
98 923 1
98 955 1
99 128 1
99 158 1
99 215 1
99 281 1
99 356 1
99 382 1
99 469 1
99 530 1
99 576 1
99 909 1
99 959 1
100 375 1
100 382 1
100 522 1
100 690 1
100 704 1
100 784 1
100 839 1
100 840 1
100 942 1
100 992 1
101 287 1
101 289 1
101 379 1
101 440 1
101 442 1
101 719 1
101 860 1
102 180 1
102 227 1
102 280 1
102 414 1
102 558 1
102 604 1
102 613 1
102 675 1
102 871 1
103 186 1
103 268 1
103 287 1
103 557 1
103 558 1
103 575 1
103 756 1
104 106 1
104 132 1
104 259 1
104 261 1
104 266 1
104 289 1
104 294 1
104 407 1
104 447 1
104 461 1
104 485 1
104 512 1
104 563 1
104 594 1
104 641 1
104 670 1
104 707 1
105 111 1
105 165 1
105 197 1
105 235 1
105 243 1
105 281 1
105 284 1
105 294 1
105 509 1
105 587 1
105 786 1
105 806 1
105 929 1
105 964 1
106 185 1
106 245 1
106 276 1
106 339 1
106 400 1
106 439 1
106 444 1
106 458 1
106 459 1
106 483 1
106 530 1
106 593 1
106 623 1
106 639 1
106 714 1
106 963 1
107 123 1
107 126 1
107 171 1
107 315 1
107 403 1
107 436 1
107 515 1
107 558 1
107 739 1
107 900 1
107 901 1
107 921 1
107 948 1
107 955 1
107 988 1
108 116 1
108 144 1
108 148 1
108 227 1
108 276 1
108 290 1
108 307 1
108 344 1
108 451 1
109 513 1
109 537 1
109 549 1
110 122 1
110 129 1
110 135 1
110 192 1
110 274 1
110 603 1
110 612 1
110 655 1
110 669 1
110 682 1
110 704 1
110 797 1
110 849 1
110 864 1
110 869 1
110 884 1
110 949 1
110 987 1
111 148 1
111 409 1
111 882 1
112 173 1
112 452 1
112 726 1
112 787 1
113 127 1
113 168 1
113 247 1
113 423 1
113 613 1
113 923 1
114 164 1
114 399 1
114 413 1
114 565 1
114 621 1
114 752 1
114 915 1
115 118 1
115 133 1
115 157 1
115 195 1
115 206 1
115 219 1
115 249 1
115 295 1
115 336 1
115 376 1
115 521 1
115 540 1
115 609 1
115 790 1
116 152 1
116 789 1
116 808 1
117 134 1
117 147 1
117 222 1
117 233 1
117 244 1
117 266 1
117 301 1
117 324 1
117 331 1
117 369 1
117 381 1
117 607 1
117 722 1
117 754 1
117 864 1
117 895 1
117 939 1
118 146 1
118 183 1
118 200 1
118 231 1
118 239 1
118 246 1
118 378 1
118 514 1
118 539 1
118 541 1
118 562 1
118 578 1
118 601 1
118 606 1
118 626 1
118 755 1
118 788 1
118 832 1
118 878 1
118 902 1
118 945 1
118 976 1
119 658 1
120 153 1
120 163 1
120 176 1
120 221 1
120 255 1
120 373 1
120 469 1
120 510 1
120 520 1
120 533 1
120 599 1
120 777 1
120 845 1
120 910 1
120 961 1
120 968 1
121 123 1
121 145 1
121 215 1
121 240 1
121 296 1
121 321 1
121 352 1
121 362 1
121 608 1
121 780 1
121 965 1
122 127 1
122 142 1
122 185 1
122 191 1
122 328 1
122 343 1
122 417 1
122 433 1
122 446 1
122 465 1
122 503 1
122 600 1
122 657 1
122 692 1
122 706 1
122 825 1
122 868 1
122 917 1
122 977 1
123 158 1
123 206 1
123 221 1
123 225 1
123 292 1
123 303 1
123 351 1
123 428 1
123 779 1
123 800 1
123 835 1
123 960 1
123 990 1
124 133 1
124 178 1
124 179 1
124 203 1
124 213 1
124 220 1
124 247 1
124 284 1
124 308 1
124 315 1
124 323 1
124 485 1
124 549 1
124 689 1
124 732 1
124 852 1
124 863 1
124 945 1
124 959 1
124 986 1
124 994 1
125 141 1
125 149 1
125 154 1
125 200 1
125 267 1
125 387 1
125 470 1
125 530 1
125 537 1
125 542 1
125 571 1
125 667 1
125 717 1
125 815 1
126 150 1
126 165 1
126 313 1
126 460 1
126 755 1
127 235 1
127 261 1
127 347 1
127 416 1
127 523 1
128 154 1
128 213 1
128 226 1
128 404 1
128 407 1
128 417 1
128 555 1
128 847 1
129 173 1
129 246 1
129 256 1
129 296 1
129 397 1
129 540 1
129 577 1
129 852 1
129 857 1
129 870 1
129 940 1
130 132 1
130 162 1
130 224 1
130 320 1
130 348 1
130 500 1
130 556 1
130 632 1
130 744 1
130 818 1
130 862 1
131 271 1
131 299 1
131 332 1
131 394 1
131 435 1
132 191 1
132 242 1
132 418 1
132 710 1
132 789 1
133 146 1
133 174 1
133 204 1
133 218 1
133 225 1
133 269 1
133 270 1
133 340 1
133 364 1
133 445 1
133 492 1
133 550 1
133 634 1
133 668 1
133 868 1
134 201 1
134 588 1
135 165 1
135 210 1
135 228 1
135 234 1
135 255 1
135 334 1
135 501 1
135 566 1
135 696 1
135 821 1
135 845 1
135 848 1
135 859 1
136 294 1
136 392 1
136 401 1
136 490 1
136 543 1
136 554 1
136 592 1
136 607 1
137 253 1
137 263 1
137 674 1
137 723 1
137 951 1
137 978 1
138 141 1
138 214 1
138 393 1
138 556 1
138 563 1
139 515 1
139 588 1
139 819 1
140 187 1
140 302 1
140 340 1
140 529 1
140 615 1
140 678 1
140 856 1
140 858 1
140 887 1
140 912 1
140 1000 1
141 148 1
141 284 1
141 319 1
141 532 1
141 591 1
142 225 1
142 319 1
142 336 1
142 369 1
142 390 1
142 450 1
142 544 1
142 657 1
142 747 1
142 762 1
142 764 1
142 778 1
142 785 1
142 959 1
143 319 1
143 356 1
143 373 1
143 454 1
143 579 1
143 634 1
143 761 1
143 877 1
144 153 1
144 197 1
144 224 1
144 263 1
144 301 1
144 431 1
144 443 1
144 533 1
144 875 1
144 934 1
145 251 1
145 314 1
145 362 1
145 380 1
145 389 1
145 525 1
145 581 1
145 654 1
145 688 1
145 734 1
145 918 1
146 152 1
146 208 1
146 273 1
146 344 1
146 357 1
146 374 1
146 400 1
146 433 1
146 506 1
146 810 1
146 965 1
146 971 1
146 991 1
147 174 1
147 729 1
147 805 1
148 208 1
148 214 1
148 217 1
148 226 1
148 249 1
148 266 1
148 276 1
148 348 1
148 538 1
148 547 1
148 706 1
148 778 1
148 829 1
149 198 1
149 200 1
149 429 1
149 598 1
149 616 1
149 622 1
149 637 1
149 785 1
149 816 1
149 849 1
150 154 1
150 199 1
150 214 1
150 229 1
150 265 1
150 327 1
150 336 1
150 406 1
150 423 1
150 427 1
150 456 1
150 467 1
150 476 1
150 483 1
150 489 1
150 510 1
150 521 1
150 553 1
150 596 1
150 664 1
150 670 1
150 937 1
150 949 1
150 962 1
151 216 1
151 448 1
151 456 1
151 462 1
152 163 1
152 187 1
152 298 1
152 329 1
152 369 1
152 393 1
152 499 1
152 597 1
152 601 1
152 619 1
152 888 1
153 353 1
153 373 1
153 385 1
153 420 1
153 455 1
153 546 1
153 693 1
153 766 1
154 419 1
154 462 1
154 467 1
154 581 1
154 642 1
154 684 1
154 792 1
155 192 1
155 219 1
155 263 1
155 325 1
155 479 1
155 792 1
155 969 1
156 175 1
156 193 1
156 266 1
156 268 1
156 400 1
156 421 1
156 424 1
156 460 1
156 461 1
156 466 1
156 528 1
156 563 1
156 776 1
156 811 1
156 987 1
157 392 1
157 602 1
157 789 1
157 836 1
157 974 1
158 801 1
159 357 1
159 452 1
159 628 1
159 709 1
160 202 1
160 240 1
160 303 1
160 304 1
160 310 1
160 311 1
160 318 1
160 620 1
160 775 1
160 869 1
161 252 1
161 312 1
161 413 1
161 489 1
161 545 1
161 694 1
161 813 1
161 843 1
161 952 1
162 330 1
162 456 1
162 710 1
162 775 1
163 182 1
163 240 1
163 260 1
163 326 1
163 349 1
163 365 1
163 372 1
163 418 1
163 613 1
163 617 1
163 629 1
163 640 1
163 681 1
163 776 1
163 778 1
163 866 1
163 873 1
163 971 1
164 265 1
164 416 1
164 441 1
164 517 1
164 550 1
164 596 1
164 649 1
164 654 1
164 724 1
164 743 1
164 791 1
165 468 1
165 516 1
165 677 1
165 686 1
165 826 1
166 189 1
166 234 1
166 379 1
166 397 1
166 870 1
166 891 1
166 988 1
167 203 1
167 586 1
167 907 1
168 230 1
168 352 1
168 434 1
168 582 1
168 996 1
169 190 1
169 322 1
169 418 1
169 419 1
169 585 1
169 717 1
169 793 1
169 804 1
170 175 1
170 205 1
170 337 1
170 368 1
170 783 1
170 888 1
170 943 1
171 194 1
171 204 1
171 374 1
171 452 1
171 564 1
171 632 1
171 645 1
171 658 1
171 772 1
171 945 1
172 191 1
172 196 1
172 213 1
172 268 1
172 565 1
172 685 1
172 720 1
172 724 1
172 884 1
172 933 1
173 184 1
173 224 1
173 260 1
173 274 1
173 287 1
173 330 1
173 378 1
173 414 1
173 435 1
173 464 1
173 754 1
173 938 1
174 209 1
174 525 1
174 740 1
174 846 1
174 941 1
175 230 1
175 335 1
175 510 1
175 789 1
176 265 1
176 355 1
176 384 1
176 940 1
177 272 1
177 339 1
177 714 1
177 741 1
177 846 1
178 193 1
178 212 1
178 358 1
178 392 1
178 420 1
179 204 1
179 313 1
179 350 1
179 682 1
179 697 1
180 211 1
180 231 1
180 318 1
180 574 1
181 188 1
181 208 1
181 311 1
181 333 1
181 341 1
181 444 1
181 457 1
181 509 1
181 545 1
181 560 1
181 561 1
181 822 1
181 837 1
182 190 1
182 205 1
182 251 1
182 314 1
182 404 1
182 422 1
182 426 1
182 511 1
182 523 1
182 610 1
182 730 1
182 831 1
182 927 1
182 941 1
182 992 1
183 250 1
183 262 1
183 299 1
183 576 1
183 705 1
183 716 1
183 765 1
183 951 1
184 189 1
184 290 1
184 312 1
184 443 1
184 723 1
184 824 1
184 843 1
184 979 1
185 190 1
185 239 1
185 345 1
185 512 1
185 527 1
185 589 1
186 466 1
186 531 1
186 606 1
186 732 1
186 774 1
186 974 1
187 209 1
187 356 1
187 380 1
187 382 1
187 492 1
187 525 1
187 575 1
187 637 1
187 686 1
187 791 1
187 940 1
188 266 1
188 312 1
188 461 1
188 744 1
188 814 1
188 872 1
188 957 1
189 446 1
189 959 1
190 537 1
191 258 1
191 270 1
191 333 1
191 358 1
191 365 1
191 392 1
191 548 1
191 614 1
191 638 1
191 850 1
192 883 1
193 212 1
193 254 1
193 384 1
193 477 1
193 884 1
194 198 1
194 258 1
194 320 1
194 440 1
194 650 1
195 368 1
195 412 1
195 433 1
195 627 1
195 830 1
196 206 1
196 220 1
196 749 1
196 750 1
197 223 1
197 277 1
197 280 1
197 349 1
197 366 1
197 398 1
197 636 1
197 676 1
197 770 1
197 788 1
197 813 1
197 930 1
197 973 1
198 218 1
198 372 1
198 571 1
198 617 1
198 687 1
198 800 1
199 588 1
199 828 1
200 288 1
200 595 1
200 661 1
200 672 1
201 380 1
201 659 1
201 687 1
201 781 1
201 782 1
201 794 1
201 910 1
201 998 1
202 285 1
202 480 1
202 678 1
202 694 1
202 781 1
202 807 1
203 229 1
203 258 1
203 296 1
203 313 1
203 417 1
203 469 1
203 605 1
205 260 1
205 263 1
205 268 1
205 429 1
205 552 1
205 571 1
205 647 1
205 693 1
205 787 1
205 869 1
205 907 1
205 936 1
206 269 1
206 285 1
206 360 1
206 447 1
206 474 1
206 535 1
206 626 1
206 702 1
206 729 1
206 774 1
206 810 1
207 274 1
207 303 1
207 305 1
207 986 1
208 496 1
209 327 1
209 432 1
209 566 1
209 699 1
209 700 1
210 389 1
210 481 1
210 486 1
210 487 1
210 488 1
210 505 1
210 547 1
210 568 1
210 660 1
210 712 1
210 811 1
210 927 1
210 989 1
211 226 1
211 302 1
211 329 1
211 458 1
211 476 1
211 857 1
211 995 1
212 493 1
212 495 1
212 542 1
212 583 1
212 603 1
212 850 1
212 880 1
212 925 1
213 227 1
213 243 1
213 246 1
213 264 1
213 350 1
213 357 1
213 449 1
213 483 1
213 521 1
213 697 1
213 703 1
213 734 1
213 786 1
213 787 1
213 947 1
214 216 1
214 244 1
214 301 1
214 361 1
214 531 1
214 646 1
214 703 1
215 248 1
215 255 1
215 275 1
215 336 1
215 532 1
215 604 1
215 607 1
215 726 1
215 926 1
215 992 1
216 332 1
216 338 1
216 438 1
216 849 1
217 228 1
217 273 1
217 310 1
217 419 1
217 421 1
217 861 1
217 951 1
218 337 1
219 497 1
219 548 1
219 587 1
219 733 1
219 829 1
220 432 1
220 459 1
220 593 1
220 956 1
221 224 1
221 239 1
221 253 1
221 447 1
221 594 1
222 229 1
222 267 1
222 403 1
222 470 1
222 584 1
222 859 1
222 890 1
222 942 1
223 575 1
223 766 1
223 797 1
223 884 1
223 955 1
224 287 1
225 236 1
225 247 1
225 370 1
225 402 1
225 440 1
225 480 1
225 519 1
225 548 1
225 595 1
225 877 1
225 932 1
225 934 1
226 332 1
226 333 1
226 428 1
226 538 1
226 605 1
226 703 1
226 714 1
226 834 1
227 412 1
227 415 1
227 530 1
227 585 1
227 819 1
227 830 1
227 855 1
227 897 1
228 413 1
228 490 1
228 695 1
228 922 1
228 994 1
229 253 1
229 364 1
229 404 1
229 461 1
229 504 1
229 544 1
229 554 1
229 661 1
229 866 1
229 990 1
229 998 1
230 468 1
230 506 1
230 520 1
231 594 1
231 604 1
231 662 1
231 749 1
231 971 1
233 351 1
233 369 1
233 491 1
233 644 1
233 726 1
233 820 1
233 895 1
234 269 1
234 323 1
234 382 1
234 413 1
234 445 1
234 545 1
234 549 1
234 557 1
234 620 1
234 780 1
234 804 1
234 885 1
234 911 1
234 966 1
235 345 1
235 377 1
235 514 1
235 962 1
236 290 1
236 298 1
236 386 1
236 437 1
236 486 1
236 510 1
236 589 1
236 591 1
236 624 1
236 698 1
237 736 1
237 878 1
239 316 1
239 394 1
239 400 1
239 551 1
239 660 1
239 851 1
239 935 1
240 299 1
240 346 1
240 680 1
241 322 1
241 376 1
241 470 1
241 597 1
241 906 1
242 315 1
242 529 1
242 693 1
242 798 1
243 280 1
243 337 1
243 412 1
243 608 1
243 675 1
243 974 1
244 367 1
244 451 1
244 566 1
244 840 1
244 989 1
245 372 1
245 773 1
246 387 1
246 390 1
246 418 1
247 495 1
247 695 1
247 844 1
247 924 1
248 324 1
248 344 1
248 345 1
248 351 1
248 485 1
248 562 1
248 585 1
248 704 1
248 854 1
248 953 1
249 276 1
249 327 1
249 337 1
249 402 1
249 405 1
249 434 1
249 676 1
249 760 1
249 774 1
249 879 1
249 897 1
250 431 1
250 567 1
251 262 1
251 297 1
251 343 1
251 420 1
251 443 1
251 481 1
251 674 1
251 747 1
251 851 1
252 335 1
252 436 1
252 535 1
252 716 1
253 306 1
253 362 1
253 422 1
253 424 1
253 467 1
253 472 1
253 839 1
254 467 1
254 670 1
254 825 1
255 410 1
255 487 1
255 552 1
255 626 1
255 699 1
255 802 1
255 809 1
255 810 1
255 834 1
255 882 1
256 311 1
256 570 1
256 654 1
256 867 1
256 957 1
257 980 1
258 326 1
258 674 1
258 743 1
258 823 1
259 304 1
259 315 1
259 442 1
259 457 1
259 514 1
259 623 1
259 630 1
259 660 1
259 928 1
259 997 1
260 770 1
261 281 1
261 426 1
261 451 1
261 552 1
261 947 1
262 269 1
262 304 1
262 328 1
262 365 1
262 395 1
262 602 1
262 612 1
262 614 1
262 657 1
262 720 1
262 842 1
262 1000 1
263 301 1
263 561 1
263 981 1
264 358 1
264 398 1
264 477 1
264 494 1
264 675 1
264 783 1
265 341 1
265 390 1
265 465 1
265 468 1
265 472 1
265 613 1
265 657 1
265 667 1
265 771 1
265 773 1
265 980 1
266 314 1
266 650 1
268 280 1
268 396 1
269 297 1
269 415 1
269 538 1
269 587 1
269 698 1
269 705 1
269 745 1
270 492 1
270 556 1
270 599 1
270 727 1
270 728 1
270 767 1
270 800 1
271 294 1
271 335 1
271 493 1
271 872 1
271 956 1
272 450 1
272 621 1
272 993 1
273 482 1
273 758 1
274 405 1
274 638 1
275 421 1
275 427 1
275 668 1
275 747 1
276 388 1
277 327 1
277 410 1
277 525 1
277 660 1
277 670 1
277 777 1
277 939 1
278 498 1
278 503 1
278 903 1
279 854 1
279 988 1
281 378 1
281 470 1
281 499 1
281 771 1
282 963 1
283 652 1
283 868 1
283 872 1
284 701 1
284 865 1
286 300 1
286 307 1
286 449 1
286 809 1
286 816 1
286 961 1
287 409 1
287 446 1
287 553 1
287 738 1
287 877 1
287 999 1
288 292 1
288 453 1
288 769 1
288 847 1
288 950 1
289 489 1
289 791 1
289 902 1
290 533 1
290 584 1
290 672 1
290 782 1
290 939 1
290 954 1
290 985 1
291 418 1
291 905 1
292 297 1
293 439 1
293 684 1
293 708 1
293 811 1
294 309 1
294 464 1
294 856 1
294 970 1
295 538 1
296 306 1
296 376 1
296 386 1
296 415 1
296 463 1
296 685 1
296 707 1
296 822 1
296 828 1
296 844 1
296 861 1
296 914 1
296 920 1
298 312 1
298 339 1
298 350 1
298 381 1
298 495 1
298 580 1
298 631 1
298 672 1
298 674 1
298 702 1
298 948 1
299 612 1
299 904 1
300 365 1
301 570 1
301 782 1
302 314 1
302 353 1
302 395 1
302 438 1
302 471 1
302 574 1
302 625 1
302 763 1
302 796 1
302 817 1
303 346 1
303 559 1
303 616 1
303 657 1
303 663 1
304 871 1
306 316 1
306 703 1
306 855 1
306 946 1
307 547 1
307 667 1
307 754 1
307 820 1
307 943 1
308 362 1
308 384 1
308 696 1
308 758 1
308 903 1
308 904 1
309 386 1
309 576 1
309 601 1
309 676 1
309 893 1
310 333 1
310 438 1
310 490 1
310 584 1
311 404 1
311 476 1
311 507 1
311 576 1
311 769 1
311 812 1
311 848 1
311 853 1
311 892 1
312 406 1
312 731 1
313 399 1
313 430 1
313 448 1
313 967 1
314 444 1
314 482 1
314 616 1
314 683 1
314 724 1
314 904 1
314 942 1
315 321 1
315 366 1
315 373 1
315 465 1
315 497 1
315 669 1
315 713 1
315 970 1
316 500 1
316 513 1
316 618 1
316 767 1
317 342 1
317 479 1
317 482 1
317 565 1
317 749 1
317 756 1
317 837 1
317 855 1
317 938 1
318 539 1
318 634 1
318 715 1
318 788 1
319 450 1
319 723 1
319 733 1
319 892 1
320 371 1
320 618 1
320 692 1
321 343 1
321 496 1
321 498 1
321 543 1
321 659 1
321 805 1
321 827 1
322 374 1
322 379 1
322 383 1
322 401 1
322 403 1
322 473 1
322 808 1
323 592 1
323 614 1
324 399 1
324 412 1
324 535 1
324 580 1
324 590 1
324 591 1
324 602 1
324 679 1
324 798 1
324 859 1
324 917 1
325 546 1
325 669 1
325 757 1
325 858 1
326 526 1
326 553 1
326 864 1
327 341 1
327 499 1
327 593 1
327 678 1
327 799 1
327 919 1
327 926 1
328 558 1
329 342 1
329 451 1
330 360 1
330 430 1
330 441 1
330 874 1
330 955 1
331 622 1
331 836 1
332 596 1
332 713 1
332 893 1
333 405 1
333 465 1
333 532 1
333 610 1
333 803 1
333 952 1
334 428 1
334 482 1
334 528 1
335 337 1
336 736 1
336 773 1
337 940 1
338 378 1
338 408 1
338 425 1
338 683 1
338 900 1
338 912 1
339 358 1
339 400 1
339 410 1
339 570 1
339 987 1
340 460 1
340 686 1
340 1000 1
341 359 1
341 457 1
341 726 1
342 398 1
342 458 1
342 546 1
342 596 1
342 963 1
343 588 1
343 641 1
343 675 1
343 755 1
343 797 1
343 997 1
344 434 1
344 463 1
344 868 1
344 940 1
345 430 1
345 501 1
345 577 1
345 929 1
346 411 1
346 443 1
346 463 1
346 586 1
346 891 1
347 579 1
347 639 1
347 694 1
347 998 1
348 391 1
348 473 1
349 502 1
350 441 1
350 953 1
351 552 1
352 371 1
352 605 1
352 645 1
352 802 1
353 552 1
353 742 1
353 884 1
354 718 1
355 427 1
355 599 1
355 762 1
355 979 1
356 383 1
356 398 1
356 457 1
356 704 1
356 844 1
356 865 1
356 957 1
357 407 1
357 455 1
357 493 1
357 504 1
357 645 1
357 708 1
357 728 1
357 912 1
358 564 1
358 665 1
358 903 1
359 383 1
359 511 1
359 578 1
360 608 1
360 617 1
360 710 1
360 738 1
360 829 1
361 469 1
361 472 1
361 522 1
361 566 1
361 815 1
361 818 1
361 979 1
361 997 1
362 506 1
362 656 1
362 864 1
363 873 1
363 924 1
364 689 1
364 791 1
364 802 1
365 611 1
365 645 1
366 376 1
366 382 1
366 409 1
366 473 1
367 459 1
368 542 1
368 611 1
368 731 1
368 755 1
368 872 1
368 956 1
368 999 1
369 499 1
369 573 1
369 691 1
369 699 1
369 846 1
369 888 1
369 897 1
371 387 1
371 438 1
371 500 1
371 533 1
371 631 1
371 671 1
371 747 1
371 910 1
372 396 1
372 478 1
372 680 1
372 756 1
373 503 1
373 560 1
373 598 1
373 712 1
373 948 1
373 973 1
375 454 1
375 513 1
375 835 1
375 901 1
376 491 1
376 531 1
376 557 1
377 476 1
377 697 1
377 996 1
378 492 1
378 518 1
378 899 1
379 642 1
380 444 1
380 507 1
381 623 1
381 738 1
382 804 1
382 918 1
383 508 1
383 649 1
383 730 1
383 757 1
384 571 1
384 636 1
384 890 1
384 906 1
385 572 1
386 484 1
386 524 1
386 720 1
387 396 1
387 424 1
387 539 1
387 772 1
387 823 1
388 734 1
388 919 1
389 425 1
389 652 1
390 423 1
390 515 1
390 676 1
390 841 1
390 863 1
390 893 1
390 969 1
391 462 1
391 475 1
391 486 1
391 712 1
391 808 1
392 735 1
392 986 1
393 502 1
393 555 1
393 749 1
394 494 1
394 960 1
395 417 1
395 532 1
395 617 1
395 721 1
396 453 1
396 579 1
396 692 1
396 752 1
396 761 1
396 781 1
397 931 1
397 954 1
398 570 1
398 722 1
398 889 1
398 907 1
398 983 1
399 536 1
399 852 1
400 637 1
400 653 1
400 865 1
401 623 1
401 640 1
401 823 1
402 534 1
402 573 1
402 636 1
402 697 1
402 798 1
403 762 1
403 766 1
403 874 1
404 615 1
404 723 1
404 939 1
405 712 1
405 931 1
405 960 1
406 426 1
406 432 1
406 750 1
406 799 1
406 927 1
406 972 1
407 536 1
407 880 1
407 898 1
407 911 1
408 574 1
409 844 1
410 559 1
410 610 1
410 967 1
411 609 1
412 454 1
412 479 1
412 488 1
412 520 1
412 895 1
413 491 1
413 559 1
413 591 1
413 596 1
413 625 1
413 632 1
413 721 1
413 892 1
413 972 1
415 618 1
415 730 1
415 768 1
415 803 1
416 871 1
416 914 1
418 419 1
418 428 1
418 508 1
418 767 1
418 839 1
418 983 1
419 551 1
419 671 1
419 855 1
420 474 1
420 874 1
421 517 1
421 563 1
421 676 1
421 883 1
422 500 1
422 727 1
423 860 1
424 433 1
424 495 1
424 519 1
424 540 1
424 564 1
424 609 1
424 618 1
424 659 1
424 671 1
424 690 1
425 526 1
425 652 1
425 862 1
426 991 1
427 705 1
428 455 1
428 461 1
428 763 1
428 908 1
429 647 1
429 737 1
429 743 1
430 542 1
430 632 1
430 704 1
430 914 1
430 974 1
431 491 1
431 627 1
431 642 1
431 738 1
431 877 1
432 742 1
432 935 1
433 924 1
434 600 1
435 585 1
435 693 1
436 474 1
436 480 1
436 643 1
436 718 1
436 909 1
437 740 1
438 689 1
438 735 1
438 943 1
440 475 1
440 692 1
440 869 1
440 967 1
441 464 1
441 759 1
441 806 1
442 666 1
443 930 1
444 550 1
444 644 1
444 848 1
444 913 1
444 915 1
445 841 1
446 636 1
447 468 1
447 529 1
447 757 1
448 573 1
448 750 1
450 643 1
451 701 1
451 951 1
452 498 1
452 739 1
452 932 1
453 509 1
453 518 1
454 970 1
454 974 1
455 465 1
455 582 1
455 768 1
455 774 1
455 832 1
455 935 1
456 901 1
457 653 1
457 937 1
458 524 1
458 535 1
458 964 1
459 878 1
460 776 1
461 636 1
461 840 1
461 853 1
462 556 1
462 562 1
462 566 1
462 643 1
462 851 1
462 978 1
463 633 1
463 637 1
463 831 1
463 854 1
465 479 1
465 677 1
466 556 1
466 642 1
466 915 1
468 722 1
468 833 1
468 968 1
469 679 1
469 769 1
471 656 1
471 666 1
471 847 1
472 507 1
472 742 1
472 765 1
472 822 1
472 882 1
472 913 1
472 922 1
474 711 1
474 733 1
475 889 1
475 983 1
475 985 1
478 905 1
480 703 1
480 834 1
480 991 1
482 488 1
483 635 1
484 541 1
484 586 1
484 591 1
485 577 1
485 639 1
485 870 1
485 983 1
486 739 1
487 494 1
487 528 1
487 565 1
487 574 1
487 594 1
487 604 1
487 687 1
487 789 1
487 873 1
487 988 1
488 536 1
488 641 1
488 770 1
489 526 1
489 529 1
489 567 1
489 812 1
489 961 1
490 577 1
490 716 1
491 534 1
492 643 1
492 811 1
493 847 1
493 980 1
494 769 1
495 579 1
495 644 1
496 557 1
496 603 1
496 701 1
496 907 1
497 606 1
498 717 1
498 737 1
498 956 1
499 510 1
499 707 1
500 511 1
500 547 1
500 655 1
500 761 1
500 916 1
501 502 1
502 537 1
502 562 1
502 736 1
503 587 1
503 900 1
504 527 1
504 842 1
505 568 1
505 656 1
505 829 1
506 700 1
506 881 1
506 891 1
507 866 1
507 915 1
508 571 1
508 839 1
509 512 1
509 827 1
510 758 1
510 812 1
511 522 1
511 673 1
511 773 1
511 808 1
514 607 1
514 656 1
514 899 1
517 579 1
517 721 1
517 910 1
518 824 1
518 912 1
520 919 1
521 634 1
521 720 1
521 814 1
521 832 1
521 950 1
523 630 1
523 725 1
524 713 1
526 590 1
526 628 1
526 673 1
526 756 1
526 790 1
526 828 1
526 936 1
526 969 1
528 913 1
529 610 1
529 824 1
529 831 1
530 655 1
530 948 1
531 775 1
532 820 1
533 583 1
533 710 1
533 802 1
533 991 1
534 615 1
534 667 1
534 671 1
534 939 1
534 968 1
535 698 1
535 891 1
535 920 1
537 639 1
537 702 1
537 910 1
538 698 1
538 735 1
538 898 1
538 928 1
538 992 1
539 619 1
540 664 1
540 799 1
542 544 1
542 806 1
543 827 1
544 742 1
544 890 1
546 925 1
548 838 1
548 989 1
549 748 1
549 876 1
549 881 1
549 969 1
550 639 1
550 836 1
551 688 1
551 760 1
551 825 1
553 958 1
554 573 1
554 648 1
556 644 1
556 661 1
556 668 1
556 894 1
557 586 1
557 699 1
557 788 1
557 865 1
558 648 1
558 836 1
559 688 1
559 832 1
560 735 1
560 849 1
560 876 1
561 646 1
561 948 1
562 649 1
563 578 1
563 718 1
563 886 1
563 900 1
565 615 1
565 652 1
565 737 1
565 805 1
565 867 1
566 578 1
566 630 1
566 753 1
566 771 1
566 863 1
567 895 1
568 958 1
569 612 1
569 681 1
575 667 1
575 673 1
575 850 1
576 959 1
577 977 1
580 612 1
580 666 1
580 956 1
583 702 1
583 838 1
584 593 1
584 623 1
584 679 1
584 696 1
584 966 1
586 684 1
587 633 1
587 635 1
587 651 1
587 686 1
587 896 1
587 985 1
589 715 1
589 928 1
590 641 1
591 812 1
591 908 1
592 602 1
592 686 1
594 640 1
594 651 1
594 764 1
597 967 1
598 607 1
598 624 1
598 840 1
599 799 1
599 857 1
600 614 1
600 894 1
601 728 1
601 757 1
601 930 1
602 708 1
603 625 1
603 762 1
604 894 1
608 965 1
609 938 1
610 950 1
611 690 1
611 712 1
612 934 1
613 635 1
613 846 1
614 949 1
614 999 1
615 665 1
615 767 1
615 787 1
617 745 1
617 748 1
617 882 1
618 782 1
618 861 1
620 809 1
620 819 1
623 634 1
623 759 1
625 650 1
625 744 1
625 763 1
625 810 1
625 955 1
626 795 1
627 779 1
628 633 1
628 804 1
628 848 1
628 867 1
628 960 1
629 659 1
629 678 1
629 731 1
629 766 1
629 983 1
632 814 1
632 815 1
633 658 1
634 668 1
635 746 1
635 887 1
636 696 1
636 886 1
637 966 1
639 756 1
640 875 1
642 961 1
643 730 1
643 737 1
644 873 1
645 980 1
649 785 1
649 830 1
649 921 1
650 909 1
652 664 1
652 785 1
653 656 1
653 814 1
653 821 1
655 769 1
655 894 1
656 715 1
656 833 1
657 753 1
658 801 1
659 800 1
659 944 1
660 784 1
662 768 1
663 718 1
663 989 1
664 856 1
664 982 1
665 746 1
665 796 1
665 886 1
668 700 1
668 746 1
669 729 1
669 856 1
670 830 1
670 887 1
671 777 1
671 923 1
672 722 1
672 938 1
673 764 1
673 946 1
675 879 1
677 685 1
677 777 1
678 692 1
678 845 1
678 949 1
678 952 1
679 788 1
680 755 1
680 804 1
680 811 1
680 821 1
681 872 1
682 731 1
683 880 1
687 718 1
688 838 1
688 879 1
689 696 1
689 826 1
690 741 1
690 796 1
691 742 1
691 841 1
691 853 1
694 887 1
695 798 1
695 883 1
695 957 1
696 816 1
696 962 1
698 827 1
698 881 1
700 773 1
700 899 1
702 766 1
702 918 1
703 744 1
705 944 1
707 751 1
707 794 1
709 845 1
711 930 1
713 778 1
713 933 1
714 990 1
715 982 1
716 717 1
716 935 1
717 801 1
722 797 1
722 813 1
723 753 1
723 880 1
723 954 1
725 807 1
727 981 1
728 934 1
730 858 1
731 896 1
732 876 1
732 878 1
734 968 1
734 973 1
735 824 1
735 932 1
735 966 1
739 866 1
742 976 1
745 767 1
745 827 1
745 842 1
745 904 1
747 810 1
747 817 1
750 908 1
751 793 1
751 837 1
753 964 1
755 902 1
756 835 1
758 794 1
759 881 1
760 914 1
761 860 1
763 822 1
764 987 1
770 832 1
772 798 1
774 986 1
775 893 1
778 994 1
782 823 1
783 931 1
784 935 1
785 984 1
785 1000 1
786 817 1
787 824 1
789 865 1
789 885 1
789 888 1
789 964 1
792 808 1
795 871 1
797 922 1
799 927 1
799 976 1
800 976 1
807 867 1
810 903 1
810 944 1
811 917 1
811 958 1
814 919 1
818 926 1
821 977 1
825 897 1
827 952 1
827 954 1
832 995 1
840 922 1
843 968 1
843 978 1
844 999 1
846 963 1
851 979 1
853 900 1
858 973 1
860 929 1
862 905 1
862 998 1
869 963 1
870 889 1
871 906 1
878 962 1
882 933 1
882 992 1
896 933 1
897 921 1
899 958 1
901 982 1
902 966 1
916 977 1
917 926 1
917 931 1
919 921 1
923 975 1
927 931 1
927 970 1
927 993 1
928 997 1
935 965 1
940 975 1
944 979 1
950 958 1
963 995 1
965 994 1
970 984 1
973 995 1
