1000 4975
1 2 1
1 3 1
1 4 1
1 5 1
1 6 1
1 7 1
1 8 1
1 9 1
1 10 1
1 11 1
1 12 1
1 13 1
1 14 1
1 16 1
1 17 1
1 20 1
1 21 1
1 22 1
1 23 1
1 24 1
1 25 1
1 26 1
1 27 1
1 28 1
1 33 1
1 37 1
1 45 1
1 46 1
1 55 1
1 56 1
1 57 1
1 60 1
1 64 1
1 68 1
1 70 1
1 72 1
1 76 1
1 78 1
1 79 1
1 82 1
1 84 1
1 87 1
1 92 1
1 93 1
1 94 1
1 96 1
1 99 1
1 100 1
1 103 1
1 105 1
1 109 1
1 112 1
1 115 1
1 116 1
1 119 1
1 120 1
1 122 1
1 125 1
1 127 1
1 129 1
1 132 1
1 135 1
1 137 1
1 142 1
1 144 1
1 149 1
1 153 1
1 161 1
1 164 1
1 165 1
1 175 1
1 183 1
1 184 1
1 190 1
1 208 1
1 212 1
1 219 1
1 228 1
1 232 1
1 236 1
1 240 1
1 266 1
1 268 1
1 275 1
1 279 1
1 282 1
1 289 1
1 291 1
1 296 1
1 297 1
1 301 1
1 302 1
1 306 1
1 307 1
1 308 1
1 316 1
1 317 1
1 337 1
1 349 1
1 351 1
1 356 1
1 358 1
1 372 1
1 377 1
1 381 1
1 384 1
1 386 1
1 400 1
1 404 1
1 405 1
1 412 1
1 416 1
1 419 1
1 437 1
1 441 1
1 450 1
1 457 1
1 462 1
1 480 1
1 483 1
1 488 1
1 489 1
1 499 1
1 504 1
1 514 1
1 526 1
1 531 1
1 541 1
1 550 1
1 588 1
1 600 1
1 612 1
1 623 1
1 625 1
1 631 1
1 644 1
1 661 1
1 687 1
1 691 1
1 692 1
1 696 1
1 699 1
1 703 1
1 708 1
1 716 1
1 723 1
1 737 1
1 741 1
1 746 1
1 751 1
1 753 1
1 755 1
1 763 1
1 802 1
1 807 1
1 816 1
1 826 1
1 834 1
1 835 1
1 838 1
1 858 1
1 875 1
1 897 1
1 902 1
1 921 1
1 941 1
1 944 1
1 961 1
1 978 1
1 980 1
1 981 1
1 982 1
1 983 1
1 999 1
2 7 1
2 8 1
2 9 1
2 10 1
2 12 1
2 14 1
2 25 1
2 28 1
2 29 1
2 30 1
2 36 1
2 37 1
2 49 1
2 50 1
2 51 1
2 63 1
2 66 1
2 73 1
2 75 1
2 77 1
2 81 1
2 85 1
2 97 1
2 104 1
2 112 1
2 118 1
2 120 1
2 121 1
2 138 1
2 150 1
2 162 1
2 178 1
2 210 1
2 212 1
2 215 1
2 229 1
2 234 1
2 238 1
2 244 1
2 259 1
2 266 1
2 300 1
2 321 1
2 328 1
2 342 1
2 357 1
2 382 1
2 394 1
2 407 1
2 409 1
2 410 1
2 418 1
2 421 1
2 466 1
2 477 1
2 487 1
2 495 1
2 498 1
2 516 1
2 537 1
2 538 1
2 569 1
2 585 1
2 590 1
2 595 1
2 601 1
2 632 1
2 635 1
2 667 1
2 712 1
2 733 1
2 735 1
2 742 1
2 844 1
2 888 1
2 896 1
2 919 1
2 927 1
2 939 1
2 954 1
2 960 1
2 964 1
2 980 1
2 984 1
3 44 1
3 148 1
3 152 1
3 369 1
3 414 1
3 639 1
4 7 1
4 9 1
4 15 1
4 19 1
4 36 1
4 43 1
4 87 1
4 117 1
4 130 1
4 167 1
4 170 1
4 198 1
4 227 1
4 326 1
4 363 1
4 412 1
4 465 1
4 467 1
4 711 1
4 973 1
5 7 1
5 8 1
5 10 1
5 12 1
5 17 1
5 22 1
5 23 1
5 24 1
5 34 1
5 50 1
5 64 1
5 80 1
5 98 1
5 113 1
5 128 1
5 158 1
5 183 1
5 197 1
5 206 1
5 209 1
5 218 1
5 248 1
5 256 1
5 295 1
5 345 1
5 380 1
5 405 1
5 423 1
5 434 1
5 468 1
5 494 1
5 534 1
5 551 1
5 572 1
5 583 1
5 593 1
5 594 1
5 605 1
5 607 1
5 608 1
5 622 1
5 629 1
5 776 1
5 779 1
5 793 1
5 796 1
5 831 1
5 844 1
5 943 1
5 983 1
6 7 1
6 8 1
6 11 1
6 15 1
6 16 1
6 18 1
6 24 1
6 30 1
6 32 1
6 54 1
6 65 1
6 74 1
6 82 1
6 88 1
6 95 1
6 196 1
6 224 1
6 230 1
6 240 1
6 292 1
6 315 1
6 348 1
6 401 1
6 403 1
6 433 1
6 473 1
6 487 1
6 504 1
6 515 1
6 528 1
6 620 1
6 756 1
7 8 1
7 9 1
7 10 1
7 11 1
7 13 1
7 15 1
7 16 1
7 17 1
7 23 1
7 33 1
7 79 1
7 86 1
7 110 1
7 136 1
7 156 1
7 164 1
7 172 1
7 178 1
7 195 1
7 221 1
7 248 1
7 262 1
7 265 1
7 303 1
7 309 1
7 341 1
7 351 1
7 424 1
7 439 1
7 451 1
7 536 1
7 597 1
7 654 1
7 848 1
7 907 1
7 913 1
7 959 1
7 985 1
8 9 1
8 12 1
8 13 1
8 14 1
8 15 1
8 17 1
8 18 1
8 19 1
8 21 1
8 27 1
8 29 1
8 30 1
8 31 1
8 33 1
8 34 1
8 36 1
8 37 1
8 38 1
8 39 1
8 43 1
8 50 1
8 54 1
8 55 1
8 58 1
8 60 1
8 63 1
8 67 1
8 69 1
8 76 1
8 83 1
8 91 1
8 112 1
8 119 1
8 122 1
8 126 1
8 131 1
8 134 1
8 139 1
8 140 1
8 145 1
8 154 1
8 155 1
8 160 1
8 170 1
8 177 1
8 178 1
8 180 1
8 183 1
8 187 1
8 195 1
8 201 1
8 205 1
8 207 1
8 208 1
8 221 1
8 235 1
8 257 1
8 258 1
8 264 1
8 274 1
8 281 1
8 285 1
8 288 1
8 342 1
8 344 1
8 372 1
8 374 1
8 380 1
8 399 1
8 411 1
8 418 1
8 421 1
8 431 1
8 443 1
8 448 1
8 451 1
8 456 1
8 473 1
8 488 1
8 499 1
8 505 1
8 514 1
8 566 1
8 573 1
8 584 1
8 586 1
8 590 1
8 592 1
8 599 1
8 626 1
8 646 1
8 652 1
8 669 1
8 675 1
8 676 1
8 695 1
8 715 1
8 756 1
8 761 1
8 788 1
8 801 1
8 905 1
8 921 1
8 951 1
8 967 1
8 970 1
8 974 1
8 979 1
8 992 1
9 10 1
9 11 1
9 12 1
9 13 1
9 16 1
9 21 1
9 22 1
9 23 1
9 26 1
9 32 1
9 33 1
9 35 1
9 40 1
9 44 1
9 59 1
9 62 1
9 66 1
9 67 1
9 73 1
9 88 1
9 115 1
9 118 1
9 126 1
9 130 1
9 139 1
9 186 1
9 192 1
9 218 1
9 226 1
9 236 1
9 248 1
9 266 1
9 283 1
9 296 1
9 330 1
9 368 1
9 372 1
9 384 1
9 387 1
9 419 1
9 453 1
9 511 1
9 527 1
9 558 1
9 589 1
9 605 1
9 654 1
9 658 1
9 716 1
9 737 1
9 740 1
9 790 1
9 799 1
9 823 1
9 831 1
9 833 1
9 889 1
9 896 1
9 898 1
9 956 1
10 11 1
10 13 1
10 16 1
10 19 1
10 25 1
10 28 1
10 35 1
10 45 1
10 49 1
10 50 1
10 57 1
10 60 1
10 65 1
10 73 1
10 75 1
10 87 1
10 93 1
10 98 1
10 107 1
10 114 1
10 116 1
10 121 1
10 127 1
10 134 1
10 136 1
10 147 1
10 153 1
10 174 1
10 190 1
10 197 1
10 207 1
10 230 1
10 249 1
10 282 1
10 284 1
10 285 1
10 293 1
10 322 1
10 326 1
10 346 1
10 384 1
10 392 1
10 403 1
10 429 1
10 435 1
10 445 1
10 506 1
10 535 1
10 547 1
10 548 1
10 587 1
10 602 1
10 606 1
10 611 1
10 638 1
10 655 1
10 662 1
10 666 1
10 698 1
10 725 1
10 753 1
10 757 1
10 773 1
10 774 1
10 775 1
10 802 1
10 806 1
10 860 1
10 896 1
10 972 1
10 974 1
10 983 1
11 15 1
11 18 1
11 21 1
11 26 1
11 27 1
11 41 1
11 60 1
11 62 1
11 79 1
11 89 1
11 96 1
11 101 1
11 102 1
11 104 1
11 108 1
11 119 1
11 135 1
11 137 1
11 145 1
11 166 1
11 189 1
11 195 1
11 225 1
11 241 1
11 252 1
11 269 1
11 277 1
11 299 1
11 319 1
11 331 1
11 386 1
11 395 1
11 434 1
11 458 1
11 502 1
11 524 1
11 539 1
11 581 1
11 586 1
11 633 1
11 652 1
11 677 1
11 766 1
11 782 1
11 813 1
11 817 1
11 832 1
11 833 1
11 842 1
11 846 1
11 858 1
11 901 1
11 929 1
11 930 1
11 984 1
11 986 1
12 14 1
12 17 1
12 20 1
12 27 1
12 30 1
12 32 1
12 46 1
12 48 1
12 71 1
12 74 1
12 77 1
12 82 1
12 102 1
12 108 1
12 110 1
12 141 1
12 153 1
12 154 1
12 178 1
12 214 1
12 220 1
12 251 1
12 265 1
12 281 1
12 317 1
12 323 1
12 328 1
12 335 1
12 337 1
12 359 1
12 390 1
12 449 1
12 455 1
12 466 1
12 481 1
12 489 1
12 555 1
12 571 1
12 682 1
12 690 1
12 718 1
12 772 1
13 14 1
13 19 1
13 20 1
13 21 1
13 25 1
13 26 1
13 36 1
13 38 1
13 44 1
13 54 1
13 55 1
13 59 1
13 61 1
13 64 1
13 68 1
13 69 1
13 76 1
13 77 1
13 103 1
13 107 1
13 130 1
13 133 1
13 146 1
13 147 1
13 182 1
13 196 1
13 199 1
13 202 1
13 211 1
13 215 1
13 217 1
13 226 1
13 283 1
13 296 1
13 316 1
13 335 1
13 342 1
13 346 1
13 368 1
13 375 1
13 392 1
13 398 1
13 417 1
13 420 1
13 425 1
13 430 1
13 432 1
13 438 1
13 482 1
13 486 1
13 504 1
13 508 1
13 542 1
13 546 1
13 549 1
13 552 1
13 566 1
13 570 1
13 602 1
13 621 1
13 653 1
13 666 1
13 699 1
13 701 1
13 702 1
13 716 1
13 761 1
13 769 1
13 789 1
13 812 1
13 823 1
13 841 1
13 854 1
13 862 1
13 870 1
13 887 1
13 912 1
13 943 1
13 994 1
14 19 1
14 24 1
14 25 1
14 28 1
14 31 1
14 41 1
14 44 1
14 48 1
14 51 1
14 56 1
14 69 1
14 70 1
14 107 1
14 146 1
14 148 1
14 154 1
14 161 1
14 175 1
14 179 1
14 187 1
14 192 1
14 232 1
14 313 1
14 319 1
14 320 1
14 380 1
14 390 1
14 391 1
14 406 1
14 424 1
14 425 1
14 427 1
14 457 1
14 470 1
14 546 1
14 562 1
14 603 1
14 629 1
14 661 1
14 714 1
14 830 1
14 861 1
14 904 1
14 948 1
14 978 1
14 987 1
15 18 1
15 20 1
15 35 1
15 39 1
15 43 1
15 51 1
15 105 1
15 158 1
15 211 1
15 213 1
15 249 1
15 333 1
15 355 1
15 378 1
15 407 1
15 477 1
15 499 1
15 544 1
15 717 1
15 896 1
15 911 1
15 987 1
16 20 1
16 22 1
16 31 1
16 34 1
16 40 1
16 47 1
16 88 1
16 94 1
16 110 1
16 128 1
16 144 1
16 198 1
16 218 1
16 219 1
16 227 1
16 255 1
16 278 1
16 310 1
16 330 1
16 376 1
16 400 1
16 547 1
16 594 1
16 595 1
16 607 1
16 618 1
16 635 1
16 708 1
16 759 1
16 768 1
16 770 1
16 784 1
16 821 1
16 879 1
16 928 1
16 947 1
16 949 1
16 973 1
17 18 1
17 32 1
17 37 1
17 94 1
17 121 1
17 177 1
17 181 1
17 188 1
17 212 1
17 222 1
17 225 1
17 231 1
17 237 1
17 238 1
17 246 1
17 247 1
17 258 1
17 316 1
17 319 1
17 367 1
17 403 1
17 431 1
17 432 1
17 433 1
17 440 1
17 496 1
17 515 1
17 574 1
17 580 1
17 600 1
17 670 1
17 681 1
17 717 1
17 720 1
17 736 1
17 741 1
17 788 1
17 823 1
17 854 1
17 861 1
18 29 1
18 39 1
18 45 1
18 56 1
18 100 1
18 117 1
18 127 1
18 280 1
18 477 1
18 557 1
18 573 1
18 623 1
18 667 1
18 725 1
18 752 1
18 802 1
18 840 1
19 24 1
19 34 1
19 38 1
19 42 1
19 46 1
19 58 1
19 80 1
19 120 1
19 124 1
19 129 1
19 154 1
19 162 1
19 176 1
19 189 1
19 192 1
19 194 1
19 227 1
19 230 1
19 245 1
19 285 1
19 305 1
19 315 1
19 471 1
19 566 1
19 613 1
19 620 1
19 641 1
19 650 1
19 670 1
19 671 1
19 698 1
19 722 1
19 767 1
19 779 1
19 792 1
19 843 1
19 860 1
19 887 1
19 901 1
19 915 1
19 936 1
19 949 1
19 973 1
19 992 1
20 40 1
20 111 1
20 116 1
20 142 1
20 174 1
20 180 1
20 209 1
20 220 1
20 229 1
20 256 1
20 257 1
20 263 1
20 280 1
20 367 1
20 408 1
20 530 1
20 564 1
20 567 1
20 569 1
20 571 1
20 598 1
20 615 1
20 619 1
20 638 1
20 668 1
20 726 1
21 22 1
21 23 1
21 30 1
21 31 1
21 32 1
21 36 1
21 39 1
21 43 1
21 46 1
21 47 1
21 50 1
21 52 1
21 56 1
21 57 1
21 61 1
21 64 1
21 72 1
21 73 1
21 78 1
21 86 1
21 92 1
21 95 1
21 106 1
21 114 1
21 122 1
21 124 1
21 131 1
21 147 1
21 150 1
21 151 1
21 160 1
21 161 1
21 165 1
21 168 1
21 169 1
21 171 1
21 172 1
21 174 1
21 191 1
21 208 1
21 228 1
21 231 1
21 235 1
21 241 1
21 242 1
21 265 1
21 278 1
21 287 1
21 299 1
21 302 1
21 311 1
21 318 1
21 331 1
21 353 1
21 363 1
21 378 1
21 425 1
21 448 1
21 469 1
21 478 1
21 487 1
21 498 1
21 529 1
21 538 1
21 542 1
21 545 1
21 550 1
21 569 1
21 576 1
21 578 1
21 579 1
21 628 1
21 634 1
21 652 1
21 657 1
21 660 1
21 674 1
21 675 1
21 688 1
21 727 1
21 741 1
21 749 1
21 754 1
21 829 1
21 848 1
21 867 1
21 880 1
21 920 1
22 27 1
22 28 1
22 34 1
22 35 1
22 47 1
22 51 1
22 59 1
22 72 1
22 74 1
22 75 1
22 89 1
22 106 1
22 121 1
22 136 1
22 143 1
22 184 1
22 188 1
22 196 1
22 201 1
22 222 1
22 235 1
22 260 1
22 270 1
22 318 1
22 321 1
22 323 1
22 352 1
22 389 1
22 398 1
22 399 1
22 405 1
22 430 1
22 442 1
22 444 1
22 482 1
22 497 1
22 512 1
22 550 1
22 575 1
22 589 1
22 611 1
22 617 1
22 647 1
22 650 1
22 677 1
22 697 1
22 726 1
22 747 1
22 772 1
22 777 1
22 829 1
22 916 1
22 969 1
22 1000 1
23 37 1
23 41 1
23 42 1
23 53 1
23 54 1
23 57 1
23 65 1
23 76 1
23 77 1
23 137 1
23 156 1
23 173 1
23 193 1
23 201 1
23 226 1
23 276 1
23 298 1
23 361 1
23 365 1
23 401 1
23 430 1
23 529 1
23 556 1
23 566 1
23 704 1
23 791 1
23 792 1
23 835 1
23 866 1
23 883 1
24 26 1
24 45 1
24 53 1
24 65 1
24 75 1
24 99 1
24 104 1
24 123 1
24 159 1
24 187 1
24 205 1
24 300 1
24 307 1
24 357 1
24 387 1
24 415 1
24 457 1
24 632 1
24 700 1
24 702 1
24 747 1
24 796 1
24 809 1
24 843 1
24 846 1
24 886 1
24 893 1
24 946 1
25 51 1
25 55 1
25 68 1
25 78 1
25 84 1
25 89 1
25 90 1
25 95 1
25 97 1
25 100 1
25 114 1
25 123 1
25 130 1
25 145 1
25 186 1
25 193 1
25 203 1
25 208 1
25 219 1
25 225 1
25 227 1
25 228 1
25 252 1
25 254 1
25 326 1
25 370 1
25 379 1
25 409 1
25 425 1
25 440 1
25 441 1
25 480 1
25 493 1
25 521 1
25 560 1
25 584 1
25 653 1
25 662 1
25 736 1
25 750 1
25 772 1
25 809 1
25 878 1
25 940 1
25 942 1
25 995 1
26 29 1
26 35 1
26 38 1
26 48 1
26 83 1
26 85 1
26 86 1
26 108 1
26 114 1
26 115 1
26 136 1
26 137 1
26 138 1
26 139 1
26 159 1
26 205 1
26 283 1
26 324 1
26 337 1
26 355 1
26 368 1
26 373 1
26 532 1
26 570 1
26 577 1
26 679 1
26 869 1
26 870 1
26 894 1
26 923 1
27 112 1
27 117 1
27 144 1
27 176 1
27 204 1
27 390 1
27 410 1
27 476 1
27 510 1
27 523 1
27 602 1
27 647 1
27 655 1
27 685 1
27 745 1
27 746 1
27 836 1
27 841 1
27 842 1
27 902 1
27 973 1
28 29 1
28 31 1
28 45 1
28 49 1
28 54 1
28 71 1
28 98 1
28 104 1
28 106 1
28 186 1
28 207 1
28 294 1
28 366 1
28 544 1
28 788 1
28 912 1
28 934 1
28 946 1
28 957 1
29 264 1
29 599 1
29 794 1
30 42 1
30 47 1
30 49 1
30 83 1
30 101 1
30 129 1
30 185 1
30 203 1
30 241 1
30 274 1
30 275 1
30 290 1
30 309 1
30 357 1
30 389 1
30 442 1
30 475 1
30 595 1
30 670 1
30 759 1
30 792 1
30 986 1
30 987 1
30 998 1
31 33 1
31 40 1
31 48 1
31 61 1
31 109 1
31 118 1
31 151 1
31 158 1
31 169 1
31 179 1
31 191 1
31 206 1
31 237 1
31 262 1
31 281 1
31 301 1
31 352 1
31 356 1
31 362 1
31 404 1
31 557 1
31 567 1
31 591 1
31 605 1
31 611 1
31 673 1
31 763 1
31 773 1
31 874 1
31 959 1
32 40 1
32 41 1
32 63 1
32 71 1
32 86 1
32 94 1
32 95 1
32 125 1
32 129 1
32 142 1
32 153 1
32 164 1
32 166 1
32 203 1
32 213 1
32 247 1
32 287 1
32 293 1
32 295 1
32 312 1
32 342 1
32 350 1
32 353 1
32 379 1
32 382 1
32 446 1
32 450 1
32 454 1
32 464 1
32 476 1
32 529 1
32 553 1
32 572 1
32 613 1
32 632 1
32 691 1
32 727 1
32 751 1
32 769 1
32 777 1
32 781 1
32 822 1
32 825 1
32 828 1
32 835 1
32 846 1
32 889 1
32 907 1
32 936 1
33 38 1
33 39 1
33 42 1
33 93 1
33 105 1
33 107 1
33 112 1
33 141 1
33 163 1
33 190 1
33 193 1
33 226 1
33 245 1
33 279 1
33 301 1
33 333 1
33 351 1
33 423 1
33 459 1
33 464 1
33 488 1
33 551 1
33 561 1
33 614 1
33 664 1
33 785 1
33 820 1
33 836 1
33 930 1
33 936 1
34 44 1
34 48 1
34 78 1
34 105 1
34 170 1
34 179 1
34 192 1
34 204 1
34 212 1
34 215 1
34 240 1
34 258 1
34 292 1
34 297 1
34 466 1
34 634 1
34 813 1
34 921 1
35 41 1
35 52 1
35 59 1
35 81 1
35 123 1
35 145 1
35 155 1
35 156 1
35 176 1
35 177 1
35 217 1
35 221 1
35 249 1
35 344 1
35 371 1
35 373 1
35 430 1
35 463 1
35 519 1
35 551 1
35 598 1
35 604 1
35 650 1
35 738 1
35 739 1
35 752 1
35 781 1
35 803 1
35 843 1
35 885 1
35 916 1
35 939 1
35 953 1
36 43 1
36 61 1
36 82 1
36 83 1
36 90 1
36 115 1
36 139 1
36 171 1
36 227 1
36 252 1
36 260 1
36 359 1
36 395 1
36 437 1
36 462 1
36 484 1
36 513 1
36 534 1
36 582 1
36 624 1
36 833 1
36 878 1
37 42 1
37 49 1
37 62 1
37 74 1
37 88 1
37 95 1
37 101 1
37 117 1
37 132 1
37 173 1
37 212 1
37 253 1
37 257 1
37 276 1
37 277 1
37 299 1
37 311 1
37 325 1
37 473 1
37 489 1
37 492 1
37 507 1
37 576 1
37 609 1
37 616 1
37 634 1
37 694 1
37 721 1
37 724 1
37 833 1
37 882 1
37 895 1
37 932 1
38 60 1
38 87 1
38 138 1
38 173 1
38 223 1
38 255 1
38 318 1
38 360 1
38 370 1
38 412 1
38 452 1
38 462 1
38 577 1
38 665 1
38 773 1
38 882 1
38 920 1
39 58 1
39 69 1
39 72 1
39 80 1
39 84 1
39 99 1
39 110 1
39 136 1
39 143 1
39 162 1
39 166 1
39 179 1
39 188 1
39 194 1
39 214 1
39 234 1
39 257 1
39 294 1
39 307 1
39 334 1
39 340 1
39 350 1
39 361 1
39 390 1
39 401 1
39 403 1
39 418 1
39 519 1
39 533 1
39 573 1
39 578 1
39 659 1
39 694 1
39 723 1
39 738 1
39 760 1
39 770 1
39 794 1
39 810 1
39 848 1
39 855 1
39 866 1
39 904 1
39 906 1
39 928 1
39 985 1
39 996 1
40 52 1
40 109 1
40 159 1
40 200 1
40 230 1
40 243 1
40 327 1
40 635 1
40 843 1
40 851 1
40 955 1
41 46 1
41 59 1
41 101 1
41 109 1
41 127 1
41 134 1
41 143 1
41 181 1
41 182 1
41 194 1
41 209 1
41 218 1
41 253 1
41 307 1
41 308 1
41 368 1
41 397 1
41 415 1
41 519 1
41 615 1
41 688 1
41 696 1
41 708 1
41 772 1
41 852 1
41 856 1
41 889 1
41 925 1
41 945 1
41 959 1
42 57 1
42 63 1
42 100 1
42 128 1
42 165 1
42 211 1
42 304 1
42 711 1
42 783 1
42 784 1
42 938 1
43 58 1
43 148 1
43 151 1
43 174 1
43 221 1
43 270 1
43 298 1
43 363 1
43 459 1
43 460 1
43 468 1
43 525 1
43 710 1
43 976 1
44 52 1
44 176 1
44 272 1
44 369 1
44 371 1
44 393 1
44 423 1
44 449 1
44 626 1
44 811 1
45 47 1
45 53 1
45 62 1
45 66 1
45 97 1
45 127 1
45 278 1
45 284 1
45 308 1
45 312 1
45 332 1
45 397 1
45 418 1
45 430 1
45 435 1
45 438 1
45 446 1
45 448 1
45 460 1
45 621 1
45 663 1
45 667 1
45 727 1
45 732 1
45 755 1
45 793 1
45 819 1
45 840 1
45 853 1
45 900 1
45 937 1
46 66 1
46 77 1
46 81 1
46 99 1
46 116 1
46 166 1
46 211 1
46 249 1
46 262 1
46 282 1
46 286 1
46 319 1
46 350 1
46 442 1
46 457 1
46 469 1
46 514 1
46 641 1
46 759 1
46 762 1
46 788 1
46 791 1
46 933 1
46 935 1
46 940 1
47 70 1
47 84 1
47 91 1
47 96 1
47 104 1
47 133 1
47 152 1
47 156 1
47 197 1
47 200 1
47 239 1
47 245 1
47 256 1
47 269 1
47 273 1
47 303 1
47 321 1
47 326 1
47 332 1
47 339 1
47 344 1
47 364 1
47 367 1
47 410 1
47 468 1
47 518 1
47 671 1
47 699 1
47 706 1
47 707 1
47 709 1
47 930 1
47 969 1
48 52 1
48 53 1
48 69 1
48 124 1
48 137 1
48 145 1
48 181 1
48 188 1
48 213 1
48 241 1
48 262 1
48 271 1
48 301 1
48 314 1
48 406 1
48 439 1
48 584 1
48 648 1
48 686 1
48 735 1
48 737 1
48 994 1
49 56 1
49 98 1
49 188 1
49 321 1
49 571 1
49 576 1
49 894 1
50 111 1
50 192 1
50 208 1
50 283 1
50 287 1
50 305 1
50 476 1
50 501 1
50 668 1
50 711 1
50 743 1
50 744 1
50 836 1
50 884 1
51 53 1
51 65 1
51 68 1
51 124 1
51 157 1
51 167 1
51 199 1
51 276 1
51 279 1
51 284 1
51 288 1
51 317 1
51 335 1
51 371 1
51 383 1
51 409 1
51 513 1
51 547 1
51 604 1
51 630 1
51 758 1
51 773 1
51 776 1
51 812 1
51 842 1
51 888 1
51 953 1
52 58 1
52 61 1
52 63 1
52 85 1
52 102 1
52 183 1
52 196 1
52 219 1
52 231 1
52 283 1
52 516 1
52 528 1
52 558 1
52 658 1
52 665 1
52 778 1
52 784 1
52 904 1
52 913 1
52 923 1
53 55 1
53 73 1
53 81 1
53 91 1
53 113 1
53 126 1
53 140 1
53 194 1
53 239 1
53 300 1
53 306 1
53 315 1
53 336 1
53 353 1
53 356 1
53 383 1
53 434 1
53 521 1
53 665 1
53 680 1
53 748 1
53 857 1
54 66 1
54 76 1
54 80 1
54 85 1
54 90 1
54 121 1
54 150 1
54 170 1
54 175 1
54 201 1
54 242 1
54 259 1
54 271 1
54 341 1
54 378 1
54 447 1
54 479 1
54 519 1
54 543 1
54 619 1
54 645 1
54 678 1
54 707 1
54 720 1
54 721 1
54 736 1
54 826 1
54 847 1
54 853 1
54 875 1
54 923 1
55 120 1
55 125 1
55 157 1
55 161 1
55 163 1
55 199 1
55 223 1
55 435 1
55 528 1
55 548 1
55 563 1
55 599 1
55 627 1
55 770 1
55 839 1
55 850 1
55 901 1
56 68 1
56 93 1
56 168 1
56 173 1
56 228 1
56 304 1
56 413 1
56 449 1
56 467 1
56 474 1
56 491 1
56 549 1
56 568 1
56 613 1
56 693 1
56 793 1
56 801 1
56 997 1
57 237 1
57 397 1
57 417 1
57 474 1
57 689 1
57 767 1
57 788 1
58 83 1
58 100 1
58 135 1
58 369 1
58 390 1
58 444 1
58 559 1
58 590 1
58 688 1
59 62 1
59 64 1
59 67 1
59 81 1
59 90 1
59 92 1
59 103 1
59 132 1
59 135 1
59 140 1
59 164 1
59 189 1
59 206 1
59 218 1
59 240 1
59 367 1
59 575 1
59 648 1
59 654 1
60 124 1
60 165 1
60 220 1
60 247 1
60 429 1
60 689 1
61 102 1
61 195 1
61 253 1
61 260 1
61 360 1
61 421 1
61 576 1
61 597 1
61 622 1
61 943 1
61 966 1
61 992 1
62 118 1
62 141 1
62 256 1
62 259 1
62 271 1
62 288 1
62 305 1
62 360 1
62 373 1
62 421 1
62 483 1
62 553 1
62 585 1
62 686 1
62 742 1
62 891 1
63 67 1
63 70 1
63 79 1
63 80 1
63 106 1
63 210 1
63 310 1
63 340 1
63 404 1
63 497 1
63 596 1
63 678 1
63 731 1
63 749 1
63 761 1
63 872 1
63 975 1
64 67 1
64 108 1
64 135 1
64 160 1
64 197 1
64 250 1
64 286 1
64 525 1
64 537 1
64 628 1
64 667 1
64 756 1
64 924 1
64 955 1
64 998 1
65 91 1
65 93 1
65 109 1
65 125 1
65 160 1
65 267 1
65 289 1
65 374 1
65 415 1
65 488 1
65 587 1
65 713 1
65 744 1
65 838 1
65 839 1
65 856 1
65 899 1
66 71 1
66 123 1
66 147 1
66 224 1
66 279 1
66 312 1
66 705 1
66 807 1
67 146 1
67 204 1
67 246 1
67 280 1
67 428 1
67 536 1
67 755 1
68 70 1
68 88 1
68 103 1
68 151 1
68 155 1
68 223 1
68 260 1
68 286 1
68 348 1
68 455 1
68 583 1
68 592 1
68 645 1
68 653 1
68 695 1
68 749 1
68 912 1
69 72 1
69 97 1
69 162 1
69 163 1
69 168 1
69 173 1
69 237 1
69 239 1
69 292 1
69 351 1
69 361 1
69 362 1
69 386 1
69 444 1
69 518 1
69 522 1
69 630 1
69 710 1
69 857 1
69 869 1
69 875 1
69 885 1
70 71 1
70 75 1
70 94 1
70 149 1
70 160 1
70 169 1
70 171 1
70 303 1
70 347 1
70 374 1
70 428 1
70 491 1
70 504 1
70 548 1
70 608 1
70 610 1
70 633 1
70 685 1
70 729 1
70 900 1
70 910 1
70 948 1
70 957 1
70 958 1
71 78 1
71 96 1
71 115 1
71 131 1
71 154 1
71 171 1
71 277 1
71 300 1
71 309 1
71 330 1
71 422 1
71 453 1
71 467 1
71 479 1
71 492 1
71 518 1
71 523 1
71 565 1
71 600 1
71 604 1
71 606 1
71 643 1
71 670 1
71 682 1
71 702 1
71 703 1
71 712 1
71 782 1
71 789 1
71 810 1
71 969 1
72 185 1
72 263 1
72 365 1
72 380 1
72 504 1
72 526 1
72 529 1
72 581 1
72 595 1
73 74 1
73 146 1
73 203 1
73 204 1
73 205 1
73 210 1
73 259 1
73 276 1
73 449 1
73 744 1
74 85 1
74 169 1
74 250 1
74 251 1
74 329 1
74 366 1
74 452 1
74 505 1
74 532 1
74 562 1
74 703 1
74 929 1
75 87 1
75 105 1
75 138 1
75 175 1
75 265 1
75 304 1
75 349 1
75 409 1
75 419 1
75 495 1
75 579 1
75 808 1
75 961 1
75 976 1
76 82 1
76 91 1
76 108 1
76 125 1
76 138 1
76 151 1
76 253 1
76 381 1
76 567 1
76 574 1
76 580 1
76 663 1
76 700 1
77 84 1
77 152 1
77 155 1
77 166 1
77 182 1
77 196 1
77 233 1
77 267 1
77 300 1
77 305 1
77 576 1
77 616 1
77 686 1
77 906 1
77 944 1
77 964 1
78 79 1
78 90 1
78 150 1
78 181 1
78 225 1
78 463 1
78 498 1
78 630 1
78 649 1
78 908 1
79 92 1
79 191 1
79 199 1
79 202 1
79 211 1
79 336 1
79 338 1
79 353 1
79 370 1
79 399 1
79 465 1
79 486 1
79 538 1
79 660 1
79 774 1
79 795 1
79 967 1
80 86 1
80 97 1
80 106 1
80 131 1
80 134 1
80 143 1
80 190 1
80 222 1
80 238 1
80 251 1
80 269 1
80 345 1
80 372 1
80 477 1
80 545 1
80 628 1
80 835 1
80 837 1
80 939 1
80 959 1
81 169 1
81 245 1
81 269 1
81 288 1
81 346 1
81 521 1
81 622 1
81 743 1
81 871 1
81 926 1
81 953 1
82 159 1
82 310 1
82 311 1
82 474 1
82 742 1
82 863 1
83 96 1
83 140 1
83 149 1
83 156 1
83 163 1
83 209 1
83 232 1
83 271 1
83 328 1
83 338 1
83 676 1
83 716 1
83 912 1
83 975 1
84 89 1
84 111 1
84 276 1
84 301 1
84 371 1
84 536 1
84 605 1
84 609 1
84 637 1
84 663 1
84 680 1
84 752 1
84 757 1
84 806 1
84 918 1
84 944 1
85 98 1
85 261 1
85 264 1
85 362 1
85 394 1
85 454 1
85 458 1
85 501 1
85 600 1
85 613 1
85 639 1
85 781 1
86 153 1
86 182 1
86 185 1
86 207 1
86 234 1
86 385 1
86 393 1
86 394 1
86 416 1
86 428 1
86 541 1
86 544 1
86 673 1
86 709 1
86 830 1
86 881 1
86 925 1
87 89 1
87 113 1
87 132 1
87 328 1
87 331 1
87 334 1
87 352 1
87 422 1
87 433 1
87 542 1
87 709 1
87 790 1
88 101 1
88 113 1
88 179 1
88 213 1
88 315 1
88 337 1
88 428 1
88 503 1
88 549 1
88 575 1
88 580 1
88 602 1
88 620 1
88 718 1
88 749 1
88 775 1
88 864 1
88 962 1
89 116 1
89 120 1
89 140 1
89 143 1
89 282 1
89 325 1
89 465 1
89 574 1
89 955 1
90 111 1
90 130 1
90 233 1
90 275 1
90 332 1
90 398 1
90 530 1
90 762 1
90 879 1
90 969 1
91 92 1
91 123 1
91 142 1
91 149 1
91 278 1
91 297 1
91 363 1
91 414 1
91 528 1
91 550 1
91 649 1
91 692 1
91 764 1
91 770 1
91 786 1
91 797 1
91 867 1
92 99 1
92 118 1
92 122 1
92 133 1
92 146 1
92 186 1
92 210 1
92 238 1
92 268 1
92 385 1
92 517 1
92 666 1
92 883 1
92 888 1
92 922 1
92 935 1
92 993 1
93 167 1
93 436 1
93 560 1
93 657 1
93 813 1
93 891 1
93 900 1
93 971 1
94 148 1
94 183 1
94 263 1
94 339 1
94 426 1
94 461 1
94 649 1
94 731 1
95 217 1
95 224 1
95 738 1
95 880 1
96 236 1
96 246 1
96 275 1
96 355 1
96 357 1
96 461 1
96 603 1
96 723 1
96 799 1
96 878 1
96 976 1
97 119 1
97 141 1
97 147 1
97 172 1
97 174 1
97 178 1
97 186 1
97 200 1
97 220 1
97 232 1
97 339 1
97 354 1
97 364 1
97 387 1
97 501 1
97 702 1
97 714 1
97 723 1
97 745 1
97 763 1
97 825 1
97 951 1
98 157 1
98 184 1
98 275 1
98 420 1
98 498 1
98 545 1
98 583 1
98 629 1
98 822 1
99 103 1
99 126 1
99 157 1
99 158 1
99 187 1
99 229 1
99 280 1
99 292 1
99 317 1
99 323 1
99 333 1
99 346 1
99 348 1
99 354 1
99 406 1
99 420 1
99 436 1
99 473 1
99 487 1
99 497 1
99 522 1
99 530 1
99 532 1
99 540 1
99 587 1
99 693 1
99 782 1
99 830 1
99 865 1
99 959 1
100 119 1
100 171 1
100 202 1
100 223 1
100 249 1
100 254 1
100 363 1
100 379 1
100 383 1
100 459 1
100 475 1
100 493 1
100 722 1
100 730 1
100 737 1
101 102 1
101 107 1
101 122 1
101 129 1
101 131 1
101 152 1
101 200 1
101 264 1
101 267 1
101 286 1
101 318 1
101 462 1
101 475 1
101 490 1
101 548 1
101 556 1
101 563 1
101 595 1
101 617 1
101 752 1
101 794 1
101 800 1
101 911 1
101 939 1
101 961 1
102 215 1
102 235 1
102 309 1
102 312 1
102 344 1
102 388 1
102 455 1
102 520 1
102 567 1
102 684 1
102 715 1
103 110 1
103 193 1
103 323 1
103 365 1
103 370 1
103 427 1
103 565 1
103 582 1
103 666 1
103 696 1
103 965 1
104 111 1
104 113 1
104 133 1
104 245 1
104 302 1
104 392 1
104 424 1
104 510 1
104 527 1
104 613 1
104 810 1
104 857 1
104 921 1
105 242 1
105 266 1
105 451 1
105 531 1
105 539 1
105 685 1
105 690 1
105 695 1
106 185 1
106 413 1
106 439 1
106 615 1
106 846 1
106 859 1
107 175 1
107 265 1
107 811 1
107 859 1
108 114 1
108 155 1
108 417 1
108 790 1
108 980 1
109 167 1
109 216 1
109 272 1
109 414 1
109 454 1
109 510 1
109 523 1
109 542 1
109 563 1
109 697 1
109 714 1
109 852 1
109 983 1
110 126 1
110 139 1
110 233 1
110 241 1
110 444 1
110 484 1
110 532 1
110 556 1
110 643 1
110 803 1
110 941 1
111 141 1
111 221 1
111 256 1
111 260 1
111 268 1
111 316 1
111 402 1
111 478 1
111 534 1
111 539 1
111 594 1
111 700 1
111 774 1
111 776 1
111 866 1
111 967 1
112 355 1
112 549 1
112 748 1
113 132 1
113 252 1
113 509 1
113 533 1
113 747 1
113 834 1
114 150 1
114 298 1
114 347 1
114 396 1
114 578 1
114 746 1
114 970 1
115 117 1
115 314 1
115 442 1
115 502 1
116 394 1
116 408 1
116 474 1
116 536 1
116 544 1
116 657 1
116 918 1
117 294 1
117 487 1
117 500 1
117 750 1
118 163 1
118 250 1
118 314 1
118 522 1
118 731 1
118 763 1
119 128 1
119 144 1
119 184 1
119 523 1
119 530 1
119 876 1
119 995 1
120 236 1
120 364 1
120 464 1
120 536 1
120 672 1
120 748 1
121 164 1
121 195 1
121 255 1
121 452 1
122 128 1
122 133 1
122 142 1
122 185 1
122 209 1
122 214 1
122 220 1
122 244 1
122 270 1
122 615 1
122 651 1
122 720 1
122 729 1
122 736 1
122 740 1
122 764 1
122 892 1
123 335 1
123 432 1
123 652 1
124 233 1
124 485 1
124 816 1
124 914 1
125 210 1
125 293 1
125 424 1
125 453 1
125 609 1
126 176 1
126 226 1
126 268 1
126 305 1
126 347 1
126 353 1
126 449 1
126 479 1
126 554 1
126 625 1
126 627 1
126 747 1
126 762 1
126 908 1
127 165 1
127 197 1
127 327 1
127 360 1
127 377 1
127 616 1
128 134 1
128 148 1
128 149 1
128 170 1
128 224 1
128 306 1
128 338 1
128 400 1
128 445 1
128 472 1
128 479 1
128 617 1
128 680 1
128 774 1
129 240 1
129 441 1
129 660 1
130 159 1
130 203 1
131 177 1
131 228 1
131 289 1
131 343 1
131 366 1
131 452 1
131 460 1
131 492 1
131 550 1
131 552 1
131 563 1
131 637 1
131 967 1
132 213 1
132 295 1
132 419 1
132 489 1
132 492 1
132 620 1
132 746 1
133 172 1
133 177 1
133 243 1
133 255 1
133 269 1
133 272 1
133 289 1
133 314 1
133 330 1
133 354 1
133 358 1
133 427 1
133 545 1
133 640 1
133 656 1
133 717 1
133 876 1
133 907 1
134 193 1
134 201 1
134 297 1
134 308 1
134 332 1
134 336 1
134 402 1
134 406 1
134 450 1
134 625 1
134 655 1
134 691 1
134 697 1
134 896 1
134 920 1
135 238 1
135 291 1
135 310 1
135 341 1
135 381 1
135 388 1
135 598 1
135 659 1
135 752 1
136 168 1
136 199 1
136 246 1
136 396 1
136 518 1
136 523 1
136 596 1
136 849 1
136 867 1
136 949 1
136 996 1
137 167 1
137 290 1
137 291 1
137 295 1
137 304 1
137 327 1
137 329 1
137 458 1
137 713 1
137 724 1
137 725 1
137 887 1
137 963 1
138 182 1
138 216 1
138 222 1
138 340 1
138 389 1
138 486 1
138 650 1
139 144 1
139 158 1
139 168 1
139 284 1
139 325 1
139 491 1
139 655 1
139 679 1
139 822 1
139 880 1
140 152 1
140 217 1
140 304 1
140 356 1
140 507 1
140 535 1
140 545 1
140 618 1
140 674 1
140 819 1
140 931 1
140 960 1
140 976 1
140 999 1
141 244 1
141 272 1
141 285 1
141 295 1
141 802 1
141 818 1
141 927 1
141 952 1
142 251 1
142 324 1
142 526 1
142 618 1
142 658 1
142 718 1
142 782 1
143 180 1
143 205 1
143 277 1
143 278 1
143 313 1
143 441 1
143 460 1
143 480 1
143 553 1
143 636 1
143 662 1
143 732 1
143 780 1
143 829 1
144 287 1
144 311 1
144 398 1
144 445 1
144 452 1
144 729 1
144 915 1
145 162 1
145 307 1
145 376 1
145 502 1
145 724 1
146 264 1
146 326 1
146 427 1
146 458 1
146 513 1
146 583 1
146 626 1
147 419 1
147 508 1
147 532 1
147 562 1
147 815 1
147 833 1
148 202 1
148 274 1
148 600 1
148 642 1
149 202 1
149 216 1
149 246 1
149 312 1
149 340 1
149 448 1
149 577 1
149 865 1
150 172 1
150 206 1
150 338 1
150 366 1
150 373 1
150 850 1
150 929 1
150 992 1
151 290 1
151 291 1
151 466 1
152 243 1
152 446 1
152 512 1
152 588 1
152 818 1
152 867 1
152 876 1
152 895 1
152 916 1
153 382 1
153 731 1
153 877 1
154 217 1
154 254 1
154 324 1
154 413 1
154 438 1
154 440 1
154 692 1
154 821 1
154 950 1
155 157 1
155 250 1
155 284 1
155 343 1
155 440 1
155 721 1
155 844 1
156 232 1
156 242 1
156 322 1
156 501 1
156 579 1
156 678 1
156 743 1
157 219 1
157 234 1
157 244 1
157 273 1
157 383 1
157 397 1
157 420 1
157 455 1
157 459 1
157 581 1
157 591 1
157 834 1
158 194 1
158 261 1
158 293 1
158 438 1
158 456 1
158 471 1
158 832 1
158 940 1
159 382 1
159 404 1
159 420 1
159 607 1
159 705 1
160 161 1
160 258 1
160 829 1
161 181 1
161 189 1
161 235 1
161 334 1
161 907 1
161 921 1
162 374 1
162 375 1
162 786 1
162 852 1
163 224 1
163 243 1
163 376 1
163 377 1
163 388 1
163 491 1
163 690 1
164 499 1
164 814 1
165 270 1
165 358 1
165 389 1
165 408 1
165 630 1
165 688 1
165 758 1
166 180 1
166 215 1
166 293 1
166 327 1
166 394 1
166 471 1
166 475 1
167 338 1
167 349 1
167 377 1
167 380 1
167 653 1
168 248 1
168 261 1
168 263 1
168 618 1
168 739 1
168 803 1
168 869 1
168 946 1
169 184 1
169 272 1
169 455 1
169 486 1
169 589 1
169 684 1
169 758 1
169 824 1
170 190 1
170 233 1
170 350 1
170 424 1
170 426 1
170 470 1
170 558 1
170 693 1
170 890 1
171 216 1
171 537 1
171 972 1
172 216 1
172 544 1
172 578 1
172 633 1
172 845 1
173 904 1
173 909 1
174 191 1
174 198 1
174 207 1
174 317 1
174 445 1
175 311 1
175 384 1
175 447 1
175 643 1
175 792 1
176 187 1
176 223 1
176 412 1
176 493 1
176 579 1
176 673 1
176 785 1
177 204 1
177 546 1
177 611 1
177 627 1
177 848 1
178 874 1
179 180 1
179 191 1
179 239 1
179 244 1
179 336 1
179 391 1
179 632 1
179 674 1
179 697 1
179 707 1
179 724 1
179 828 1
179 893 1
179 905 1
180 214 1
180 234 1
180 302 1
180 491 1
180 500 1
180 719 1
180 931 1
180 932 1
181 189 1
181 384 1
181 507 1
181 686 1
181 883 1
182 268 1
182 709 1
182 721 1
182 791 1
182 997 1
183 198 1
183 214 1
183 254 1
183 329 1
183 776 1
183 818 1
183 839 1
183 943 1
184 274 1
184 299 1
184 570 1
184 639 1
184 684 1
184 837 1
184 898 1
185 428 1
186 230 1
186 263 1
186 273 1
186 290 1
186 297 1
186 393 1
186 437 1
186 446 1
186 478 1
186 541 1
186 606 1
186 624 1
186 631 1
186 902 1
186 965 1
187 918 1
188 367 1
188 556 1
189 357 1
189 359 1
189 728 1
189 733 1
189 756 1
189 765 1
189 889 1
189 900 1
189 902 1
190 341 1
190 400 1
190 436 1
190 468 1
190 489 1
190 668 1
190 854 1
191 693 1
191 927 1
192 292 1
192 299 1
192 444 1
192 572 1
192 605 1
192 869 1
193 349 1
193 496 1
193 509 1
193 676 1
193 760 1
193 769 1
193 847 1
194 200 1
194 206 1
194 231 1
194 252 1
194 270 1
194 381 1
194 411 1
194 413 1
194 426 1
194 640 1
194 861 1
196 198 1
196 303 1
196 391 1
196 402 1
196 407 1
196 464 1
196 621 1
196 657 1
196 698 1
196 852 1
196 879 1
196 918 1
197 393 1
197 451 1
197 515 1
197 719 1
197 891 1
197 900 1
198 322 1
198 368 1
198 490 1
198 524 1
198 718 1
198 746 1
198 798 1
198 850 1
199 225 1
200 236 1
200 375 1
200 399 1
200 438 1
200 471 1
200 473 1
200 701 1
200 714 1
200 855 1
200 875 1
200 928 1
200 983 1
201 222 1
201 308 1
201 313 1
201 330 1
201 352 1
201 385 1
201 386 1
201 387 1
201 437 1
201 482 1
201 743 1
201 930 1
201 965 1
202 508 1
202 515 1
202 517 1
202 556 1
202 764 1
202 822 1
203 355 1
203 643 1
203 805 1
203 838 1
203 907 1
203 957 1
204 429 1
204 581 1
204 694 1
204 714 1
204 870 1
205 273 1
205 348 1
205 599 1
205 619 1
205 887 1
206 601 1
206 873 1
207 253 1
207 255 1
207 336 1
207 340 1
207 437 1
207 483 1
207 560 1
207 827 1
207 905 1
207 913 1
208 274 1
208 291 1
208 411 1
208 598 1
208 639 1
208 928 1
209 343 1
209 492 1
209 611 1
209 978 1
210 229 1
210 279 1
210 495 1
210 542 1
210 683 1
210 730 1
210 748 1
210 903 1
210 990 1
211 247 1
211 250 1
211 281 1
211 769 1
211 812 1
211 877 1
212 261 1
212 289 1
212 294 1
212 325 1
212 339 1
212 379 1
212 681 1
212 797 1
212 798 1
212 808 1
213 247 1
213 320 1
213 588 1
213 891 1
213 965 1
214 533 1
215 242 1
215 358 1
215 655 1
215 670 1
215 925 1
215 987 1
216 699 1
216 960 1
217 313 1
217 375 1
217 511 1
217 564 1
217 593 1
217 915 1
217 997 1
218 343 1
218 391 1
218 408 1
218 511 1
218 610 1
219 337 1
219 414 1
219 478 1
219 668 1
220 559 1
221 261 1
221 318 1
221 334 1
221 434 1
221 623 1
221 685 1
221 772 1
222 243 1
222 333 1
222 389 1
222 612 1
222 662 1
222 722 1
222 981 1
223 443 1
223 463 1
223 490 1
223 572 1
223 765 1
223 787 1
223 814 1
223 849 1
223 936 1
223 958 1
223 968 1
224 354 1
224 391 1
225 229 1
225 239 1
225 248 1
225 332 1
225 553 1
225 585 1
225 658 1
225 775 1
225 826 1
225 840 1
226 280 1
226 657 1
226 754 1
226 904 1
227 231 1
227 313 1
227 314 1
227 373 1
227 387 1
227 481 1
227 543 1
227 568 1
227 623 1
227 705 1
227 808 1
227 854 1
228 474 1
228 968 1
229 273 1
229 508 1
229 524 1
229 568 1
229 646 1
229 713 1
229 790 1
229 991 1
230 425 1
231 286 1
231 451 1
231 472 1
231 569 1
231 695 1
231 783 1
231 884 1
232 282 1
232 661 1
232 994 1
233 494 1
233 972 1
234 259 1
234 310 1
234 339 1
234 422 1
234 435 1
234 500 1
234 560 1
234 614 1
234 637 1
234 664 1
234 853 1
235 237 1
235 251 1
235 753 1
235 834 1
235 872 1
236 267 1
236 294 1
236 709 1
236 750 1
237 257 1
237 361 1
237 417 1
237 534 1
237 587 1
237 672 1
237 924 1
238 331 1
238 369 1
238 372 1
238 376 1
238 377 1
238 417 1
238 582 1
239 348 1
239 406 1
239 426 1
239 485 1
239 495 1
239 664 1
239 705 1
240 262 1
240 306 1
240 465 1
240 516 1
240 822 1
240 955 1
240 990 1
241 298 1
241 441 1
241 568 1
241 642 1
241 779 1
242 493 1
242 531 1
242 574 1
242 580 1
242 590 1
243 285 1
243 347 1
243 724 1
243 774 1
243 877 1
244 899 1
244 910 1
245 254 1
245 303 1
245 320 1
245 345 1
245 520 1
245 932 1
246 469 1
246 552 1
247 267 1
247 402 1
247 423 1
247 679 1
247 790 1
248 335 1
248 350 1
248 594 1
248 770 1
248 806 1
249 524 1
249 591 1
249 706 1
249 778 1
249 799 1
250 321 1
250 341 1
250 524 1
250 543 1
250 554 1
250 638 1
250 749 1
250 963 1
251 559 1
251 879 1
251 989 1
252 383 1
252 396 1
252 415 1
252 722 1
253 287 1
253 343 1
253 361 1
253 395 1
253 616 1
253 630 1
253 684 1
253 824 1
254 258 1
254 277 1
254 333 1
254 460 1
254 476 1
254 485 1
254 540 1
254 662 1
254 880 1
255 708 1
255 836 1
256 443 1
256 496 1
256 644 1
256 771 1
256 971 1
257 538 1
257 661 1
257 673 1
257 675 1
257 890 1
257 952 1
258 502 1
258 511 1
258 557 1
258 625 1
258 862 1
259 346 1
259 439 1
259 507 1
259 634 1
259 813 1
259 897 1
259 923 1
259 941 1
259 952 1
260 328 1
260 781 1
260 787 1
260 832 1
260 970 1
260 991 1
261 266 1
261 678 1
262 316 1
262 603 1
262 633 1
262 640 1
263 404 1
263 527 1
263 669 1
263 735 1
264 271 1
264 375 1
264 429 1
264 689 1
264 737 1
264 809 1
265 720 1
265 814 1
265 820 1
266 374 1
266 429 1
266 591 1
267 306 1
267 329 1
267 640 1
267 931 1
268 362 1
268 365 1
268 450 1
269 401 1
269 689 1
270 281 1
270 320 1
270 512 1
270 606 1
270 651 1
270 681 1
270 777 1
271 323 1
271 476 1
271 607 1
272 342 1
272 531 1
274 753 1
275 344 1
275 446 1
275 490 1
275 765 1
276 290 1
276 296 1
276 488 1
276 645 1
276 800 1
276 919 1
276 935 1
277 399 1
277 410 1
277 531 1
277 546 1
277 638 1
277 713 1
277 946 1
277 977 1
279 298 1
279 458 1
279 539 1
279 877 1
279 885 1
279 926 1
279 960 1
279 972 1
280 516 1
280 697 1
280 769 1
280 805 1
281 354 1
281 364 1
281 371 1
281 454 1
281 500 1
281 711 1
281 748 1
281 944 1
282 463 1
282 658 1
282 692 1
282 845 1
282 941 1
282 987 1
283 385 1
283 413 1
283 703 1
283 970 1
283 982 1
284 882 1
284 928 1
284 1000 1
285 322 1
285 432 1
285 669 1
285 698 1
285 700 1
285 751 1
285 861 1
285 963 1
285 989 1
286 465 1
286 509 1
286 615 1
286 913 1
287 288 1
287 302 1
287 327 1
287 610 1
287 659 1
287 684 1
287 760 1
287 791 1
287 976 1
289 324 1
289 359 1
289 712 1
289 852 1
289 875 1
289 979 1
290 415 1
290 751 1
290 810 1
290 982 1
291 401 1
291 505 1
291 506 1
291 933 1
291 970 1
292 365 1
292 621 1
293 386 1
293 395 1
293 434 1
293 443 1
293 459 1
293 793 1
294 296 1
294 470 1
294 575 1
294 643 1
294 647 1
294 781 1
294 856 1
295 392 1
295 480 1
295 691 1
295 865 1
296 461 1
296 919 1
297 411 1
297 505 1
297 641 1
298 559 1
298 690 1
298 727 1
299 462 1
299 484 1
299 947 1
300 334 1
300 397 1
301 472 1
301 490 1
301 864 1
302 309 1
302 322 1
302 325 1
302 370 1
302 448 1
302 467 1
302 692 1
302 722 1
302 765 1
302 845 1
302 932 1
303 324 1
303 411 1
303 641 1
303 744 1
303 753 1
303 823 1
303 898 1
304 436 1
304 447 1
304 660 1
304 897 1
305 315 1
305 456 1
305 561 1
305 584 1
305 589 1
305 646 1
305 849 1
306 329 1
306 356 1
306 560 1
306 636 1
306 956 1
306 979 1
307 500 1
307 716 1
307 729 1
308 379 1
308 495 1
308 557 1
308 760 1
308 940 1
309 319 1
309 540 1
309 669 1
309 804 1
309 938 1
309 975 1
310 378 1
310 534 1
310 710 1
311 651 1
311 717 1
311 849 1
312 358 1
312 439 1
312 497 1
313 360 1
313 707 1
313 808 1
314 320 1
314 853 1
315 362 1
315 412 1
315 433 1
315 467 1
315 469 1
315 566 1
315 734 1
315 808 1
315 934 1
315 966 1
316 369 1
316 450 1
316 665 1
317 395 1
317 431 1
317 475 1
317 501 1
317 568 1
317 656 1
317 664 1
317 704 1
317 811 1
317 826 1
318 461 1
318 503 1
318 903 1
319 811 1
320 481 1
320 673 1
320 675 1
320 683 1
320 728 1
320 849 1
320 916 1
321 974 1
322 503 1
323 405 1
323 838 1
324 388 1
324 479 1
324 701 1
324 809 1
325 345 1
325 440 1
325 525 1
325 541 1
325 719 1
325 805 1
326 366 1
326 601 1
326 801 1
326 938 1
328 478 1
328 819 1
329 359 1
329 422 1
329 463 1
329 554 1
329 572 1
329 698 1
329 700 1
329 830 1
329 873 1
330 331 1
330 345 1
331 442 1
331 525 1
331 552 1
331 659 1
331 825 1
332 562 1
332 628 1
332 990 1
333 410 1
333 426 1
333 461 1
333 494 1
333 559 1
333 651 1
333 760 1
333 847 1
333 873 1
333 926 1
334 376 1
334 508 1
334 521 1
334 612 1
334 624 1
334 685 1
334 699 1
334 795 1
335 388 1
335 509 1
335 636 1
335 696 1
335 707 1
335 824 1
335 966 1
336 454 1
336 573 1
336 730 1
336 796 1
336 798 1
336 901 1
337 423 1
337 435 1
337 955 1
338 554 1
338 558 1
338 857 1
340 347 1
341 712 1
342 625 1
343 385 1
343 422 1
343 469 1
343 472 1
343 480 1
343 626 1
343 653 1
343 704 1
343 784 1
343 825 1
343 841 1
343 866 1
343 964 1
343 998 1
344 352 1
344 565 1
345 407 1
345 520 1
345 588 1
345 909 1
346 547 1
346 587 1
346 883 1
347 349 1
347 636 1
348 553 1
349 351 1
349 398 1
349 431 1
349 642 1
349 696 1
349 715 1
349 824 1
349 844 1
349 868 1
349 899 1
350 403 1
350 421 1
350 598 1
350 669 1
350 775 1
350 784 1
351 409 1
351 445 1
351 675 1
352 364 1
352 597 1
352 687 1
353 708 1
353 776 1
353 945 1
353 990 1
354 580 1
354 739 1
354 829 1
355 381 1
355 609 1
356 499 1
356 526 1
357 619 1
357 754 1
357 841 1
358 408 1
358 520 1
358 527 1
358 687 1
359 513 1
359 782 1
359 840 1
360 608 1
361 527 1
361 712 1
361 818 1
361 891 1
362 663 1
362 858 1
363 471 1
363 506 1
363 592 1
363 601 1
363 622 1
363 728 1
364 416 1
364 484 1
364 514 1
364 522 1
364 604 1
365 493 1
365 509 1
365 590 1
366 958 1
367 507 1
367 574 1
368 447 1
368 715 1
368 832 1
368 903 1
371 990 1
373 528 1
373 571 1
373 607 1
373 905 1
374 405 1
374 512 1
374 593 1
375 378 1
375 382 1
375 688 1
375 981 1
376 392 1
376 470 1
376 555 1
376 663 1
376 680 1
377 436 1
377 741 1
380 393 1
380 517 1
381 396 1
381 427 1
381 538 1
381 768 1
381 779 1
381 805 1
381 870 1
382 402 1
382 757 1
382 873 1
383 942 1
385 400 1
387 510 1
387 938 1
388 396 1
388 570 1
388 620 1
388 706 1
388 733 1
388 932 1
389 638 1
389 671 1
389 860 1
389 886 1
390 995 1
391 418 1
391 443 1
391 447 1
391 468 1
391 510 1
391 732 1
391 811 1
391 813 1
391 960 1
393 407 1
393 513 1
393 728 1
393 982 1
394 470 1
395 557 1
395 871 1
395 927 1
395 979 1
396 416 1
396 516 1
396 624 1
396 947 1
397 432 1
398 457 1
398 537 1
398 640 1
398 758 1
398 797 1
398 798 1
399 414 1
399 694 1
399 897 1
400 665 1
400 858 1
401 908 1
401 989 1
402 433 1
402 485 1
402 919 1
404 539 1
404 756 1
404 771 1
405 632 1
406 642 1
406 695 1
406 785 1
407 456 1
407 951 1
408 958 1
409 514 1
409 543 1
409 555 1
409 647 1
409 649 1
410 567 1
410 757 1
410 910 1
411 619 1
411 734 1
411 780 1
411 942 1
411 953 1
412 672 1
413 588 1
414 416 1
414 529 1
414 683 1
414 867 1
415 593 1
415 636 1
416 664 1
416 682 1
417 483 1
417 522 1
417 654 1
417 674 1
417 807 1
417 871 1
418 561 1
418 648 1
418 681 1
419 807 1
420 570 1
420 634 1
420 837 1
421 537 1
421 758 1
422 486 1
422 506 1
422 860 1
424 561 1
424 701 1
424 882 1
424 969 1
425 974 1
426 464 1
426 603 1
426 847 1
427 483 1
427 616 1
427 1000 1
428 431 1
428 624 1
428 628 1
428 654 1
428 871 1
429 466 1
429 484 1
429 571 1
429 768 1
429 911 1
429 943 1
430 511 1
430 551 1
430 612 1
430 872 1
430 980 1
431 485 1
431 535 1
431 540 1
431 786 1
432 521 1
434 736 1
434 787 1
434 1000 1
435 564 1
435 591 1
435 629 1
436 763 1
437 506 1
437 623 1
437 687 1
438 453 1
438 525 1
438 681 1
438 710 1
438 761 1
438 870 1
439 656 1
440 573 1
440 629 1
440 648 1
440 925 1
441 481 1
441 644 1
442 456 1
444 915 1
446 453 1
446 723 1
446 906 1
446 947 1
447 530 1
447 801 1
448 765 1
449 494 1
449 596 1
450 548 1
451 543 1
451 599 1
451 895 1
451 917 1
452 505 1
452 526 1
452 710 1
453 581 1
453 745 1
453 899 1
454 594 1
454 795 1
454 817 1
455 502 1
455 555 1
455 637 1
455 925 1
456 668 1
457 482 1
457 659 1
457 702 1
457 872 1
458 498 1
458 515 1
458 626 1
458 924 1
459 503 1
459 631 1
459 766 1
459 979 1
460 549 1
461 503 1
461 585 1
461 791 1
461 807 1
462 482 1
462 672 1
462 729 1
462 902 1
462 966 1
463 744 1
463 922 1
464 637 1
465 677 1
466 579 1
466 606 1
466 726 1
466 868 1
466 977 1
467 477 1
468 472 1
468 617 1
468 738 1
468 800 1
468 944 1
468 968 1
469 755 1
469 859 1
469 884 1
469 910 1
470 894 1
471 563 1
471 993 1
472 552 1
473 496 1
473 533 1
473 614 1
473 735 1
473 821 1
474 586 1
474 603 1
475 642 1
475 734 1
475 745 1
476 721 1
476 898 1
476 994 1
477 481 1
477 512 1
477 597 1
477 633 1
477 678 1
477 680 1
477 879 1
477 922 1
478 701 1
478 718 1
478 797 1
478 868 1
478 945 1
479 546 1
479 621 1
480 863 1
480 999 1
481 565 1
482 561 1
482 631 1
483 533 1
483 884 1
483 988 1
484 814 1
485 551 1
485 821 1
486 540 1
486 631 1
486 649 1
486 859 1
486 914 1
487 660 1
487 689 1
487 745 1
488 725 1
488 799 1
488 803 1
488 933 1
489 583 1
489 618 1
489 645 1
489 734 1
491 494 1
491 517 1
491 562 1
491 703 1
492 679 1
493 564 1
493 988 1
494 497 1
494 519 1
494 535 1
494 578 1
494 787 1
494 878 1
494 886 1
495 496 1
495 592 1
495 604 1
495 677 1
495 801 1
495 899 1
495 933 1
496 794 1
497 945 1
498 554 1
498 759 1
499 517 1
499 818 1
499 854 1
499 977 1
500 859 1
500 897 1
503 535 1
503 855 1
505 828 1
505 862 1
505 872 1
505 972 1
506 520 1
506 565 1
506 671 1
507 610 1
507 734 1
507 768 1
508 819 1
509 518 1
509 715 1
509 922 1
510 610 1
510 725 1
510 963 1
511 845 1
512 577 1
512 820 1
512 895 1
512 931 1
513 609 1
513 651 1
513 950 1
514 851 1
514 863 1
514 924 1
515 586 1
515 880 1
516 652 1
516 656 1
517 635 1
517 920 1
517 937 1
518 644 1
518 676 1
518 764 1
518 779 1
519 547 1
519 704 1
519 820 1
519 915 1
520 564 1
521 589 1
521 920 1
521 950 1
522 978 1
524 893 1
525 582 1
525 586 1
527 806 1
528 558 1
529 541 1
529 575 1
529 596 1
529 881 1
530 690 1
530 865 1
531 585 1
531 873 1
532 914 1
533 757 1
533 954 1
534 816 1
535 656 1
536 766 1
536 832 1
536 901 1
536 956 1
536 988 1
538 597 1
538 646 1
539 569 1
539 584 1
539 682 1
539 845 1
540 735 1
542 593 1
546 555 1
546 739 1
546 947 1
547 577 1
547 602 1
547 717 1
549 783 1
550 730 1
550 778 1
550 909 1
550 984 1
551 740 1
552 778 1
552 868 1
553 622 1
553 691 1
553 805 1
553 910 1
553 984 1
554 614 1
554 711 1
554 750 1
555 739 1
556 704 1
557 661 1
557 732 1
557 850 1
558 608 1
558 827 1
560 948 1
562 677 1
562 693 1
562 789 1
562 985 1
563 799 1
563 835 1
564 679 1
565 592 1
565 726 1
565 728 1
565 906 1
566 644 1
568 646 1
568 874 1
569 892 1
569 962 1
569 993 1
570 596 1
571 627 1
571 893 1
572 682 1
572 837 1
572 909 1
573 732 1
573 863 1
575 771 1
575 773 1
577 582 1
577 874 1
578 803 1
579 842 1
579 961 1
580 890 1
581 635 1
581 759 1
581 892 1
581 927 1
581 933 1
584 705 1
584 864 1
584 934 1
584 995 1
585 830 1
586 627 1
587 850 1
589 839 1
589 840 1
592 612 1
592 648 1
592 777 1
592 785 1
593 743 1
594 617 1
595 647 1
596 601 1
596 802 1
597 639 1
598 683 1
598 966 1
600 862 1
600 997 1
601 754 1
601 935 1
603 641 1
603 683 1
603 812 1
603 824 1
603 828 1
603 911 1
603 912 1
604 608 1
604 614 1
604 706 1
605 771 1
606 650 1
607 917 1
607 962 1
607 999 1
609 857 1
611 783 1
611 793 1
611 868 1
612 645 1
612 766 1
612 939 1
612 980 1
614 817 1
615 949 1
618 687 1
619 742 1
622 775 1
623 719 1
623 827 1
625 888 1
625 895 1
625 934 1
627 738 1
627 862 1
628 676 1
633 767 1
633 837 1
633 885 1
634 694 1
634 812 1
635 892 1
635 963 1
637 795 1
637 819 1
638 733 1
639 755 1
639 800 1
640 666 1
640 903 1
641 861 1
642 889 1
647 674 1
647 780 1
649 806 1
650 667 1
650 751 1
650 888 1
651 827 1
654 706 1
654 750 1
654 800 1
654 851 1
661 866 1
662 671 1
662 686 1
662 733 1
662 804 1
663 768 1
663 856 1
664 672 1
664 908 1
665 780 1
666 847 1
666 884 1
668 730 1
668 767 1
668 825 1
668 834 1
668 842 1
669 727 1
670 946 1
673 838 1
674 942 1
675 881 1
676 957 1
677 719 1
677 908 1
679 777 1
680 740 1
681 821 1
683 815 1
684 828 1
684 929 1
686 785 1
687 917 1
687 950 1
688 713 1
689 952 1
689 971 1
689 982 1
691 747 1
691 754 1
691 978 1
691 993 1
692 731 1
692 794 1
692 864 1
693 726 1
693 771 1
694 848 1
694 855 1
694 878 1
696 742 1
696 876 1
697 720 1
698 792 1
698 953 1
699 804 1
700 893 1
700 954 1
700 999 1
701 762 1
701 962 1
702 851 1
703 797 1
703 914 1
706 887 1
713 789 1
714 968 1
715 951 1
716 761 1
716 881 1
716 882 1
717 787 1
718 815 1
719 741 1
719 856 1
719 885 1
720 930 1
721 831 1
722 740 1
723 767 1
724 961 1
725 783 1
726 886 1
726 1000 1
727 956 1
731 937 1
731 971 1
732 935 1
733 860 1
733 890 1
734 865 1
734 951 1
736 916 1
737 762 1
737 786 1
737 789 1
737 937 1
738 977 1
739 766 1
739 778 1
739 836 1
740 795 1
743 917 1
744 991 1
746 798 1
746 831 1
746 894 1
746 898 1
746 995 1
748 931 1
750 804 1
752 869 1
752 950 1
753 903 1
755 764 1
755 986 1
756 913 1
756 977 1
757 851 1
758 815 1
758 820 1
759 796 1
761 816 1
762 816 1
762 988 1
763 796 1
763 941 1
763 967 1
764 974 1
766 817 1
766 853 1
767 780 1
769 858 1
771 911 1
771 929 1
773 817 1
773 855 1
775 841 1
777 883 1
778 815 1
780 786 1
780 809 1
781 810 1
784 940 1
784 994 1
785 917 1
786 906 1
787 876 1
791 823 1
791 877 1
795 804 1
797 844 1
799 814 1
799 864 1
800 948 1
801 827 1
803 973 1
805 846 1
805 914 1
806 863 1
806 926 1
813 971 1
816 831 1
816 919 1
817 937 1
818 918 1
820 965 1
821 826 1
825 968 1
828 871 1
828 942 1
828 993 1
832 992 1
835 874 1
835 956 1
835 962 1
836 839 1
836 924 1
840 894 1
840 954 1
841 843 1
841 886 1
842 996 1
844 938 1
846 985 1
848 890 1
849 984 1
853 958 1
856 975 1
860 991 1
861 923 1
863 934 1
866 881 1
867 964 1
868 998 1
871 945 1
873 998 1
876 909 1
877 986 1
878 949 1
887 957 1
888 905 1
890 892 1
890 964 1
894 981 1
900 922 1
905 926 1
911 986 1
911 988 1
911 991 1
912 996 1
921 948 1
929 985 1
931 936 1
935 954 1
935 981 1
943 952 1
946 975 1
962 989 1
973 997 1
974 989 1
982 996 1
