500
0: 1 2 3 4 5 6 7 8 9 10 11 12 13 14 15 16 17 18 19 20 21 22 23 24 25 26 28 29 40 43 44 46 50 60 61 62 63 64 65 66 67 68 69 70 71 72 74 75 76 77 78 79 80 82 83 86 87 88 89 90 95 102 103 114 115 116 117 118 119 128 135 140 167 184 185 186 188 189 190 191 192 194 195 196 197 198 199 200 201 202 203 205 206 207 208 209 210 211 212 217 218 219 221 222 223 225 227 228 229 230 231 232 233 234 235 236 237 238 239 240 242 243 244 246 247 249 250 251 252 253 254 255 256 257 259 282 283 286 287 288 289 291 303 304 310 312 313 335 338 343 344 345 351 353 359 360 361 370 376 382 397 406 410 413 418 419 424 429 430 436 437 445 447 449 450 452 453 454 456 458 459 460 461 463 465 467 468 469 474 475 476 478 481 482 485 488 490 491 494 497 
1: 0 27 28 29 52 53 54 55 84 108 341 
2: 0 30 31 32 33 34 35 36 37 38 39 40 52 53 54 55 60 75 84 105 108 128 211 221 286 289 290 303 304 341 403 414 
3: 0 21 41 42 43 44 52 53 54 55 84 108 341 
4: 0 45 52 53 54 55 60 84 108 341 
5: 0 52 53 54 55 84 108 178 341 377 380 383 
6: 0 46 47 48 49 50 51 52 53 54 55 56 57 58 84 100 108 222 341 381 
7: 0 11 22 59 60 61 62 63 64 65 52 343 351 406 456 
8: 0 66 67 68 69 70 71 72 73 74 75 76 77 78 79 80 81 82 83 84 85 86 87 88 89 90 91 382 
9: 0 92 93 94 95 96 97 98 99 100 101 102 103 104 105 106 107 108 347 378 420 440 464 477 483 
10: 0 109 110 111 112 113 285 391 
11: 0 7 114 115 116 117 118 119 53 63 419 
12: 0 120 125 128 129 362 379 381 462 499 
13: 0 121 290 
14: 0 51 84 122 123 124 125 126 127 128 129 130 131 132 133 134 135 136 137 138 139 140 141 142 143 144 145 146 147 148 149 150 151 152 153 154 155 156 157 158 159 160 161 162 163 164 165 166 167 120 362 381 433 
15: 0 168 169 170 171 172 173 174 175 176 177 178 179 
16: 0 84 180 181 182 183 128 129 362 438 442 466 470 487 489 498 
17: 0 41 184 185 186 187 188 189 190 191 192 193 194 195 196 197 198 199 200 201 202 203 204 205 206 207 208 209 210 211 212 213 214 215 216 217 218 219 220 221 222 223 224 225 226 227 353 360 407 476 482 491 497 
18: 0 228 229 230 231 232 233 234 235 236 237 238 239 240 241 242 243 244 245 246 247 54 283 
19: 0 25 26 41 248 249 250 251 252 253 254 255 256 257 258 
20: 0 25 26 248 257 258 259 
21: 0 3 25 26 41 248 249 250 251 252 253 254 255 257 258 
22: 0 7 25 26 248 257 258 259 
23: 0 260 261 262 263 264 265 266 267 268 269 270 271 272 273 274 275 276 277 278 279 280 
24: 0 25 26 248 257 258 259 
25: 0 19 20 21 22 24 248 259 44 64 65 217 249 250 251 252 253 254 255 
26: 0 19 20 21 22 24 41 281 44 64 65 217 249 250 251 252 253 254 255 
27: 1 43 282 
28: 1 0 41 42 43 282 
29: 1 0 282 
30: 2 40 414 
31: 2 283 284 285 286 287 288 289 290 291 40 
32: 2 292 293 40 
33: 2 294 295 296 40 
34: 2 297 298 40 
35: 2 105 299 300 40 
36: 2 301 40 
37: 2 40 
38: 2 302 303 304 305 306 40 
39: 2 302 303 306 307 40 55 
40: 2 0 30 31 32 33 34 35 36 37 38 39 308 
41: 3 17 19 21 26 28 60 114 118 119 139 168 169 170 171 173 175 176 177 178 179 196 201 204 213 217 222 234 256 290 358 366 377 401 402 421 427 431 443 459 465 468 
42: 3 28 256 
43: 3 27 28 0 259 309 310 311 312 313 54 55 256 
44: 3 0 25 26 248 257 258 259 63 
45: 4 314 315 316 317 318 319 320 321 322 323 324 325 326 327 328 329 330 331 332 333 334 416 
46: 6 0 115 
47: 6 
48: 6 
49: 6 
50: 6 0 259 335 336 337 338 339 340 341 342 
51: 6 14 129 343 120 137 139 143 149 152 394 443 
52: 6 1 2 3 4 5 7 61 76 169 172 176 190 209 287 288 291 311 344 345 346 347 348 349 350 351 352 353 354 355 356 357 358 359 360 361 362 363 364 365 366 367 368 369 370 371 372 373 374 375 376 377 378 379 380 381 382 383 384 385 386 387 388 389 390 391 392 393 394 395 396 397 398 399 400 401 402 403 404 405 406 407 408 409 410 411 412 413 414 415 416 417 418 
53: 6 1 2 3 4 5 11 62 140 143 145 146 186 353 357 370 375 385 388 396 407 412 419 420 421 422 423 424 425 426 427 428 429 430 431 432 433 434 435 436 437 438 439 440 441 442 443 444 445 446 447 448 449 450 451 452 453 454 455 456 457 458 459 460 461 462 463 464 465 466 467 468 469 470 471 472 473 474 475 476 477 478 479 480 481 482 483 484 485 486 487 488 489 490 491 492 493 494 495 496 497 498 499 
54: 6 1 2 3 4 5 18 43 137 174 200 311 313 352 372 373 386 387 400 413 418 422 428 465 490 
55: 6 1 2 3 4 5 39 43 400 
56: 6 
57: 6 
58: 6 
59: 7 
60: 7 0 2 4 41 406 63 419 
61: 7 52 0 63 135 359 385 397 419 
62: 7 53 0 63 419 
63: 7 0 11 44 60 61 62 316 
64: 7 0 25 26 248 257 258 259 
65: 7 0 25 26 248 257 258 259 
66: 8 0 
67: 8 0 
68: 8 0 
69: 8 0 
70: 8 0 
71: 8 0 86 
72: 8 0 86 
73: 8 86 
74: 8 0 75 
75: 8 0 2 74 76 77 78 79 81 82 83 85 86 87 88 90 382 387 423 
76: 8 52 75 0 87 423 
77: 8 75 0 
78: 8 75 0 
79: 8 75 0 83 84 
80: 8 0 
81: 8 75 382 
82: 8 75 0 84 
83: 8 75 79 0 84 89 
84: 8 14 16 79 82 83 1 2 3 4 5 6 87 102 129 409 
85: 8 75 
86: 8 71 73 75 0 72 
87: 8 75 76 0 84 
88: 8 75 0 
89: 8 0 83 
90: 8 75 0 
91: 8 181 
92: 9 95 100 101 106 
93: 9 
94: 9 97 101 
95: 9 92 0 100 101 105 106 
96: 9 105 106 
97: 9 94 
98: 9 100 101 
99: 9 
100: 9 92 95 98 6 101 102 103 104 105 347 378 420 440 464 477 483 
101: 9 92 95 98 100 94 102 103 104 105 107 299 378 347 420 440 464 477 483 
102: 9 101 0 84 100 103 106 299 378 
103: 9 101 102 0 100 299 
104: 9 101 100 
105: 9 35 95 96 101 2 100 284 299 
106: 9 92 95 96 102 299 
107: 9 101 
108: 9 1 2 3 4 5 6 
109: 10 
110: 10 
111: 10 
112: 10 
113: 10 
114: 11 0 41 119 
115: 11 0 46 119 
116: 11 0 119 
117: 11 0 
118: 11 0 41 
119: 11 114 115 116 0 41 
120: 12 14 51 125 
121: 13 
122: 14 129 125 137 
123: 14 379 381 
124: 14 129 130 
125: 14 120 12 122 129 130 
126: 14 130 
127: 14 129 
128: 14 0 2 12 16 129 
129: 14 51 122 124 127 128 12 16 84 125 132 137 149 357 133 134 136 140 143 147 151 154 159 261 362 381 394 425 437 
130: 14 124 125 126 131 
131: 14 130 
132: 14 129 147 133 134 425 
133: 14 129 132 137 149 362 
134: 14 129 132 137 149 434 
135: 14 0 61 143 437 
136: 14 129 
137: 14 54 129 133 134 51 122 138 139 140 141 142 143 144 145 147 148 425 
138: 14 137 425 437 
139: 14 137 41 51 443 437 
140: 14 53 137 0 129 425 
141: 14 137 
142: 14 137 425 437 
143: 14 53 137 51 129 135 159 455 147 425 
144: 14 137 384 
145: 14 53 137 425 
146: 14 53 425 
147: 14 132 137 129 143 149 384 
148: 14 137 149 352 372 
149: 14 129 133 134 147 148 51 152 425 
150: 14 
151: 14 129 
152: 14 149 51 341 
153: 14 
154: 14 129 362 
155: 14 
156: 14 
157: 14 
158: 14 362 
159: 14 143 129 260 280 437 
160: 14 362 
161: 14 297 
162: 14 362 
163: 14 164 276 362 
164: 14 163 
165: 14 
166: 14 
167: 14 0 
168: 15 41 169 170 171 172 173 175 176 177 178 179 
169: 15 52 168 41 170 171 172 173 175 176 177 178 179 
170: 15 168 169 41 171 172 173 175 176 177 178 179 
171: 15 168 169 170 41 172 173 175 176 177 178 179 
172: 15 52 168 169 170 171 193 173 175 176 177 178 179 
173: 15 168 169 170 171 41 172 175 176 177 178 179 
174: 15 54 259 
175: 15 168 169 170 171 173 41 172 176 177 178 179 
176: 15 52 168 169 170 171 173 175 41 172 177 178 179 
177: 15 168 169 170 171 173 175 176 41 172 178 179 
178: 15 168 169 170 171 173 175 176 177 5 41 172 179 
179: 15 41 168 169 170 171 172 173 175 176 177 178 
180: 16 
181: 16 91 426 
182: 16 426 
183: 16 
184: 17 0 186 191 213 221 222 360 224 353 407 
185: 17 0 186 213 221 222 227 360 
186: 17 53 184 185 0 188 189 213 221 222 482 491 197 198 227 360 
187: 17 
188: 17 186 0 189 199 213 221 222 202 
189: 17 186 188 0 213 221 222 195 197 198 202 353 
190: 17 52 0 221 222 197 198 199 207 219 
191: 17 184 0 201 227 202 211 360 
192: 17 0 
193: 17 172 211 286 289 
194: 17 0 221 222 
195: 17 0 189 221 222 
196: 17 0 41 213 221 222 
197: 17 0 186 189 190 199 201 205 207 213 221 222 225 343 476 
198: 17 0 186 189 190 199 201 205 207 213 221 222 225 343 476 
199: 17 188 197 198 0 190 213 221 222 202 204 207 214 218 
200: 17 54 0 213 221 222 225 313 365 486 204 214 
201: 17 191 197 198 0 41 213 221 222 219 341 
202: 17 0 188 189 191 199 207 213 221 222 343 
203: 17 0 221 222 
204: 17 41 199 200 213 
205: 17 197 198 0 213 221 222 224 225 226 
206: 17 0 221 222 208 211 
207: 17 197 198 202 0 190 199 213 221 222 208 218 219 
208: 17 0 206 207 213 221 222 
209: 17 52 0 210 211 213 221 222 219 226 
210: 17 209 0 211 213 221 222 
211: 17 209 210 0 2 191 193 206 213 221 222 
212: 17 0 213 221 222 
213: 17 184 185 186 188 189 196 197 198 199 200 201 202 204 205 207 208 209 210 211 212 41 214 218 219 221 222 223 227 360 
214: 17 199 200 213 
215: 17 
216: 17 
217: 17 0 25 26 41 248 249 250 251 252 253 254 255 257 258 
218: 17 0 199 207 213 221 222 
219: 17 0 190 201 207 209 213 221 222 360 
220: 17 222 
221: 17 184 185 186 188 189 190 194 195 196 197 198 199 200 201 202 203 205 206 207 208 209 210 211 212 218 219 0 2 213 222 224 343 353 360 482 491 497 223 225 227 476 
222: 17 184 185 186 188 189 190 194 195 196 197 198 199 200 201 202 203 205 206 207 208 209 210 211 212 218 219 221 0 6 41 213 220 343 223 225 227 353 360 476 491 497 
223: 17 0 213 221 222 225 
224: 17 205 221 184 407 
225: 17 197 198 200 205 223 0 221 222 
226: 17 205 209 
227: 17 185 191 0 186 213 221 222 360 
228: 18 0 229 230 231 232 233 234 235 236 237 238 239 240 242 243 244 246 247 283 
229: 18 228 0 230 231 232 233 234 235 236 237 238 239 240 242 243 244 246 247 
230: 18 228 229 0 231 232 233 234 235 236 237 238 239 240 242 243 244 246 247 283 
231: 18 228 229 230 0 232 233 234 235 236 237 238 239 240 242 243 244 246 247 283 
232: 18 228 229 230 231 0 233 234 235 236 237 238 239 240 242 243 244 246 247 
233: 18 228 229 230 231 232 0 234 235 236 237 238 239 240 242 243 244 246 247 283 
234: 18 228 229 230 231 232 233 0 41 235 236 237 238 239 240 242 243 244 246 247 
235: 18 228 229 230 231 232 233 234 0 236 237 238 239 240 242 243 244 246 247 283 
236: 18 228 229 230 231 232 233 234 235 0 237 238 239 240 242 243 244 246 247 283 
237: 18 228 229 230 231 232 233 234 235 236 0 238 239 240 242 243 244 246 247 283 
238: 18 228 229 230 231 232 233 234 235 236 237 0 239 240 241 242 243 244 246 247 283 
239: 18 228 229 230 231 232 233 234 235 236 237 238 0 240 242 243 244 246 247 283 
240: 18 228 229 230 231 232 234 235 236 237 238 239 0 233 242 243 244 246 247 283 
241: 18 238 283 
242: 18 0 228 229 230 231 232 233 234 235 236 237 238 239 240 
243: 18 0 228 229 230 231 232 233 234 235 236 237 238 239 240 
244: 18 0 228 229 230 231 232 233 234 235 236 237 238 239 240 
245: 18 
246: 18 0 228 229 230 231 232 233 234 235 236 237 238 239 240 
247: 18 0 228 229 230 231 232 233 234 235 236 237 238 239 240 
248: 19 20 21 22 24 25 44 64 65 217 249 250 251 252 253 254 255 
249: 19 21 217 0 25 26 248 257 258 259 
250: 19 21 217 0 25 26 248 257 258 259 
251: 19 21 217 0 25 26 248 257 258 259 
252: 19 21 217 0 25 26 248 257 258 259 
253: 19 21 217 0 25 26 248 257 258 259 
254: 19 21 217 0 25 26 248 257 258 259 
255: 19 21 217 0 25 26 248 257 258 259 
256: 19 0 41 42 43 
257: 19 20 21 22 24 44 64 65 217 249 250 251 252 253 254 255 0 
258: 19 20 21 22 24 44 64 65 217 249 250 251 252 253 254 255 
259: 20 22 24 25 43 44 50 64 65 174 249 250 251 252 253 254 255 0 335 338 340 342 370 388 390 456 496 
260: 23 159 261 262 263 264 265 266 267 268 269 270 271 272 273 274 275 276 277 278 279 
261: 23 129 260 280 262 263 264 265 266 267 268 269 270 271 272 273 274 275 276 277 278 279 
262: 23 260 261 263 265 266 273 274 275 276 277 278 279 280 264 267 268 269 270 271 272 
263: 23 262 260 261 264 265 266 267 268 269 270 271 272 273 274 275 276 277 278 279 280 
264: 23 263 260 261 262 265 266 267 268 269 270 271 272 273 274 275 276 277 278 279 280 
265: 23 262 263 264 260 261 266 273 274 275 276 277 278 279 280 267 268 269 270 271 272 
266: 23 262 263 264 265 260 261 273 274 275 276 277 278 279 280 267 268 269 270 271 272 
267: 23 263 264 260 261 262 265 266 268 269 270 271 272 273 274 275 276 277 278 279 280 
268: 23 263 264 267 260 261 262 265 266 269 270 271 272 273 274 275 276 277 278 279 280 
269: 23 263 264 267 268 260 261 262 265 266 270 271 272 273 274 275 276 277 278 279 280 
270: 23 263 264 267 268 269 260 261 262 265 266 271 272 273 274 275 276 277 278 279 280 
271: 23 263 264 267 268 269 270 260 261 262 265 266 272 273 274 275 276 277 278 279 280 
272: 23 263 264 267 268 269 270 271 260 261 262 265 266 273 274 275 276 277 278 279 280 
273: 23 262 263 264 265 266 267 268 269 270 271 272 260 261 274 275 276 277 278 279 280 
274: 23 262 263 264 265 266 267 268 269 270 271 272 273 260 261 275 276 277 278 279 280 
275: 23 262 263 264 265 266 267 268 269 270 271 272 273 274 260 261 276 277 278 279 280 
276: 23 262 263 264 265 266 267 268 269 270 271 272 273 274 275 163 260 261 277 278 279 280 
277: 23 262 263 264 265 266 267 268 269 270 271 272 273 274 275 276 260 261 278 279 280 
278: 23 262 263 264 265 266 267 268 269 270 271 272 273 274 275 276 277 260 261 279 280 
279: 23 262 263 264 265 266 267 268 269 270 271 272 273 274 275 276 277 278 260 261 280 
280: 23 159 261 262 263 264 265 266 267 268 269 270 271 272 273 274 275 276 277 278 279 
281: 26 
282: 27 0 28 29 
283: 31 241 0 18 228 230 231 233 235 236 237 238 239 240 
284: 31 105 
285: 31 10 
286: 31 0 2 193 
287: 31 52 0 292 303 
288: 31 52 0 
289: 31 0 2 193 311 457 
290: 31 2 13 41 
291: 31 52 0 
292: 32 287 
293: 32 
294: 33 
295: 33 
296: 33 
297: 34 161 
298: 34 
299: 35 101 102 103 105 106 
300: 35 
301: 36 
302: 38 39 
303: 38 39 0 2 287 
304: 38 0 2 
305: 38 
306: 38 39 
307: 39 
308: 40 
309: 43 
310: 43 0 341 
311: 43 52 54 289 408 
312: 43 0 
313: 43 54 200 0 
314: 45 328 315 316 317 318 319 320 321 322 323 324 326 327 331 332 
315: 45 314 316 317 318 319 320 321 322 323 324 325 326 327 328 329 330 334 331 332 
316: 45 63 315 314 317 318 319 320 321 322 323 324 325 326 327 328 329 330 331 332 333 334 419 
317: 45 315 316 314 318 319 320 321 322 323 324 325 326 327 328 329 330 334 331 332 
318: 45 315 316 317 314 319 320 321 322 323 324 325 326 327 328 329 330 334 331 332 
319: 45 315 316 317 318 314 320 321 322 323 324 325 326 327 328 329 330 334 331 332 
320: 45 315 316 317 318 319 314 321 322 323 324 325 326 327 328 329 330 334 331 332 
321: 45 315 316 317 318 319 320 314 322 323 324 325 326 327 328 329 330 334 331 332 
322: 45 315 316 317 318 319 320 321 314 323 324 325 326 327 328 329 330 334 331 332 
323: 45 315 316 317 318 319 320 321 322 314 324 325 326 327 328 329 330 334 331 332 
324: 45 315 316 317 318 319 320 321 322 323 314 325 326 327 328 329 330 334 331 332 
325: 45 315 316 317 318 319 320 321 322 323 324 326 327 328 329 330 416 331 332 
326: 45 315 316 317 318 319 320 321 322 323 324 325 314 327 328 329 330 334 331 332 
327: 45 315 316 317 318 319 320 321 322 323 324 325 326 314 328 329 330 334 331 332 
328: 45 314 315 316 317 318 319 320 321 322 323 324 325 326 327 329 330 334 331 332 
329: 45 315 316 317 318 319 320 321 322 323 324 325 326 327 328 331 332 
330: 45 315 316 317 318 319 320 321 322 323 324 325 326 327 328 334 331 332 
331: 45 316 314 315 317 318 319 320 321 322 323 324 325 326 327 328 329 330 334 
332: 45 316 314 315 317 318 319 320 321 322 323 324 325 326 327 328 329 330 334 
333: 45 316 
334: 45 315 316 317 318 319 320 321 322 323 324 326 327 328 330 331 332 
335: 50 0 259 336 338 340 342 
336: 50 335 338 340 342 
337: 50 
338: 50 0 259 335 336 
339: 50 
340: 50 259 335 336 341 
341: 50 1 2 3 4 5 6 152 201 310 340 344 
342: 50 259 335 336 
343: 51 197 198 202 221 222 0 7 
344: 52 341 0 
345: 52 0 
346: 52 
347: 52 9 100 101 420 
348: 52 
349: 52 
350: 52 
351: 52 0 7 
352: 52 54 148 
353: 52 53 221 0 17 184 189 222 
354: 52 
355: 52 
356: 52 
357: 52 53 129 462 499 379 
358: 52 41 
359: 52 0 61 495 
360: 52 184 185 219 221 227 0 17 186 191 213 222 491 
361: 52 0 
362: 52 133 12 14 16 129 154 158 160 162 163 
363: 52 
364: 52 458 
365: 52 200 
366: 52 41 
367: 52 
368: 52 
369: 52 
370: 52 53 0 259 
371: 52 
372: 52 54 148 
373: 52 54 426 
374: 52 
375: 52 53 
376: 52 0 
377: 52 5 41 
378: 52 101 102 9 100 420 
379: 52 123 12 357 
380: 52 5 
381: 52 123 6 12 14 129 
382: 52 75 81 0 8 
383: 52 5 
384: 52 144 147 
385: 52 53 61 
386: 52 54 
387: 52 54 75 
388: 52 53 259 419 
389: 52 
390: 52 259 
391: 52 10 
392: 52 393 
393: 52 392 
394: 52 51 129 
395: 52 
396: 52 53 419 
397: 52 0 61 
398: 52 
399: 52 
400: 52 54 55 
401: 52 41 
402: 52 41 
403: 52 2 
404: 52 
405: 52 
406: 52 60 0 7 
407: 52 53 17 184 224 
408: 52 311 
409: 52 84 
410: 52 0 
411: 52 
412: 52 53 
413: 52 54 0 414 
414: 52 2 30 413 
415: 52 
416: 52 325 45 
417: 52 
418: 52 54 0 
419: 53 0 11 60 61 62 316 388 396 428 445 451 459 485 
420: 53 347 9 100 101 378 440 464 477 483 
421: 53 41 
422: 53 54 
423: 53 75 76 
424: 53 0 
425: 53 129 132 137 138 140 142 143 145 146 149 443 
426: 53 181 182 373 
427: 53 41 
428: 53 54 419 
429: 53 0 
430: 53 0 
431: 53 41 
432: 53 
433: 53 14 
434: 53 134 
435: 53 
436: 53 0 
437: 53 0 129 135 138 139 142 159 455 
438: 53 16 
439: 53 
440: 53 420 9 100 101 
441: 53 
442: 53 16 
443: 53 139 425 41 51 
444: 53 
445: 53 419 0 
446: 53 
447: 53 0 
448: 53 
449: 53 0 
450: 53 0 
451: 53 419 
452: 53 0 
453: 53 0 
454: 53 0 
455: 53 143 437 
456: 53 0 7 259 
457: 53 289 458 
458: 53 0 364 457 
459: 53 419 0 41 
460: 53 0 
461: 53 0 
462: 53 357 12 
463: 53 0 
464: 53 420 9 100 101 
465: 53 54 0 41 
466: 53 16 
467: 53 0 
468: 53 0 41 
469: 53 0 
470: 53 16 
471: 53 
472: 53 
473: 53 
474: 53 0 
475: 53 0 
476: 53 197 198 0 17 221 222 
477: 53 420 9 100 101 
478: 53 0 
479: 53 
480: 53 
481: 53 0 
482: 53 186 221 0 17 
483: 53 420 9 100 101 
484: 53 
485: 53 419 0 
486: 53 200 
487: 53 16 
488: 53 0 
489: 53 16 
490: 53 54 0 
491: 53 186 221 0 17 222 360 
492: 53 
493: 53 
494: 53 0 
495: 53 359 
496: 53 259 
497: 53 221 0 17 222 
498: 53 16 
499: 53 357 12 
