1589
1: 2 1085 
2: 1 947 1085 
3: 4 5 6 7 
4: 3 5 6 7 
5: 3 4 6 7 
6: 3 4 5 7 
7: 3 4 5 6 
8: 9 10 11 12 
9: 8 
10: 8 11 12 1425 1426 1533 
11: 8 10 12 
12: 8 10 11 
13: 14 15 16 1048 1049 1050 1051 
14: 13 15 16 
15: 13 14 16 
16: 13 14 15 
17: 18 19 
18: 17 19 
19: 17 18 
20: 
21: 22 23 
22: 21 23 
23: 21 22 
24: 25 26 
25: 24 26 202 203 370 
26: 24 25 202 203 370 
27: 
28: 29 30 
29: 28 30 
30: 28 29 
31: 32 33 34 35 55 132 328 403 841 895 
32: 31 33 
33: 31 32 
34: 31 35 52 53 54 55 132 133 134 135 191 376 377 378 465 486 489 490 508 509 510 562 563 840 841 1009 1191 1192 1229 1230 1296 1530 1551 1552 
35: 31 34 54 55 132 133 134 135 562 563 653 655 656 658 757 761 762 763 764 840 841 866 1131 1191 1192 1551 1552 
36: 37 38 39 40 41 
37: 36 38 39 40 41 
38: 36 37 39 40 41 
39: 36 37 38 40 41 
40: 36 37 38 39 41 
41: 36 37 38 39 40 
42: 
43: 44 
44: 43 
45: 46 47 
46: 45 47 610 611 612 613 
47: 45 46 79 192 193 194 195 429 597 1362 1363 1364 
48: 49 50 51 
49: 48 50 51 217 218 219 
50: 48 49 51 
51: 48 49 50 
52: 34 53 54 55 56 57 58 59 1009 
53: 34 52 54 55 
54: 34 35 52 53 55 133 134 135 562 563 1025 1026 1316 1469 1470 1471 
55: 31 34 35 52 53 54 133 134 135 489 490 562 563 840 841 1191 1192 1229 1230 1530 1551 
56: 52 57 91 185 548 655 894 935 1462 
57: 52 56 185 548 655 894 935 1462 
58: 52 59 686 
59: 52 58 
60: 61 62 
61: 60 62 
62: 60 61 
63: 64 65 66 363 806 807 808 809 1017 1071 1072 1073 1074 1563 1564 1565 1566 1567 1568 
64: 63 65 66 1563 1564 1565 1566 1567 1568 
65: 63 64 66 796 797 798 799 
66: 63 64 65 
67: 68 69 
68: 67 69 
69: 67 68 
70: 71 72 73 98 311 710 711 758 759 978 1083 1084 
71: 70 72 73 
72: 70 71 73 150 151 152 158 159 710 737 738 
73: 70 71 72 236 444 710 739 758 759 978 
74: 75 76 77 
75: 74 76 77 
76: 74 75 77 
77: 74 75 76 523 1382 1589 
78: 79 80 81 
79: 47 78 80 81 122 282 306 307 308 309 310 371 372 491 642 647 757 760 854 1006 1122 1123 1124 1173 1196 1197 1198 
80: 78 79 81 
81: 78 79 80 
82: 83 84 
83: 82 84 564 1499 
84: 82 83 
85: 86 87 
86: 85 87 
87: 85 86 
88: 89 712 
89: 88 712 977 992 
90: 
91: 56 
92: 93 94 
93: 92 94 
94: 92 93 
95: 96 97 98 99 100 101 151 226 709 
96: 95 97 98 99 
97: 95 96 98 99 100 101 151 226 701 702 703 709 1178 1482 1483 
98: 70 95 96 97 99 100 101 311 709 710 711 
99: 95 96 97 98 
100: 95 97 98 101 709 
101: 95 97 98 100 
102: 
103: 104 105 
104: 103 105 
105: 103 104 
106: 107 108 
107: 106 108 860 
108: 106 107 
109: 110 
110: 109 
111: 
112: 113 
113: 112 
114: 115 
115: 114 1163 1164 
116: 
117: 118 
118: 117 936 937 938 939 
119: 120 440 442 
120: 119 
121: 122 
122: 79 121 549 550 551 765 766 1031 1256 
123: 124 125 
124: 123 125 
125: 123 124 
126: 
127: 128 129 771 772 773 774 
128: 127 129 152 518 771 772 773 774 1022 1023 1024 1461 
129: 127 128 1022 1023 1024 
130: 131 
131: 130 
132: 31 34 35 204 
133: 34 35 54 55 134 135 562 563 1229 1230 
134: 34 35 54 55 133 135 562 563 
135: 34 35 54 55 133 134 562 563 
136: 137 
137: 136 217 224 586 587 588 730 
138: 139 
139: 138 
140: 141 142 143 144 145 146 147 148 149 
141: 140 142 143 144 145 146 147 148 149 
142: 140 141 143 144 145 146 147 148 149 
143: 140 141 142 144 145 146 147 148 149 
144: 140 141 142 143 145 146 147 148 149 
145: 140 141 142 143 144 146 147 148 149 
146: 140 141 142 143 144 145 147 148 149 
147: 140 141 142 143 144 145 146 148 149 
148: 140 141 142 143 144 145 146 147 149 
149: 140 141 142 143 144 145 146 147 148 
150: 72 151 152 153 
151: 72 95 97 150 152 226 282 302 501 517 518 1178 1179 1222 1343 
152: 72 128 150 151 226 302 331 332 517 518 964 965 1089 1461 
153: 150 518 
154: 155 156 157 
155: 154 156 157 
156: 154 155 157 
157: 154 155 156 
158: 72 159 
159: 72 158 
160: 
161: 162 
162: 161 
163: 164 302 317 639 640 
164: 163 
165: 166 
166: 165 
167: 168 407 
168: 167 
169: 
170: 171 172 
171: 170 172 
172: 170 171 919 
173: 174 175 
174: 173 175 
175: 173 174 
176: 177 178 
177: 176 178 
178: 176 177 927 
179: 
180: 181 182 
181: 180 182 
182: 180 181 
183: 184 
184: 183 
185: 56 57 186 187 
186: 185 187 
187: 185 186 1163 1414 1415 1416 
188: 189 190 
189: 188 190 
190: 188 189 568 651 652 
191: 34 508 509 510 
192: 47 193 194 195 
193: 47 192 194 
194: 47 192 193 
195: 47 192 956 957 1136 1137 1138 1139 1385 1386 
196: 197 198 199 200 
197: 196 198 199 200 
198: 196 197 199 200 
199: 196 197 198 200 
200: 196 197 198 199 
201: 202 203 
202: 25 26 201 203 
203: 25 26 201 202 
204: 132 302 303 304 317 318 
205: 
206: 207 
207: 206 
208: 209 210 1478 1479 
209: 208 210 
210: 208 209 
211: 212 213 
212: 211 213 
213: 211 212 
214: 215 216 
215: 214 216 
216: 214 215 
217: 49 137 218 219 220 221 222 223 224 225 252 253 346 347 348 517 789 1042 1453 
218: 49 217 219 252 253 
219: 49 217 218 220 221 225 252 253 1042 
220: 217 219 221 222 223 225 344 474 698 1146 1283 1284 1395 1396 1397 1398 1561 1562 
221: 217 219 220 222 223 225 
222: 217 220 221 223 344 1146 
223: 217 220 221 222 474 
224: 137 217 
225: 217 219 220 221 1042 
226: 95 97 151 152 517 518 
227: 228 
228: 227 1075 
229: 230 231 232 
230: 229 231 232 
231: 229 230 232 
232: 229 230 231 
233: 
234: 235 236 
235: 234 236 
236: 73 234 235 
237: 
238: 239 
239: 238 
240: 241 242 1501 1502 1503 1504 
241: 240 
242: 240 
243: 244 
244: 243 928 1519 1520 1521 
245: 246 247 248 436 514 1231 
246: 245 436 514 
247: 245 
248: 245 416 1125 1126 
249: 250 251 
250: 249 251 
251: 249 250 
252: 217 218 219 253 
253: 217 218 219 252 346 347 348 
254: 
255: 256 257 1001 
256: 255 257 1001 
257: 255 256 
258: 
259: 260 1167 1168 
260: 259 1167 1168 
261: 262 
262: 261 
263: 264 265 266 267 268 269 270 
264: 263 265 266 267 268 269 270 945 946 
265: 263 264 266 267 268 269 270 
266: 263 264 265 267 268 269 270 308 909 945 946 
267: 263 264 265 266 268 269 270 308 909 945 946 
268: 263 264 265 266 267 269 270 
269: 263 264 265 266 267 268 270 308 909 945 946 
270: 263 264 265 266 267 268 269 
271: 272 
272: 271 
273: 
274: 275 276 
275: 274 276 
276: 274 275 607 608 609 
277: 278 279 
278: 277 279 402 403 404 405 406 596 
279: 277 278 402 403 404 405 406 596 
280: 281 282 283 284 285 286 
281: 280 282 283 284 285 286 
282: 79 151 280 281 283 284 285 286 575 576 577 1082 1179 1343 1344 1345 1452 
283: 280 281 282 284 285 286 451 
284: 280 281 282 283 285 286 575 1452 
285: 280 281 282 283 284 286 
286: 280 281 282 283 284 285 
287: 288 289 290 
288: 287 289 
289: 287 288 290 
290: 287 289 
291: 292 293 
292: 291 293 
293: 291 292 
294: 295 743 744 745 932 933 1279 1369 1370 
295: 294 743 744 745 747 861 932 933 1029 1030 1279 1369 1370 1465 1466 1467 1468 1554 1555 1556 
296: 
297: 298 299 300 301 
298: 297 
299: 297 300 301 
300: 297 299 301 
301: 297 299 300 974 1498 
302: 151 152 163 204 303 304 305 317 318 464 639 640 
303: 204 302 304 305 1183 
304: 204 302 303 500 1027 1417 1418 
305: 302 303 
306: 79 307 308 309 310 
307: 79 306 308 309 
308: 79 266 267 269 306 307 309 591 909 
309: 79 306 307 308 310 1040 1041 1550 
310: 79 306 309 372 491 492 494 
311: 70 98 
312: 313 
313: 312 
314: 315 316 
315: 314 316 1399 
316: 314 315 
317: 163 204 302 318 639 640 
318: 204 302 317 
319: 320 
320: 319 422 
321: 322 323 324 325 326 1271 
322: 321 323 324 1271 
323: 321 322 324 
324: 321 322 323 325 326 
325: 321 324 326 
326: 321 324 325 
327: 328 329 330 
328: 31 327 329 330 403 417 418 597 895 1190 1405 1406 1407 1408 1409 
329: 327 328 330 403 417 1190 
330: 327 328 329 548 1390 
331: 152 332 1215 1216 1217 1218 
332: 152 331 
333: 334 335 336 
334: 333 335 336 
335: 333 334 336 
336: 333 334 335 
337: 338 
338: 337 632 1571 1572 1573 1574 
339: 340 341 342 
340: 339 341 342 
341: 339 340 342 
342: 339 340 341 
343: 344 345 693 
344: 220 222 343 345 698 1146 1395 1396 1397 1398 
345: 343 344 
346: 217 253 347 348 
347: 217 253 346 348 517 789 
348: 217 253 346 347 
349: 350 351 352 353 354 
350: 349 351 352 353 354 
351: 349 350 352 353 354 687 
352: 349 350 351 353 354 
353: 349 350 351 352 354 
354: 349 350 351 352 353 
355: 356 357 
356: 355 357 
357: 355 356 
358: 359 360 361 362 
359: 358 360 361 362 
360: 358 359 
361: 358 359 362 
362: 358 359 361 
363: 63 364 365 366 806 807 808 1072 1350 1351 1352 1353 
364: 363 
365: 363 366 
366: 363 365 
367: 368 369 
368: 367 369 
369: 367 368 
370: 25 26 
371: 79 372 
372: 79 310 371 760 867 868 
373: 374 375 
374: 373 375 
375: 373 374 
376: 34 377 378 379 1264 1296 
377: 34 376 378 379 1264 1296 
378: 34 376 377 379 1264 1296 1348 1349 
379: 376 377 378 
380: 381 382 
381: 380 382 
382: 380 381 
383: 384 385 
384: 383 385 
385: 383 384 
386: 387 388 389 390 391 392 393 
387: 386 388 389 390 391 392 393 
388: 386 387 389 390 391 392 393 
389: 386 387 388 390 391 392 393 
390: 386 387 388 389 391 392 393 
391: 386 387 388 389 390 392 393 
392: 386 387 388 389 390 391 393 
393: 386 387 388 389 390 391 392 
394: 395 396 397 
395: 394 396 397 
396: 394 395 397 
397: 394 395 396 
398: 399 400 401 
399: 398 400 401 
400: 398 399 401 
401: 398 399 400 
402: 278 279 403 404 405 406 
403: 31 278 279 328 329 402 404 405 406 417 418 895 
404: 278 279 402 403 405 406 596 
405: 278 279 402 403 404 406 
406: 278 279 402 403 404 405 
407: 167 
408: 
409: 410 411 412 413 414 
410: 409 411 412 413 
411: 409 410 412 413 414 
412: 409 410 411 413 
413: 409 410 411 412 414 
414: 409 411 413 
415: 416 
416: 248 415 923 1125 1126 1234 1235 
417: 328 329 403 597 1405 1406 1407 1408 1409 
418: 328 403 
419: 420 
420: 419 
421: 
422: 320 
423: 424 425 
424: 423 425 
425: 423 424 
426: 427 428 
427: 426 428 
428: 426 427 
429: 47 430 1362 1363 
430: 429 
431: 432 433 
432: 431 
433: 431 
434: 435 
435: 434 
436: 245 246 
437: 438 439 
438: 437 439 
439: 437 438 
440: 119 441 442 
441: 440 
442: 119 440 
443: 444 
444: 73 443 676 677 739 740 
445: 446 
446: 445 700 
447: 448 449 450 
448: 447 449 450 
449: 447 448 450 
450: 447 448 449 
451: 283 
452: 
453: 454 455 456 457 458 459 460 
454: 453 455 456 457 458 459 460 
455: 453 454 456 457 458 459 460 
456: 453 454 455 457 458 459 460 
457: 453 454 455 456 458 459 460 
458: 453 454 455 456 457 459 460 
459: 453 454 455 456 457 458 460 
460: 453 454 455 456 457 458 459 
461: 462 463 464 
462: 461 463 464 
463: 461 462 464 
464: 302 461 462 463 639 
465: 34 466 467 
466: 465 467 
467: 465 466 
468: 469 470 471 472 
469: 468 470 471 472 
470: 468 469 471 472 
471: 468 469 470 472 
472: 468 469 470 471 
473: 474 475 985 1092 
474: 220 223 473 475 985 986 1092 1093 
475: 473 474 
476: 477 478 479 
477: 476 
478: 476 479 
479: 476 478 941 
480: 481 482 483 
481: 480 482 483 
482: 480 481 483 1236 1237 1251 1252 
483: 480 481 482 1047 1245 1246 1247 1248 1456 
484: 485 
485: 484 
486: 34 
487: 488 
488: 487 
489: 34 55 490 
490: 34 55 489 
491: 79 310 492 493 494 
492: 310 491 
493: 491 
494: 310 491 
495: 496 497 
496: 495 497 
497: 495 496 781 782 1410 1411 
498: 499 
499: 498 
500: 304 
501: 151 502 503 504 1222 
502: 501 503 
503: 501 502 504 
504: 501 503 
505: 
506: 507 
507: 506 
508: 34 191 509 510 
509: 34 191 508 510 
510: 34 191 508 509 
511: 
512: 513 
513: 512 
514: 245 246 
515: 516 517 518 
516: 515 517 518 675 
517: 151 152 217 226 347 515 516 518 675 789 1087 1088 1089 1090 
518: 128 151 152 153 226 515 516 517 964 965 1342 1461 
519: 520 
520: 519 
521: 522 
522: 521 
523: 77 524 525 526 527 528 1382 1589 
524: 523 525 526 527 743 747 1357 
525: 523 524 526 527 1323 
526: 523 524 525 527 
527: 523 524 525 526 
528: 523 
529: 530 
530: 529 
531: 532 533 534 1534 1535 1536 
532: 531 533 534 1534 1535 1536 
533: 531 532 534 1534 1535 1536 
534: 531 532 533 
535: 536 
536: 535 
537: 
538: 539 540 541 542 543 690 691 
539: 538 540 
540: 538 539 690 691 
541: 538 542 543 
542: 538 541 543 
543: 538 541 542 
544: 
545: 546 
546: 545 
547: 548 
548: 56 57 330 547 1240 1390 
549: 122 550 551 
550: 122 549 551 
551: 122 549 550 1031 
552: 
553: 554 555 
554: 553 555 
555: 553 554 
556: 
557: 558 559 
558: 557 559 
559: 557 558 
560: 561 
561: 560 
562: 34 35 54 55 133 134 135 563 
563: 34 35 54 55 133 134 135 562 
564: 83 565 566 567 
565: 564 566 567 
566: 564 565 567 
567: 564 565 566 
568: 190 651 652 
569: 570 
570: 569 
571: 572 
572: 571 
573: 574 
574: 573 
575: 282 284 576 577 
576: 282 575 
577: 282 575 
578: 579 
579: 578 
580: 
581: 582 583 
582: 581 583 
583: 581 582 
584: 585 
585: 584 
586: 137 587 588 
587: 137 586 588 
588: 137 586 587 730 
589: 
590: 591 592 593 1181 1182 
591: 308 590 592 593 1181 1182 
592: 590 591 593 1181 1182 
593: 590 591 592 
594: 595 
595: 594 
596: 278 279 404 
597: 47 328 417 
598: 599 790 791 
599: 598 
600: 601 
601: 600 
602: 
603: 604 
604: 603 
605: 
606: 
607: 276 608 609 
608: 276 607 609 
609: 276 607 608 
610: 46 611 612 613 
611: 46 610 
612: 46 610 613 
613: 46 610 612 
614: 
615: 616 
616: 615 
617: 618 
618: 617 
619: 620 621 
620: 619 621 
621: 619 620 
622: 623 
623: 622 
624: 625 
625: 624 
626: 627 628 629 
627: 626 628 629 
628: 626 627 629 
629: 626 627 628 
630: 631 632 
631: 630 632 1580 
632: 338 630 631 784 785 1571 1572 1573 1574 1575 1580 
633: 634 
634: 633 
635: 
636: 637 638 
637: 636 638 
638: 636 637 
639: 163 302 317 464 640 641 
640: 163 302 317 639 
641: 639 
642: 79 
643: 644 713 714 
644: 643 
645: 
646: 1430 1431 1432 1433 1434 1435 1436 1437 1438 1439 1440 1441 1442 1443 1444 1445 1446 1447 1448 
647: 79 854 
648: 649 
649: 648 
650: 
651: 190 568 652 
652: 190 568 651 
653: 35 654 655 656 657 658 894 
654: 653 655 656 
655: 35 56 57 653 654 656 657 658 775 864 865 866 894 1131 
656: 35 653 654 655 657 658 894 
657: 653 655 656 
658: 35 653 655 656 775 1131 
659: 660 661 662 
660: 659 661 662 
661: 659 660 662 
662: 659 660 661 
663: 664 665 666 667 678 793 794 795 
664: 663 665 666 667 678 
665: 663 664 666 667 
666: 663 664 665 667 
667: 663 664 665 666 
668: 669 
669: 668 
670: 671 672 
671: 670 722 
672: 670 
673: 674 
674: 673 
675: 516 517 
676: 444 677 
677: 444 676 1557 1558 1559 
678: 663 664 
679: 680 681 
680: 679 681 
681: 679 680 
682: 683 684 685 
683: 682 684 685 
684: 682 683 685 
685: 682 683 684 
686: 58 
687: 351 
688: 
689: 
690: 538 540 691 
691: 538 540 690 
692: 
693: 343 
694: 695 696 697 698 699 
695: 694 696 697 698 699 
696: 694 695 697 698 699 716 717 718 719 
697: 694 695 696 698 699 
698: 220 344 694 695 696 697 699 1146 1395 1396 1397 1398 
699: 694 695 696 697 698 
700: 446 
701: 97 702 703 
702: 97 701 703 
703: 97 701 702 
704: 
705: 706 707 708 
706: 705 707 708 
707: 705 706 708 
708: 705 706 707 
709: 95 97 98 100 
710: 70 72 73 98 711 
711: 70 98 710 
712: 88 89 
713: 643 714 
714: 643 713 
715: 
716: 696 717 718 719 
717: 696 716 718 719 
718: 696 716 717 719 
719: 696 716 717 718 
720: 721 753 754 
721: 720 
722: 671 1347 1455 
723: 
724: 725 726 727 
725: 724 726 727 
726: 724 725 727 
727: 724 725 726 
728: 
729: 
730: 137 588 
731: 732 
732: 731 
733: 734 735 
734: 733 735 
735: 733 734 
736: 
737: 72 738 
738: 72 737 
739: 73 444 
740: 444 
741: 
742: 
743: 294 295 524 744 745 746 747 932 933 1279 1357 
744: 294 295 743 745 932 933 1279 
745: 294 295 743 744 1279 1280 1281 1282 
746: 743 
747: 295 524 743 1029 1030 1357 
748: 749 
749: 748 
750: 
751: 752 
752: 751 
753: 720 754 
754: 720 753 
755: 756 
756: 755 
757: 35 79 758 759 760 761 762 763 764 765 766 776 893 1124 
758: 70 73 757 759 978 
759: 70 73 757 758 978 
760: 79 372 757 
761: 35 757 
762: 35 757 763 764 765 766 775 776 777 893 
763: 35 757 762 764 
764: 35 757 762 763 
765: 122 757 762 766 776 893 1256 
766: 122 757 762 765 776 893 1256 
767: 768 769 770 
768: 767 769 770 
769: 767 768 770 
770: 767 768 769 
771: 127 128 772 773 774 
772: 127 128 771 773 774 
773: 127 128 771 772 774 
774: 127 128 771 772 773 
775: 655 658 762 776 777 1131 
776: 757 762 765 766 775 777 893 
777: 762 775 776 
778: 779 
779: 778 
780: 
781: 497 782 
782: 497 781 
783: 
784: 632 785 1575 
785: 632 784 
786: 787 788 
787: 786 788 
788: 786 787 
789: 217 347 517 
790: 598 791 
791: 598 790 
792: 
793: 663 794 795 
794: 663 793 795 
795: 663 793 794 
796: 65 797 798 799 
797: 65 796 798 799 
798: 65 796 797 799 
799: 65 796 797 798 
800: 801 802 803 804 805 
801: 800 802 803 804 805 
802: 800 801 803 804 805 
803: 800 801 802 804 805 
804: 800 801 802 803 805 
805: 800 801 802 803 804 
806: 63 363 807 808 809 1071 1072 1073 1074 
807: 63 363 806 808 809 1017 1071 1072 1073 1074 
808: 63 363 806 807 809 1071 1072 1073 1074 
809: 63 806 807 808 
810: 811 
811: 810 
812: 
813: 814 
814: 813 
815: 816 817 
816: 815 817 
817: 815 816 
818: 819 
819: 818 
820: 821 
821: 820 1171 
822: 823 824 825 
823: 822 824 825 
824: 822 823 825 
825: 822 823 824 
826: 827 828 829 830 831 832 833 834 835 
827: 826 828 829 830 831 832 833 834 835 
828: 826 827 829 830 831 832 833 834 835 
829: 826 827 828 830 831 832 833 834 835 
830: 826 827 828 829 831 832 833 834 835 
831: 826 827 828 829 830 832 833 834 835 
832: 826 827 828 829 830 831 833 834 835 
833: 826 827 828 829 830 831 832 834 835 
834: 826 827 828 829 830 831 832 833 835 
835: 826 827 828 829 830 831 832 833 834 
836: 837 838 
837: 836 838 
838: 836 837 
839: 
840: 34 35 55 
841: 31 34 35 55 1191 1192 
842: 843 844 
843: 842 844 
844: 842 843 1274 1275 1276 1277 1537 
845: 846 847 848 
846: 845 847 848 
847: 845 846 848 
848: 845 846 847 
849: 850 
850: 849 
851: 852 853 
852: 851 853 
853: 851 852 
854: 79 647 
855: 
856: 857 858 
857: 856 858 
858: 856 857 
859: 
860: 107 
861: 295 862 863 1465 1466 1467 1468 
862: 861 863 
863: 861 862 
864: 655 865 
865: 655 864 
866: 35 655 
867: 372 868 
868: 372 867 
869: 
870: 
871: 872 873 874 875 
872: 871 873 874 875 
873: 871 872 874 875 1269 
874: 871 872 873 875 
875: 871 872 873 874 
876: 
877: 
878: 879 880 881 882 
879: 878 880 881 882 
880: 878 879 881 882 
881: 878 879 880 882 
882: 878 879 880 881 
883: 1340 
884: 885 886 
885: 884 886 
886: 884 885 
887: 888 
888: 887 
889: 890 891 
890: 889 891 
891: 889 890 
892: 
893: 757 762 765 766 776 
894: 56 57 653 655 656 
895: 31 328 403 
896: 897 898 899 900 
897: 896 898 899 900 
898: 896 897 899 900 
899: 896 897 898 900 
900: 896 897 898 899 
901: 902 903 1319 
902: 901 903 
903: 901 902 
904: 905 906 
905: 904 906 
906: 904 905 
907: 908 
908: 907 
909: 266 267 269 308 
910: 911 912 
911: 910 912 
912: 910 911 
913: 914 915 916 917 918 
914: 913 915 916 917 918 1001 1202 1203 1204 1205 1206 1207 1208 1209 
915: 913 914 916 917 918 1202 1207 1208 1209 
916: 913 914 915 917 918 1202 1207 1208 1209 
917: 913 914 915 916 918 1001 1202 1203 1204 1205 1206 1207 1208 1209 1257 1258 
918: 913 914 915 916 917 
919: 172 
920: 
921: 922 
922: 921 
923: 416 
924: 925 926 
925: 924 926 
926: 924 925 
927: 178 
928: 244 1519 1520 1521 
929: 
930: 931 
931: 930 1419 
932: 294 295 743 744 933 934 1176 1177 1357 1369 1370 
933: 294 295 743 744 932 1369 1370 
934: 932 
935: 56 57 
936: 118 937 938 939 
937: 118 936 938 939 
938: 118 936 937 939 
939: 118 936 937 938 
940: 
941: 479 
942: 943 944 
943: 942 944 
944: 942 943 
945: 264 266 267 269 946 
946: 264 266 267 269 945 
947: 2 
948: 949 1272 1273 
949: 948 
950: 951 
951: 950 
952: 953 954 955 
953: 952 954 955 
954: 952 953 955 
955: 952 953 954 
956: 195 957 
957: 195 956 1136 1137 1138 1139 
958: 959 960 
959: 958 960 
960: 958 959 
961: 962 963 
962: 961 963 
963: 961 962 
964: 152 518 965 
965: 152 518 964 
966: 967 968 969 970 971 
967: 966 968 969 970 971 
968: 966 967 969 970 971 
969: 966 967 968 970 971 
970: 966 967 968 969 971 
971: 966 967 968 969 970 
972: 
973: 974 
974: 301 973 990 1003 1004 1005 
975: 976 977 
976: 975 977 
977: 89 975 976 1130 
978: 70 73 758 759 
979: 980 
980: 979 
981: 982 983 
982: 981 983 
983: 981 982 
984: 985 986 987 
985: 473 474 984 986 987 1092 1093 
986: 474 984 985 1093 
987: 984 985 
988: 989 
989: 988 
990: 974 
991: 
992: 89 
993: 994 
994: 993 
995: 996 997 998 999 
996: 995 997 998 999 
997: 995 996 998 999 
998: 995 996 997 999 
999: 995 996 997 998 
1000: 1001 
1001: 255 256 914 917 1000 1202 1203 1204 1205 1206 1505 1515 
1002: 
1003: 974 1004 1005 
1004: 974 1003 1005 
1005: 974 1003 1004 
1006: 79 
1007: 1008 
1008: 1007 
1009: 34 52 
1010: 1011 
1011: 1010 1046 
1012: 1013 
1013: 1012 
1014: 1015 
1015: 1014 
1016: 
1017: 63 807 1072 
1018: 1019 1307 1308 1309 1310 
1019: 1018 1304 1305 1306 1307 1308 1309 1310 
1020: 
1021: 
1022: 128 129 1023 1024 
1023: 128 129 1022 1024 
1024: 128 129 1022 1023 
1025: 54 1026 
1026: 54 1025 
1027: 304 1028 1417 1418 
1028: 1027 
1029: 295 747 1030 
1030: 295 747 1029 
1031: 122 551 
1032: 1033 
1033: 1032 
1034: 1035 
1035: 1034 
1036: 1037 1038 1039 
1037: 1036 
1038: 1036 1039 
1039: 1036 1038 
1040: 309 1041 
1041: 309 1040 
1042: 217 219 225 
1043: 1044 1045 
1044: 1043 1045 
1045: 1043 1044 
1046: 1011 
1047: 483 
1048: 13 1049 1050 1051 
1049: 13 1048 1050 1051 
1050: 13 1048 1049 1051 
1051: 13 1048 1049 1050 
1052: 
1053: 1054 
1054: 1053 
1055: 1056 1057 1058 1059 
1056: 1055 
1057: 1055 1058 1059 
1058: 1055 1057 1059 
1059: 1055 1057 1058 
1060: 
1061: 1062 1063 1064 1065 1066 1067 1068 1069 1070 1413 
1062: 1061 1063 1064 1065 1066 1067 1068 1069 1070 
1063: 1061 1062 1064 1065 1066 1067 1068 1069 1070 
1064: 1061 1062 1063 1065 1066 1067 1068 1069 1070 
1065: 1061 1062 1063 1064 1066 1067 1068 1069 1070 
1066: 1061 1062 1063 1064 1065 1067 1068 1069 1070 
1067: 1061 1062 1063 1064 1065 1066 1068 1069 1070 
1068: 1061 1062 1063 1064 1065 1066 1067 1069 1070 
1069: 1061 1062 1063 1064 1065 1066 1067 1068 1070 
1070: 1061 1062 1063 1064 1065 1066 1067 1068 1069 
1071: 63 806 807 808 1072 1073 1074 
1072: 63 363 806 807 808 1017 1071 1073 1074 
1073: 63 806 807 808 1071 1072 1074 
1074: 63 806 807 808 1071 1072 1073 
1075: 228 
1076: 
1077: 
1078: 
1079: 1080 
1080: 1079 
1081: 
1082: 282 
1083: 70 1084 
1084: 70 1083 
1085: 1 2 
1086: 
1087: 517 1088 
1088: 517 1087 1089 1090 
1089: 152 517 1088 
1090: 517 1088 
1091: 
1092: 473 474 985 
1093: 474 985 986 
1094: 1095 1096 1097 
1095: 1094 1096 1097 
1096: 1094 1095 1097 
1097: 1094 1095 1096 
1098: 1099 1100 
1099: 1098 1100 
1100: 1098 1099 
1101: 
1102: 1103 1104 
1103: 1102 1104 
1104: 1102 1103 
1105: 
1106: 1107 1108 1109 1110 1111 1112 1113 1114 
1107: 1106 1108 1109 1110 1111 1112 1113 1114 
1108: 1106 1107 1109 1110 1111 1112 1113 1114 1358 1359 1412 
1109: 1106 1107 1108 1110 1111 1112 1113 1114 
1110: 1106 1107 1108 1109 1111 1112 1113 1114 
1111: 1106 1107 1108 1109 1110 1112 1113 1114 
1112: 1106 1107 1108 1109 1110 1111 1113 1114 
1113: 1106 1107 1108 1109 1110 1111 1112 1114 
1114: 1106 1107 1108 1109 1110 1111 1112 1113 
1115: 1116 
1116: 1115 
1117: 1118 1119 1120 1121 
1118: 1117 1119 1120 1121 
1119: 1117 1118 1120 1121 
1120: 1117 1118 1119 1121 
1121: 1117 1118 1119 1120 1516 1517 1518 
1122: 79 1123 
1123: 79 1122 
1124: 79 757 
1125: 248 416 1126 
1126: 248 416 1125 
1127: 
1128: 1129 
1129: 1128 
1130: 977 
1131: 35 655 658 775 
1132: 1133 
1133: 1132 
1134: 1135 
1135: 1134 
1136: 195 957 1137 1138 1139 
1137: 195 957 1136 1138 
1138: 195 957 1136 1137 
1139: 195 957 1136 
1140: 1141 
1141: 1140 
1142: 1143 
1143: 1142 1489 1490 
1144: 
1145: 
1146: 220 222 344 698 1283 1284 1395 1396 1397 1398 1561 1562 
1147: 1148 1149 1150 1151 
1148: 1147 1149 1150 1151 
1149: 1147 1148 1150 1151 
1150: 1147 1148 1149 1151 
1151: 1147 1148 1149 1150 
1152: 
1153: 1154 1155 1156 1157 1158 1159 1160 1161 
1154: 1153 1155 1156 1157 1158 1159 1160 1161 
1155: 1153 1154 1156 1157 1158 1159 1160 1161 
1156: 1153 1154 1155 1157 1158 1159 1160 1161 
1157: 1153 1154 1155 1156 1158 1159 1160 1161 
1158: 1153 1154 1155 1156 1157 1159 1160 1161 
1159: 1153 1154 1155 1156 1157 1158 1160 1161 
1160: 1153 1154 1155 1156 1157 1158 1159 1161 
1161: 1153 1154 1155 1156 1157 1158 1159 1160 
1162: 
1163: 115 187 1164 1414 1415 1416 
1164: 115 1163 
1165: 1166 
1166: 1165 
1167: 259 260 1168 
1168: 259 260 1167 
1169: 1170 
1170: 1169 
1171: 821 
1172: 
1173: 79 
1174: 
1175: 
1176: 932 1177 
1177: 932 1176 
1178: 97 151 
1179: 151 282 1343 
1180: 
1181: 590 591 592 1182 
1182: 590 591 592 1181 
1183: 303 
1184: 
1185: 1186 1187 
1186: 1185 1187 
1187: 1185 1186 
1188: 
1189: 
1190: 328 329 
1191: 34 35 55 841 1192 
1192: 34 35 55 841 1191 
1193: 
1194: 1195 
1195: 1194 
1196: 79 1197 1198 
1197: 79 1196 1198 
1198: 79 1196 1197 
1199: 1200 1201 
1200: 1199 1201 
1201: 1199 1200 
1202: 914 915 916 917 1001 1203 1204 1205 1206 1207 1208 1209 1257 1258 
1203: 914 917 1001 1202 1204 1205 1206 
1204: 914 917 1001 1202 1203 1205 1206 
1205: 914 917 1001 1202 1203 1204 1206 
1206: 914 917 1001 1202 1203 1204 1205 
1207: 914 915 916 917 1202 1208 1209 
1208: 914 915 916 917 1202 1207 1209 
1209: 914 915 916 917 1202 1207 1208 
1210: 1211 1212 1213 
1211: 1210 1212 1213 
1212: 1210 1211 1213 
1213: 1210 1211 1212 
1214: 
1215: 331 1216 1217 1218 
1216: 331 1215 1217 1218 
1217: 331 1215 1216 1218 
1218: 331 1215 1216 1217 
1219: 1220 
1220: 1219 
1221: 
1222: 151 501 
1223: 1224 1225 
1224: 1223 1225 
1225: 1223 1224 
1226: 1227 1228 1346 
1227: 1226 
1228: 1226 
1229: 34 55 133 1230 
1230: 34 55 133 1229 
1231: 245 
1232: 1233 
1233: 1232 
1234: 416 1235 
1235: 416 1234 
1236: 482 1237 
1237: 482 1236 
1238: 1239 
1239: 1238 
1240: 548 
1241: 1242 
1242: 1241 
1243: 1244 
1244: 1243 
1245: 483 1246 1247 1248 
1246: 483 1245 1247 1248 
1247: 483 1245 1246 1248 
1248: 483 1245 1246 1247 
1249: 1250 
1250: 1249 
1251: 482 1252 
1252: 482 1251 
1253: 1254 1255 
1254: 1253 1255 
1255: 1253 1254 
1256: 122 765 766 
1257: 917 1202 1258 
1258: 917 1202 1257 
1259: 1260 
1260: 1259 
1261: 1262 1263 
1262: 1261 1263 
1263: 1261 1262 
1264: 376 377 378 
1265: 1266 1267 1268 
1266: 1265 1267 1268 
1267: 1265 1266 1268 
1268: 1265 1266 1267 
1269: 873 
1270: 
1271: 321 322 
1272: 948 1273 
1273: 948 1272 
1274: 844 1275 1276 1277 
1275: 844 1274 1276 1277 
1276: 844 1274 1275 1277 
1277: 844 1274 1275 1276 
1278: 
1279: 294 295 743 744 745 
1280: 745 1281 1282 
1281: 745 1280 1282 
1282: 745 1280 1281 
1283: 220 1146 1284 
1284: 220 1146 1283 
1285: 
1286: 
1287: 1288 1289 1290 1291 1365 1366 1367 1368 
1288: 1287 1289 1290 1291 
1289: 1287 1288 1290 1291 
1290: 1287 1288 1289 1291 
1291: 1287 1288 1289 1290 
1292: 
1293: 1294 1295 
1294: 1293 1295 
1295: 1293 1294 1378 1379 
1296: 34 376 377 378 
1297: 
1298: 
1299: 1300 
1300: 1299 
1301: 
1302: 
1303: 
1304: 1019 1305 
1305: 1019 1304 
1306: 1019 
1307: 1018 1019 1308 1309 1310 
1308: 1018 1019 1307 1309 1310 
1309: 1018 1019 1307 1308 1310 
1310: 1018 1019 1307 1308 1309 
1311: 1312 
1312: 1311 
1313: 1314 1315 1316 1317 
1314: 1313 1315 1316 1317 
1315: 1313 1314 1316 1317 
1316: 54 1313 1314 1315 1317 1469 1470 1471 
1317: 1313 1314 1315 1316 
1318: 
1319: 901 
1320: 
1321: 1322 
1322: 1321 
1323: 525 
1324: 1325 1326 
1325: 1324 1326 
1326: 1324 1325 
1327: 1328 
1328: 1327 
1329: 1330 
1330: 1329 
1331: 
1332: 1333 1334 
1333: 1332 1334 
1334: 1332 1333 
1335: 
1336: 1337 1338 1339 
1337: 1336 1338 1339 1420 
1338: 1336 1337 1339 
1339: 1336 1337 1338 
1340: 883 
1341: 
1342: 518 
1343: 151 282 1179 
1344: 282 1345 
1345: 282 1344 
1346: 1226 
1347: 722 
1348: 378 1349 
1349: 378 1348 
1350: 363 1351 1352 1353 
1351: 363 1350 1352 1353 
1352: 363 1350 1351 1353 
1353: 363 1350 1351 1352 
1354: 
1355: 1356 
1356: 1355 
1357: 524 743 747 932 1358 1359 1360 
1358: 1108 1357 1359 1412 
1359: 1108 1357 1358 1412 
1360: 1357 
1361: 1454 
1362: 47 429 1363 
1363: 47 429 1362 
1364: 47 
1365: 1287 1366 1367 1368 
1366: 1287 1365 1367 1368 
1367: 1287 1365 1366 1368 
1368: 1287 1365 1366 1367 
1369: 294 295 932 933 1370 
1370: 294 295 932 933 1369 
1371: 1372 
1372: 1371 
1373: 1374 
1374: 1373 
1375: 1376 1377 
1376: 1375 1377 
1377: 1375 1376 
1378: 1295 1379 
1379: 1295 1378 
1380: 
1381: 
1382: 77 523 
1383: 
1384: 
1385: 195 1386 
1386: 195 1385 
1387: 1388 
1388: 1387 
1389: 
1390: 330 548 
1391: 1392 1393 
1392: 1391 1393 
1393: 1391 1392 
1394: 
1395: 220 344 698 1146 1396 1397 1398 
1396: 220 344 698 1146 1395 1397 1398 
1397: 220 344 698 1146 1395 1396 1398 
1398: 220 344 698 1146 1395 1396 1397 
1399: 315 
1400: 1401 1402 1403 1404 
1401: 1400 1402 1403 1404 
1402: 1400 1401 1403 1404 
1403: 1400 1401 1402 1404 
1404: 1400 1401 1402 1403 
1405: 328 417 1406 1407 1408 1409 
1406: 328 417 1405 1407 1408 1409 
1407: 328 417 1405 1406 1408 1409 
1408: 328 417 1405 1406 1407 1409 
1409: 328 417 1405 1406 1407 1408 
1410: 497 1411 
1411: 497 1410 
1412: 1108 1358 1359 
1413: 1061 
1414: 187 1163 1415 1416 
1415: 187 1163 1414 1416 
1416: 187 1163 1414 1415 
1417: 304 1027 1418 
1418: 304 1027 1417 
1419: 931 
1420: 1337 
1421: 1422 1423 1424 
1422: 1421 1423 1424 
1423: 1421 1422 1424 
1424: 1421 1422 1423 
1425: 10 1426 
1426: 10 1425 
1427: 1428 1429 
1428: 1427 1429 
1429: 1427 1428 
1430: 646 1431 1432 1433 1434 1435 1436 1437 1438 1439 1440 1441 1442 1443 1444 1445 1446 1447 1448 1449 
1431: 646 1430 1432 1433 1434 1435 1436 1437 1438 1439 1440 1441 1442 1443 1444 1445 1446 1447 1448 1449 
1432: 646 1430 1431 1433 1434 1435 1436 1437 1438 1439 1440 1441 1442 1443 1444 1445 1446 1447 1448 1449 
1433: 646 1430 1431 1432 1434 1435 1436 1437 1438 1439 1440 1441 1442 1443 1444 1445 1446 1447 1448 
1434: 646 1430 1431 1432 1433 1435 1436 1437 1438 1439 1440 1441 1442 1443 1444 1445 1446 1447 1448 
1435: 646 1430 1431 1432 1433 1434 1436 1437 1438 1439 1440 1441 1442 1443 1444 1445 1446 1447 1448 
1436: 646 1430 1431 1432 1433 1434 1435 1437 1438 1439 1440 1441 1442 1443 1444 1445 1446 1447 1448 
1437: 646 1430 1431 1432 1433 1434 1435 1436 1438 1439 1440 1441 1442 1443 1444 1445 1446 1447 1448 
1438: 646 1430 1431 1432 1433 1434 1435 1436 1437 1439 1440 1441 1442 1443 1444 1445 1446 1447 1448 
1439: 646 1430 1431 1432 1433 1434 1435 1436 1437 1438 1440 1441 1442 1443 1444 1445 1446 1447 1448 
1440: 646 1430 1431 1432 1433 1434 1435 1436 1437 1438 1439 1441 1442 1443 1444 1445 1446 1447 1448 
1441: 646 1430 1431 1432 1433 1434 1435 1436 1437 1438 1439 1440 1442 1443 1444 1445 1446 1447 1448 
1442: 646 1430 1431 1432 1433 1434 1435 1436 1437 1438 1439 1440 1441 1443 1444 1445 1446 1447 1448 
1443: 646 1430 1431 1432 1433 1434 1435 1436 1437 1438 1439 1440 1441 1442 1444 1445 1446 1447 1448 
1444: 646 1430 1431 1432 1433 1434 1435 1436 1437 1438 1439 1440 1441 1442 1443 1445 1446 1447 1448 
1445: 646 1430 1431 1432 1433 1434 1435 1436 1437 1438 1439 1440 1441 1442 1443 1444 1446 1447 1448 
1446: 646 1430 1431 1432 1433 1434 1435 1436 1437 1438 1439 1440 1441 1442 1443 1444 1445 1447 1448 
1447: 646 1430 1431 1432 1433 1434 1435 1436 1437 1438 1439 1440 1441 1442 1443 1444 1445 1446 1448 
1448: 646 1430 1431 1432 1433 1434 1435 1436 1437 1438 1439 1440 1441 1442 1443 1444 1445 1446 1447 
1449: 1430 1431 1432 
1450: 1451 
1451: 1450 
1452: 282 284 
1453: 217 
1454: 1361 
1455: 722 
1456: 483 
1457: 1458 1459 1460 
1458: 1457 1459 1460 
1459: 1457 1458 1460 
1460: 1457 1458 1459 
1461: 128 152 518 
1462: 56 57 
1463: 
1464: 
1465: 295 861 1466 1467 1468 
1466: 295 861 1465 1467 1468 
1467: 295 861 1465 1466 1468 
1468: 295 861 1465 1466 1467 
1469: 54 1316 1470 1471 
1470: 54 1316 1469 1471 
1471: 54 1316 1469 1470 
1472: 1473 1474 
1473: 1472 1474 
1474: 1472 1473 
1475: 1476 1477 
1476: 1475 1477 
1477: 1475 1476 
1478: 208 1479 
1479: 208 1478 
1480: 1481 
1481: 1480 
1482: 97 1483 
1483: 97 1482 
1484: 1485 1486 
1485: 1484 1486 
1486: 1484 1485 
1487: 1488 
1488: 1487 
1489: 1143 1490 
1490: 1143 1489 
1491: 
1492: 1493 1494 1541 1542 1543 
1493: 1492 
1494: 1492 1495 1541 1542 1543 
1495: 1494 
1496: 1497 
1497: 1496 
1498: 301 
1499: 83 
1500: 
1501: 240 1502 1503 1504 
1502: 240 1501 1503 1504 
1503: 240 1501 1502 1504 
1504: 240 1501 1502 1503 
1505: 1001 1506 1507 1508 1509 1510 1515 
1506: 1505 1507 1508 1509 1510 
1507: 1505 1506 1508 1509 1510 
1508: 1505 1506 1507 1509 1510 
1509: 1505 1506 1507 1508 1510 
1510: 1505 1506 1507 1508 1509 
1511: 
1512: 1513 1514 
1513: 1512 1514 
1514: 1512 1513 
1515: 1001 1505 
1516: 1121 1517 1518 
1517: 1121 1516 1518 
1518: 1121 1516 1517 
1519: 244 928 1520 1521 
1520: 244 928 1519 1521 
1521: 244 928 1519 1520 
1522: 
1523: 1524 
1524: 1523 
1525: 
1526: 1527 
1527: 1526 
1528: 
1529: 
1530: 34 55 
1531: 1532 
1532: 1531 
1533: 10 
1534: 531 532 533 1535 1536 
1535: 531 532 533 1534 1536 
1536: 531 532 533 1534 1535 
1537: 844 
1538: 1539 1540 
1539: 1538 1540 
1540: 1538 1539 
1541: 1492 1494 1542 1543 
1542: 1492 1494 1541 1543 
1543: 1492 1494 1541 1542 
1544: 1545 
1545: 1544 
1546: 1547 1548 1549 
1547: 1546 1548 1549 
1548: 1546 1547 1549 
1549: 1546 1547 1548 
1550: 309 
1551: 34 35 55 1552 
1552: 34 35 1551 
1553: 
1554: 295 1555 1556 
1555: 295 1554 1556 
1556: 295 1554 1555 
1557: 677 1558 1559 
1558: 677 1557 1559 
1559: 677 1557 1558 
1560: 
1561: 220 1146 1562 
1562: 220 1146 1561 
1563: 63 64 1564 1565 1566 1567 1568 
1564: 63 64 1563 1565 1566 1567 1568 
1565: 63 64 1563 1564 1566 1567 1568 
1566: 63 64 1563 1564 1565 1567 1568 
1567: 63 64 1563 1564 1565 1566 1568 
1568: 63 64 1563 1564 1565 1566 1567 
1569: 1570 
1570: 1569 
1571: 338 632 1572 1573 1574 
1572: 338 632 1571 1573 1574 
1573: 338 632 1571 1572 1574 
1574: 338 632 1571 1572 1573 
1575: 632 784 
1576: 1577 1578 1579 
1577: 1576 1578 1579 
1578: 1576 1577 1579 
1579: 1576 1577 1578 
1580: 631 632 
1581: 1582 
1582: 1581 
1583: 
1584: 1585 
1585: 1584 
1586: 1587 1588 
1587: 1586 
1588: 1586 
1589: 77 523 
